5211
8576
2787
5685
7490
1640
7541
9183
8605
7855
6455
2395
4982
306
5461
1283
9076
8738
8757
1272
6871
8065
1606
6944
4843
5905
6119
8365
9579
7634
8919
6487
3015
8823
2190
6694
8248
2576
5401
4309
7150
5569
1399
2352
4748
7227
8017
4885
1544
3585
1549
9358
6572
1832
1720
3535
5597
9809
8002
3328
4065
6402
6434
8719
9306
4273
1049
4318
8681
1394
8963
4171
1070
7224
5128
9463
3537
9891
7473
7800
8213
4690
7999
3049
1748
8416
1158
6558
3907
1035
5522
2333
5489
6026
2210
9935
7572
6404
1821
5940
2649
7196
2172
341
2785
84
5006
8723
7775
2748
5131
9685
3274
1134
6690
4056
6618
6467
1904
7964
9721
9220
8632
318
4794
789
8355
4706
6340
4011
3958
7682
1528
3700
2780
6913
9210
7113
9766
127
3264
7573
2515
2268
1711
6556
9949
4257
7448
3244
810
4519
2278
3073
3374
7100
6970
9193
1881
7319
5879
2129
987
2868
651
4048
7937
1817
1178
9425
1124
8427
2231
7531
9743
5808
3690
5530
6034
8583
9228
602
737
7558
5121
1656
8524
1280
3647
1416
3972
4350
578
3521
7540
9946
3928
8358
7094
8896
6149
5938
1963
857
5069
5539
5499
1893
4815
4751
2039
9432
9787
9402
1100
723
7400
3032
6214
3799
7348
216
1649
1285
6431
363
1705
7391
8176
2635
8876
8639
5146
9791
662
5816
6492
5400
5322
49
1355
601
7112
415
3197
5101
4106
9272
2903
1302
6610
903
8810
8325
9960
1675
6665
1345
9407
5301
655
361
4390
970
6939
350
1074
9283
8014
6401
2946
9772
8917
1888
6463
7537
2267
6847
1201
2741
2000
7664
8271
272
4994
1909
7145
1046
1621
9101
9415
4209
7054
565
8731
6753
9603
9599
4970
2836
1687
5852
7938
32
2337
117
9948
9065
732
3641
4895
3354
6488
5261
6537
116
2652
4430
8220
7853
2521
3667
2870
8238
8640
4703
7758
6112
5310
1174
7526
5112
1247
809
5899
6254
501
605
901
2198
2335
2294
7061
7410
3088
758
3143
1103
107
7321
9992
3406
3201
6553
5017
321
7078
6130
2089
464
6687
9500
9917
2793
690
1343
4531
4849
8815
9198
6892
9954
2638
9779
1512
3583
4701
7857
7213
224
928
3758
3093
8734
2937
1680
956
4617
3036
4186
9565
9180
1113
1249
2028
8235
1575
7288
9100
9191
6861
8715
8740
7068
3753
6496
1850
8542
7380
5081
2383
7994
5003
7388
1028
2640
326
7902
4068
588
1736
4255
7427
4288
9614
473
9633
5127
4349
5824
63
6349
4641
757
5721
2926
9559
9347
4389
9156
2606
2279
4716
2060
7967
7503
911
3079
2074
8580
5543
9543
160
6785
9967
5644
3696
8612
1056
4406
7275
7529
3651
6245
9913
6829
9458
9808
2815
1876
9186
43
6058
2056
9405
1031
7966
2804
9564
5866
7390
8644
7766
1464
1847
2141
7865
8709
9825
498
3855
4400
8197
5021
5550
73
355
7141
5546
6086
6695
1385
947
2492
9753
4662
7479
8255
6169
1447
7692
6696
2022
7780
69
8584
2801
3029
2067
7082
5339
4497
9711
9147
8153
1743
8047
7594
4884
4033
3065
4893
5811
9278
3739
175
2428
4
8009
4225
2840
8186
2029
6215
1670
4189
8958
4539
3482
281
7074
7544
2332
1420
9693
4952
7466
4797
3875
9141
8843
859
3629
695
6027
395
9071
4974
98
4513
9651
9764
2987
2564
1957
7690
8482
8493
7714
7826
9348
5875
7077
9958
1098
2088
6937
3492
5295
3413
5985
516
9929
2152
9352
8229
3242
610
6175
8608
3223
2917
3419
9342
1882
8814
3034
2351
6870
3040
5023
9284
1970
8258
2768
5106
9670
3410
2014
4105
4001
677
5129
4999
7877
9499
1623
2740
1175
7477
4158
5200
1421
1136
9903
7734
8497
8992
7463
289
814
7592
322
7728
8236
4118
5648
8054
9144
2436
6547
7749
5329
1949
5151
2414
364
6400
6093
9675
8746
717
1633
7832
641
6225
5537
6510
4502
8304
1791
4472
831
2092
4039
9257
6282
8557
5071
5955
7509
1119
6137
2771
4275
2199
3325
704
4434
2389
86
3699
8865
1702
2222
3698
3679
4204
2924
8662
9782
4382
8494
7160
8432
6216
7941
9485
6554
8414
3192
8231
9893
7825
8866
3500
4135
591
3514
9176
3950
8773
8412
2408
8227
5410
9920
2624
8404
7170
9214
4433
2131
9470
3186
823
8551
9072
9530
9215
5266
8910
3853
9207
676
4073
8616
6210
9473
9398
9000
4071
4611
7157
59
8301
3505
8421
1924
4222
3568
7045
9611
71
6808
5289
4090
223
7066
6436
7799
1536
8152
9200
7862
7981
532
1043
8657
3804
489
2244
105
244
5457
3832
6459
2413
1189
9941
1793
5593
5741
5075
2695
7561
661
6032
9666
9143
773
4370
4774
4529
9291
6954
4766
5941
8909
1510
7485
1721
5893
4776
9984
9524
2547
8049
9083
5125
8418
3586
8283
2315
8592
4170
144
1429
1618
9773
4345
5534
8190
2723
2568
7343
9403
5509
9645
1973
6231
6812
9834
8665
4547
1040
3973
6144
7641
8090
2309
9631
4731
1014
1559
6325
6324
9254
8705
8480
7044
20
8130
3014
4654
4245
3384
7765
7718
8670
9712
8638
1366
6442
5319
342
3008
2888
3937
9093
212
8847
536
3840
5297
1594
8195
7951
6683
1938
8664
2698
5288
6827
2302
68
6042
9930
3642
7368
1261
3106
4764
2327
821
8899
5668
4526
7688
7279
8027
2043
3961
7933
5475
4681
3401
3398
3475
5634
5853
3522
2642
5346
9794
2209
9586
6880
5059
9821
4742
1402
4214
6567
8008
8812
9636
8461
1012
2614
137
1679
9060
7559
3504
1782
924
4542
9318
6641
1181
4968
7932
3344
6848
4625
8935
2716
3756
5356
1453
4420
883
6297
4635
520
9036
4392
9433
8694
2105
9454
9820
6820
7085
3305
4220
4150
4514
2189
260
7389
4762
714
1191
2889
8347
2462
940
5484
6738
4583
816
4022
4216
3254
8631
6480
722
3397
5705
6500
9978
1562
2104
529
1183
4937
7623
1635
3447
1776
5088
833
4368
5045
2981
4079
2986
1810
9517
8495
9289
6158
5885
761
8747
4044
5402
3881
1613
9987
7583
515
3191
5629
9224
2024
2188
1050
2877
2651
7547
9189
5898
8010
9520
3037
4140
2794
3207
8894
6792
4816
3062
8453
5735
3759
1797
880
5789
5906
3231
5028
2019
5987
3394
3746
7642
1885
958
218
9940
2623
1364
5798
2554
9327
9855
8338
6201
1414
5408
9305
3104
1062
6019
8743
829
552
5607
9754
5521
8444
5025
3606
8154
345
2237
1078
3728
5922
9121
9554
3107
8256
5746
6958
6769
2865
6631
5412
4491
4909
9914
7299
9862
9628
4516
8123
3056
5672
5271
9728
2954
6051
9308
52
483
8424
389
189
457
8533
5784
1531
9970
4346
3889
2063
5062
4182
55
1230
9054
3295
7633
1195
4725
481
541
3826
2217
2927
2783
4874
9853
9988
4668
7200
6741
1179
3909
5533
1259
8770
1584
280
4966
6178
2900
898
1250
3010
6716
3236
3669
8208
9966
237
6813
7097
2114
3485
2965
6082
2167
219
2905
2692
428
8395
5065
8999
5418
6088
9869
5728
3827
9242
8779
5299
2878
3660
1697
9768
9660
8983
2484
600
3773
3631
8479
7593
7332
8906
7234
9409
9187
9866
9950
1678
1105
8777
7039
288
48
480
524
255
4522
6923
4700
4437
7950
8496
1360
3105
2860
1277
4644
7286
6078
7187
3208
5245
6233
5619
5944
8516
5785
3126
2069
4454
354
5042
4356
7769
603
7038
9178
7267
9174
2546
1224
9638
509
6008
9128
7654
560
1403
5428
6855
7398
1425
5207
6347
3072
3185
6080
4629
9370
8184
2770
4911
7186
5953
7992
3407
3253
8106
1362
8635
7272
7685
5670
3620
8492
7612
5675
1523
886
750
5116
2631
3320
7450
4057
3687
1091
9255
6198
3317
5774
195
696
9763
8399
2678
2143
1393
645
6316
9538
5970
8813
3796
895
6070
2806
4295
6765
2093
9533
4438
7198
6307
4143
2696
6924
9778
4866
4092
2148
8845
2941
6972
3673
1984
2557
6648
1524
948
9661
4602
8753
34
7899
3851
1692
8448
5149
2948
31
6317
1497
749
7709
2588
1785
980
9596
766
2617
7962
8606
164
2584
9434
5937
3281
8177
7646
3628
8053
8568
1691
386
8732
7835
9909
1862
4590
6589
9707
1495
4557
8249
5580
4120
4499
2204
9921
8649
5487
4000
553
3839
6160
7617
6749
2348
1966
9158
861
6288
5174
2460
3313
4835
1619
1319
7135
7574
7210
4702
544
6729
4128
4378
6562
8244
8821
2026
6605
2523
1759
9145
8308
3564
8891
1716
3793
3326
4959
4333
6754
6394
920
9939
1245
8422
9982
6576
6372
7960
9094
9910
2359
5214
1556
8675
4511
4946
522
5387
3707
7492
4921
7896
3341
4470
4478
1612
5345
2046
8342
838
8833
5204
9539
3227
5653
9378
9811
5231
9634
2578
9697
9123
7353
3721
7548
764
5508
9702
4447
9621
5284
2512
9496
6742
741
3571
7545
3592
731
3306
3357
4496
3007
1406
2776
2506
3509
8523
7872
3162
9213
4943
962
707
1469
535
3944
7754
1243
2968
978
9069
966
1148
3379
3663
577
2441
3451
2296
7598
3284
9945
7137
4136
3603
58
1998
2918
4873
3283
1593
9055
4418
2508
6409
753
8252
5624
6519
7048
548
6243
4759
6931
3861
2722
1870
2048
7478
6249
629
8907
1729
6678
7183
2370
4078
9807
5552
4133
2044
9806
3771
6441
5382
6381
5491
7317
4581
3468
496
5942
1381
6670
6096
8458
7501
2003
8097
4269
3774
9898
7328
6718
8462
2499
4586
6998
382
7842
5145
9443
733
9411
5657
7894
5367
1592
3405
316
9839
325
2101
3090
2650
4553
1892
5141
7727
6294
8183
8224
581
7809
1427
1498
7459
422
8305
6014
4194
4459
2659
6283
1053
9208
7117
5040
4633
4325
8760
6097
4792
1561
6822
2350
6255
7176
9548
7657
411
2034
6986
4870
559
3775
6993
6142
6795
1891
4320
4735
4066
2925
5503
2561
9011
7034
3646
447
2173
3109
5977
1320
5676
1188
6666
9489
6398
6303
1786
9560
4566
461
2911
4787
404
6272
3525
2448
6247
6258
380
923
251
4031
3238
1110
3710
2064
5037
965
2657
3111
7793
9285
448
2664
2709
6354
7318
5981
7948
6708
657
494
1180
1894
1504
1123
3798
9717
7553
7032
4569
197
7804
6508
9077
4846
1500
5500
5902
9024
4872
8285
9005
1260
4277
1316
3301
9708
8155
493
6305
8759
3949
4612
3819
6573
9872
252
5153
5505
3055
226
7974
2639
6531
9692
7818
1093
9875
6182
5076
3125
3941
4561
8405
8862
855
3516
5548
1228
4396
5036
6768
5393
3490
8423
6456
7691
1629
8646
2372
257
9858
3358
4683
2230
3094
3063
2402
5462
6190
1322
3026
6798
4354
385
7823
214
5390
3857
3002
8116
7295
194
9259
9502
2058
7869
6224
7408
6653
2253
4847
4004
5114
2185
4747
2895
7409
2107
3812
9111
1200
2054
304
3575
5136
8962
4172
9908
9780
7904
1639
1138
7216
5250
1574
2935
5545
7579
444
3924
1959
192
4558
3605
6165
5932
3337
1167
2717
408
7010
9053
2362
5821
7171
6676
9211
1141
7965
8110
6651
9469
8869
1059
400
1853
4355
273
7515
2743
4440
8145
3291
2249
7795
432
7837
6571
2765
6585
781
4781
366
1567
4292
8064
2894
2838
6512
510
8082
9710
8257
5968
367
205
683
7706
5994
4040
9557
4217
173
426
3779
7556
7393
1611
5911
4798
5908
1792
7462
8653
6162
6713
1287
5858
9468
381
3607
5802
6850
6059
1468
698
4763
2643
646
2745
9965
5625
8359
4852
337
2086
6045
3278
3081
1237
9046
9103
8260
8293
2921
2674
8711
9439
7454
327
5360
5602
8119
3899
649
4971
8948
3386
6766
5691
2153
7429
8900
7178
4070
4250
2171
6905
3180
3788
4996
6950
5376
7713
5370
3713
134
801
3962
4778
2213
8581
103
485
6228
8502
4267
6170
7815
619
2180
8859
8535
4825
6699
3189
231
6426
4800
7638
6748
1808
3938
1968
7704
4492
1935
2501
4666
4922
7430
1824
4084
1710
7205
1114
7487
3381
6794
3908
5754
6707
5117
8798
4840
5586
9057
4740
3211
786
3757
8758
5279
8650
5963
2602
4717
7060
1229
538
3617
8428
8442
2685
808
5720
111
5143
7772
7202
9610
8800
8364
3976
5635
8552
3910
851
9805
1683
8506
1032
7791
8237
1471
4085
7153
6131
7438
6671
172
7284
7802
9383
9139
4788
6264
95
4064
3224
2581
2699
8867
3616
8485
5074
4280
2301
5840
5636
930
9154
4164
4868
5421
3469
7667
7471
4116
5109
953
6652
5455
8827
7711
7214
3250
3802
6415
9612
5532
6525
6862
5264
1539
7208
1661
994
2076
93
5293
2206
774
7035
1347
1830
2522
6849
74
7372
642
820
4652
4283
2535
2035
9588
9955
919
542
9738
6624
9792
2914
771
2343
1193
9658
7674
1300
4423
8085
7322
847
7861
475
1859
1655
7905
4632
6012
5836
8438
1115
2848
4331
97
5498
362
9223
2697
4027
9897
5202
3844
971
1614
9523
2446
5716
5831
1337
4663
300
6379
8360
6956
1264
551
3653
4266
5296
8174
6470
9329
3921
1486
6151
3113
1578
1835
5743
4281
6326
3994
9793
3772
8330
6575
2433
2313
830
8407
6439
6840
6602
2909
9169
9587
4993
8109
9986
4584
311
8558
9300
7357
6018
1242
5188
2235
3321
2766
2323
5165
1263
7404
2166
700
4253
2632
4236
9902
6779
2480
3705
8873
2978
3498
9013
3234
9871
3943
8138
3867
8885
7151
9132
2864
3703
353
8933
6976
706
9847
9553
6964
8340
2096
4864
5217
3108
267
1689
5326
1758
3478
6179
6960
7310
8545
6174
4211
1067
2438
8861
2186
170
9931
2095
9367
5933
9801
884
6211
3230
8274
9972
1737
2422
5154
2648
7128
3349
3402
2662
191
7240
5444
9166
508
3865
3429
7770
3993
9694
8889
2971
6654
5257
1914
5419
3444
5019
369
174
8178
4260
8317
6636
2031
8477
7235
1718
950
8546
1770
4733
3929
6242
1507
3165
8931
1607
6994
5643
1960
8272
1257
3983
554
402
3092
2312
2219
8934
8976
7846
7455
837
711
9864
2934
2505
2630
4537
7486
2834
7166
7632
3539
9326
4818
7063
3688
1668
6747
9062
6851
6629
8373
3342
6759
9031
7991
150
5766
2082
8385
8716
4013
25
3248
1156
3964
5313
6990
3467
4228
681
5222
2272
5093
5886
5442
4757
4577
4727
9905
6515
29
8374
9408
7828
6513
1828
9550
9810
6453
6640
1659
2940
8908
6767
315
66
7538
7812
5448
1895
9096
26
2097
8687
4227
1534
4962
3228
8288
4902
2597
7144
9465
4696
9105
9441
2555
3488
9725
4534
6241
9384
6053
9153
6692
517
8023
6425
4484
7053
1462
2990
6722
9388
4659
7197
672
47
6909
9699
5083
4854
8122
7542
5990
4016
4256
8748
9098
1632
1595
5800
258
2447
3150
4202
2459
9649
3114
6578
8514
613
6371
101
9205
5137
1369
5274
4660
4694
1314
827
9495
9993
2161
2245
863
941
9662
1404
8352
4426
7073
7421
5574
9137
6894
4328
6038
8024
3122
744
3736
4237
3870
8309
9816
425
5860
9796
9624
2712
4103
433
7686
3810
9860
283
7676
6043
881
6805
1603
8519
9168
2871
3638
8076
4468
1357
4972
3979
6714
9813
8828
6345
6071
4483
7249
1223
9835
7392
8318
9767
1694
2412
6498
1479
9504
1519
6866
9368
6411
6704
8349
1842
3146
5094
1235
4967
7222
6369
1036
3781
6356
804
988
4139
3435
5772
7221
2536
7703
2530
9035
9516
3990
5000
4179
5799
5814
4958
3340
8409
1899
3133
2485
3012
8710
8947
3558
6035
7659
6615
5920
9568
8684
8205
6535
5628
4422
2387
4019
6413
9719
7484
7621
9734
2882
7680
2090
12
1518
9713
9918
2733
9844
1552
1452
148
7385
3371
7977
8678
3025
451
7266
1041
4012
7362
3513
6987
579
6929
3821
8298
6709
8831
4867
5524
8499
6219
5160
7121
7702
8586
7116
647
8202
8156
1363
606
8380
3512
2391
8348
1323
6474
3604
1344
1622
1069
445
5263
4009
3076
4473
6339
1665
1871
7095
8920
7852
3214
9239
9745
4364
5945
4424
5047
5394
5964
2613
6048
3877
2610
5881
3452
7806
4554
4321
8825
5449
8771
1532
6330
85
8521
4360
2474
4342
8624
9248
8073
5662
9783
9115
1887
7396
8690
993
1568
7417
674
28
5337
3298
8928
5422
2600
7880
2314
3501
9769
4789
1805
2280
708
3290
9669
8964
7699
4411
6155
671
185
5277
8449
2390
7560
3472
2928
9937
4585
6599
1843
1030
2904
8402
7859
7549
7442
6120
6127
110
3255
3554
9427
4357
4650
7978
3160
864
9852
2686
3045
331
3665
1020
1609
7203
3335
5573
3324
8982
6911
6705
5581
6810
8735
1303
740
3323
3503
701
3543
5453
87
1196
6734
6755
2473
4549
9117
4580
1726
4743
8987
5610
692
4224
3749
891
6680
1530
5506
9397
9788
2355
8952
8905
5544
1961
6995
8997
874
5308
6184
9597
1983
4351
4177
8936
9131
8954
7901
193
7162
8291
3720
1009
6949
3042
5847
3980
5999
584
545
1907
3258
2274
2038
7115
7189
4543
7315
3294
6843
9088
5915
3786
2331
2788
3360
2582
5120
4166
2796
6466
8890
5980
1873
6979
1444
2881
414
8960
7697
4259
8788
8874
7447
1332
9657
6364
2647
3846
1673
4614
7043
8511
7375
9799
5350
6020
2781
1756
1166
9925
5709
2562
7423
2952
8898
7358
8727
2936
1146
7716
5173
1501
5007
7165
7356
9216
8362
246
8609
726
633
1106
9459
462
9478
6338
4197
8103
242
6574
2254
1476
6250
3433
9287
5663
4813
497
1795
9227
682
229
1424
3536
8918
2813
2375
6545
269
1215
3440
9418
7868
7635
4025
7863
6927
6621
3470
8250
1274
1023
5645
1508
5931
6164
4538
6002
1072
1192
3411
6916
4161
1573
3047
8033
3579
2714
3137
8968
7750
460
2457
4312
3547
572
3269
7829
4024
6831
9933
7326
9943
3797
7971
5379
8163
4969
3963
5747
2761
3369
7324
5921
9471
213
660
6520
4373
2906
9085
3243
2947
5744
4627
5792
2284
405
6342
1271
122
8547
2775
9275
6897
5443
9849
3116
62
5638
9129
7524
2336
217
3282
2329
3004
4582
9544
3584
5693
5233
8096
1948
56
3210
9173
9656
298
1657
2861
4303
3383
3678
132
6377
1671
8392
5669
4477
1039
7875
2135
8232
6899
6004
3204
5450
5889
6882
6702
6095
8472
6302
2742
1630
4811
9961
6099
5584
7418
7297
1653
9182
7251
8159
334
3814
5518
748
1234
207
7763
582
1771
6529
1018
7979
984
960
1566
6563
5769
5848
5978
8803
5759
5011
4565
803
90
3621
788
594
9056
8643
8725
4929
2540
8564
7040
349
3544
7731
3103
7468
9188
8206
5027
9410
8517
5562
1162
9251
5469
3868
1352
8807
7913
6208
4003
6697
5388
4605
5241
2942
9867
6274
650
5698
6281
8730
8780
1579
114
4620
555
2224
557
5856
190
6265
4572
6786
3803
8856
9868
1211
5111
5152
5391
7271
6445
310
1615
9870
3075
9294
1470
3609
7307
4955
5901
9604
6292
9359
2356
2669
1762
9706
6290
8361
5764
7058
2261
6504
9737
779
3362
7088
1460
1915
5794
4376
1588
3266
4278
9922
2728
3356
7794
1547
3066
9078
6122
5303
6448
6816
379
1755
921
7790
5020
6033
8363
4285
8855
7665
1121
720
5398
3368
1749
8170
4551
5857
2036
2289
967
5577
3891
865
7694
2852
6358
3991
9192
7554
9826
3871
7264
1398
169
4270
3153
435
3187
7506
3363
8044
1214
9314
1301
1116
5740
9194
8431
7510
203
2611
9546
793
1571
9991
8633
5714
688
6953
1651
36
9241
1094
812
9070
2569
2612
3843
3704
8969
9389
1350
2242
9642
3184
6616
9848
6460
7195
2262
7681
2091
7080
3289
2079
778
1605
6007
1884
1506
7867
3659
7575
6187
8019
5884
4191
8276
2122
3013
7947
8795
3942
5843
9466
6550
6075
5386
8808
6124
8437
8441
1021
7969
1210
3118
1306
431
9073
5779
261
6188
8045
4247
8182
352
7796
3610
5171
4858
4673
6725
2592
184
2160
5404
942
6945
8012
1890
2149
5474
8286
4824
8728
3216
8029
8300
9016
8077
7062
9012
8739
227
8932
9947
3178
7833
9723
9010
6918
6081
518
1638
8107
452
6489
1739
2181
6386
876
407
4494
2786
5760
1282
2943
2127
4509
6239
7996
3912
9167
8279
9244
4485
1722
6383
1900
3046
8500
8851
9654
6023
6238
7435
6539
6528
5995
1212
3158
356
1233
4642
65
534
2174
9551
5892
1807
8245
4413
282
9310
9039
609
7333
1409
3336
7959
2475
6936
4695
9430
1238
7571
4638
7836
1766
2890
2898
6957
61
8745
3168
9828
469
5578
5496
5723
6895
6518
7263
580
5732
5411
7232
8939
436
4923
4933
4859
5706
7736
259
1946
678
2628
2305
276
9185
4206
7839
491
8674
4597
7906
7741
3567
1490
4226
590
9309
3486
5077
1999
1852
8842
5558
5755
6686
6298
1145
8216
2341
4210
3499
4036
5208
1431
9301
9448
6362
9777
7361
5527
2420
7022
5425
1599
5608
7092
7639
4745
9295
7816
4159
8191
4416
5051
4964
4684
4180
7323
9534
6793
2134
208
5519
2324
6834
5934
4467
6703
1256
9739
7350
2641
9640
5971
4372
8974
6060
7552
376
5575
5170
6877
6309
1044
5982
2944
4469
5517
6074
3099
5348
7597
4279
9426
8613
8988
596
3276
7892
1086
2552
3618
635
6230
7860
6898
3438
3339
7871
2263
4052
6784
9099
5095
6999
6234
7679
4883
4960
4332
9532
3711
8161
2533
1227
626
2994
7776
7652
4664
7129
2159
8927
4693
7148
5456
7127
9027
4945
3748
9323
6226
6756
5659
8108
2424
2558
3528
2583
9513
1422
3948
417
5305
1155
8133
1207
5876
4957
7252
8297
9556
6251
7282
4649
1912
9688
5377
7724
6633
8487
7968
2715
5752
6839
6857
5611
2850
6102
8673
8955
1775
1312
3018
736
869
8344
2684
6028
1336
9028
9302
7605
4976
2229
2421
5331
2899
957
399
9907
416
2109
6024
1932
6516
7838
1294
4691
5965
9394
6543
4115
6382
8832
4709
9238
4699
1449
5680
5603
2872
6180
4609
4100
392
6551
1811
7011
2817
2463
44
158
7024
3001
5554
6148
9727
9549
2045
3754
1329
3120
3466
2734
3776
684
4121
519
4317
916
4289
8455
6087
2880
5523
7287
7270
2537
5247
7335
9234
7822
8222
6464
3426
7705
4488
7013
4348
468
7241
8058
6761
6917
2136
6116
1525
279
3380
8839
6594
5283
4940
3507
2756
6227
845
9786
4005
3418
5725
868
1037
1455
8979
6375
5467
4083
4391
2831
9840
5979
8314
2825
5010
5315
5210
604
377
9450
640
3998
8052
5232
5053
5070
8343
373
9092
104
299
2298
3722
4567
5871
3110
4658
9552
5542
8038
5513
6869
2117
6289
4801
8185
2006
5703
4458
5686
6145
5770
7949
673
3902
7131
7220
8478
1927
9399
1372
8925
5514
2155
2687
5280
8575
9004
1149
4450
4239
4419
1911
8312
5015
5681
3608
3423
4648
2239
6030
7274
2982
4498
455
7643
118
8733
8587
9731
4221
9366
1600
3573
6588
7480
945
6193
5314
6319
7528
8641
4730
277
130
7975
4110
4621
4991
9850
1168
5887
30
1520
1919
1291
3630
2255
8316
3277
6593
2774
6052
9087
1861
1650
6731
5923
4453
8164
8175
2975
2738
3808
8667
4203
6664
1482
6844
665
5992
6647
2304
9681
3969
8857
5478
2124
3652
3044
5437
5864
983
6546
1799
5216
1735
9172
5373
6800
5175
8284
3251
9381
8853
1554
4193
3532
477
9477
6879
3128
3408
7283
9994
5150
9017
2078
5452
762
800
7402
6544
5874
79
9333
1315
7147
9824
9503
2591
1170
6744
145
7747
3177
1541
284
917
7701
5729
4749
5842
2192
7431
4726
4007
5655
1591
3895
954
7476
7091
5378
2989
6396
6407
1511
4069
4300
9175
6735
8784
6634
4615
7086
5399
4891
8990
7255
2883
6123
5797
2593
3848
989
1392
8141
512
4290
459
4049
8805
9623
1289
6639
2818
7406
2950
2394
9271
96
8207
7675
2596
3761
7199
6900
6662
1019
5967
7005
973
7342
4460
7031
7715
3164
6000
106
9822
5763
7915
2496
3006
1548
238
6176
8763
8538
2625
8922
7434
514
6107
7740
4661
9440
7256
2017
3071
9355
7588
2258
7980
3894
8998
9585
8221
1557
6988
8086
5591
2175
4190
7513
4445
7721
4386
1484
5600
5361
1340
908
8486
9985
3531
1576
7050
3551
4165
8783
1934
6833
211
6159
1624
5988
9377
1122
9006
3864
1709
3697
89
5731
8656
7494
4692
4238
6560
979
860
6564
4262
2627
1348
2893
4131
167
8004
3686
777
2705
4845
1491
3209
5576
6608
2401
368
9316
5416
893
4510
9665
3611
4451
8549
927
5431
2867
2066
8884
3791
8016
1075
3787
4613
4117
8986
5563
308
2667
9880
442
7604
4463
7109
976
9362
7269
7858
961
8226
4942
8892
9404
7710
8504
1321
8135
1265
2481
3434
7580
5384
3471
1496
7735
406
3400
8980
8544
7365
9149
1417
2673
5197
1845
1744
9528
6660
6928
937
8531
2334
3502
3316
2012
4992
3060
5212
3648
8902
6412
1222
2513
792
3377
4793
2300
5815
6335
3936
3735
5317
4129
7309
14
9873
5613
9112
1173
4178
9032
2511
964
4219
2790
9475
2823
1024
5711
6757
9414
2830
3733
4062
5616
5912
3640
5369
5107
4316
7636
4594
6803
5340
5223
8193
5323
4871
2784
5592
5148
4114
1777
1187
2238
1186
7036
2749
6481
9641
4838
713
4381
6668
8214
625
1298
222
9531
4188
2494
6902
6104
8
5466
5804
5357
6475
7474
454
1734
3205
1161
6763
3194
5868
7218
2287
8525
6758
3932
7428
3800
9322
8801
8075
7159
6711
1818
5381
8398
5512
6802
6240
1389
2120
1883
5495
3174
4107
6921
6479
5385
2126
7677
8129
7026
5043
5290
410
8852
5259
1248
1472
3068
2953
5949
9518
4475
4384
8375
3428
5783
7564
4983
2747
1505
3925
7897
2450
6505
7376
2458
4746
4034
1908
5287
3070
7238
9715
9104
1666
6983
3649
4297
9346
8573
4630
922
890
9577
5708
5035
8871
1863
616
8337
4401
1068
4160
92
403
8559
9482
5304
3221
8981
8261
6399
3970
6540
7898
6395
1299
3783
5633
7566
1273
6883
2897
5242
4086
9785
372
556
1958
8590
7184
398
330
2429
1586
3692
8474
1719
6090
2586
1778
5837
1685
456
1728
5260
3680
7300
4184
6
5529
2671
5423
1866
8408
1953
8006
2303
3074
8610
2538
6656
4521
5198
6140
6625
9311
4875
6890
5429
1977
8603
9601
3540
2666
5168
3226
3869
8095
3391
3481
8099
7738
7882
5179
4606
3883
8577
3312
7743
5997
9460
8228
2566
2111
2858
5405
8351
6684
5024
4427
7056
1428
6154
3901
6872
7595
2972
8706
8048
8567
4500
4286
1111
338
2144
7982
1290
3078
1370
5869
8005
3842
9165
6067
254
5656
6893
6598
9817
2322
3940
7957
2220
5699
4829
1120
1017
9267
813
6717
5882
8761
9802
8658
8339
2357
5104
2589
8243
9483
8354
3718
3562
253
6926
4347
8769
8091
1642
8383
3350
1388
2653
8476
900
3135
9108
1809
738
727
492
8026
4457
9464
5251
2724
1779
2755
37
4563
8522
5236
4830
9698
6098
6085
8561
6889
2789
3392
825
263
7760
7311
3465
5100
7042
3425
3179
9576
8411
119
5234
1921
9845
2839
1538
3946
9424
2405
8637
5244
5595
3446
3256
112
3820
4323
6783
7143
1055
5302
2560
2464
5697
8218
5243
4773
3590
6308
6942
3845
5157
7191
3806
8481
8120
4856
2970
2179
2264
4587
1943
3308
4215
9110
4981
4817
7030
5365
5520
4344
3480
8550
6433
7629
2835
1851
2721
8971
5682
975
8062
3613
5032
7987
8717
7412
2426
8028
7004
7768
1535
228
7602
4243
1254
5473
1704
1132
1688
7983
1669
7565
9915
2706
5810
1400
6422
8870
5641
9391
4294
9151
2700
6256
6461
7114
1129
5640
2577
265
5209
8394
9751
8737
88
1410
4765
3288
176
527
7093
1823
963
9345
592
5589
9774
4603
1820
8098
8796
8371
9652
4927
7219
239
4670
3299
3199
4425
7014
2225
5225
3549
9233
5849
8961
159
4021
7106
2514
1918
3572
5890
6912
2397
2661
2416
278
9744
5430
4435
9637
4248
4058
3805
5090
8797
3682
5256
6408
8147
3681
6405
4080
7037
2799
981
6469
1391
1765
537
6826
8959
3884
9299
8554
6886
7722
1016
5434
3829
9449
6483
5341
4917
710
9021
4880
4436
4903
9643
8973
926
5835
595
6458
802
5176
3338
8199
9618
9896
8776
7777
7497
4233
8806
7041
1690
4610
6101
3517
7325
7047
6237
2531
8425
4108
3059
1745
9995
4018
7589
4395
3414
5482
2966
785
3275
1493
7352
8007
2809
882
6700
8140
9292
1858
5311
6559
9647
3385
2824
5606
3203
1865
7893
1054
3190
8565
9592
9061
9511
7742
7483
8957
393
6280
7194
8037
8510
2622
2645
4806
3671
9690
3657
9762
1205
8820
2574
5161
8672
8916
3334
6548
2575
885
4471
5683
40
7990
1080
1025
8466
1354
9387
6257
3318
5702
5435
2396
9572
3222
1781
4834
3432
8046
287
8929
9003
9627
9413
1802
5991
6811
2057
686
5195
8223
7884
149
9997
9526
5952
1382
3035
7363
6579
6595
4550
4646
4548
5183
5267
4432
2251
4520
6207
4624
5696
6874
6922
2542
9127
8102
6348
1435
7831
4899
2837
387
8239
7370
6322
1375
9730
3458
9277
9307
985
9274
6968
8454
3524
3439
3866
6867
4045
9877
4335
1327
9646
3882
8074
7374
3862
1451
9075
6167
3445
1804
3454
5493
2842
6410
8268
4263
4076
2886
6205
3523
2764
3916
2011
9320
7631
8571
4240
5186
38
8848
6584
7069
9296
4568
8264
9222
8079
4768
9573
305
1563
9452
8307
9256
6152
9740
1774
314
168
1684
9895
5917
6444
9400
9976
6533
397
1526
3378
4162
7276
5285
1126
4878
1157
1011
7919
9135
5825
3639
6963
6685
7850
6204
6138
293
4213
4054
388
470
9263
9733
1057
850
8623
6438
5501
220
6878
4394
1589
5433
8642
2365
2403
2587
8367
1096
4525
7644
401
1708
8346
3285
8011
5918
6172
4176
9936
2002
3183
8001
5818
3725
7733
478
312
5742
6835
19
1199
8604
4112
9412
8417
3382
9361
6269
4077
2912
1099
9883
7562
9814
943
9130
1209
1703
7684
3157
7792
7301
9029
6486
3217
6581
365
7414
8838
2811
2156
7308
6896
3890
7630
1310
5205
4604
396
7939
5957
615
7797
4339
9501
3247
7339
7122
3181
9626
4343
9938
7292
7717
2320
9236
9064
9371
9444
8854
1637
6352
17
4669
421
4310
6933
3918
2087
2491
6524
7821
6797
5445
9122
862
7072
2243
3794
3656
6037
2010
2609
8460
3260
6057
887
8292
3016
6669
8397
8083
7076
9680
2257
576
3020
6580
7570
4075
1727
4032
4775
3506
7320
7523
486
5436
2023
178
2373
180
4540
3985
9048
7138
33
8410
1184
1515
6110
1860
8600
933
8386
6163
5013
2423
914
7123
3259
2232
7149
3751
9467
7908
6932
8949
3724
2004
6065
467
9682
7451
3220
4244
2147
2344
8659
6569
5005
4771
9401
235
9881
2626
2658
5650
3873
6260
6063
8269
9676
70
7453
9298
3615
3689
2295
7419
7111
7020
1326
8945
8655
6985
5144
8105
1676
3087
1789
8265
9899
8585
1952
4201
571
2483
209
5594
9479
5891
2524
1780
294
7064
2737
5549
2137
3520
4722
4298
6502
482
3807
5240
6437
6109
3596
1231
4934
6587
9540
4698
583
4030
4041
8697
6672
6351
5654
7298
7651
3978
9074
4986
4152
2384
4679
1083
3375
7124
3752
8270
1411
7305
1825
8020
8989
5710
9759
1902
6295
2694
2892
3399
3200
564
4340
5181
2636
4412
2598
1153
5215
4341
1051
3782
5486
1255
2282
2269
9509
8328
6845
1485
7329
6645
899
3249
3904
9249
4667
4264
3039
3412
6244
9653
6229
8376
6418
3193
2828
7018
3390
420
5364
1073
724
7843
7625
7986
2503
1090
1662
8944
2393
8114
4932
5192
3163
3588
2812
1969
2629
1307
6592
3625
913
2847
233
1390
9336
7211
879
8384
6321
3636
7177
8895
7415
2646
3212
5253
7923
7883
3599
5108
8368
8503
3526
8144
9063
2543
4304
2693
4910
4944
4918
5765
8765
2567
3130
9663
9265
1905
8594
1988
7578
8035
9512
5191
9369
9558
1442
8785
3442
7958
9798
7175
3171
8125
8536
5844
7866
5749
1990
3655
7748
3914
5167
952
2518
1244
6737
6701
9865
7521
7336
1218
705
4545
4053
9179
3450
1102
2545
179
6103
7168
3995
4947
1147
4954
5960
9705
4302
7425
4653
2380
301
7065
742
759
3623
931
157
1084
7782
2008
7786
5511
6329
4234
1494
784
9541
1784
4338
8025
7217
1313
2170
1672
6600
5291
3147
4334
21
307
5206
3252
8937
1317
7798
6743
2782
4810
567
5286
8081
5227
912
7228
9354
309
8350
9332
5946
9340
5147
8134
8868
9334
1433
5158
5900
3043
7457
6275
8168
795
9916
4877
9876
8539
7550
1246
1383
3850
5164
4271
6202
3188
5983
2125
100
3511
4924
6066
5894
621
7130
3565
488
6760
6746
5989
8703
794
8689
9644
3670
8752
8729
2644
6268
5830
7511
2062
9563
4369
9264
5030
2608
8088
1981
221
2541
6667
3726
9536
7071
2053
166
6421
797
5336
4523
4402
2615
6720
1473
4337
296
5132
1325
5962
2916
5907
1042
6788
8645
6121
2277
7420
7169
3329
5363
8712
5958
3977
3011
7456
856
6626
8372
8877
852
7285
2221
3148
1751
9026
4111
4480
5012
7656
9957
4175
5867
6607
2919
3676
9022
9136
6374
2150
7739
6776
5054
7441
7916
6577
5052
1477
7312
9250
3852
1855
9593
1457
6440
2534
8104
1601
3176
6318
1438
8602
2549
8463
2354
9041
3303
5782
8324
807
2119
7293
4820
3345
5819
2571
2273
1293
6715
3479
1699
7530
6246
8886
9107
2009
7864
3633
6527
1955
2938
8849
232
7648
1582
8972
6523
7910
5701
9429
7640
2690
5039
8051
6946
9571
7532
9170
694
1617
6279
248
8451
434
6266
6010
3854
7577
3706
8148
7817
3931
1923
858
1950
2992
5599
7289
7819
1545
6555
7525
5692
7841
7090
6935
4155
9217
3835
7132
7254
2958
8287
290
2283
437
5254
6655
3453
7049
5432
9091
6984
3149
5084
3684
1945
1349
9372
5048
1551
2345
8835
7449
8744
1338
3297
3825
4167
7416
8598
9162
3708
7693
8101
6552
9629
4645
1412
8198
495
138
340
7607
3443
5325
8772
4060
5515
4596
9797
1026
3508
8792
5712
8526
867
4631
2907
5420
5140
6270
1007
2077
1933
8722
6414
6658
3582
3257
102
8887
8209
904
526
1330
4442
8072
9356
3182
9312
7590
4327
9732
8676
5570
7848
3693
2193
81
9160
7163
7805
1560
8622
5
5441
6056
9904
3723
4192
6147
6770
4591
666
8459
2526
3859
4059
7399
5306
8306
9212
8491
3263
2037
146
7108
4907
6040
7603
687
811
4235
3140
2339
2819
9086
6570
2856
3330
22
1082
7895
3100
9253
9422
1527
1648
7002
8532
8403
1077
3955
6465
3240
6819
9735
2139
5730
9
4882
285
1221
1570
2908
7601
6435
3292
5913
6312
5196
2194
4651
5737
6724
4287
3314
156
6447
6353
2281
8323
346
8677
7146
4482
7278
9514
2803
2599
7803
3777
2369
8242
5180
474
3527
8634
7242
6209
5471
2227
9830
653
9435
4050
4137
7075
3816
6630
3167
8663
1418
5451
4405
465
3965
6061
6168
1380
8756
5745
2276
7944
5333
7025
598
9765
2585
4657
6212
8230
2306
6129
3992
9674
2347
2248
8167
7757
9736
1204
6875
2777
7055
669
8850
871
7172
8322
5688
8541
7207
9535
8319
6015
8751
7581
4196
7507
6689
9968
1872
7236
3790
4043
1922
9609
5690
2290
466
3198
5845
8303
5064
6077
3096
4850
3552
3683
6186
3988
6368
1753
566
2726
45
8157
2288
1108
6432
2330
7394
236
1971
7787
7551
1288
2431
866
9337
8966
2443
7505
6462
3831
8863
4809
7000
589
9598
124
1013
9262
2559
2939
143
5674
6681
3129
6092
1979
8648
8505
303
5016
5262
1558
1783
360
6661
6337
2132
1800
8267
390
4841
1803
7023
109
2979
2973
9892
9428
999
780
5904
8881
7294
8562
9420
8529
453
4229
6530
6417
1341
8707
4546
5464
8366
8685
8956
5695
9373
4985
502
8574
3917
2318
6301
6824
7354
7764
7943
3847
9442
4803
6291
9691
5275
628
7600
4081
977
4042
9068
4501
7488
6951
9790
1152
2030
8826
1840
7615
8570
7624
2140
6419
3838
2846
1628
5516
6370
7155
1636
4574
177
6293
4990
3886
9746
4905
1992
9155
9451
3119
9716
1798
8067
5230
2266
6868
6941
3246
7807
8507
5587
7193
4063
2879
3635
9630
9703
8196
9566
3319
8680
1740
5525
2200
663
4517
2752
1693
8984
1045
7470
7535
6391
4187
8406
5614
2182
141
8233
2820
3811
3310
6966
9999
1368
7726
3463
7539
7668
6044
3734
2157
3780
3134
5347
4015
3322
2113
3957
9622
9679
3538
6728
499
1854
2470
9067
4823
9859
6262
6649
7257
4183
2885
6815
7259
4769
1305
5097
4205
4677
2472
6930
7609
1931
9164
5187
7885
4892
3885
8078
7925
675
549
7422
6837
5072
543
1488
872
7785
6903
1626
4218
8211
1101
8063
6457
9341
4711
1696
6062
8471
1773
413
5775
2407
8844
7016
4814
656
6136
9741
24
4051
670
2637
5494
3738
1236
5172
873
9018
8513
5850
7383
8210
2241
8440
6315
1386
9025
7469
5044
6620
1219
4195
1450
8219
8100
9678
7273
2857
9664
6189
2013
6424
636
8860
6296
5497
3048
721
7467
3155
5786
6682
2032
1480
7917
9619
4408
5956
383
1164
9040
2399
3595
1159
6493
3822
5618
2844
6039
7206
7744
6235
627
1286
6017
1226
8381
6236
7972
23
1010
5155
7262
6360
6782
5018
4047
3574
4936
131
3879
5332
5568
1754
693
3960
7586
8188
6376
5948
4026
3933
9303
8775
5038
2051
1715
6423
2945
6853
8281
2832
6016
2346
3403
4362
4556
896
7808
6366
644
3460
6166
6031
9142
8171
9150
8794
8151
163
3548
2778
5485
3778
3823
1717
3346
5199
5335
4387
7922
9689
5078
735
8201
4688
6565
1171
5726
8032
2041
9583
8321
5001
8050
599
7003
2634
1831
8335
5087
1724
6526
6891
7087
9861
4984
6780
1644
2479
7514
5265
925
9066
2005
840
6974
4956
8661
9749
5355
5159
9803
8614
2607
4098
9974
8377
4559
7379
4123
3082
5559
9157
7708
1647
4571
2317
5823
121
8294
5651
6443
8473
3332
8601
1976
6450
7942
6365
9704
4750
8652
3271
5086
2353
2487
7105
3903
1827
8295
9437
9492
3717
5973
7126
4444
751
4601
7046
3906
2713
7369
3302
7678
3154
1419
2798
8042
5041
198
2672
2259
4533
5219
5029
8901
7330
7243
8718
7377
7645
9474
4977
2962
8490
5739
6491
7516
6775
1942
6471
1627
4088
3304
9819
3117
440
5604
2377
8467
1572
8695
3270
5255
2250
5909
5959
9975
8888
2901
3801
2802
9879
3202
3987
2169
6105
1408
5193
703
1664
7620
6197
9833
7081
4127
5673
8518
2138
4365
297
7007
347
2456
9989
9510
6173
5110
8618
343
7089
6601
2510
6791
1076
1880
1643
6285
8434
6125
7482
8817
6114
394
2732
4592
129
4515
9230
4246
4573
128
7666
9886
9998
1714
9043
3415
3365
4231
585
2247
6132
443
2683
3098
5838
5321
8693
6637
7424
5833
3545
3215
3999
9446
3262
2735
2103
1022
9944
4979
1203
3546
842
3084
2922
521
4707
3966
7161
9082
4156
4017
8809
2691
7230
5282
7567
3888
4570
7886
597
6590
7907
9002
7920
2760
4415
4207
6076
8266
9445
9701
7253
5372
7493
2710
9325
7854
6688
9001
8388
6499
5677
2984
4398
4908
9491
2655
2310
1339
9838
697
57
2417
7426
1088
3954
1937
1742
8015
4532
8749
6825
6049
4575
3080
5565
3519
7585
6259
7783
7887
1878
4628
357
2854
9344
9484
1625
419
3331
8327
8736
5751
4600
7707
7613
7596
2228
9052
4680
6200
2556
3141
7909
7436
9447
2297
9487
6908
9831
4495
3893
1713
3750
1443
5031
9019
9959
1060
7985
6276
9555
7204
6472
8926
7940
1658
9231
1801
9038
2519
8369
2033
815
2366
8160
4938
4456
1038
3984
8799
2299
7557
2620
8880
64
302
6799
4844
3939
7993
5213
3124
2497
7737
8158
2342
4353
9952
4812
3770
4939
9818
5439
4101
6586
9581
3005
9269
2843
9266
5334
6807
7500
8089
4579
2621
1058
1474
558
3594
4409
4965
2708
2071
9632
5066
1251
472
2187
8080
7033
6673
8389
5067
1278
4796
1641
2490
7929
5395
8897
905
9120
2967
5033
3404
2207
7963
4791
3952
6323
9885
2203
623
9240
3387
1965
9201
1241
1698
747
8013
9912
2106
5795
1194
4687
181
3307
8846
9951
5877
8878
754
9648
4752
5966
9789
4330
4503
3030
5002
9616
9419
790
5820
6141
5855
9042
9890
7873
3441
5057
4889
1463
877
5123
6473
8793
1695
2866
7695
8975
9625
4737
1836
6992
2727
4038
2083
256
3352
2853
2442
7543
6604
4865
1930
1342
6821
7611
5438
791
2930
5588
1686
3489
4153
9505
593
8333
8128
4879
4821
6484
8786
449
8117
4014
8682
7687
5126
1517
8445
6830
9472
4887
7446
6355
9353
934
2960
9981
9181
2102
9962
7373
513
6094
4951
9047
4593
1095
7954
6390
1089
6106
6817
1423
1706
5834
4896
7973
5975
4898
7998
8596
4479
3887
2434
332
7472
2504
9508
4560
6832
3265
2361
1387
7489
4894
7976
9829
4403
9878
1487
7231
4314
7103
5454
1903
5767
7655
1107
7366
8331
1815
3091
765
2065
262
3626
8036
9846
3872
2130
1769
8469
1645
5719
1448
3389
8978
1901
5294
7349
9218
4306
8599
6161
1604
9776
3951
4901
6069
3674
1829
7265
6482
9515
78
135
5950
7246
4861
2453
3459
5939
4489
153
7359
7371
8553
702
2548
783
4682
115
614
1328
2319
5660
8696
4274
1733
8700
6478
7953
4655
6113
1379
4674
4476
5099
5463
2746
4975
4719
8508
7395
7102
5715
4452
7928
3483
2955
7746
769
3634
5684
8778
7341
6881
7673
4925
8468
9380
6286
2486
9854
8180
8336
8435
4375
9286
2601
2379
3792
3923
1516
5601
9569
9490
8930
5089
2085
94
8030
6612
358
339
3219
8858
3161
1324
6959
4173
409
2184
3685
7215
2469
3421
7788
4738
6876
9161
5750
1407
7382
7498
3123
3225
2197
7689
9455
8625
1522
5056
3714
8465
9582
6846
968
7610
5862
1454
6790
5859
155
4741
6627
7464
8420
6454
4410
3115
6751
6778
6380
5753
3986
6300
3267
5178
3245
5201
344
1646
4837
9395
4795
1139
463
264
9486
770
9561
9058
206
9562
2757
4618
6919
7606
7876
3712
5927
9382
6278
2385
3695
4254
7504
2471
8021
9488
2920
8282
1747
3142
1610
5777
424
7926
6079
1985
6388
1513
4826
5272
9279
5119
8619
7346
286
7813
7903
8527
4528
2931
7304
1467
9385
8912
2730
3175
9494
982
8061
6195
2902
4963
5224
9258
2451
5318
2869
9335
9837
5004
4808
8611
240
4383
2851
4833
1052
4672
2849
7268
7784
849
4949
6740
2498
5972
1252
7164
2859
6991
4705
8921
1004
8172
9655
996
5182
6277
730
8841
6428
3095
716
1446
3956
8530
1276
8560
8150
1304
3828
7956
2502
2050
6904
5103
2753
8534
5060
3741
3132
6284
643
2165
7458
2876
8181
3556
5929
7936
3612
5951
3422
6863
6980
5092
972
5156
4141
4465
8166
6901
7110
5220
4379
3598
5736
5617
4404
1333
8433
8660
2270
7723
187
7670
5407
5307
5122
3054
1034
4536
5560
7158
6712
3602
5661
1331
1585
3809
2792
4555
1848
3097
5910
4626
8118
4640
6117
4819
7911
7952
6973
2025
7101
3841
4439
8396
2338
6745
9280
1906
8430
1841
1812
3019
9804
1602
760
375
7098
2084
5113
3195
6836
8915
4142
1220
5846
691
3643
9246
6910
1309
7870
9775
550
4446
4851
4623
8543
1297
2123
932
8022
6940
3361
8179
3430
5276
902
8582
4941
5046
3935
3668
1794
154
9615
5049
7767
986
1681
4481
1701
1358
77
5507
4490
6801
5626
8457
834
7502
5246
4589
6393
575
4724
82
412
6171
3448
6865
2633
5383
5115
6642
8938
1767
7519
563
8040
7142
3577
8426
2285
4067
5704
5598
2223
8387
7403
832
2195
3580
7225
7009
6196
9687
186
8068
2455
1787
9184
2729
7444
7637
8251
1889
1837
9033
6139
336
3694
3089
8520
6674
6336
1401
5733
75
2311
9770
8162
9718
2183
4912
9349
1986
6723
1816
4761
6659
5459
3144
8131
133
147
247
8951
6818
7226
9209
3701
9204
4421
5872
4093
6263
1048
4913
4639
4126
7508
5803
7180
1926
2316
3581
3023
5477
6568
2364
3431
5249
3424
2688
6727
8824
1564
6346
7201
9045
2293
2800
6772
1941
1864
5409
1925
4388
8836
6774
9964
5138
3737
2072
9273
1997
6925
476
1654
6420
83
9537
4950
6852
1465
639
6331
4174
6248
6582
6809
4072
7212
4198
4505
9590
3560
6771
9138
798
1752
4276
2382
6389
7360
9304
6153
50
6273
2773
3038
8615
6635
504
6392
6617
1580
618
8450
4029
4168
654
4147
1063
3067
1910
4863
7563
7296
8830
4352
7239
2974
2963
2862
7622
9696
3474
3367
6679
6733
241
1137
1521
1005
5567
9462
8688
7778
8569
5526
4714
4836
9953
507
5510
8200
9888
5954
5426
1849
8721
7840
6583
9014
8509
5969
3824
3370
2656
9911
5480
8225
1502
8217
2603
7136
4208
9084
4023
4474
1987
6522
8254
6191
6485
2779
1356
5895
3058
1269
9602
1857
3102
9282
4099
8189
5689
5727
1483
2055
6506
8143
1982
1995
1537
1377
9695
1135
4506
2833
4608
1489
4096
2326
9906
4535
7443
1806
9600
9756
8669
3127
7244
8904
7801
292
3971
9926
3456
8262
2604
441
9606
6363
2151
3021
7386
3981
1631
709
5344
1458
5371
5943
2668
1940
907
2532
8391
3028
4989
2233
6814
4249
685
1002
4428
8965
4607
8708
2995
4518
2112
7460
9752
8259
1877
1951
796
7696
2996
6856
2736
5801
7306
5488
7314
3069
2719
6091
9722
1991
4897
2191
3989
4715
5612
7223
5748
632
3591
1475
5135
8781
4109
3622
7669
5930
5622
139
6591
4832
824
8115
974
3760
9476
1503
2711
2822
8439
817
2215
348
6490
5413
2061
3597
4926
7290
3743
608
7277
3959
6677
1896
8146
1268
1459
1939
806
3233
7188
4713
9281
4804
4504
2816
6429
2528
620
418
3393
5258
3064
3351
2449
5091
3461
1822
6041
8953
1540
9924
5481
8882
805
5865
611
3644
5292
7756
4507
659
152
1700
9221
2374
8755
4074
9417
4122
638
2371
5096
2933
2234
5218
8142
8332
6021
870
2419
848
3031
3715
9481
6796
4252
9567
6614
4598
4020
2265
743
8691
1085
3327
8802
5993
4734
4686
1677
427
836
2516
7745
490
7491
9102
8512
9617
6357
4008
5583
715
8489
3815
1819
123
5397
5327
76
6764
6628
8621
6646
2808
4429
1437
617
7465
2675
7052
7647
6752
5226
2477
1974
3919
853
4148
5358
9106
1378
1730
8764
9519
5538
9392
1213
1790
3027
6982
8280
2573
2211
4886
2670
4095
7139
9650
6597
6477
1867
2094
9350
1143
9202
1466
2682
2142
3000
1
2797
9887
7934
9607
6538
2910
6108
3136
291
2146
1509
746
4134
6521
2791
5687
5665
9124
8996
5817
9247
7059
7229
1514
2128
4973
8043
1365
423
3767
3789
6739
5781
3934
8626
4619
9119
775
3926
5707
6046
204
6860
1413
6632
5916
8452
5118
4265
8741
8501
4493
6199
8070
9343
1206
1928
776
8121
752
3206
8864
3493
6299
8393
323
2913
6476
819
9977
4508
6596
3494
5483
2704
9574
4363
4997
4448
8941
5235
1097
3457
3911
249
3729
7945
763
4443
4055
9260
3417
822
1916
5914
4144
1597
2841
3566
1565
8356
6449
4831
3930
955
2208
2020
6501
2663
2731
8595
6341
5273
8579
7027
270
4869
2929
9747
3691
1956
9760
878
3664
4313
1127
1869
6914
4987
3833
9507
9771
7334
3702
634
9421
570
8127
3593
9297
7351
3764
4366
2176
7260
2590
4113
2435
3947
3022
5822
3
9229
196
2466
939
126
2702
1208
3473
5342
5883
1079
4736
9252
4647
8911
1874
9781
3927
3666
3241
430
9882
1846
4599
6955
3280
8215
8484
2444
1725
2437
8204
1133
3675
2509
630
5880
91
3922
7258
5465
2212
1346
7250
6514
9863
8970
3837
5813
3766
9423
3896
6981
6157
5079
9843
9497
4311
6507
7401
9360
6736
7338
2807
215
2468
5627
9919
3083
6022
7683
3218
9684
2328
9856
826
5639
7672
2411
2845
9152
1015
9547
6118
3077
7302
2957
3491
9288
1478
2246
72
5073
818
4284
6446
6842
9126
5807
5139
5791
6218
1267
8946
4665
4119
2133
2325
929
161
3296
5177
2681
7527
1373
7
3880
9081
8241
511
4822
2418
3662
2821
4146
9436
5776
3396
2292
946
3138
991
4200
4729
335
6252
9321
3874
910
5827
328
5338
9750
6961
3279
4562
391
9812
2018
1978
4998
1176
6952
5237
4723
9357
1150
3784
1456
295
46
6406
4564
5061
3232
5878
2527
67
3173
446
4374
5055
9351
7475
3719
2454
6781
4104
9942
7381
1844
6064
1994
4839
8671
2525
1436
6343
1440
8003
689
7316
11
2115
2099
7653
3376
8419
530
171
8018
7900
5926
7712
1163
7671
5832
906
4466
8804
4293
2256
8791
3747
4914
7627
9934
2027
5694
1741
7156
3559
4242
5679
2751
997
3051
7067
8714
5793
4780
9134
6644
3858
6350
9979
2392
3355
9319
8299
664
888
7104
9832
7407
5590
6047
9114
8094
8668
6884
5828
2949
9748
8993
1154
9206
7303
8087
4089
6194
370
1047
7626
4636
2619
3017
3347
8447
6311
5034
9795
5556
2969
2177
1296
4326
648
561
7618
8357
8903
1772
6997
3449
3050
2145
6675
2400
4755
835
8593
6100
2218
4407
8275
4258
9195
4676
1663
5809
7732
4988
450
1318
7811
9245
6920
755
5605
3534
2110
2988
4414
5582
6967
6906
1898
5190
8627
7924
2349
1788
3997
8750
4777
7720
51
6549
6177
667
9724
4807
799
3373
8173
6185
6497
5870
108
9545
1813
2759
1104
525
4181
1481
2998
5058
7755
6217
9059
5312
2049
6025
3836
1833
4371
1886
3315
7281
6762
9125
9971
5652
658
5375
8379
2108
622
5189
6134
4915
6693
3309
7517
8311
9589
9620
7650
959
4261
7405
3953
9720
5897
5134
8111
5324
3677
8169
6873
5105
4758
1492
313
8754
1461
4995
1814
3359
4462
9613
4037
9453
5630
533
5238
8686
3497
9324
7413
5925
3732
1967
4241
3709
8699
9901
699
41
4541
3716
6072
7107
5998
5403
4361
6115
15
9219
5352
6962
3041
5623
9677
4685
4199
4061
5738
2286
8353
9851
9671
839
6706
2440
2240
5490
4097
4689
6947
1620
8187
8607
1875
6859
5082
531
3121
547
7661
3409
2121
6150
841
1112
4786
6996
9331
5354
9923
1674
7247
969
7461
5621
8924
8620
6557
7125
7261
5366
1533
8720
8212
9800
8429
1660
1008
3033
4380
1275
1169
6787
1757
6133
4656
9456
9842
2015
6452
1542
5309
7118
9889
5281
9113
8790
3763
6965
8617
5221
4855
7347
7012
6887
6213
4399
2517
1750
725
7970
1764
5130
4643
3744
2367
2052
6313
3913
1439
6128
5620
1061
6698
6089
7614
3589
8446
5566
1989
6050
1397
42
936
1177
4784
8313
7771
3785
5579
9605
3487
6777
5806
2271
2488
8679
2572
7891
4860
8136
718
8112
5762
4576
9570
2891
2618
7789
3730
6494
2404
1550
5362
8246
5472
182
3131
0
4876
4212
6971
7849
9097
6344
8967
9932
4282
1029
9109
8329
9374
8464
8837
1071
6327
4678
4449
2042
7834
4718
712
9983
7814
4163
6691
2680
6361
9390
1262
6206
3637
846
9686
6864
5063
1405
5009
7133
4157
4272
8126
5790
266
7367
1371
1258
125
1202
5947
3139
5050
7730
1838
5479
2679
2059
2529
35
5757
7773
9009
3235
3834
113
7096
8475
767
2478
2855
3086
5268
539
9051
9396
4953
8253
7192
6828
9595
7752
8278
3268
7599
7759
3587
4961
2983
5124
7140
7914
7995
679
8742
5298
7245
7512
2997
3627
4827
5561
3112
7576
2007
3905
992
4010
1826
3632
6055
8636
3455
3170
2976
7432
3769
8060
5658
4486
5888
8039
3830
80
7591
4524
4622
6183
7628
7546
7384
9480
1130
1172
7182
6536
1707
6603
6948
998
8940
8713
4754
7337
2980
8470
5343
6517
5758
4744
9379
7520
7327
16
2977
8132
7190
2580
5585
8203
8879
5713
8401
4980
7378
4464
7008
1929
8883
7495
3561
9118
6427
1140
4785
2205
6430
1529
8977
7555
4530
1359
3945
6838
4920
4732
8436
199
7001
540
9874
6261
9438
3661
728
8310
5671
1279
612
9338
7154
1667
6111
9493
2884
1972
6384
9376
9709
3897
6083
5961
5826
4397
3462
4232
7569
3156
4906
5667
2539
1546
2452
3900
250
1553
9034
9030
528
4978
5169
7700
3372
3496
7248
8548
9095
2772
6084
5349
2550
2168
4805
3003
2376
9667
6334
2398
8488
680
1128
2415
5647
4315
9928
6730
1003
9594
1975
2021
7233
4301
7582
9659
1897
2520
5374
1587
8829
9406
1292
2432
772
1027
3364
7029
6005
1087
4138
9990
3286
7079
4329
4358
5502
3311
1395
8683
8071
333
4697
2164
1066
2707
2291
2874
5353
9784
9365
5440
1270
7439
3727
7660
7445
2386
2594
5492
3213
745
2701
1081
782
5571
6320
6773
5470
4322
4308
8591
6192
9163
7584
7099
5022
8165
378
2932
3813
5854
6397
5839
210
5300
3817
4002
9261
5631
3152
7725
8334
7533
5722
889
6623
7181
2381
5996
1430
8382
8113
3550
4130
5986
1353
2307
8084
6622
9116
3849
8296
5328
471
1131
3755
8566
7083
3388
6271
2321
7946
6606
4455
2739
4251
6613
8247
8320
1000
8762
9900
7568
6310
843
7827
7881
1434
7719
2827
5596
5873
7824
8782
9639
8995
9996
8034
3563
165
3578
9037
7397
439
5928
7174
5535
5427
2016
3437
9330
562
8651
2162
230
5163
3876
4595
9148
5936
5773
4710
7280
2467
6306
2236
99
8914
1652
8701
1118
6006
1634
5788
4185
909
5557
351
2956
5406
5446
3920
4919
8124
9225
2201
8031
2961
3085
3765
7185
894
8630
1216
4223
1432
9393
2810
3762
4336
2461
2118
8950
8273
6619
1583
503
1117
9700
429
3333
7781
8840
8057
9956
6989
5389
1738
2616
5935
9079
3300
7810
2047
5239
4512
8302
4151
6203
8400
1964
8390
6509
5761
234
9090
5541
995
3169
951
6511
8443
2875
7291
7120
8789
9726
245
9268
3553
6287
5609
7761
2040
2500
7051
574
8194
7179
2427
5368
5359
6036
4094
4708
4006
5415
4739
317
2476
6638
319
5278
5787
6223
7364
3892
2762
6721
3024
7844
4916
8589
9270
1856
5162
1732
500
2720
7084
2985
2991
6663
1001
1608
7536
8726
7658
719
4671
1761
324
9023
7355
6532
637
2750
3229
4828
9758
6542
5194
9290
8704
183
6804
935
2563
6726
2178
7935
8597
8315
7452
9823
140
4890
4385
652
9232
897
2915
7237
3654
2275
2340
1125
9177
5632
3968
6253
329
6385
3818
7534
8456
9197
5863
1445
7173
1581
4527
2098
5829
4888
2795
8192
5166
3101
3570
3057
371
5664
1920
2363
1834
8647
9894
2769
5796
5203
4760
8537
6328
2260
2214
4783
374
8991
3343
9591
1954
5320
9226
7930
6054
2544
5812
9416
5228
7481
2116
3151
8041
1335
9140
1240
6220
7961
7619
7820
4578
5417
2358
4720
5572
7997
6858
479
8540
7017
2252
4125
2154
7851
5014
3731
8326
7057
1190
6222
3569
3856
6943
5642
268
2744
7608
1913
9146
3541
8413
5717
4291
4857
4393
142
9963
3860
4753
4319
8628
4772
4616
2805
6789
6823
6146
8692
2660
5841
6359
5269
5861
915
9761
2495
2551
4169
8822
274
7522
6495
8277
9927
5976
4487
7890
1936
9243
1993
1225
2654
9235
4102
4931
8149
9133
5780
120
3436
5700
2565
2993
6934
9008
8263
7874
8698
8774
7830
8629
6403
3624
8059
7387
2368
6013
7344
4756
4299
9328
1499
1543
6011
9364
4904
9461
9973
8093
5008
3650
4544
8056
3348
7499
3061
136
8378
5068
6143
1590
624
3614
3166
4900
3515
1065
3555
5424
1616
990
8702
1868
3395
5414
6029
6333
8766
7774
1396
4704
4367
8515
1768
1712
9584
2873
1879
949
5771
6451
2570
4842
7019
9836
1415
3878
1182
3975
3287
2999
4767
1295
844
7762
8137
3196
1308
7955
1232
6888
7889
3237
5805
1731
2080
7006
3477
5536
6156
3476
734
9020
6304
4461
787
487
4132
1165
5380
438
3658
2896
60
7912
4634
6609
4637
271
8556
7616
8588
1598
4779
4091
875
8819
2725
5184
9375
7021
9276
5528
9431
1746
2410
9313
6367
2388
2
7433
2158
1376
1763
162
5555
3915
4881
6566
2676
39
5851
1284
2951
2216
3600
573
6885
5649
1839
6541
1144
7152
151
5553
1239
484
8787
8000
5778
3740
5351
5447
5531
3795
7167
7879
9714
202
7698
6387
568
3510
9199
1917
3293
2001
3272
7663
7856
4431
2445
9457
1555
2718
7662
5229
243
944
5540
1185
2465
7028
3159
7440
1947
5392
9673
8816
3974
1092
7119
4675
1033
9049
9050
4145
8985
2425
8768
4154
2100
1577
5468
9542
8415
8913
8483
739
8654
10
5547
4552
2430
5133
2703
3366
3420
4230
5615
5974
2826
458
8994
6732
3996
1160
5080
4149
9742
9729
3967
4377
2689
1980
6416
4305
5026
53
1569
1682
3645
7847
4948
1198
3982
7878
7989
9757
3464
4928
54
5896
8240
1374
3529
4359
275
9884
9527
6378
4848
8289
6468
668
3745
5756
384
5646
6332
6938
8528
3619
1367
8893
3261
7340
8872
9498
3530
828
3239
4721
6806
6073
5724
2553
2409
5718
7927
9755
5316
6854
1334
3053
359
3427
1311
9521
6267
7070
9580
1006
8370
225
3353
2767
2814
5085
8875
3145
7496
201
7888
3576
607
5903
9969
3863
9506
9089
6001
7331
5564
5102
8498
1962
9159
1441
7918
6373
3009
2482
1723
9857
8943
9171
3416
9315
1944
320
9841
9339
1197
4799
7345
2863
9827
8767
4035
9386
1109
546
5270
6314
3601
8942
3533
7437
2677
4296
8341
9525
1064
8724
1281
7751
892
2605
6561
2507
7753
3052
6657
7931
2070
4124
3898
2196
4770
854
7779
2075
1351
9015
4588
9080
4935
6221
6750
2406
9980
6126
6503
9203
8069
7209
18
9672
3542
3672
1426
2959
8572
7649
9317
7518
2595
4441
756
768
5734
587
8578
2493
9683
7134
8555
9578
8834
27
3518
5458
2887
6135
4853
1796
2754
523
6650
5924
569
5984
9635
5768
6841
5504
6232
5919
5330
6977
7313
4307
9575
2073
4087
6611
8139
4862
13
2489
2068
3273
2202
7015
8234
1384
2964
5551
9044
5678
3557
1142
9815
2758
4028
8563
9196
6068
4324
6534
188
5460
8818
7988
2378
6907
729
5666
4790
7921
3495
7411
2665
5248
5142
9529
4417
2439
7984
2081
9190
5185
9522
6643
631
1266
200
5098
4782
8345
6009
6915
5252
7587
3172
8923
5476
7845
2226
506
2163
6181
9293
8666
6710
2763
4082
5637
6003
1253
1996
6975
4046
9608
4728
2829
8092
4802
4712
505
6978
6719
6969
9363
8290
3484
938
8066
1361
2308
9007
9237
918
2923
2579
7729
4930
8055
3742
2360
1596
1760
4268
1217
1151
9668
8811
586
3768
5396
