4391
3810
4029
1001
1016
4911
706
7839
5868
1592
3886
8823
2384
5954
2266
4144
7657
1699
1281
459
9615
1939
8848
2868
717
3513
5925
572
4912
3970
821
7135
6056
8921
1539
3122
443
1858
55
5391
5912
7061
8353
4080
4499
2528
2975
8554
9607
8670
898
5007
7522
4224
672
8530
3571
7568
4091
8363
3420
4164
8216
3001
4562
9853
409
435
1507
9694
7595
1656
4831
7635
1602
2519
3726
7304
7128
9489
2407
9274
3479
1630
7218
509
9129
4309
7543
4787
909
810
8371
3733
6269
3105
5342
1477
6055
6621
8806
331
303
3492
4692
9584
5160
1299
8380
3787
3654
2051
5062
4382
7548
7448
7322
7112
6768
949
570
5192
9754
7206
8863
3728
4311
9290
8811
6782
4749
8735
8457
9347
3029
3808
2566
5906
5502
6924
8553
5076
2703
2658
7640
3028
5665
3747
3432
1754
7775
191
6454
8424
3060
5903
3959
6152
9390
9932
3609
201
6020
5389
2260
7749
1488
1820
4854
4282
7908
6883
4137
9544
723
3591
6996
7813
9919
9244
9724
8714
9614
6686
7056
1036
6521
5140
270
1788
159
2580
4547
1595
2657
8784
6354
3185
7169
563
9684
7746
7473
1566
4970
1859
3030
5819
2211
896
1392
5692
8625
4972
9349
8652
3674
721
1278
4362
5380
6661
9822
9203
7588
2982
6458
1870
4631
2071
7
2072
478
7396
4024
1082
4146
9226
7041
3583
3644
9151
6062
7816
8675
8393
7531
6357
8988
4580
4921
9479
5521
9126
4600
6389
296
2871
8835
9761
5328
598
198
8132
8668
4106
5691
7773
5101
9485
344
4591
89
451
5239
4925
7937
429
3685
2278
8088
5494
1078
4733
3452
5763
5886
3762
2395
2791
673
3943
8160
4873
7314
9610
1683
4473
5711
7494
4170
7801
4180
4377
1329
8505
924
7490
3616
2779
6459
4035
3224
4431
5338
6910
5748
8111
5094
6527
6074
2737
6984
6559
870
5481
7069
1524
3993
5993
1641
4728
4642
8001
955
2874
4622
6153
5421
7228
9699
6573
4135
4751
486
1272
6713
1042
8754
3178
6930
1318
1863
8580
8578
309
1208
4840
6193
4989
6003
6967
3446
1533
1032
9618
4339
8134
3795
4533
1459
9255
2619
9523
4187
5699
8450
7015
1006
8769
8538
5385
5569
3405
1431
9880
5761
94
9337
6939
8177
1157
7025
831
2030
6923
2241
6743
9150
4731
3846
6774
7514
905
1869
6064
2686
548
5049
5174
5151
180
7085
5115
665
7089
414
7226
7441
4225
4497
968
2472
7936
1730
6175
919
8167
6809
9577
3866
3406
8383
2901
9332
3440
1382
2557
6149
7363
65
540
8510
1433
7164
9905
4543
9202
2105
9581
5577
8847
645
9248
9083
9546
2349
6620
3803
9488
1726
1523
6567
3782
1805
9178
7988
6402
3331
504
1485
8054
422
168
7770
8206
3629
7000
4955
9854
2165
5112
4554
3630
1404
6721
7088
6080
2481
8447
4647
3567
9755
6036
3069
7918
5308
448
9723
4519
9497
4520
953
3021
1381
3736
6201
4645
2923
1684
7361
6715
6427
5878
9064
9889
6878
9027
4133
2074
7600
8545
375
3861
1325
203
7887
3613
1494
7065
2246
5753
7084
1334
8536
3928
5055
8449
1733
367
5526
5727
418
4906
9069
3281
5567
1398
2899
3205
8893
4625
8911
5084
2043
3316
8336
1054
8606
5376
9388
9735
6695
9815
423
7650
3055
151
3487
9769
5706
2993
3291
1110
4383
38
5871
8220
9084
2001
5157
6533
5514
1475
5839
9668
9654
8170
852
6584
7292
3585
3463
6405
6659
3651
7038
713
2300
1934
85
847
2180
2700
7048
7649
2907
6975
4682
1511
5350
5358
373
2914
702
2240
5484
6464
1471
4201
1952
117
6825
8705
5622
2091
6938
3426
3951
1196
7957
6386
2602
4896
5751
6922
7672
668
1782
4410
5320
6898
8645
154
5921
3919
9642
3418
2727
3203
1415
4149
9749
3368
4150
9908
7336
3607
9528
1059
4232
2532
8768
8994
1199
1045
4781
3708
9427
2750
8527
5321
2356
7929
2731
6435
1884
9062
1428
1648
3841
9714
830
1822
2497
545
8908
6218
6495
9965
822
9483
2120
335
7356
7573
8570
5946
9037
76
7784
1696
7901
464
1134
6375
7537
9982
4011
4432
3516
3668
1465
47
1847
5054
8873
2297
6285
6622
562
2237
9232
6692
387
7894
1721
8412
1084
4413
2845
1178
5364
1002
633
8263
4197
1440
9366
7382
6483
8008
719
6732
5785
2684
1268
2308
4102
6699
81
4577
2525
4939
592
9566
44
9660
6537
2117
2824
311
7422
3442
4684
935
1359
4968
2516
3815
9752
2023
9130
914
3221
6072
7934
824
6508
5539
9557
2208
7427
6478
2252
2730
8837
4448
1980
9898
1886
8866
7592
6014
6313
7645
2220
9896
6837
5091
2739
7821
7438
9630
4095
5205
3476
1104
6790
4763
9890
9116
4996
9646
2471
4259
9223
2792
873
3120
3012
9467
7534
5848
514
6993
7342
3849
8842
2293
9237
8914
377
9606
2950
8334
5167
2121
8836
1522
5864
3878
5116
8144
3067
3693
4990
4834
7676
4335
6376
555
910
8548
9198
4576
7857
8285
882
9698
8950
1966
4785
1373
666
268
3647
1977
7878
1344
7798
8745
7042
2033
5808
535
284
4729
3099
8830
8980
5800
1025
8
3501
45
7264
8938
4298
939
5042
9159
2951
9032
8326
4182
2979
2501
5768
3219
7866
4789
6606
7407
1959
1294
6232
5915
5541
6235
2682
3646
1142
2927
7431
4423
8066
5344
3862
2442
5531
9860
8437
3356
1410
1987
9149
7956
2176
1536
1273
3278
1549
7439
6489
5356
6803
1328
1447
5675
5325
2796
567
5650
3923
8292
2029
553
7375
7225
3436
4590
271
9026
6916
3180
4380
6604
3124
1388
6173
7538
1621
5963
2885
3991
6226
6714
651
7151
195
1613
9075
8851
5439
9529
3746
9501
7334
9565
7420
4345
2042
8016
778
8436
9217
1167
4629
1580
7118
3324
353
1393
3287
164
6011
2567
1223
1161
6702
6401
7668
7653
2236
6131
7565
7238
43
3483
5382
7524
2556
1245
9888
4206
1672
1748
4406
7188
8828
314
6828
4804
2735
4240
6895
561
1831
4065
3041
3443
1619
3935
3150
2617
2631
4007
3634
9945
9006
5827
2896
2560
1169
2167
5687
8542
2019
2411
8756
3847
2801
5187
2338
3512
3215
7207
6262
6349
4468
1207
3196
2341
3207
7354
8497
6049
5929
975
3817
2541
4550
7416
904
1535
7503
8227
3276
4353
532
2571
1127
3260
8644
7935
8872
3700
754
5911
1427
2317
4883
9490
9709
6631
5633
2272
3968
7558
9533
6113
3823
6506
1405
3154
587
3518
9012
6831
8798
2545
2660
4485
8146
2875
3896
7183
8173
269
6301
9121
720
8963
4926
7892
2365
3574
9846
4518
9943
6807
8061
1867
4412
3561
9522
2564
7835
708
9351
4566
9092
8291
2385
2876
4058
4941
7449
6913
8512
4132
8203
8922
6016
7271
8723
2301
2598
7945
5303
7540
5723
8972
699
8104
6546
9934
4902
7212
9814
8949
7096
50
5009
3434
2930
9253
4248
1285
8721
2967
8313
8112
8346
2116
655
8504
6772
9397
125
5792
5237
2852
9342
9998
3891
1466
190
447
6897
2917
2430
5331
5657
3213
6643
3488
8236
5186
3301
7031
2549
1931
2265
9352
9747
3125
8622
2818
7255
8080
976
7910
5698
3447
9169
2893
346
5066
4089
930
9469
7340
7634
2712
7551
1857
5352
1629
3985
1601
1734
3821
9404
7140
6145
8581
2799
6044
1723
4222
1116
8962
7051
3354
238
3564
6290
9885
7216
6018
5475
6670
7654
3678
3186
8047
7708
5944
1830
5183
7888
6209
3593
9833
8481
8777
6093
7689
3519
7992
2410
1228
3549
8940
4837
6595
1505
9619
5644
7039
8431
4807
3408
4795
6894
1902
3832
4824
7211
3229
4258
641
3036
6816
6394
711
5813
3383
9124
5852
2794
8297
3382
6739
733
4885
6399
1927
9757
7869
277
3296
8648
7179
8426
9968
334
9542
6480
2778
5256
1907
6255
7221
4459
3201
2781
9155
1426
6200
683
4193
2962
4313
285
5401
6557
5053
1093
4898
6291
6872
1640
2973
6404
4720
3679
7063
9313
4276
7457
2446
6579
1314
1671
9162
1330
6484
4739
7301
887
2878
7488
8040
9470
775
8261
7698
9895
2421
2984
2020
479
1776
4574
4274
6147
9067
1774
5587
8730
4818
299
4624
5089
2694
741
9979
8729
5326
7559
8676
7345
9442
6800
7793
6784
3724
9989
5469
2254
908
2542
4849
4126
527
5480
4404
6815
6338
8341
7034
9739
7045
9532
8845
1236
8618
3063
6519
2223
3379
7124
5573
9386
5958
8741
5576
8045
9550
8467
7900
63
2217
192
7978
9838
7761
1512
3563
3049
5646
7426
4923
9257
4730
4988
8430
1420
121
2994
9780
9013
1270
7018
4203
1074
6012
4192
9117
1698
6061
3755
2184
4635
2933
8381
22
9152
4977
4508
4446
9650
8631
7424
7137
4933
1840
8646
8888
5635
163
640
5172
6172
2689
3282
747
5663
7609
3299
5708
5168
753
6962
3062
3339
590
7693
5936
3369
3000
2579
1662
8917
3438
550
5551
2806
5104
6560
8990
3932
5072
9580
1547
7402
5424
4552
7143
181
6673
3473
2416
1092
3181
3430
2976
4357
8878
8230
1759
8433
5766
80
3362
8582
453
6682
9374
581
653
878
4644
6191
8822
1951
9363
2085
5309
7828
7335
7113
8854
8906
5752
3322
4310
8159
6261
1316
9834
786
5580
5
7662
109
9671
6896
9901
1560
1823
3667
6444
6727
1658
9231
4654
9850
6998
9063
1097
1963
9336
4083
8898
2989
4862
1771
7779
1773
3208
8761
2177
131
6635
5250
3942
2768
9840
5479
1463
2439
3321
5274
9997
8907
4964
7858
3799
4288
77
7590
8984
5515
4652
1317
3128
9810
9617
8452
6706
1811
8043
4040
6443
4503
929
9364
8234
3860
580
6627
7575
9858
8063
7626
9503
134
5591
2758
6337
460
9326
8935
4852
2355
2628
8630
2763
1258
7856
5040
964
5975
7275
3257
863
4381
3796
1180
1655
2759
6550
5656
3505
374
3441
4238
6979
2697
2083
3804
8829
8007
3881
1492
5830
1879
9089
2664
8967
6412
4361
449
9296
9894
8379
7817
51
2259
4415
100
2175
5232
8711
6300
4014
9080
1775
3458
9316
2107
8189
9830
3758
7073
9311
981
7139
5487
2655
4643
107
8355
8521
6767
7456
4070
3192
661
5907
8750
8056
7836
6441
7043
4046
1205
2634
9168
4394
9897
3384
5742
3511
9261
2850
2168
2458
1996
6994
676
5111
6548
2830
9622
4191
6177
6556
2588
3714
9382
1305
4526
7339
4676
8373
3070
8035
2502
1303
1500
9795
9726
4287
5536
2172
1490
5589
8247
7670
2889
6330
6094
9748
726
1171
9598
3788
2078
3327
1808
5535
3662
236
7949
9954
8480
175
9809
8614
2728
6942
1055
4108
7386
1960
2304
5269
4301
5489
2202
6724
974
8701
3188
8397
2590
6948
4584
9242
5415
4695
8592
386
2887
8623
9959
3353
8342
7922
2296
2212
4512
9294
1076
9056
9216
6572
3827
2440
8804
7763
3490
6118
1085
3626
2448
5643
3707
7185
7666
3092
2926
3779
9284
8996
5660
3319
1293
9952
8356
4788
6846
105
7566
6610
9720
1057
6334
2898
4417
6796
4844
5283
5985
792
4075
5574
6384
9158
6618
7267
972
566
2149
358
5838
7366
5861
3503
5213
4099
245
4056
6753
7941
3184
9113
8350
2615
3305
3895
3323
6564
3577
254
4655
5247
7661
6663
241
3083
4890
2535
1007
3051
5611
6157
6288
7692
7485
1242
8264
7630
112
2027
7602
8628
6230
9679
9662
7121
260
9848
8262
6271
3498
954
466
957
2821
6259
431
7903
2224
7615
5673
5523
2372
6277
3828
8083
7046
5784
5020
2722
3831
6518
5615
9666
8282
8362
4589
421
9344
6194
6516
3794
6810
9225
4742
7814
6725
9776
2738
5765
4266
755
4673
8786
5147
5450
8459
5291
3870
7328
7315
2583
2193
4009
9582
2204
4116
2369
5241
757
1138
9023
3617
8157
229
1562
2334
3459
6588
6286
2803
2547
6961
3669
8237
9279
6947
3445
330
5113
7310
6903
3620
5392
5811
2331
9730
6445
8444
343
7472
1955
7300
149
8651
7291
900
8918
9051
2158
6415
1455
7205
295
3568
1166
8135
7142
7040
5928
5545
5288
1320
3242
8390
9685
6413
6645
2816
1848
1468
793
5010
902
3484
5506
3590
4797
6381
496
2622
3081
2199
2347
5307
7993
7066
5153
1252
2632
5544
8137
8976
1832
7556
9179
9545
240
5540
3863
948
4453
4857
4716
7513
185
639
6229
2357
5023
9669
8973
9706
5649
1669
6589
7004
525
1899
5445
9065
5289
6716
2482
8789
1150
3595
2853
1833
3939
6282
2753
6037
3723
1665
1881
9381
4319
2373
6605
1530
3145
9090
2262
4718
4271
8049
8802
5255
6392
5607
6000
1179
2492
5949
7603
7741
4529
6263
7010
4039
7606
3034
5003
918
4257
2154
273
8604
1062
336
2235
8731
6033
7739
9842
2274
1712
6988
302
1807
2922
4961
2079
8407
3470
518
4997
7771
762
8023
5715
2718
4611
5426
2635
4553
20
8934
9773
2280
2745
1878
4704
7788
2880
4545
233
4754
4829
2314
5067
9681
222
3781
9285
1724
2552
1986
5744
231
6730
8969
3429
8269
3944
9680
8549
2903
2787
7133
6391
1203
7923
9234
7998
7252
4421
3752
9157
808
5707
1722
161
1216
2261
6641
7999
5512
6798
2118
6087
4269
183
9696
6403
7307
9464
1729
2505
1635
3400
7285
4845
4338
5235
1664
4943
2321
7005
3311
5437
9589
463
7023
7393
1727
5245
2138
3565
6522
1792
5158
4878
3489
5797
1300
4101
1844
9882
2045
37
6121
8621
5713
3475
2949
3283
4757
8482
9777
1261
2639
659
2405
8526
9926
1515
6396
4463
614
4935
1842
2227
4605
6750
9656
5525
3377
434
1028
2044
7755
6370
6366
856
7119
7702
1432
8166
5193
6192
297
4469
139
7844
7181
845
3182
2164
6719
7787
2058
2597
5212
4325
9233
794
9620
7710
2367
2965
7539
477
7428
9367
6438
4094
8328
1990
5347
2848
5902
8681
179
2546
7915
3015
3096
5492
7006
2924
3628
390
5833
3818
7520
1777
7443
6351
5128
2855
6144
9513
8860
92
9494
8569
1449
3913
6439
3348
679
8375
8212
9626
341
543
903
1121
393
5051
3976
5079
9196
298
3509
6919
8395
1343
8410
5787
750
9728
1151
1417
6795
1925
6057
4360
9181
58
3164
2360
4992
6068
1738
6249
9405
6442
5027
9817
547
2767
6090
6
8727
4758
5672
4030
883
1319
2866
5986
8228
9139
9733
9335
3469
4465
1132
14
4608
2195
2231
4060
3578
7919
5201
8059
8762
7478
1122
3394
537
7879
4451
3367
4855
2239
1921
1031
7506
3605
2476
2050
165
1024
4582
4386
782
3084
5443
7907
4568
2977
6176
985
2160
1855
8927
8215
1361
1713
3952
9701
7388
4226
255
6422
218
9774
6545
8559
1968
5496
2894
4516
4601
8596
1400
3641
9315
2089
5139
2232
3813
5953
5441
4481
8987
7754
1206
7440
1395
2916
2953
9595
5290
593
3480
2867
9499
8286
5418
7642
4308
9572
5854
6541
4136
7403
187
8333
2119
6754
9454
5335
9509
7348
234
4340
6324
1422
6224
6941
5637
7576
1989
617
5932
6021
4842
7236
1374
812
2225
3409
2937
3882
4535
8138
7849
8248
8277
8955
1799
6079
5166
7370
2436
5527
3364
116
874
9900
2322
2284
6520
1835
4922
2857
4993
7769
3750
5546
8240
9183
2995
8589
5905
9496
5736
5640
2013
7451
197
7107
7465
503
8958
60
8420
5881
8876
9571
5976
8136
9249
2964
5924
8961
9409
1692
8417
2268
7477
1372
6225
8225
5815
657
7162
738
5109
5041
1751
6424
380
997
7351
8303
1638
5451
5510
7636
2351
7210
3759
2219
5374
2581
9465
5875
3702
3435
9588
8495
9802
5641
2010
6877
7298
6679
8856
9674
1480
3412
9040
6892
6952
1917
4045
5572
9484
6868
5639
2320
4127
6275
3072
4702
4816
259
5013
8932
9579
9796
888
7276
1839
4665
7517
4790
8882
4874
2209
6042
2747
6761
6614
2591
1147
97
7860
2582
2527
4032
1099
9625
9664
9585
3199
3325
7013
4806
4376
9548
5922
7232
3982
8709
6625
3541
3066
5278
8010
8151
1153
9775
6746
3053
5553
4889
7678
3540
5894
9600
4674
1531
7549
6906
7344
7716
6583
2406
7833
1509
4663
1525
8343
9267
316
6466
933
7516
2675
4315
1628
6698
8923
9355
3966
714
9307
2932
9156
1705
1066
9461
630
7435
5709
2870
3094
8359
5695
978
7346
9745
7629
9722
7686
2683
4370
1574
6159
868
2881
3142
1719
6497
1582
7794
3673
4660
8316
2234
2573
743
8507
6440
6568
3080
2659
3691
3407
5253
969
8544
4606
5795
1423
9319
6544
352
9250
7627
8182
210
556
1860
4653
7832
1962
5739
1453
3330
7415
846
5933
2162
4001
8588
3425
5341
3014
6684
1579
4027
8078
6980
2426
2754
2520
7321
877
8408
1786
6539
7898
596
6133
3273
8042
5959
8461
395
6352
951
1249
6504
2599
9875
8079
6963
8357
8386
9262
9540
1136
5686
2238
5002
4368
9673
3195
5031
4112
9282
8014
3619
3536
8615
5524
5429
842
8466
1473
3127
3468
2550
6420
4162
1914
9738
8661
8743
2316
7002
4488
1222
2873
2744
9252
3231
9983
6701
6471
3543
9539
4934
1874
9221
916
8423
715
3974
7343
9855
6985
3889
3202
3336
1663
1542
1528
4173
1565
2018
5900
3254
3805
4017
3355
8332
2427
2734
5008
485
7906
5750
2112
1123
6024
819
2460
2538
8478
7297
1956
7120
6552
507
312
4478
3542
9962
4940
4917
8020
1919
8954
6109
6189
3137
2264
2725
5604
3711
5559
4627
1949
3172
5122
3335
9504
369
4507
6918
3506
7189
6409
8058
4131
6223
4047
8358
9849
9066
8904
7886
7658
1162
7582
2263
4471
9436
5841
223
6006
4167
1717
5624
7197
6125
3738
6581
3204
542
6756
59
3132
6203
2782
5161
40
4782
6510
7362
7705
6494
9553
3769
8665
9843
9222
4290
1109
2273
455
6289
9334
5339
7564
9941
942
1457
4342
7186
7940
9041
1610
322
2879
5142
5810
364
439
4762
7983
519
5498
8992
8183
9260
4466
360
6607
6084
8275
583
606
6649
7785
2680
1250
7767
4563
3065
7466
2593
2037
3197
2325
2214
5244
4527
3570
1419
6022
1740
5555
8223
3582
2106
8367
1642
9272
6462
844
6298
4668
4409
3455
5018
8027
6089
7897
7896
7302
3820
5696
3640
8572
5379
7530
4575
517
7498
7198
1333
4766
398
9944
8030
8707
5263
5315
5820
9505
9000
5856
2428
8243
9764
9844
2720
5194
2250
2521
689
2674
2662
4055
7723
392
7287
5608
4705
6419
9205
3183
4129
1367
3532
5286
8428
1571
1548
2569
4900
7510
7090
1950
1623
1296
4252
4456
3744
9976
5149
2483
8956
8951
6783
4975
6362
9322
9426
5655
7166
3504
6697
9530
3210
961
2698
3774
6619
2509
250
6965
9639
6322
5182
5197
9847
2944
3456
4217
8487
3169
4761
209
767
9350
265
1265
2691
6562
1101
6254
2084
4371
9321
5394
7608
4630
2859
8939
4233
8213
6341
4297
6905
3980
2055
9909
2729
837
820
8115
9459
5148
8895
8585
828
5781
188
730
941
1650
8464
324
603
4741
19
2612
9672
4747
2473
7377
9793
988
2943
806
9423
3695
834
6569
5119
444
5758
6486
4931
4424
7994
10
137
8808
2251
2652
1909
1176
1213
9135
2198
3312
3704
3100
6720
6957
2827
9562
6500
2647
8365
8909
9683
9270
3829
5966
4096
1633
7219
33
2169
9456
3949
6773
7731
4336
1442
8875
9448
502
4901
9195
388
5019
5791
6640
4332
6879
3057
8186
5461
746
3581
5887
9828
6195
1735
5609
2936
6163
3625
6128
8268
8638
2332
1575
5926
1019
9569
5022
6221
7011
8034
2640
4204
3042
9999
7289
8197
9857
4942
468
5400
1818
4440
9236
9432
8966
3326
4323
4657
5505
8128
1498
3602
9762
3864
2888
7532
8382
1482
7479
9703
8654
5017
7997
9103
7914
1331
9816
9100
8388
3363
9836
8364
1682
8889
3930
7059
4595
6871
4081
7824
6287
9088
7296
5822
3101
8953
4723
8827
1527
61
4385
3454
1760
8815
8739
4711
7093
1532
5507
5047
9353
9516
8070
7233
7117
6658
9946
6729
1158
872
1936
4881
1004
3334
4019
3800
5483
3603
4348
9837
4492
5732
4210
7455
8874
1947
5999
5075
559
818
7246
9224
4903
6395
8052
57
2361
1436
1211
628
2648
4090
4886
8477
7009
2981
4825
2681
4305
1058
6745
7950
4710
3739
9823
9094
9058
6099
9980
5375
4050
8361
7177
8755
5636
5914
966
8514
326
3111
5229
4355
3457
688
9010
6005
3187
4897
1237
7885
8077
2919
599
3417
8774
5783
1389
5453
1506
9025
9309
6582
3819
7610
7607
3176
1346
7690
9573
576
2358
3921
8751
2752
8602
9729
6010
6456
5836
700
1778
6797
2315
1518
9055
9786
983
7248
5590
9564
4278
1139
4372
7617
5442
4985
5955
6734
9818
4461
5177
9320
2025
1643
9500
5680
8565
7891
807
7854
3648
1368
6052
5971
9678
8782
1520
6752
4419
3507
4530
787
4721
866
1659
7589
4300
1061
2804
1938
9293
2713
9741
2760
363
9670
9115
6558
5216
3534
3048
936
5493
4472
7943
2762
1716
2205
3038
4403
9177
8193
2291
3694
2918
6387
5092
584
6921
4909
1170
8195
4656
9439
7726
8097
1363
2746
6978
3040
3275
9057
549
6950
4230
5086
411
4151
2751
5319
2761
1039
7432
110
1680
1173
6360
621
1219
9791
2548
8691
9864
1144
5234
4022
4430
4479
1559
885
9502
1135
5910
2210
2508
3898
7086
3535
4669
5623
293
3775
9048
4216
7663
6076
8499
1280
7542
4802
4712
8887
3901
3701
6009
7474
7445
9128
3963
2242
3270
5131
2171
246
5082
4198
1838
1617
9097
4117
8824
2807
3941
1087
4690
8500
7646
6956
3288
3415
1516
4416
803
6882
7178
8799
7146
4495
8686
4399
1003
6823
9740
8771
3174
3009
1661
1810
9612
4938
8612
9053
3226
4364
546
5634
3638
8900
2287
4074
3994
729
2607
248
2626
1779
2990
9359
4772
3345
1852
7309
9035
1155
8753
9715
6590
3547
1165
1591
3265
7463
9867
3715
7227
1414
8217
3802
5259
4613
9841
1945
6586
6808
2706
2529
5581
8185
6312
8071
8145
9558
9804
5362
9259
3521
6531
8834
3854
450
7855
8162
1606
5373
5685
8265
8869
4658
1747
8513
2194
9346
9961
7526
1765
8844
6284
2692
6613
7958
1051
8404
6976
2163
7281
2551
111
9148
1086
427
6530
2849
64
4157
6899
5653
8446
3780
6123
7150
9068
5755
2842
6270
3279
4744
5674
5670
1611
8418
4965
4707
4615
9399
2151
5994
3671
5893
927
1961
2429
3614
9154
6081
2475
4882
1448
9138
8576
9419
8679
7622
1588
2915
9453
2185
7752
7199
9568
6526
8325
8239
9801
3670
693
7667
4234
1849
7138
3106
90
6463
9201
3698
3087
876
768
8608
5145
3346
9211
638
1614
5028
5170
9756
4799
2189
9184
3402
7195
604
2756
8152
4044
2048
1814
7963
46
9948
2031
2561
8855
2699
1124
8025
8103
1352
3981
764
8694
2777
7268
8647
6104
4076
8594
5459
1752
2016
8005
3177
7274
2182
6196
6502
6997
8283
1769
4449
7452
4598
113
4511
610
9949
9692
2344
1609
9241
5846
8785
8211
6811
7840
9199
288
8298
9392
2770
6804
4894
9300
9570
3906
7273
1993
3643
5196
4000
5895
9370
2600
6071
6574
1240
7786
2788
8414
1452
8244
5276
7863
1930
3376
646
670
5452
4764
6751
7563
7552
5579
6428
6928
72
2335
8902
8883
3517
8556
5267
3837
9827
7853
354
4100
3770
9851
2938
1508
9110
7743
3989
5586
9534
724
3333
2828
4858
4697
5770
7352
1836
1365
6708
8971
2884
3801
3091
832
5065
920
1644
2038
3248
4860
6805
8315
2533
3494
4405
2826
9601
1626
3838
3267
4358
1697
6219
805
5667
5146
8139
9605
5387
3569
4880
1556
7800
6407
5195
1587
3548
8803
8117
6765
1647
4709
6034
3261
6309
1416
8528
3166
9227
7895
8154
1014
8858
9988
9922
7508
2572
9759
6644
5090
5171
5720
5823
5612
4813
1825
4727
3961
2477
1940
2663
9106
6280
3391
2829
9824
8148
3874
8484
3960
9904
1360
5457
4482
4207
1732
8702
8775
3524
7103
9104
4130
7759
9648
2146
8323
126
6339
4337
2488
66
4092
6990
253
3572
3587
6842
5764
7468
5804
6321
6829
9536
4928
5366
1190
4069
5578
7826
2379
2766
1563
1385
8488
7791
4194
5035
7364
73
5940
2059
586
4951
9645
3295
5600
2558
1568
9689
4732
4821
3500
6213
2002
6102
813
5773
3727
6059
6806
9050
5404
3676
4312
4792
7191
2940
5937
512
8318
6845
6243
8840
7072
8506
840
2524
6023
9024
9472
2032
355
6019
4486
9744
3244
3151
6046
3050
87
5015
5598
7838
5584
5549
5273
5777
5026
9330
7674
1745
5408
3159
1029
2570
8682
4927
4333
6364
5583
2012
1377
8413
9538
8590
1702
5834
7174
7753
397
2644
3684
6340
9913
7380
6493
5329
5825
1220
9525
932
8975
470
4823
9079
1576
6274
4270
1322
6208
3241
1023
2183
7758
237
8222
554
56
1282
7091
895
1145
5478
9302
3107
8050
6465
5024
3737
7368
2323
1160
6467
2462
6812
9782
5056
9268
2285
9652
2514
6126
4558
4244
5377
9512
1499
8537
7792
1396
3243
3690
5219
84
8838
5305
2068
1102
602
4171
9636
6849
2910
3115
9996
3247
3969
4272
2656
9281
5849
6711
9770
8795
5556
5396
5034
4427
6040
2128
7087
4104
5419
7507
6167
5110
6566
5654
9188
1181
376
6111
1100
3510
6974
6455
1020
2906
6103
4534
9918
4235
6457
7571
2536
5997
7476
3515
4599
7528
564
8734
9563
7215
7114
1279
9628
2145
5414
8910
9928
4634
3859
5265
7101
6528
4737
5447
3824
7673
8801
1604
3477
482
2230
8352
744
3228
9640
3855
9071
8593
962
3904
3851
8586
9091
7204
7433
4494
8490
5717
1154
4822
2724
2088
3530
4706
3089
492
557
2257
6325
8617
8474
2711
4279
6082
7076
4701
9114
3024
6032
3639
8479
3655
6801
8511
6155
3352
5664
7893
1358
6757
2144
6876
2764
528
6015
7837
9912
8037
3173
1746
7881
6295
3753
4680
533
3868
6630
4043
4002
8850
6945
2123
4123
2839
8780
9230
1451
5227
9287
4068
7810
1646
4437
8389
6507
9687
3732
3045
5474
1033
6524
348
7318
9458
5948
9208
3873
7442
6709
8434
8411
1026
4752
2408
1985
1141
3927
3766
4237
5930
7392
7550
3079
1906
6472
152
3956
4038
9306
9297
1027
3274
7012
1047
6534
7512
3717
8728
1932
5133
7976
1554
8021
1362
5258
735
8233
9691
2063
4005
2822
6623
3730
2380
4779
2908
1679
5297
1972
6449
2743
1973
9406
1709
3965
2695
232
9365
3902
1064
4098
3721
7502
4048
3387
7827
4760
2988
5831
2810
7696
9413
7598
6917
6789
2378
890
7068
9280
220
3699
1288
4103
3
1474
8033
3138
2133
128
2203
5176
9981
3286
2856
3528
4161
8817
1703
4407
6742
8766
8441
4199
7884
2452
2511
3225
6596
4827
2035
7867
5974
1597
6204
3833
6563
5918
5847
6098
7986
5860
8281
6931
5716
2765
426
1053
2
6648
8933
4944
4851
9031
526
123
3995
36
1302
6446
6995
1541
2534
777
3497
839
8331
3722
5473
2732
8765
8055
74
2354
1441
6755
6523
9029
8094
2952
4537
9587
4905
8442
1337
5095
6696
2650
1069
17
2445
6852
9705
9872
7421
4395
2174
2987
3848
3525
5499
9991
8558
2438
9821
5756
5395
9957
4205
3007
1304
1590
686
5324
6315
3143
7266
4293
1424
8107
7333
7527
3163
8280
1284
8930
3328
7157
7703
9299
4908
8498
9713
1067
8531
4023
3899
7209
7772
16
9798
8306
7614
8655
5968
600
4476
2956
1677
1639
5126
9286
8937
635
7418
7141
1766
7180
9153
3393
6244
5671
1864
4544
799
3979
859
4057
7694
5044
9200
1409
6160
101
5346
1111
3955
7846
740
9993
551
3149
7515
5951
3389
2444
1013
1813
8764
4569
8076
5282
3378
34
8249
979
3649
1253
4284
4962
1012
9657
2673
8048
2891
4973
2609
8924
6873
7144
5700
2187
6859
9273
1483
8290
3126
6676
42
31
3844
7053
3216
5360
7902
4015
437
4435
8172
7395
6240
7280
5972
3209
4061
9133
8242
1753
6824
2776
1348
869
1908
9765
7744
2479
153
2142
325
9712
8252
9371
1182
2643
2134
2970
266
6955
4614
8738
2419
4932
7470
2512
2589
2858
4649
1896
21
6132
4556
4433
725
5214
3892
3664
728
8184
7003
2129
4555
4139
4341
6227
4012
7295
6628
7806
7717
6983
6655
3238
7467
7561
5891
4759
5030
9520
7249
425
5543
7458
5011
2611
7437
6987
4067
6653
2191
7054
7706
1875
1224
7497
836
8293
2213
9931
8374
3200
5789
5749
129
5033
122
7257
804
2461
1912
8465
243
5927
9329
9327
5970
616
1119
1666
8859
9511
1486
4387
7387
3268
8209
6134
7173
8905
943
9167
7243
9038
8713
6328
8912
1354
224
5430
8960
8998
9970
280
9402
7357
1226
9781
4344
8113
7789
8699
228
4765
7872
4724
6597
5779
9328
5472
9238
7954
2985
1357
8796
780
5386
8161
6182
6436
6851
2248
405
9930
5816
7390
8597
6728
9378
5814
1345
1997
8075
3140
3259
6503
7823
3371
9950
4541
8698
6273
6691
1489
9868
1933
648
8742
3191
4998
8123
7330
6865
3280
5710
7574
6793
7159
5693
3022
4578
1126
5626
3256
3263
881
8307
6112
8903
167
1897
7200
4557
7724
9235
3252
8087
1862
9917
2671
6925
4053
7026
8524
3309
5292
99
5605
6063
6749
7229
500
7555
4114
3910
6377
2455
7109
7643
558
1106
2100
3586
1534
1678
2966
6634
5124
3411
6305
9487
5651
5620
2854
5560
1476
579
1649
3883
9462
252
5961
7953
1894
5202
1526
9325
5565
2886
5690
7714
9078
4411
5078
4798
8579
1292
5991
3926
4773
2678
3370
2623
2166
4454
230
3748
6267
3220
5957
3165
4474
1744
7973
1105
6029
8657
4805
6120
9704
9604
7669
5420
200
6207
7262
751
2553
5073
9785
7961
3972
4042
5532
4186
9902
2005
329
415
8322
2832
5920
705
8534
911
8013
3697
6326
3293
3020
6547
124
9736
7691
7081
4596
8086
4564
5743
7554
7971
8287
7459
894
2053
3792
7400
7147
2469
2510
9929
6953
9424
1275
7491
1843
2837
9721
2170
6912
6307
4517
5850
8060
7637
6088
1911
5485
1068
9384
7711
7748
9884
7747
3650
4026
484
9832
4948
7930
4343
7168
6677
923
9190
8494
6241
6067
9011
3266
3076
3227
1904
2359
8671
9324
3495
3360
4524
2847
4587
2179
8100
8896
2178
6140
6097
3610
3058
3692
971
3235
2256
9966
1040
3729
4111
9314
3170
5733
5410
5780
6130
5107
144
6222
6434
4784
8551
7970
6705
1010
5737
2207
4969
7944
7008
6937
7130
9021
8092
1895
625
6611
2705
4618
413
1632
29
370
4317
440
1653
8833
3023
6031
8068
9554
7655
843
258
3424
2014
6514
9609
4681
5249
8492
2402
5327
816
9955
9994
9266
2309
9537
8402
1720
0
1686
3340
4489
8620
7905
8791
8826
7469
5919
8439
332
9163
5125
9942
2920
5246
5211
4820
7529
120
2616
3986
5817
9338
2148
5873
4156
6091
4088
6482
937
3912
3773
9466
2454
8611
3683
5363
8455
7955
216
445
2081
1618
2540
629
2783
1204
1964
2414
722
712
3160
2702
3508
6319
416
7699
499
5745
2559
1
412
9007
2935
3294
4147
5333
5199
2812
2606
6570
1429
8256
3741
1552
6499
6142
9416
9852
5238
8566
6154
3992
8561
1605
5317
8200
6169
2046
9098
7308
1375
4389
2851
9020
2625
6058
7974
2679
8090
337
9690
8879
7721
2912
5537
321
7286
530
3807
483
9515
5135
9651
6431
5261
7163
6736
2719
9751
2258
5872
3793
6609
3427
2968
8683
7131
7859
5734
3453
8783
7579
9599
4154
3757
5332
3551
7822
7735
9009
383
4768
2500
6680
7417
441
8564
5863
7596
5851
5769
811
8868
802
1821
4803
9969
5412
4051
5150
774
4125
9543
8416
1521
2773
3703
4540
783
3689
5081
7546
5330
1513
1065
5446
1168
9861
8776
5433
9498
5818
2200
2954
620
3977
2704
2113
4738
7161
5676
1634
4609
5855
6180
5943
2925
8664
3193
7327
8456
6591
5390
2831
5310
7560
5941
2065
9700
8861
6114
3308
8036
8517
7778
9510
3559
710
6448
6637
7501
1009
823
6345
9014
8022
4867
4227
756
3588
6170
2289
817
1667
381
760
984
944
7419
5106
2451
8443
5648
3622
7401
763
2276
8767
2833
2403
4982
4165
9368
6780
7722
1768
23
1553
8641
9644
3621
3924
6416
1235
9206
8224
4062
9428
1264
3657
6766
6146
7389
7097
9474
7104
5129
1545
207
9445
1418
3529
5061
8168
5790
2387
3246
5434
7242
9473
6770
9643
6311
9641
2233
3612
2434
7132
8142
4196
8348
382
2218
9971
5215
217
7802
5721
6187
5032
7932
28
2805
8065
3618
2687
1306
1397
838
2415
3635
6129
130
6820
4623
6971
5916
7738
6555
8894
4330
4426
2441
2701
8790
5778
8700
773
9495
6363
2101
8485
8073
9074
9060
4392
476
2904
3310
8214
5890
5942
3374
5438
4202
9710
1152
4314
6373
3502
1900
4522
6171
6843
8093
7484
8633
2417
9108
692
2340
3988
644
5277
1674
4190
2834
4521
5449
8235
2371
6268
480
1861
7834
5413
8535
2015
2391
6100
4110
8936
2709
3302
208
2459
5683
800
1957
275
9400
4846
2530
1784
9385
8760
366
8737
980
4253
3789
2310
2437
7861
9575
7105
2022
1981
3566
7926
8609
1741
9247
2685
3141
9087
7341
6900
5340
958
1050
9986
5370
8143
7365
5885
8587
4351
6600
3466
8158
6617
4853
9911
235
1812
4815
3865
2267
3666
3665
3414
8038
1625
5144
3537
5888
4539
9493
4899
5169
7734
372
4183
3175
2522
9778
7591
4819
685
934
2661
7230
6598
7623
4856
3962
3745
1958
4087
7190
7007
9973
6410
7176
262
9361
7381
3731
4500
3318
5719
2883
4594
7812
4958
8096
172
4891
8398
2413
9275
2143
1000
6078
8982
9578
35
6272
3785
9481
8532
5280
5422
1620
6908
7278
7975
7489
8349
1081
4839
662
6554
1853
660
2496
7391
2971
6378
8278
8965
7960
1327
8116
9697
9119
8515
2636
5103
7092
7283
4910
8118
7461
612
5306
1434
8301
2771
4904
4396
9441
6202
9277
5099
7372
3095
3999
506
4366
6382
417
5533
8788
1071
7777
4561
6393
7196
3742
1988
7701
1573
6429
9408
6342
1824
5102
9042
609
308
3462
8662
7250
6237
8270
169
3222
6615
6577
4004
9586
160
1882
132
1276
2539
221
3054
3768
5802
7980
3958
573
9323
6532
3790
8979
4379
1969
1030
5397
6785
6425
2377
2961
75
226
3131
4617
8081
3485
3341
489
2253
5897
6299
4515
654
7990
2114
731
1462
4946
9393
2863
6857
9333
8121
3925
2153
9935
5628
790
9977
3816
9305
8629
5272
956
7682
6763
2221
815
6710
4322
7329
2911
1034
8300
8082
8516
2247
6565
6418
5610
9725
3632
9256
5275
4033
6822
2000
1310
1193
7411
8899
5138
7429
1458
1037
8129
9794
9835
3681
307
6368
1594
289
4861
3987
9142
2396
2955
5566
2723
3064
8841
4924
4063
2992
6821
3879
7989
6881
9251
4208
1266
49
7349
8314
1755
5638
2757
3527
5669
8245
2186
3375
588
2957
6475
3320
6041
8724
745
1979
9903
691
6236
2677
4498
1543
5627
1402
4390
1096
5969
9870
1926
4414
1041
6479
5058
2098
578
8892
6468
103
7071
4592
7511
1983
1056
5508
6787
6292
7016
5738
2156
8429
9340
5444
9887
7083
8319
8832
9845
9054
7848
3139
8405
5879
5842
736
2963
4036
1890
6161
766
7324
608
9925
986
6799
6252
9940
860
3303
9030
5164
9559
5908
7254
9348
2425
3332
1413
170
7583
4145
9283
8486
1341
7203
9433
4987
2418
9304
3133
6447
3262
1435
9800
8779
5221
3043
3767
2288
5874
9686
698
4957
3853
7700
8920
1021
8540
9556
9209
3003
5775
419
3218
6874
1262
6667
9043
2815
718
8108
6505
9082
106
5973
2243
1217
6599
7518
8807
4872
522
6758
770
407
9742
1387
3984
4791
2054
9784
6748
9806
8419
7911
9921
8127
8864
4420
999
5466
9134
8165
1120
9076
6654
5741
7628
4675
5314
2244
2150
8978
4163
4168
7797
4496
9893
841
5403
734
5220
7406
274
8600
6886
4346
9398
8102
9616
3068
7241
4213
7425
8692
3526
8985
8974
6185
2793
2443
4434
6891
211
3086
2110
2696
4817
401
4974
2565
963
8716
396
8678
6004
7982
9743
3858
8575
5575
283
3523
5883
1376
8710
671
3075
2974
433
1493
9207
4292
6487
922
8187
5747
1022
8720
1974
8673
6437
5057
9914
4956
5301
8337
162
8409
4
88
3401
4236
5178
3253
7570
8809
8201
4626
3018
9028
7055
4510
8605
7259
595
6602
5688
6826
7825
1711
8639
2811
3433
5254
7094
5448
5516
4978
2096
5482
2041
9429
7584
7358
9661
2997
9906
8550
4546
7977
2523
1794
4748
6707
7799
6989
1758
4976
4868
8391
5471
8124
6911
8627
5348
9036
5361
9438
9308
3493
3167
7533
1230
7214
5892
8229
4049
6369
2902
4072
8401
9753
574
4442
3545
6678
1995
474
1589
945
5476
6356
1885
4037
7525
469
9891
1133
5191
4375
8041
5210
3388
5599
8435
4838
7017
6124
6426
8509
2959
13
1425
6017
7843
5120
7156
1197
9421
8757
8773
9373
4641
4687
8000
1256
1715
4801
6105
7316
3656
3025
1929
4143
3005
4452
4869
1355
9719
7601
3576
5071
7326
6253
4538
9045
4661
9005
8053
7781
3867
9659
634
9602
7931
1781
1645
2269
3474
9608
7712
4719
1043
3031
1802
5428
2630
8288
8943
9387
9291
5826
2688
7504
6485
9017
2453
7337
1750
5740
5313
3778
6920
4077
8547
5046
9936
9560
7111
4445
4401
7145
1877
2892
4084
4952
2983
5456
7217
6365
4597
2147
1544
791
8991
6220
8312
4188
1060
3852
8232
4228
9246
1239
8496
7651
7306
3136
8169
5992
7774
7171
7924
9412
6333
7244
663
591
9987
4646
4549
428
495
488
594
7742
4688
2400
3672
7959
432
8928
2449
3110
7505
7876
8674
1557
7841
9633
4294
1780
4113
2676
6776
1456
2578
3840
2939
8688
8471
1089
394
1706
3365
5998
2450
2862
1770
7808
3344
3284
8368
9933
973
4408
6308
6675
3386
1785
8062
475
5618
1163
7115
7809
7740
4945
2095
4780
9289
6535
4743
7074
6718
1301
8299
8983
7412
93
1187
7946
4438
8719
826
9407
8271
2646
8131
6926
9096
8019
9826
1335
8610
6870
4209
5682
6400
2111
4571
8340
1948
7029
9120
4679
7719
1764
6335
6051
4397
3797
7671
8207
3814
5037
3358
52
5409
6779
1668
3052
9637
5462
7047
3562
9187
3908
1218
2846
2786
2913
3298
4670
4879
3214
4603
249
912
6855
8377
1710
5045
2774
5701
7126
2339
6065
6672
4811
1481
4570
7873
3010
3940
2819
6666
8640
8778
4666
5074
3117
1336
2070
2080
214
1143
4966
2562
8006
4214
5909
7656
9531
9047
8925
6585
6818
8267
6372
7480
2998
1291
5807
3047
196
8672
3983
4010
6250
82
310
2370
959
9718
4350
2947
7736
6234
5528
1464
1052
7815
524
1194
1815
6781
1221
9859
6867
8163
4093
3584
462
2586
3606
1693
901
4255
8891
8759
5064
8425
4491
1384
571
6190
9171
8821
9621
9414
5547
7075
3659
7098
940
4247
8706
9771
6977
166
6050
6461
9871
4619
1965
71
5088
5917
9396
690
649
7768
7557
7938
8202
9122
1191
1366
6737
2375
333
8574
8445
5511
9797
7925
1737
6909
9958
7312
7303
2823
4097
977
1739
1841
8689
4220
9111
827
2577
7399
3978
5824
9984
3633
5935
8463
7675
6417
3217
2270
9377
3450
8476
6013
6608
9839
9182
6856
6406
7050
3233
2621
5645
8344
2157
6940
3249
5877
1856
7020
4013
5266
5519
6165
7620
8857
1801
8360
1411
2295
3307
7394
6297
6536
4579
781
3372
156
5978
3719
1444
2717
347
7235
8338
6281
8191
4770
6726
4662
5405
7033
2086
3168
9789
4179
5203
6379
4172
9033
2161
1695
8831
9186
7795
967
2668
4484
656
3798
7804
472
8205
5989
7317
523
6231
9271
8219
7136
267
9073
1117
7965
3929
2905
9788
4251
4428
5697
385
3251
5458
5207
7952
7585
5427
1903
2049
701
9831
771
2036
582
1241
9172
3836
3812
7359
5504
1685
1761
5809
6320
4378
1883
879
1999
1998
739
2467
5806
9727
1637
4148
4464
424
3705
4467
313
2312
1088
5334
2627
2092
5117
4239
5828
3464
7581
4439
2399
5354
8632
5180
3825
6817
3834
5794
3349
5774
1286
1607
404
9792
1112
4633
1323
2654
3123
3317
8305
1038
7962
1077
91
2980
2008
9916
5844
3857
6432
3907
7572
4307
2838
3002
9192
3875
627
8448
7829
1195
637
9708
9258
7057
6115
6179
4892
6832
4457
2748
2958
8026
742
1049
675
1075
9214
2126
7397
8378
7616
2742
9805
68
4265
7851
991
2319
9972
340
7475
7277
8451
98
3675
402
7871
8846
4267
4140
4864
855
7920
6665
9443
8394
6991
6515
7496
960
5108
4929
3900
8577
1349
864
9449
1371
6216
4715
8194
2366
5155
4700
5043
3044
7733
7611
2486
8643
5323
4907
5858
5754
4621
1519
5271
290
3573
4769
7350
7116
286
7850
41
9910
8392
8591
3421
7245
5799
2388
8140
5231
3465
2721
4664
7680
8400
6893
7323
9430
2877
5582
2499
4755
5679
6137
3337
9085
4694
6353
8251
7319
276
9856
4184
6869
857
7660
7385
4893
6875
5767
6512
9215
6854
3953
8109
3342
6664
6681
3074
6860
4425
6580
5601
7224
3026
3285
5000
6474
6966
8913
8533
1901
6764
9665
9886
1797
7187
9001
5069
3922
8241
9372
6251
7597
7927
5262
8508
7688
9978
3623
406
7260
7820
8204
8733
7729
7036
6166
1891
952
1928
1324
7679
1128
1185
9807
1437
9873
1008
1080
9125
282
6525
2897
5134
9468
8387
9141
7807
6946
6972
2463
8732
5406
993
114
1651
880
8747
2009
9937
3104
2003
3885
752
8656
8493
7027
7745
1403
1491
1321
7413
5979
8787
5399
4303
9451
5554
6108
4774
1470
1496
7122
8266
2368
5661
9099
2504
7707
1200
4181
9219
9008
7486
8862
194
9519
8749
9180
6839
865
3850
8901
3448
7194
7106
6083
947
1707
2401
536
8153
9927
3887
7384
5105
8105
4659
261
15
338
4814
9136
8218
9339
5175
5678
9915
4689
7715
3037
318
2064
9486
7444
2672
9140
1130
7664
7852
5658
2104
801
2544
8667
9734
5659
6741
8825
4567
6594
2931
4025
858
4505
9460
147
4776
994
3894
8501
931
7704
9478
2318
2707
9174
7237
1982
2474
7765
6383
446
1364
3451
3539
5952
2376
7201
9524
1800
225
9863
4841
5381
5114
7621
5087
4602
2596
6421
7942
3157
4726
9521
1796
315
8289
5901
5181
8877
9766
1876
4324
6390
8284
9146
8715
7865
4637
682
5681
3135
2383
2946
1687
7756
8552
9881
1791
8491
2108
8519
5130
6936
3272
5632
7981
2364
2843
4422
4021
186
8941
3809
9357
9951
7021
8792
2986
2835
6316
4128
601
7446
4725
3499
2513
4318
3560
8032
1943
784
6778
1214
4502
9415
3046
3211
995
2216
8583
7536
4241
8453
7311
565
727
4281
108
48
6914
788
3073
575
378
3098
6915
3413
8931
1826
4354
1461
809
6540
1937
8642
430
6802
8057
8677
7684
2861
9375
7889
4231
6890
7293
5625
3934
2480
9567
6884
6587
8253
3589
8885
6178
7263
1598
6303
6496
8178
8147
6245
1408
9070
7562
8598
5184
3973
4052
3624
8852
9360
8915
9101
7877
607
6935
1212
749
8946
8018
8125
1015
4185
8897
6543
3996
8351
6656
4745
5517
6762
2491
737
5260
6304
1326
996
8069
5542
7864
2554
3933
1103
6633
6542
1550
1586
257
6186
1612
9220
5980
247
2311
5123
342
3645
2543
3734
9383
9865
5294
5402
3597
3472
893
2726
6030
8568
7818
4085
696
3682
6853
2629
1048
5853
1608
4914
5923
4169
9808
765
2637
9086
4722
3481
8560
2343
5136
9967
2298
6038
9995
4620
9758
7796
3223
3113
7239
7727
6960
178
8226
3947
5252
9077
7541
8595
278
7414
9471
3189
8601
9535
3771
8945
3486
3903
256
3592
204
9518
4573
5592
7134
1188
2457
5606
5617
5432
6197
7641
5666
6318
8810
368
7175
2302
264
2666
8475
4871
2432
5365
1479
4930
8616
1689
2397
9003
4677
5021
652
2941
3890
4708
8819
4384
9956
9410
1172
1817
8188
6538
511
6700
9431
9061
5302
636
361
7220
5843
4565
251
2517
2139
4830
2948
9964
2690
6553
1339
6110
2795
3112
2277
7423
2669
281
5204
4349
2431
7379
5859
3754
3102
8155
6150
9597
5236
5218
9015
1569
5725
4828
5865
1430
8347
5336
7544
1652
7687
7493
8126
2082
215
4632
7044
184
9963
155
9144
1583
814
1386
9555
4588
7683
9514
3109
4134
7247
3397
7213
5468
5950
9175
758
5359
3061
2201
4586
356
8329
8781
615
3300
2097
2292
4321
4947
4756
219
9611
6819
5728
6053
8871
7883
4229
173
6490
3237
9034
6116
9004
1412
1090
3636
1804
6162
9369
1922
2412
5005
7284
4866
3277
6687
2909
2613
597
4365
9716
8106
7969
8968
3329
1243
6047
5143
1233
7265
5629
4034
6035
6683
4016
4493
8046
889
7587
6814
9301
8311
9418
4536
674
7062
2047
9118
2708
6863
8763
3245
899
5585
400
9549
2007
3258
2996
1845
8957
7102
4268
1967
2772
6206
1390
5152
5594
2299
3103
4796
7599
3546
3206
2928
7647
5467
6247
965
8816
3398
3292
8335
589
6932
9193
7383
1596
4750
3385
189
2515
8039
6344
3373
1215
8687
1095
4277
9422
9109
9288
5500
3269
1307
849
7509
6646
1347
7917
3946
2844
8563
9189
8483
5242
9492
9992
5704
2327
3713
5296
3608
8385
174
1816
8666
3290
242
1290
5956
3351
8717
9081
9044
8399
4583
133
3917
4429
8690
5662
4306
4189
1670
8669
2069
6723
5349
2326
926
7032
5722
6317
3720
7376
4219
2860
4215
6694
8273
339
206
9417
8255
886
825
384
4124
6477
3627
8067
4648
9676
6968
2190
8432
135
9737
7001
7899
6007
9213
3230
8384
658
6642
8619
4551
795
6302
1487
921
6158
7165
1164
2245
5896
5982
7757
7305
9176
1694
6575
3403
1287
6959
7776
4254
5440
1351
6759
4753
6786
1704
4477
2197
3522
3687
2324
7369
7279
7730
3156
4895
2456
1380
2362
3826
7985
501
1501
2028
5083
1688
471
1248
4717
4746
5228
8995
5726
3637
8462
5224
146
8849
891
1561
4876
8044
6211
3239
213
4295
8119
664
8454
5724
9632
8794
3478
8726
9974
6215
2137
4018
4275
5001
5983
8099
4289
4082
6310
4937
3033
5299
992
6276
3520
681
6385
4302
5788
6951
7847
1298
7167
410
5513
6693
9379
5647
2790
8541
6164
1654
1714
7331
2090
4142
2484
9295
1255
2017
4291
9960
884
461
7790
1578
9161
9018
2506
5518
1889
3556
1379
5501
6469
2423
9813
78
6060
1551
1819
3544
1406
4064
6174
8805
6771
970
5631
2575
4250
1736
938
1350
520
9046
7535
3550
3437
4560
6834
9768
1098
9985
3304
9551
3554
4475
391
2034
2478
508
1615
2333
4020
5522
6601
83
7648
6414
6101
1369
8986
263
5048
2330
8712
3366
6888
4714
9924
4273
8814
6731
2614
1229
867
7803
3533
6205
399
732
3871
5630
7398
8703
7460
6073
5880
6054
925
4848
6747
3313
1198
8199
7964
2136
7718
6840
8959
350
8919
5845
6571
1283
4915
7172
6847
6624
6122
4504
5198
3712
4548
199
9561
7325
5965
8257
8029
7035
7967
3680
4870
8489
3735
1175
4218
2282
454
6612
4778
6075
4513
4296
6433
5668
6107
5939
1259
6397
1725
7360
7077
3148
1599
7148
2785
5298
1873
9345
9899
854
9526
2608
7625
4221
3615
7732
7613
1837
171
8309
6188
6827
8012
7240
2895
205
4683
8369
4959
4604
2353
2808
2346
560
3877
8926
3696
3158
2093
6669
2076
323
5491
2814
5416
5268
2271
32
7253
6199
4612
408
2603
8302
8800
516
1017
8004
5729
8649
8626
6517
9444
143
6858
3121
9990
7805
4200
7868
6135
4501
9527
9354
3006
8797
2290
2006
8518
585
4812
8793
7569
3428
7870
5127
6380
3642
1467
5477
1231
9389
6388
1514
2424
8818
1905
2305
1834
292
5141
6181
2011
4984
3761
3019
4696
9799
9732
6361
5558
4159
5964
2464
5530
9411
7681
8469
3461
5571
7332
5996
684
568
6048
989
6907
4166
4152
4986
4331
5488
9002
5801
6294
8997
8295
2061
5596
4458
1854
8944
7202
6788
3756
6551
5388
9343
1311
4672
2192
5353
9711
2651
6835
1202
3661
3914
7842
9457
3146
6119
2249
8722
7430
9191
7447
1538
5796
7231
1399
6501
9638
2468
1728
3056
4177
9278
1946
8947
1984
9437
1718
5068
4320
5931
2716
6450
9938
2518
3998
5435
5080
6085
3153
6212
861
1920
8354
9265
5436
3835
9245
8324
8696
6671
8637
4245
371
892
2507
2281
5786
1269
2605
2498
1850
4285
2099
5550
7100
1924
1975
5862
6529
279
5520
2131
2075
9446
2890
8406
2633
3856
3786
897
2665
6168
379
4373
4174
7338
1803
8198
1460
2836
2181
1540
8573
6106
9072
2381
7948
9507
4581
1790
9197
2337
5762
4736
3905
5322
4079
5179
6929
1603
5570
7367
9170
7652
5165
438
1558
8279
6636
6964
6690
7605
1976
4363
6638
6717
5264
4843
7618
5257
8133
4671
619
9395
4328
1570
5798
3893
1244
8051
850
7152
618
8246
7234
7404
1910
7586
8415
4260
3784
1616
2389
8192
785
8529
9874
3289
1469
4703
4585
8276
8952
4326
7766
4698
7108
1391
1622
2587
6265
2487
7594
2489
8752
6233
4374
1177
5613
4735
86
119
8196
4859
9254
9137
8370
6374
4176
2393
6986
6141
7378
2638
3410
1443
5988
1046
7261
5757
1913
695
8098
491
3631
4327
4640
531
9391
1584
2710
5614
8320
1478
5899
3839
1125
5455
4436
5312
7410
687
9862
3716
946
8999
2303
6026
2485
8680
569
3396
6143
5318
8396
305
7639
1251
1555
7553
6473
5913
2820
5217
148
7987
6198
8009
7567
6561
9869
4775
4593
9127
1108
3444
680
3897
4249
9829
8736
1277
3347
8543
6901
6973
6411
2494
6969
3108
4160
176
1210
4950
6470
2594
6848
4523
6738
4304
6880
456
2610
2840
7193
9331
521
1636
39
5837
3600
2960
8567
2693
2350
5684
7019
3580
2228
4509
4638
9907
9210
5052
1091
6722
3350
2294
7125
8650
420
5077
6371
2348
7462
3129
9820
6660
3482
365
8653
6866
8174
8208
4832
9624
2872
4888
497
7082
3404
9783
7499
193
9623
9879
9403
69
1600
3315
67
227
3915
1394
9592
2141
8101
7874
5300
4073
4767
8658
1627
7577
1787
835
3888
1585
3872
529
5093
7951
1063
9663
4121
8599
8120
4071
7037
1916
6488
3059
8870
301
7405
4983
5384
8853
2969
4865
3749
5652
1246
1767
2865
2642
4263
3004
3116
4525
998
7947
1297
1044
1809
7436
9613
115
6008
3423
2780
7408
7659
2466
3460
7780
357
95
5293
8376
6830
7374
4138
3514
7665
6970
5209
8704
643
9702
5677
3718
2493
3945
5557
4918
6358
4155
319
6296
7631
7713
6002
9052
7095
4542
3162
8684
2115
1315
709
4954
8660
6217
1829
7995
3297
9811
647
4877
7928
2342
6095
8746
5431
7619
102
3552
4636
473
3090
5100
1401
9787
5867
9688
7320
7750
6151
8130
7811
9165
1497
6982
5621
9463
5223
5509
5746
862
8304
6460
6733
1131
4506
7979
2601
141
5832
79
2279
5038
3449
7580
7523
1991
7313
1313
4616
7547
3016
2124
3764
5371
1676
510
5561
2102
4447
1581
4441
2057
8695
4685
2864
2152
351
6813
1118
2715
1209
2802
4786
5285
1356
7127
70
9947
4105
8250
9506
202
1238
6958
4329
5731
53
4003
6838
8685
142
7890
544
6861
539
9264
239
2942
1332
8942
1129
3688
4794
3027
4393
7471
6293
5595
2667
2135
8981
6283
6933
2229
2052
5568
1247
1421
2328
5156
1267
4980
5889
4487
2392
9394
3395
26
2755
8339
8427
2740
5470
3967
5486
797
12
8472
4835
5718
182
4400
4158
4141
8403
6264
5351
9218
8272
2155
2066
3964
6657
7251
8421
2645
6138
5425
6885
1793
9276
2841
7882
3937
6092
8150
7521
7913
5407
6077
481
3652
5357
4299
5417
1073
3777
707
2125
8114
4367
538
7028
1691
1708
3082
623
8122
8031
8258
6735
3093
5689
9629
8259
7728
2736
3725
5060
3431
9093
7064
7685
3677
349
6769
9541
2869
2363
8095
5016
5369
8502
9717
2813
4777
320
3343
7695
987
2749
5200
2306
7450
9450
1094
8110
5870
6704
2056
8002
5316
8310
3390
7633
7099
1851
3085
4066
7996
5004
2620
6603
1174
1260
3601
9603
7184
1263
703
8468
4359
8238
8839
6336
6902
6139
915
761
2060
1880
851
5714
6777
4256
4086
3039
2618
8748
4610
4195
4826
4107
3212
2495
27
157
6070
2531
9447
6279
6491
1225
9440
127
1495
4122
2775
7984
9425
4793
7483
6889
2398
697
3496
3144
9476
789
300
1342
4999
1690
3338
306
9878
1865
5098
6639
4490
6323
7158
3596
3743
5463
7624
5987
3380
4628
5602
1370
7487
3869
748
3194
9634
631
6592
7272
1798
2094
5898
9746
6066
7347
4678
6086
2004
5372
7154
6674
982
2275
2409
2972
362
6836
4119
6001
1806
1149
8141
3845
7182
5059
3071
5012
3232
611
3152
1309
2077
6792
8725
7110
9547
3990
9341
3971
5735
6248
3811
5759
54
452
8024
796
5097
9653
3663
7024
5173
5990
3763
9707
8634
8470
1295
291
9892
4109
6864
9243
3772
1749
2103
118
3938
1743
6239
2067
2307
1156
7434
2394
5279
1846
1186
3491
7783
6476
4809
6685
5694
6183
8603
1445
6850
9475
1868
1148
1018
8321
8659
3975
1107
4963
7067
8015
9658
6689
6306
457
9590
6841
9173
1115
5423
4261
6992
9292
3008
4981
1756
1407
4031
4953
7453
6266
5050
6343
8812
3399
4153
9591
7070
4667
4686
8916
5529
9229
3686
9269
25
4713
7371
8473
9923
6509
9380
1383
871
7966
9693
1593
7875
5222
1289
5162
272
2196
8964
3558
2039
6549
2978
2929
9825
9877
5118
5014
3119
4115
8843
552
7819
8635
9194
5411
5776
6242
8260
5712
694
6367
1762
4650
7764
5287
8636
3011
8003
2433
3931
950
7353
9164
6904
6511
6028
2286
4639
5960
5154
1537
9866
8613
8555
1472
8867
7709
7720
1923
2024
2999
2526
9016
6025
2222
3088
759
5230
9303
2714
6451
4455
3306
6246
2447
9435
5947
5206
2040
3271
1657
5188
2173
8458
287
7880
9362
906
1888
2641
5240
5771
2122
4994
458
7282
622
8948
1137
1971
7968
9356
9750
158
9143
624
2404
6258
4243
7481
2026
317
7495
3155
541
5185
4352
7632
4995
3017
4771
4262
1070
3950
62
9635
2945
5564
9939
5132
2584
1783
1742
8091
3760
1700
9132
1827
7909
5642
8929
2132
5029
7060
7612
1484
8345
1871
8813
3783
5368
5490
5495
1887
1624
8708
9310
1504
4607
7058
2087
3198
8520
3909
3957
2825
9019
9059
6629
5821
4041
145
1942
5904
8231
9049
5945
7638
304
3236
2470
1954
1953
4693
6256
9160
6453
3575
6791
5355
6760
1731
9953
9239
4919
8772
8072
8156
5304
9631
6260
6647
5121
8171
5464
3765
8175
5876
2503
467
1378
6481
6954
1564
1892
5803
3936
3806
104
9317
2595
4691
9583
8503
9022
9675
8085
1192
1866
4967
626
5981
2592
6794
6039
8064
9647
7760
5393
8884
9095
6423
7519
3032
3997
4347
1567
8970
4833
7223
3880
9102
1502
7256
138
6228
6348
2784
3751
534
1079
8372
5465
9627
6652
9147
7725
5840
3791
7644
704
3035
8758
1454
6593
3161
4916
5270
2420
4836
1795
5497
5705
3557
5593
2649
7270
3538
9695
2797
3190
2345
1757
928
9596
8663
4178
9477
18
7593
2109
4936
4078
6127
9819
4531
9790
9228
8221
1450
2809
4246
6327
513
7904
5805
6408
5063
7294
1189
3611
8438
4920
515
4949
9552
4211
3918
8164
7482
1438
3709
1978
6632
5538
9204
5251
5163
4120
8294
6844
4388
7972
1146
2563
5869
9649
9812
2226
5552
6740
1772
9455
3916
5137
3097
5588
5977
4847
3419
9576
716
2255
3948
3531
3911
7014
3599
3264
4470
3884
177
6576
1898
990
7991
3830
136
9318
7845
7290
436
3179
3439
8584
5793
776
1503
8460
7129
2576
5225
3954
9767
833
4008
8820
9763
8176
3357
3130
6430
5208
3422
4286
5036
8028
2789
6927
7123
4884
7160
6214
4971
2921
1546
5884
505
6688
6943
9480
140
2386
9667
1446
1183
3776
9420
9105
9593
3013
7258
4783
8881
96
328
3653
6498
5882
1201
5782
8330
8366
8890
7578
6043
5619
5383
3706
9574
5189
9240
875
1872
487
4059
8624
7080
6027
8744
8017
24
6999
1701
3920
4443
7454
2422
2188
3392
9212
2624
7492
8181
3077
1681
3598
669
8571
4242
1083
1631
1675
8718
5866
5460
5085
8607
2140
2733
5616
677
9185
3822
2798
829
6045
7677
6096
5835
9920
4651
8539
7830
9594
8308
2800
4006
6257
1271
1254
1918
2215
2374
8693
8546
5311
345
9263
1140
7916
1114
8989
6117
6314
2882
8886
7912
6626
8274
3234
3314
403
7288
490
848
2283
8180
2329
9677
7921
7355
6148
4740
4356
2555
244
6156
3740
7500
2352
4532
1232
4808
1944
5730
3658
3255
2568
8074
7373
1005
8210
8525
4398
3359
9731
5995
9434
6981
2670
3171
9876
3134
5857
1113
9298
5597
6668
1992
7464
4444
5548
7153
1184
7751
1274
5962
7222
4028
150
8296
678
7604
3250
6616
9145
4460
3579
7409
798
2206
6662
907
6136
3710
7269
613
1308
7022
2313
8327
1159
9131
7079
1439
1072
6578
4810
9039
6069
8422
9517
9779
2062
5006
6492
8993
4800
8740
9401
5190
5702
4887
7933
9508
772
2537
8770
7170
212
9
7155
779
3876
3660
5703
853
6744
5281
3361
9123
7049
9803
913
605
5367
1893
9760
3147
3604
4514
5070
11
1338
1660
2435
9482
8440
8522
6350
3843
1529
4283
632
4369
7782
2817
8179
1517
9166
1234
3416
465
3842
6210
4979
5534
6347
5562
7149
4960
2073
7192
2382
6238
3078
8089
5226
6398
2465
9682
577
2130
8317
5760
6359
4316
6775
1828
1763
4280
1510
6934
498
4462
1340
7762
1572
7831
5938
5934
2934
5284
5967
2604
2991
4054
2585
8254
8697
8011
1227
5603
1673
8084
5295
442
4699
4418
7697
3555
6650
7078
6332
6944
5503
5378
7299
2390
4223
4528
4483
9312
9975
4850
4450
5248
8149
493
6452
6703
7737
7030
8557
5343
1577
1789
8865
4480
30
4334
8523
1970
667
5025
6651
3240
2769
6346
1353
1011
2653
3114
9358
4264
9491
9655
2490
4863
4734
5159
5039
6331
1994
3471
642
1935
1257
9107
494
7208
7545
4402
5454
6513
5812
4559
6355
9112
5243
3381
8190
6887
2574
2900
4875
6949
294
5398
359
6833
5984
769
4175
4991
6184
2741
4913
9452
5345
327
7862
3594
3118
4118
2127
8562
389
5337
3553
3467
6278
4572
2021
4212
9772
1915
5772
5829
6712
1941
5096
650
8977
1312
6329
9883
2336
5563
5233
2159
7939
9376
1035
7052
917
6862
8880
