4827
2167
9975
3146
1573
9756
5719
971
593
2677
8098
667
3399
4131
8689
3228
1464
9427
284
6704
7624
2510
6025
2592
7861
8743
4818
2391
8587
8843
4639
3413
4393
9300
6959
3324
5396
1184
3258
4441
5359
94
9371
2010
3426
8160
4733
9240
311
7943
3237
9356
8910
3378
734
37
2724
7207
5600
1752
753
3789
1893
7432
4712
8392
7389
2439
2293
3881
8467
6131
9087
2353
2441
7425
1565
8772
7525
8790
3082
4381
4655
5417
1
4836
283
6155
2944
4180
6492
8230
149
8564
6171
4042
351
1835
4959
8376
2272
4775
1978
9714
4606
5498
5574
9938
5772
3353
4112
7873
7877
9004
567
2641
1940
26
2768
4889
5645
4204
9162
2984
8296
7254
9490
8518
422
7107
5285
5883
377
547
7227
8822
8277
8281
1180
706
6276
9011
6353
9762
7297
6531
2462
6397
1354
5410
3296
78
8488
1501
8731
8951
262
133
677
8958
3804
2903
5374
4696
4522
8871
4041
6003
4852
2601
4077
3527
9673
1723
8650
2382
8387
1262
5026
8234
7316
5063
8210
3369
9416
899
7354
2367
3078
475
339
6816
9569
5648
5759
1634
8663
6418
5200
9618
2442
3295
8776
8002
1137
764
6893
335
2516
398
4856
1014
6895
1902
9939
8212
4206
410
6256
7395
5538
5776
7804
3008
5782
9412
5158
7577
7471
9158
767
6767
3011
6052
6907
566
7678
9691
7910
3434
7141
7189
4200
4330
6369
4500
153
9600
8009
5687
9039
4212
2647
7104
9769
8329
4154
6141
7796
1044
1387
2369
4067
690
3771
9387
4757
9831
9683
633
2205
9241
7112
7482
9249
9808
5634
1276
3133
2136
3402
4951
4159
1400
907
1142
4057
5835
3816
9456
546
647
4002
1810
8700
4670
6670
5187
7142
55
1377
9393
4677
2031
6640
4558
606
1881
4469
9153
1394
9344
4009
4981
2431
1483
3986
7931
9671
2814
8683
3927
7607
694
8926
1571
428
9475
5482
5244
2406
1603
3938
4501
4695
792
1612
4213
3299
7881
9272
2579
4881
7880
3982
9619
7281
7946
3067
403
6784
4385
5117
2555
9697
8607
1035
3500
9923
6163
9141
7538
1609
3917
407
581
7410
5986
6595
1407
9074
6064
2132
8699
3070
2170
7908
1664
2525
8020
6291
7140
9872
9180
8426
1830
3061
2692
5239
2335
9255
1732
3578
3075
7576
830
2794
9965
5536
6392
9609
4426
2416
3503
9395
4592
7258
2597
7415
66
3833
1088
4211
4156
6413
7130
662
3229
5711
8417
1848
8366
9022
1636
6327
1762
715
2464
2577
4342
1932
484
4862
1867
8868
5357
6443
1114
6540
1073
5338
6514
6164
8140
6421
3102
7884
4478
1872
3989
8414
8759
5779
1083
6986
4378
1133
9690
3040
2157
6382
1232
8167
8949
614
3186
3894
2365
5337
8763
7718
7228
847
708
7204
5717
4207
2095
1735
2169
2964
7401
3007
5035
6433
4184
2457
7113
2771
7990
1485
9971
6961
2711
3421
7488
6748
234
4094
2687
3969
5229
3871
6736
6090
598
1970
6609
8200
4217
672
5218
7556
5129
7449
3410
7475
400
3862
3173
2223
2642
5411
2343
9167
5141
2764
9321
9372
9843
5091
5773
6145
2942
4127
2884
6174
1278
5777
2155
5364
6614
4024
52
9645
9692
6454
7762
3988
2491
3193
3251
9388
4902
3084
6037
8258
3643
9261
6989
3128
8285
9232
7219
1219
9218
7001
5191
4740
9884
1526
8892
260
2882
3660
825
9849
8979
6904
9092
209
7794
7617
1497
3081
730
9755
528
9927
2926
9057
7347
2050
1275
6809
462
3566
952
5084
2331
5092
2433
8966
3598
8349
1803
4535
3865
1635
3983
1794
2346
5548
3554
3131
4678
6607
1777
954
7214
8179
6200
2784
1623
4879
1458
2888
5654
8870
2068
8135
7125
4503
8128
7413
3108
2950
4663
3095
4319
154
6161
4455
2085
9614
208
9626
8563
9434
196
6274
4668
3712
3143
2951
3397
3515
7574
1026
4949
1729
3160
5807
1722
3400
9518
2020
3140
8386
5722
2539
4834
8374
6231
1560
5653
4900
7551
3445
4058
6583
1249
135
5557
1525
7340
713
3848
4664
4494
749
8715
1748
6139
3597
4534
6494
4794
240
4003
4373
9855
7485
1590
4452
9192
2628
6963
3242
3867
8156
9610
117
3023
4882
5349
5583
2038
2300
8145
8934
525
8894
692
2103
8259
1415
2221
1851
747
7361
3747
7774
3661
6051
9920
1511
5889
3284
8691
1215
7709
5295
5659
7117
5639
6873
8308
6184
7765
5077
7680
9050
4022
4006
611
2116
7076
8023
7375
340
786
8814
6065
124
4347
4699
5994
5944
3018
4278
3581
5977
5625
7712
6468
2339
7987
8503
1289
4582
1724
1654
73
2171
9026
7220
4414
5953
4841
5970
1045
1288
9404
8403
9132
7575
8050
2512
6329
5090
6705
2122
1521
7064
8312
9294
1716
6849
7341
5395
3805
5209
6399
7746
5919
2851
7840
3967
4781
4509
2412
7453
758
3815
7683
330
5249
5194
7237
543
3136
47
5065
4875
1885
8925
6973
8164
5459
8435
3217
2118
6390
620
146
9252
579
9491
9108
4538
2296
6129
9989
7274
5675
3837
5949
4809
3459
1706
7947
8895
7442
7478
2212
1063
2478
6998
6266
7896
8629
1564
4280
3094
4100
837
7111
3573
2744
3072
1454
2526
5371
1303
3793
3690
3713
2492
1536
4472
355
3321
6407
5462
3105
1527
4871
6496
7351
876
3447
2160
9216
8974
3244
6295
63
3199
8445
83
3428
6453
8625
4942
651
3138
1406
1178
7369
6004
5086
6355
1398
777
9204
7728
8655
216
8470
6521
255
5365
9889
9062
5461
7342
3338
2232
6738
2026
1670
9430
931
9960
4779
6939
1845
5894
7569
4901
3057
9841
4514
445
5119
991
9964
7246
4001
8566
8735
575
4795
9881
7660
9914
1228
9584
1355
4483
6766
7129
2106
8875
48
4788
4707
5265
4793
360
9563
402
4439
2535
3255
2900
9739
7444
9752
2047
7037
1177
7250
8836
4120
7886
9256
8089
1899
1549
759
7892
1428
9125
3720
5157
2197
4136
1098
8331
3918
9186
1589
5811
6599
5215
2807
6134
3220
4313
6265
8012
675
7503
7320
3723
6622
1562
4322
562
3246
7048
1058
8657
2400
8124
4913
8917
846
4817
9319
673
9506
7009
7867
6290
5640
7823
783
5616
9139
5480
9324
4063
3266
8780
9247
6972
6188
5071
9199
1191
4276
1384
8664
3290
3602
3514
2289
126
8872
5814
6347
6050
3448
6438
7647
1018
3063
5720
8638
7715
2324
3670
15
9432
604
4011
1529
3027
2729
9772
4918
373
3468
2985
3405
8051
9748
5297
4445
8797
8122
6807
9311
4203
9459
9275
4110
4686
8501
8931
2084
2188
6056
4140
538
574
6281
9292
2561
2999
8301
1141
793
816
1804
6931
2228
7153
9901
3637
1768
1961
6794
1652
2683
157
8490
6182
241
8978
7203
7348
7429
7075
8571
926
4285
2080
3538
391
9175
5545
2690
2749
9075
866
9689
1577
7218
8496
8197
9208
1801
4965
87
8209
463
8714
8959
2757
7726
2775
7057
5028
741
9217
2189
2436
6426
9591
2497
8909
2394
4806
8779
8198
8854
4447
1809
71
8681
90
9664
6412
4349
217
7894
5060
9833
914
7188
3395
6253
2624
6132
4339
8623
5848
2695
4545
4106
1793
3043
9946
1256
9492
5440
8666
6297
1633
7217
343
8818
5472
4287
7451
6442
1907
7821
1430
7121
2808
2274
8033
5152
6560
5465
910
6371
6386
5924
8347
8215
836
9543
4231
4025
1342
6503
1402
8253
3945
4014
244
74
1004
3676
5496
451
265
9726
4076
2131
938
5507
7122
5695
6240
9685
9254
5643
5537
5780
8509
3883
6587
710
6743
8410
4620
4613
5288
8338
1246
2158
3796
2575
9110
2658
5960
5404
1720
1368
4318
9429
674
8858
7131
4359
4168
238
7614
2264
9028
8694
9499
3283
9656
9761
1030
8344
2409
9315
7242
3013
4769
5734
3484
6859
3567
7818
6419
591
5910
1401
527
4312
6018
2832
3699
9054
7687
7563
8586
5652
3323
5252
8257
9
755
9058
3916
4660
474
497
3829
3332
374
9068
5424
9860
1685
2891
6343
1396
6628
693
5926
5151
6472
5047
4584
9778
3556
9828
9424
6378
9922
2480
6215
1028
8599
2780
7231
8096
8741
6575
3091
3342
2468
4732
9227
1790
1889
4481
2626
4747
9114
3247
9306
4861
1379
3866
9144
6118
3767
5975
1437
3738
8393
3620
871
9783
1879
2793
3044
2918
9318
3444
6482
6350
5010
223
9835
1579
9481
9917
3060
5983
8984
4336
868
4331
3451
9924
9863
2981
4974
4132
6023
531
266
2786
1372
9853
4939
6465
9403
2266
2967
6020
9479
9744
7920
5531
701
655
9729
6328
425
3990
1033
9084
5529
9441
548
1513
1116
1740
3762
2260
7215
2383
7460
1157
36
5388
826
9016
2207
7626
8921
6985
434
1426
596
2948
7084
4990
9264
5233
2833
9341
3380
4961
8248
2281
8254
7704
9681
6471
7326
3700
4814
595
6623
127
4267
8754
7799
9613
1159
7073
7632
2554
3490
3125
9998
7672
7521
9317
2059
7743
62
1270
3336
8886
645
8591
2651
3099
8293
1900
4832
251
4491
8021
7661
7905
8647
5276
9959
5725
5246
725
6040
3477
5394
5819
5937
8642
4846
2686
8721
9995
1671
8665
7618
6199
2549
5943
305
8062
1413
5280
5492
703
9223
3905
6196
9819
3504
6160
6969
7764
5304
3608
4968
2952
7441
6288
7305
6299
7404
9921
1834
1942
8728
8328
9274
2349
550
5184
7707
7857
1883
6103
6367
5509
5938
953
2112
8994
7169
5797
9322
7456
8703
2545
5969
2798
7450
5724
2337
9266
8137
5790
9791
4962
5579
1260
9285
2475
2186
5806
6823
6099
3171
6089
5713
9025
1310
7961
3764
5584
1703
6383
1293
7492
4438
6573
6245
2449
1414
7181
4396
963
7364
4622
9198
3025
9538
6984
7435
1170
9488
6724
1551
139
1799
1042
7984
9980
5426
1152
4172
8819
6175
7610
2211
4153
2148
9353
5922
8520
8749
3555
5650
4264
6974
6368
8852
6568
4719
9878
2505
4220
736
500
1438
4716
1006
9130
8736
4919
39
986
9557
3485
4857
2774
8464
2149
9850
8091
1093
103
9534
6923
3464
4759
59
6881
4334
4461
2177
9055
2889
6822
6427
5075
8430
4595
8159
8044
8185
8324
1363
7679
8842
8905
4451
4351
7377
4519
5361
2152
856
6774
3279
8440
1666
6658
2912
7760
8028
9753
8553
2283
5224
7572
4528
4308
688
1245
5826
9966
8661
3683
2543
5319
2607
6410
5680
3391
1871
4646
9658
878
6698
4833
7461
967
4353
8644
3062
5785
4821
4888
449
2860
9767
5112
4016
3489
1951
8377
4471
8575
9286
3497
3838
893
6529
8712
6452
392
7897
3344
1147
3633
637
6848
4743
9707
1019
9178
8538
929
2444
429
629
9118
7399
9976
3326
2725
875
8846
2991
6225
2286
7136
4885
5542
7457
1478
5825
9736
3511
9549
8085
3358
9380
4860
8460
9720
9048
4288
7068
8590
2972
5326
4205
9631
5315
650
5196
5603
9873
3801
6480
6235
7330
7072
6950
8860
5575
1766
5274
7430
6135
7834
8668
5754
7380
6116
8916
381
4657
2210
2735
4198
5758
7352
659
4641
8056
9875
1399
6574
3411
6641
5939
9933
3890
3360
4766
5205
1212
1467
6279
8922
6620
580
2483
7487
7811
852
2720
8771
4711
7747
5463
4325
389
8724
4399
7590
4456
2849
3172
4247
2306
4960
3644
4619
8524
2733
895
6791
3014
6920
7650
1765
2194
3621
6565
5913
3175
4758
8101
7439
928
7567
2140
5253
1287
8970
5219
5362
1386
9328
4355
4190
1989
2819
3980
6248
8204
8216
7089
1380
3921
4185
5062
7815
5992
8482
6662
1160
7031
7928
166
3507
2135
4966
1445
5257
1361
5514
1994
3456
5581
6280
1651
7716
2254
7745
5427
6194
2916
1097
2862
9977
9662
9128
1051
4225
8074
3422
2359
7888
7067
6109
5173
293
9262
9832
5733
3311
726
4178
3812
6144
8710
7470
6169
3198
5286
1081
4944
5662
5972
213
9858
857
7216
4916
1292
4880
1749
3604
1075
9638
5638
4263
827
2052
5701
589
3069
5674
9476
8565
3350
5703
1992
3523
3083
6484
9751
307
1677
1207
2803
2407
9528
4517
1337
1597
345
8075
607
3716
9462
3301
8648
3276
4703
7077
245
2114
452
6958
5314
7085
45
7081
668
6783
6700
4495
2360
6771
7543
1457
993
4400
2204
2840
2997
1095
3954
9126
8063
30
423
2091
9718
2715
9781
8696
3696
4511
5893
6830
7800
1875
803
5686
6745
2014
2041
2679
1161
5353
4250
8456
5085
1048
4262
5438
1419
5163
1925
6661
6275
5348
3476
1286
999
2571
2531
5872
499
141
5929
8239
3436
7463
9935
9908
9094
944
5849
8545
5649
6909
6374
7234
9312
3601
81
447
1997
8662
6824
4597
3481
3878
9003
7554
2070
9580
3935
6891
4568
5021
1591
2472
684
4062
320
4398
7665
7904
5188
1302
6777
608
5116
8444
2674
1459
5429
4299
6591
2622
6393
8133
6804
3902
1366
3545
4866
4828
4235
5360
4258
2371
8844
7935
5804
6888
7850
6242
4797
7405
2519
8037
85
9394
6460
7095
6616
4259
7917
4640
8408
1127
3519
7872
3012
981
8971
6654
6933
4457
4403
1324
3653
2885
1465
6638
6726
97
6501
6218
9064
4386
7749
1196
8543
3843
8270
2056
4370
1331
4728
9682
6571
4170
4466
9747
3165
2473
6672
4975
4484
1250
4310
6137
5022
7708
1791
958
5813
9351
6734
1285
8610
867
9547
6994
4051
4397
4497
2858
3100
8310
3346
3385
9958
5036
6224
4729
1741
21
1007
8705
8530
9861
9836
8597
6485
8026
5997
7664
3607
9418
1183
7669
8781
8834
5172
32
7035
9451
8957
405
2443
983
3153
7960
2747
9856
5402
2361
1433
4994
1239
465
3943
8060
9271
3790
2969
9742
8485
6841
8236
7272
5601
4970
5895
5177
6815
7266
6606
2983
1107
7292
5882
7975
9148
935
3492
9567
257
8502
5795
5967
8605
3349
12
9345
3550
4169
7951
9071
4586
4552
4499
6043
2190
6128
3370
6431
5467
7837
5097
204
7812
9774
4563
5585
2927
493
8751
5347
8478
5796
5623
432
2523
8769
1515
4718
9521
8076
1807
9391
1347
2005
1424
8441
6536
2200
3775
2408
7653
6727
5723
9182
2578
5346
7495
1608
3145
6538
2751
2422
6520
7022
7467
6044
2528
4785
7667
4739
2699
3191
3201
4870
6219
1921
1888
1956
5327
1542
5760
8688
8548
395
6511
2082
5460
4724
5439
1318
6493
7290
3537
9209
6563
705
8592
1297
7516
1335
6070
9915
6993
4372
1432
8016
3614
7166
2712
4529
9606
6930
9905
2986
7499
3005
3313
8913
775
2619
3249
3462
669
8964
7298
3502
6142
7199
6639
5082
333
7801
6526
4030
5956
4315
1436
3813
8961
2402
3839
2487
4284
6394
1254
8465
9483
1059
4052
2481
2364
3167
4099
5667
321
5294
1785
338
2843
5756
9063
5692
4516
7321
3745
8936
6692
3065
1962
4467
2583
9362
902
5830
8948
7102
8005
5959
2285
3141
9056
858
5210
7671
8652
748
1665
776
1462
9298
5763
8955
3772
9040
4348
156
1353
5377
513
6770
6147
4648
7170
8612
9952
3809
6764
9527
344
4506
6254
9095
4189
1340
4142
1713
6304
7144
5101
5855
1815
7006
3888
2949
6971
3455
6234
2705
5743
9052
5073
8848
7771
1358
1266
5908
8082
7522
3001
5332
9089
6965
5222
5946
5715
1647
7916
8011
3435
1865
8112
4526
9405
605
4813
526
3525
3150
5646
4988
9007
1405
7968
2664
2452
8161
6286
6123
222
9948
3236
5049
4838
8008
9163
7149
5199
7976
3737
9033
7280
1816
6826
7584
9764
4289
1378
3584
5902
7039
2348
9628
487
6346
5966
4533
9848
5817
2134
5822
4473
1876
4489
9684
5106
6768
1304
6030
7915
2598
2025
8177
2486
9727
5308
4376
8473
2957
3684
4767
4071
4897
5568
5861
3090
6686
3635
9930
9061
6882
5502
3432
6379
8406
3944
6033
584
1484
8838
6282
6
1009
4234
8641
1866
5040
980
2842
6377
4674
7194
3087
8158
8243
7856
9641
1586
6060
5847
292
2374
2410
9215
4382
6863
8845
4898
3706
5999
7838
962
4409
3831
8584
9734
8481
3262
2835
1784
6678
5051
8205
2397
6462
29
6473
4706
1476
891
9812
323
4479
3884
9912
5547
3974
342
818
7160
4602
757
2403
7557
2546
9926
4083
6684
7036
3170
6901
3241
5385
7062
9290
6756
5179
6603
8000
9676
3864
9735
3355
3703
5875
5769
2344
2355
8992
7182
520
3335
3123
4853
9674
70
4850
4694
6370
6289
1188
3590
2234
3832
369
3329
9373
8401
4450
3420
3197
932
2782
5504
92
2533
9962
9043
731
4616
3059
6162
5841
6890
6228
8903
3823
4223
3592
9001
1699
5136
3374
3516
6001
2791
8006
4956
7331
3748
8289
5169
6513
5979
9230
9777
851
5437
6038
2878
2222
3896
7446
5752
1731
1800
1587
3176
5045
7939
314
1648
7854
2060
3984
5436
7700
5289
7524
1919
9498
3971
5993
9942
1552
7133
6404
8907
273
7766
1175
2564
6074
1108
909
5471
473
7981
6713
5366
5052
7358
9799
9992
5433
2229
951
1556
6376
1429
5044
9883
6817
1016
5740
508
8334
6741
5828
8416
2738
8114
2838
5823
8516
1829
1013
104
7529
4092
182
2676
5891
3761
1488
8680
4571
5392
3824
1343
2758
8946
5190
3872
1190
2336
3416
8500
8729
4560
7120
9463
3188
8784
6409
1771
1532
6750
9911
5526
367
5810
4488
5700
6053
1168
8106
7772
9346
2419
8092
4903
7180
661
4475
5501
7047
6676
8097
9065
1222
7605
420
5800
9719
7061
849
9678
1895
2378
2385
6566
3957
3822
6530
6554
9446
9651
4018
9670
1640
2913
1711
5770
8127
282
4164
7719
3212
7547
3722
9157
6856
6605
4128
5134
833
5500
6336
6582
5925
2627
8704
2703
3619
8369
7367
7983
4945
4512
4745
5227
7657
2767
2310
3155
6699
1877
9083
5296
4070
6523
9375
8249
9723
9379
8588
6598
2668
9539
2089
760
1667
4138
4352
5534
6112
6925
6842
7792
6417
1968
682
3860
464
5180
4631
6110
781
64
3424
6947
8555
2062
7636
6036
3616
6361
9396
3586
8832
1060
9284
6580
6557
8778
6803
9693
6466
1204
4991
6730
8873
779
5225
2098
1737
7050
300
817
8624
5473
3479
770
9630
6319
7583
1213
1861
948
9967
7150
3152
3453
4191
165
2494
8380
8313
537
5916
5540
3539
1307
285
107
2208
7363
1410
7211
2634
6106
8601
7293
3463
414
2247
1911
4873
316
2063
9570
970
7518
6026
5833
9316
9267
8055
6593
8748
2386
6578
6446
4122
4101
5973
9234
654
6021
9686
6381
7417
176
2067
8432
3354
3016
5868
2119
4770
6331
2073
9991
2455
5535
7902
5204
7423
6057
6577
9273
177
7656
2532
9537
3740
7721
5857
2603
3443
4379
1374
727
134
8598
7124
8468
7116
3151
1983
5469
4756
8740
310
3183
9642
652
6324
2906
6825
3533
3089
4146
9941
9655
439
1576
3216
68
3931
9867
2276
2100
4031
2605
577
5490
6479
1894
6387
131
9949
3964
9122
1125
6643
3819
280
5024
4720
9282
2002
4737
8505
1683
3691
199
2998
788
5846
3978
8233
9790
9423
8194
6268
7690
6337
2534
7701
6507
8821
5588
4117
4406
7779
5099
4755
6487
9586
8042
3181
9573
9156
6666
8181
3264
7842
7032
9525
8608
8549
2734
274
6773
4787
7822
1594
2670
6725
5863
3215
5598
8912
3302
4130
5015
5018
5663
294
6854
5264
3211
1553
5907
1870
362
3593
8737
9164
479
1309
9740
1451
5586
2608
9287
1502
7165
8640
7591
1892
4340
3606
8975
8480
2542
4536
1517
7277
7466
2515
9468
9355
1210
2781
7387
6537
3711
1559
9253
2522
5320
1698
3051
3159
4454
994
1117
3178
5708
5166
5626
4572
3015
9457
8472
264
93
8511
2414
3135
1646
6942
1460
6857
1456
1326
8399
2139
7128
9746
842
8987
7132
1312
8890
8617
6061
9299
8861
7294
7372
2058
6966
9575
5497
8904
2816
6436
2899
2938
7979
8807
5108
9335
1524
8529
7506
6871
8632
6449
5812
2269
8753
6802
9894
9990
2384
9310
745
7755
639
4940
8120
4118
835
1205
211
8568
1998
4303
9770
8969
5781
6604
8208
4858
9191
8773
5491
302
602
3319
2787
9546
1910
3195
691
5642
6251
7376
2754
4679
6615
7420
9997
686
2953
4255
9556
7147
8489
8618
5146
653
8581
2482
2895
3409
9581
9825
636
4556
4434
1489
6798
4214
3147
3331
6079
3177
5041
5727
318
7023
1277
884
9934
1884
6168
801
1960
5072
2556
3852
2027
7829
699
4876
8702
2450
4444
5038
5088
2236
5323
8118
5238
889
5207
9413
5524
456
8172
8924
2788
2270
2032
1092
8911
2426
6271
9297
4115
7970
8889
1185
6083
8645
4636
9568
7114
3647
8337
2569
8340
4610
3715
6913
8371
9124
2707
3414
1134
1512
109
2199
6581
6455
5487
1267
5611
2105
5709
1079
2672
4820
3474
3671
364
5560
8213
9643
4038
6249
3232
5677
3820
8195
2115
2570
6703
4632
9059
4673
3271
8038
2387
7163
7813
8294
6067
2460
7491
7398
4915
5214
4298
7379
1758
8336
5256
1874
6932
1704
7674
256
2066
8084
2633
4485
8746
1240
774
2101
9408
2689
7168
1469
4992
5511
7003
8321
8211
1632
7627
8034
3327
518
2660
5840
1626
8695
399
3594
8291
530
8722
1338
5860
6667
2848
4540
9384
6002
7390
2311
4671
2183
1969
421
8531
5189
8972
1813
3117
7733
3960
3658
4430
4332
3912
2580
7593
6760
1104
7223
2500
1763
4179
9885
3076
4607
8015
1080
8816
6668
7138
732
7433
824
1550
1622
4404
2417
8341
4095
7737
5851
9076
7865
9879
7051
3930
7958
9134
9786
337
3701
5014
9507
3038
544
5664
4831
5618
3291
6339
769
940
1644
5267
4175
1918
9293
8458
4145
9596
6647
2714
7924
9467
7858
6846
3164
1217
2108
379
346
3365
6278
3052
2271
1473
4978
9956
3880
960
4427
6444
6810
8169
9443
3115
9159
2389
4326
968
3407
9988
9505
8361
5132
3294
8574
619
1427
9857
7059
7723
9816
9792
6080
4577
9555
2178
8080
1148
430
9564
4801
7419
8774
4363
6456
1321
8348
3334
4008
5167
6232
2947
6799
5262
7476
4667
8224
448
6897
6945
1482
3029
291
6659
3956
8439
86
2187
7008
582
7560
4162
471
9919
3858
927
2351
6022
8081
5543
9535
7649
3303
8893
9646
6486
5528
6515
2151
4603
957
5263
3071
6422
5838
1238
6317
7932
9814
5240
4883
1199
4044
53
4562
578
7087
7938
6450
2022
5878
5100
4314
2133
925
6340
5032
5335
2653
22
9228
9632
7602
326
242
1837
3580
6180
3132
9552
9904
9435
7531
1389
2731
8884
4925
8429
9583
4163
5384
644
5250
5698
1145
7900
4086
7082
3955
6864
4357
2459
3948
3004
6868
7702
3640
65
9794
9364
1417
2268
1798
4738
2935
9472
8405
5485
9807
3548
8131
6506
2812
9548
6912
1669
8976
382
4930
3755
175
9377
5261
7698
671
3092
4543
743
3769
5466
1661
1173
7744
1605
2233
3926
3518
1620
2850
3733
3875
5042
881
7093
723
8188
8786
7286
2430
9523
6821
9810
7334
2939
6517
4492
3920
9352
707
8880
7411
5620
2016
8268
3657
3615
2395
4108
665
9510
27
4390
9327
9780
9046
5317
6247
1746
3213
5133
5784
4121
3906
4810
5474
5936
122
5102
7386
3976
7863
8526
7739
2560
6585
1679
4166
2837
7629
9876
5858
4097
6957
2612
6159
7980
917
6982
9123
40
2078
2485
267
9276
7903
1284
5066
23
2769
2446
3156
5232
5002
8918
2818
6653
533
8390
7212
6094
6695
7985
7109
3036
7230
5829
2855
7327
4300
6876
5978
6313
5156
7201
3530
1718
565
3386
9709
5684
189
9602
5974
8882
6437
2552
812
9154
3624
3575
4590
4147
5400
2815
3877
9366
3940
1503
289
1418
9972
2076
3569
7936
7977
7885
2173
3666
3107
618
8859
3845
947
6434
317
3074
8595
1021
4056
9511
9846
2894
1649
9465
5098
7178
5876
2217
1600
261
8351
9797
220
2893
2079
7445
6391
7891
2379
6636
5808
7005
8437
3885
3340
8898
7652
3693
9257
1475
6292
6722
118
2845
1537
2141
1663
4148
1519
9820
9136
6125
3470
5644
8572
2218
1012
8007
7193
5961
4201
1518
3996
6054
1938
7816
438
2445
7229
8049
6677
6610
3487
2701
2887
3496
5111
3272
2785
2319
5143
3022
5275
3688
2245
1687
7595
2092
2064
3101
272
3192
646
6943
4026
5481
2458
2088
9711
4911
7270
8378
1067
8493
601
586
3562
2529
1323
5730
6042
6075
845
2179
7101
7474
270
2881
281
5432
2602
9326
7724
5135
5104
1691
802
9871
4525
5414
4474
6886
1967
3096
5484
6762
6055
5744
3343
1846
2428
5604
6528
2932
3139
9188
1129
3563
603
6584
3979
8522
3757
7559
9210
5554
6769
6681
3564
4419
509
6525
9291
9898
1486
467
3495
8134
5216
6490
1656
6257
9409
8950
8284
2007
5107
8483
6898
4256
7763
8425
3510
5750
1582
1700
1169
7233
5655
243
536
221
7269
4829
6556
6875
6157
1965
9925
33
4899
5845
5095
2506
576
315
6737
1844
4926
761
9622
2301
2993
9704
6970
2600
3855
2
9460
393
1102
8048
9698
3617
7176
9035
3736
6380
1050
8448
8459
3897
1686
8014
8616
7106
7291
5328
20
8423
1849
1993
9978
2883
806
7414
3207
6883
7118
2255
8492
8274
2753
2958
2244
5144
1089
6227
3375
3777
2921
8791
4629
95
5003
3765
7855
7625
1197
2806
7239
5783
5486
7287
3367
7335
2857
3784
6712
5235
887
6792
4017
2427
7879
8788
7110
3966
1189
5416
9862
4805
386
7537
6795
6504
5435
4081
9246
689
8837
4780
6015
6176
6461
3277
3951
1490
874
911
9957
1272
6892
207
3499
119
4440
9117
8191
3919
2470
7836
248
8451
3260
8977
4453
9073
552
9116
2696
7339
974
6719
5631
8527
6908
8288
1440
8402
7336
7849
815
8070
3104
4496
7993
3050
6988
8742
5613
9592
8628
9667
446
542
712
791
7648
3825
2313
4463
6204
4194
9679
7883
9887
1828
5341
4573
3846
50
2181
2145
3588
1216
9593
4069
1776
3289
4867
1782
8013
9245
6546
2363
1395
2498
148
5137
7998
6541
9582
8300
5058
9096
1901
1949
5867
7756
6602
8767
7302
4032
1283
4932
6669
2320
3182
4750
8738
8192
3124
3797
4075
6621
3680
819
8995
8443
4748
5985
886
3377
4160
5405
7827
6996
5930
3127
7202
6041
4830
121
9160
3632
2869
7523
4672
8223
3112
6781
5721
9174
3776
6220
2839
5862
7770
6992
8701
1831
7317
6477
1300
9214
7899
8835
1201
6273
3543
5081
466
9738
7921
4887
7964
9401
3250
1905
7692
6114
5154
5801
2568
5624
357
6579
7599
2908
9389
8139
657
4435
7261
1281
6838
5903
8824
1739
8602
3509
82
9653
7875
1150
950
7805
9654
1770
371
7349
8367
9109
4155
1977
4891
3111
8250
2559
3046
8768
7038
5087
872
4093
9730
5647
9338
9226
3351
1971
1583
4611
502
3508
9985
3674
1131
9231
5553
4437
6474
1146
2763
5610
9615
1904
1569
1999
4040
9428
3093
5122
1002
6305
7808
413
9270
1682
8343
3458
275
2024
6260
9402
5909
2126
571
6763
4666
3559
9260
5746
1897
1477
77
8083
9012
8383
8333
5283
9945
2107
2440
9724
1346
6071
3187
4395
5739
6874
8636
7628
1974
3532
5185
6772
7289
3687
7319
915
8881
6024
813
3662
1124
5352
8278
2252
5171
4236
1192
111
8675
7697
1934
1543
7513
8214
4922
1500
7929
9027
171
687
5161
205
9944
2280
1375
152
9621
269
8100
700
5567
6352
7324
9680
6934
7613
5094
7955
5140
7213
9847
2831
2420
8113
4124
916
9111
6757
8067
2827
8220
4907
4549
3512
9166
3194
5673
3730
8035
1705
4053
1936
1954
2904
6068
3977
1598
3320
3910
8395
1003
2380
7310
450
7810
1077
3568
9225
5995
8762
3020
969
7322
3203
1788
4917
3962
8484
49
163
2589
6976
8733
9143
2595
811
3219
239
535
5737
8299
3361
4659
5350
9002
4776
8519
5705
9303
1495
588
5452
9617
6916
9916
8166
9070
7677
361
3641
3221
3185
4658
7853
200
8672
5900
6006
9859
4187
977
9337
6312
3735
751
8798
9045
9694
1860
6269
2153
1832
7251
649
6837
5305
8823
2046
3466
9954
3719
1195
1886
1447
2846
2617
1780
7714
7171
6206
4588
3028
5614
5820
1754
3483
8996
1296
9358
5096
5027
3312
1607
4149
6039
1792
3778
2499
8381
2536
8041
9239
7528
8651
1308
1392
5236
8252
5609
4996
6937
5322
9169
3204
8136
9474
642
8477
3742
1568
7676
2143
3393
3952
7465
5178
1452
7750
9263
2184
7699
7065
9104
5000
7355
8109
2251
225
4137
6414
6708
4224
5174
5852
7196
8580
8902
1031
4895
1311
5387
9165
2290
1053
6333
9155
7428
6999
8850
6401
4623
9702
4618
7781
1774
6400
5594
3234
4176
7091
8457
2551
9902
4705
2971
7198
8345
6879
3174
5982
1728
2650
3441
1975
5006
198
9516
1348
9903
194
6586
7381
2637
7403
9107
1882
115
5478
961
5628
4561
6489
3939
3750
2544
184
4576
219
1280
7060
5372
6617
185
5831
1751
6835
7809
511
1194
2722
5827
6706
696
4934
5802
4782
3429
150
3460
573
490
4417
2424
4979
8973
9713
5702
6478
8589
9289
1857
8982
1011
3465
3709
1858
6860
1446
5984
8775
4135
6283
4238
1574
1627
8965
1991
634
441
5061
5105
8557
431
9106
5258
8717
9308
8189
9545
8323
5523
9150
2377
880
1945
8357
4763
3840
4364
2817
4470
3993
309
918
9640
2937
9031
1650
3528
4633
609
278
2736
7155
6685
9650
4642
25
1755
5074
5419
106
5358
6238
5345
5562
6956
5596
6332
2929
8900
7608
3285
8442
8906
901
1468
268
8621
6267
6508
5791
5398
3807
2042
1675
3110
7209
1863
5668
8654
4275
5230
6408
3389
7727
394
7871
8615
5699
4790
3223
5160
3529
5456
3280
8877
8173
965
6191
1171
4215
3973
763
859
9725
9963
1315
8495
6660
8052
9017
378
3383
2509
336
8711
3669
3286
6758
1641
2876
6429
3929
9365
6294
2225
1953
303
7504
1373
3300
5447
4195
979
721
4751
8494
521
1689
7735
1130
8358
1990
746
5475
3811
4653
7784
3734
5354
9757
7338
258
2841
885
9838
4608
9806
9776
3672
5571
1061
6951
8517
412
7167
408
1530
1730
4246
7751
4798
676
5266
4908
5636
1449
4849
1096
2565
1306
3802
3517
8744
4387
482
6117
9469
2590
3002
906
3751
2249
3356
8454
9993
3359
873
820
6632
5243
6650
453
5241
9360
2594
4690
7192
7346
2393
670
498
1753
7768
7941
287
7205
5762
5629
8540
7024
3652
9526
5582
7078
5651
8438
7000
4343
2975
5307
2003
8450
8130
3859
8659
2034
7526
3478
5165
4700
7396
252
9437
5318
7502
5789
5125
718
1750
9309
3243
3705
140
4693
956
2215
2039
6325
2829
7418
7472
9005
5343
1523
8758
9594
922
1241
6185
821
9893
9307
7400
4346
773
9336
7646
4615
722
4183
8129
2508
8585
5597
1017
6183
6059
8929
8219
2728
6861
7262
4792
6087
1714
2411
0
5768
4060
8360
6151
6101
640
3763
7802
8919
8202
4196
6077
4476
168
5363
9350
8867
5310
2209
9840
7937
9532
3893
8469
9899
4367
158
4237
3190
5020
6567
3949
5520
7402
6396
101
9868
9544
7579
4049
4662
2879
2811
2110
9907
7083
4765
5128
6690
319
2914
7966
2779
6862
1179
8072
8532
7848
1982
1822
6926
7507
6548
6208
585
6049
5269
4953
9342
4593
5378
5457
897
2610
6029
247
7314
5515
3536
3379
4921
9554
1946
4277
8864
9579
5109
4742
568
2844
4799
862
785
9250
1156
7637
3642
4133
4649
5755
4923
9562
3779
7512
5632
6687
170
3557
3968
2017
3297
7030
3205
3659
5413
621
353
5749
3618
9202
2659
5386
372
3403
9473
8613
2312
4924
5964
1341
2859
6440
597
6447
5615
843
5541
9607
1505
2345
2011
1259
1580
9743
9032
8330
1738
84
259
1920
8302
995
7994
8686
7777
5375
2968
2919
8318
4066
832
9745
9754
54
2770
3941
366
2581
7580
2246
7643
9572
8141
2925
1638
9900
2191
130
5532
5339
6158
8826
4449
4015
5976
10
5578
2192
1356
8723
1034
3634
3783
8054
3781
7313
2263
7154
7312
2979
6073
2572
8262
2350
9349
937
5376
976
2146
2265
1472
181
9060
6608
363
7421
9560
1924
2877
8941
9533
3827
8110
461
6019
3293
4804
3265
4090
2434
6790
1220
9699
5130
3808
6113
6759
2121
2902
8428
8068
8225
8398
4869
306
3773
6111
8690
6761
2109
982
7284
6693
9515
4362
1253
9649
116
2940
9190
790
5550
735
3142
9502
8685
1166
2970
4394
8562
4634
2989
5016
4819
8869
1376
9072
304
6652
6561
7552
8079
6921
7568
2375
8039
4855
2357
4383
5958
9795
5234
1320
4783
8658
5552
75
5923
9181
4505
4272
2511
5606
3408
4064
1339
8297
5124
1941
8309
5120
8878
9382
5963
9484
6539
3526
138
4731
8947
4055
7996
2994
9517
2691
794
9340
3122
8261
4241
7927
2259
7184
147
396
8322
5803
3056
162
5712
3863
5131
5017
7997
4884
3494
2773
348
3419
515
6805
5148
828
3158
9466
2669
9113
6847
6230
7587
3206
96
8793
6250
7820
3427
5293
6316
5069
1441
455
8368
4548
7535
6997
905
7255
7573
2099
8649
1367
754
5217
8937
6922
6415
468
4786
7175
9018
7686
4335
984
5898
1227
4683
4309
2267
1619
7907
771
8017
7967
7874
1645
5247
7309
6562
3911
8928
3999
1843
3739
9137
3154
1817
8436
3086
3270
3766
3261
7846
8123
5605
9121
3390
5981
9425
924
9542
4043
3282
6181
1561
375
2755
2185
4341
9906
4591
3800
4150
3394
6744
1158
4216
8897
3946
4685
2307
1074
9348
6505
1487
5873
4544
8275
7864
8251
4368
7066
8820
8986
7913
3664
5842
5309
5367
5067
3591
8841
1109
1734
8570
5821
3611
5423
2954
3932
1008
6785
5415
7259
1122
236
5965
7431
8073
3345
8945
6729
4651
1423
327
4688
1218
3454
2739
6432
8244
4701
7866
648
218
9193
324
5561
8373
9015
5957
8815
2562
6201
7511
7722
5573
6048
3113
7847
834
4245
191
5110
6363
840
9687
7206
8201
504
7040
9877
3066
2518
1931
1695
3307
3339
5213
6342
98
376
370
4600
8190
2273
7828
1412
1164
8420
4074
3073
1112
4999
2051
5661
3758
2054
7541
4311
2625
7044
3972
9242
9079
8143
1880
8474
494
5030
4550
8720
1319
3449
8025
1408
5422
9461
9100
7539
4111
8997
2890
9194
4091
7536
2227
3799
695
8022
9179
6782
4839
3630
4116
2661
1541
3048
436
9837
8040
681
6127
2922
2413
9514
6241
4815
698
1155
8932
1756
7819
6167
9041
6924
7027
2527
6448
1662
8365
1479
1167
3068
2588
3879
3392
900
8196
7063
8242
1692
7026
2021
5351
8716
4047
4950
2065
921
8943
4274
6152
3991
3196
1409
6845
1761
7887
8812
1842
496
4269
7761
7489
6481
6411
1520
6301
4929
3596
1567
8692
4333
4192
2087
1064
5888
9450
7187
3741
3235
3157
9295
1032
4502
6430
3795
2746
2530
440
9715
2418
5914
9891
1653
5494
6222
9712
8411
8660
7437
2514
9497
4579
2071
2128
5079
8770
4890
1584
7869
4741
1917
3058
226
3981
3384
1174
4050
8086
7732
1385
4369
4141
2327
6819
341
9359
8069
660
2930
9787
3873
6754
3214
1344
6045
9471
8813
8168
6711
2706
8307
7440
6535
2111
8193
797
5621
5917
5864
6624
6221
3439
9187
7041
1554
415
9333
3721
6646
8326
4411
9669
784
1273
3210
5284
5397
6544
4676
9037
1422
2072
3686
1037
7454
483
9265
8413
3341
4098
4735
3224
9782
1709
7824
2606
1744
9354
1020
6834
5512
2318
9131
4823
3708
5928
1786
9994
3505
1715
3667
9069
144
2959
1621
4644
7080
2540
7438
9710
6671
7622
2638
2898
8045
8888
160
9010
2004
7343
9854
1269
5870
7514
6285
3732
2745
3923
8126
2962
38
5118
4034
8453
5728
3189
2961
4361
9390
5837
5458
1038
2667
6570
7789
4073
7126
3870
1404
2593
1696
7306
8280
6867
6977
5406
7157
7533
1826
5637
8930
7243
8498
9895
3942
8362
1496
72
4803
4844
193
9970
246
752
1072
1981
2704
7356
610
5890
7839
8247
3281
7620
6195
4691
8670
3814
9768
4698
1274
9197
235
9634
5254
6423
6960
8673
383
5340
7562
4847
7427
5421
1825
3682
2316
6323
8639
5505
1181
6964
406
8677
276
2825
799
7925
6308
1903
325
9509
7052
2863
4292
3579
8719
4174
6150
2243
8314
551
2090
9639
4937
3179
9140
2872
9731
7257
290
3033
4102
4569
2880
2726
3032
8228
7020
1425
2586
997
79
7382
2933
2326
1795
3200
8577
904
9986
1268
8077
2288
1958
331
5046
1506
4317
9368
529
1350
2693
7734
2585
388
9201
2201
8756
5175
996
1431
1859
6831
9981
3947
7197
1494
7046
2955
3317
8276
2203
1928
992
2963
5369
9503
2646
3913
489
1887
628
4487
8422
5931
9550
8267
5793
7253
879
6385
3842
4424
1329
1611
3628
5635
3305
6533
4048
5681
946
4431
1602
8855
6765
2517
4580
6115
2810
6320
9224
2366
7696
8433
9722
4896
3362
4096
1360
1049
1066
3841
7173
2718
6889
91
8396
8706
4462
4617
7544
2824
2448
1976
6872
6229
8604
9105
2388
1022
8046
587
3169
2127
3540
9047
1668
5418
9220
6664
8263
2909
6349
2507
8150
354
2917
2943
2258
5539
6360
9489
3239
5551
6344
6375
9233
7971
1128
8138
7042
838
8684
3055
6828
6716
4477
5127
4356
6818
8382
4302
7311
8363
4589
8552
2421
6594
5221
8620
5587
1237
4482
860
1143
1001
6927
4578
4239
9522
80
2147
6096
2663
2159
6470
9804
2574
6007
9866
4464
1388
5942
4418
3798
6441
740
3689
2081
850
2915
616
9936
3856
1912
5150
1721
9696
9420
4004
4665
5138
3498
1984
4345
7018
4266
8059
7056
2618
7780
5834
8434
7586
5658
5707
7682
6081
6300
4134
347
8218
8679
237
7814
4954
9361
442
5212
8397
7926
5278
8424
4843
2423
9301
9559
1442
5344
1299
9367
2435
9708
1236
7754
6944
1411
702
6217
128
8018
5612
3288
7490
3274
6262
2924
9386
3129
6694
9486
7285
8116
9865
8047
7616
2226
6532
4736
6948
9205
5555
5745
1988
2392
4574
4778
848
5311
4575
3553
8525
4429
8180
8389
5896
2123
6877
3388
9077
9422
224
1362
2723
2466
2023
7949
7049
809
9677
4320
5954
8567
8175
6499
2905
5316
1234
4230
7252
3731
1535
5519
5245
4425
8199
9826
9733
6663
3925
7767
215
1733
9612
923
8352
7055
492
3668
5706
6149
9034
3710
8412
2864
9703
7186
4587
296
5879
8306
7296
506
9598
3480
3572
9305
4521
3727
2716
1453
7054
9536
1202
5669
9625
8732
3240
3184
4513
870
4697
1566
4125
1082
2075
2553
8537
1868
2821
2847
2765
4628
9918
3079
1957
9091
7151
6013
7177
869
4268
7948
2048
7282
5899
3694
2175
6425
4210
9716
514
7635
2036
2437
3552
6820
6032
60
2220
2614
6919
7300
7299
1325
9955
7225
6918
7481
9531
6357
3376
6502
839
4061
9524
4894
3609
9151
4182
9099
5630
9145
9277
7860
8154
1944
7611
3019
9565
8596
14
4800
1906
1057
3953
5714
7017
5530
6715
8283
5836
8115
3372
4840
3603
7769
989
2328
5980
9142
9909
3595
1841
7555
1509
4243
3371
1539
9675
108
4270
8105
3513
8514
1435
2302
4982
600
9398
1643
7788
8475
1041
5444
7158
2645
212
6124
8942
9766
2057
4337
865
5434
7862
4941
1015
8317
8245
2415
6476
1694
233
1223
5856
100
4202
5449
5710
1261
277
6270
9779
4854
7172
1040
8747
6365
9237
7882
437
4936
7179
8187
9897
5968
2298
44
3430
8940
6028
9168
1659
2144
6130
3457
2682
4113
7974
4436
4412
3702
2700
9221
6102
4727
6084
4392
1922
4565
2028
2256
4851
7473
6844
8633
2649
3571
9067
4129
8036
4021
9501
295
3396
6648
1855
1244
322
4957
4405
4000
2224
3009
5164
4730
2340
1642
1364
5011
6710
4161
3729
5182
6675
1421
1528
1557
6303
4380
5453
1263
4428
6619
3031
6100
5527
5186
2015
2920
1779
3975
6955
1615
2161
5682
1613
7851
6321
1781
8147
896
1950
6588
3565
7333
7991
4407
8536
920
4768
4027
7558
6457
6749
519
1499
2558
1144
8541
1736
7992
3692
5203
1055
6173
8266
5489
7982
8594
7011
7260
4344
7986
8409
5933
1208
594
1327
4971
3254
8203
9417
1231
6356
4947
5454
2332
9637
6435
7164
3256
7940
6887
5223
1629
3238
8001
2978
8510
5853
2176
4465
5121
2490
5242
4789
6642
5277
1821
6691
3754
2373
3088
7549
6564
2966
9540
9830
5792
4432
3622
67
404
7232
6017
6612
1470
5198
4868
772
3042
2137
7550
9620
7074
2162
2163
2404
6631
7307
2235
1596
6911
8102
3576
1099
4754
1062
8461
3053
8611
6034
2168
180
2278
6990
7517
1182
5859
3570
3958
5273
5641
6082
8246
2547
7279
4422
3035
7666
8305
2587
555
8043
697
7695
8546
5990
3226
9940
9822
3304
8064
9112
1775
5168
8370
517
5054
9513
5955
5608
3794
540
8783
18
7033
7510
5689
6731
4328
6314
814
8544
7564
8927
6914
7588
9706
8316
8508
6237
9200
9014
3695
9097
1491
2372
8404
7953
2488
4749
3914
1103
9931
9407
9932
3520
2292
949
7787
5281
1909
8830
936
4045
5633
5508
1773
3363
4581
6136
2873
6928
5901
5455
4704
9213
4421
7835
105
1305
9173
8024
8486
4114
3810
5865
5998
2219
2330
7757
6644
6589
6592
7010
9330
1136
8593
7496
4301
9251
4365
4152
9325
6398
3639
2018
2467
6497
4682
3202
8415
1533
2242
4645
6179
7012
2802
1115
4037
8956
8364
1856
1153
3889
4039
4848
2008
5736
6338
1154
1930
7945
8311
3119
9842
2305
7919
4410
4675
8980
7371
4997
4249
6800
6902
8279
8144
8391
4643
6813
4772
4863
7248
9177
1094
1086
570
4013
9445
4078
5211
8165
8795
7002
8178
3080
6212
6629
1333
6601
3348
2216
7753
2401
8840
630
435
6216
3209
7519
9809
2732
4007
1987
459
2195
8384
2094
7681
2623
9874
9258
4518
750
1702
2253
4105
2548
7893
6899
5290
8578
2656
4305
2836
9426
7675
4948
7918
5885
5774
2756
6272
6869
6808
919
1778
4104
2740
1282
563
7673
8863
5479
5761
3547
4654
1214
2390
2086
1352
4969
719
4835
6709
9369
7174
7689
2182
1265
5470
800
8901
3577
6753
9803
7585
7337
7688
1547
6384
8523
3585
3531
7645
9478
6027
8497
9604
5149
7803
2333
9974
6211
6720
5794
7582
7028
488
4089
1864
4877
4358
3
1163
2477
6366
4286
8103
3077
1890
3521
5495
2790
5368
5333
2861
2582
8865
5139
1206
5145
7288
3475
7458
2438
4905
254
9304
4537
823
2613
3857
7969
663
7161
7159
9576
1439
3861
8923
3648
7021
4019
7014
7659
5741
1818
427
9138
7684
3759
5947
5409
9480
7447
2792
5425
7785
8799
3681
5126
1036
7315
1819
1162
125
4384
4635
8709
6979
190
5430
1056
4507
2673
7365
972
5420
2936
8849
7236
3227
9561
7741
7831
7654
1617
5076
2965
9183
1052
3882
5921
9439
183
1824
4173
8315
8983
8227
7301
7426
6258
1823
8421
3433
5064
4072
8171
539
8676
485
8379
5057
5666
810
2639
5927
3654
61
9036
9051
7759
4702
3698
102
2484
1937
51
2766
3645
7738
1712
2493
6714
5325
3126
8354
8407
1578
729
685
2892
512
8755
7452
1862
1106
5952
4226
4304
5012
5881
6086
7079
8325
2321
6975
7844
6153
9558
3438
5201
4842
3847
2809
8622
8851
888
8446
2973
7090
8739
132
2697
2451
3482
3309
1084
2074
9042
230
4539
2719
1908
8146
9129
5159
7115
8817
6498
1443
5291
3685
679
8335
3337
6896
1563
7328
3718
58
417
5331
3756
3714
8802
5570
5034
1789
3017
6941
6721
1111
5564
5690
9950
2662
1684
4171
6186
2631
2987
4624
6063
169
4824
250
8231
6095
5342
7817
1118
1787
454
9440
1054
6910
7594
2982
4054
6550
7717
7391
2813
2396
8573
1923
4808
9329
6953
7303
6843
1538
7268
8643
8058
3534
6702
5356
4240
4188
4029
6264
2504
2866
8831
9229
6467
4360
8350
2640
1898
7532
5559
409
5767
380
8993
3551
9947
9968
3853
2238
1087
4714
6233
3316
2976
8899
1854
2737
178
7098
9238
4350
3887
2743
8327
9652
3423
6464
2550
7909
7071
505
1913
3631
3782
8856
5170
9817
1382
7013
1618
564
6500
5525
6330
9588
6298
4033
1558
4459
3780
1010
641
3524
9937
478
7143
5950
1929
2166
1927
7185
1678
9332
2476
164
6866
7944
3589
2093
1672
1235
5313
4279
7221
6405
3583
6723
8614
328
9419
4260
8745
3373
1604
1955
8789
5155
8332
2465
9235
7459
1516
3649
4984
7378
7570
569
9802
1610
728
8933
7972
9078
7604
4068
5393
8057
2801
9566
411
6935
8240
9023
5403
3259
9281
5866
9133
9659
8547
3257
955
6009
7553
4244
5665
1546
8576
8241
4983
129
3330
4296
8800
6402
2257
5513
5228
6187
8885
3047
1065
9207
7127
4989
1295
7210
4761
2342
9827
9211
7639
8935
2495
2000
3472
572
2928
1797
8400
4872
2037
8272
3821
939
7922
9705
2630
8671
5115
2323
9038
9431
9571
2870
4681
6088
1891
1113
1693
334
8981
5844
5450
2376
155
635
7443
8093
9788
8027
8718
5742
6178
6527
6119
3900
5070
9979
6491
7235
1209
173
7540
3440
4297
299
9512
8630
444
6121
4218
271
9834
2113
3961
5920
7191
397
7868
3310
9590
5753
5897
7275
5718
457
9314
6915
3522
613
3328
583
2671
6645
2901
9805
5448
9259
46
2454
9798
2685
2012
4520
9943
8693
9269
7631
5818
6098
6701
7806
9666
556
2748
9500
3364
1242
524
4554
2680
4555
2799
9066
6780
3849
35
7807
4931
3826
8273
110
120
7651
782
206
1996
17
1448
2501
9339
5181
3021
3803
8030
7436
8967
9454
3418
3034
6341
3130
7663
7500
4557
7798
617
9823
4708
8626
385
9821
4527
4290
2567
4627
1233
4985
8419
1572
1023
4762
8174
9288
8226
766
4943
4261
4046
3471
3928
2988
1365
2006
286
1688
7775
6296
8066
232
908
844
3774
332
6093
6884
2557
3287
3026
6880
1995
19
9374
2096
2874
8766
2019
1383
4085
3915
6613
9313
3415
6657
4144
4892
6850
5142
5312
7004
3450
227
1948
4822
5786
8847
4998
2776
6062
1625
6682
7208
1393
6403
7621
5809
6618
6226
5788
3412
9530
3347
4938
5670
9152
6626
7479
853
89
9996
4283
5824
8264
912
1463
4490
2974
2295
2425
6683
6000
3768
2800
8207
2044
6138
7609
1493
9477
356
418
4734
8487
6388
3650
4771
7304
2077
2304
4826
762
5037
2262
3792
5282
6949
8455
6954
1873
6635
4282
3605
2029
6252
2303
5078
4912
5816
4442
8730
9411
7276
3549
1727
1726
4638
1545
789
3544
491
2198
737
6243
4005
3726
3222
8304
8535
6192
9886
7416
8431
3749
9495
6210
9029
4541
8582
2584
460
5300
5279
615
2069
7357
4324
2104
8019
3717
5918
8939
3933
7642
7
678
6236
7100
8938
9283
632
5991
1027
1121
5407
42
3656
5162
592
2230
9749
717
934
3770
3273
1767
142
622
5592
1481
3308
5940
6518
2282
3121
5271
7773
7241
5202
4082
6929
6011
8065
31
5068
8960
1522
7137
9633
9185
7409
7548
8053
4811
5751
5123
7283
2142
8803
5563
3253
2644
2165
2053
2538
5446
7434
5672
4413
5839
8829
179
1332
9577
4972
4630
6839
6277
9296
1980
5941
9627
3970
501
4251
1658
1769
3574
9494
2648
7501
1697
9597
4233
7273
1135
787
7923
2717
1599
4248
6543
8777
7956
6832
5832
7911
6104
6261
7393
4338
6315
5798
8908
5599
5775
6814
1221
470
6806
9758
3406
6651
5056
5619
4079
6463
8528
778
4812
6246
1616
804
308
8674
6008
8697
9605
279
2541
8554
3493
8504
8806
3098
744
6755
3850
8667
288
7965
7729
2761
5987
3997
990
9020
2566
1745
5019
5483
9470
4935
3707
5248
1492
9176
1840
5591
7480
7619
7088
7950
656
6140
4126
202
7226
4910
3491
6335
4612
2609
5381
4177
4684
1071
7870
9737
5747
4928
9024
2778
8372
8656
7691
8353
4448
6190
9663
6076
3558
2496
1474
4316
136
4859
1719
1029
1151
228
7878
7344
541
6689
8385
4845
7601
2453
5962
4753
5764
8805
2865
4609
3352
7520
3629
4650
2666
7859
7325
9910
4760
3950
8290
8071
5904
7515
5951
7448
9370
8217
8991
6406
503
6165
3753
7385
4523
1370
1631
9839
6576
664
7058
8920
192
6870
3959
6946
8682
5383
6092
5226
6983
4273
1783
658
7742
6156
3587
2334
1471
1252
7825
6673
9415
3263
9529
8765
1313
2358
6611
7394
9636
8539
9464
8078
6284
5766
7498
6978
8811
7222
7406
6475
5183
1070
9870
3876
298
4327
8707
9378
8163
4621
1540
4726
9392
4087
1314
2013
3024
7119
9243
8151
6995
739
7786
4692
3934
1226
4306
1444
469
5656
6170
7384
1371
6424
7353
3835
534
1105
8004
6362
3818
7318
4010
6416
3728
5729
9458
1847
8087
2804
7156
4294
2621
8186
2308
1595
8637
4680
9149
384
9421
6590
6549
4723
3665
9448
5445
6788
3612
8609
9657
716
6097
3467
9161
7332
9813
8874
8466
9929
9668
2945
7596
6348
6458
7914
9236
1403
9381
9800
4103
5948
3627
7845
6940
2275
1708
6634
1224
3003
6120
4254
5005
4458
7668
9280
6786
9973
7360
3697
9357
7162
4752
5590
3561
2591
1251
8635
1211
9442
1514
6046
9829
4080
8687
2130
6451
7797
6148
6903
2180
4222
9119
8388
7783
9485
7505
1593
9595
5880
863
6166
4109
4865
5336
3625
945
5324
4265
4242
6778
3546
9785
3041
6851
2907
4594
6522
88
3895
6345
2896
898
8104
8232
2990
7146
3109
8170
6833
2284
3673
2154
9127
8801
8182
9599
8760
3252
9928
7534
7933
5521
3120
5688
6307
8303
9890
1555
5589
1812
3854
4764
9953
5627
9452
5945
3506
7238
7999
9196
5477
3903
5884
8287
495
5679
2665
8734
9629
8989
4293
7015
4291
5912
6445
8990
9611
486
3162
2977
6885
5569
9203
8761
7271
7934
1466
8132
8088
3049
1507
7527
6552
8471
2616
5259
5595
2503
8896
6066
5299
8988
69
4498
3535
4669
3442
6005
9983
424
4197
8090
1294
7308
2652
7778
5370
8533
1674
6322
6752
7086
9999
5565
4551
4524
6122
6742
253
9447
8507
7134
9644
7841
4564
6203
7725
1839
6900
5330
6936
8954
8099
358
5153
3233
5055
2524
8579
9759
8418
2741
114
2456
4084
2805
9222
4227
9493
6775
829
6469
1896
7509
6198
6306
2325
5850
545
9616
1336
5905
7094
5566
9585
7952
5697
8558
2713
5043
7483
599
1676
8764
2960
5287
57
3752
4687
7329
3245
9851
7832
5
7852
8359
5854
1172
8782
4946
2632
368
7025
1140
4920
4906
188
9147
6016
7383
3417
2469
2261
8476
2708
3791
6600
5934
3987
1838
5321
2681
2035
7278
5441
7007
8792
8499
5004
5306
1078
1257
2996
1000
6789
3000
4181
2033
4773
9323
624
3638
3469
229
5607
6334
3163
1850
1264
5799
9406
1811
8032
7455
2946
6351
8125
4123
8634
5464
1772
3267
5988
8237
8356
4553
1742
5093
1416
6655
8985
2629
9845
5549
3486
6732
4777
5334
6510
1138
159
9732
4837
6519
1759
9519
3886
7912
4515
1187
780
7045
5197
1717
8222
2239
9009
4252
1725
638
2299
8269
8968
1690
1802
2174
6779
8029
3725
7092
590
9081
4713
4585
5694
4802
9896
3937
1915
2750
9171
5195
9801
9793
7655
5657
1369
680
6980
7644
5748
9000
249
6793
2045
9120
8184
5932
959
8355
6858
9376
8787
6797
1322
4914
7497
6906
4626
5113
2314
3600
1069
11
2125
8963
2730
7954
6372
1757
4546
5546
7589
7995
2611
3404
5329
1025
9844
516
8750
5989
7412
2992
8346
1247
6358
7561
6855
7748
9436
9888
2277
6395
3898
7730
4391
112
3488
8825
174
5704
3936
3366
3315
8915
1805
6751
5516
7247
7731
8944
6359
7408
1123
4583
5023
8176
6728
7710
2237
2871
5593
6558
2040
7053
3054
612
561
5025
4784
7603
5493
5382
2138
6259
8876
4567
8512
8320
8107
2362
894
6597
1939
3891
2759
1701
6459
855
3118
8061
263
387
5510
4208
5231
5033
1068
2654
7359
861
9661
8550
2826
9721
2055
4371
714
1531
631
4744
6287
742
9750
8752
7374
1345
6439
3333
3851
3357
4408
1673
2097
9608
3039
99
903
8108
2461
8952
1229
2923
756
4893
5678
987
8462
9784
3473
4878
76
8155
2474
6735
5906
5556
9818
1935
5270
2752
7942
4599
9773
805
6917
5886
3626
7388
8515
4791
3322
2083
5522
4559
3030
3137
4
6637
9080
3149
709
5050
5476
2294
41
6555
5373
5147
1126
8521
6542
9044
6796
2710
1316
201
7843
2796
2931
8603
7195
8542
9796
6829
1963
137
3269
3985
9088
7830
1833
3314
2934
7295
5815
5996
7606
8452
683
9268
6981
480
2061
8149
2772
9053
942
6428
8809
8560
5009
8698
3908
2156
4443
4307
1508
4023
7600
2102
4374
5693
8271
7190
8583
477
1504
7373
2635
5685
2009
6154
720
151
7530
6488
6547
2341
1149
3646
8559
3541
4167
7791
1298
768
5379
877
7224
8238
5220
313
7070
6853
7638
1230
8010
3613
1255
8255
2489
8339
7029
3542
6207
1132
808
3292
7658
8810
1186
6894
28
2853
3452
8427
978
2615
8295
7705
186
4157
2675
3134
9172
3828
1764
998
2248
7350
3218
2620
9279
8162
2721
426
2886
8857
6293
913
6968
145
7542
1827
2783
2124
2521
8449
1985
3116
2684
6420
4927
9647
4423
4480
6309
6373
2315
443
6679
6172
5676
3746
2822
7876
6746
8119
3636
4601
5617
6239
9397
9864
4065
3306
5660
4721
6559
1091
1926
2702
558
6058
5412
4987
1707
195
9760
6776
7183
4209
5726
7468
1959
941
9343
8556
7019
390
4904
6012
3045
7397
6680
2828
9765
4158
6189
7265
1120
9695
4366
2762
2398
4825
8157
5771
9090
1680
5001
2193
2049
3909
5499
6193
1964
161
123
5443
7139
9453
5255
9248
2429
7776
9103
6177
9961
8221
5272
5544
7959
9219
5683
4446
9244
3868
2352
9008
3651
9789
2043
7368
3168
7597
4228
966
8031
6069
733
6035
9688
7263
1657
6107
7989
1200
6085
6509
9195
9170
9763
7795
623
8998
4253
7720
6014
985
5301
3431
7477
7245
172
6105
7736
6656
2596
9363
6310
349
9775
8887
8375
9815
7493
4321
6146
3064
6697
9551
5029
16
9399
4715
3899
553
724
6354
4281
4993
3298
7370
5892
1101
2856
5380
312
4656
2797
2471
2742
6787
7566
2399
5731
8669
1606
9115
4199
6987
522
8569
9385
6326
9455
9623
3368
5083
5869
4531
1381
798
1760
5732
4774
3907
1637
5696
9951
6202
2537
7685
7571
8111
4864
1420
7462
1455
8095
1024
8914
7973
7148
8319
1047
8206
841
6205
3844
4746
4566
9635
3097
5013
2657
4637
3037
2329
8292
210
6707
3998
3679
7890
1660
2030
6740
4542
1359
7108
2604
9383
4107
7906
6801
8117
3623
6318
5039
419
2447
4710
8183
8839
3382
1258
8142
2636
7105
507
4028
549
1139
203
8534
4433
2001
2432
8447
5765
5292
625
1544
3085
5007
1176
2297
5971
2241
1947
5237
7898
6649
9574
8891
4143
1198
7200
6952
8708
167
1630
9987
5558
1119
3787
9444
807
890
6718
2513
5911
8725
4547
6967
1334
5843
1110
9578
9892
6572
5193
3743
1806
4689
7103
197
3106
3904
6596
738
4186
4329
1973
1046
7826
4088
4493
4598
8627
7034
8121
9648
2164
113
1248
6010
2599
2995
6811
6302
9086
8003
1039
1581
1290
1628
1434
5874
6126
3785
5691
560
864
8479
4468
2760
1461
7545
854
3994
9098
4139
416
1279
510
6665
1090
4725
9504
1165
3678
4722
9331
4958
3180
2250
8727
5089
4933
7366
6512
2502
9021
4416
5208
1681
3786
3995
1914
4323
3922
9984
9624
1585
6133
3599
6553
4295
3006
6143
6223
7790
3501
5671
9589
7494
2643
2520
1966
9496
4955
2405
3231
704
9728
7641
9603
56
7962
8561
43
5428
7469
1570
3704
8757
831
5580
7793
7598
5915
8866
4976
4886
1853
5757
5738
9433
4257
6524
7135
8551
9482
7099
5008
4625
765
4059
4977
5577
4661
5805
5442
5431
8678
4604
2231
9852
2172
3963
9449
1624
6031
8619
4020
6214
7565
2709
4354
1085
7264
8796
1203
5518
9700
8804
5302
8
4012
9146
6569
4874
6534
2576
5503
3144
5053
6311
9541
5517
7392
6688
7703
4807
9320
7123
352
4816
2875
4652
3278
7957
8879
6630
6483
297
9006
4614
5103
6840
2368
5192
3830
3874
5735
7486
9487
8260
6747
8606
3901
5399
3387
7424
9189
1986
2688
9587
4229
8282
796
6739
2830
8094
7758
3760
472
7640
1592
8342
1743
1390
8962
7152
5031
9824
7096
975
5572
1972
5778
9660
9093
6717
231
1076
4532
7592
6878
1710
5576
2573
3381
9414
3398
3268
666
4504
7930
4510
4420
1933
973
3325
627
3834
822
5390
2727
8394
1498
2678
9206
7362
1291
4460
2655
3148
1243
6047
4952
143
3663
9049
1747
1614
5622
3788
1100
6197
2694
4219
9184
5206
9013
4709
2150
6255
1510
5355
9102
3560
4389
4221
711
8785
8833
2354
5602
8286
6865
8298
5401
481
4973
3166
3582
365
4119
2202
2698
5059
4271
7422
6545
9085
7901
3446
5176
5787
9347
2129
8828
1820
7249
6625
3010
1575
4375
1836
6551
7256
554
4717
4486
4377
6209
4963
4967
5533
9135
6696
5298
8148
1328
1330
7889
1548
7782
1952
1916
7752
3208
1450
5114
4964
9665
2834
2206
3675
8600
2868
5451
5408
3610
8491
1043
7464
6938
2370
1357
2338
7097
7895
5303
7711
7407
7706
2309
1869
7630
2823
9508
9438
8631
930
8726
2897
3924
401
9880
6991
7484
4605
7988
1639
1225
883
4193
2117
5048
214
8153
5871
2347
557
4401
9410
2356
1979
2910
7578
9771
2287
9334
6852
8506
9869
8999
2322
8256
2120
9019
7978
2240
7016
2911
2317
7963
6836
187
6263
1397
8827
1943
9811
2214
3114
9302
4508
6905
5468
1317
6812
1349
9278
2479
2777
2196
4165
6962
6733
3817
9969
4036
5080
964
559
3869
6091
7634
3103
1301
5488
1351
3806
4151
2795
9212
2563
2941
3318
1655
1005
9601
6633
5506
2867
643
350
433
4909
5260
4530
5251
4596
4035
8808
892
4415
6495
9101
3248
3655
3461
1852
2852
8463
7508
1878
3437
7713
6827
8653
8513
8862
8152
9913
4647
5877
9082
329
4402
9741
5935
626
7145
2956
532
4232
4570
8235
8713
988
3677
7740
3992
9030
4388
2213
1193
8794
9701
8646
6213
7244
9982
7693
2854
4986
6674
7323
1391
6516
3965
7240
458
1480
6627
13
9520
2279
359
9553
1808
4995
7662
3724
2463
3275
7623
8883
3230
6244
34
3425
5391
8953
882
1534
7069
523
3225
7345
5716
3836
6389
5887
9672
1271
7546
8229
7267
5268
1814
301
7615
7694
1588
3401
4796
7833
8265
476
6078
2820
1796
3161
2980
6108
2291
943
6072
3744
7581
9717
8853
7043
9400
6364
933
9882
7633
7612
1601
795
7670
4980
24
2789
3892
5389
2381
