398
7646
3211
5832
8757
9671
5722
8732
636
9309
5108
7532
2963
6872
5206
5929
1118
9066
249
6074
3718
8695
4462
4377
604
4508
3485
4303
4181
9637
973
375
960
7075
6568
5489
1886
4217
3067
1787
8573
8784
2969
9221
612
9602
4246
7917
16
70
8289
3432
3966
4168
1313
9819
1600
3620
329
5292
978
6708
8510
5964
5821
9354
7019
1085
4942
5762
6149
3626
1893
8986
5427
9634
2130
3561
2719
5508
938
5048
3241
9585
3826
793
7762
8482
7162
4564
5446
1834
3731
6205
4796
2089
562
4602
8712
1437
6040
3569
4108
4097
8279
5060
2922
4149
5281
8746
3876
3482
9760
2163
804
6807
4541
7369
7826
803
3599
1939
5733
1909
5391
9579
2131
1543
2329
4804
4569
9054
839
4712
3565
1425
341
9208
9631
6666
6538
1664
5217
8908
4908
3170
8816
1735
7002
629
2013
4293
9449
8235
4649
5685
8958
9581
4008
2396
5161
4913
1074
9787
2225
4251
3281
6978
1409
7782
6749
8310
4744
4522
4182
7919
150
6098
1277
4820
2219
2034
7127
8101
9367
7071
7608
4223
8273
5253
1365
7900
6944
9019
4365
6227
6889
4577
9353
4728
616
5223
3455
4257
5249
9014
3275
3452
2926
3109
6539
9272
8620
9611
3534
5752
5691
2134
4002
4116
8979
2663
241
6651
8224
2177
6925
9778
514
7634
3098
3779
466
8684
1780
1380
2325
152
8549
1801
6268
5529
6555
5282
5661
2117
8607
7802
9162
6734
5506
5205
8720
6885
1281
4750
724
499
1296
361
6419
2755
1137
79
2742
5708
7697
2087
861
4676
7755
2717
4484
2400
9877
5454
3436
8065
2247
7981
5537
7828
2978
3210
5035
4483
4702
5807
7294
3634
9529
4808
4354
6318
187
7863
850
1779
2304
776
7980
541
2835
9782
5
5416
4758
4000
4208
9329
8220
1680
4520
5504
9753
6448
385
4928
7343
8691
9745
6052
213
4556
4587
2702
5811
4811
838
5258
1010
1155
6435
8035
3571
5874
7616
928
120
5754
9734
5315
6123
2445
1175
9528
5736
4022
9102
4024
5528
756
1033
1361
2571
855
5453
4330
8910
519
6409
9005
7851
8087
6714
3347
5518
3953
8401
2868
1093
8548
5216
7709
5725
6958
2455
4917
5300
900
3698
7372
2840
8218
5325
1941
4133
642
7649
2449
1416
7753
5628
9846
5107
483
4032
4524
1088
3323
386
208
3971
9222
2441
6004
9063
3546
1412
9302
8226
3758
8362
99
125
7375
9298
1125
8255
5614
8992
3274
4169
355
4657
7694
3992
8797
4151
5062
8806
5697
3379
9009
19
9596
9982
6966
5988
8210
2346
8372
3073
6824
7781
7243
5624
1404
6490
4627
8150
5448
7792
9660
3556
2099
3220
7458
2998
8747
7124
863
854
4375
9070
596
2708
6038
8299
7463
8006
2630
9396
3122
2796
5374
5639
4045
7409
1293
4825
3511
2590
3982
7314
9679
2974
4037
3563
5808
1159
5993
2322
4494
3392
954
5642
2104
5478
8121
5890
80
9317
2267
2733
4171
8787
2562
3242
1656
9775
4399
5998
603
4563
9220
9509
5127
2064
6358
5424
9242
290
1963
9937
8502
6841
5182
2474
6793
5939
9885
2941
3311
5094
9467
2326
9326
7513
2700
5586
3846
9523
7958
3920
899
8630
6670
3123
432
7475
5615
5371
6188
7125
215
8097
7051
5551
6220
300
797
8015
5867
1650
5809
9439
5058
8170
4885
6179
5633
4402
7760
5565
5954
6785
779
4720
4737
1980
3811
1453
4486
6677
611
3591
2487
7084
8951
1576
6729
9805
2635
77
1373
6652
1317
3730
1231
3075
4769
6669
7111
3767
1364
3331
7899
3173
2870
9161
3424
7278
5609
3717
5335
6987
8152
6195
6511
980
1312
530
6412
8891
9282
9389
9666
6332
2339
3909
5174
6595
9843
9633
5219
9535
1531
5618
1016
2257
6572
4691
4788
7483
315
7539
6733
4714
8130
6699
6003
8324
2892
3048
459
4919
4593
236
4367
9404
7097
7892
5940
9780
6694
2731
2782
1688
3151
5494
1691
7249
8339
5348
3822
2236
5319
6691
9574
7820
7283
1362
1632
5592
9897
7936
3973
1535
9230
4174
3353
8110
9216
5322
988
1573
8146
719
1287
9735
871
3740
1907
6592
2465
8649
5880
9491
2671
2704
350
1676
2498
7015
3206
1960
7607
6781
6773
6760
9355
7550
2060
1440
3689
1112
1447
6114
4300
8854
3088
9418
6484
303
4204
566
6768
7101
6393
4617
6104
5662
5336
3062
7603
9456
1920
2989
4452
1984
8621
3319
7720
9075
994
7488
7261
7841
1526
8738
186
3944
9965
2046
5560
6036
2522
6569
3
9442
2661
6190
875
8125
6103
1264
9078
1209
1536
9108
9266
5160
1194
4286
9794
9215
9643
7676
4537
4646
7600
1789
8444
6012
8294
7554
4368
2299
2769
1958
2548
8511
2912
4343
2846
3128
1548
9880
8260
9945
7429
7614
1962
7142
6253
5668
4597
1827
6235
9742
9952
5414
5276
6150
6821
2803
1770
5948
6875
7597
6631
275
9067
5623
4713
2129
4833
5124
9711
9248
9928
6224
9830
1248
8663
8592
684
2773
4615
2643
3729
370
3690
4585
9213
9848
5677
3419
3299
584
5200
2297
7712
1649
1368
8194
6308
2042
3678
2538
7543
5443
4843
5097
337
2054
9641
4278
7888
5373
7875
9583
1232
5535
2039
6375
4309
2348
5900
5451
1550
8653
5974
2223
707
4308
9681
659
2427
3498
7585
669
9269
6518
108
7576
9901
7233
5475
3667
3403
1816
668
1799
6547
1020
1149
2282
6248
4345
2494
4289
2697
2344
8093
2516
2301
6778
758
6520
302
8650
2214
5780
3044
5978
4130
4436
8370
1968
5737
4786
9209
3762
3716
5770
8160
6726
6440
5845
9336
6542
8398
7763
8129
6338
9465
5104
5131
3332
570
4512
3710
2740
219
453
8699
9361
8390
4637
8206
476
8144
5007
5692
8296
2343
1192
4929
5842
2727
3002
7867
4980
2693
6359
3697
486
5197
493
1808
1900
3555
7567
782
7722
7291
2865
388
2745
2274
9010
9149
357
4905
9545
2120
1711
3335
4970
9906
2470
6710
5101
268
2232
8831
7663
2094
390
9082
497
4946
9279
6367
2369
3789
1811
267
1017
760
4418
5287
2216
3382
7410
8359
9204
2983
4056
4478
6066
7750
2923
3912
1661
2241
2813
4381
953
5323
8844
6480
1448
7357
9263
4887
6794
5619
6097
5056
5684
2058
6376
3316
6134
9541
3346
3337
1445
5671
6171
5213
2831
7050
1070
1073
7477
1464
7332
3854
9544
2810
5987
8893
5966
4572
9783
2181
5971
9922
8755
5021
5009
6018
5977
3117
5259
9041
7067
766
7194
4044
5307
6683
2300
5557
9077
9658
6464
5203
2814
721
6579
6849
6701
5321
2687
2053
9393
9262
7774
20
2750
9851
4641
3195
119
6286
6301
5265
703
9515
5774
3584
2827
4007
4409
6414
713
4868
5301
5344
5525
559
6957
4177
6528
6022
1120
722
5196
3165
5705
5171
3285
4588
3627
5676
6873
9629
5607
1628
3201
9570
6037
6697
9569
4755
8248
5172
4831
9398
3066
1659
4799
5421
7109
812
635
3682
8686
2817
2391
9958
4989
7026
5903
6478
4252
6234
209
7985
4846
6046
2207
8067
898
9233
5163
7312
9362
2434
321
1108
7862
7628
3363
9557
8519
3359
7256
2204
9421
9322
581
5237
3930
7398
8935
6725
1396
1620
4760
3792
6499
944
9942
111
7561
356
9826
7668
9013
5547
4492
4470
4148
7093
7400
2279
1434
3694
25
9497
8871
2461
5810
9684
9914
7681
4053
2781
9836
8385
5796
6432
6142
4031
6145
6452
7731
262
1856
1618
4046
162
2132
1263
8995
63
7474
4544
6236
3631
963
6089
8389
9008
9113
1791
9774
4861
4084
2601
1504
5709
4088
3820
9546
505
3726
9853
5415
9448
1098
6864
2026
2350
753
7276
2670
5851
3849
1992
4947
5961
5863
1363
2625
6504
263
7388
4803
5979
3878
6307
2891
4707
1436
2764
6740
3499
4318
3648
1969
4471
1705
9804
3291
8384
6549
6658
8595
9981
5277
4743
7599
1810
1540
5144
8973
9941
2953
1044
2732
349
8739
7976
6342
8127
569
9382
2511
2190
2295
7716
4933
9983
2040
9031
7385
6423
9815
7926
3654
8191
3237
8494
2660
8830
7589
1663
3993
7129
1978
6900
3868
4860
3272
2614
579
3480
265
4779
3550
4356
8955
4560
8618
9520
448
4610
3182
4662
7721
1746
2515
9358
311
5460
7374
143
29
9646
2312
1560
7818
9471
9837
2581
4906
3283
8082
767
1255
746
1527
8596
9677
640
4620
7759
6377
400
2341
5882
3152
1766
8969
9896
1080
1640
2616
5240
3120
3816
4153
2788
1901
5379
7223
7773
1130
163
7701
7789
9293
5209
5690
6270
3400
7660
6295
1782
1438
8416
3847
4756
4978
1757
6335
5299
7155
7935
8056
4085
3970
9267
9286
8818
9648
3848
5244
8003
2815
7800
7736
2154
9450
7512
820
2869
2568
2370
1855
2193
9140
5558
6941
6853
3538
6606
5818
3426
5222
8852
7743
1874
3365
7747
8971
4827
1877
6492
3080
6639
9550
8589
689
51
2557
5772
2383
4949
2037
1002
5309
4432
1339
9468
7898
6868
6498
9617
9479
6748
8685
6621
2493
2492
6381
8901
8658
7728
339
1065
3540
5743
1728
5798
9164
384
6277
2874
1136
8719
6650
683
8137
3757
5445
1508
1530
5257
7702
4709
9764
3200
8759
1610
4475
704
3189
3502
1798
6441
6192
3517
6082
5767
1853
5330
8131
2784
786
1
7298
6257
107
9120
9700
8021
5246
3213
2108
6596
4100
3100
914
4822
5135
1614
2430
3449
4123
6556
5090
1325
4890
6633
1621
6816
8049
701
1759
2553
9134
8263
9926
1568
2473
7925
9332
5632
824
7642
7793
7885
2101
7772
955
9147
6434
8820
5431
4903
5783
3181
2534
4429
8229
8041
5517
6020
9622
4746
8181
7548
7601
7931
3570
9207
4515
5982
3330
6897
8635
7786
6842
4636
1321
4373
3964
7355
3508
2771
7353
9493
2366
9168
4939
8765
8048
6336
4819
5951
860
6846
6809
4834
5713
2111
551
5169
2957
9414
6948
2972
3490
5452
2916
9341
9691
1570
4230
110
8512
8074
3495
4384
9970
8249
8729
9197
8978
5744
2536
9394
5827
7829
5524
1273
8473
9746
2679
4971
7453
2200
4414
176
5326
3681
1323
952
8763
3144
4580
3191
5636
1743
4497
9314
3672
5739
4313
9925
5382
6280
7487
2215
6583
7217
5278
6241
1427
2395
6859
8240
7165
9446
1528
1670
7623
1111
1223
1202
1092
9416
6328
1203
8268
539
157
5613
1253
8877
6062
367
7237
8029
2780
1652
679
3763
7490
4787
9191
2115
5089
1629
641
3647
3588
7527
5539
1750
9064
9562
7078
9055
9844
2032
4066
7062
9665
9405
6397
3024
9374
4263
8476
7098
6293
1956
7515
2179
1127
5695
1749
368
3781
3127
7304
217
3560
6351
2460
4872
7063
9766
9436
3437
9964
6643
7963
9649
4331
1297
5626
8115
1043
9714
711
7808
6685
1084
8158
6208
9185
1925
498
2489
7338
9440
4818
6898
123
1692
139
2218
3765
6610
9748
9947
6493
1187
3747
9823
1912
8648
9567
7437
7391
1166
9085
2402
9736
1774
5839
5729
5773
5745
7348
1403
6002
5914
9575
749
7
2337
7401
30
3361
1585
8281
9289
2143
7436
1889
5288
9138
9512
5177
9857
1973
7682
4493
3481
193
7692
3402
1411
4231
9480
3728
9526
4729
5938
1624
5968
7167
3788
2394
9884
6720
1590
9899
9316
9943
2136
2937
7420
5570
6196
3851
916
8456
2185
6232
2069
246
4052
8888
2762
2520
1307
2152
8959
5023
3804
8132
1274
1908
1097
8010
6644
9889
4603
6698
7843
2756
7946
9453
1028
8578
4050
9890
3662
1472
549
7230
3411
65
1571
3223
2580
8735
7711
5226
5170
3959
2393
8107
709
6935
113
624
3129
8396
3082
9709
69
8568
3040
2255
2451
8858
744
6626
5687
557
8643
7545
6030
7335
6086
4366
276
3252
5233
7814
940
1242
1265
1449
2005
5543
4295
2306
3017
4012
7433
1731
2867
1645
2649
5593
4448
2080
5777
4856
2429
6936
6963
2676
7313
831
9094
1096
6927
1586
3582
3158
3743
2437
9463
1500
6203
6952
4284
9789
5388
1964
6614
1382
76
809
6977
8045
780
482
8039
1400
6278
8840
889
2238
7497
3444
2374
313
330
1512
1176
5534
674
3161
9240
7402
4163
9938
1997
522
9543
2931
6389
726
420
2766
2976
7801
6994
7317
1516
3160
5527
7139
7000
4465
9940
3374
7859
4227
4859
511
8157
3256
7846
4654
3748
2184
3232
8617
8177
4568
5505
3287
7331
6983
9400
1744
6230
9495
7506
7484
6266
7232
5034
9971
663
9402
4960
7544
6812
4909
9799
4757
1291
7717
6791
3005
4055
5802
8443
5103
2453
9722
5459
5464
4212
987
6363
9437
2122
3872
2802
3840
7240
8477
690
1584
1896
4030
6951
2059
5799
6500
1892
7244
48
7687
8499
1475
3954
1883
9860
2587
6039
4346
8295
3494
9755
3671
3473
4584
8230
7945
1910
1145
9116
5316
7524
494
8909
9662
7618
9028
2123
5644
7173
717
911
7847
6217
7444
9566
4764
3754
5604
6609
6334
6628
8475
1182
8452
2575
7602
848
6508
5154
6117
5273
9492
7794
8672
7696
8670
419
6907
5158
9062
8431
8460
7143
8601
3153
7327
1146
5274
4421
2836
4113
31
4509
2688
7881
695
4417
6443
992
6317
4096
1185
5574
6245
1058
7573
1720
4224
9365
3037
9518
1812
9052
4613
9676
2729
1169
146
8450
1967
1292
3594
7197
5834
4771
5617
3389
2735
4751
2655
447
8251
1599
7870
6862
9786
8466
4385
1825
5476
9768
5162
9499
9486
4158
3702
4823
8629
7724
9068
2664
5656
1132
1229
7677
4992
1207
6368
6246
1671
8795
9030
6645
7530
5513
7272
2358
7103
8491
999
2284
9258
7494
8429
9305
553
6394
4249
7178
8860
1884
409
6982
9902
3755
4416
3815
7871
3542
8960
1959
621
8231
687
7285
2593
3665
5125
149
8706
7156
2871
7845
8197
7854
1318
4516
6591
8574
9331
2495
7382
478
3503
288
5008
3231
3938
4794
9328
491
5105
2857
4941
4065
517
500
990
3186
9234
9481
8577
6828
5715
299
2332
3706
5823
425
5564
5444
7140
6050
915
1402
6980
2359
8366
2180
1156
1407
7574
5122
6787
4049
7007
3649
1931
9372
5383
1310
4642
7040
8882
5426
8262
5817
5085
8906
4119
271
6380
8122
5641
1625
5997
892
1644
2793
5990
5186
6934
9984
9593
936
1210
1094
7092
5065
6116
9795
6361
5450
7439
8771
1075
1562
4573
8292
3139
9423
2738
2388
605
7418
3939
5878
1271
3386
5011
5846
130
423
5218
1459
9076
3990
5188
2913
4157
5395
1333
7791
4998
7622
1256
4254
1324
778
525
3245
4782
2182
4778
2512
2082
4234
6608
256
1996
4579
2563
4944
2652
6345
322
783
6461
8422
2518
101
8330
5334
8433
2012
8216
2224
3618
9053
1072
1497
948
5553
6320
7924
7652
4025
4495
7893
2067
4317
2584
7228
1288
5339
3267
878
1755
7977
7891
738
4270
5941
7035
692
7102
8726
6540
4321
415
316
9182
9650
8118
5138
1282
4291
626
7028
2389
3081
2838
318
9565
5434
7858
2510
1597
6101
159
600
6709
5241
9390
8086
2807
4394
4999
7191
9741
6421
1426
9153
6456
9894
1179
5919
1141
9692
6148
7231
1713
986
8571
194
8528
6917
8639
3611
9470
9489
5803
2674
8539
6855
6287
5235
8796
9605
8343
9271
9839
9519
3857
6804
50
1971
7809
7647
1852
8737
5594
7219
2144
410
4152
2993
7661
3448
7691
1462
1716
5343
376
528
6202
4832
3261
5955
6581
9607
8201
1904
8963
9119
6076
8309
5893
745
8521
3180
816
1381
6707
429
475
9872
2198
4355
7726
6682
7057
1216
2244
2658
7257
1045
3790
5936
796
1838
3064
4143
1077
5106
5985
4807
2996
4543
1694
9466
4772
6976
8031
1863
277
6630
7835
394
3720
488
2149
885
7014
618
3446
7270
6251
6884
8862
6073
8868
1603
8731
8896
1564
9107
1081
587
4698
4738
3222
3418
6916
9238
7281
4290
3919
3421
7174
8364
7949
2231
4092
3661
6194
3106
5386
6901
7221
7043
5231
7251
8193
5820
5072
9865
5778
8680
8956
7710
171
2980
819
7131
2675
4386
5520
8497
729
9973
9785
179
4155
2893
68
1377
4961
1430
8059
1056
8610
5567
644
6582
1126
3879
6956
3808
3523
849
8754
3284
8769
1679
5380
2178
1767
7010
242
534
9960
9590
406
523
5483
6371
6327
2757
6803
7318
9834
6420
4473
8997
2547
9226
2680
2205
4463
8239
4975
2403
2506
4035
4812
1915
7583
3535
1168
4892
2646
6184
2880
1014
3264
4183
6139
435
4292
9457
5926
6315
9626
3583
8453
2864
8923
8462
5909
6761
1906
9918
9461
5013
6990
9284
7306
7279
9618
5946
6417
1157
4884
3587
8267
3057
4273
9784
6593
1778
6475
6755
235
8509
6045
5068
3091
6009
5665
1481
1392
2112
3664
8124
4307
9988
218
6472
6888
8928
3833
5584
4514
1655
9169
8373
3506
5385
3576
2778
3597
8162
6965
9033
7120
1129
6343
279
9604
9718
9576
8920
291
8669
4114
6751
9042
5568
3870
7048
9694
8838
7887
8790
859
9283
9202
4692
9280
9667
1341
9620
2785
771
561
7013
4645
8025
4387
727
3602
8881
9998
6777
5790
6415
9833
799
4202
7522
5403
3862
8583
4312
9886
8169
4790
1178
9521
6601
3956
2452
1036
2310
4877
7150
2834
4979
4616
4268
8631
5360
7830
5693
1214
3405
1903
7708
397
8645
2930
8661
9533
6410
4388
273
537
84
4240
1881
5417
7001
5822
876
5813
2714
4567
2554
3362
5081
870
4033
6092
1674
2763
8540
3643
1162
6324
5116
8976
6585
190
5723
2159
1981
3684
4725
307
9723
6182
7371
9791
2404
2189
2137
1374
9217
8233
6756
9333
2422
6587
2527
3929
8761
2276
301
6370
9447
3796
5455
5747
369
9296
7577
3049
439
5712
7169
866
2076
8057
4210
1845
4880
1758
6399
3655
6933
5562
9011
4715
4197
3439
568
3773
2960
1704
234
7492
4652
2419
2964
7604
9117
2797
2201
2450
9537
1461
7121
5980
5651
2264
34
2855
6979
1213
9098
6185
6023
1814
9245
4916
1199
5930
9227
6033
1851
4105
3035
2656
6747
8227
1948
857
565
4901
5794
6162
5769
4015
6940
1935
7557
4128
8368
847
37
3890
1524
5852
4716
8811
598
4294
5151
9907
5022
8342
332
4852
7565
7100
680
1634
1473
1565
9876
6252
6641
5286
1979
3463
264
1943
9189
4571
22
1295
3802
8394
2052
1113
1259
673
1622
2206
3917
7822
3150
6922
4146
1087
7076
5816
646
3915
4847
4298
8468
8236
4553
2169
7330
9978
6985
3776
289
8718
1227
7269
4074
2174
867
8188
9701
5913
4731
9081
5024
3735
6261
2049
785
6199
4993
9287
653
5449
8983
3736
4266
7813
2572
3650
9155
7105
2631
5245
6019
3867
8815
4185
7856
8561
7083
1261
7664
6
2074
2907
9552
5143
8058
7356
4040
9038
2030
55
7322
4283
4306
743
9858
8641
8120
6313
2447
7844
8948
1452
1150
7704
9154
3321
964
5526
9511
3926
7412
245
2334
6155
2500
1858
4329
2968
5180
4626
2280
2570
1753
4469
8664
7784
2639
2805
2959
122
1372
9555
8293
5883
4332
1165
1820
8116
9664
8845
8387
4511
5702
3656
8504
2256
8349
2624
8654
4213
9356
7011
6387
4456
9252
2749
2347
8636
6457
1725
6648
4477
2794
2482
693
3750
4357
2591
9048
4996
8555
7277
7918
5201
5776
9863
7849
9862
6618
5962
6173
7044
5353
3803
7119
1689
8472
3328
5538
135
7580
82
1071
3941
7302
9163
4517
8435
454
5289
3183
8703
156
3349
4279
9109
2228
8714
4404
9822
2313
1578
4851
5854
306
5398
2641
9056
5482
8696
6157
2711
230
2385
2471
381
8167
515
754
3445
4302
9214
7907
2804
4376
2456
2148
6513
145
3687
1450
2872
2873
6470
6647
8054
8084
8174
6494
358
1594
5645
7624
6428
5659
5178
1052
5429
8593
2428
9816
740
189
5400
6290
1254
508
1502
7274
7128
3543
9769
5589
3163
2950
3467
6854
1850
8038
1642
1388
1095
3372
976
4179
2908
8532
4536
8652
8855
2887
1340
6242
8128
6654
4011
9601
1370
1289
8409
5296
7080
3601
1269
830
832
9060
1521
6056
6222
7641
4817
5602
6571
4480
5210
7839
4994
2290
3850
3202
6600
8619
7853
6140
7061
9152
3271
2109
3415
4203
5992
7137
7586
6135
6625
1794
2799
4406
6955
1007
5814
4243
6200
4156
2819
5044
6455
7198
9438
7399
9383
5495
6309
3317
3401
9933
61
3578
3568
1936
2484
4106
3852
8228
1458
3932
1946
4775
7737
8020
6125
8842
1985
7200
8531
8291
4976
2220
3984
9864
9524
2164
8590
9022
5804
8392
4663
3905
4244
3843
4926
9828
8633
2323
7485
7939
6383
5270
446
7081
7884
6124
864
3146
4864
1916
6974
2818
1124
7074
8163
7523
4323
774
3537
4742
8442
2528
2603
7349
5918
7795
4248
4362
6767
671
5462
2677
6212
6599
3408
6374
7612
2399
7678
4253
7320
2009
4972
2576
3946
1117
382
8106
72
8078
6240
2066
7975
7088
283
6365
9294
1083
8149
132
5944
3397
6834
8426
4348
9203
6681
3244
3112
9105
1627
2397
8584
2877
1346
6704
7895
2713
7525
9445
6166
9386
7346
5599
3460
7889
7803
5601
1924
6822
1015
4102
4232
5683
7116
6769
4138
7295
2991
2573
6992
8313
9560
1675
8076
4549
3214
2775
6095
3126
228
8354
195
8241
9237
5485
7551
7182
9101
1226
8950
2335
5700
2690
6254
6204
8348
9127
507
7392
4327
3793
1114
8478
7516
1921
5541
7130
1988
2314
715
1942
4854
4190
6662
6920
2478
9867
3054
4815
8711
2464
3641
9071
8374
5364
6993
8599
815
60
9966
6995
8271
1057
4561
1343
6061
4419
6001
9586
3516
5390
8764
5121
1224
3428
3937
1616
1298
2821
7297
9932
1041
6739
1418
4447
1042
1832
4987
1742
904
7879
1331
8675
3310
3212
7195
3985
1051
2408
9037
9129
7216
8602
4196
1803
7367
4274
6612
1998
293
436
5433
393
7769
2211
2726
5134
9200
259
8642
7247
485
5012
4910
9246
2166
9474
1514
6032
2830
8278
5046
6215
9939
4954
9422
9979
6808
2272
5392
198
5864
5616
8459
6447
365
8580
3701
544
2909
5775
10
3278
5580
7693
9568
6460
3980
9173
4336
2088
7953
3294
9874
8018
2349
2524
67
1009
3742
2896
9806
3799
9911
7996
1839
5872
2392
6128
1952
8133
1309
3438
2787
6121
2010
8744
440
3056
4889
334
1355
3169
1249
9781
8859
1503
6686
9087
4258
1657
9747
983
2055
3521
8340
3003
5272
1751
8799
5761
9122
8208
2110
8274
1684
8785
7501
158
4314
3581
4061
9032
1687
6391
8303
8713
4164
7454
2514
3858
4060
3107
2475
3376
3394
7819
6237
4250
9206
2381
9225
4878
374
9616
3250
7008
6557
4777
2488
9912
9572
2296
6531
3514
2939
4988
2862
6348
3914
8807
1868
5786
7764
4723
8471
8135
2294
8603
7066
6563
9059
9058
6468
9434
6411
4078
3387
3326
8455
1478
712
9917
489
6314
8498
989
7572
2852
7123
6605
6233
9827
5338
8536
1575
456
9725
5481
3034
4054
8305
8001
5298
8094
7305
4198
1499
716
3541
9277
2033
7316
8813
6564
4953
6806
2579
9761
3864
1927
6619
6491
818
7999
6797
6967
8264
652
5582
7901
3575
6906
3185
6664
6373
8357
2463
2556
6908
3203
506
4791
9285
5016
9630
2927
6819
1672
2555
308
399
3871
3143
4118
1871
4405
8265
294
323
1529
7620
1267
9757
5006
2217
2265
4144
3050
8432
2718
431
5304
3204
260
9176
5441
6136
2140
5357
5678
9188
5806
2901
4438
4445
6059
4369
9018
351
856
8824
826
1587
8254
4411
2822
181
1709
5720
7360
7271
9409
7757
1882
1334
7648
5080
2883
1311
8833
3004
8678
6566
7264
7471
5139
6798
7866
5590
7077
8103
7972
9223
5698
950
7006
191
3657
1133
3637
2262
3292
4661
2701
9534
3300
5756
9556
96
8288
1609
4095
8215
7787
4761
5935
720
7163
5924
2634
8917
1489
3018
6422
6953
3113
5588
3545
1579
9655
4963
9841
147
416
5260
3837
558
8772
8644
4467
3812
7153
8257
3883
3364
4437
2723
5128
1299
3077
873
8730
7423
6876
6611
5868
8828
9165
1975
3248
1721
2068
7301
9788
9854
8485
6126
8290
9403
9338
7268
625
9986
4674
4239
773
1505
3856
945
3733
200
6548
1712
5646
6743
1949
6077
6914
7491
3176
1572
1682
7570
1608
7089
5620
8921
9642
9953
7368
5542
3217
4391
650
5679
9977
3466
1482
9878
9016
2283
2890
1394
7161
3108
792
7344
660
1660
344
8207
8219
4814
4977
6210
2250
2270
5208
4592
9072
8415
4255
8745
6264
8173
694
8822
633
7481
768
8246
7114
2006
2973
6765
8113
3197
4352
7235
8977
5252
5361
3343
7896
2988
2948
7440
2517
698
6482
4443
3065
7138
4527
1698
331
8022
9847
3076
4997
7684
1756
1961
3596
3031
8564
9428
6753
5905
6558
869
7452
3592
9612
2011
1693
7860
9563
2096
9705
2499
5605
4792
8677
6607
7032
9927
2710
3590
8624
5113
9508
3903
4479
5120
7315
9345
2686
4451
3737
6451
4188
8069
8534
4070
7526
5211
9614
9558
6017
1012
8252
9516
3468
7260
4748
979
2172
9856
7113
4262
8250
6384
3263
2558
823
470
1205
7831
391
942
1786
9384
2642
4364
1990
2617
2984
7407
9057
8894
5532
9603
433
8411
3356
114
5384
2405
1772
2683
11
1160
1593
3430
4071
8953
9462
2025
7549
1805
257
3357
7363
5419
639
3509
5855
8981
3813
7004
4191
5787
7287
602
9334
6067
7915
6427
6594
5147
2583
2758
4491
5132
2716
7449
5531
1378
9244
5701
4863
4337
1697
3948
9343
1737
6617
1819
884
8579
3280
8941
1244
9673
5303
1637
7466
6453
4660
3327
5721
1566
3989
3640
8143
5202
3484
2665
7133
9594
2589
2191
802
6551
8178
5704
628
4685
2532
8734
7553
4922
3536
808
1463
3156
2008
7472
7876
4598
9347
6107
6689
2689
5718
3860
3478
4862
9915
3433
8989
4538
3676
7993
310
5418
9934
7031
5921
64
2368
750
8284
8428
8441
7003
5686
4806
6437
546
6527
8600
2636
3322
5717
221
1605
2319
4087
7362
5351
2308
9600
8410
2287
1723
8211
2321
4277
1714
3425
4830
7960
8085
2744
5404
3496
4945
3988
2097
977
1994
9968
1595
4186
2748
1200
7186
1567
1138
1484
5933
6326
504
5407
7970
843
1667
1875
3677
7528
4482
4021
9006
9776
5356
4600
7556
6154
115
7730
4621
3673
8942
9522
7464
3719
4135
2119
9458
2263
5892
4319
5234
1329
6473
3479
8750
2861
9801
7212
1352
9685
2992
3135
4423
5865
6730
9020
9186
9387
2440
1076
5250
1239
4724
2637
6106
340
2278
9483
2977
4920
7441
2914
428
9573
6283
4622
2273
2390
8205
6132
6243
402
6771
5192
3435
15
5488
2001
8751
7021
2420
6449
2932
6147
1788
1602
1047
688
7365
3051
4117
4063
5405
7151
6111
4754
7734
5788
5347
3610
4101
7189
9224
6426
4898
2081
8704
5055
1748
2448
5497
2020
4648
3084
3896
8072
9143
9427
5036
4967
9554
6138
2951
6663
723
5376
8404
3668
3344
7168
1079
6590
2014
2508
1523
3101
9373
5579
3960
755
2254
5406
1174
1654
627
2848
8055
9796
5368
6703
8198
6880
1123
7779
251
9114
5728
5848
9993
619
6404
52
638
6866
1592
7606
8646
4322
6131
8196
4125
8312
2715
3800
8013
7005
8479
7886
931
2940
4139
8337
8656
5849
7594
4853
8209
8513
3942
6211
5142
18
155
1336
1837
6649
3007
7280
458
5355
4005
3157
3350
8692
8727
4766
2640
4943
3680
2574
5710
4256
8440
2075
7166
272
6902
6530
3085
2291
789
6891
805
3471
3260
1283
3897
9551
4605
7744
8461
7177
3595
5470
4440
7560
5658
5064
3072
8623
5075
1519
6840
5663
6839
9193
6274
38
9069
129
7685
9855
1880
7321
6673
8918
6782
3866
7099
5749
3038
8253
3472
2338
372
8311
7038
7964
3121
9924
3741
6462
8140
4813
9623
1701
5791
9369
1109
2509
1252
7569
8222
8974
7347
6259
3548
4305
3704
404
21
5271
5888
2897
8081
89
5516
4562
4269
3045
5396
6181
2171
4167
3617
7511
4136
8541
4805
3029
3645
3188
9708
3340
1456
5612
6823
3783
3900
7669
8567
5885
407
2376
8991
9477
9091
1830
5255
6438
7806
9797
1008
1275
3224
8141
7566
1617
4407
9074
4430
8083
1038
4773
5660
6586
606
9261
3192
3068
5291
2230
3889
2431
3885
9092
1101
5100
5523
8554
8378
3911
8329
1615
8547
4161
9645
9502
5673
1001
5157
4734
5435
3738
6031
7366
8300
1466
8949
8382
5953
6216
9205
7987
3623
3262
1867
1050
7308
2209
8061
4296
681
7378
3427
6110
6015
8776
5073
8346
9592
9476
6770
2851
2156
2997
2629
1730
4178
5381
8200
5895
9686
8369
8733
3236
7203
6088
7030
304
4041
2016
2552
137
1241
9916
2165
8865
7658
6921
6706
3887
7912
9133
5447
512
7053
9790
3380
3916
2565
3269
1139
8794
6856
5167
9929
7339
5184
3063
7571
5999
5148
6120
3177
168
4838
5853
833
9027
1974
5911
134
4601
4502
7742
5102
2829
8145
4721
2433
5017
7419
4850
8344
7206
5049
3553
2919
5236
4058
1031
7974
7068
6445
5907
1989
7411
9500
6431
2476
5363
1335
5168
3771
7592
6311
5063
1053
3784
9582
8408
8386
94
1468
4285
359
6137
3658
7199
6303
142
5828
9125
5727
8569
583
106
4458
7096
6263
4876
2808
7262
9455
338
8773
8957
3616
7988
7943
6382
7790
7579
4400
6700
9196
5001
2994
1163
910
1078
4062
9236
1142
4855
270
6931
1631
336
9809
7938
6141
7805
5906
8184
9870
8088
3336
366
3924
5266
9257
8647
2133
389
1954
9381
7389
6675
1491
5545
6049
5746
6928
7087
1245
4590
8690
1367
3409
5635
8402
6672
1167
2811
6355
9241
7707
6831
9430
6960
1424
666
9496
4220
4439
7193
3797
5649
7480
4608
4599
3818
5766
7659
5071
5146
8634
9954
326
8874
3660
1677
4866
5269
4392
6776
8275
7425
4505
1817
1613
8514
3440
8752
9004
2844
7700
9644
3562
9046
5858
2145
7499
4554
9335
479
9702
6602
3931
9821
4895
5109
6871
6078
5973
4017
6863
4935
7872
3434
4957
7609
7226
9300
3725
8758
4623
7994
3102
865
9000
6970
5631
3666
8968
9229
1250
7496
8926
8788
9975
7213
7777
6360
8836
6256
8136
6284
2935
8546
8421
6271
5502
4461
946
6507
7645
6408
6909
5793
403
751
8687
175
8004
1724
7727
4677
9219
5432
8898
5366
8819
6638
6163
1859
1546
6091
4630
7639
7625
7502
2945
3744
7082
9976
6354
4911
4490
5949
4180
8837
6026
8716
3707
8204
1740
3087
8040
811
8360
3605
6329
8553
467
6407
3325
4363
2954
1195
7739
229
1848
6692
1266
1933
7878
6986
6346
2934
3925
4689
7785
5337
8777
1316
3529
7380
1626
9136
5554
9793
1773
4038
6759
452
4489
1752
784
6635
3715
902
5279
8446
9273
9026
6035
1606
1668
9910
443
9542
4902
5591
2045
6515
9719
2728
2707
1706
1533
7882
6947
1170
2859
3998
9532
632
7971
1240
1122
4
4526
2065
7933
4848
5118
7239
888
7047
4068
8803
1135
36
5401
7941
3996
5070
6711
6829
7025
7359
7921
4680
7834
8587
9893
4328
9007
2360
5490
8740
7201
8604
3832
3324
4009
8708
3375
923
5748
6911
7187
2824
7745
7613
8966
7914
4350
4741
6130
7208
6118
5305
4122
24
5438
1807
5187
8900
6021
3745
3265
9715
487
3447
185
8334
6815
1831
5439
2038
1246
7446
3303
691
178
2685
2162
705
2966
1457
807
1869
3329
1806
1413
9243
3522
7957
8985
7303
6250
3410
4444
8179
2421
2153
1876
5950
5251
9478
8873
2438
6879
9712
2239
2412
8104
9727
4784
8538
9295
4506
8445
9571
328
9898
4881
2626
2355
8884
4334
8379
9170
2084
1525
934
9944
9720
6153
648
1846
7493
6306
4982
7568
455
2195
3486
1777
5797
3918
5714
9359
9800
6962
4072
7504
3355
5606
3308
9693
8405
6102
708
4675
2946
9490
7780
1177
7106
4016
220
9949
1485
3069
97
4523
1966
9699
6081
7381
8905
1800
9406
5801
2678
503
1204
4937
5484
5672
165
1885
4735
8665
5920
3041
6281
3441
7220
7653
8756
12
4795
6878
7699
8259
4200
5583
3083
2157
2095
969
3714
1105
2820
5185
3663
207
1873
1511
4867
6597
4281
2100
877
2466
2002
7309
3314
5320
8954
1666
7188
4695
9635
124
535
7112
5521
5042
4679
7293
2281
8834
6465
2659
6655
3923
5474
1319
5040
3798
9475
4020
8234
5887
8050
1405
4226
9259
6858
2029
3320
7146
9083
5638
9444
1360
7207
4858
364
6712
2467
8943
4983
6634
3987
9131
8138
1496
5536
3061
4745
5284
9531
8371
9210
4435
8698
8674
4837
1067
7134
4233
417
4644
1172
5224
4349
3474
2415
5220
3276
1385
2305
6790
4578
2746
1303
2854
8503
4067
3042
9025
4184
8518
7995
8095
7509
4888
5029
7489
66
5456
3539
7662
8915
8325
1929
5596
3487
170
3354
9327
2598
383
9807
9337
6788
8895
5501
9482
9047
362
1507
9985
6267
8707
7395
8550
9485
4013
3775
2063
8223
5860
6064
9921
2753
6109
5824
6341
39
2567
3708
997
5503
4655
516
4670
9073
7016
8175
7110
965
7536
2666
6836
1034
6366
9661
8028
2800
4104
3483
9156
7171
2947
6999
212
1890
2435
117
1702
5283
5329
2760
4214
4006
8202
2139
822
6742
1354
4952
6402
4770
2692
9598
7718
8464
2790
4904
3462
6201
8507
8557
3171
3039
8741
6766
8492
5378
7897
3133
5280
6715
7108
1695
71
6362
7811
2816
3268
6883
4539
8846
8999
9023
2606
2384
7768
90
7486
3801
8172
8585
6553
1538
1532
772
2078
2486
5230
3377
6466
943
2196
9096
7637
8975
6279
2559
9391
4693
6459
7192
5227
4752
4828
1026
4466
6008
258
3406
2018
932
2454
401
6695
1673
8869
8614
4826
2938
1541
5984
937
5837
3908
3566
9320
7009
8166
9744
4109
9178
4893
1879
2985
9866
4631
9371
9278
7733
6156
4651
1035
1196
1217
1683
1860
3952
7428
8843
9868
4320
4672
4842
1718
5189
6172
1945
3842
8425
5262
3991
8575
921
714
9429
9034
5627
5789
4565
7408
4472
6372
7783
748
4222
3023
1518
7396
4498
128
2886
3257
3219
6554
2259
4380
4162
7817
9340
654
8666
3564
3288
9591
1887
5003
1285
5587
9276
8026
9951
2535
6310
9895
3454
9357
9488
3443
7920
2866
6736
7626
6522
6506
3873
1719
7761
9588
3338
6000
9950
7590
1862
7406
8493
9706
6524
7468
1647
4340
1183
7778
6344
4335
1928
8938
2365
27
907
5377
8693
1643
1308
1221
9379
3253
5098
5904
1681
795
7719
7541
6133
3014
2073
1251
1429
2210
3013
645
901
4570
7337
6624
6629
1019
5176
9498
8089
4166
9704
1222
3070
7932
1356
5214
6071
26
9627
7679
6312
5572
6057
9433
7752
3348
6918
1940
9687
5332
9172
9319
817
7723
1561
2373
5622
2990
5869
8436
2336
5688
9514
5430
7864
2612
9584
5084
2490
4839
8982
3009
4762
3251
5175
327
5643
2721
4442
154
2127
33
196
6400
8287
4235
8559
2286
4221
7377
7861
8449
3603
6485
4441
9308
174
9275
6895
6298
9459
4609
8849
41
9304
8724
7942
40
7405
8321
6959
8391
8715
5674
5032
1054
5548
5975
1151
2502
2409
9079
6543
3470
9399
8508
5699
2850
3383
7462
7765
9930
352
6481
5087
2858
7905
4948
1658
9732
6904
2309
8529
1537
3138
4245
3518
2234
7242
7588
5689
8070
677
1143
7245
6299
6632
3642
292
6144
4897
8302
8258
4533
1982
6218
6832
148
5204
4684
2958
8717
8243
1023
922
1198
2477
2245
2161
1384
3110
161
2035
3935
6512
5696
2586
1279
4688
2424
49
1439
8817
7832
6316
8533
2754
4671
3218
9549
2545
828
6912
7770
8052
9959
4310
6219
2491
8161
9812
6835
548
3194
9301
8454
2107
7170
8434
5511
6716
6160
7495
422
3239
614
8352
1059
7956
5549
3369
3398
1588
5191
6249
3683
2783
909
7328
7415
1140
2062
555
2221
4844
6207
81
1923
1932
3838
6193
563
1228
3794
5367
4912
9397
6929
2596
1171
4534
1262
2090
3609
567
7222
9292
3016
800
6997
810
3624
1486
7196
2741
2417
6892
3352
5053
8186
45
5792
3021
8395
4650
2167
4962
4383
3593
6811
8423
8847
9739
9909
3164
3724
1574
7333
6100
8037
4647
6717
3228
1822
192
5610
3147
414
1635
3791
5876
1554
9859
7562
590
4048
1598
2899
1338
3608
2413
4107
1891
5753
3240
3894
2048
5499
9831
1197
7215
7323
7299
7052
7390
676
8972
4457
9086
5856
788
6272
5037
116
3381
572
426
3901
8558
8457
3727
201
947
1068
9710
9624
3695
8009
1707
1922
5352
7990
2345
5706
6127
3692
2841
1066
3233
4315
1955
6981
3412
837
4964
664
6772
1190
5972
2352
4372
9171
1686
9401
6544
7968
9751
7147
2734
3777
1591
1842
6170
2271
6848
450
7735
2759
3010
9368
7535
4883
775
7500
699
2703
7211
9349
791
5133
2003
9192
5514
3628
4010
7273
9840
9881
9249
547
4611
95
8767
6041
1349
4003
5394
6260
752
1589
7962
6661
3764
203
9256
2881
167
6055
4425
6070
1048
2050
6796
1611
5318
1055
2311
7334
1060
8156
6565
4241
474
4628
3174
2261
7629
6910
836
2903
4936
445
6034
5369
7948
6779
2503
5836
5152
9507
1841
2777
44
3782
6575
7991
3074
9525
4810
2569
1148
2160
4958
1563
7329
919
8046
630
2628
4129
9454
6093
6616
5675
1152
8848
9670
631
3644
8356
9887
3208
2918
7651
2324
3507
9861
7775
6395
6401
3148
6305
3230
545
5190
8939
3552
1821
2981
7059
1823
6225
3286
2128
3653
14
2505
6010
3839
577
1011
8851
396
6108
4361
7288
1302
5630
4518
4918
58
4656
842
4513
3469
1828
9536
83
1522
6665
8168
8331
5310
3249
7596
8298
7185
2479
1582
8527
4170
4557
6896
205
8841
9504
6784
2600
8448
6678
9962
4704
4643
9609
197
7311
1739
3613
2418
9923
9199
6206
9264
5000
7827
538
6745
513
3574
9135
5843
8151
9112
5215
6495
5194
4682
1630
7104
6529
8625
5859
9530
5436
2105
554
2875
5576
8637
3753
637
4099
8019
8916
9360
5412
4069
7619
6058
7654
7883
7923
1553
4768
7725
9472
7631
266
9089
4225
5556
2022
9174
9659
8927
4800
6289
5573
7424
6292
9410
4018
6080
697
4966
6820
8060
2627
6146
5054
9473
7937
4036
3821
9913
253
7683
9891
7090
1024
9464
8183
9820
1379
4501
6378
5164
2379
4594
4042
1513
9948
8721
4464
5268
1934
8112
1030
2801
5947
184
912
1397
7478
8221
4914
586
7927
9137
2730
578
9762
473
3247
4496
9818
9144
3142
5045
2673
6239
4586
573
8770
7238
1236
4985
5740
8148
6418
4849
5819
7370
8109
2072
3399
296
78
4358
1103
8582
4077
6353
4408
9288
6937
2086
3674
3307
5025
9680
8801
2121
3059
2724
7821
6721
5096
7655
7546
6623
6403
5317
4747
8111
1857
8308
1999
918
7417
6187
7023
1451
8345
9198
1768
5785
8090
7630
8802
3043
2507
7421
8393
9043
2432
1460
261
9873
9194
6285
1233
1607
4209
3500
5870
8092
2077
8996
9177
7537
7804
9675
2698
2079
1243
3831
8700
6424
6562
7460
1653
4635
5629
7955
9132
6294
3159
8099
9510
7680
6679
6319
6577
5751
9653
7729
7521
706
882
3137
9698
7180
424
7738
1006
6042
1727
3351
5991
4115
8017
4282
757
3554
9045
8014
5267
9882
7282
285
104
2585
4875
8808
8556
6525
7997
8608
118
4014
1559
949
620
7947
6750
7906
1804
5067
5129
7552
347
1991
993
53
9597
1315
8213
4110
4237
6122
6476
6228
2878
2594
4726
829
1843
7673
1322
4528
8176
1032
4687
4696
1477
560
6510
4379
2102
7070
4299
5942
6598
8581
827
8552
1089
1320
5115
2246
2268
7967
4503
4103
886
2578
1180
7656
3475
4127
7816
2333
3947
6705
2987
5932
5833
8232
6129
9689
434
5891
4360
5275
9632
1987
8053
6300
8705
3234
7266
5095
5314
8242
2298
3525
7771
6754
9547
7020
7540
1951
2462
3577
8217
9615
7838
4324
5540
2999
6165
7581
2155
8780
5263
6603
1983
970
1061
4218
4510
9377
4816
2519
6613
8944
1375
1164
412
9726
3958
8458
9829
7510
274
5738
1417
7064
4420
9994
3607
1069
465
1911
2285
7122
3295
3986
1792
9370
6570
8516
8276
8626
5285
2860
7672
7911
7992
7713
6890
8965
2331
2599
7227
237
9652
2561
5670
437
9713
3559
5083
543
510
3393
8522
7157
7448
5145
5963
4047
5422
2249
881
378
6502
4064
9835
2539
5559
5750
3388
9992
4640
657
8535
852
5764
5634
6535
3501
4576
8437
8694
8266
524
7172
2044
8850
3531
7179
4176
1972
4236
1619
5879
1040
8688
9121
5225
7205
4700
1878
6786
6503
3227
3625
2047
8036
6676
7336
7982
2879
7705
3968
8789
1062
8363
430
4398
4141
7094
6589
7236
2387
6984
5302
3997
7049
164
4612
6152
6861
3513
345
3179
4973
6079
9904
4165
8012
6825
4194
8190
2330
9513
3422
4719
975
3580
9420
7498
8940
5038
8353
1905
5533
8839
2
1539
7766
9181
3095
7118
821
1344
7033
6016
6364
9888
4639
5603
2176
8936
6731
8525
8047
8775
9431
7054
2900
8526
4835
6923
4589
4575
62
8930
9212
6159
6545
1898
1063
9363
8044
9312
1836
1732
6702
6795
8245
7259
6881
1577
4247
9084
6517
1902
6048
4619
2212
3751
5550
2657
3836
985
5437
5937
6169
2942
8774
1046
8922
7751
9802
974
100
9187
6727
622
3103
893
2965
9869
966
4374
2786
1188
7686
9548
835
6561
9183
9352
8100
2443
2237
1769
6198
286
2889
4353
8027
9990
8890
3891
6321
4767
3124
7379
4083
9313
9044
0
3532
4426
2277
9291
7807
7689
5002
2798
4344
8591
1888
7218
4459
442
9118
6398
5397
2501
9967
7145
6668
5861
649
7465
678
4959
2056
3293
8286
2083
2481
3969
8876
2103
3115
8524
6051
5306
880
7615
244
8673
4633
9184
5569
7908
206
520
9599
5195
6167
9460
4147
7796
4150
9228
2106
939
9268
3961
2357
2458
887
1552
8489
6119
6659
8002
4950
2354
4159
7482
3089
7929
3809
2566
5711
8606
3824
4160
5238
4706
7797
4412
4229
3795
6174
1443
408
9029
9142
8480
4934
8565
464
7904
2613
57
984
2853
8613
1358
2521
7430
7432
2292
1300
7459
4215
9419
5522
9920
4865
1332
4455
4428
8318
9115
509
6450
7555
6442
5498
3572
3551
3845
8091
8709
8277
8079
8933
9099
5181
342
3888
8814
371
8341
3451
8147
6869
8520
2833
4338
7214
6115
6827
160
2949
5293
9724
5254
3533
7072
5341
2411
9255
333
4039
7447
387
8659
7158
7877
8612
4519
8005
840
3125
6971
1218
8465
6961
9696
9810
6180
6818
444
7665
7667
844
4086
2436
56
2551
3898
9908
4736
2546
2266
7310
6972
6189
1604
501
8320
6269
4990
1220
6851
3899
8315
2351
6671
2485
3055
941
7940
2248
3861
3000
4238
4401
6060
9770
3342
3869
765
2353
3934
5486
5411
7517
8804
4545
3001
3827
7091
4057
550
5428
2378
269
98
7354
7284
9682
4347
1004
5496
4664
8886
5074
2410
2439
4938
4199
9441
670
2549
8570
1557
7973
9540
1018
3302
9845
8375
3979
2597
5402
6322
6501
2158
7534
5166
702
5110
8904
6229
4378
4869
8484
5546
4886
4559
6143
1741
3579
7748
2904
9798
3527
4874
6924
2979
166
6805
8501
8
1840
7715
3456
1284
4932
2540
2751
3305
593
5212
3019
6722
1480
9825
1870
3636
3093
6988
3396
8427
2367
6379
9969
8899
5193
1442
5458
9995
8358
4154
3994
3700
1064
5028
2523
7880
4342
3886
354
5934
1173
3221
6802
73
3028
7538
9218
2682
4547
3052
1854
3549
6830
5442
5847
8212
9003
4359
5654
2944
6027
4765
6724
3807
9190
1455
5457
1399
2233
5137
1638
2720
1826
5297
4325
6025
3489
1926
319
2633
3297
3155
9639
1970
7558
7159
2147
4882
3547
7325
7989
3604
5324
9270
2560
733
85
924
9250
9339
6238
9093
7045
5327
7591
8418
617
2905
5389
3306
6262
9392
4981
1181
225
8317
1357
2650
5741
531
5410
5734
6789
5871
2876
8073
7595
5349
7520
7451
8155
9683
8825
3086
1894
3090
2956
5117
4326
8640
5960
9759
1086
6357
4521
7916
1410
967
6893
5099
7690
1465
9324
6688
7037
1726
9311
6282
3333
1556
8506
6265
2622
4043
7507
9610
6168
6177
5530
317
3709
4427
5375
3301
6926
2031
5468
1389
2668
2093
8159
8829
7324
3756
4540
7461
5136
6413
4073
623
6454
3079
4453
5399
3259
9299
3621
172
7632
2186
1623
2382
5742
7671
6350
2406
1306
8016
5653
7225
4389
1733
6886
5150
4708
7042
6369
6559
3928
6209
5051
5755
7740
5994
5479
6752
2620
8134
6817
7234
995
23
9106
1569
232
9425
8853
9130
7039
1230
3963
9765
858
5477
8153
9717
1422
4339
736
2320
3458
6331
2779
8322
8244
5472
5519
5086
6087
8032
3967
7894
6604
9503
1431
4824
2530
9758
1703
7518
4301
3134
3094
9306
2203
4986
173
4703
2588
6467
956
8660
3459
3906
9919
5901
7255
6497
8338
658
4931
136
47
438
2425
9749
5312
3723
2202
395
5179
6532
8332
8154
6780
4595
1708
8598
4004
7229
4242
3675
360
6567
6291
5155
8496
1662
615
4390
6674
9065
2795
1495
248
3976
4027
3558
5732
3290
5207
5682
5041
5088
7986
5555
4625
6505
7160
5730
1134
2340
4638
7578
5889
463
2197
4581
5221
6637
9703
9160
2028
2504
8399
4091
8588
9330
7890
891
3711
2609
6197
777
853
1583
3254
4930
2863
5621
7674
305
3367
1387
2235
8572
5183
5965
8413
8102
5650
5066
3184
5758
5328
392
9274
8114
6392
2315
8768
5922
2610
5493
3390
9690
2550
9656
7450
6975
1596
3893
9126
2961
6191
3368
6521
5967
1408
7675
8762
9024
9015
9936
250
2772
594
6968
5466
3309
9111
6838
2910
9342
5759
8792
6693
6653
951
3699
571
7961
1328
2061
3922
4112
9443
5199
2141
8889
5989
8791
7969
7416
9697
9239
7584
3429
5915
2995
9963
9668
908
188
4172
696
4604
7617
7352
4434
8523
7154
9883
3417
4653
133
88
3168
5004
2125
1633
2915
2289
3384
761
3216
8024
411
9413
3145
8545
2577
7435
1793
418
7865
1636
2699
4927
6416
7930
103
3863
1423
6943
3761
7788
5365
3943
3366
380
9290
6337
3116
2213
8470
8285
6006
794
735
1432
4051
7868
8576
1376
5232
8778
2885
9506
7749
8377
2372
6945
9707
8878
5165
5757
4267
4785
9310
5082
4783
2925
2849
5544
1551
2242
7610
3282
1918
1441
6176
518
9501
6113
496
6646
526
7263
7979
4137
8328
3358
6746
9987
6620
1131
6560
5198
9613
7559
6850
9955
3453
6640
4683
3921
3465
1581
8195
5917
9636
9989
6949
8500
1510
2765
6011
1428
3746
825
3046
102
8542
8180
6899
3371
2024
9578
449
1326
8347
2194
5563
6814
926
441
8380
7224
3823
3557
1193
7034
5680
9564
8098
9824
9348
5256
9141
4955
8924
3464
8164
9050
481
2888
6247
5838
7951
8668
5800
9606
127
93
2173
247
927
4857
8419
759
3162
4984
3759
6183
787
346
6852
17
1286
3600
3679
9900
8323
1957
2526
1366
8463
1238
2605
9150
469
6178
6161
4759
9346
3193
295
925
2776
2847
3884
7833
4899
3713
3975
1520
2444
4264
226
4275
762
4175
540
8779
5840
4193
8043
6433
6340
4476
6043
4566
7383
3505
9754
140
4836
7404
4718
4894
5078
6047
595
5092
6991
8883
7666
6763
7164
3298
634
4678
8261
3635
3995
3258
6388
1106
8530
7869
6660
2789
1835
3825
1314
1710
2023
2151
9695
3053
1467
2288
4841
4272
5655
8914
5469
2091
7542
3688
8863
806
3442
7422
1699
3497
2604
7403
585
4094
5111
4525
564
6905
4019
6989
1847
9654
6874
5005
6325
202
9088
2371
9281
3391
2684
8667
6406
7095
7307
3950
9231
6541
9128
1738
8967
2041
3778
1761
6496
5927
2146
8414
4075
9625
5093
4607
4798
8987
3215
243
527
6186
7107
9811
8077
1471
6860
1829
4460
8182
9303
6075
2662
9931
3092
1762
7275
3722
6642
9905
9647
3907
9364
5050
6969
5731
8327
7442
1678
5958
3491
7361
8753
1722
8632
610
9253
5243
4076
2694
8403
284
8885
1479
7564
6425
7776
314
6719
2423
4433
6728
4968
5719
4424
9001
3020
982
5350
8990
7695
3999
7473
3512
7605
1272
1337
1776
5077
9731
2792
3032
4142
868
2208
9039
894
6792
1144
3385
7837
3892
1186
1351
6489
1494
4454
8066
2138
28
6533
5795
9411
7018
5826
592
4140
1976
4840
8689
2398
7909
6636
2898
6296
1191
7086
5500
348
7582
4504
2377
8786
1280
2192
607
6578
929
8821
7810
9201
3853
6774
1395
6005
1612
6488
7029
5600
4956
4121
3097
2967
1646
4924
6487
3457
9553
8282
8892
959
5881
8782
2459
580
8657
4382
5061
2183
7913
4173
4802
8123
7621
6439
1986
2970
8351
2933
574
2260
9159
9385
597
9408
5010
5771
1161
4789
9663
9451
798
5956
7176
9935
7505
7983
4732
2894
1347
685
609
1795
2645
8710
2839
325
9375
7069
5894
9415
7732
4276
7874
8662
5290
3787
1390
5561
6024
2706
6302
4371
8932
9678
484
4797
7934
3416
2303
2240
6405
2229
7903
3619
8256
7267
5264
3528
1301
8417
6627
9946
7250
4991
7073
6847
8203
4659
846
7183
3277
7345
2653
7413
9621
9146
958
1421
3196
9619
7457
4145
3270
3902
373
6396
3844
3670
9235
5825
2175
6588
6723
9803
6964
1257
180
5359
6950
9211
6463
183
1736
5126
2982
1013
781
4739
199
872
7117
7394
4749
1781
3099
1844
8033
3859
4558
9350
1747
252
5313
4079
7438
5423
4093
5923
9180
8913
851
7850
7767
9260
169
9740
9090
7812
1348
9344
5595
5862
3693
1049
2986
1813
5640
3226
2737
1234
5509
1327
3414
7046
1027
7611
4673
4596
6054
672
3769
9380
5420
8063
8068
1454
3096
7135
1785
3646
2975
3166
9651
9580
731
3632
1717
3974
9672
9777
5149
1305
3951
8902
4216
2057
3118
8108
7427
9638
3567
933
1268
6882
1294
2924
3229
6576
2446
8139
8007
6887
3957
6469
9996
1342
3493
8563
9051
4951
451
4219
7928
5902
8998
6826
5831
460
280
471
2269
730
5844
6696
8947
4111
9561
9452
3606
9017
9251
4763
651
1899
2468
2380
2070
7873
8961
4606
1487
8483
8857
2672
3814
5703
3945
2962
3630
6028
4634
9158
8270
1993
9733
7840
5945
3450
9167
2544
1549
6574
913
5130
126
5899
4205
3370
7848
732
2884
1651
5598
7703
8681
5123
6844
5372
3114
7836
7756
477
6068
3273
7414
532
2537
1866
214
2541
9145
2307
353
5983
3936
6486
7644
13
3770
4694
6105
6552
4801
3238
5031
4280
1919
1764
4265
8071
1104
7598
1258
5393
7148
4124
3172
320
9729
3774
6065
6164
2770
763
7455
7290
8945
3015
8119
7575
224
2457
8993
222
2114
5943
233
896
3639
7384
7456
7136
3413
2725
1435
9559
3904
6096
4449
1580
377
3875
5916
2442
3360
8781
7210
4614
5014
6833
7815
8736
2098
4711
8333
2170
3488
8912
7902
3334
8723
9752
1763
4500
6799
2275
2791
5768
8742
6007
7503
7741
5033
769
5959
7563
7706
5039
3058
5657
9974
874
3395
255
8042
5510
8925
4297
1110
6347
9721
204
801
6385
3739
5247
2416
2043
2955
8911
3246
6758
8766
742
1082
1783
1953
3198
59
2768
1099
737
4776
87
3404
3304
4001
3104
3140
5408
1090
9838
9110
9040
3530
182
5986
8280
5726
5387
7922
8096
5261
8420
9813
4132
3752
2911
2856
8355
9469
6813
335
7635
6845
8597
2667
1000
8490
9737
1154
7434
6932
7638
8929
576
8812
3760
1383
2316
8367
3243
8722
2761
8407
8187
9407
4081
3078
1639
2199
8586
5114
4583
3027
8605
1815
662
4089
6458
5970
8474
8903
8897
7132
1483
7181
4316
8551
5331
2595
8185
2921
5611
3622
5908
1304
309
8192
9539
7469
7978
741
4965
8361
4413
9991
7209
2375
1547
5079
1353
3341
5566
4228
227
1775
3877
324
131
5076
3977
7798
9773
4551
4582
6323
3178
2638
1003
5652
2619
9297
7529
2142
647
1091
1913
6158
3614
8237
3703
3407
3071
9849
8350
2843
8964
1247
2837
3130
4774
7027
4701
710
8887
3949
2401
9426
2363
9049
718
4552
613
6390
6509
5681
1237
2709
6622
7799
363
7966
7950
7445
1037
6069
8319
8301
8495
5829
2743
3573
5841
1771
7254
3780
8269
9247
5473
4632
6221
2825
9956
4548
5020
109
9315
282
8880
6894
1474
930
770
5069
5830
4555
5735
8867
2943
9351
7300
8783
9388
3828
3313
6226
7241
3190
3289
1147
6946
8628
5995
298
968
3235
3829
4690
5059
495
4059
2695
1965
42
1128
5707
8702
1270
917
1685
4531
9484
2752
1235
2414
4618
9124
2036
5931
2019
3712
9730
4028
32
7426
4120
8451
6667
7627
8388
1401
5957
9265
1414
502
5647
9157
9175
1977
3874
8051
4733
9595
4207
6516
5461
3962
3520
8297
9325
3315
1802
7657
7470
9254
8994
7959
2124
2327
2952
3420
8486
7079
7265
6657
7397
1506
7824
1745
5575
5969
8306
5311
6474
5345
5019
1765
8655
3810
1493
3732
8142
3638
4940
8030
661
4195
9487
667
7286
7350
3910
468
2842
2126
3819
8809
6762
6973
981
141
9980
2621
5140
599
6514
9061
1501
920
2712
2497
3461
7115
1476
8247
6258
1809
643
6865
5091
6718
529
9957
1184
8952
3026
6998
6483
6444
1276
6546
6536
2251
656
608
8970
7393
675
4915
5465
7823
7593
8748
3524
5370
8988
3981
8400
2293
6738
8064
3585
8594
5333
7144
582
6099
6870
4395
2602
9036
6273
5857
7857
9852
2895
8800
1225
5153
9517
1648
4532
2342
8412
8937
5581
4396
4624
3865
2021
1729
5413
8907
7024
3207
4487
2113
4925
1796
6339
6430
4658
3255
5295
8517
3339
7202
5912
281
2092
8931
2000
3749
1189
1517
1734
905
7443
8560
1121
7085
7126
1641
8919
9100
3378
1021
7944
4665
6523
7714
9972
3817
6837
3136
5884
3477
1359
6479
5666
4879
6801
7289
1897
35
9871
9771
3022
2150
1158
9097
1391
9417
2407
8105
7246
8984
1206
1797
4287
2823
4873
3629
9997
2691
7952
9104
1490
9674
177
8798
8326
8397
4629
7670
1700
7852
8165
3933
7965
480
4740
3972
7152
734
591
9817
4668
8424
2258
2226
9832
5578
8307
5242
9577
2085
6580
9424
7253
7055
4891
3209
4446
3132
343
521
2828
3721
7056
8189
3895
7149
2936
8336
991
5047
790
8314
700
8126
8810
3651
3345
2681
5996
1470
4710
6083
7643
6775
998
4468
1938
6151
6276
9378
764
4080
4192
278
883
5156
211
9395
2469
9376
5976
4535
1022
9756
8872
3008
6112
4542
6072
3119
3030
6732
9307
92
7248
5354
9232
8000
9688
5043
5815
5897
972
747
5866
9412
1029
5910
9366
725
6519
6436
7012
7746
6352
112
4969
4809
1116
1215
2882
490
8537
4450
6735
8376
74
9738
1498
5781
7842
492
834
6213
1201
7508
4730
3855
5515
75
4871
1119
2135
8365
2513
8676
3835
8439
6713
9814
2564
287
9640
8879
8832
4574
552
7326
7431
1784
3965
3766
6867
3881
2168
8697
3431
935
8008
6550
2615
4261
5952
8760
7758
6764
6915
4393
7688
7296
1107
5782
4780
4870
1115
2774
879
957
462
223
2736
8447
8934
9148
153
6684
4488
7292
9321
4370
9318
6757
5928
9587
5467
254
3880
8622
6810
6014
5507
6800
1545
841
3686
6356
4727
1944
8671
533
9875
240
6429
8875
3927
4259
2917
1393
7351
6690
8609
4793
7258
5763
7017
5925
7479
1754
8946
9139
9021
2027
2747
1371
1345
9767
2243
8438
1555
6471
461
46
6996
4753
962
1849
5877
8866
556
1219
8488
5552
3913
6737
4507
4896
2812
7184
2632
3154
8272
8870
4090
6044
4206
1039
4529
9657
6386
1369
1469
1446
9095
5512
3768
4923
2739
5577
457
2364
4821
7342
6231
2607
5018
4126
5440
1833
9728
427
105
2705
686
9323
9538
6029
4900
7358
3685
1864
9628
231
6085
3652
2472
6857
8034
421
5239
6477
3841
4333
9103
9179
6214
4781
7065
5425
5248
6573
8543
2361
1290
4288
9792
3312
5716
8962
5898
7547
5229
2222
1760
379
1488
1824
7587
3199
3696
3167
5015
6584
8304
1005
2017
1398
2648
6446
3111
9842
4591
8381
1420
2252
7754
8826
5669
7650
6656
9123
2928
2426
6244
3504
2187
86
5812
9779
5648
5480
5491
1558
996
3296
4829
7387
9892
8505
138
8651
1386
2362
845
1350
6913
5597
9743
3047
3830
4907
8469
2902
3691
216
5362
1211
8679
8980
297
1330
9772
2118
4530
1509
1102
5625
7364
3131
7984
2188
6680
2806
8627
3705
3978
5173
6094
2543
5409
3036
5637
2929
682
814
5779
7640
5585
1872
9
4351
6063
4921
3266
9012
6304
2809
5112
3423
5875
5835
4410
8749
5765
3598
3187
5342
4034
4023
4705
91
890
862
4499
8682
4134
8835
2608
2696
8743
9035
6275
7633
4304
9151
6783
8316
739
4474
5308
3526
7341
7373
2071
8117
813
2920
8011
7825
2623
405
2722
3834
4201
7036
151
3279
1419
4211
2533
4189
4415
4697
4431
8238
3105
6053
7998
589
9763
4550
6297
1212
1601
3772
1995
8080
4485
3940
8615
7531
4260
4029
971
8383
1515
6938
4845
5608
8728
7190
6919
8683
8805
7519
8544
3882
2529
4974
575
8062
8214
9166
2582
1865
4546
3633
6537
2480
1950
2826
6084
7533
7340
7636
1895
4397
8725
8075
4311
3149
9999
2227
1278
5052
4681
5358
8864
413
238
961
5228
3785
1100
2483
8406
2592
2386
9527
6013
2647
43
655
8562
5463
3519
8481
6288
6744
1669
2654
5030
9808
7060
9589
8566
8638
2051
1025
5896
3786
5784
2356
6175
8171
2669
3589
5487
6534
3515
4669
6877
6954
1492
239
9750
2007
4131
9080
9716
5471
1715
5694
7910
2644
4481
6942
3492
8430
3225
1861
1153
2004
5346
3012
5805
6349
9494
1914
3373
7514
4422
1260
2328
588
8225
5886
5141
8487
9432
7476
7376
6741
6255
5724
2906
5027
7698
2832
4722
728
4341
3011
2525
8793
5850
5026
3586
9195
3033
2302
8283
1534
8616
3006
5492
1542
8335
903
1665
7386
2496
4666
895
8827
3669
6330
9505
3805
4082
5571
7175
9879
6930
1208
6526
906
665
3734
5981
9669
8701
542
601
3205
3060
5340
2015
1790
1433
536
1930
4699
2971
8023
5119
2116
1406
6843
1544
2618
4187
5760
7041
4995
2253
4686
9850
4403
2317
3612
3025
7204
3510
3476
4026
6333
9903
1696
7058
3544
8861
2845
3615
6090
2542
5294
7467
2651
472
1690
1937
5664
1415
8823
4271
4098
144
5159
5057
7319
3141
8467
3806
6939
1444
3175
7141
8515
1917
9435
4667
897
210
3659
3983
8199
7022
6223
8856
312
9002
7252
6615
2531
1947
6687
2318
4717
5873
1818
3318
2767
9608
9961
121
8611
2611
7954
6903
7855
54
5667
3955
