6718
3991
1671
985
2283
4021
3150
4059
4836
775
507
419
7520
5578
4340
4720
8712
9643
5814
3064
5129
4281
4778
1420
3267
4945
4951
6341
7091
9237
2360
3943
4999
4016
1862
7773
1760
3319
2219
8836
2430
8123
3563
2135
1718
6971
6836
2567
6270
1227
5351
4532
818
4147
438
7354
5395
1092
901
5018
5737
734
7146
9840
4152
7147
3001
2618
118
8765
4657
7680
2687
3045
5802
3299
829
4143
6582
8193
7802
5340
9998
7824
1736
8769
6695
8839
1133
2767
8140
7066
4839
3922
1567
7567
2007
7030
1891
5957
8911
5661
5165
4436
3908
9257
8026
7979
4897
3235
6644
2740
232
6354
6269
8663
9074
9932
9720
245
5105
992
4213
9390
9131
9985
1837
7553
229
406
4957
9603
7667
2545
8841
1927
4242
8347
2480
722
5844
1960
6435
4761
7964
8462
8014
2790
9628
8588
5550
3377
1275
3639
3024
4742
4284
9
75
5014
4708
8625
836
1981
8049
5158
4086
6350
8482
2393
8997
2067
681
7154
3675
1372
4666
5913
3297
3148
3407
7729
8842
2965
2750
3360
4909
468
7020
6479
2952
844
3036
3411
3858
5949
1454
6342
385
6964
3320
3879
7210
9947
4961
5506
1676
1643
7111
5478
4434
938
7855
7457
9230
1855
231
323
3310
2967
940
8468
6932
8563
970
6202
58
5763
2981
7001
1709
9442
5620
9169
6212
8687
1995
3645
6742
9466
8040
8056
4619
5567
2629
1557
2846
4438
8677
4667
5666
2809
2002
4680
2207
6094
2265
5044
6743
4097
5537
3723
9913
8188
3244
4233
6592
9260
9044
1278
7672
5155
5517
9087
4446
5557
6558
3567
7827
7698
7949
8965
5887
4366
1205
3285
5869
6774
7288
1180
6596
2799
8800
7407
5116
7998
2460
3143
4406
2026
2161
4714
566
5454
2123
9057
7613
9115
9997
3491
2931
1192
3694
3279
6251
5749
3361
8737
4862
6224
3254
7726
3190
3381
5338
188
414
4274
7202
5554
8799
9219
4106
5337
637
7902
5293
7176
5473
6045
9122
467
293
9379
3166
9680
5421
4914
4479
1982
1293
2053
7864
5757
9453
7319
4913
2425
6266
519
6181
6715
5793
820
8717
937
6842
8149
8248
8170
6065
6465
4391
2494
6074
195
4974
6812
2318
8357
7079
4519
6187
8680
8670
5553
9882
2172
2717
5800
1313
4752
574
1978
485
7963
2267
9344
1495
2353
1310
8952
3177
4766
891
5271
5496
8332
9261
9839
9295
5698
6455
4968
1381
4908
1610
6731
8232
3240
4482
4893
9070
7865
1724
7197
7039
598
510
6570
1068
5954
9348
2479
6816
1498
7185
4660
8600
5010
7313
3516
8634
1053
316
2987
8915
3519
5439
7076
9432
3528
8982
4111
2858
3792
5251
2968
5601
294
9719
851
7764
3904
6346
3880
2856
9331
2426
6831
1910
905
2754
2934
5069
8377
6786
929
731
1451
6538
3192
6239
3324
4607
1747
3549
1663
1307
3488
3829
4121
4635
8446
828
1938
422
9100
4790
6663
7602
219
4940
3533
1594
1821
6034
7580
3268
4226
2027
1975
5819
2911
428
8390
1596
2240
8662
991
9666
2835
6860
3266
7307
144
1575
842
7851
5428
1771
222
8931
7974
6767
4552
1985
9805
4922
5504
6356
5683
7816
3333
8279
1145
9182
7360
8564
1843
5333
1550
8266
4292
5275
3425
6630
4444
7261
140
3051
4369
509
9254
8007
7713
7397
4809
772
2109
3897
8370
578
2832
7449
9303
8376
1442
8582
3060
3124
2272
2610
3960
5049
5572
5627
9925
9602
1421
7679
9199
7509
8762
5854
6781
1397
2771
4538
8280
5246
9293
3971
7854
8445
401
865
5170
7952
8061
5975
8730
3517
5419
2332
6611
8153
1776
5926
3055
7807
4190
9280
8793
1618
5139
9368
9190
2365
6438
5290
4149
1914
1577
7166
6609
2359
2273
5524
1744
8151
6578
6398
4582
5052
3884
8551
9106
2258
5093
5143
1623
9546
2209
7232
5122
7634
7648
3394
6980
1488
1093
9009
7404
2191
8382
7320
6367
1787
3544
9573
320
4598
2976
8352
5248
1647
3681
2136
5202
4194
1875
4588
9821
7375
2683
4203
4187
4119
8141
6218
8356
296
3895
6087
6861
4775
6393
4780
100
7545
4330
3737
7152
3169
1214
2350
9167
4763
7095
9478
7169
239
4576
2139
5266
8791
9541
3834
5729
2893
2158
7143
4645
7410
1231
2781
5002
9739
1667
8994
9876
9733
3530
1365
5510
269
5180
7177
346
1807
6233
4615
5215
8485
324
1688
2878
8335
6309
3776
8671
1648
8065
6954
3633
6778
9333
4476
6581
5241
9585
6038
9264
3890
3383
6748
8529
3736
217
6447
760
914
1505
3635
4894
6375
3357
9307
4550
9315
8902
7939
912
2581
9896
1876
5197
1973
4522
795
2528
8184
7972
6699
8974
1737
1108
2764
4065
4730
9385
1003
2753
3692
7871
5781
1784
3283
1274
9083
1065
4260
1071
1351
8253
6604
7391
1014
2815
2643
1284
7075
3109
5239
3937
1142
7637
2928
70
4926
7136
6091
2290
8744
3070
5234
7466
2211
9614
176
103
9393
4389
4798
3484
7650
1320
8004
2705
5649
9258
785
6970
7327
6670
1101
2774
2274
6136
4772
533
5509
3996
4556
6922
3919
9703
8882
7779
4579
5066
345
3458
8469
8387
5529
2445
9615
3414
4431
4767
6043
9133
4486
9845
6337
2653
8654
4473
1243
8903
2978
3265
8209
2862
7371
2963
5892
3866
5012
6522
2499
5922
8792
4699
3277
9973
194
3296
3119
9229
6902
6469
9371
8483
8039
6515
8375
9608
1415
783
8472
3703
7997
713
5126
934
2786
9113
2322
1838
6881
7213
8251
3269
4165
5385
5634
1157
337
646
6559
4205
3086
9458
2868
6942
3196
6387
8711
7839
5807
7349
5882
8534
9964
3390
2785
7173
244
9195
6688
7083
6468
1599
4189
5988
1311
2181
3077
8318
8607
7894
6296
2077
8808
3783
1531
9676
9699
7685
6412
2314
5656
1924
413
977
3226
6937
835
3914
2645
3780
9785
6165
8684
1593
1750
4018
52
9884
9557
6584
4895
9065
2871
5079
5094
2520
9151
648
6585
5808
2906
5799
9518
2993
6223
8055
2583
33
1075
6912
4870
7129
7291
879
4805
8889
1034
3063
936
3370
1922
4214
2591
7156
7141
675
8786
586
5679
5918
963
7448
9946
343
5396
4273
6511
3112
4525
2376
2014
4372
3338
8395
5267
455
62
1446
7151
5999
3337
2551
4554
6157
8853
8050
592
5369
3280
972
4956
558
3341
3321
4131
1569
8448
6878
9593
4445
8021
7515
7424
8270
1041
866
3123
2115
8328
1977
5249
3538
8399
5364
112
3015
2932
484
1406
8912
7367
4481
4081
4249
5628
6327
9832
5102
5374
2260
5797
7446
299
2570
4503
6392
9242
1650
5033
4430
3089
5804
4223
3691
4202
7828
2713
5312
555
563
3225
1123
4629
2429
2720
899
9174
2218
7858
9868
2865
8296
3208
4971
1801
7481
101
2069
1281
3710
9775
4069
6960
8145
3505
4544
4676
9860
3181
7843
9735
1255
5457
8795
792
6201
3976
5946
503
7750
6947
3697
154
5743
93
8669
3709
4318
8425
267
2004
9990
2971
5136
5211
6027
9318
768
7442
4283
3049
1265
6005
1172
4852
5291
6188
2636
8202
8268
7475
8410
921
3482
8079
6973
7601
5254
7287
7044
9127
5141
1537
1179
2050
9767
5238
1353
757
6874
3594
6355
6434
1254
1165
1790
2111
513
7023
6046
2369
8794
7006
4378
7654
5801
2061
2919
4418
8774
9095
3164
4068
776
7789
8506
8144
1691
1606
8325
7191
813
2791
9184
1432
3845
2070
6143
9144
4047
3284
2238
643
9569
5376
8875
1878
5811
8611
8518
1090
7450
4985
3497
2808
7131
6057
1447
8122
3678
6540
6311
7586
127
4049
9908
2104
5406
8930
8502
7383
417
4744
1525
2435
1266
6885
5279
8856
2431
700
4423
6444
8429
4599
280
7996
7771
8683
405
4810
3434
4890
650
7331
2331
5353
392
9905
3931
4583
1282
8366
3672
4507
9319
1
4456
8360
7660
2912
9420
3813
6289
3584
823
8766
4485
4306
7359
6332
1983
1400
8798
2308
2538
7570
9259
3837
7788
6697
8314
7208
1923
7379
9039
8206
3514
5446
7427
8736
9165
7163
8754
9911
3421
2044
2773
6829
4768
1387
3144
6876
7430
9463
1832
7819
6440
4076
7785
8186
9170
7709
312
2246
4707
146
7814
545
3615
8921
7624
251
6274
4043
9514
7755
7295
2130
5441
9780
5077
7264
5127
3017
1469
8981
8194
2994
4841
8756
275
6591
3027
4514
7262
5486
5672
1695
5568
1253
8313
3718
693
1058
7900
4564
7683
5632
2881
7910
5409
9126
6347
6195
4321
2374
7038
6011
2492
5676
6119
6062
5464
3340
9413
5650
126
8707
9014
6917
7538
5837
8801
9536
1900
2121
2561
4167
3719
7298
1094
3856
2737
5392
5890
5569
4216
1405
7113
9202
2200
3568
5597
4020
7531
1477
2482
1144
1632
4126
1464
6088
6020
444
7377
986
4903
6605
2903
3558
1858
4461
1061
2444
2817
6317
5985
1030
3405
4102
4384
9681
9075
2402
1920
9212
4028
5591
2434
3916
5695
4787
910
5941
3392
2689
5156
2573
690
4713
2428
8307
4611
5480
5124
4659
1435
2210
7591
5341
9248
9247
2675
6785
2795
2758
5140
376
2310
6142
704
3755
1395
5582
3352
5948
9066
3382
2224
1690
7623
2864
1585
3731
4878
1653
2514
3113
2169
892
3977
8461
18
7798
6864
371
3391
9324
4435
875
7369
6323
7413
7936
5674
7615
2966
5055
641
1917
2433
399
5736
4764
515
7756
1544
2052
3415
4910
5053
3087
1896
7486
917
2627
8909
8718
962
2908
9287
3202
8365
7966
4745
6452
2237
4344
155
4045
6315
3980
8178
7204
7242
4664
1105
5106
4828
2784
5758
9715
8731
6547
3004
2446
448
7093
6015
8068
3701
4803
4000
6894
1484
4360
1479
7300
9250
4237
2530
9784
2576
926
8393
9354
1521
6485
8733
4142
2232
595
8776
9616
4239
3210
6726
7026
632
6183
456
3246
7270
4191
85
9217
3368
7644
2316
3472
5320
2956
1740
8272
7167
5154
1692
9263
5708
6226
1194
4343
9278
6563
8238
4675
7770
8963
2575
1915
1769
6951
7522
3449
5836
2231
6025
9752
5791
7303
4807
7932
8059
9150
7015
2572
2985
204
9198
4596
9747
6713
5575
4193
7641
395
7487
7329
4649
2703
5161
1871
1118
506
7987
6430
3560
544
652
4263
4112
1886
5831
7627
2126
3397
5968
4648
3643
8431
2100
300
716
8550
9757
6600
6915
2287
4373
8976
9341
5317
11
3915
5906
6889
8547
7058
6475
4702
1893
6229
1131
9525
2020
3016
691
9858
6997
9178
87
4962
5602
6662
1538
306
4332
7799
8955
5939
6798
2526
3735
3704
1873
9187
5827
2343
1659
7019
9662
4460
6943
2765
5137
8509
391
9857
211
1081
3480
3921
2909
7991
6735
7269
7022
6198
9683
2939
5128
5306
7285
2778
9403
1611
1113
2064
9791
5745
7120
2776
7717
4620
5839
7256
6096
469
3994
8950
2407
8396
9337
8969
3892
2284
8570
2279
6364
8081
8979
8815
3953
9724
321
3069
1584
8830
4815
5090
3043
7659
6056
1888
5258
3367
1181
8763
5720
8833
7861
7150
8326
5930
5322
1844
9926
7817
9710
978
4290
9418
5308
6797
9762
1933
2159
7049
3348
2654
9367
6744
1062
5303
2110
6657
4719
2048
9093
1905
7393
597
6821
8954
1434
812
8932
2863
5456
8286
8074
6908
9481
7356
5586
2685
6923
2696
9136
363
7005
7681
6428
3512
6655
8995
1865
3537
7904
5108
4500
3247
8148
8294
7983
8403
5030
2924
5477
7610
1173
8597
5210
8027
2491
8409
2025
3100
7928
205
3327
5038
7071
3698
3729
8964
8263
4686
5182
8987
4467
9382
3502
6516
3762
2280
9358
6807
3518
5099
1932
8557
3212
6653
5617
5501
2368
3442
7443
4328
6913
2266
8956
5067
2317
1867
8439
9924
488
221
1185
4537
8224
3078
4567
8913
476
6909
6155
5212
9098
9088
8612
535
7738
4037
7566
4002
4408
3571
249
9862
2755
4186
5592
2913
8585
5904
3649
2416
3099
3147
9891
2977
9517
5490
4429
8213
8566
4799
1040
4218
5619
8637
9561
4510
5883
805
9181
2289
5910
478
696
6806
6556
2168
5864
9176
4851
4185
737
863
1872
5065
7209
6747
5274
1548
3883
7766
2042
4012
462
3809
6672
9644
6949
6409
8709
9751
111
9888
6348
1833
359
7467
9179
7792
3706
3255
7109
7703
7497
8978
5032
1073
457
2606
215
8883
6243
5470
2413
3046
2768
4572
7526
3900
2899
6114
5283
4941
8031
3601
1739
7561
3097
2030
5828
5516
6844
5638
6639
902
3887
56
3777
4008
5208
8914
4031
7687
3094
2694
2955
3820
1086
3724
5971
4361
1445
7592
3942
9446
9944
6443
9228
7132
3665
2040
7292
870
1881
7562
3770
8414
7916
660
8760
8672
3579
4682
6113
2349
1252
6208
3172
5356
8143
4082
1354
7080
1587
2012
3541
5692
5547
7589
2464
9455
3844
9274
1511
5902
590
7205
1079
4568
3838
3105
1552
7978
1605
6531
3429
7290
8231
9914
3722
4035
9971
5006
5361
8829
6200
5722
2496
5196
8901
5766
2215
7122
5912
8617
7266
531
9727
1342
4563
5417
7544
2607
7829
3295
8051
6338
1951
9626
3416
2612
9576
4286
9153
5080
5074
3757
1234
9241
8006
3302
1417
4731
2513
642
9542
9332
9520
2481
3693
1264
2072
5336
3889
5651
6397
796
7761
5920
4139
3286
9631
4785
1487
4074
4170
4036
1154
4212
331
8980
9792
3062
3020
8523
8258
1756
9417
141
3496
5188
3733
9828
109
5987
797
3438
4946
8650
9506
122
5704
8440
4371
7823
6216
8706
9663
9571
7174
1279
3110
1956
8973
6763
6565
60
1597
8548
4948
767
3231
5404
3462
8260
9191
3812
1761
3606
1009
7485
8346
6407
947
3865
237
1885
2436
123
5809
2897
2029
1729
3948
3275
3042
5555
9104
8846
9649
6839
4122
9276
6429
8645
3663
5865
1533
7441
8353
6476
8627
6273
6931
8239
2999
5577
7494
9008
4844
8573
6322
6940
6587
4986
2780
674
6886
7578
2507
1689
6116
1423
8237
1713
1950
8555
1581
9352
1989
6118
5034
5714
5330
2397
2596
5168
5489
7334
297
8755
6305
2079
196
4441
2065
9085
9034
6373
2049
8046
2749
6658
2448
3747
5867
4443
3068
4192
3941
1384
3067
2609
5061
6016
6972
925
3760
8745
9564
4490
9388
8636
6919
4835
4243
1028
8463
8341
8358
1463
7158
3471
5146
1127
9620
1540
5991
2143
4977
5075
8301
4698
9540
9271
8471
2221
4124
5541
9652
8819
873
8042
6308
4032
2579
24
2536
7640
9852
105
6729
8675
1808
7364
8609
4375
384
67
2698
9003
8884
8071
2452
8064
9492
388
748
5873
9273
883
5693
3187
1256
4196
779
9898
6204
656
9220
6770
3784
2475
7233
7043
6514
6403
9268
1763
7127
412
9948
8020
6133
6593
8708
5612
4317
9800
452
2534
5228
5011
5280
4804
8452
4741
8276
7611
9146
1939
8986
6696
8667
4454
514
3419
1111
8528
4153
1392
5785
4379
537
3807
2690
6826
8831
3500
1845
9816
7524
4899
5451
5614
7604
3351
6967
8539
1163
429
6134
7206
6035
6626
2787
2293
774
6179
8614
6067
5115
7390
7682
5940
2335
1972
2114
2263
2506
7201
3323
8164
2620
9815
4258
8847
9678
7720
9097
4250
8385
692
5783
7603
7938
4697
9267
8682
3104
6189
1306
6796
552
3662
409
2886
9600
5201
6986
9820
1149
7047
3779
5911
4118
330
2146
6843
1209
4135
6211
3506
7362
8129
8959
3955
6520
9779
2964
7845
1070
6779
6425
7931
8316
3161
8991
1980
4584
4813
4262
9364
9562
3918
6450
3752
4733
2588
4545
4639
9427
719
6100
162
9326
4085
1527
2023
377
4301
253
7590
6777
7453
3877
8536
6068
8350
6580
626
989
3444
5087
550
7286
786
6478
4562
7332
5702
3108
2092
9786
672
6288
258
3849
778
497
8070
4093
5311
6021
5821
5994
2073
3445
272
5184
3203
6646
6911
7969
4876
4416
1636
430
7934
2305
561
3629
8089
6002
6135
5701
521
3990
2582
2487
5784
7276
9289
2516
8860
1388
6877
7822
4358
3778
2163
2062
7350
9402
9311
5761
1753
5623
168
4928
6631
5476
8497
5282
5285
7891
6572
5092
2
7040
2820
9162
9471
2182
4612
8757
5977
9928
3765
5826
987
6277
1373
6855
4704
8893
3399
266
3334
1624
7918
5438
7017
6847
7070
1687
8192
6365
9519
198
6399
8729
7355
3590
2544
6217
367
2406
8941
7280
465
5425
264
9516
766
6925
4026
4400
9049
6930
9758
9011
9711
7234
6895
6121
2959
4506
8803
2234
4555
9674
1720
6509
3634
4038
2724
6537
9721
7665
2883
8777
6966
1752
1590
1496
5549
2401
281
2552
1037
8125
4403
3873
2095
7780
2107
9290
2943
6622
4395
6193
751
3687
5178
9389
1996
6934
5636
5508
8868
8426
3270
5344
460
1448
4566
3705
6063
8284
1825
6606
6753
4195
8333
2593
5782
3570
9714
7598
6001
6999
4023
3680
1547
2707
4108
1507
1672
5853
1321
1312
7880
9001
9038
6328
6458
3521
7025
7065
8620
8052
9693
9142
1974
8895
2700
3828
7849
3964
6879
2294
8329
7347
4529
7386
5690
729
2988
2731
8261
8559
1705
4098
9068
4603
9114
1343
9329
7754
9522
6575
3529
2309
6891
1379
9962
7492
712
5485
747
1863
5001
5667
599
7421
2779
2667
7090
4942
9383
3450
2833
4585
4351
1355
7056
2105
4989
3906
1200
8283
9036
1851
565
9327
7009
5288
5598
9148
9942
1680
4997
8354
5691
1018
4269
4493
5226
8043
5435
209
809
7835
201
8590
6724
9982
7727
5430
1834
579
2356
6482
2178
1603
5901
411
627
8780
8962
9309
2361
5884
368
8817
8871
5100
9587
8732
4577
233
2180
4609
9395
4842
9743
6703
6667
5523
4042
628
9434
2874
935
4672
3408
2057
9002
7638
9963
3689
8635
7098
2680
6456
3625
8653
4144
7759
3022
5625
482
1639
241
3751
9069
4872
7532
6137
3369
102
4390
5207
5004
7121
3664
2270
9795
629
997
5416
4437
4662
4013
8806
1029
1506
3874
2841
3479
7087
4983
7011
1561
8958
8640
3457
1471
2866
9019
8159
4183
7168
3912
1269
1499
2227
9609
7078
2991
8828
6664
959
2357
6920
5875
5686
2387
9750
2831
8587
4617
7425
5347
2153
174
5610
8938
2352
4602
5711
8137
9648
9298
3975
1799
8290
1057
878
6519
1162
1935
787
3200
3380
2085
5626
6286
570
4
1429
9005
3232
2814
7863
3410
7230
559
4132
894
6301
9744
143
4364
3585
5599
2447
3122
2362
6310
5315
5921
505
850
5389
9501
677
3754
1526
7557
8854
6534
6024
3577
4516
3083
814
9460
5060
9236
5715
3545
4125
6265
4653
5405
4080
1125
8993
7423
4518
9177
8087
8300
1155
1926
9129
2382
4163
849
6948
6956
5025
7795
1509
9533
2679
9350
6416
7192
6859
1822
1335
369
923
9355
1573
8402
1929
2571
9079
9473
2301
1036
6290
4488
741
3186
9145
9512
5528
4505
7366
3569
1941
8252
928
8596
2719
8540
2075
4794
9018
5699
4722
6783
4837
8996
1015
4277
9474
791
9835
5671
9797
8802
7647
1819
7970
2230
6278
9233
4788
4303
2247
7663
1424
6536
1842
1697
270
6307
8330
1836
23
5746
975
7246
3456
254
9740
2926
1649
2297
2728
9690
3452
5232
8037
588
1052
3595
447
9270
1391
4871
4432
6573
6760
5492
2319
8813
1677
6959
8111
4447
6676
9869
8434
7719
5350
7831
4703
225
4789
6391
8150
5593
3173
2798
5733
7189
9013
4933
2650
2686
5952
4935
4975
6396
6955
8154
6525
5754
496
9265
8077
3092
9102
7470
8344
2112
5262
3787
6995
7867
291
1553
7739
1301
8264
2045
4709
9154
517
9684
8295
2477
789
4458
5431
2945
8069
1033
2202
2028
9440
6758
3366
9116
8874
4449
7074
2539
2938
5859
3376
6019
121
2386
9404
2733
794
8038
7712
9050
3848
8112
3301
9555
288
7432
3881
7214
9110
5815
9892
8476
915
8147
2009
1534
5449
6523
3189
4684
9697
6988
3818
8626
4487
2930
2957
9510
4336
2626
1259
3968
5326
2979
5703
2150
9366
4616
2721
1928
9875
3023
3867
9310
4978
2630
9048
6423
8100
3461
9910
3238
2089
4606
6619
4791
7984
458
1348
8011
1748
1188
958
6782
7438
6358
7392
4881
1814
250
2312
9033
433
9486
1176
1953
4176
361
2437
4889
9223
6775
8782
6127
8606
1083
8057
4419
5057
73
9864
3522
1302
5021
8891
9632
2716
1412
7656
7595
2214
8190
8681
3707
357
1797
4412
4397
8091
1349
3131
2145
3222
6297
1969
8486
1122
8586
1743
3490
5442
4921
571
5263
8083
9192
3184
6567
8379
7548
8925
2743
3963
7607
7506
932
7946
8117
5243
6620
4095
8918
2537
763
3600
6979
8549
839
6361
7411
4282
5047
9502
8720
9206
2466
8888
5426
7734
2844
1635
5422
5009
7576
5111
1500
9465
4943
450
2810
1861
9874
451
8530
4885
348
3808
6498
9436
420
5297
5121
9091
8621
5747
9249
6174
7628
9022
575
6385
7550
6077
9748
6159
9770
3386
1602
610
771
4305
2022
2797
2638
9843
2662
9118
1067
9959
4963
8470
9041
6360
6461
665
6431
1604
8308
524
6102
9635
386
6628
3385
5857
4856
7702
8488
2449
9627
4980
3206
5360
5852
7781
8063
1770
7874
5379
5039
5204
454
7064
2592
8698
6122
41
9336
9505
2373
5607
9675
6649
9055
5219
3660
7941
5097
2268
9539
9168
9490
1410
7930
881
6173
5183
342
8035
1486
1849
3864
2559
7445
7057
5436
1646
318
2097
3432
5247
6125
3033
9523
8443
2922
1965
7907
2822
5415
3183
723
2195
623
3010
8226
1854
2140
9221
3851
5414
1268
4052
1492
800
169
7103
9164
8574
1745
4892
7688
4553
6709
2960
7034
4693
1394
8859
1235
7171
180
6050
4907
7546
6413
6532
6028
4489
4464
6120
9836
2983
9568
9827
2103
1141
8303
8638
9296
5273
8447
9754
9965
9224
5903
4070
6571
6882
4177
5889
4299
440
9782
8262
4727
5299
5881
8702
4136
4574
2880
581
9994
5444
3470
7480
1129
7944
8134
1407
6674
1267
9189
4689
4009
6330
4417
4333
9105
5499
6130
644
9592
8689
7942
43
5929
5159
1151
5858
3350
8138
77
1346
1545
2469
410
3315
8167
2873
2461
9551
8455
1201
5190
2422
7306
3435
9823
3262
6929
9709
8036
8750
728
7535
7989
2186
6185
9451
3398
7348
5551
495
130
3492
657
1334
6793
2245
9866
7293
2271
1733
5588
89
832
8201
4498
4211
4850
5820
9082
6349
9527
2826
1968
347
9921
3712
8417
3603
1078
9363
3708
1892
6213
7959
649
375
8195
7342
4331
6601
2056
5633
4450
9904
5564
3272
6636
38
3607
1358
2550
4883
1948
2954
5682
3356
5472
3930
3550
2189
3979
753
6751
8131
4060
933
7153
5186
2789
139
383
4920
6598
724
5829
701
8624
1011
39
8804
5645
8078
353
5660
2392
310
8019
9830
2611
5824
8843
9286
304
6404
1137
4904
9158
4905
8840
1809
5803
3402
5214
9753
3557
9207
4407
3605
5531
7884
4015
2805
6756
9266
5479
2904
645
711
5319
442
738
7614
8723
7782
8327
5120
1532
9107
6862
9452
7716
4656
573
9073
1589
5031
8467
5972
5895
9306
8887
7488
3547
5897
2898
6854
2940
4958
2184
8437
6433
8240
6722
4712
9498
1020
4159
5772
6156
1850
5307
8503
2525
128
9152
19
8386
8028
5900
4900
9398
2001
6018
9640
7161
8898
2454
9855
6529
3920
7162
2282
3306
9197
944
7297
5227
8255
6152
12
9617
5433
1076
8544
9550
3162
7165
1751
9778
6545
1656
9099
1651
7588
7094
2616
5109
4770
2876
4433
8473
9186
8862
1898
5543
3328
9391
635
6712
5264
2624
4323
6304
7850
5753
4640
5366
5318
736
3037
1038
7897
6728
8796
576
8175
184
6830
587
8362
5045
6946
3132
1368
9859
7454
191
5795
9902
7067
1292
2704
8770
1006
7164
6976
4474
4549
7956
6497
7016
6897
3477
7981
3947
8816
2223
9297
8398
1856
3230
3677
230
3648
893
471
2894
7274
560
4502
9396
2117
8229
303
1757
9235
6590
5022
885
5767
6527
6089
2262
7620
8109
7434
3451
9701
37
4959
3935
5432
9335
9312
8492
1987
9200
1986
6186
5560
2291
7063
7073
1669
4570
7493
4160
2783
7820
7973
781
2652
1212
22
8493
7429
6451
8088
243
4970
3636
1035
8705
3556
5358
4665
4650
9717
6916
803
7597
3801
694
4050
9399
1441
3459
5084
8608
3738
3085
9138
9407
3934
816
5794
8227
88
2101
2658
2697
7554
2212
5148
9596
364
8196
6075
4982
9619
7957
6161
7821
9210
4601
3992
5740
4821
7836
8093
3954
5410
3318
5944
4491
7471
6820
4857
3364
7848
1600
4244
1519
2522
708
7585
1684
4879
1261
1660
5295
1895
3753
5088
4610
7967
5213
4801
3800
3221
3331
1460
4157
2190
5652
8450
8643
8593
7408
8721
3214
1240
161
1497
616
8716
8510
6837
3578
1491
8169
4800
8401
6377
2812
5530
3040
1473
2527
445
4316
8466
4255
8133
5685
5964
5119
4210
6405
3346
4077
5397
6870
1993
9140
4072
6339
6721
2451
5281
1239
1104
7314
1087
9831
7282
896
6051
17
9625
6625
3201
8514
1909
464
171
96
1994
3973
3215
9565
8968
6146
5527
3624
4376
9545
522
2372
9853
5521
684
5085
7775
6196
702
6507
92
4654
3853
1882
9543
9120
8160
1528
966
5229
9435
6092
4495
705
4173
5621
3422
9639
3129
5368
6145
5552
6099
7114
147
8943
1707
2039
4504
1418
2503
2060
3746
7223
7267
744
2944
1633
6408
9804
7813
8779
4099
8032
871
6957
3188
9686
8013
6737
9322
6621
72
9937
4055
1516
9854
6736
9117
9339
8460
4392
4825
4901
3128
1804
1961
1962
3342
8787
8095
2108
1712
8890
5082
9031
8579
8155
8113
6892
7045
5463
1570
416
754
7460
1937
4129
6546
7361
6197
6808
3145
1988
5096
307
1997
9789
339
5752
7212
817
8235
9865
3287
2580
6326
3612
6463
6711
1245
837
5224
4711
6441
1817
7294
5580
9966
4861
5888
4466
6246
8062
6247
5646
2226
4462
6787
4484
911
8060
3409
6302
4155
1539
7284
227
3933
7315
4178
7221
7664
7081
1314
5688
9108
7474
1818
9381
3204
4777
7324
5482
739
683
4477
6306
864
639
7568
2243
706
7616
5648
7325
6678
4468
3713
8797
1164
9589
3448
624
709
4006
6446
1224
135
5880
5443
2849
9917
9112
7753
2220
3021
895
5951
5123
7536
9588
403
6276
4362
9629
7731
6030
2087
8866
1430
5995
5792
3152
289
4245
1788
1225
3928
5345
6998
6058
1416
1592
4644
4540
3495
634
8773
9897
5532
4817
7405
2563
3074
3130
1466
4721
2843
1959
3195
2396
2837
5513
9346
475
4347
9109
6610
802
2175
7305
134
6222
3523
4154
8002
1327
7783
2388
4991
2241
3167
8189
1186
9737
2323
3256
8017
9376
5098
7762
7914
2896
3850
4067
1000
8532
9554
8641
7374
8323
1453
6366
9901
872
9788
5717
3011
149
358
3171
9945
5026
4873
3486
7693
1641
5984
1031
257
3574
9537
8615
4247
3714
2120
6903
827
6369
4581
5535
8041
8084
3531
5639
4866
6439
3291
5235
4044
9880
4729
6549
4931
8900
2860
4115
6510
614
6112
6241
4017
6192
5287
8948
6245
9305
9729
4179
1694
5960
4820
6965
2923
7540
8656
4853
6560
5325
8297
758
3618
2950
434
6464
7102
1308
5401
2838
6069
5786
4307
2888
3082
9547
1631
707
7626
4253
1171
9692
8872
3335
1549
8835
4398
382
2905
3555
8541
3160
808
2321
6411
6378
7252
308
120
2381
7217
5019
4346
3554
2907
7409
1378
1066
492
9623
1370
2348
3276
8942
8820
8211
8568
9774
8517
3008
3552
274
9444
6635
831
2082
735
1727
8520
916
6687
3970
7642
3772
1191
4621
678
1701
2553
499
3520
3441
6906
6732
4225
3988
6176
6095
717
9262
7258
2634
1504
6944
7905
6138
7786
7010
6524
4054
3566
4083
4324
4953
5978
9581
4204
5206
3443
6907
5452
3002
6086
3598
1793
5407
2672
8161
7464
8174
1004
8106
5450
1657
6488
165
8406
7774
3898
3227
5237
1263
8664
806
2962
6616
6101
8496
609
6164
9716
3249
6336
5354
9567
8521
1781
508
4062
3673
8419
7677
1823
8107
3798
8487
7388
7707
5413
8553
6333
1535
618
953
6613
3796
8632
3936
7888
5497
6262
5842
6671
5585
3969
3526
3180
3252
2875
6952
7805
2918
2958
4387
5349
1223
5973
5832
8075
9419
6363
6640
4289
2730
5222
40
7024
3176
2824
4932
3632
4987
6684
3155
2174
4916
4796
8306
2441
3896
7925
7708
1344
2825
7547
84
504
6194
1124
6172
2936
9426
2782
4902
6543
3228
3859
7521
3168
633
2523
1272
2800
5256
6535
6410
8158
6382
2091
3308
6776
6066
439
7705
5059
8658
6530
960
4496
7630
6250
7228
1202
9015
265
8935
4755
5663
3253
3236
5923
1374
512
4739
1717
2102
8217
1135
9377
5613
5362
1340
9654
4107
7872
6950
8287
868
5200
4646
4380
9010
153
6132
1662
5091
246
4976
8171
8331
7723
6117
1622
6825
5402
6856
3396
4678
4151
277
6167
9356
132
6324
8676
7054
1588
183
7059
4103
9438
6583
4014
2330
887
35
1576
1099
8490
1049
8422
4298
8647
1426
8359
6139
9480
5673
3631
2734
790
5512
8477
7420
630
1841
2354
7335
9372
6285
2442
6799
6832
5272
7763
8104
6792
2569
2617
5176
1721
8412
7444
9605
9772
5370
9255
5962
5947
3592
7618
4275
9907
6705
31
7778
1362
6647
9338
1598
6518
3034
3617
2006
6824
6884
8824
494
8567
2997
8234
4040
9957
638
9687
973
9433
9443
6835
8187
6097
5503
8738
6177
7860
2757
3142
2405
432
2125
32
486
5635
7511
5751
5576
8245
615
5373
3650
3793
5556
3507
3949
3983
1789
4459
3730
5665
5724
6082
2788
5474
3289
7935
2664
6060
2745
4294
7237
4734
6710
9651
1116
4209
8250
4531
9745
7370
4162
6679
8384
8421
7323
2385
2275
6629
838
9134
276
4859
3886
3395
8605
9246
667
6052
5806
6384
1021
9738
3463
8710
8939
2518
4966
6727
8299
6888
5915
5300
4641
423
4145
7917
268
3863
90
2019
2980
1332
1287
9180
1654
2665
6794
2384
3695
9056
5187
9282
5845
4356
7085
1091
2086
8805
9425
9051
4822
877
4127
4533
4041
5352
2122
5893
7954
6849
6981
8944
1936
4148
6372
1203
4769
876
7468
8136
8970
3125
2366
5309
7606
6394
3599
9060
9798
5149
6689
6098
5979
3824
6041
3956
9119
9595
6818
6771
7852
1912
9936
9811
1658
5466
113
3205
365
8967
285
2248
1816
9730
2742
9819
1364
1389
4313
9553
407
1607
2253
9885
3481
9449
9991
1846
9987
606
3911
9967
2995
8807
9705
3355
7499
1530
1042
3387
193
4066
6414
4315
2018
3428
3774
3683
4105
5536
3893
7358
4623
3539
919
5533
4120
4523
1385
2337
3608
8892
9370
7002
2488
679
7994
99
1664
2484
3303
4586
2850
156
7662
1879
9284
6863
9548
6717
4270
3957
4475
5460
5727
5643
5655
890
532
984
1326
189
5328
688
4573
3311
994
2549
9045
5879
1427
3559
5860
4302
5675
4230
7876
8768
4743
965
7704
9300
9837
3248
6017
166
1810
7508
9534
6206
5838
2080
5630
1686
5378
3671
2501
4261
9477
3745
907
4691
4783
1148
1369
1831
8580
1778
2848
137
2548
3437
5993
7518
6761
2877
305
1299
6388
980
4715
3312
6757
8010
8034
1735
7155
1244
1670
5641
4782
8704
7866
3620
8642
9829
2564
2000
6933
8983
5526
8961
340
5461
2748
2423
6562
8542
6624
1470
8999
0
4311
4814
3353
5770
9722
7769
6295
841
2691
3756
5017
9954
6692
4517
3057
5515
6477
4690
9124
3412
63
4594
2615
6764
9037
9732
6303
2895
1398
6379
7699
1457
6652
4345
2154
5522
4285
2298
2233
9314
7148
6279
3007
5062
6542
1901
1174
1963
4716
2155
7649
148
9989
990
8885
7433
8848
6708
4706
2391
5637
765
5605
913
6683
8505
6554
1520
7069
4867
8221
1250
9574
1595
1217
621
946
9156
5459
5507
9067
7721
7529
1436
6945
2054
5381
572
4161
8613
4700
82
4981
1722
8340
4688
4569
2490
5735
7134
6184
6283
5073
4024
1297
5697
2132
2870
5153
7645
3811
3525
2456
7725
2741
5596
2157
158
5595
2459
1679
549
2670
6685
7869
1564
3447
8838
5773
2735
1449
5525
8182
1625
1295
8322
4930
9468
1703
3907
9430
5919
1555
3682
854
8022
9976
474
1742
2137
6790
5990
3274
7887
4595
5448
856
6325
6641
8767
8852
669
4297
1765
799
2744
6701
7385
7060
3860
3035
3965
7643
8686
379
8565
6140
7384
6935
1921
2556
1121
3589
6594
4548
7873
7244
1167
968
7086
3019
5172
1069
7868
6845
2078
4830
8661
9092
1764
6809
2540
3073
7953
2621
1556
3740
9159
1501
2605
998
5974
7042
3198
341
9731
9725
4359
2508
3795
2031
3453
2666
9032
2756
8203
7398
2947
1864
8814
8423
3782
6264
4677
1634
2094
7389
6190
1285
8199
116
4117
2363
6607
3090
16
1884
682
7387
2113
7431
5850
3573
1007
7609
5907
3685
8378
8275
8197
4819
9378
9360
1184
1904
4832
8223
7512
1967
4087
9497
5458
4993
2462
2568
9304
4843
4884
1043
518
4869
8960
5956
4334
2371
1839
5150
5412
7124
2213
6085
5590
5678
2543
6009
6470
4911
9763
175
6833
1414
9646
7357
4094
4618
1288
311
7945
2828
6253
9618
7992
2131
3336
2998
2324
9292
7830
4426
6975
8404
2854
8790
6480
9887
8312
1440
1730
9511
8583
4215
3065
6550
1182
4723
7312
6047
4287
7089
2701
5493
869
680
46
1693
8008
4756
1178
9983
6905
9923
6282
7982
9400
9380
7180
3115
5203
5043
7625
993
2144
746
7373
2920
1628
1798
5144
7584
4011
7353
2036
1583
5716
9563
9893
6400
5051
9611
8881
3182
3079
6275
2589
3003
8343
9445
1376
685
9000
1852
6240
7655
955
94
7808
5029
8369
1138
6008
6840
8157
4924
6466
4925
9586
6494
6415
2600
8142
9583
3728
2892
9439
7652
2074
784
1913
8173
480
1233
7809
9872
9656
9929
3870
8228
2058
2424
4511
4863
9653
9437
3666
2655
6706
5945
8693
7245
6974
3211
9493
8589
3281
3767
6866
2668
9669
9203
7462
948
1103
2147
5563
874
2533
580
1048
6668
5
9566
26
6267
7971
8015
9958
3984
5130
5958
7718
2340
8832
8416
1894
206
9216
8700
170
5768
3527
673
9347
720
203
1811
3091
3403
463
5195
3294
7140
3072
8310
1572
5707
9691
6740
7752
5562
9793
3923
5058
4605
1502
4137
5581
8771
4064
4180
3349
2635
9968
1019
8361
6080
3993
502
9431
9647
9633
199
5777
1152
9808
1156
3802
2151
3071
6162
3637
4267
9277
5822
3972
2478
2566
3041
1719
7452
8096
4915
7426
2659
3974
7901
9933
949
5209
2651
3823
4509
4679
1918
950
5292
2128
6555
6660
5502
3588
8845
3483
9412
453
4140
3372
1338
2286
338
5933
44
7889
1350
197
7489
1774
3118
8648
2498
78
3932
7633
4906
1419
5742
2394
2264
663
9089
4632
2681
6651
4265
3322
6858
3288
7224
1791
9299
248
1582
7542
9978
4824
4938
9906
9707
2383
2278
4996
4063
4377
125
3768
7273
1304
4774
4483
8120
7084
7225
4749
2637
9494
8668
2599
6284
903
25
7668
2013
2306
8319
6500
5840
825
6235
3640
4128
9679
4217
8380
6259
539
8507
5775
1489
2068
2276
1095
3098
6090
9637
3052
3489
2471
4078
3389
6426
9861
8886
7178
9058
6175
5016
6076
4353
2633
2796
9509
8759
2418
2090
3842
6987
534
352
4865
2917
1828
2183
2138
811
3929
5817
5233
1682
4295
71
931
4960
4235
4765
6566
5487
5377
7068
5788
2676
7510
4197
3967
61
6992
2729
1868
3761
9613
2646
7923
2256
4091
2840
2003
1161
1673
8453
3245
3455
1016
2474
6517
2409
7077
4388
8298
1206
981
3339
9825
8646
9172
541
2197
1377
543
6108
9621
1100
1468
1190
1759
780
501
9139
1189
3852
9746
2813
9288
4030
1848
4368
4134
3513
9979
2585
585
387
5520
1402
9688
4257
6773
3420
5710
2823
801
5134
7844
743
7517
1919
9507
4494
1213
5296
7986
3199
8940
5185
4238
3771
3081
7414
1514
4624
1619
8858
5147
5068
8311
7403
8465
7797
3314
2083
1197
7744
5145
4628
9281
6343
9538
8274
5114
9723
8623
380
178
1367
7376
167
3493
5606
9183
9736
6254
4655
8282
2203
5304
7903
394
1979
7311
9544
4829
7577
7883
6402
3345
6221
5997
283
5048
8127
3075
3981
9598
6642
2187
8659
4381
6129
7440
3749
1360
80
9572
7215
4452
1970
1219
1826
286
4199
9030
8166
5798
5054
3424
943
8367
6714
6961
2684
1273
9345
1228
3515
5631
2201
4918
7309
9818
4019
2827
1323
906
8181
3309
4248
3159
4251
3194
6242
1772
4848
4420
6953
7308
9193
3987
4116
804
8094
9330
3667
366
5706
6340
3721
1331
5961
5891
5925
5764
889
3404
6659
897
5313
4838
2509
1621
6442
9848
1238
2927
602
3191
1946
9934
2555
4740
2946
7878
5574
1345
4736
7825
7694
1925
6994
7088
5118
4811
3962
4350
6486
1903
2229
6293
4405
651
9607
7523
7977
1480
5914
2710
1738
6681
2417
6739
7551
2712
354
7498
6029
319
3154
1510
1827
6150
5885
6258
51
855
564
777
2285
3400
5863
7461
2156
2640
3029
9558
6163
6093
2531
1296
3039
5657
3909
3433
9513
9927
1899
6801
516
4952
284
7733
1820
8543
3460
4219
4304
9503
6759
1452
7033
5609
3401
2192
2302
924
9938
1437
3553
8099
8784
2746
104
3059
9147
3136
3466
4236
2047
4524
4207
1341
1386
5000
7062
1758
1755
8080
200
1433
7170
5565
9606
5365
1847
9810
9909
7543
5387
7351
177
8054
6419
7363
29
2647
7187
6370
1474
326
3359
1422
961
8561
1976
2453
1638
2037
3700
6958
593
7352
8821
6390
8484
5833
5081
6023
36
2339
9484
79
1290
4141
1022
6765
5681
1700
7507
5131
1513
4004
1294
4046
8618
6141
7503
8249
6503
6827
9601
4658
9489
9630
8699
589
7144
546
2420
5036
3465
7501
396
3102
1428
6589
529
6490
3591
9781
8761
6576
6638
4631
752
826
1805
66
8850
755
8119
845
957
7478
7574
5755
4101
7856
273
4208
5173
4860
4291
7951
2468
3153
3146
5469
2792
8321
8392
5835
4200
287
3561
2941
5198
290
7519
8163
2088
2842
3997
3329
6650
7898
6064
6499
1218
4793
119
7072
4166
1248
8778
8214
8531
548
6568
5983
9889
7
2759
8740
8433
256
9900
466
2628
2725
9491
4090
6252
9462
8259
7027
8244
7632
5542
2024
2879
3018
5771
8910
3347
7142
1699
9361
5935
6248
5538
2167
2502
8076
8208
2595
8009
2882
4158
4668
3504
8464
7714
9867
7100
7968
3744
867
9130
9411
613
302
7469
491
7458
2560
3621
446
3927
9450
9316
1725
8408
7530
7254
5843
726
5174
9642
4221
8975
5769
4367
5334
3101
8665
5223
329
7116
1023
8697
4923
5020
5494
1051
3855
3137
7463
9252
5759
7875
1455
888
4888
4643
1207
9375
7534
540
5357
5813
4541
9768
4663
3534
2124
48
8783
4133
762
9594
7636
8389
4973
8267
2005
9488
8324
2188
7227
9275
5236
7343
4138
4508
4201
4827
4695
8110
4864
5363
1002
4001
5110
4310
301
8285
8990
4280
939
124
4386
740
971
640
2486
5220
9773
1403
6123
3903
9526
1382
4150
7965
3764
3469
6921
8751
5618
3882
1080
8758
661
8928
996
9495
1143
6725
1746
3748
9787
3763
8394
1309
7812
5113
3293
7125
7575
6386
7260
5372
9239
7500
8953
6661
3999
6209
1558
6472
6359
9016
7765
2524
7396
6893
1361
9903
5959
4383
8053
2414
7031
6780
7021
129
4025
8949
7950
6078
4370
9317
6228
7747
2239
6054
3417
3028
9359
2851
2644
7418
1112
7569
7639
2793
8210
1251
328
2367
3332
3012
4089
4220
8742
185
4613
6749
886
8222
9764
3743
9939
2891
727
5244
6049
2432
2106
374
824
2577
3413
8124
8546
2984
8489
3939
3546
2378
1517
6481
8044
5424
7050
860
7195
5072
6941
3739
3833
2041
6153
2541
7882
6073
402
6926
6111
2370
9577
5040
6316
8823
8747
2257
8989
6665
964
6762
2657
5705
5589
6643
9559
9883
6013
3803
3815
5348
2884
3095
2642
4409
7516
5989
8339
5278
9349
2400
9712
7247
2463
2775
3264
6395
2403
9222
6319
7732
6380
1652
8511
9950
7182
4539
3758
9456
2277
2622
8992
5382
567
7751
3290
5484
8575
7451
7502
1280
4339
136
1642
4694
3626
1119
3543
9582
2587
858
1916
6612
5616
1337
7896
9756
9841
2801
6637
7635
6803
1431
4319
9410
7772
7092
6492
8430
8420
427
8207
569
9531
4816
9886
3839
5741
5855
9424
8905
6271
9244
9227
6927
7583
7838
2590
5917
3843
7684
2016
8692
7696
6805
2692
9078
7240
591
2395
8092
3582
7123
5937
1257
6733
3831
1289
5861
807
114
1767
7004
7742
6234
6374
5107
9125
6811
1911
1012
8812
5041
833
8317
1984
8924
8666
2631
8165
8633
3384
4947
1286
4998
1046
8516
9053
1128
4673
2714
9922
6272
8660
1097
9325
5167
5151
3946
8309
4747
2254
664
6586
8752
5339
3151
179
7159
1352
4401
4421
8494
1714
9232
9441
9871
1990
6083
1325
9086
4354
2973
1674
1559
8827
9671
9496
7692
2770
2032
3840
8257
9783
4256
9824
5015
8180
4254
4428
3869
7096
34
5709
3242
7249
1696
2206
5152
1220
4007
1168
3917
1728
2299
5440
4033
1204
2193
1390
5871
1074
1890
2217
6853
2148
6115
1032
5467
5571
6506
1734
9777
4492
1493
2162
721
2295
2969
172
1383
6261
4718
5294
4357
536
8427
5259
397
5544
4728
1158
9814
1574
1523
2505
1236
7317
6495
1944
2412
4113
6899
5573
4329
2992
213
5654
4786
5694
2830
3358
8649
3251
7372
4551
3044
5355
584
9196
5434
542
3260
1942
6418
884
5265
1866
9394
8411
1183
7988
5398
6789
7380
6182
2250
3344
49
7605
1644
7271
9408
5774
7110
4499
1359
115
4969
1560
3597
3241
8904
4182
1762
5240
4845
5514
974
4288
9610
2021
8810
7137
5408
5629
1930
3940
7289
9094
7777
7032
107
2726
9552
117
4818
9801
2336
1082
282
7296
601
4726
8622
218
9700
2485
9834
425
1169
9664
7130
2251
5725
8722
8735
6938
1786
9467
7617
9238
6574
8179
882
5750
9155
7029
4415
4633
3061
8085
2695
7722
9984
5391
3726
1098
1017
4335
2093
568
1195
4833
5383
538
9234
1211
3025
8696
3030
2470
4831
6868
3436
5465
7055
8254
3536
9101
7181
7527
378
2859
1339
3468
9981
3053
325
7035
2914
9899
7263
9447
8256
8003
3717
9672
1271
4227
6502
596
4705
327
5329
8809
6963
5789
334
7278
8937
2706
5135
8156
3905
4075
6148
15
4455
7188
8413
2347
4701
7690
6690
1177
7299
344
8788
9661
2346
372
7194
8644
7401
4762
2296
4264
8292
65
6210
2504
3775
5346
2055
6704
7394
658
6602
8601
749
5518
3593
7985
6755
3628
2315
2885
5089
1130
8577
2586
761
1356
9077
773
2772
3050
3207
3127
8919
7593
1237
7760
5327
1319
1088
1404
2510
3234
8072
7145
2845
6991
5872
5276
1298
6170
1766
6
9641
3239
4622
7556
1409
2929
8879
8115
1869
1681
900
9895
7437
5028
2059
187
6588
8126
8479
1114
3084
4404
4806
8694
437
8851
3464
2649
6851
2015
7528
9718
8652
4365
9149
2986
5117
4276
9755
8877
1668
9201
9659
4053
7927
3614
7381
9529
4184
6614
5548
1612
8602
3938
4515
5321
6985
604
764
9387
7908
6875
6357
662
8023
9708
3655
1829
1815
2311
5558
7322
7476
424
3564
1208
7811
9415
443
9955
7037
6166
9020
3565
3841
3926
2116
1518
2562
3742
8139
7787
2816
9479
431
4278
1333
5664
4174
57
3586
8424
2648
8130
1246
904
5255
9970
8927
5013
3114
5380
4393
2512
1063
6352
1221
8277
7455
7810
6501
8016
3826
247
7198
3846
8236
8855
490
390
1840
3891
2517
2619
9624
7118
4589
5677
6110
9655
3804
3467
9061
9794
3298
4402
3790
8073
1456
5056
1039
8522
2601
1494
8947
335
7740
2379
9409
9351
8834
9802
9961
6191
2738
9890
745
1806
4029
2867
1934
3711
9912
7013
6883
5662
5938
7803
9988
3836
4626
6615
8837
9334
7275
5205
2194
9844
4896
9975
9369
4326
7571
9021
5909
5488
8024
1620
4130
8984
5375
9977
6768
1045
2669
9941
5284
4965
9689
8029
7658
9017
1132
3924
5076
8651
8610
1054
5622
2760
725
3715
6103
9560
2051
9636
6079
309
8998
4954
6896
918
9980
5534
42
9726
4559
86
1777
2043
7757
9476
3193
8176
4984
2235
5125
6031
3126
6220
4442
3006
181
857
3058
1754
8604
7737
4424
8204
4314
9790
6071
4561
8355
1563
8917
1443
2375
8103
945
4592
7877
8971
2915
2338
2457
2578
551
956
1139
151
5418
6169
1465
8288
4725
7226
611
7253
5932
2519
6131
6260
9870
5992
3750
9272
7818
5825
5386
605
2118
6158
922
9321
2177
9028
5787
1522
3474
3278
3014
4451
8631
547
3727
7018
5324
2625
9123
8132
3978
3679
6457
164
7378
3120
9428
5027
7316
1675
9940
620
426
3165
6901
1439
1952
1897
2557
2035
6754
8857
9423
6171
5277
3989
1366
6489
7283
8674
8315
5221
5908
1999
1196
2489
4399
6752
8556
1258
7333
1957
8724
9508
1749
4300
7053
8714
6401
9090
5680
7629
999
8619
9042
951
6151
1450
1578
3696
1794
9062
6124
1857
8748
7631
4171
5132
8572
461
2358
7482
7495
4175
1889
1779
1347
1710
9171
1461
5658
6723
6406
8337
8558
3117
1685
30
1958
982
2990
852
8545
5218
6984
8685
4439
4560
8899
2708
4501
1731
473
9294
2699
2216
2935
8688
8753
6561
3076
28
5927
5899
3510
4759
3688
1711
8000
4414
1401
9650
1860
8726
5008
3243
1084
703
647
2313
2723
2546
1908
8435
8920
2329
8456
27
1047
1580
5870
2558
1115
4855
695
1906
5849
2673
9665
687
2165
1276
7913
216
3551
4826
5269
6865
5103
4882
6022
4448
418
9706
6454
3258
9386
9072
5331
8128
6042
1060
8281
7184
489
7491
631
8342
6459
5851
5728
6734
4382
5719
8719
8951
3797
292
6791
131
1824
4051
8454
8444
3088
7700
6320
654
2421
2661
1270
7890
8695
1562
2521
5189
9406
979
8599
6553
9302
4642
2803
5846
8348
2176
6618
81
5481
5818
5545
8233
1357
5684
4512
8320
6551
8458
5916
6491
5138
7955
7193
4988
9482
1399
8216
83
4266
8241
91
1027
7599
5810
4669
6483
5112
6314
7768
8381
7048
4972
4994
7893
2663
8215
252
5965
1945
8849
9054
2255
5967
9556
577
594
7402
3170
1055
2802
5886
5468
7940
8591
5042
238
3
4296
7257
1609
2342
5778
7533
5253
3532
9405
2288
7715
8481
2472
2205
5270
1064
6207
1536
8293
9670
2333
1645
5342
9579
7236
6848
7980
840
7921
6105
6154
8713
4058
2777
4597
9846
8152
2852
6872
9881
2671
5007
5367
9803
5816
7211
715
2236
4268
2722
1110
5604
7975
3876
4224
8218
2269
1732
3630
3902
5023
5142
4348
4342
7483
8428
9024
6036
370
4188
8418
6810
4478
756
5894
2204
9660
3156
8495
5471
2304
7581
9470
3657
2133
9838
5866
5687
2951
2419
4936
5731
6914
1324
5718
810
7587
6528
6474
6772
1795
3773
5403
7563
7243
4057
5953
9974
3096
2440
9214
5230
6675
2715
3005
8595
6887
2443
279
793
9035
7310
1608
6280
2736
8438
5453
5713
698
8371
9877
4868
862
9873
7608
7711
5981
9584
6784
3847
7579
1187
8336
5437
1249
6634
5969
5194
1050
7281
9464
9081
9483
3646
4308
3178
880
5689
3583
4753
699
190
3958
7277
10
7853
1305
7691
2948
3741
8391
8639
3885
2861
9515
1601
1940
7514
500
4724
9211
6867
7504
3032
7990
9373
9343
2902
5500
5876
2473
6673
3821
8058
2554
6694
6873
7106
6427
9575
2752
4990
1640
3822
4937
3217
8098
732
7186
1010
4338
7345
2702
5261
4578
6055
2033
3952
7241
261
1303
8535
6257
6291
9064
6006
3654
8374
4320
3674
4737
4979
2511
8934
5495
9416
4949
9521
4593
4750
3814
9972
1210
6857
8876
5171
5169
389
7107
9668
3224
2982
5393
1363
4497
9043
2244
1835
8746
2847
4776
909
5739
212
9215
6595
4710
7368
95
5980
4234
2415
8922
7105
2688
5175
3619
9847
2404
5455
1943
7439
7582
3806
7496
6512
5898
5744
819
788
1964
8578
8508
45
5943
5963
8372
2249
7993
133
1247
1666
4110
9429
7406
6682
3799
4590
1393
5566
3785
7899
4521
7340
5166
7796
7046
7697
4104
8741
9796
8146
98
3218
295
1617
3373
2857
6445
4781
9570
441
8906
5359
3610
7800
782
4927
3485
236
2542
4636
5823
7784
6448
9027
942
6720
9063
2732
1704
3446
530
6144
9549
1482
4651
8598
9749
7559
6199
1481
2063
6298
6890
3093
8966
7149
1566
6421
5966
8383
4992
7190
2071
5712
2398
8351
7600
1262
9759
8432
3572
617
6702
6230
9951
8030
9742
3910
333
355
671
356
2818
6978
4758
6750
3220
4587
2134
7922
6294
4114
5600
3038
262
4385
4327
3219
8025
4732
6989
4322
351
7251
8183
1134
9956
6666
9253
5037
6496
3951
9414
608
7743
4575
1159
4681
6249
1089
7746
7920
1146
4692
4355
2066
9111
2327
1106
9677
7012
6381
7730
332
7041
6453
6982
400
2142
5721
3503
4880
6813
7052
1241
600
3611
5193
5738
5216
9935
4520
3986
4886
7947
4457
1226
3647
4374
1812
5316
1216
7937
9225
1726
7128
8246
6834
8630
4079
6508
4792
9842
4919
7661
6147
8985
6334
3982
6627
9006
54
5986
240
6059
6417
4309
8334
9213
2829
6014
3857
668
4337
6557
6928
9188
9007
3141
6738
8086
159
5642
4627
6521
7196
653
7862
6268
4738
9279
8500
8844
2497
7895
5070
6880
3644
6422
7117
9590
4834
8047
3423
8715
9826
9285
5584
4198
6318
5231
1462
8524
4854
7912
2804
1120
3540
6900
3157
9374
9812
9132
1773
2098
822
7948
4039
235
1117
7555
2038
1802
603
2623
1160
1715
7218
4955
9524
7473
7135
1396
6351
2819
6424
1230
9760
3149
7459
3587
2727
582
3686
5445
670
7892
4246
3179
498
6686
7104
3959
3985
3216
9194
5164
5878
5762
4240
6819
7695
8116
76
9807
5163
1887
2565
9953
4934
5856
2119
1785
1490
6579
8269
6677
7736
7619
9353
3501
7745
625
1472
7919
2292
6828
7758
4565
8101
3789
9461
9128
7513
1411
7200
3950
7596
4858
7573
9622
8220
7179
7706
6255
8526
8349
4630
8436
9357
7915
3535
8364
3732
3163
1780
3158
8459
5257
6564
298
527
927
1044
4168
6693
5483
5160
8679
53
4536
3875
6061
2751
4530
6331
1591
3478
1107
4875
7594
263
4527
9682
408
3273
6389
9604
759
8491
9059
7911
7484
7346
4757
1992
8727
8916
3475
7338
8781
3375
9766
3487
5796
7416
7477
2953
9240
769
7748
1565
8870
1655
6007
7676
9943
8869
1485
404
3961
636
4228
6608
6205
4465
7326
9161
1630
7238
336
8265
8873
6838
3374
9392
7560
659
20
6215
8933
415
7537
9421
1554
730
2500
6126
7097
6487
1001
2010
523
1883
3576
9685
1568
3362
138
5896
4146
7341
798
4048
2794
8135
8001
3656
8569
9046
3888
1800
9226
7412
4547
2613
3213
8929
8225
6623
3604
3209
2127
7669
4231
6281
5561
5078
260
2602
142
9283
6869
9301
9634
3406
5302
9695
1614
5411
3261
5101
511
3300
1109
7710
9992
4422
3418
9137
470
2718
2603
4096
9863
9599
6432
3325
8242
5583
7160
3175
5310
525
4003
7465
1242
3670
4206
3223
1503
1830
830
8863
2834
6107
9833
8789
5779
3652
7172
5862
1678
4773
8743
7207
7728
1126
6936
9047
4427
1056
4425
553
5559
2925
6939
9769
7612
8533
3661
4944
7926
7885
4156
3716
2320
5250
1102
9205
4534
3326
2975
3669
1408
6039
3378
1613
5950
7419
4411
7646
6237
3872
3430
55
8048
2199
4929
3810
2674
6299
4241
3769
6362
7112
1283
5400
5982
1783
3766
9849
6548
1458
4898
2839
9578
8243
7670
1478
676
4341
859
2761
9696
6632
9580
4005
314
3140
7365
7929
554
6822
4849
459
2961
2709
9960
5286
3596
3427
8289
6904
8818
5936
7101
3508
1215
1260
8045
7793
2467
4823
8230
8739
7415
6850
4735
7794
449
6000
5970
7259
666
3871
9209
2307
988
7995
8822
4784
5104
7239
5931
562
8205
7859
3627
2185
2806
6232
7943
6238
3304
6707
9475
6852
3056
9597
2046
6168
8878
6263
3197
4637
2597
313
1199
2341
5594
2632
8772
2476
2887
3786
226
6745
5928
5905
6321
8894
5323
5511
8908
7126
3498
8538
3026
5847
1166
5644
6552
6741
3511
2345
2008
9822
4088
6471
487
9952
847
8278
9894
7833
2017
1013
9856
9500
1991
1768
3379
8988
6769
5179
5191
2326
5242
3107
4480
6698
3720
9340
6214
1380
4717
995
821
8926
6983
7203
1336
6236
9638
4526
6256
4950
8475
1413
8373
8861
182
6312
6084
14
2011
68
1971
8498
6569
381
6599
4751
2614
8864
74
4912
9291
6227
3371
421
9776
1425
1782
160
2901
5050
7960
4580
6104
8338
7565
7279
3473
8162
8
4600
360
5335
5371
3106
2747
7490
556
4671
8499
4056
3237
4349
7328
3133
9931
4634
2693
3116
3009
4164
733
3819
1627
1637
8114
7674
6467
1542
8504
6048
9806
4181
7339
5301
8775
8012
4614
5998
7115
9243
7318
3174
8701
941
8592
3995
4771
5083
5934
2682
622
6654
7826
1907
1193
2972
21
3271
8703
2535
5748
7265
64
8397
1949
8247
9157
1085
7321
3998
5298
2807
9702
3111
2410
6335
5611
6504
2574
106
3642
7435
3439
8616
5423
228
9673
2910
983
7653
848
477
208
2937
3862
5343
6160
6178
8105
3499
1579
1543
2198
5071
1316
5305
108
9365
3250
3363
2096
8811
9504
8172
4394
8629
2438
9308
9080
3788
6800
3581
9422
3830
3257
8867
278
322
4808
4964
8749
2763
4670
6871
3138
5659
5647
2639
8957
815
6841
9121
8191
6993
686
1476
2989
9878
7399
8457
3832
3676
7108
7222
1508
9342
9185
9143
8554
9741
7678
8480
7337
3878
6645
8936
157
1571
7382
8066
6032
4847
6010
3794
6788
1524
3817
6436
7999
6633
6804
6603
714
4696
1586
8865
8302
8594
3805
9175
5587
9995
6597
110
2334
6730
3317
2399
6033
8005
2769
3945
5162
6040
2173
4440
1277
9384
3690
4279
8474
9135
3080
5760
5005
7008
5734
7961
234
7219
1546
472
6371
1330
1077
6700
5505
6617
1859
8525
1874
6513
4010
1322
210
3659
520
5653
2084
4887
5447
6691
8945
6846
8826
3066
7572
4687
6680
1059
4760
3307
5874
9817
4022
2836
7456
69
3827
5192
4608
6383
4967
1317
1955
1716
9999
1328
481
4034
1708
9397
2196
7958
1796
655
4746
6910
4271
1512
3548
1318
4591
9163
6345
483
8581
8825
4100
5942
4413
4571
2855
4683
4802
7924
8896
9704
1629
1947
4535
2493
5064
9765
1026
6656
8673
373
7422
9025
3702
5579
7199
6449
5399
3894
8880
7790
9096
8603
3031
1966
5608
6462
7879
967
4471
3725
583
2099
8219
2889
6918
5157
3944
8655
9851
1853
9103
5848
6231
4293
6977
1300
8657
846
3305
2739
6292
5260
3263
7806
4463
3913
6795
7909
8678
4625
9879
6109
8764
8923
9930
3393
4647
8200
8168
4222
5035
9472
3388
3791
6924
315
9323
5225
9850
5790
3139
689
6012
7000
1741
259
1175
3602
6814
9591
5640
2821
5696
4410
557
3440
9969
1329
7842
9499
4840
7344
5388
2656
3734
2465
1880
7837
1551
2529
5603
1025
607
1998
898
1529
8090
1229
6420
7400
7564
4638
1616
6344
4797
742
2869
1438
7231
6300
3638
4232
920
4795
1008
9809
6544
3048
612
4469
6817
9076
5268
8513
3658
1096
4073
7832
7724
6996
2170
5245
5429
3616
6070
5546
4259
5924
526
5732
152
7847
710
3330
3313
853
362
7933
242
8946
1698
8405
2364
3835
2766
1792
2355
4661
8728
398
6533
6648
6541
3343
8785
7395
8977
8515
1665
6149
5877
6225
1232
5539
2811
8576
9996
4363
1315
2933
6539
3259
3580
145
9728
202
6287
6493
1222
5024
2389
1702
9052
6203
6244
6766
908
220
7028
8527
8082
9269
7870
7082
4674
2171
150
7651
6128
1626
2351
5841
7558
5314
8442
2608
3623
5830
952
6577
8449
7220
7229
2996
1813
8897
2853
843
3233
7061
9485
1147
7248
3816
3653
7675
3185
7014
2242
8512
2259
2942
5669
4542
7962
4470
3013
1723
2711
4528
7157
2164
6746
2762
3103
834
6437
393
8972
9532
7749
1803
7976
9734
9771
163
5668
4352
2152
7428
8108
6313
8198
9231
1459
2970
4109
5086
7622
1444
3925
9251
7815
8304
6353
2328
7133
7304
9208
271
3759
3047
8501
9799
9487
8118
5420
7268
8415
8271
750
8691
619
9004
8102
3868
3684
9612
9204
7216
2325
4092
8519
1706
7051
9694
2303
7235
7549
4874
4939
9919
5812
7525
4543
2450
9915
4123
9454
8407
4472
8628
2641
9667
2222
7099
2584
1931
8097
8368
8451
2166
3622
6815
2439
9918
2261
8562
6823
5765
4325
6969
5540
8177
5726
186
9459
3292
6180
7541
1170
5955
7539
9949
7330
1198
436
13
6053
9813
528
2458
5723
4917
4891
4229
3668
7686
6898
7666
8212
7472
1291
2076
2034
5805
8907
9029
9528
5519
2547
3431
6719
224
3054
3135
2515
6003
6037
1902
6376
4252
4779
1467
9535
50
4748
9916
7007
8185
1877
6004
6026
2890
8560
3613
6460
7175
9469
3562
5868
2916
479
4558
8363
9012
4272
3509
7003
7846
6044
1954
3426
5475
9071
8273
9920
2411
7801
7841
6473
5199
3899
2483
1371
7735
9993
349
2179
3524
9328
5780
3134
6716
9530
7881
4453
5996
2380
3861
4846
5289
5390
6505
5834
8121
9218
5177
3825
4084
2141
3641
9457
59
2377
8305
7791
2208
9040
4685
6072
8725
2949
2678
2129
47
8345
2160
8441
5776
9657
7857
7336
8018
4604
3781
2872
5700
7689
697
6968
8571
718
9166
2300
7671
2390
7302
861
3542
223
4877
7436
7272
4061
4557
4812
1515
1483
8690
5332
7183
2344
1136
4071
9320
9084
9256
7741
5003
9658
1140
2677
5427
6802
7301
7701
1870
4546
5570
8734
2225
255
9401
3575
6962
3454
2228
7036
976
7119
1375
4754
4312
6526
5756
3121
5498
2598
4513
5730
930
2604
2532
7505
1683
9026
9448
493
1615
1072
1541
8552
6329
7906
9761
7138
7139
8478
5217
3229
2660
3316
8388
3854
5976
4396
1153
1475
5133
6106
207
8033
3000
9362
9141
7250
9698
435
2427
1775
3651
3966
214
2081
2149
5670
350
7776
7255
7417
7834
7479
8584
8291
5491
3476
4652
192
3699
173
97
5095
5384
7840
7447
7886
2974
5462
7804
8537
5615
9245
4995
9023
2455
5181
6669
2281
1024
3365
9160
1661
4172
9986
6990
7767
6219
3494
6368
4169
3609
2408
5394
7552
2252
8067
2900
9313
3354
7673
954
4027
6484
3282
2594
9173
5624
3901
2495
9645
317
2921
1150
5063
969
7657
5046
770
5252
7621
8400
1005
9713
6081
