2559
5542
139
5666
6785
4171
5007
4103
2608
1857
7102
6556
777
1926
6628
5587
4532
5024
8688
5853
7612
769
778
6388
1312
1707
1670
4295
3515
8754
6127
1533
5263
1712
1773
8406
3885
5148
1620
5705
3526
615
3352
8419
3521
6017
8513
1087
691
1105
6331
4177
7853
986
571
6193
5583
6983
450
7474
203
2128
7237
8138
3344
1809
6167
4664
9625
6520
8051
4677
5833
825
9831
7835
6586
9134
5474
1070
2063
295
7245
767
5664
2540
4858
1934
3637
4968
5448
9719
645
1226
5973
808
9896
8121
9568
1285
3182
176
4175
8047
4960
7241
1565
8519
2085
2169
3454
1984
9268
451
3174
2044
620
9763
8002
5800
9367
5793
6669
3361
1865
3716
799
1062
7737
8781
334
304
921
5868
5244
2886
6198
9355
5778
3300
6374
5823
3583
2280
8894
315
4222
1668
2635
608
6098
2609
3870
1339
2531
2745
9422
8498
5507
6915
7068
4889
2461
1358
3970
8890
2110
6962
1626
6013
5743
561
730
9003
9068
4052
9286
8789
3749
2907
7278
1978
1117
8631
6787
4344
2248
4738
2108
5266
1121
2437
5612
2645
2902
2355
1057
4756
5114
7227
5878
9488
4791
508
9786
4878
2979
2236
5204
8977
2845
5835
1617
3833
3918
8825
7632
9868
3923
576
2575
6291
3161
5570
964
7325
2546
9554
8113
7455
4569
3291
9279
6365
3505
2543
7404
3907
8122
9295
3451
6376
123
9140
2658
227
4480
2851
3151
4986
9014
987
1391
7124
3666
1490
1182
2216
1252
8884
6795
9856
6723
9258
5490
2937
8654
5177
7551
4174
6969
3987
4894
4976
4540
3472
1628
8149
5380
9774
9837
7363
410
688
935
6363
3331
8434
3848
9791
2018
6539
6904
2795
1019
9119
8965
4535
6164
9108
145
7561
8874
9934
8205
7007
2597
2660
5789
618
5818
1629
9705
7262
5072
5539
5839
5797
3630
5801
9572
5009
2124
8575
6202
9179
7287
4308
4297
374
1970
8416
9830
9604
9242
5890
7748
3268
4292
779
1332
1902
2709
8924
5023
5986
523
4908
5984
4939
3711
4722
267
9379
1574
1804
7432
588
4824
4941
4996
1887
7096
9584
5605
8647
5399
1998
9089
1692
7462
3549
873
4886
4498
1069
9999
9123
2762
586
2050
8779
3323
5065
7220
9099
4372
1414
2527
338
7087
5389
4166
6292
8336
7765
3190
3427
2183
8403
8310
2389
556
1202
4955
4471
154
847
4497
787
8822
652
1340
4813
1133
8218
6574
7701
231
7435
443
9968
3593
7594
3740
2594
7234
2797
2190
7224
2392
9960
4010
4258
931
665
6875
532
4050
2601
797
4608
1051
2596
9229
9385
4937
9445
8043
2831
675
3759
7557
187
5251
1324
1386
2235
3046
2228
4853
6299
1150
974
4210
3150
8662
6251
9094
1075
2493
10
6889
9664
3448
4294
3191
850
6320
4597
2742
3273
839
1424
610
1013
9317
9638
1748
7795
4395
2844
9453
5886
4137
8988
9288
885
8917
4007
6367
1586
4081
3271
7009
4663
3428
2703
2043
4688
96
9348
1151
6895
4212
8044
6530
4627
6222
2194
3975
2873
3554
5021
9939
5943
1230
5593
3461
8137
9704
6081
970
9035
5825
4950
3691
4074
8888
6092
8556
1162
821
132
3830
3342
4136
5013
2118
5763
4226
4595
4454
563
9096
535
5564
4143
2577
3072
8554
7785
8167
4223
4510
4173
6010
2028
2004
7501
1398
71
3539
2369
8887
4871
9433
3087
9647
9508
8911
5812
2579
6667
6883
8729
4868
989
8068
365
9332
6383
7221
4090
7486
5611
7523
7295
5846
6269
3702
8678
5799
3250
7413
3005
8883
6598
425
2960
7135
8337
2295
923
5874
4892
8110
8094
7952
8391
9410
3556
8808
3063
3680
4695
4819
1276
6134
829
4763
9952
3364
9678
3836
1326
6166
3780
3668
7125
9206
5382
7323
1447
5086
6688
6743
100
6499
922
7840
1940
1250
8005
9715
3574
4674
152
2615
4161
7467
969
875
8986
9487
264
3560
6518
3410
1138
8792
8584
436
5425
6711
2759
7361
3776
7210
5329
860
320
9122
9159
8340
1241
8190
900
5668
8451
7334
5786
7089
7743
54
8920
7229
9394
2024
981
8048
3421
1774
8109
4730
2098
3411
9766
3372
8760
5998
4120
7479
2037
6401
3144
3916
1522
8898
3925
5581
9483
4634
6722
196
685
1866
7030
1645
824
7565
7190
2294
7272
8676
3909
355
8404
6928
6382
1454
3216
3270
9936
1296
7407
3138
6992
1751
7945
7674
2473
7189
2956
1077
258
7999
3572
7542
5364
2303
819
8515
1158
7140
7297
9319
4782
5129
7538
7899
8272
3156
4922
2942
4269
3445
4386
4802
4221
5214
4311
5362
9967
5315
9223
8964
6619
7121
7285
5871
159
9207
7282
5925
4083
3104
7280
5521
6751
6933
9444
4779
9046
9135
7117
2509
6462
3321
7937
6665
6255
2181
1856
892
5687
9220
8026
823
569
9021
4321
1517
5469
3679
9954
1196
7838
8785
106
6054
6531
5988
755
719
1769
3203
9844
8665
8866
5390
5272
8184
4272
9440
4694
9337
9173
6458
4962
6678
5343
3896
7587
3715
5993
2224
7065
2157
4127
4640
7643
1329
1048
4318
1083
9673
9152
6039
1434
4369
7386
3815
3155
5749
8359
8514
1683
4333
5891
654
4343
1744
2582
8082
6242
2938
6160
5356
6686
1843
6725
1669
728
6695
6661
368
2604
1176
5707
2319
465
7480
1291
5019
2200
5096
8193
1795
973
8024
1171
3385
4635
5607
6577
431
116
7554
8954
8072
2675
3053
7093
9785
6559
2008
835
9592
127
6847
7443
6744
3236
3519
3487
7036
8328
9461
5639
9015
2841
5108
6718
9102
5265
3545
101
3184
36
3696
9543
394
4476
8557
3394
5722
4116
7548
7968
8674
4073
7032
3017
8639
4959
6660
9810
8196
8399
9199
4011
597
3999
9599
5591
8707
9787
3670
5562
7158
6947
7370
6496
3922
649
7114
9571
2366
5457
4388
1996
3358
3438
1234
8372
195
1046
1573
2309
7533
5566
5726
5216
4114
420
3071
2099
1637
384
3856
9860
7948
6322
1962
4415
8927
4716
3262
7492
2541
8210
983
9371
1336
4536
1501
6130
8953
2354
3795
7770
6877
2049
6967
4119
3176
1731
8187
2023
8679
6876
5127
9538
7776
6321
8211
9847
5729
679
7364
5894
6772
4192
2729
9693
1563
3698
9327
2717
2861
5802
524
2818
1118
205
6415
6283
115
2787
8522
4825
9776
3528
3656
5206
4085
9474
7791
3890
6672
9203
8042
5185
3108
6642
6854
6125
7313
8996
8182
5620
2448
1474
1437
3863
9105
1952
7359
1507
2060
5370
9938
2800
9977
5043
4735
2297
6599
2811
9858
7990
7713
9757
1146
5162
7330
9438
6482
8960
4149
8075
9941
6553
6391
7254
715
1053
4002
2175
5071
2590
3056
5151
5381
5965
4777
5983
5176
7075
4253
2394
8875
9323
5334
9387
8186
8327
9919
7947
9093
4560
1239
1546
1347
8523
6840
3826
2094
7879
5286
5946
3313
5540
5100
441
2342
1680
4128
4236
2201
2972
9645
3566
9048
2914
9215
3288
2832
7813
5806
1001
7854
5576
7127
3562
8694
8283
6713
3563
5517
8833
4821
5503
9676
1123
6397
9382
1725
9426
3720
3393
3099
7064
5848
7661
3309
5807
6811
8177
8795
1461
7054
4963
2953
7460
3214
8081
1644
2952
8675
4197
2217
8294
2334
7912
1084
9306
1724
6754
557
4089
3253
5861
3600
8978
2141
4277
7938
7348
1220
658
7344
3371
1847
1096
74
9304
8839
554
4649
1564
3946
6764
1438
2428
3719
961
8101
6220
4029
8257
2161
362
9652
4430
6913
7829
3363
671
6366
9648
1245
9196
3455
8763
9184
1261
1270
1110
439
6313
9194
3660
1822
9570
4653
6403
780
2398
8045
7052
2667
1771
1889
6049
9409
5034
662
1433
4888
3530
6829
7171
1947
4398
1494
1922
7874
5960
6368
2363
5229
4047
3891
641
918
5252
1028
8172
865
3311
6720
1314
1311
29
5628
3944
8586
2340
6809
3603
555
2267
422
2881
3422
2386
52
6563
3141
9728
1679
112
14
8537
7274
1971
3857
5194
2025
7126
7015
7342
827
5725
1320
1193
2058
6011
2061
150
5473
2197
1379
7894
4099
4761
1863
7024
4054
4859
1496
1195
2241
6162
2619
7918
1396
202
2607
6922
6918
2143
7352
2135
2266
1334
6937
8788
9200
5170
4725
5906
7593
4966
1416
903
5087
1846
897
7429
7665
4266
2016
3318
747
6955
1264
486
7288
4568
1502
6646
2817
2316
409
3726
2057
6930
7784
2858
4923
6919
2641
8661
1599
6498
9836
1581
8440
8891
1168
53
7809
9663
5421
5827
8453
4355
9801
7166
871
3370
3347
3034
3932
8461
4030
2412
6698
8098
6731
2923
9969
6105
3041
72
4365
6181
299
9283
1752
1136
8624
3597
2521
4408
6908
7043
5467
5401
9481
6849
9884
182
1262
5423
795
6859
2208
1658
7183
1528
9172
8401
6140
2640
2669
7739
9690
4706
180
9103
2501
749
9124
7506
5963
6696
6991
1818
9943
3158
4075
9205
9994
4338
6916
542
7993
1623
7732
8850
3998
9164
8979
7781
1606
3766
6495
2011
5395
6760
4483
1583
2857
7328
3252
5157
2977
3307
9700
9526
8634
1732
3542
6885
9976
5180
1879
6800
7958
6617
9601
4746
798
9552
322
2055
6470
4061
1684
1794
5618
7973
2510
7950
8041
8409
6796
1991
2627
7419
6709
1646
7896
2073
622
6031
7016
9110
7843
724
6748
9962
9966
6256
7655
2360
2752
7473
5551
3914
5736
773
1393
7992
4336
1161
2278
9011
7470
8750
8388
9270
1523
7111
1643
2184
8004
8585
178
8435
6625
4805
4419
3278
5597
8668
7354
7415
6184
2784
4376
1315
6206
3850
6252
7722
9252
313
6868
3386
5781
90
950
8268
3805
9396
1741
9050
6793
8787
9126
4788
3414
7895
5674
8227
2284
7936
3592
3933
6554
3489
7822
5215
4572
7660
1337
1648
8752
8452
2882
1445
3221
73
6780
8037
6464
8933
4307
2696
6810
1255
1965
9838
2219
6422
1693
5321
9683
4353
8998
8893
953
3840
5617
1072
670
1682
4817
5195
6254
3464
4472
9654
4857
4281
8389
9670
3882
8532
4934
1427
3657
9649
9239
1598
197
8394
8724
485
5777
7416
9949
8617
2226
5167
9026
5245
698
8552
5794
6763
3026
7377
4689
9809
4179
9109
9998
1308
4347
5371
617
2576
128
6378
2954
9107
7219
347
843
164
3110
9141
1155
1534
3308
7794
6053
4901
3564
370
5916
2855
7860
1779
8090
7618
2140
9450
352
8278
6812
4994
6394
6386
9314
6603
7888
4837
6465
1696
1404
3728
3198
3816
5821
392
6012
6319
5748
7808
8058
114
9443
1472
5318
7476
8868
7597
6288
6961
8127
5905
4184
2992
3849
4429
8459
1685
1440
8730
1845
2012
9965
3966
2465
6047
4831
6827
1303
1728
5188
5803
9437
2900
1376
1281
3765
7864
4612
7458
8339
8816
1224
631
6564
4104
1591
5883
109
3474
1927
5530
4521
406
796
4605
6600
11
7394
4861
2434
8183
4682
1191
6506
6096
8773
2013
3921
9293
7763
1584
9892
8853
9859
8265
218
4042
7286
7601
2874
3883
5011
784
6790
2173
1421
1008
2961
5205
3546
9944
9125
8658
3820
657
9839
7063
5592
8756
4329
9154
6231
9929
2693
9202
834
8993
413
9405
6168
4228
5981
1888
9545
5338
2687
5439
3029
4726
5717
3003
5703
5259
5603
9504
2922
9074
845
8360
2643
3737
7240
2051
9232
4403
27
6542
5750
404
3641
9646
204
3510
1018
2871
4154
957
3615
9591
7584
1747
2377
6988
2644
706
4473
1060
3413
4131
6631
2186
5365
2746
5760
7789
5704
6235
916
6687
3962
5659
3652
8828
4196
6746
5955
7971
3621
4268
2776
7390
3424
5166
5690
5773
1851
8879
7112
8049
9523
917
4523
7169
393
4792
4464
6940
2498
6421
5936
4586
1568
4554
8721
7734
8054
1405
3400
8228
7405
815
8971
7139
1722
9136
4022
1330
4764
880
3988
9386
6884
3738
188
8366
2444
1677
3399
3895
4299
7070
9193
8164
8947
7965
2714
5027
1518
7118
1459
6428
5958
9167
1785
1536
5869
8596
9737
5432
946
842
9032
1860
4881
6828
8243
5187
2414
6186
5756
5283
7682
6008
2401
7091
6997
7535
2670
2104
1021
9340
4924
647
4801
7218
1899
1352
1464
7309
6639
1470
7842
5295
6201
9397
6221
7136
1135
412
1826
1697
533
9878
5125
549
629
3851
1946
1059
9527
5008
2121
6906
6601
6692
7654
4718
6572
3838
5698
1618
8016
4024
2867
1579
6528
1855
3797
3054
2281
4755
5000
5980
3049
655
6087
1380
5498
4842
76
2927
1726
8036
3263
5003
1305
1937
4767
3889
7892
4814
1141
6826
3266
9548
8338
3646
7021
5308
951
3204
401
3022
1268
6534
7225
1050
4723
1460
9170
1608
1553
8685
1449
689
3010
1333
3997
2674
9521
6430
831
494
8170
3617
3239
7128
4854
7003
7263
9899
7380
337
606
2456
1313
7595
5287
6111
5355
1089
5348
4686
3237
1221
890
1362
1656
3177
6481
8814
4289
3509
5018
6296
4068
2250
3015
9500
1704
6824
8614
925
9067
4322
707
8776
4232
6727
3036
4590
2891
3185
4873
1928
2359
1587
8841
6855
2352
6179
4279
7217
7780
8528
3149
9528
2976
8640
5076
1730
6014
2151
316
1368
7279
7180
6657
646
927
8493
1609
3220
4753
1349
6871
3137
7013
5560
8304
2422
4736
134
254
481
329
5189
9864
5660
2739
3495
3332
3960
472
6431
9038
8573
1705
2218
8909
9657
6375
6578
6028
4263
7928
5254
8703
4191
3760
1743
3739
7138
2165
8566
9617
4773
3488
5041
1739
5908
1183
2344
9372
553
8489
5140
1686
4602
7105
4371
2661
3961
913
2307
5234
1453
6624
6158
7131
7580
1877
1792
8120
9614
6585
1907
3189
6441
7893
2665
2142
2034
2253
8889
5775
9556
2464
5413
1551
2968
7203
6716
2773
8355
6253
6393
2632
7423
5113
8638
3723
6676
3284
9377
1885
4070
5766
5339
9092
833
1756
8436
2782
2076
1047
1578
5341
1076
6045
6273
8197
289
8840
1799
1419
9324
35
9931
2603
5667
5060
1990
6510
2254
5446
4847
7988
3306
7452
5851
2737
1310
8156
2131
6568
6712
804
9238
735
8695
6980
2204
8373
1263
2987
9714
695
2365
9071
1595
9794
8145
9362
4123
5683
6359
8907
4841
2790
9209
3045
2560
7849
9353
4545
6199
1545
8062
2798
5477
763
1909
4969
4876
9120
246
5497
7775
3295
7129
844
2330
8029
3929
3009
2933
2806
5636
2757
5054
753
5110
7738
4685
3619
5444
1163
8369
4245
9699
8581
8881
891
3770
4035
3494
5480
8641
7991
4754
8629
7072
6126
4648
9486
1065
2059
5996
9081
1373
967
6025
7294
4481
2682
8135
1344
2812
3042
7510
1616
4439
4765
7347
9217
7836
7758
3465
6104
1227
8935
7317
5360
7440
5455
6529
5753
6282
498
2599
7603
2680
12
8846
7281
5304
3425
7967
9727
6303
6302
3037
3730
86
9144
2082
6881
5609
5834
2038
4727
7311
5336
1114
5724
6400
8807
3340
244
3412
255
6995
351
7966
2314
3103
579
4301
6336
3672
1011
1880
3028
4611
6090
1187
4451
1634
1045
8527
4492
6571
4570
5109
9213
5831
1524
7556
4512
1589
6491
8480
988
5645
6197
45
5050
1906
5991
3255
43
8836
6733
7901
1986
6699
5499
8146
3710
4486
6341
385
7073
282
8697
8534
6758
2496
5219
233
940
3963
3901
423
1539
5950
2447
2472
5557
6615
3674
1660
5709
840
7484
7664
1301
4098
2454
5974
428
8073
1130
3544
3635
7318
4562
4944
9285
2901
2878
8980
5191
5014
4768
1401
1422
9750
514
5538
2471
7046
2710
8995
7
4737
9001
8315
4701
6732
212
7779
350
3553
3276
5671
8551
7820
5653
3382
201
866
6018
6602
1257
5405
2943
7493
1537
5856
1948
4809
745
5377
4352
1488
684
209
2457
9499
1808
9373
5107
8071
4516
9725
1085
6258
6749
7581
7207
3471
9037
4633
3796
9914
8625
8578
3722
1002
582
4883
2542
1844
3834
7343
9783
4380
8192
7000
8410
5484
5599
2258
5210
8165
8106
3803
8936
8463
791
9246
7994
7657
882
9177
9278
2889
6424
8758
3120
9720
1443
8080
1571
330
7629
3499
6038
4734
6734
1211
3106
5600
4563
4553
3055
1350
4707
194
3745
7248
2671
9138
3165
2160
6580
3624
9567
6290
6897
7676
4213
1925
8379
6803
4915
6261
4816
4743
8813
7668
5126
5384
5049
6653
2850
6935
5828
8279
5948
2753
1833
5654
7483
5161
515
5889
1140
9542
7165
4065
5858
7498
5165
7147
9817
3039
7242
1450
4877
9993
4314
7199
6936
4938
4728
3899
377
5081
9349
4302
3712
8732
9244
1125
8477
1223
2728
9574
2793
376
2368
9871
7754
4964
5084
2522
6033
2534
2617
2731
8821
42
3388
7335
3205
902
8456
3484
881
9598
1883
1477
8256
836
8797
3164
9707
3741
6704
3555
4335
4661
2088
8349
5529
8535
7917
6942
5237
57
7485
2469
9709
3444
3533
7505
4438
8653
6118
1126
9689
9449
3518
9391
3693
8028
1797
5345
272
4851
7524
1544
9112
5635
470
2105
9913
648
5688
9078
5319
1215
1770
4242
1593
9702
8223
8994
273
8248
232
1441
4255
2536
2836
7302
2148
4906
5435
3601
7194
6756
8030
4948
7379
6423
1654
386
5898
5006
7681
3631
9183
1199
5836
6673
3349
7960
1390
9118
5147
7376
4180
5462
6357
868
7142
3724
2982
4
929
4282
598
5325
3658
5537
400
7528
6998
1446
5791
8698
1871
3618
3714
1489
8407
4411
9546
503
9876
7688
4018
9495
3663
2071
635
260
70
4452
3369
1033
9762
2946
5231
3183
7074
446
8111
9401
4574
3320
8951
8983
6228
674
4199
4178
4428
7898
1040
9922
849
7980
6724
3241
5989
3798
1240
7061
3298
7741
2973
7715
3570
7577
8199
4442
4023
7602
4807
6406
8166
8386
6684
3040
2507
346
7059
8367
3194
6728
5454
8245
5691
170
1292
416
2989
2423
279
160
4391
3395
4274
3675
155
2569
7037
907
6069
8548
435
6972
6161
1840
3274
7253
7915
4780
5160
2585
2916
4501
1788
4069
7742
3312
6454
7575
7257
1238
4448
2808
8040
7905
2172
1360
55
8987
9447
3408
6645
7306
4917
1370
1786
8289
4750
2805
6347
343
3753
9594
1508
2230
7477
5223
3829
8526
5903
4037
6192
7589
1029
5643
6056
6129
8274
2483
3524
4169
1284
3764
383
6941
3551
741
4357
1824
6021
4774
3569
1055
5810
6370
7320
3689
4122
8316
8052
5680
4911
7728
6607
5314
4218
3951
734
5483
7515
3534
2515
5441
6887
6133
1511
1758
473
1862
5358
528
4651
6209
8719
716
7868
7371
5375
771
8529
2495
2732
9281
8931
7494
1272
2274
8837
9891
1198
2220
4629
4528
9326
3920
8521
3466
9920
8361
3357
4078
3669
5573
3862
8904
7454
2482
9269
5184
8466
9963
5711
3127
7471
2429
531
2526
3316
2192
2356
7801
7931
2662
241
2676
5588
7489
2312
8362
9958
7083
9241
7944
7433
5328
4559
9733
1973
2162
9384
7712
39
8842
8542
7331
4610
8580
8247
7299
8606
1532
1953
8124
4549
8302
4644
5563
4862
2788
9272
8854
3032
636
8356
7627
229
4414
9956
7010
9536
2555
7321
275
2730
7920
8035
8749
4946
1825
594
9113
2771
2625
1543
1505
5150
7530
4585
8558
2600
9984
6433
8488
5028
2570
5342
7815
6604
5470
7699
4109
9077
1100
1111
7902
8835
1452
4721
6191
3817
6957
5692
5524
2419
8778
8745
2015
4575
9901
7187
2780
7149
6323
7511
4489
3757
7987
9975
6549
5924
3628
2648
6976
517
1194
6668
522
521
4080
6080
5780
6276
5478
9182
6027
4067
7875
9296
2715
5414
3201
9879
5208
5209
6392
6238
1849
740
6658
1400
1878
1005
7236
9911
3423
7001
4278
963
5163
2518
3418
6583
230
4531
9294
5168
5568
6512
9195
6068
3337
3269
3074
8034
8176
99
721
4781
3065
4229
2327
3808
6543
5117
3512
6267
5333
1448
3552
4916
4669
9547
9052
8784
8992
9150
5410
8413
312
6135
8702
1772
7961
9518
2996
7366
122
1867
7637
1119
2633
6939
7574
7925
8670
1945
3634
8716
3419
2337
3972
5830
6837
8317
9846
1968
2621
1493
9415
5734
6041
733
453
1366
2712
7689
993
8147
1983
7955
2257
7943
5637
5366
9582
3181
7827
3682
8928
3894
8525
7146
3928
667
3841
8700
2919
6664
4188
4838
2374
8405
6634
2095
5700
9137
8655
6873
5650
541
4374
7562
8364
339
958
1024
5387
6798
1709
5644
895
562
782
4615
3310
8417
156
6516
2332
8031
2807
467
8811
6750
4490
308
5131
6912
2299
8709
8458
266
211
4624
6842
119
8079
9779
4009
6444
9197
1328
9630
8083
1703
9680
6067
1612
4348
8555
3502
6413
9185
3734
2014
2748
6638
3557
1066
5182
8657
5385
8148
8284
7012
2158
4975
4461
4902
9079
2246
995
7844
9024
9328
6306
2926
6381
2842
1004
1353
161
2689
4593
483
5895
9744
5406
5970
7509
4829
5712
179
1475
4784
9448
3131
6526
4579
5061
2317
6920
2311
448
7155
6487
2159
5716
2083
298
1914
5881
7702
6284
601
1041
4063
1836
5969
2397
2244
7717
6335
8431
5137
9732
3926
4742
7212
5826
5447
1811
6449
9260
1153
504
3777
2963
9153
5672
4055
5418
8563
3935
1664
9722
4146
3548
7576
6196
9275
269
1775
4835
4437
9166
6486
1781
9816
9829
5658
2379
5976
4389
9555
1214
5685
6019
4690
7568
4641
1886
5032
8398
4797
5706
7173
1269
7633
7137
8423
1789
506
4187
4133
6996
8365
4312
8957
3070
8443
6245
3277
2854
8633
2904
5020
673
5459
3905
4227
3750
9866
6550
954
4702
5565
8569
9019
6984
4385
4505
7228
4447
5400
5735
9916
4207
9741
9701
682
2320
4378
9885
6410
5761
62
1896
4762
171
2580
5040
7711
9834
7625
9832
8656
7745
9772
1714
9114
136
7520
2598
1577
44
2468
6279
2086
2092
9578
1912
4156
9378
4025
7271
6229
1974
1228
2302
7811
6707
637
1555
7995
3643
949
6497
2880
6597
7586
9987
1054
1943
7289
904
9606
1127
6546
8589
8626
4416
5316
3983
2146
3605
6287
2936
9082
5720
867
8236
2353
1208
9600
7547
1671
6703
5172
1190
6131
9132
1723
6110
2897
8358
2623
5042
2512
2231
8503
5843
7004
1820
7644
2054
2517
2101
6237
6360
3303
9208
8939
9064
5416
4487
9267
30
5437
9935
1987
3247
1981
2375
4373
8982
4291
664
5649
6606
2282
6278
5575
2232
1503
8565
7186
9854
2666
6318
66
9674
2846
3081
8919
3994
4667
9672
6979
739
7726
7252
905
2170
7639
5625
8595
3791
4313
9961
960
3261
2638
9608
3077
8478
8171
3993
3033
4013
2251
7698
4431
5979
4412
8975
5549
3506
3945
7963
1678
2584
7659
6369
8524
5361
9734
6931
4520
3762
7048
6592
1338
5809
1225
3264
5559
7434
4744
262
9392
1392
7275
3859
7887
8006
9849
1465
7617
9688
7113
9230
6649
8929
7445
7526
5359
7193
7680
5531
8420
2313
4932
2514
5145
8018
3874
915
2287
6547
5288
5669
540
8906
853
2265
6762
490
4183
9796
5344
7178
4896
1600
8212
141
2775
3620
1733
8225
3082
9818
8472
9792
1497
982
4869
565
7503
310
2733
7226
6778
3707
5275
9302
4086
3810
2948
858
5847
4108
5911
7889
7673
9746
1167
5964
67
5063
1653
2488
8217
4079
7513
6879
9586
8759
5627
89
1540
4402
331
8961
6379
3187
5776
6046
3681
4719
7256
8105
9360
80
2769
449
1691
3407
9799
3217
6555
962
234
8782
5513
3758
7773
6801
1513
3685
33
6182
9004
5369
9165
3500
2685
1582
4643
8501
7372
7269
6310
4564
7818
1904
7972
3501
6519
228
4293
7324
4150
2470
1596
2378
4864
2683
9249
8226
2763
9169
8116
1289
2180
505
9289
6841
6065
3746
6356
3117
4159
1143
2084
4287
6978
4125
4600
9637
92
2188
1512
9650
8621
6797
4905
6040
1881
1852
1007
548
9188
6070
5128
1935
6407
6558
3636
9413
1377
800
8941
3133
5817
5783
2081
5940
4984
5178
1061
4732
9076
8602
5580
5250
6836
8611
6304
497
1754
489
6332
8497
5149
1120
2964
5260
7301
2866
250
3098
6690
8944
8363
2699
9322
6682
68
6225
5606
1456
6114
1384
6440
4219
5330
4621
8015
3249
9330
659
1351
2506
8249
6863
5482
9351
6061
6525
9290
7463
933
6974
1939
9544
6071
9905
6079
8495
9471
1132
2243
1882
8012
8104
9356
5201
2809
1300
9928
6259
4265
9157
8737
774
9354
5056
4239
7168
592
1848
6001
7817
1429
9660
6544
5934
2824
9687
8764
8536
6535
5715
5233
292
4867
8509
9029
4157
6917
3609
7719
1152
4014
2021
488
1961
8038
9593
8751
344
5257
1611
3788
7167
7205
2520
3459
1810
3594
602
3858
1364
2475
723
4001
158
60
3433
8956
2047
539
6838
4340
1530
5968
6994
1031
3721
8722
1842
2372
8277
9315
7071
3130
4929
3664
6907
2713
19
3398
6309
2765
7949
7448
2723
6281
9257
3684
2300
2343
826
4884
468
1172
0
3602
7437
121
4943
8918
9402
9971
5320
8844
9813
4935
3002
261
9559
214
4583
6927
9128
5296
6264
884
3942
168
627
1355
9959
5264
5239
9429
9800
4235
1371
3543
4405
3736
9265
643
9023
8878
9857
2318
4112
726
3943
2
2273
7977
4330
4153
1550
6745
8216
947
2306
133
175
3478
5179
4477
6445
314
9045
2865
3282
7608
6608
1992
7716
9476
424
7764
1665
6138
3064
4522
2549
1893
4254
5596
4111
4172
153
4980
1554
5824
6243
2656
5088
7658
7365
7464
4870
6689
1106
4478
7232
3292
2237
9867
9643
8460
676
2206
6195
9090
8255
8572
1921
8003
7151
7823
9441
2650
4832
2681
9313
4518
7570
3482
7891
7214
737
8415
8441
6420
6670
683
6595
7192
6548
484
2642
7132
7069
6819
7033
9456
9411
5134
8818
7026
135
4772
2256
93
4366
5407
2301
6460
3831
9824
8154
9736
6616
5276
8117
4646
5173
5075
4787
5887
9812
7694
9718
9104
7616
803
8411
3044
138
9292
9902
2631
7604
3540
1506
742
7456
7529
3610
6109
7985
9198
7469
5928
4798
9761
8877
6777
1858
7267
3420
459
5070
8230
6485
2974
6515
9540
2779
4587
9662
3875
2362
2264
7929
4331
9793
9897
6152
2766
3884
7099
5307
2489
6153
5938
8650
8457
6622
4945
7541
1562
7956
2339
6779
5269
7596
8076
3075
8382
4887
8725
9632
7536
1209
7730
7566
8692
6120
1936
1207
4031
8618
5923
3215
429
9073
7410
268
2883
7130
8817
477
1174
7340
3431
5772
5002
3135
5491
3212
7696
8485
3778
1476
7310
7284
5417
6929
3783
1277
9498
2361
7857
7104
6066
6108
49
6618
3289
8990
9615
3804
4766
7687
5122
9388
8089
9347
6337
7418
1124
692
1675
2289
2406
6078
4796
5301
3234
7667
9655
8832
2404
2721
4097
8063
1720
6878
1283
7444
9490
9022
8706
9629
149
6833
8948
2783
1938
2467
1908
8065
9459
1430
9748
6925
7833
3827
1480
6082
1997
7175
7417
6434
7553
8592
8000
6683
8286
6641
2117
9634
7774
5066
3223
177
3587
7209
7500
8428
2400
5282
7903
7085
4619
5190
9696
4988
9507
7339
3958
1034
2466
4435
6654
1977
2744
4432
2659
1003
5574
2042
162
8912
2255
1698
9069
3426
5051
1613
2552
1399
6063
2504
5553
1604
8559
5584
7115
4077
4739
4404
8686
7044
117
5349
5332
9002
8612
4556
5064
8444
5614
3125
3477
6272
5091
4262
8208
8102
4205
6752
3590
2479
2335
5458
8347
5083
6308
1049
7461
8512
8966
7179
1729
9028
8682
3860
4494
5648
1466
9503
9329
6328
2668
7564
7620
6700
8454
9216
4614
1740
7481
1042
975
5388
7154
814
6839
456
4316
3111
9080
9621
8448
2305
8119
183
274
7213
1873
8346
9316
8852
4740
3853
7679
2764
7259
1830
7050
2440
1341
4566
5057
772
8798
7886
7051
5243
4997
8368
110
9494
8910
3751
6006
9903
748
7599
6938
9121
5545
2136
8474
1614
3401
6189
9
7932
2040
5392
3456
7466
828
4237
9145
7600
3893
3608
7870
3179
8207
714
430
9515
7478
6154
3561
2431
6740
3931
2939
6342
8539
3109
6792
2346
7080
3768
1229
2490
6605
9131
8895
2462
7546
8615
5684
5682
4381
9575
8131
3847
317
2417
616
642
3667
6451
1967
6802
7296
5655
6560
1179
5621
9710
9210
9585
2758
2293
6959
7260
1027
4211
7558
9358
8155
9530
7885
8259
9502
4990
5971
8221
7866
5857
6815
1090
3294
311
4142
8901
5972
8804
5899
4138
6411
1651
3199
8546
9907
4709
1467
501
5246
4102
596
966
1082
3330
2022
4319
6522
7120
2944
8115
1894
4589
5203
2971
5037
6232
2544
4406
5267
5535
6852
1633
6214
5495
4230
464
379
9083
3470
9439
5677
4580
1177
1260
2959
1950
2511
1737
1932
3327
8123
1667
6697
959
3483
5434
6864
8307
9180
6488
4525
6630
3113
9162
2163
1891
5097
3218
4257
678
9091
2838
1122
7487
1335
6295
5012
7385
1099
3855
8427
6103
7095
6822
5376
9282
4534
1235
9754
6148
9273
6260
1200
7384
3839
3089
2983
280
1286
8074
2017
8613
9682
7345
2587
9361
8433
1711
363
7215
48
2736
1759
5453
6377
2052
8033
6786
8801
9053
5769
2965
713
8728
415
2708
4270
294
8270
9446
790
8430
4084
2288
8664
4543
4193
6533
9618
6944
4203
3085
471
293
7908
9661
8913
7023
2551
1813
1097
5528
1415
5663
2564
4446
3577
8882
8475
3315
3406
8282
5258
4060
8739
4806
6190
708
8144
9168
1166
1897
3695
9855
6000
9811
4076
6581
3959
1556
5169
3516
426
2087
3645
8940
4843
8771
4115
3790
3132
8780
5634
6141
3897
1689
9769
965
4107
9531
4898
2981
2967
3648
1757
6872
1760
9043
5228
6472
3677
4551
906
7578
5098
3446
3196
208
2825
7336
6447
7196
3644
3006
2698
1931
2005
309
303
7975
1839
6456
1913
2547
5035
5465
4147
5556
7606
914
6816
8923
6150
1569
8541
8140
8865
6570
3690
8973
8091
9752
3949
9711
6343
3938
6097
3665
130
3097
3779
3876
1719
6567
876
8465
51
4833
8861
4565
624
7559
6275
7735
2048
3585
5357
4130
612
2532
4132
8969
8130
147
9320
4105
5393
7408
8384
2252
296
8240
5548
4698
4815
6813
8564
613
8967
9835
2436
3091
7705
4642
1346
8290
8938
5337
6651
2064
4224
8989
8588
2700
8637
2799
2439
5888
4163
2958
193
5253
8857
3671
1621
7525
9047
783
1619
6557
7053
2147
630
388
704
7797
8999
1178
8421
2174
2986
5738
433
6893
7880
1557
9890
9770
9454
3436
7819
3835
2245
1718
8195
3774
2421
8007
2863
5815
7877
3802
8345
3927
5420
4151
9020
756
4803
2528
2908
7447
8220
1246
5138
5323
817
151
8867
6584
4044
2978
3154
7760
7181
7264
3571
5808
5508
2269
2567
8777
653
8502
4362
725
7926
5500
4958
2586
7744
6504
4027
2338
7160
5759
5398
3415
8819
148
9893
1471
8468
8970
6116
4910
5866
5298
3457
3319
3490
1356
2524
4088
336
8271
4488
7451
3786
8086
2636
2210
5595
332
7793
189
9147
5739
6588
5527
1901
9027
8997
2263
5837
8520
899
1210
9804
3903
7391
9435
9775
9060
1910
3789
932
9095
2065
2918
6540
1052
474
7086
118
7029
4363
2480
2849
6249
8659
5383
6666
8746
4034
6471
8139
5805
5300
6926
7792
994
5714
9160
9057
2794
5175
8560
9988
1676
2009
8298
8609
1451
3912
888
8215
4942
2333
9539
7374
6513
4609
7439
2182
1738
3969
2903
4144
140
7358
6301
6286
5158
2572
4482
7198
852
6769
2096
519
9480
277
7011
8810
9473
9972
6726
6492
2928
5675
2777
5095
754
4469
7772
9364
9541
6176
2921
3248
3162
4041
1249
3069
1025
1640
3030
3917
2120
4927
7848
7378
6143
2718
7946
8418
1273
5475
4907
1672
8263
3134
2328
8001
7549
3824
8057
6911
550
5248
4417
9853
9155
4433
6298
4555
4194
5146
5730
3023
2523
5957
7852
2966
8805
9036
7426
1479
1288
3086
9553
2336
354
1266
6409
5782
9482
9790
2097
4855
9566
8812
9768
9739
4162
1742
9065
3639
6966
3892
5016
1181
9009
8943
5623
120
8945
621
4659
8300
4849
8949
9395
6579
5632
8432
2144
247
8333
9852
3872
6714
3686
6248
3697
6212
924
6312
4576
9300
7831
1590
5999
6469
9738
8974
7824
1514
1417
405
7767
18
4558
7303
9875
6612
5598
9742
8755
5723
2562
8017
3142
666
1649
6478
8830
2830
8934
5397
9983
7830
9231
543
7623
3900
9561
84
219
328
1828
2078
5520
7401
4056
2007
2612
7103
5932
9848
1694
5754
6427
9756
8077
9311
6663
7141
2637
8826
9365
5710
333
2649
3604
6636
8717
5415
4848
9245
3536
4426
3325
3580
3233
6058
2247
4758
7572
3992
7976
7018
575
5695
1960
4036
4443
8516
6910
2233
5242
2039
5619
2628
4339
210
3991
9639
5952
7222
6680
6629
1657
4317
4124
5052
5222
2869
5230
8008
7544
8462
9743
2171
9773
1854
9946
5526
2657
5309
7749
2003
6590
8100
5302
3245
8305
458
469
4925
7017
5997
7914
1186
4636
7919
1038
4436
1782
1431
56
9018
6233
7031
8765
3143
1079
7953
5859
669
4485
3673
5646
2215
4954
9111
8802
9129
4594
8946
9133
2664
3755
5841
7706
3782
2107
4051
4622
181
4971
1302
7921
738
3225
6405
3809
5046
9042
2027
611
7951
5436
7571
7543
21
2591
6083
3178
4139
4666
9851
7531
5721
9823
367
2767
8234
4529
3718
9516
4000
4989
3479
9261
3084
5103
5543
4704
5078
3118
2692
5466
4043
4618
1963
810
2910
7518
1538
3508
7255
4508
4783
3396
3627
2756
2722
4082
3242
466
7814
6266
8848
6149
3511
2770
1710
8731
9475
5268
8855
3230
2053
8774
573
8201
566
4601
4106
5697
6305
2796
574
5119
4790
125
764
6710
5927
7249
7319
7709
3384
6060
4499
9460
1576
6294
318
2568
2920
5933
2268
8204
3188
288
455
6128
1316
732
5472
8896
3985
874
9573
5059
3742
2614
4930
3090
9383
5523
4616
5762
3222
6136
8473
546
3339
3629
58
9950
604
2690
7457
1815
5962
167
3435
3575
3735
2481
7184
1765
9472
2239
9436
4665
6805
3937
4533
2822
7753
5779
38
4863
8491
7145
2405
3936
2285
7624
3823
694
2684
9204
4387
5274
9605
7752
9510
3317
1495
3568
5461
6076
6236
9820
2945
6614
4305
1098
6521
359
6091
8397
7759
4850
1056
8538
1841
4977
5519
3491
7579
5419
6623
5171
1812
6218
1278
3547
1603
7195
9088
2388
2898
9898
9923
5741
2291
1702
9214
7652
7156
2611
7778
1944
9841
5322
4957
9070
5156
8237
7357
2134
6170
5193
7799
9782
8531
4345
4033
6561
5552
7161
6307
1154
6794
6172
2955
3492
1222
2497
6739
6178
8827
8318
5640
9524
6956
7197
5408
8753
4456
7038
2486
3504
2823
614
5582
9054
4637
4283
6874
4697
8314
2041
2624
8599
8483
2277
6239
9408
5610
8088
6757
9318
7521
2595
4384
2382
7266
7305
5299
8273
8141
6137
1615
2227
5713
6036
8203
3703
9513
2326
5647
722
1979
129
6015
8616
5335
6074
788
7034
4591
2348
4573
4251
4397
9912
5504
8093
9192
8932
4974
5431
9097
6072
9933
6230
1304
3119
8107
2997
8476
910
3365
9240
551
4422
4511
9255
909
61
4550
5994
2852
8357
1929
9235
9845
8160
6159
5699
4032
4538
4325
3258
7906
1558
3226
4599
3061
2046
7796
4658
480
124
2070
3828
8202
3576
6970
1706
2298
3748
8922
7727
6145
5181
7631
2132
3275
2178
7172
7847
1091
8962
8815
5402
3616
5787
9616
3328
8269
9376
2947
7109
7771
5207
3115
8862
1388
9417
4760
1078
7935
2442
8571
13
872
2474
8112
4396
8860
4630
1767
319
5941
3818
7805
6537
8518
5954
47
9595
6620
4638
3713
2924
2802
5525
3947
7100
6355
7904
8180
8482
2006
3380
2238
2390
8791
934
6426
2695
3139
6593
9174
7834
3020
3076
2853
8096
4680
6224
7035
7862
1020
437
4885
4793
7261
5340
6659
6107
2578
7882
6632
4225
3948
4390
4500
1750
302
9751
8295
2502
7107
4828
9537
9603
5930
585
5860
378
9887
8905
5740
5025
5347
4775
846
5183
6594
7989
9784
4284
3775
2558
937
2445
6173
6204
4252
8322
102
9106
1780
5120
3468
5728
8429
5443
5629
2125
1407
2130
9339
6121
7056
2535
2935
3152
9243
7641
6005
8786
5547
6767
4623
1081
6210
4544
6203
6226
8464
3513
4303
5727
7504
6113
3978
1457
3437
9895
2411
7421
4019
570
7756
4003
8583
6016
59
349
8239
8915
4484
8540
1156
32
2755
5386
2036
7964
7312
8627
6030
801
9374
6095
2164
7265
3525
1831
5312
326
389
6981
7766
4260
6
3650
770
17
2089
2271
2663
5586
1631
807
8942
3821
7202
6717
8134
1169
8604
3416
5085
4264
9706
9740
2833
1745
5852
2563
1299
6964
2324
5901
3443
8494
7684
8720
1428
3265
8873
3867
1243
4310
785
8390
2090
6730
1890
7978
8991
6034
6538
1500
9576
8097
1701
6425
5514
8643
4155
1966
5412
3192
1357
2275
2407
9778
1989
4991
5317
1642
6101
452
8311
7314
1012
8370
6807
8757
399
3529
37
1597
4444
6387
7678
5452
7143
8059
638
3793
2259
1930
7508
4745
1874
4341
9562
2934
6500
5142
8084
8348
6562
530
1969
8744
2738
9421
7588
5512
7291
1548
2772
2322
4241
5813
5326
7369
2032
6814
7420
2616
9455
2929
855
8916
4729
3497
3092
3345
6474
3971
2409
4947
7626
2441
5281
567
460
761
7924
9729
6954
1237
9463
1473
9991
1954
7475
5842
6932
2513
4836
8869
1242
6346
1318
457
3879
4539
7406
2899
1022
5515
4503
6244
7821
3078
3591
6241
3654
2304
3981
1919
2214
9990
9735
7327
9430
9579
6207
632
7645
2602
217
6860
1387
9549
1395
9703
4903
2949
9418
9072
2154
5882
3167
8264
9264
4463
6329
3485
207
5471
6993
438
1504
9532
3305
7066
3038
5164
4703
8834
4113
6219
1385
8829
5132
6856
6372
8266
4899
6788
4012
4045
5440
6404
8258
7700
4852
3302
5394
4705
2505
2292
3172
7008
2870
1147
3329
758
3296
9805
2778
1444
7670
9059
2530
2100
2283
7762
2734
15
7841
9888
8510
1293
4687
1331
5880
31
8799
9951
978
8129
6119
2892
7724
3537
9419
9189
1650
7638
6834
5788
4708
7591
6457
108
7911
6523
1509
5029
537
5197
1638
4582
2672
3977
6509
2492
165
792
9259
760
6771
2859
2995
4830
9695
765
5106
9669
6565
8288
324
9012
8490
7653
6180
2045
5367
8056
6900
7695
7986
7923
5082
5468
6029
8014
4459
8899
307
3267
3687
1661
366
1659
5428
2119
5638
3744
9904
9978
5152
9981
3814
7243
702
2781
2589
369
661
7094
8009
5949
8747
1805
9909
8335
2719
8308
5608
2433
5115
1410
6395
3662
5854
9789
1216
6575
3011
6467
1560
7191
8543
2768
6888
5875
1403
283
2994
6551
8601
3974
6507
5829
3016
3514
1107
4577
2804
526
5864
382
7816
5518
6647
6862
3919
2735
4450
5256
869
1142
7163
5488
8738
5926
3952
9084
8324
686
2416
278
1265
832
6825
9947
3967
5238
5101
1205
3121
5561
3210
8011
9861
5764
7630
5516
7174
8019
104
9491
2062
8069
2453
1397
9227
3659
4306
4625
1389
8393
5290
9974
3873
2743
663
9462
4993
1594
651
9558
3661
5141
9640
1425
3950
560
1572
6587
5226
2296
9883
9937
5751
2761
3632
9656
7974
5485
9666
6899
8914
1541
7703
3379
8343
1307
4304
8794
587
7216
8897
6340
8547
2839
3374
3771
83
3767
6132
7446
7692
703
7800
8843
4513
335
700
4933
859
6055
3647
5757
4613
4839
2893
1663
634
6429
3290
8908
8281
502
1204
3469
7729
8593
4891
9803
46
6139
4244
7393
3649
9149
8142
3088
6489
1520
7708
4315
8926
1487
3704
9874
5907
593
9620
143
1716
5534
9428
2828
3452
417
1975
9651
1695
4057
3442
5232
64
8623
2646
8179
1942
8099
1175
3228
1949
5073
8803
142
7231
3584
4276
4364
6804
9716
5136
6736
9609
5311
7569
822
5578
7552
3871
7101
600
4152
4965
2221
6923
69
2080
3066
4040
6566
8646
5544
1905
8055
4951
7582
6032
4992
82
4101
360
1063
3272
3244
8438
9156
8414
5240
811
191
3304
4752
6124
5327
5153
8507
6656
8984
7934
3083
5758
9130
8809
3493
3531
4285
2581
1372
3208
4882
6721
3136
4400
8598
4526
3256
8378
711
4711
971
1800
8442
977
5892
3638
5920
3579
7239
5590
2941
6316
1116
6358
5873
7204
1796
8673
8078
2067
5870
2821
5481
3257
9055
680
8632
5030
463
3842
341
4818
414
1521
4696
2371
9644
3440
743
7731
6022
9780
9398
4247
6115
6671
7233
1418
3397
5001
8660
7954
2075
2207
4652
7159
6246
3976
2345
1327
2002
8769
2727
2000
9352
7025
7162
1749
419
1469
5404
992
5533
623
2155
3259
6851
8636
9622
6183
3800
2357
7247
9619
5445
1861
8323
8396
173
9085
8067
7858
5211
3373
1409
248
4875
5154
8445
7803
137
3725
7519
8530
7959
270
5915
5850
6452
945
286
7982
4681
4893
5442
5774
4189
9303
8937
3655
8449
8297
3586
5305
1690
1348
1094
4121
9889
9158
1859
7123
534
1359
720
7635
572
6476
3322
1870
9271
8863
5935
5277
95
1481
2879
2153
4509
6934
1920
7176
3334
5990
7690
2010
1149
4603
6384
6390
7027
4006
9163
6177
6890
9534
6348
8968
2834
2001
2875
1145
107
7382
1778
6830
3359
7449
9010
6755
6171
7077
5261
6637
6468
8683
9924
6274
1837
2202
2438
3007
1635
677
1492
3163
628
9256
1994
1755
4856
4983
7308
920
518
4026
8354
660
8663
7490
3559
9970
6009
820
5919
7733
4028
1253
5622
9580
2069
4337
7273
8925
6155
9522
6280
8479
2399
6985
9627
7150
3535
8200
2814
6679
7514
2503
2697
4812
3180
2827
1342
3404
8831
3784
942
6741
9148
4354
2323
3079
4578
1023
2272
5918
5155
1735
7585
9276
1639
3140
4190
9514
8352
9115
525
9146
8085
3173
7082
8687
7441
7788
889
2358
3348
1566
8060
8118
8645
9301
8395
1298
1080
8027
4810
944
9955
3598
4515
6142
8568
7499
7642
2137
8823
7704
6215
2819
656
7527
9675
2610
284
6436
5511
1864
9596
5910
9000
1673
4542
5450
1213
9087
6050
6644
3051
2803
6770
4182
1746
5068
8242
9030
1254
1918
402
9233
9692
6652
4186
6466
4064
8689
206
78
8291
4567
1736
5289
5426
8856
3124
7157
9263
3301
6945
9997
9980
7851
7367
7350
8143
8233
1588
3338
2980
9926
1426
5961
2740
1838
3761
364
7825
4350
475
2349
2452
2895
4117
2813
9025
7783
3692
9234
3520
5733
7979
1197
1783
1369
3073
1787
342
3599
2639
6416
3050
6024
2820
7787
358
7755
9468
6371
1113
4434
3018
8594
8299
200
6685
1064
5956
8126
3224
640
9821
98
9668
7268
5271
8241
224
9477
816
7337
7691
5026
7651
496
1923
3057
9100
6157
2556
3877
3281
4231
8351
8505
113
2741
766
3460
3837
4982
926
7916
2890
5368
4794
6408
3463
8770
9533
238
9031
7148
6784
5689
7450
2749
3588
24
4243
8492
2329
5174
6850
5291
5879
8213
5731
2425
3000
5626
1625
8741
9219
513
5942
5411
5220
1231
5657
5796
4713
1279
3229
7933
4126
9788
7399
5135
6781
8132
5438
8742
941
9822
4342
5546
4359
8484
8178
4094
751
5995
5186
4020
3607
2443
8306
7090
6187
7672
9479
6200
4827
3
4759
4427
7697
4693
9641
5642
8607
6484
3886
2499
8508
5602
7438
2370
6946
6977
7804
9186
4148
3532
1095
2380
8562
25
7686
6123
5077
6909
5532
2068
9870
3968
4358
7590
1000
6263
4606
6443
1872
1420
3383
479
818
9414
3351
8727
6573
8712
4368
5464
8153
8087
8486
5876
4195
5494
4874
6901
6450
5124
4328
9512
7430
5909
8424
7786
8950
1941
7230
8597
9869
5058
8574
1585
4324
4038
3990
8550
7040
4527
4377
837
3678
5676
3611
6211
3642
7685
9334
2905
1816
5931
3333
5456
6003
2138
2276
2166
3881
1290
7200
9370
3430
529
9665
8976
1995
3024
2079
4216
809
1137
1325
3354
6398
5218
6662
1092
6924
644
9485
6437
5217
9458
5038
6144
545
6986
2191
1895
3956
9525
7020
4134
1408
9677
482
6418
9945
2862
1248
9506
7677
5900
2415
3450
2213
6831
520
4822
8329
8020
4059
3567
6352
263
5213
4164
3287
9989
4715
7341
7583
8426
3025
2373
7671
2686
4656
2651
1630
8108
6112
7250
813
8748
6808
4349
9312
2545
5811
590
4267
4220
2019
4460
4135
7930
9873
3343
6821
4684
5249
5159
5212
8408
9635
6412
8864
3080
6194
1807
6761
3314
4053
2152
4654
2156
4409
6439
584
1832
8066
4795
9161
8985
8871
4699
3476
6089
4458
9345
8959
4021
8296
432
9511
6845
6861
9932
6706
4129
5104
1763
3843
9305
5571
3047
6511
387
6960
6419
4970
9044
5745
4537
8150
6075
1515
6208
2888
8496
1251
1662
5897
8185
2911
8733
5784
7573
9509
8128
8736
9420
1713
6621
9341
4240
2932
8188
6004
4998
8723
5202
4062
6738
7634
1498
9764
9583
7097
3729
603
4016
1203
2211
4176
8021
6576
4557
6759
2145
6385
495
4949
8251
75
1219
8870
9581
5959
2102
8880
3878
4741
6626
1131
3756
2325
6475
6052
1394
2109
7560
3832
2446
7292
4004
6742
1173
8696
9948
939
9691
709
7005
4160
4596
7442
1817
3376
8095
4401
6314
4158
9212
3232
6853
7002
2242
500
8206
7185
9452
1486
6285
5522
1247
3293
4087
9451
5914
4895
6524
3095
731
2286
1900
9520
8672
9840
5022
7346
3496
1044
7396
6891
9369
3297
5679
511
7332
4092
7177
6633
3986
1559
6062
547
7649
4424
4953
5867
2925
710
6389
4441
4952
4645
7039
2435
6435
9564
7997
2113
2519
1823
2566
3377
287
7782
7622
4926
3984
1030
7907
186
5225
4049
6117
1206
7134
877
1917
403
3153
9850
4844
3573
943
6677
3336
8921
7769
9880
6650
7251
5785
5604
9697
6188
3392
6223
7736
4820
4748
111
7375
4846
6364
6035
1323
6943
2072
8838
5118
9434
1777
6532
4504
802
380
6250
3794
9049
8209
9802
8570
9098
4300
3522
9442
1876
9086
2476
7427
5681
9013
2678
9368
6350
4493
9006
6354
4201
9262
9335
3558
2491
7238
6461
8375
4799
6300
609
6240
7540
7598
9747
166
1026
5067
7081
3973
2111
3067
9005
936
7517
2455
4607
6122
4233
8603
6086
5737
7856
5966
7812
1674
9470
7502
9940
3219
1687
9501
7055
6545
1016
9815
7353
2408
4720
6799
6817
6858
1516
4465
6043
7740
2912
4786
3868
216
7859
775
8330
681
6169
9658
4900
4632
8902
6820
6818
2350
9731
9723
9321
9671
8684
5303
2478
1834
3035
3773
1165
2913
23
5631
1956
2931
8553
8845
3706
4866
3356
3709
1058
373
8545
5947
6493
9882
5476
2792
4769
2626
1108
4474
3001
5855
1602
1435
1655
2195
5278
9517
4639
1802
8652
9224
1652
7984
6216
2716
8198
6882
8628
1721
4248
3769
5143
6349
1485
2557
3708
930
8238
8796
1915
879
9467
7453
8858
3048
4834
4912
8374
7028
3908
2516
9331
7826
97
7333
6459
8267
5293
3845
2463
9251
4421
8246
7356
6268
5479
7098
2494
1784
4981
9631
2209
7381
2848
3550
9921
7865
4118
8064
757
6146
6982
3405
5015
6361
1378
2539
9310
1958
1641
4826
9143
2691
3954
6094
9350
81
7062
9117
5130
2553
2351
9016
5678
2122
1086
2652
9357
8544
9299
5536
8350
952
2655
4393
7307
5489
9679
5363
4517
408
7983
85
4351
6501
9344
1363
1037
2066
9228
9489
5673
2321
998
4273
4286
4249
991
6325
8713
9496
3126
2026
789
2413
9910
9633
34
7867
9826
4541
8699
1803
5123
9797
7277
1976
3941
9253
6681
8775
5053
6432
1835
7802
6455
8608
9587
7871
5116
5953
2290
8
8275
9808
271
1073
3200
4626
3898
9642
5768
7662
4928
4978
1233
3581
3700
3582
1134
144
2705
3227
9563
3596
9612
3355
6293
2525
7182
418
5816
9894
4909
8022
7900
9226
5747
2991
9713
6844
6338
7537
8163
9346
5039
5752
7395
8136
1101
7188
3449
9175
955
2029
1827
516
1455
7714
1068
2393
323
8651
1412
8447
4552
3989
5353
6023
239
3128
3902
2179
6059
9342
6265
6051
5975
1423
8610
325
8806
6483
357
493
9469
8169
251
6694
1734
7839
7909
7750
7957
7084
3811
2240
5313
9628
3481
7058
8726
9708
589
736
1610
5917
9753
6044
6227
1700
1148
3335
1074
6886
8783
3341
2260
5133
7092
221
990
1829
8039
1104
718
6951
1798
4399
4657
1382
2020
5567
421
6399
3486
9187
213
146
8446
3260
4584
2508
7290
9843
4360
4320
2077
3763
2588
7355
6870
5662
4275
8892
7047
7693
5767
7041
7512
50
2620
2930
2847
7322
1282
9274
8605
126
6026
2554
4620
3195
6084
3209
4502
9613
8693
8504
7276
3213
7890
2887
1297
727
1988
6505
2840
1218
4383
8790
7383
2308
1067
7837
7913
976
5292
2618
94
6948
7414
9886
578
6396
4785
6655
5255
7970
568
851
3913
8635
6596
2212
591
1790
356
6205
1361
3507
7304
7315
1402
4200
1605
1381
3480
6503
1850
4346
6262
8714
4757
7832
5346
2774
169
8761
3019
5985
1627
4100
4985
3166
2906
7532
3934
6271
6921
3157
5354
4413
7941
2694
7723
3955
9577
4647
4879
2815
6627
793
3866
3727
7170
5569
256
3887
5451
3694
3368
5294
5863
306
3653
9982
8735
5624
4005
1478
6234
8387
3013
3980
6289
6163
5719
7751
375
1955
2843
8133
7607
391
9505
1898
4181
5509
1115
6832
4865
4407
3360
2810
8321
781
1432
1688
2460
6174
3864
2565
2222
5939
1436
9653
8481
9424
552
7798
6517
9865
9519
5765
3367
2149
4673
4066
8326
7298
305
7969
1201
8303
7424
7402
8708
8500
1160
442
462
3170
3517
8711
1180
8533
1535
1819
3145
440
1869
5227
870
9336
1159
5429
372
4495
841
8061
972
583
3429
9755
2074
3939
5273
9127
396
848
705
9493
3105
8800
5665
4453
8325
1519
5541
2150
8437
3031
411
4995
997
8312
878
9862
6806
8010
8301
398
5036
7922
7403
985
5460
3625
444
3732
9529
1875
8159
5004
2917
3243
5048
9363
9758
3211
9611
8587
7316
4778
9807
7555
9359
6270
805
9017
2707
7878
7640
2458
7828
6958
6691
5017
3116
3206
697
8793
2629
371
3754
5550
8734
3100
4058
8280
3852
9957
1217
619
2177
9842
2724
5893
2533
6334
1185
8402
5693
1306
6453
2975
7283
2915
454
8319
776
1527
2634
9942
4931
3717
4823
650
6867
6093
938
7022
3390
7110
9393
2116
8649
1
7910
1295
6674
2998
6791
1575
2962
7648
1982
2193
5047
390
4655
3801
3614
3807
7939
5613
4872
3787
2701
4672
223
6869
6042
3924
1972
2984
5331
3159
2395
9877
3953
427
1367
6719
8691
5696
8224
8930
8903
6345
77
5922
6782
7675
9995
1762
9560
1032
7465
8972
1951
4967
9375
345
9325
236
4479
980
5572
6903
7846
4972
7962
6866
7293
9565
4418
1343
9218
8400
4714
2653
9624
5310
2999
5838
9381
6147
625
9918
3168
5792
3578
8229
7045
8766
7516
5306
6846
4592
3123
699
2988
2185
8174
6905
4334
3453
6362
6973
9698
2990
5577
7628
3623
7067
3473
2835
9406
2894
6766
7431
6037
16
559
20
9464
3910
2957
4475
4425
862
7663
1806
9389
9040
4168
9569
7472
7996
7718
6701
215
9535
8506
7545
9588
3865
3888
5755
6865
7108
9551
2310
8620
6151
4598
6064
6185
8900
9007
2347
2114
1128
4091
4071
8963
4675
1232
8425
5324
3417
5496
6479
9254
1259
8151
9190
4217
729
8344
8671
3869
8053
8851
4271
768
6643
4679
2872
3806
2030
6536
5297
8231
290
226
5795
2605
7563
174
5044
5403
1542
9717
6990
3235
1764
564
8287
5031
2760
7428
2909
1170
3175
6217
7351
3626
8681
3068
9041
4662
7777
9333
1354
9900
9407
5822
2884
3688
447
7725
4208
2427
9056
3979
4880
3911
6502
5236
956
5732
7614
4198
499
5912
8619
6156
8125
3197
1715
8092
5987
911
6351
3785
2654
1884
1776
6448
7613
8680
9101
9760
3146
4015
3819
6880
5139
8600
7855
6353
7014
6073
3781
6508
1463
5284
7550
5099
5221
8222
9075
105
2196
7409
3982
9930
996
3447
6315
9427
2677
4167
9597
752
257
6611
6843
2725
7747
5708
6297
192
4095
1317
491
2410
5241
9590
2754
6569
5921
285
9712
7869
901
8849
9985
3362
7497
2529
3995
7610
3207
6327
9872
240
9726
6896
1483
607
2450
7669
1035
8705
5224
7411
8859
5945
4999
6414
8285
2279
3498
1309
8254
812
8677
395
3799
5840
7650
4776
5967
7761
639
5200
5505
1699
8253
5502
4140
1365
9681
4524
9399
4671
8376
1484
4747
7646
3052
4800
6473
1957
1993
2548
4096
7883
4445
8103
9721
1622
1510
9623
6902
1793
3743
9284
1607
5192
8341
7863
762
9636
8567
9825
896
7392
9178
984
9833
2139
7106
9236
8276
2622
9927
1192
9881
794
1924
7360
8114
3147
3825
7258
8469
2167
4660
2574
5351
9191
3432
6693
4288
864
9492
2877
5199
3906
4514
7326
9201
7042
245
6765
4290
6165
6914
5902
9343
9033
7609
5424
2500
5814
7397
4712
1319
701
4185
9308
6708
222
6102
4423
6007
1188
1753
8173
2229
7412
5430
1010
4280
8471
6702
9749
8070
1499
5409
3595
2315
2829
717
1549
4724
1482
1345
1102
5652
3378
9404
6344
863
759
348
9181
4093
3231
3186
4361
3747
5982
8876
512
2420
696
2451
3733
4145
9380
687
9908
1103
1814
7060
912
2341
1039
9557
8666
4356
856
9225
1256
8175
3326
2785
2613
2331
4519
163
8622
3058
744
4323
8332
3114
487
4548
854
2720
6020
5501
2168
7790
3439
2459
7201
8517
2426
7876
6675
6892
6077
1088
5093
3930
4683
9366
3752
9297
2561
5493
235
2487
6776
3622
4670
9423
8157
3391
3409
381
1666
4561
8377
9765
7881
8644
7647
6857
8591
6968
6965
5585
5092
7388
7368
6438
2385
898
5121
7387
1570
7223
672
6950
9814
3854
4920
928
2176
3389
1375
6002
5045
1647
7897
3434
8577
919
4956
5352
2203
9925
4440
750
558
1322
5555
6635
5896
2418
4890
8023
9694
3350
4546
8025
8561
2035
9280
5449
9724
7338
6975
9915
7211
1624
1821
8958
9827
1768
6783
3527
3094
7373
8847
1043
321
1017
6789
7656
5804
2702
199
9607
9795
4455
7619
3565
3772
7507
9211
8383
9466
9781
2816
65
1015
8648
2711
4367
9828
999
4375
9058
8981
1592
4547
5977
4507
7398
6613
7496
7567
3062
7666
5350
22
4046
6494
7144
3633
8824
9116
1964
5929
2403
2387
8549
9550
2726
9222
1294
6552
5285
8642
2187
510
693
4379
4904
4631
5196
2129
1526
6729
6774
3169
3403
8168
9973
8718
7942
6247
4650
5790
8293
8579
3503
9008
5033
2868
2376
4214
4530
5877
3375
857
1157
1287
605
5080
4206
4581
5062
5641
8767
8385
2791
184
4940
2606
4392
4973
6773
2679
9917
1529
8590
2223
5280
9034
6963
5558
7389
9277
3286
87
3467
8820
7300
4017
3613
893
7768
185
2402
3280
8320
4039
4811
599
1681
908
9266
6324
5506
291
581
6609
2367
6380
9771
5616
1959
4209
1093
7861
88
5702
6582
2396
9996
4259
7850
3193
5433
9964
1374
8886
9730
6715
830
5010
242
5798
4256
91
9142
252
9416
5862
4410
3027
2432
7329
3160
6099
9610
1933
1212
2789
1580
5872
3965
6989
8667
4845
4987
7133
9798
7683
327
5102
9906
4215
886
445
1406
3387
2951
5849
3285
9431
6898
3705
7746
894
249
8690
4918
9626
4204
5374
5105
6753
6527
9171
4717
7122
3701
4470
6735
8191
9062
4298
8439
9248
7721
5656
2864
4048
5069
9992
9309
131
1632
4296
8715
2704
2364
276
3101
6952
7246
4691
8762
9338
1911
3904
434
4617
8772
3279
538
4676
8158
3589
5904
8235
7757
5670
5718
361
3059
103
2750
2969
5487
5111
2860
28
1561
2093
492
7720
3846
4506
7884
2485
8487
1164
577
3538
5090
5742
4261
1601
5270
2896
5633
9400
5396
3093
6373
9589
712
8955
5744
1766
8342
3462
1462
9432
4733
3957
1236
7534
633
8244
2261
5089
887
2593
3004
9478
1144
8885
6463
5885
1916
5579
1717
9979
5937
4913
63
3606
2993
5486
9745
8013
8743
4961
7605
668
8470
2430
9237
9659
806
3346
4382
5144
1413
580
7468
2391
6175
297
2970
1129
3246
8455
2199
7078
7482
2647
8189
5510
172
243
2249
7539
1071
1999
3880
3171
2205
4710
2876
9767
7621
6953
8232
2786
5279
7206
746
5372
2801
5079
6085
9686
8952
3402
7522
2424
1458
5005
5771
300
786
4332
3129
8380
2856
2538
5694
9221
7079
7807
536
9039
8219
2885
4462
5594
1636
6057
3731
3238
5992
7927
2573
9777
397
8046
3202
1892
4238
7119
5601
7488
3612
8292
3353
6417
9061
4751
5492
7116
7244
595
4588
6311
4979
3240
7235
4496
9403
5630
3122
1321
883
8499
7152
26
1468
7981
3861
8331
4008
8032
4466
7806
2112
3254
3107
9063
3844
5422
4467
5820
2940
5746
6999
1853
507
8582
7019
5832
8152
2751
8704
5701
2381
4327
4770
2826
1442
198
1491
1868
5391
1280
7270
6648
1258
6775
2126
7810
301
4491
1727
6894
4449
4914
5427
7164
3940
5378
3441
8467
8050
1980
5589
7076
4700
7845
4919
2449
6480
7088
9051
6326
3792
7349
4860
6446
5651
2091
7707
6949
8392
7873
3381
478
4072
3014
3822
41
2985
5247
253
7049
2484
3283
9484
2747
8194
3541
4468
8161
4250
3060
8412
9307
4309
5770
6747
2550
3915
2225
9151
9986
948
3102
3676
3475
4165
190
2673
838
5262
1275
1006
9602
6591
4840
8768
8371
9291
3096
4749
4731
4420
8422
2133
259
2270
4246
353
7592
5865
265
5978
157
4789
1761
1525
4936
4921
1708
7422
6768
6848
8260
1189
4170
7459
9176
6477
5951
5844
6402
8353
8872
6490
6705
1014
4692
5373
5845
6330
2262
461
5661
7495
7710
5463
3112
2688
3012
1009
9425
6640
2127
4604
3651
3148
6971
5198
8669
1139
4326
5094
2537
2706
979
6257
7636
1411
1791
1567
690
8710
2583
7362
1274
2383
9390
527
1531
7998
237
3683
5554
6088
8313
9759
3996
4110
8214
6277
3699
5686
6610
8252
968
7436
8262
6737
1985
5944
9457
3813
3008
509
7615
5913
225
1552
5112
2198
3251
6339
4202
5
4370
5379
2103
8511
5074
7491
4571
6333
8701
4234
9066
1547
6442
3043
6048
4771
40
9685
4141
2837
1112
9250
8250
8261
4394
476
4808
626
3964
8334
2477
9497
1801
9684
6317
861
3812
8740
9465
1244
7611
8630
1036
1271
2950
3324
2031
5055
2571
2106
9863
7006
6589
7400
9953
8309
9806
340
9247
9819
1439
407
7208
6823
2115
3021
7153
1903
6106
8450
4628
7425
8381
1267
8181
5615
5819
6213
5884
8576
2123
9412
4678
6100
8162
3640
2592
6987
4897
3299
544
5235
4457
1184
7940
220
7057
7872
2630
79
2189
6514
2384
6541
9667
4668
1383
3458
2234
2056
4804
6835
1109
9287
9139
281
2033
9298
3366
3523
