4617
7482
2049
1664
256
6635
3673
331
9704
7408
8360
955
5441
4156
1916
1180
2106
521
9882
7268
748
8977
2145
26
9460
9182
8324
3213
834
410
1804
7493
6957
6903
3787
4135
9873
9651
3244
1485
3852
2305
6560
1104
5349
5254
57
4291
6760
5941
253
751
197
8510
5176
4483
6794
9599
3498
4241
8743
9766
1753
2920
7312
5861
5331
8832
3898
9734
9719
998
1937
9478
4973
578
1315
1516
2793
9587
7461
4910
2473
1715
9389
391
1590
7922
3568
4872
3601
217
5032
6654
7893
1396
4647
3618
7472
6303
2848
3523
914
2669
7554
5935
480
7219
5049
3362
896
5292
3636
5127
3980
6722
3192
4006
1742
7336
5273
6277
2437
7429
2595
9562
7311
992
1296
6086
171
5598
4217
6958
6929
3953
2346
9939
2819
5506
6318
6857
9459
4091
5943
424
7652
9321
4275
5644
4837
4207
7083
924
6700
9523
9290
1057
861
3344
2070
513
4743
3930
3748
2522
3208
8292
9424
1688
8442
8258
3545
3126
9708
8617
4252
6183
488
3056
183
9652
7091
3240
4840
1364
3548
3378
7246
4616
9094
5220
4372
722
8245
1405
441
185
48
76
9212
9710
5141
564
2618
6003
7897
3724
9440
735
2698
1313
8774
517
9197
699
7331
9215
5557
1863
4720
7806
6603
8670
6171
5808
6969
7826
1169
2265
9279
1631
2327
1222
7279
1812
9668
8194
8504
9765
1108
4796
5471
9117
6892
5906
2737
973
1417
1966
1193
6889
8827
822
4858
2928
1005
9833
7836
4646
7027
1774
2416
6342
8608
4060
1932
6848
8116
5928
4908
5596
3541
1450
9488
3870
8782
9384
5542
7940
3516
4543
919
310
1790
3265
6011
6245
4259
2775
3254
7359
9945
650
7332
8770
4900
9075
2261
690
7834
4139
7028
1959
3738
262
7369
7061
3867
9023
234
9682
6456
5286
8110
8323
7220
2412
8460
6780
2912
4329
8167
7302
5576
8284
8971
6470
6723
1473
8047
8634
762
8847
5212
4404
3165
2281
1007
3020
4586
7200
5757
6085
5302
6930
8375
9623
2410
9467
6697
6360
4037
4254
2178
4055
8573
383
7420
6489
2722
7559
2724
2228
2792
4172
8065
3877
7775
855
2846
3441
9309
9468
394
165
1535
2879
3572
7287
6643
5021
3039
2839
7377
2614
872
2838
3904
8064
5135
4972
1832
2385
2341
3773
3181
8174
5472
6073
9273
4112
1902
467
5708
2420
3251
9484
3406
8486
7648
2746
9444
1893
6822
5479
5583
7185
8751
676
9547
3104
7165
7281
2842
116
3591
4324
6460
4213
238
7946
5680
8160
9524
8107
5554
4157
828
2743
8722
6381
8551
3838
9261
2362
319
6202
7351
4221
9909
4539
5908
7630
5174
3886
6049
2588
5011
121
715
201
4244
2603
8421
6985
772
4457
8274
63
7711
6777
7372
4917
9251
7014
1835
5580
8302
5351
2604
8587
7288
2075
1077
6786
2909
2531
8582
4011
2962
6621
5730
746
7073
5904
7418
7174
2658
8335
579
2480
52
7239
3555
330
9105
9335
3341
247
4916
3717
8103
1191
6625
2076
5483
8288
798
162
1171
7932
7278
6692
5262
9372
8250
7595
9266
3149
3421
6529
6748
4325
6980
6090
9209
8269
9863
644
577
4200
9621
730
4556
9354
8256
6366
445
6191
4461
1789
4340
5392
2627
4192
5438
5712
2913
6978
2739
8150
739
5368
7990
9142
298
5821
7452
8354
582
3305
4752
1529
9606
1213
8177
4816
6361
6169
9874
7232
4144
5253
8123
1563
2760
8041
1940
143
1477
5699
8230
4797
8888
3701
5272
4427
2500
5859
8516
2024
6944
7460
208
254
2218
5034
925
4357
6714
5631
4033
1013
7451
123
2413
4893
9735
7223
8496
3544
1844
6031
450
2326
1409
568
1614
186
6283
3639
4961
1065
5655
4861
6989
8872
5764
3974
5826
3370
7650
6709
6617
2247
6941
3744
546
5148
7562
6036
6032
2395
8886
2923
5648
3675
2551
150
3664
1447
7059
9694
5355
8408
4131
5084
3221
8562
3269
9490
2915
1400
7708
7057
346
6824
7680
516
4687
4220
7437
9007
9764
6799
9134
7164
7647
38
4248
7004
2777
7851
4328
6087
1115
856
9303
2704
9825
2892
3786
4882
8611
2570
9601
6080
3912
2718
5079
7813
7787
854
9631
6798
8357
7732
525
9441
8794
8884
3433
7606
2454
6494
4601
5199
8048
5075
6092
8132
5881
6961
1339
3411
706
7970
6007
8060
7326
5976
9809
1190
780
3948
9302
7484
6790
959
6609
461
1679
5573
6655
901
3393
666
3843
7198
8584
7694
7488
1656
5446
8606
5913
4332
909
1781
8902
2202
5550
2820
7927
4074
7516
6960
717
8534
3883
1352
8392
8127
1085
7049
2215
3127
7467
269
3077
3973
7619
6669
5630
2938
184
8644
6705
4527
6819
6390
6448
5480
8733
475
7456
883
5742
6243
8804
1109
3952
4526
1627
334
6116
8979
9674
4496
5551
1157
5344
981
4540
199
3484
8821
9598
7121
1094
7768
7035
7597
1838
5083
3562
5252
242
9245
7592
3816
1802
7078
8781
2446
1185
1113
3650
3623
4478
8726
764
6029
7204
6351
2359
7194
8282
4389
9190
1495
7339
3152
4406
2657
7632
5247
5740
9477
8129
9731
246
8062
8081
5692
5527
7580
8591
2216
825
4541
6901
2619
9040
4103
7685
3458
9419
7759
3714
7007
484
3986
1637
9274
3573
2240
688
1456
1911
8436
5997
500
5122
6891
572
4225
4645
4133
4243
2692
6187
972
2133
7773
3750
9264
5429
2750
7209
5415
8586
5359
12
9027
7019
7949
9938
7840
630
2159
9665
8686
1671
7270
1999
947
6979
7795
1948
8681
4894
8746
1763
8691
6552
447
5674
8422
6585
3899
2660
2484
7458
8968
5339
2529
9101
8489
2714
3922
6423
4678
1261
7158
6394
281
3533
2292
6943
2432
1486
9551
4777
1084
1293
2966
2826
8207
9398
7786
4185
9597
1565
2113
275
741
5164
8080
6578
9944
8009
5530
2647
6414
3245
2628
2736
4846
5099
5411
7963
7527
6398
8706
2463
7938
9049
4351
44
1398
8299
7009
8076
5992
3621
5690
2851
6847
2577
21
5633
1860
1677
6195
4679
3369
886
5419
7292
5998
9446
5714
406
2974
4230
4969
2205
7830
7641
2712
3187
1459
2878
1165
685
6696
8863
2927
3078
4748
5037
5555
1561
2311
4493
574
7286
3592
5746
3990
8730
7703
1858
1949
9781
1039
642
3067
1633
7621
4785
7860
6093
4809
9343
5029
4346
4000
1578
1357
6198
9132
9519
5910
9791
8768
9218
8981
2574
241
4948
5728
5001
7627
6933
6509
4155
4399
3477
5749
3892
1049
2273
9381
7383
7552
4619
8034
5284
3065
1221
5407
2104
2386
437
6260
2085
2401
1724
2581
4621
2381
4358
3161
4409
460
5333
5369
7675
3057
8112
7765
8692
3107
3689
1807
7789
2566
336
2013
4614
6501
2765
1178
2424
8798
209
6703
1136
187
7046
4134
4996
2508
6784
2989
3530
4633
2093
257
2656
1179
9602
458
5639
9738
2568
5736
1576
929
5243
2955
3387
1444
7785
4950
5069
7099
8330
6172
5831
9340
2836
7258
2613
9989
8036
8941
2269
6531
9907
5187
7082
9278
7520
1009
7126
8877
299
8961
743
937
3942
7044
3821
7315
3460
9552
6210
8249
9992
5156
2207
306
3872
6636
5282
9248
6452
2021
4392
5343
9648
7714
6115
4096
2741
8157
615
8737
6440
9276
5454
2645
9742
694
1162
654
5057
2077
9830
1298
844
3273
9427
9029
491
9471
9150
2184
785
3324
5181
2097
691
2045
1983
7798
8980
4756
8051
6356
9084
7470
3097
4510
8592
3047
6253
5248
4520
3632
9395
6040
5887
7430
8209
8856
9853
1947
9130
1795
3905
3698
2219
7051
1747
7509
3320
4260
9801
9946
1206
4175
8797
9194
6290
3042
3339
2812
5121
1358
8306
414
898
3809
2211
6328
9255
3532
724
9958
4778
7161
5788
1843
6973
4203
3114
4237
4618
7979
7701
8713
1460
6064
1291
4408
9262
8007
6469
2267
683
5296
5820
5762
3135
1297
4611
1419
9234
9572
2465
1277
1413
6793
2896
119
8210
1188
8687
2579
5722
6702
1416
3381
459
397
3977
3853
3260
79
7766
2734
8600
7107
1153
8168
2323
7573
3290
4187
4971
5223
9407
6515
8736
5098
142
7170
1682
2339
7378
8115
3850
5289
6976
9829
5136
4612
5574
8383
5687
5830
8317
4311
2466
7996
907
945
8716
1523
5271
5240
7931
3642
5849
6650
716
3452
5115
899
1513
7290
4516
9969
3646
9122
2735
5372
8967
1546
7426
8444
95
4137
107
7734
8439
969
5823
890
7149
1580
6476
9109
6990
6222
4080
895
1703
6496
9760
6912
939
9491
5983
30
4680
3461
4869
8254
4889
4449
8281
1837
4876
2058
3456
7757
2467
8881
7382
8155
760
6140
5399
2528
8646
4519
1599
965
1027
279
8491
2227
4387
6343
2511
2984
8122
2409
9188
8936
9319
9163
440
1643
5934
6785
6682
8867
609
7370
252
7999
2387
3366
7416
3771
8984
4995
3423
172
2977
6240
6918
7008
2785
2397
2666
6299
4915
9515
7450
873
8488
5781
9195
7610
9358
570
3090
366
5321
6910
802
9018
5318
2818
6995
5263
3194
6482
1847
5468
220
5777
5422
2638
1846
2378
826
9789
7808
8402
7740
2770
6706
4081
5054
5298
4988
4128
1702
726
4737
5370
6161
2229
9283
1091
1879
5884
681
8802
9922
2668
1028
7157
6679
9207
9294
8839
9365
9434
9687
689
7108
6122
5413
3578
7697
8864
8626
6887
163
5005
667
9813
8569
1173
3445
2295
5377
2664
3025
5494
2960
10
7441
8568
5105
832
1792
1382
9985
448
9850
2868
9397
9747
1626
4851
7203
8614
674
6438
979
3383
9865
9639
4704
6884
3363
130
8309
682
2952
164
9496
3317
6016
6150
5420
601
1345
7692
1645
4321
7833
2244
8875
7394
403
1234
3855
8071
6492
3779
9690
7453
1826
677
344
6512
632
7841
1779
1564
5883
2288
4772
1354
9401
2752
7777
1701
7172
2866
3473
960
3890
6773
1038
1756
8651
8404
2898
869
268
7103
6437
2173
6527
9741
7776
5327
7871
7545
2553
7881
9373
6844
8246
7053
6856
2435
5485
5285
7660
5804
1008
3627
1093
1380
4731
8697
3692
7728
8565
5981
4066
8559
4098
8328
3103
5698
1786
7473
4024
2264
8272
4928
3633
7124
7363
7403
9317
5428
5405
4989
1326
3202
8912
7358
1379
2141
7494
9753
9057
4849
982
6917
6672
1877
1349
2774
6649
8032
9695
2122
1387
8645
9181
3735
8668
8874
455
2882
8610
3354
2545
8805
1059
8265
4584
1360
6451
7829
3526
7626
4732
3207
6689
6457
6542
8459
2319
67
8094
8526
9114
1415
5626
4041
7550
1148
8852
3820
1839
8235
4694
8220
2871
8966
9344
3588
3471
4170
9548
2080
417
2185
8300
9891
4441
3561
7167
129
3164
503
9108
8742
1130
4829
5016
3630
5402
9509
349
260
9473
9178
6834
362
9679
5203
6365
936
8477
1910
5653
9198
7427
9017
8803
4068
5245
5903
643
2537
4986
2461
5994
4247
7184
4627
4902
1462
7425
7704
1272
7796
5486
2041
8086
1897
9103
1226
2688
1651
7310
7960
3212
8234
4575
5058
9179
4395
8868
6421
3155
9644
1
5169
7238
5291
4979
9757
1423
4583
6395
3682
5340
732
8653
7285
1503
3708
9030
7906
8581
5984
8096
9093
4501
9542
5183
8367
1496
4173
9031
4970
5835
7676
2853
4763
3975
8363
1876
6082
1933
8019
7705
3055
7468
2477
8291
6225
6288
9921
4582
5168
5515
9138
1712
7409
9952
6534
508
7964
7023
5051
7479
5106
2373
4126
18
3687
416
4999
8267
9465
3379
2867
1445
6516
6517
3095
1207
6676
3989
2140
9858
3676
166
204
5346
1778
5009
6913
6606
4141
8889
3721
2099
7506
4630
7309
8588
300
34
1463
453
6491
6850
8515
1642
9331
9012
6683
3670
8772
4051
5347
5972
8990
3619
8162
8609
4001
6646
6144
1482
950
6269
8434
7910
9715
6009
557
3586
5334
7898
8415
9854
5677
9594
9605
4251
8583
3797
3612
9199
4417
4964
190
4974
9239
8001
5766
3939
6753
5470
4660
7122
6894
5464
8853
2575
4932
9656
9626
354
2589
2488
8424
8618
8287
4438
173
1875
1386
7062
3790
9241
5389
138
4822
9000
2781
7723
2905
9414
5945
9003
554
7599
1022
2891
9474
2172
3963
908
9161
7505
7589
5840
9110
4171
7880
476
1985
1662
905
2768
7356
5
3309
8055
5657
9146
1327
5847
1089
1097
4602
8915
5487
1367
4931
9353
2179
9815
9160
2583
8818
2569
2061
4286
8865
3924
8482
6767
8339
8181
5822
7071
6652
6167
4375
6666
1676
6304
4344
4349
8002
3834
8636
7696
9166
2643
1260
9943
820
4272
1248
1920
4464
318
4224
8166
4218
6263
5695
9759
4123
2663
8800
5721
5782
9336
2585
9660
4199
7440
5290
7293
9338
8564
8523
8719
8566
8547
1129
8445
2083
1074
4577
6168
5973
4631
7669
1982
9136
3088
8148
5209
4981
3895
7414
7976
553
4697
3658
6455
8938
7368
213
4924
7914
5130
812
5876
9492
4595
1428
4176
1233
9282
1816
2582
9038
1963
8765
6749
4784
4877
2637
3139
9580
3983
5353
5046
8829
390
8597
9576
811
3705
3227
2456
8264
889
6967
6232
438
1740
7399
9906
8638
8887
1023
4482
8390
3299
4714
5414
9463
7515
7730
2360
8054
8417
3017
24
7284
552
3861
6429
7733
5031
2354
2073
5868
8319
7463
9705
5587
9935
8229
494
7712
5279
2675
4443
9670
8025
7643
2665
3509
8623
1536
7176
5041
1705
7681
1068
3046
5294
7454
4984
2430
7971
7178
6370
9818
7873
6359
4791
3481
3641
740
6063
3826
3933
3053
3946
774
5656
6895
2587
3280
556
624
6812
6659
4757
5158
1223
2847
6251
6956
2994
6362
1372
1325
6742
7521
9408
2222
8088
2558
1196
695
4356
1685
8858
7074
9447
8750
6151
3295
1166
9672
4710
3376
9370
7146
5952
9032
6627
8637
2090
4289
0
5772
3258
7189
7486
6791
916
6178
8982
6401
6459
9713
1079
250
3913
2677
3518
9521
2498
9559
3480
1836
8344
2015
7868
4705
4385
2780
7138
1541
8831
380
7392
4489
6246
2109
3266
679
9028
8478
6294
6224
8842
4781
3184
6301
158
7033
903
7974
1246
2538
3791
8173
7229
4336
3798
8541
3300
4667
7849
6344
9257
6203
7196
1102
1850
612
6536
2702
3117
2904
2788
9872
9997
8385
9565
6972
7746
6855
9803
3035
535
9308
333
418
9047
6188
4088
6580
8205
949
3204
2296
6123
340
4653
6430
1924
7303
7334
4046
4897
3669
8466
1308
8744
6838
8182
2283
8752
3581
206
5336
864
9706
9963
3580
8139
1945
5496
6403
1361
9025
6634
5974
5870
8932
3328
398
4274
8801
769
2886
793
8694
8570
6741
5059
6256
5919
4820
40
463
5816
180
9529
2489
5395
9754
7522
6367
5754
1323
1907
9225
9557
7375
1951
9297
6704
9568
9143
1604
7742
5651
4754
325
705
4013
2571
4980
489
2084
6368
7989
749
214
4416
2252
3984
2036
8158
2243
1256
4886
8796
7843
9267
7864
6806
7790
3864
7197
7814
6922
4323
541
1112
2035
3287
8438
114
9263
4267
2864
55
7754
5843
6849
5459
7120
5538
7994
7928
7912
3535
6479
1000
1524
9937
8318
6546
5686
2552
1182
538
8195
658
8698
2642
6653
7671
5510
5137
7006
3115
613
7106
4890
1302
4559
3491
6422
3603
8684
672
4285
5050
2030
7724
8835
3189
490
1262
3190
8663
8914
7859
228
1531
6375
2392
9709
4870
5915
5778
5113
1095
8993
9758
5650
9723
4669
5236
3769
9740
6103
8873
1757
8658
8688
7811
9063
7134
8780
2933
1780
8
8358
4604
1475
2433
5188
4227
3429
6532
3686
2170
8580
7079
357
3961
5125
6970
6389
7779
1238
3325
1052
8448
5100
3536
5773
9620
3574
7572
4378
3510
3224
4555
2108
7376
3865
6563
7666
8922
3888
7221
8845
6993
9360
6120
8930
5727
1497
4956
4921
404
3359
326
5491
72
4093
3023
5056
6573
5295
1316
6047
2102
2738
9362
2053
6623
2686
3661
6488
2924
9148
341
589
987
2506
2941
3093
5195
9415
9856
3418
3401
7659
4355
6971
5268
8413
5159
5828
7810
7782
7228
5193
3322
6382
6815
2150
7578
2626
6339
5266
8791
8916
7361
8430
4904
1099
1292
5947
3006
5080
305
4226
4145
6882
5186
5112
8522
5275
7283
757
5882
4290
3058
2816
4235
6173
5300
2131
9732
9242
4659
9638
5569
8810
7609
9432
5495
8395
9277
133
1511
8944
4165
5770
3517
8682
6142
7333
7218
7706
3450
1798
9259
5795
430
1825
8785
2096
9855
9183
8226
9700
2616
9333
4432
6671
4132
2831
4228
7771
80
6526
5610
2491
43
8546
377
2935
2716
1603
9933
4005
229
9954
3602
9326
515
9567
7702
8378
9843
3102
7661
2840
5388
1225
9699
5857
725
1377
1356
7398
7314
4333
7576
7114
3303
1414
4761
2856
784
6100
5780
4019
230
8929
3917
9168
69
9433
7500
6234
8419
7510
8500
8578
8418
2181
1436
7822
8826
9077
6940
5354
1347
1195
1901
7957
3335
537
5545
4744
1167
8621
5565
9650
7445
2835
5659
1019
159
2389
141
2540
8359
8986
4027
9154
1568
2490
9140
9051
8386
6992
1276
4032
8471
4598
3410
9838
2382
2167
530
6611
8585
1615
4918
7097
7013
7633
2421
1442
5682
3365
665
8527
2662
4099
5577
1202
3729
1751
5684
3330
1393
6059
8077
779
2681
8767
128
5047
1017
523
5162
8311
9270
4400
1124
6953
4719
6091
2048
4733
962
1572
4163
868
316
3768
932
7277
3424
1448
1483
5856
3133
2612
1545
6665
2516
6442
763
2895
3468
9086
1845
3857
5228
7566
9701
6141
5571
6102
5865
4879
6065
1943
2844
8495
8325
1996
6781
2953
3482
5584
111
6612
6220
9104
1269
3836
5101
5074
7845
3349
9374
2120
309
3386
9848
9100
3061
6162
9356
9378
1101
7291
7501
5593
2502
7741
6502
1133
5374
2201
5375
2512
7547
8228
3122
845
8882
2376
7933
8308
2439
8202
1274
2655
5991
2042
3211
3068
6802
5737
2241
2262
8223
3818
7523
4576
6510
1001
2448
6014
4298
4623
8964
1047
7985
1775
3604
7032
8776
1350
194
569
3199
5118
3740
6955
9808
6449
2258
4079
8101
8897
2469
132
291
3355
4452
942
634
8180
6750
2503
4300
6948
6572
6853
6792
368
5200
877
5381
4824
2817
6483
9834
3978
7112
7674
3593
7245
4421
5028
9062
8213
5265
7693
1745
6720
7075
3926
7850
2479
7735
270
2855
8693
2825
4909
7483
5390
8531
776
5434
4951
7653
5810
7961
7202
2370
8241
7962
1355
7553
6763
9237
3626
5627
4073
9627
4963
587
8399
4012
1408
4507
4787
923
4312
3382
3038
8063
6302
2275
6694
2717
1990
5775
9903
7546
2225
3725
2020
4330
3272
92
6264
7166
1374
109
5225
3205
3178
7682
4322
5312
8136
198
4610
7118
3228
1257
5064
8988
9923
6436
7498
4396
102
9046
7607
5572
4007
6407
542
4050
6747
978
3959
6443
8016
602
6664
532
81
1036
6505
3674
5521
6289
5564
6535
4860
6601
4807
4262
871
108
8763
6830
286
9314
1515
4654
8673
3605
3064
8305
2274
645
5293
2322
5890
261
6326
3718
5516
1122
4649
7328
1821
8928
2081
6311
4069
218
8370
5341
4652
9518
7747
6067
8273
179
2324
595
8188
5303
6376
5385
8361
8374
1132
2874
8289
4403
2025
3241
7892
191
8270
8398
1935
4370
736
1249
1769
3971
6153
9980
1314
9787
3776
8011
2578
4735
2680
2307
617
9328
2266
8917
6226
2885
3262
8337
9065
8561
2017
2406
4295
2942
1330
1307
4179
6486
492
4430
4264
8470
1066
7867
6148
989
8855
2217
7848
9724
2921
7255
990
4512
7094
2094
2194
7236
9678
1706
8704
335
9722
7037
5628
3298
4677
3553
7275
1141
9112
4191
5532
3407
7265
1490
7634
248
3660
1440
754
8756
2972
9633
7973
1555
9393
320
1684
6880
9144
3906
9846
9860
3071
5357
9649
8191
4789
2914
8176
1646
6487
86
1390
1470
2967
8601
888
4663
282
2398
2129
1731
9390
5759
2364
6048
1735
451
2789
9794
5902
5953
7177
8146
8838
777
2505
8985
3013
7755
6490
4826
1521
3233
59
6631
4473
1427
1691
7076
9231
5979
592
6921
6212
3765
2118
7140
7541
2033
6821
5606
2649
3172
8558
222
1686
1571
8423
2447
8156
9721
9416
8295
6942
9657
4196
9383
9457
3304
1058
1975
6321
8247
3235
3659
1855
9936
6250
1848
8563
1030
1758
6241
8499
7374
7304
443
1172
3138
3348
4382
9456
5276
6474
8700
9098
6174
6175
6033
9755
151
4341
9892
7537
6874
17
4211
4538
6099
8044
146
226
6513
5522
83
6729
5909
2650
4255
758
9655
5763
618
6135
7896
9727
4817
8120
233
4466
6364
1491
3318
5206
7603
8197
8493
400
2524
8883
7869
3521
9536
6524
1674
5570
2333
3174
1127
3807
6854
4585
5867
7432
4397
4125
1072
1815
2231
4121
5811
1921
4049
8940
7791
649
5147
7764
2452
9060
465
1026
4665
5043
1708
7939
2318
1321
6950
431
4120
3648
4625
4844
4500
5025
9206
8901
1243
4901
1103
1064
6373
710
4740
4146
3804
6858
8641
5871
7502
8678
6745
4115
7972
5508
3681
8481
9409
4888
3459
8728
817
7549
7780
8334
5362
9610
3259
5675
5214
5968
6738
8261
2032
9967
3715
5703
3950
5269
7025
8942
117
1892
5654
7362
8010
5566
5447
2348
6439
2146
2725
7866
3815
6408
1970
9268
8690
3141
8278
6721
4934
9561
547
1227
5476
5697
9961
290
3082
4169
3368
9151
4076
6124
9511
2408
8268
9171
3191
2930
2798
9405
8949
369
7857
3448
2740
5018
7924
4038
6042
7921
1441
9091
375
803
9836
8656
3101
9534
2464
4437
8015
2065
3847
6805
5665
7614
4636
113
7135
3395
4082
5216
5129
14
3170
4790
6565
6608
8809
6549
2399
7959
4643
3040
6599
3801
707
911
5391
9912
2514
7471
170
4296
6160
6937
1258
3444
8683
8262
9596
9986
3
1560
8286
2902
100
5036
880
9749
1351
8520
836
1540
3307
9984
9981
922
2066
5592
2100
7335
324
7444
9385
9543
4418
4689
7909
2907
8193
7935
7480
355
6622
3028
5590
8871
1406
2563
512
5752
4183
5229
5226
1666
567
7269
4770
7981
9636
2742
2808
3967
7449
7870
4016
2999
8596
5549
795
9493
4268
1155
5108
9831
4725
8919
9205
1465
2947
8807
2594
4975
3695
8061
2320
4491
9430
3538
3209
2494
1895
2559
2634
7011
2733
4808
2950
4177
1585
1803
1748
9345
4997
1801
2687
1457
964
6060
622
7259
652
1500
9823
3279
4729
3723
4431
2894
6354
3425
7144
3625
902
9778
8388
7645
5182
2290
2802
5040
3549
9
9746
7748
9501
8198
8409
9088
4020
1420
7021
6818
9540
7968
607
7819
3515
7180
2459
720
2973
2769
9423
8336
1514
4769
7088
5281
1791
4883
3589
3014
4279
8073
7183
808
815
429
9707
4569
6511
8365
4
7793
6134
7587
1570
2363
9184
7254
5170
7390
6069
4534
6739
3168
9324
7596
2854
657
5874
7729
3563
5198
1882
9962
7695
8425
2749
7916
3569
5238
9453
5783
6477
4691
8343
6484
1554
9069
7846
3800
6409
6180
7447
3016
3982
3264
3052
8200
7003
1841
1201
2495
1481
7762
2308
3031
2183
8283
9917
5734
1829
5688
1883
7719
9779
6833
3029
2279
8705
1404
5151
8231
428
1199
9095
4573
5019
1125
2312
9214
6498
2
1944
6947
7915
8484
9439
6718
527
8943
361
5889
6938
9280
4167
9889
2372
5061
1208
4978
2799
3238
9217
2963
3154
53
6574
1918
1235
176
4475
6868
4811
9006
9916
848
8602
1640
8816
8366
9940
7878
7525
7820
863
2653
7575
4021
6305
1467
2875
8447
7474
1106
2415
5691
626
8567
8512
2997
9167
8513
4345
3478
1856
1046
7001
9528
2453
7160
3361
3479
9413
709
2625
1899
6213
1927
1624
3196
4075
9607
6128
5107
9074
9329
6284
2158
3069
5035
32
4525
713
4863
4258
918
2176
1407
6545
7598
3263
1972
8329
373
3699
6909
5575
8789
5528
4513
963
9914
7058
5062
5724
8599
6425
9250
8550
5154
6332
2674
8070
5288
1359
3889
1871
2787
4014
9470
2111
7104
7605
9346
6678
4208
9495
2425
4487
7535
6764
2426
1353
8725
3697
6001
6630
2233
425
4083
5007
9744
8312
6101
4892
859
8607
8108
7485
2561
7233
4945
9039
9683
71
6248
5526
7951
4794
1464
6337
2191
778
4089
2396
5750
7616
452
1739
4672
2151
6208
9669
4384
4793
5196
4281
2052
4613
9442
2539
6817
3757
8575
7123
9233
581
4077
2088
7890
5342
3805
2043
6164
9712
2162
8503
2526
3270
8371
533
4760
6271
814
6619
2343
5936
3051
5142
2596
637
5719
3106
2976
586
6859
3257
1368
8843
2755
4696
5673
8219
8225
124
2189
1639
9289
2101
9796
4065
9067
6684
1410
7918
6934
782
9376
6567
2834
2753
1922
3584
639
1607
8909
6062
5246
5398
842
6592
9355
9404
2696
4347
8381
7089
9080
9974
7930
1960
3941
207
7767
3143
4938
2105
6776
7093
1862
3637
7601
7667
9118
539
4953
1117
8433
7428
9320
1075
4639
6296
9839
6710
4428
6270
5358
6336
5488
6045
6386
5332
9688
7668
9554
1811
7593
6900
3118
5143
3508
2772
9271
534
1710
2807
4205
7142
4766
9254
378
3579
3902
1635
7684
4315
3844
7481
6862
5201
9147
6005
1268
8911
6205
1619
2701
7181
5474
3652
1494
4783
2510
6108
5917
2919
5178
4976
2544
4684
2887
8506
5024
1098
4842
2314
342
5000
576
9361
3964
9498
2315
9931
6584
5863
5739
5308
4152
2443
9641
7725
920
9630
1754
7875
1709
9185
4982
4832
770
2527
5096
9155
5224
8648
9689
7462
178
7920
1567
9236
3747
3219
2391
1498
2482
8121
2404
5443
6693
2519
6475
2651
382
9876
317
941
6699
7657
9476
7564
4839
745
1385
5985
6445
9608
7687
1762
2165
8721
8239
6641
8389
9334
9379
9932
6083
2682
6633
8633
442
9472
6762
134
9795
6021
4231
7295
6675
3464
7068
7574
5124
8533
7683
1160
6811
1857
4985
2223
5842
4850
6280
3428
2883
8703
7067
6543
2504
1018
6006
7055
5244
4987
1205
7784
4485
805
8628
4707
8812
2317
7731
1903
4998
1328
1583
1502
5256
392
4545
6345
6499
9756
2166
6081
6691
2135
285
3050
6012
6110
6870
7612
2287
796
6724
6888
3567
7504
9327
3476
2541
4681
4664
4845
7386
4557
4749
5971
8472
4148
1343
4626
2394
2610
7877
9993
7250
3099
4692
8263
3742
6221
3514
5637
5014
1422
4508
6644
7119
9417
2932
9115
7296
8280
6094
6432
3123
6257
3447
1746
1551
9313
4524
9406
2368
8347
6593
8161
58
1707
3177
9009
4635
3732
9481
3794
2845
8461
8345
5954
4308
1605
2414
3357
3910
3314
3367
8502
8833
8960
1665
8013
4515
1987
70
4572
7636
1713
4838
6113
4753
5794
8894
1458
1874
2206
462
7919
7548
8431
4925
4280
3351
5629
8918
4273
6932
8023
4727
3505
1403
5219
3408
4053
3144
1181
712
3440
2098
3012
8266
1446
1574
7824
8118
7524
6586
4034
8840
2351
5330
101
5623
5403
1218
957
6616
8384
8201
8368
3761
994
3253
8788
487
3230
9153
6662
1411
8227
4468
8137
8130
3901
9176
4862
3590
8401
2691
1978
1738
4708
5371
5586
7084
283
5862
7690
6468
5163
2220
7688
938
5594
4864
2623
4957
5950
5597
8876
4803
5299
7455
6861
5400
9603
4454
3777
9532
2617
4638
5433
5922
7568
5356
6716
3875
9675
2562
5325
8766
98
2492
8715
1683
6143
1121
5424
5839
3193
1711
2156
3678
7048
6109
9213
1593
4174
5852
940
8514
273
115
2422
62
8033
5717
7433
8005
1870
37
1159
7257
3914
237
2200
2917
236
4518
3417
4940
1369
7406
3160
3120
5600
5426
5634
5641
773
5520
6964
1998
7512
6038
2931
1474
9702
4907
6508
2761
2119
8131
1672
2983
506
1004
3315
8720
9202
5089
4798
4786
2358
1212
8749
9059
4594
6558
9841
9139
5092
2557
514
753
6126
6525
8236
1714
9573
5167
3427
4448
22
2213
3587
3734
5435
4451
8232
8440
7400
1439
126
9998
1717
7260
5955
9224
4047
9784
5177
7942
2899
3116
4052
9871
9123
6416
9664
3871
7192
946
3707
1755
8075
7442
9486
9043
7300
4390
1412
6949
3638
9235
833
3600
7341
1252
967
2620
8113
4943
8787
7357
8529
8945
2783
5190
6478
4497
7624
5729
838
5149
2975
3389
5624
6117
2672
5999
2890
6453
4929
353
4768
3550
2072
3668
3992
7264
3018
7611
2451
8022
5144
1215
9977
9083
3467
5927
1320
2897
396
8669
8351
7147
2249
8185
8632
2794
2253
3808
4634
7584
9189
1880
2007
8349
5619
9571
3250
3105
2044
7105
1669
2969
5602
6454
8576
4071
3957
1799
235
7882
4530
1219
1977
1418
4222
6827
7539
4178
7096
3310
5758
2497
5233
6461
1453
8530
7966
6986
3613
7227
5126
7168
968
8953
1289
1810
3197
8218
860
1067
1588
2830
3070
6314
4565
1550
9957
7821
5103
3951
8589
6192
307
9792
1430
8297
6147
6840
6924
2954
1092
4874
7623
6466
7911
5283
405
7365
8896
2062
2706
6984
5251
766
9126
6347
9826
7210
4495
7402
7805
1449
7876
3079
6035
5667
1587
3275
6068
8959
3788
385
526
7247
9299
5379
2778
4580
5507
3691
3931
897
7235
5731
2993
6690
2946
3511
976
9220
2270
879
182
5860
671
6158
6291
308
47
8995
1794
1312
6728
4522
9797
2815
3839
7656
7034
801
3932
8619
7388
8407
5425
3451
3546
2929
1384
3958
4568
4690
8362
8972
1650
5166
3430
3758
809
6139
6111
9265
662
6249
1652
192
6050
9240
4008
6380
6736
2127
8866
8405
6397
8183
5558
8790
2632
3862
91
4087
9162
6017
4866
3092
6801
6523
2648
3066
7115
2234
4596
794
9285
5568
9814
2959
8443
3232
1925
9685
8190
1542
885
2822
1299
3833
680
8124
6507
4834
94
7679
3474
9877
4265
9681
5490
1809
9564
4600
5559
5070
7066
1197
9661
930
6743
493
7891
9412
4993
5636
2509
887
9743
1242
9494
1187
3679
5817
5986
8946
6583
1808
8817
2673
4546
9323
9505
3331
50
415
9048
3635
9578
9165
8296
5720
1231
25
1930
6613
122
9555
4310
5942
1973
6231
4379
5180
3292
704
5548
4025
9859
4198
7832
411
5616
2056
2003
6152
7346
1660
7895
3347
1886
9506
8859
6464
6352
6334
4150
1981
2944
5111
6810
6404
2310
768
8935
3396
997
9256
4946
1042
7231
2872
8026
9629
5519
7900
2542
5785
9881
3375
610
9367
7809
1021
1305
2407
1163
4937
2195
4570
765
7992
4640
2678
5611
7956
4476
6537
9976
4239
35
8907
2238
5191
6931
9466
659
8710
2419
5977
6708
8463
4492
6688
971
8487
9563
4166
4759
7581
3502
5872
7188
2877
6648
9693
9878
9647
1695
1395
6201
1953
4701
7953
6846
5679
6886
3767
1310
3463
6015
372
6157
2957
5779
7214
2796
3302
9469
7410
7967
8192
585
216
7018
1110
1912
9609
4523
5082
7929
7713
9208
865
7230
2652
3059
862
702
7211
3537
6996
2245
4992
2301
4930
2483
231
27
6293
6685
2380
8376
7353
6267
4110
1011
2644
9437
2636
7526
9359
687
718
435
8830
6915
4023
327
3353
3286
1311
875
559
2759
7514
7036
6179
5511
4153
9618
7424
9983
8313
4878
6866
6313
2943
3466
9842
1814
3962
562
9927
4535
2884
4709
9890
4202
46
8429
358
6410
5221
3531
7263
2470
7434
3486
703
8951
6755
1817
8976
2937
3215
2745
3083
5039
1898
485
1904
4366
6233
4369
1785
788
9991
8880
7503
6431
6602
1015
7344
6072
8630
2383
2550
4435
7490
3643
8238
9055
5829
6131
504
5023
6181
5529
1767
7325
3693
9886
8114
1048
2361
29
1366
3919
9584
721
8100
6039
9716
4494
3640
3811
2051
4363
8507
181
1584
7208
1522
3419
5258
4960
597
7698
4967
3869
1184
227
5620
3700
1424
2175
4309
9196
3333
4316
7156
975
4642
5022
1661
9375
2893
9021
5498
2190
1319
4299
6066
8572
5301
8475
7352
7379
7839
6896
9861
3879
5837
2125
3936
7090
1217
137
1997
4039
409
9286
495
5314
3722
7888
5605
7407
3610
5987
7187
621
5738
1471
3128
7856
3072
8018
804
7987
8846
8217
9979
5536
1528
6
2791
2355
9175
6206
6095
8604
1776
328
8233
7109
6863
9546
2208
1766
2757
1275
2271
4067
4758
3153
7294
9076
5958
1544
4484
2934
1334
4620
8542
413
4650
3918
3781
1154
4724
849
3866
4549
9615
4666
4380
8377
2521
5980
4836
544
376
6589
4414
8006
1337
4474
2089
9676
4433
4947
8090
9170
1192
4158
7307
4685
1228
6104
8452
8134
8560
3400
302
1872
5888
6540
2605
1118
5241
2442
1365
4547
6223
6118
7297
5685
5988
5044
6893
7828
6051
3929
6835
3074
9588
5901
2811
810
7125
5696
2703
5539
3036
161
4010
1697
4958
1611
502
8970
8745
1952
3163
6185
7267
5445
7625
2599
3583
1891
2064
3175
2366
4514
4085
8762
1508
1421
7507
6324
8775
7133
9125
4061
563
5071
3319
9560
5053
408
4722
5925
2756
4136
3091
77
9800
2821
4498
8208
2719
4592
4857
8340
7904
3217
6712
3966
6514
3332
4875
2280
3507
8453
3470
152
5940
9956
6493
1736
2911
988
399
4018
1727
149
831
6904
9064
131
3398
5599
3683
7397
3180
3938
296
9811
3985
2474
4919
3903
5886
2155
3993
3220
6400
3157
4003
9726
8659
7750
436
6237
583
558
4726
3755
4015
603
9646
8814
5693
3783
6629
3438
2345
3848
9044
8689
2403
8594
2939
2152
2297
9950
3043
7199
3326
2633
738
2520
3806
7908
5805
3356
4335
5809
3817
4609
1270
857
5982
5613
7213
1618
9300
4147
9659
4821
4212
4215
3891
3968
2862
7794
4558
1454
8947
5274
7038
4818
7556
7894
3684
6620
3916
6057
1629
7081
9116
3822
9662
2149
1994
9919
8699
4111
8898
3726
8757
6575
1915
4216
9768
1126
2204
3002
2916
9612
5668
200
3616
65
9595
2758
7102
8508
5615
7901
5380
2573
9752
2349
7282
1592
3655
593
5791
5500
9022
9034
5081
7322
8731
1137
3496
3176
8850
8021
9851
4429
7069
7884
1579
110
5914
9310
96
9862
8152
3415
9717
3495
4127
7175
4070
5932
6898
1744
7858
219
7772
1979
9421
4181
5514
3497
3030
2486
9128
4368
4825
7039
7558
8799
2513
2161
4164
2095
6308
5489
6668
9099
2533
917
8301
6146
8965
9591
9090
8885
8058
4955
1730
5239
4847
2059
7423
202
6022
212
5437
6624
267
7617
6282
9054
7872
7950
5617
1489
5700
5237
750
4266
8755
8322
5948
7448
9102
3281
5715
6928
7252
4944
6053
9508
2971
1295
2860
9711
5408
7664
2182
4411
2584
954
1429
6530
1062
8904
9590
5475
9624
4728
3455
6828
985
4122
1264
6657
4561
1923
4031
953
7225
4542
3022
5851
7040
3080
8394
9911
6804
5898
4579
8465
311
6027
7519
1265
2598
3814
5635
7745
3595
5393
8635
8815
8649
4562
6236
6209
5531
5585
6013
7150
6002
1894
6661
9298
3166
830
8321
2982
5449
1931
8640
9228
9545
3979
1820
8849
4695
2375
6519
1278
3294
28
6472
961
6559
1906
3004
9364
8012
7651
5970
3780
4941
1638
9203
2556
6872
4764
2828
4419
9503
7975
2487
9549
2340
5944
4436
9729
8089
1773
7439
7835
5501
2458
364
6399
5352
6905
497
7842
3756
6766
6876
698
1266
9653
2764
5072
66
8277
3436
1700
790
5622
7944
6577
5802
1865
952
1076
9884
8437
1749
8138
5825
9053
1061
2055
1772
4072
6674
3969
5761
9141
4551
6340
5807
9751
9305
4746
2670
9016
7266
8497
850
4848
5145
3620
2850
419
1373
870
7464
9192
8406
9929
631
5547
5989
696
8251
1383
3316
4801
1980
6916
9210
5467
6554
1301
6988
401
5133
6588
1888
8083
5309
9807
3231
8237
351
4455
2428
5465
8784
1885
3611
4721
697
329
1211
23
7943
7095
9817
6582
8224
6254
3247
3469
8808
367
2078
1189
2468
1954
3539
6258
6851
2576
6883
2130
7171
7337
3200
5995
536
249
7354
4305
5316
5261
9033
510
9348
5387
1088
3147
2444
4533
1281
2888
7155
8779
6055
1492
600
6084
2910
6369
8652
7029
4566
5033
3416
8654
5792
4853
4806
6391
4968
2472
3830
5461
1634
9177
3840
3774
9368
3793
31
7853
2728
3882
8046
8793
8483
7169
9658
7271
5509
550
6843
5462
9052
1251
1176
970
6717
4949
1946
1913
7347
147
4180
2776
2499
505
3745
6687
6974
5055
7604
7063
1210
5311
2708
1002
42
4856
3606
5894
8920
8069
4745
386
3710
1881
3159
388
1598
6975
6353
4637
5877
700
4658
9169
2331
7387
7201
1823
9193
7492
733
5304
668
8997
6495
3085
2485
7672
4100
3210
3540
951
4398
2986
2336
2773
1128
565
7531
1722
3754
8279
6919
4206
8642
3405
3760
471
2635
3364
2248
4830
5194
271
4109
2564
2291
3412
3060
5139
6473
656
2729
9106
8811
2723
3001
7977
7854
7945
8307
8028
4426
6392
6480
9351
4143
6735
3399
1236
6384
7241
5088
1905
771
4343
5448
3868
1346
7980
5819
524
9402
6387
6079
8595
9246
2019
3629
2501
1788
2631
3130
1728
8933
549
3824
7327
2671
9073
5123
6485
8093
9897
7110
1145
7678
8170
3183
2515
1750
7538
1381
155
5457
1764
628
2221
1309
3874
8740
8072
5535
1006
3662
6396
7024
3764
660
6458
9092
243
1282
7417
7212
2903
934
6426
5231
3837
9535
3033
1965
274
6774
5834
4294
6071
7207
2726
5326
3493
3062
7602
1037
8252
9714
5964
2423
389
89
1733
2837
5960
245
7847
9288
9684
7343
3041
1732
5581
5589
5800
1548
4059
3825
5512
9718
3737
140
8304
7637
958
2405
9982
7565
7179
2337
6154
5582
6936
9330
6632
1992
9857
5306
8769
2438
3736
7364
8294
8040
8857
1833
7802
3414
8140
8169
2369
7586
9479
3390
4648
2597
2707
1632
3321
2284
7799
4554
1822
2693
8480
177
5933
1318
7305
9164
1144
3246
7513
9951
3854
4339
3026
1336
395
3842
3338
3704
5432
7716
9464
640
90
7380
3432
3858
8432
7816
8795
6424
6286
6852
2990
60
528
9449
5609
8411
1737
5063
4560
8931
5257
3162
7128
4802
3489
591
9396
7244
9072
2338
8199
5661
4373
321
6207
3845
4293
2203
8939
6235
1170
8074
5640
9920
3529
1488
6800
7206
4564
2572
4118
6132
7355
1582
5765
1147
6010
3525
8143
3019
3453
4119
5552
5280
6229
4445
8085
1658
7256
7010
1499
9005
3222
2126
8476
7739
347
9879
7649
8996
4537
9461
3158
6444
1678
4151
8216
4350
4063
3442
8854
4762
6756
7958
7301
2289
39
2861
7594
8099
3049
2809
9347
1649
6346
9129
4868
7431
4587
8053
3728
3832
4374
4465
3007
5702
224
8773
6216
7419
1819
3195
2209
7984
3547
2679
4936
5406
8590
5090
6890
4422
7749
9888
9322
2800
3110
7689
6138
5230
6419
6615
1884
9428
2303
5410
2272
1469
1538
3426
8320
1239
4891
6281
9107
2801
8214
3988
1389
7350
6107
2580
3799
6297
2607
3234
2330
2532
3218
3261
6163
9896
7366
6907
2543
8082
761
3534
1620
4307
729
2945
1247
6428
9901
9173
799
4723
893
1158
7670
2441
3711
6056
7726
3624
5287
6638
1770
6406
1149
1032
8186
8718
6845
2440
332
8369
5967
2790
2784
4873
7298
9898
1143
6378
1636
5560
3543
421
2092
4043
1988
3911
6520
5073
6570
9942
4189
103
3308
5140
9776
8449
9436
8870
3301
7899
9970
9585
4682
1078
2730
6681
1285
6130
7665
7299
2481
1830
6881
9785
8622
7132
813
5873
8248
365
5117
7489
4779
1070
594
2629
8004
280
4284
8037
3647
6383
4402
8823
9514
6097
4810
4966
9569
2771
6385
3528
5384
4715
9553
4608
7
6415
7863
9174
5869
8603
3377
7243
6911
8679
4544
829
3520
8677
7569
9004
9020
9975
8991
7582
8350
1831
8553
3336
8149
6597
1083
6875
9783
629
5439
6058
4895
4420
5931
6166
8545
4952
701
6076
6734
45
1591
9458
2242
4703
2782
2259
9137
1787
5020
6350
5833
1016
4425
1194
7031
2344
8664
5854
2536
8222
6660
8498
1926
4553
1060
7618
1245
9592
5234
5956
278
9616
3677
6556
9249
9111
3492
4040
8771
2786
7727
5669
2268
3694
3702
3994
4233
2050
1813
3125
7349
314
5638
6829
3282
5965
1648
2144
4532
6262
3171
2925
5492
1694
881
4030
4855
2230
3829
3008
6897
7803
3712
1793
5946
9589
5838
8211
4160
4828
9036
7319
2174
2193
4693
4062
8754
1589
7411
7952
1294
7788
5969
8133
4044
4517
3909
8509
797
5747
4662
1828
5085
1849
646
9097
1203
6176
5803
635
9777
5647
5172
843
5027
7511
9782
4440
7143
9133
8303
3462
6533
853
2981
1487
1606
8035
7148
4056
2530
6295
9849
1842
8171
4656
910
6274
6019
2139
8962
2593
5207
3759
1232
5153
9574
1647
789
8660
3094
8764
8860
5329
3098
6651
4253
5227
6000
2177
5543
1087
9913
3226
4581
1056
292
19
2978
6309
3772
9654
486
935
5709
1950
5401
4841
7533
352
4348
8537
8950
3915
3927
4923
3752
1031
9720
1908
4884
9445
6587
5396
787
6873
2163
4699
8908
4035
6075
5249
5603
8293
8057
7475
7902
5469
6182
1653
4683
1777
7248
6228
7887
4058
2870
4833
5094
8786
5706
1034
999
4933
6770
4776
867
6906
1993
6018
9275
4867
882
1341
7045
5799
9124
1957
9593
8778
4799
7879
5718
82
3503
5205
9628
6594
5604
5878
470
6737
956
3274
2005
3552
3340
1288
723
5567
904
8027
5939
6211
2115
6647
7986
6908
974
2964
4896
4257
6775
520
6576
6772
8792
1493
3186
3907
4571
7907
5632
3878
3137
295
1759
2700
9042
5961
5012
6186
3680
4444
6553
4503
9971
1114
9510
9284
2639
608
2352
5418
5104
5926
3972
6307
8326
5844
4102
9772
7240
473
6787
2496
866
8147
3955
5796
8878
8820
4302
501
4698
4767
9566
4926
3598
4297
1693
7969
2727
3577
4880
7613
4453
5951
3373
7017
6836
5885
5649
6946
8625
4327
3657
4914
3358
4644
6503
3965
7874
8998
9775
1520
8620
6088
8117
97
1073
356
433
54
8348
1928
393
7191
1827
8276
3542
5993
1556
1617
1692
3666
611
4550
9637
3345
4471
6977
64
2400
9905
2285
9885
9350
5846
2071
4095
9632
499
1969
5305
7528
1111
9253
9915
9953
6902
3631
1164
6320
6725
8066
1628
4278
3063
5540
4983
4386
5814
3237
8732
2197
6610
1509
9311
7497
9244
1287
1716
5938
5255
1853
1581
5350
1518
2091
7699
5360
6506
605
7016
966
8141
6871
5161
7466
2565
5365
3003
4751
2641
4434
9485
4651
980
3276
7591
7978
5042
5642
1259
6298
7993
6783
9611
5171
7991
5155
669
1331
7457
2124
4718
4195
6338
5518
6255
4439
221
1507
7770
996
9131
837
6325
3894
8494
8352
7804
1783
4903
3713
3169
5513
297
3214
5880
4912
6312
3554
6184
99
5394
5210
8593
1929
9292
7052
7551
6433
9050
2147
239
3437
5192
3741
1100
9502
7831
5725
7590
8414
4413
3644
7401
4162
818
5879
1044
6204
3599
7131
9019
3044
6925
1594
3557
5109
8111
6628
5855
8031
412
4819
427
8511
5962
6713
4022
3524
4702
9522
3876
1466
9799
8544
6842
3394
7639
3084
5189
5367
3148
8955
5463
6701
5929
5382
2328
8338
5259
8903
4529
3751
7436
5504
9230
4734
1861
5664
5771
693
5095
8841
7722
1729
4410
8441
6133
3140
3146
5211
727
3628
2142
4313
3150
3585
7655
2068
7320
1025
2805
4106
3271
9232
6405
1054
4673
1557
4994
9187
4094
995
2016
9482
1317
2009
3617
9045
8536
8969
6377
580
4407
3880
8624
6008
7324
2827
2445
4317
9221
5705
5848
20
8427
9870
4026
2214
9247
5524
9934
1530
2198
4288
5323
3954
5815
2710
8666
8948
5776
5681
2601
786
6413
7542
1090
6813
6522
4628
1340
8333
5493
7815
1760
2956
5444
264
9380
4736
5138
4319
3995
1989
2367
7825
5091
6877
2371
6782
5553
4490
8851
3934
2779
2621
9667
2996
7443
5813
4661
5003
2374
5670
5625
8403
5119
661
9924
9691
4632
5767
1135
2180
8923
8310
2965
663
4578
8490
3431
9928
7761
6860
1388
3998
5892
8616
7721
8364
9973
5497
9483
4186
1043
420
6242
7530
2732
8451
8106
7499
5102
8605
7162
7261
9769
193
160
7015
3136
4149
259
9822
2475
9537
3076
5456
7673
7707
8806
2985
2257
3896
2067
6218
913
3249
4502
7139
1869
5086
8937
9821
7098
5310
9812
3831
2611
8518
3343
6926
3472
1322
5768
9847
9750
8172
8163
7792
4913
9539
5322
3256
3134
1670
6579
2630
5875
8571
5614
5397
6137
9180
4161
1552
3380
5478
1687
6412
8613
7163
5466
6757
4462
4261
4504
858
9579
1698
7758
2018
9307
6435
4270
2046
5307
4750
8701
4922
7763
5743
4246
5949
3860
2534
2347
9541
2683
7342
8759
1616
8257
6114
6276
7965
3560
3663
767
8008
3846
2462
664
8532
5666
8709
2022
8068
9761
8741
2813
3622
4054
3753
531
498
9770
5010
7182
759
7800
8836
6600
381
1854
8059
118
4249
3054
3283
7020
7720
5038
9994
4700
5208
232
3334
8275
9634
1240
3374
7561
8521
5689
6023
439
1680
9819
6177
9960
3337
136
1150
5812
573
9152
5930
1681
9686
1024
2357
6626
874
7717
9081
4362
3229
8685
731
7818
5324
655
5544
8412
8380
1504
9925
2549
4629
5905
1012
9866
9394
8579
5563
2012
6200
5242
1198
5784
5184
4906
4624
2379
3566
9260
9941
7560
4499
384
3802
9867
2128
8464
4812
4742
2754
9902
827
5386
6285
625
6927
8738
5897
5116
8680
2661
8151
9767
6968
4977
4713
1280
1741
4269
4442
3109
1986
4318
6331
2294
4843
4788
478
2235
6026
1183
2154
8639
4365
6695
2393
363
3132
9908
1890
9516
3730
3615
6557
7557
6795
3350
9780
2863
3485
5131
2212
2356
6348
6727
2560
9149
7086
6467
7937
7338
5373
61
7317
3352
456
3131
4223
6119
6731
5430
6998
783
1279
5317
2873
1852
584
1140
3483
1055
1976
6170
2684
2388
4959
8910
5676
6372
9918
3188
6279
7242
6447
2329
3823
5756
6994
9698
8332
1543
3111
8203
9625
1014
2951
5562
1437
4668
16
169
6121
9068
9837
464
7101
3945
3268
223
9066
3672
2039
560
4605
3594
2293
1156
3851
1866
8958
619
1699
2429
6966
5267
5328
3086
7797
7781
1050
5726
2609
943
8260
3527
551
9520
432
2110
6374
1566
7026
9024
5896
1472
2615
1510
6500
9026
6914
2992
4531
9204
3884
449
7570
3313
1020
8469
9538
8657
7555
9999
9948
7995
5824
9530
5451
1939
2715
2038
8890
3559
1725
3949
5694
9968
9121
350
4271
9525
7396
1900
6551
6089
686
1324
7050
4481
5499
2255
9696
481
9342
2697
5345
6196
6987
1220
2321
4939
2991
6640
692
1887
2608
8039
9252
4800
4588
8954
4287
1271
2763
7838
5335
3582
8548
9531
7917
3248
3005
3151
3216
2748
9949
6920
3027
379
2299
9526
4935
9426
9582
1290
9840
3297
7478
8727
5957
1723
1069
2332
9900
1086
6441
7153
7905
5481
4306
3198
1761
5959
8672
2711
2263
4415
1105
7127
8834
5523
1608
3323
3795
2606
3835
8729
7224
2646
719
5517
5015
9422
711
8973
8675
244
2804
8647
5710
6839
8519
7141
8029
5797
8020
5453
9058
1719
3940
5452
2720
3709
2998
3813
4229
9527
6127
1995
9315
5601
4688
5427
7391
6746
6837
266
4671
263
6550
3087
4130
1967
7737
4361
3921
5250
7646
5735
6323
8627
2278
5315
8862
496
2901
6726
8175
2112
3397
1175
9978
6037
4552
4477
5671
653
8906
9832
3100
85
225
8524
6962
1834
338
6028
5017
3201
189
7620
4360
6566
6732
7983
2040
4521
8212
3342
5277
4184
157
8079
3828
482
8824
6864
9304
1534
4942
1641
9306
7642
906
5006
2117
9517
3746
211
6199
4590
9763
3113
6771
2250
7395
3556
9489
5678
8505
4114
1479
9070
8144
4607
8042
6465
1096
5588
215
2940
912
6879
9736
8540
4711
6292
4865
2029
5319
2160
1796
7600
5376
2843
5431
2342
6878
5215
7640
6642
3434
6590
2518
1082
7100
9798
106
4367
6052
1370
9452
7752
5895
6809
2237
5264
4017
1818
6300
9366
518
9692
9410
1673
8517
8387
3908
4117
9332
2908
7151
847
7060
3873
7087
8159
7654
5160
1596
3634
1675
2797
1721
8662
9893
734
4250
3597
4276
7718
3703
9201
2164
728
1392
1621
781
104
9604
623
1332
8695
8098
68
5741
3991
7384
1547
2949
7709
2889
3859
9570
4338
900
8861
6393
6581
6656
4256
3575
7691
2069
6820
824
9788
791
2517
2054
9673
9352
8003
2027
7948
6569
8822
7925
7658
1743
2143
9622
7111
2082
8474
9487
1878
3372
8893
3457
8577
4676
9771
3185
8879
4084
1214
258
7056
371
1146
4835
3810
8400
2246
3856
6832
4140
3073
8555
8014
153
2744
1668
1394
1438
1273
7823
8828
2523
472
9600
255
9586
8187
3156
1971
1250
5760
9386
315
6363
5484
1123
2309
6189
9617
2334
8243
5378
7635
8416
4852
5744
477
3653
8753
6637
3413
8717
9550
15
6043
1426
6272
8331
8655
1917
4773
8428
8696
2434
323
9295
3651
4486
4814
7577
8554
4771
3512
8978
1859
5442
2169
1630
2417
2958
8462
8426
2591
4078
6330
6417
9558
9500
6497
509
2256
6686
590
4780
5850
6020
7465
8723
9987
9844
1896
9533
3145
2767
6841
4954
1805
1539
894
7092
2188
6034
8492
9400
9827
8844
105
11
806
1704
2286
1138
3236
647
6591
293
2478
2057
7571
604
6025
1734
251
7042
6355
7137
9318
8382
6670
1051
2832
3291
4962
8050
8095
6504
3242
474
6341
8346
3987
876
5423
3956
1600
7253
1667
7072
5774
9810
1962
174
2168
6230
3000
8457
6899
6816
7941
9281
6317
287
7389
2350
6539
87
4450
8501
4881
8372
636
9864
3490
540
7760
2676
2667
5150
1919
7756
4393
9435
1840
288
5658
3488
4331
1558
3346
1391
6411
3402
7274
6796
120
2365
4193
84
8747
7852
6528
9272
2136
9824
8837
571
6614
9387
891
2002
4108
7487
9082
3032
5853
7173
7543
5643
7154
8825
3614
5165
9739
3727
2948
3179
5179
9513
4002
5836
8341
3671
6074
6999
74
8253
6061
1033
2900
1480
3937
6761
1342
7544
6420
8667
9790
4359
5595
7817
4574
8105
9357
1478
5534
3893
1237
2325
4240
6983
5110
4459
2859
2471
8748
7628
5146
3011
5364
9145
9773
3285
846
5937
466
7837
9475
7348
1131
5087
7273
3570
1161
9337
4009
8760
1139
9211
4765
9635
5789
3289
7988
8102
8900
4057
1964
2865
2547
6070
9001
4899
4334
1526
303
7529
4871
8316
7047
6261
9725
9894
125
4827
5045
1622
9730
312
7615
5338
9291
4301
1527
3720
4028
156
4092
4283
4831
9157
7329
2306
2087
5097
3976
9200
6106
6885
519
1253
2199
2224
5002
8189
2814
5891
9172
545
7508
4036
9972
5751
8420
6197
9191
5786
5832
8994
3439
3015
6673
4782
2418
6275
3827
9926
9996
7002
1771
6156
49
5662
4717
7064
6639
4446
3981
7321
8153
4712
816
9096
2849
7459
5818
8154
1263
8525
2137
6077
2829
5921
9296
7360
1784
2411
2493
7323
167
4364
3475
7567
4589
6287
6427
9223
5753
9011
196
3121
1506
7276
2402
4741
9613
7769
1303
2011
5185
6227
4142
5066
6963
4990
6959
1657
8557
3997
9037
9955
926
6945
4353
4292
852
36
422
4376
5920
2254
4236
7738
210
7195
4593
2824
5864
1425
468
1229
7923
8813
598
543
6194
6759
7883
8126
977
6740
1909
9258
5060
1984
5132
9071
7563
1003
4674
4905
8708
1562
4388
4304
6733
2079
8087
7330
3388
2449
3551
3499
8957
7744
4168
7116
3048
747
2590
1718
5533
928
2121
6327
4188
3454
4488
561
5134
3255
7345
4263
4447
3306
7237
5436
6807
8650
5660
9087
9061
8285
4342
9369
7629
8992
4480
1559
8631
2123
9703
5996
1010
5440
2555
423
7743
3706
5008
5068
5704
9947
8184
2803
56
2987
8244
744
9642
4405
1782
9988
6867
7272
5213
5067
8473
2192
6751
112
5733
596
2699
7677
337
9640
4326
8356
8999
983
2103
7070
8777
4774
2795
4675
9887
8396
8017
5093
6869
1363
5128
8314
188
2695
3119
2622
8259
1255
469
6865
8674
3928
4282
4739
3522
8927
4116
6538
2010
6752
139
4458
8661
6765
6598
6024
1806
7827
7186
800
154
651
931
9119
7438
4401
2074
148
6754
5916
5612
6078
1689
5912
7638
4394
1306
638
5361
6136
33
5608
6379
1433
9804
8091
5232
9965
6607
6711
8707
6096
2640
294
991
1443
7585
2086
3446
1968
5503
5713
9910
8895
2316
3112
3789
9737
5152
6951
7955
4086
265
2236
4277
9222
1224
6112
3435
7306
2869
8552
3443
6349
1525
6463
1335
1873
6544
3296
2852
9748
6098
1300
3996
2460
2659
2841
6604
4303
8848
3278
2476
9451
1609
7807
5026
3494
9287
1824
2431
9480
5911
3513
2525
9828
9420
8142
2592
9312
8905
1200
3021
4314
3329
8952
1230
8353
4706
2751
3223
8179
9556
1142
1549
8221
7289
8271
7844
1432
7982
9391
7861
6306
6125
7947
9966
823
7889
1991
1041
2313
6193
7778
6561
8397
4755
566
2450
7783
6329
6371
4210
8734
78
4456
8629
8528
2037
6518
3796
9899
6923
7367
6322
6562
8342
4528
4563
9079
7113
4965
1955
6541
7012
1505
3609
1612
6571
9392
1800
821
1455
343
9883
708
1476
3803
5591
6997
529
7477
2535
2995
8240
145
426
4795
5458
2810
3203
4048
1601
1333
9219
1512
7222
5505
5900
2747
5175
2567
2554
6719
5173
1267
8924
7862
9663
6315
1768
6803
8458
5579
3782
8975
9677
851
6217
1186
1974
2988
2390
4423
2689
5030
7234
9341
5270
8761
3404
8056
8196
5052
9002
5801
7159
2685
8454
6826
6730
8543
933
6808
3685
1690
1889
5450
2654
3284
4622
7022
8989
5787
3970
1344
9450
2548
2979
1468
6935
5707
4219
301
6698
6145
5202
3887
7885
8315
9388
7518
4194
1304
4383
9156
4124
1035
9614
3506
3947
1726
4045
7913
8109
7145
5924
6797
8665
4113
9113
8538
2823
3360
5383
1254
5525
6779
4209
6357
5966
4064
4506
284
6825
88
5748
9895
3690
6239
8043
1654
7588
9411
9512
620
8290
5366
3608
5157
304
7385
1644
9577
5556
6595
5217
6769
3009
8204
835
7412
555
1610
6446
6333
5866
370
7476
7710
884
6214
4591
5078
839
1378
387
4716
360
3739
9462
8410
1402
9135
5235
9010
614
7422
2507
9226
3504
6939
3124
3293
8049
1623
9959
3645
8165
8468
5048
8128
6434
3243
9805
93
3719
8242
9762
7117
9227
641
1864
2034
4104
575
5975
4898
4467
5716
3766
8097
8758
1938
3819
5297
1120
5460
7215
6030
6462
6149
2705
5845
648
7280
402
3385
7496
3167
3749
9243
2881
7030
1597
8450
3420
742
2302
6991
4606
3487
7812
1375
4730
3501
588
6046
9645
9438
9643
7226
8712
1397
7579
4815
9728
9868
2116
2300
9014
2858
6247
807
8355
6952
5120
1399
9544
4823
7373
986
1602
7136
6645
8045
3252
8535
7085
1452
289
5482
127
4804
7415
5990
7065
5222
2107
203
5114
6244
1241
4354
2762
9229
5578
4885
2600
3923
4738
5204
4470
3327
7495
3812
6618
4472
5790
1116
5546
3034
8206
4686
4424
3792
3654
993
272
1244
4412
5348
670
9127
4242
9085
9425
1942
5421
5899
5077
446
4505
6273
4603
8987
13
8612
2196
8539
3885
4460
374
8078
6278
6259
8819
3775
8485
511
507
7129
3943
7534
2713
2731
4381
756
276
8615
2148
7583
6658
3225
8963
6555
5963
9316
2918
9835
7262
1174
9399
7469
7663
4854
7371
2586
6471
8676
3785
2857
9418
8913
5732
3565
1045
1961
6319
9269
313
8974
4567
2260
8556
8574
6605
7251
3267
6159
6568
7903
3596
6268
675
3920
6982
2153
9745
8643
2766
9806
6418
2906
5409
8092
5841
1451
2709
684
522
1177
2014
75
5416
8925
9786
7936
8119
2232
9504
5477
5320
3371
6105
9581
6265
775
5793
3465
1134
9325
8379
3841
1569
4887
6981
4747
7000
1501
9008
2187
4911
3743
4813
8125
9995
8869
1431
2251
2880
9078
1533
8052
5858
2457
2157
6481
7316
9869
6450
2304
8435
444
3733
2023
6335
2721
8255
1575
6521
6663
4479
322
7405
73
7318
606
144
6054
1063
5541
9666
9015
2298
4129
3173
840
4214
5711
1286
6388
6954
3277
9904
878
1659
5645
3384
1329
3500
6044
7686
8735
714
9429
7622
8956
9990
1956
1553
6358
4670
8104
9056
2138
2171
9852
6823
6129
3108
6316
2026
9845
1941
8215
5337
2876
8446
457
6190
2114
2353
3142
7077
4548
5363
6564
1338
8724
6814
3770
6707
921
2602
51
1362
1752
2004
4159
6715
5918
1663
9575
616
2455
8327
6667
3024
8549
1119
9880
5893
3409
9964
5621
2936
7413
3045
8921
3649
2134
3096
5260
3944
195
3576
8934
8456
1936
1532
4371
1216
3312
7340
792
6402
673
1401
2690
8373
4232
3935
4197
3784
5907
1586
7536
8926
7997
3900
135
7130
6252
4029
755
548
3731
4597
4391
6266
434
7421
2060
6789
8038
454
8711
5827
4655
8702
9774
5672
7631
8479
2980
3607
8983
1595
627
9339
6041
4238
5473
4004
2000
2806
9382
6680
3897
1284
8000
2132
5723
9671
7644
9186
1461
9371
9619
1376
9793
5806
3081
1868
9499
5076
7491
7193
7608
7043
6155
3763
5218
2922
2239
9930
7005
7662
2968
4599
2226
3863
3392
7855
1053
1720
479
240
678
2624
3129
4657
9041
9697
9431
5004
4245
8067
7801
9820
4536
7753
8899
5502
9507
5607
5769
8739
2546
3037
8164
1696
6215
9035
4107
4641
6768
7446
9802
8467
819
2694
1029
1867
1371
7313
8178
9293
1797
5978
7700
7190
4352
1484
3564
5537
7205
8391
348
1851
3778
3665
1958
3925
948
1765
1435
4097
6547
8145
633
1517
3667
6744
1168
2335
3849
8455
3688
2186
1577
1071
4463
2282
599
483
9120
1151
9875
4090
1204
175
8714
9158
4792
5663
6238
2276
4320
7249
9089
7532
9816
41
6778
8671
7393
3999
339
3403
3881
1519
5065
5313
5755
5404
359
2008
3558
4615
9448
9349
7517
5455
1613
6758
8892
3089
6788
8598
5923
4337
7736
8024
7216
3960
737
5417
9238
407
3206
5798
3075
2833
2031
1434
5745
7080
2436
4509
1080
3571
5683
4204
6165
3182
9680
8298
1348
8135
7715
8084
9733
6310
9497
841
6596
7404
4927
2961
3010
3311
4138
7886
8783
4190
6677
7865
3449
2427
4991
6965
7041
4377
5652
2384
6004
7435
1655
9454
8393
4920
9216
2001
9443
4182
984
4859
4234
205
7774
7954
892
2377
345
1625
9455
3762
5646
3696
7998
4105
7926
752
3391
8030
1040
9159
1107
5412
1573
2277
2210
4154
1934
9301
9583
3656
4101
7751
1209
2926
915
2006
5701
3422
6219
4775
5561
7217
168
7054
6831
5278
7934
1081
7308
7381
1914
8891
3288
2028
7540
6548
2063
4201
4042
277
9363
1152
3239
9013
2970
9377
1537
4469
3519
2047
944
5197
927
4511
5618
5013
1283
9403
7152
3716
4805
