6232
3125
3299
3015
5756
9731
445
7280
8586
9277
9374
8557
4728
7794
1881
7014
9296
274
3388
5121
3537
4081
998
1674
6062
4941
5047
1088
9955
5164
188
2430
4707
4585
2744
7610
8939
2719
6329
6414
7473
9271
4944
7149
7293
3013
2392
9436
7563
8066
3564
2058
4301
2382
5271
2418
8642
793
9858
8952
4525
1048
6464
2827
5157
4703
2881
782
4791
5015
9810
9201
7650
500
5944
6059
1579
3711
3924
1018
2486
5087
1039
1177
1934
521
6642
8008
1309
7830
309
1864
4379
4204
1093
7349
7031
3099
9309
2918
2129
2410
8168
2566
3810
3336
9831
3245
6304
4069
8759
3174
3019
9178
7585
3266
8521
9115
9366
163
8710
5809
6896
1578
3353
587
8314
3913
3757
2541
4093
9996
4800
9062
4655
1849
751
4648
8264
4407
2584
7428
4962
7244
9637
2944
499
473
9183
903
3895
8795
964
9603
5237
8930
6583
684
2013
9265
6344
5079
8081
9118
6769
9878
3076
4155
925
5579
2257
3880
5876
6755
4877
572
2192
5009
6112
4486
6443
5992
4545
4280
695
52
1953
9523
8753
5273
6154
7519
3669
2269
3057
6006
7567
223
3936
7404
6283
621
6492
3664
5110
5224
7038
1794
3151
2317
6482
2411
5120
5167
2860
5908
2497
5413
1866
5396
2630
279
4004
6276
1816
9235
4550
4575
3440
2994
5392
7536
8061
8177
1398
851
5016
2603
4514
9377
2610
1611
1035
4966
3435
8888
9159
5272
6032
4985
6132
4723
4210
5025
4346
5083
6770
9155
3632
3350
2627
5347
4956
9844
3953
5929
7429
6104
6972
2039
6082
4968
3382
6342
4468
4453
4413
8115
4077
9704
8957
6410
488
8423
4556
5715
6528
5412
7466
491
3131
5918
5029
8201
1861
4128
9140
5049
6498
1679
4103
4325
7762
9934
2639
4700
6129
1738
3899
7001
3658
9902
3960
2558
450
3295
9353
6615
6924
4795
577
2082
5018
4988
2995
9937
4310
7229
6719
5629
5319
8906
5003
8590
8109
663
3297
9440
883
6687
108
1299
3644
6506
2533
9391
7434
3459
543
8661
6734
6347
1106
9333
9892
5958
5621
5463
8644
2547
5760
7374
3325
6915
8652
2729
2655
7797
117
8315
6558
6015
7969
1281
4459
3798
2197
9693
3041
3944
3763
9856
6190
8272
7791
1999
3176
5743
268
9620
4694
4100
7179
5465
1681
7388
7527
5903
5096
2624
4362
9160
2663
681
6733
1553
3415
9182
5338
8370
2316
8531
7278
6228
8130
8124
9400
2101
9084
8277
524
4475
8436
956
5959
7211
6721
3067
177
1619
3391
3349
8731
1449
6044
2503
9668
6341
1641
243
3274
7695
6328
2011
544
8696
3458
8407
6499
15
1954
6757
6449
9952
3395
2631
3441
4053
4505
9457
4187
1539
34
3675
337
9596
1984
6962
2767
4917
3272
5407
1543
4872
6864
1278
1547
7614
2065
9624
8087
3784
6880
5255
6598
2185
8491
412
863
5321
7379
3132
5433
2444
7377
6667
634
6987
5816
5927
5013
1747
330
2700
7307
1402
3709
432
3219
7755
8099
2614
2763
8669
9060
8942
4772
9242
2021
7928
5870
5100
2852
7964
5792
5983
8246
5388
314
9958
90
5256
3697
652
2738
6437
2377
8016
6267
6836
5221
8327
4651
6201
6293
5586
6827
871
5947
1220
7683
3472
1098
474
3253
9124
7801
3169
2273
3584
4799
8291
9177
6964
8597
1639
7613
6605
3276
5332
2335
9701
1057
5559
3414
5189
6956
1901
4802
4513
4112
3447
2383
4039
5476
9251
5650
1426
3304
6401
5924
4516
5855
5101
5184
3324
7065
5968
1263
5986
4152
5434
492
8783
8122
7676
2586
8001
9985
8048
482
5061
3000
872
5376
3444
4442
5409
2693
8212
369
7897
6012
7532
8435
4523
9141
6352
6883
6247
7113
1499
9520
616
6224
6699
6427
3922
1298
5956
6631
7564
2656
4311
6404
5583
4355
7138
2601
556
9497
4491
560
9495
4282
5735
1943
3232
5068
2470
2824
670
813
1635
4806
7789
5130
8111
5473
6084
42
6794
8667
4927
5129
5204
7306
7064
6711
5429
464
410
6832
8393
9867
4304
9382
2086
4521
7143
3433
8285
9790
3692
475
6708
7661
8697
8726
4276
6865
8572
8937
6916
1233
198
6829
1145
895
3178
4821
495
5834
9880
9339
4487
676
703
8448
4627
1777
7980
7265
867
8116
8684
2769
3501
7694
9875
332
9859
1667
4023
3452
8582
3412
5793
3598
7127
4374
7458
6045
1654
1358
1407
999
8950
5859
4019
267
1129
6989
3586
7165
38
2892
3591
4605
9558
6432
8162
8567
1234
5886
1443
225
6927
7697
5605
6024
9291
5330
7823
9793
906
2560
562
9385
7962
252
9647
5964
6489
760
5623
6683
3575
1023
1583
3376
6603
8105
5796
2802
588
9164
5414
1081
5853
2912
5341
3187
5771
3995
1810
7348
5455
237
1477
9923
8282
9857
5738
3856
948
1108
3790
7183
6611
8811
9514
5331
1676
167
1079
1327
6168
3443
9848
2172
4727
4567
9871
804
8226
2945
2574
3023
3891
5648
3111
7938
9916
4913
3599
308
9842
3332
9165
8053
2262
9189
2492
8592
9445
4439
5026
1430
6509
66
3949
765
5381
3551
4167
7140
5404
2400
2167
456
4536
620
8198
3275
669
9929
6814
8575
3344
5817
4110
5698
3368
2963
5156
70
4410
6592
9112
1442
1238
1466
2290
4341
6322
8536
2648
7450
7258
2213
7217
4027
9645
6579
4771
2195
5348
5408
2795
7806
668
6675
5185
6707
4718
6595
9399
9950
803
9237
2109
2247
6148
3725
557
6759
864
2088
7108
4083
9479
2315
2956
2697
4038
3237
2777
5027
7226
6495
1870
118
8006
2087
5821
4284
1521
8574
3186
1655
9050
6204
5324
8600
9799
4229
6652
8301
7392
6742
4528
2782
5819
4856
2695
210
7268
5281
4189
9904
9208
504
1393
5832
1078
1489
9268
3054
6429
3987
4308
5293
771
4979
981
8541
6302
1544
7245
9617
7054
4332
7965
4173
2579
8289
3504
4751
6101
8803
3097
3805
2344
7028
2267
375
8000
2806
1363
2279
609
3846
4607
7292
5766
5674
6486
9749
2992
9300
3419
9132
9045
3198
2126
7813
8691
5489
2007
2214
9970
6766
3976
2049
2987
3580
3290
5575
8659
7909
6488
7167
2734
9889
83
8591
6456
5021
8188
8459
1768
7807
6205
7343
2612
3562
82
2166
9470
3194
2544
2361
399
4026
1972
5294
4034
350
5082
8389
4847
9663
5806
2805
3898
9324
638
4520
2098
3889
4668
3706
4146
845
3552
4737
4232
9989
8614
3088
67
8945
3708
6898
2426
6313
5667
1031
648
80
8356
3070
6277
1214
8853
1139
9013
4936
623
6897
4711
1626
7859
3354
6594
5467
6144
2438
9782
2819
293
4768
1529
2407
4007
7668
3051
5251
283
6064
9933
3192
8822
870
1140
5410
2035
1080
713
4906
2839
5419
8478
523
5788
8253
132
7056
5058
8005
6952
6316
8717
2879
9714
6422
7476
4321
1388
6380
2514
1677
5231
1830
4683
2353
5387
7651
9535
1464
7391
5830
1971
9151
1002
9221
4492
719
7274
8
6782
7363
6130
8352
253
6834
825
3083
8558
6749
6193
9555
8664
3792
5923
4770
6454
4563
9352
1338
5023
7749
5095
7366
4875
8449
1712
5825
6998
4480
2569
5880
2111
3454
7352
2365
1799
3833
7367
5966
3528
8184
9968
9299
4640
4824
9456
7396
6340
3941
235
323
6828
9761
3451
4130
2302
3707
6698
7213
6407
6716
3589
1244
7285
4318
1994
4937
4320
1096
954
8863
9942
6120
1872
2222
2139
3200
6586
6714
4045
1406
1665
387
3022
6866
4161
9029
7449
1839
1584
1355
1740
6268
9392
9097
6258
9198
7446
4317
3328
2937
3663
5951
1469
3427
418
8835
9066
8311
7963
9930
6582
975
9162
9321
8639
1564
5872
7489
452
8156
6976
2505
9233
2965
2836
9991
3659
3672
8450
8668
9126
4814
1858
4790
517
8330
3654
3503
4740
9732
3173
2215
4577
4106
3479
635
6967
180
3662
3542
1875
3814
4504
3465
8260
4205
726
3843
5102
9089
6050
4009
2246
6811
9167
5974
9536
959
2542
3068
5379
5539
7190
972
1652
1386
5564
3392
4898
9886
5445
6091
8430
5697
5424
6872
3520
110
2842
2122
8907
2352
1362
4635
6147
7290
4058
9780
8501
2921
3044
8671
9745
2682
8941
4994
8904
1609
8686
9982
9096
4263
7256
1778
9913
1124
738
3205
1232
5453
8821
8131
2517
6036
3121
7544
9376
3514
3180
284
9386
8065
7587
5248
4254
5582
5484
646
8990
2770
7501
4602
6446
9532
5521
3629
1468
5040
1444
8114
5215
7460
8681
4324
5073
1095
7413
4199
8873
5353
6963
1888
5031
5254
3485
9079
8259
4652
7844
76
478
5636
8774
3140
8029
4970
7482
3027
5509
6058
4628
5532
1729
4558
6893
3634
9979
2108
1371
7338
2622
7412
3536
397
2040
7776
4663
3431
1119
8046
9275
8234
2218
7126
4637
7894
7145
5791
1523
9130
8214
788
8648
1850
9397
1616
4604
7601
6679
6946
6461
8760
1563
672
4797
6825
5858
3239
7163
9568
4113
5175
5304
4013
839
6821
2766
6783
5592
4741
8237
7134
1125
1767
5531
4598
9877
2899
3857
3218
3365
6447
8041
6511
6470
3108
5677
9727
1827
5706
4686
2857
4641
5928
1873
3507
3760
3595
1479
2453
4221
4738
2105
8497
4801
6076
7666
5604
4448
512
9629
7879
1253
6961
4506
3998
4397
6418
1068
610
9172
5177
3263
255
575
1091
3172
7430
2531
5278
4818
1890
3343
6237
3738
3778
4611
2321
1773
5565
1671
7724
8406
3124
5494
990
1279
7657
8730
3886
918
8878
6745
4725
1178
9090
821
1274
701
3102
4654
1110
1077
7312
1040
6474
9740
661
8230
4059
7133
8752
9920
4092
7845
7364
7361
7421
5230
4501
4667
4998
3954
1956
2441
5535
3463
2340
5562
3215
5552
3182
8649
1958
9169
1917
1955
8359
1614
5680
5436
9209
3084
4414
215
3741
9401
8958
1003
6983
6177
4757
518
614
622
2760
9230
4685
3
2031
203
5482
6620
2436
3556
9082
2066
8219
880
3544
9211
8381
4976
5457
8543
9825
2623
3731
6541
2864
8606
6286
9599
4095
6485
808
702
3876
1343
1368
1252
1979
365
9383
6955
2174
143
5322
564
2211
3641
4185
7309
8118
1716
37
7483
4781
5762
2829
2875
7645
9506
3964
8471
9791
7453
1249
7461
2967
3768
4687
1217
2089
8456
9967
7875
1154
5415
171
3574
8180
8995
5571
3424
5118
1863
2210
4608
6284
12
9972
4064
1460
7712
5753
9891
9815
7639
8155
227
3080
8581
658
1117
9592
2275
7490
5280
7822
4470
548
9247
8245
7805
4193
1725
2489
9618
263
7488
2726
1149
3667
4921
353
5217
1586
8529
6164
9715
8434
9503
1709
3518
6223
5165
6588
8266
316
8493
8377
6376
286
7083
3242
370
9101
8716
394
4500
6839
2396
5499
6849
7157
3934
9472
4603
7598
5454
6244
2347
4157
9255
6685
2440
7403
3799
241
1726
1985
3549
7654
9764
654
2161
150
7936
5833
4900
5472
1944
2960
6072
2018
1975
5998
9975
7023
3813
1551
3492
6379
1618
6859
1350
6055
3951
4279
1243
1595
3538
3231
5137
8306
4136
1836
5315
874
6790
6899
7332
9484
4006
1242
8481
2689
9119
9433
6671
9851
8513
1731
8623
875
4541
6402
2145
5920
4893
9250
630
8683
534
1295
1384
1375
9642
3892
7206
7078
4151
4180
4467
5584
9459
281
5504
6754
2499
941
6496
7552
757
6187
7729
8989
2865
7204
9488
9071
5610
6192
7821
3702
3039
9635
9899
7594
3498
4581
8028
3298
2391
8250
3803
3578
4066
1226
7365
4916
5556
5897
1941
1766
2196
3775
9367
7530
9304
6591
3407
2448
7550
5780
3289
7
9865
8746
3434
8224
2475
9964
302
2482
8940
1508
1322
4283
4690
9628
164
1963
6362
4531
2884
5153
5645
8825
2513
6046
3875
6301
8768
2264
626
3331
6651
6529
5594
5630
7033
2686
5930
3519
3384
5690
2380
1597
2608
3747
5660
2897
5755
9444
270
4996
8095
7261
2059
6069
967
1720
8975
9414
4401
9602
8361
2157
8603
5140
992
3767
472
9023
2828
9191
814
6816
8064
8307
9279
2714
987
1036
3894
683
1168
6358
3535
3396
8739
7047
4653
305
6664
5386
3774
5220
5200
6641
748
3804
5837
5112
9412
9012
7041
5099
9359
4859
4168
5253
2647
125
3164
7887
2946
5223
8761
398
4719
831
1438
3316
1071
5263
8164
9805
6071
4137
5599
4127
2165
213
8093
8206
7437
8014
388
4420
2256
6596
4680
1805
339
6179
7642
6705
7236
4275
2953
5244
6648
8225
7479
2750
6668
5138
2281
7678
5926
1334
973
3360
2413
7696
9686
2632
5168
7984
9643
6627
5682
3752
9814
797
9270
2181
7706
2721
7891
4684
3410
3110
2173
7858
985
9836
4995
5357
2115
7063
1929
3693
1772
8103
9085
7899
9541
1166
3425
1277
3863
8665
7069
5718
4222
2552
6868
3705
7570
5972
8452
8018
1194
2151
8705
889
9043
8738
3902
1749
8589
2573
2131
5172
3359
2093
4993
86
6239
6798
1950
2636
7155
7982
5286
674
9254
1199
2241
2894
4984
378
5308
5722
4344
3405
1620
4044
116
536
8141
7321
8125
2743
2895
4309
9993
5948
2934
43
182
8465
447
9113
3834
6835
5726
2070
685
7203
8913
4334
7497
9611
7873
261
8571
1351
8815
3996
4328
1059
6463
8135
5268
816
3611
1911
7287
8416
6995
5154
7251
178
628
9597
334
9723
659
278
6971
6490
9195
9478
8080
7313
3870
5607
9055
9017
1987
8657
1050
2890
5306
5241
2163
391
5372
4269
1191
7540
2811
3910
457
8398
5070
6275
9349
6065
2727
5635
5955
6161
139
7730
5317
8656
8391
1046
1330
8256
3931
2916
9123
8147
2266
9107
6354
1086
2896
6116
6861
2520
9772
9577
9465
6695
4088
1215
6994
8841
9589
5109
5085
3613
2132
2787
4522
8650
7670
6109
4349
9051
6365
9935
3329
6337
6460
363
9876
905
5297
7022
2403
5044
510
176
1014
1326
4715
3369
5670
85
3523
651
2207
5838
5588
7583
5458
9186
6978
5355
3220
3340
5176
275
5329
8690
4393
1989
7728
6134
6070
5290
6265
193
2732
6412
8598
893
4455
6249
2023
3096
5383
1493
7537
2084
3155
9560
9632
6614
8004
2718
4661
9641
2755
7079
3009
3914
8302
7327
8138
965
7626
9087
9015
952
1967
7952
2119
9018
3890
2730
7046
4063
6738
9717
1056
8549
9821
9064
3925
9712
9287
3035
4351
2977
9995
7901
3250
3086
2928
2900
907
7521
5363
8431
4712
8049
3715
6241
5128
9464
477
3985
3037
4626
3759
7810
6715
8242
1815
1919
3296
7472
4089
7653
4854
2042
6245
8555
9378
5291
960
856
996
9753
1020
1779
2469
9976
9420
3024
2775
197
6819
3137
5558
1658
3809
8305
9652
6637
136
6752
9196
7617
647
1992
6319
4616
3620
926
3604
6622
9829
2032
5683
381
8165
9658
6663
7750
7277
7464
514
6786
3991
6022
6114
2186
1213
5827
5236
4436
2052
2443
7153
9527
8480
8897
382
1634
7903
7030
9099
920
5581
2506
8895
9564
5696
2866
1408
2217
4761
6312
9534
291
991
1380
9146
3426
2293
8673
6143
7120
4948
3387
2553
1240
4863
3006
9193
2421
5686
6453
4339
5311
4919
3686
2939
4511
1090
7793
8265
4084
114
947
5620
7768
2671
6953
4881
2731
8715
2658
2203
529
7117
7104
7998
9490
742
4691
2068
2123
6830
5127
9481
4183
8834
7579
7382
2646
3612
2216
24
8357
3063
380
4239
3206
11
868
6638
5053
142
9840
3942
1765
3583
6871
8425
6448
6255
4666
367
5113
9286
4285
1268
7255
5811
2669
9508
2951
5609
3714
5090
9262
1200
6527
9756
9670
3652
7423
1736
5905
4241
1590
4618
2504
3776
4912
2330
2191
9439
8438
1798
5264
8734
1615
3729
3152
4782
8635
6539
3916
2862
2816
7742
8736
5080
9769
3038
4869
7956
7829
8778
2232
2188
5691
4862
8502
6612
1266
5946
862
6000
4051
3721
1458
1628
7411
5481
3530
3260
3704
3677
7604
1781
7481
7529
9387
26
6408
563
4356
4050
1733
3355
5975
3807
9283
7336
1450
4580
4721
6052
9665
6561
1791
6823
2943
8653
4228
4388
3052
978
5474
3002
1397
6399
9295
1834
4807
3573
1744
6704
8012
2309
3012
4256
4041
4218
4476
857
6838
8919
6804
4889
8444
2571
6810
9423
1538
8447
4216
841
591
7747
3761
6183
172
2978
60
2812
8269
3403
3033
2716
2901
229
7193
3292
8535
1575
9671
9666
6372
8313
8949
5634
5527
7896
1748
3202
1580
7180
1656
5097
87
727
9362
7727
1201
7451
627
360
5426
6841
6560
3508
1476
3248
8204
8988
1504
4289
4375
7775
2597
8764
4340
2786
930
5469
6357
2020
5544
1550
8439
5225
8421
7746
9546
6452
7053
5864
6593
137
2399
1223
1478
5613
1662
8954
5887
7591
2958
3734
8773
3227
1365
4529
4091
7102
1064
8927
1320
7319
7745
5350
7528
1600
8960
6569
1783
1400
5232
4867
8823
361
847
1739
8610
6074
3984
3521
811
8792
1549
8373
8688
2135
4164
580
6906
5339
7948
1372
3048
1818
6885
645
884
9024
4786
1732
5143
8561
1509
5024
282
955
8010
5123
1835
6649
2507
8832
3087
9243
2248
4345
9133
5601
6774
4190
561
5940
9516
2833
1369
9056
19
6227
9323
8794
6807
231
1735
7756
3651
3858
2323
6061
1107
8758
2346
5750
7968
5150
3873
1184
8935
5932
7925
4566
2983
8833
6940
4484
7044
4609
4861
2853
4430
3553
5777
3802
5653
2629
9751
2374
1607
4274
5116
4171
6360
341
4319
7342
8506
2762
2515
7974
5891
3411
6349
1370
7989
1530
217
1289
2849
2466
4098
3674
9
3196
7743
598
3421
9405
250
5296
301
8395
1337
5538
8149
3515
4764
1258
5358
4938
4122
8067
8139
4562
5814
5767
2724
1164
484
5850
3478
802
1520
4986
7141
1751
6102
1044
1612
3484
6253
4447
7468
4532
8976
9095
3818
6030
8891
5907
2395
7770
716
9409
9272
1806
4196
6491
9025
2384
2343
7205
7994
7368
3906
7704
1526
3628
6108
4803
2062
3724
458
537
3554
5600
6423
9218
3235
7655
1990
5187
9743
3107
2908
6643
9956
385
3112
1696
2128
1518
9499
7908
1261
595
629
218
9040
368
1694
1052
8154
2008
7457
3138
3314
9775
2300
1790
1156
2097
7184
8153
6278
4868
5466
5270
6725
2701
7714
7940
5591
8442
1186
3306
9582
9435
2397
3972
7766
707
3602
8943
4749
4973
6876
5906
402
4406
8843
2348
641
5576
8517
3897
7660
9590
3723
6803
5318
2029
4584
7082
433
1094
6791
4630
9311
6264
5900
9320
4147
7872
4776
1734
1947
1966
3930
6089
1717
7599
5507
1451
9838
8464
1490
6051
5183
5362
6220
8268
9290
9837
838
5042
8855
3781
9511
2446
7860
8487
2594
5208
516
6126
3348
3445
970
9044
6877
4864
2855
8047
5502
1685
4016
8380
4450
8559
99
8292
764
1136
4664
1686
3228
319
4011
5910
826
6338
1204
8355
6842
8542
2450
7298
6784
289
7557
4446
2704
7174
1693
1964
4748
2653
5847
7075
5416
5611
8227
2709
5450
3025
9664
1051
8929
4920
4570
5567
4586
6926
2074
4836
9249
5831
5829
8349
1133
9917
1306
1705
714
5267
1701
5813
2452
3744
8858
7132
3919
2479
971
9626
9417
9171
5390
9531
6345
3404
4498
9037
9170
7976
6691
9080
4381
1210
5145
7581
8360
4473
1305
3496
140
2219
6115
3854
3175
4008
8577
175
4624
6484
4198
5238
4735
6152
704
78
7819
9026
8492
1141
9432
8187
3362
8615
2905
2545
4333
5942
2260
8390
9900
2790
4075
1922
9009
5818
4510
686
6943
55
7718
4169
4569
7021
7541
8889
9720
3961
6756
9065
1323
2991
9168
8192
4565
2739
7194
6537
9518
815
2576
6377
9086
4777
532
5566
1892
4377
3383
5046
7997
4417
6472
1034
9730
1702
9427
4478
1856
6563
1203
1128
9228
5757
2313
528
9041
5447
2182
58
1270
428
1653
1012
3981
2904
509
4530
9887
9148
7025
5805
9691
1120
246
9569
4392
3474
7506
953
8427
3980
3737
497
8038
8112
3081
2903
4288
4046
8969
7916
232
328
8190
490
5136
9075
3824
6982
7828
8102
4951
7323
5746
5246
105
297
1377
1216
9689
4385
9614
5578
3577
5545
1250
8270
7291
1021
2933
4394
6775
3506
3825
4119
2999
9571
3043
4001
2868
7886
4837
5861
6600
2561
4813
5781
1332
5440
3570
2069
40
5180
9971
2414
1403
1246
8262
4111
8763
7420
3209
9561
2154
5210
7003
9809
3665
8704
1151
3673
2389
2619
4240
8838
8106
3842
982
212
692
7335
8968
6010
5497
624
2713
8550
6369
6693
1113
8222
2425
9512
8966
9083
5749
4305
8934
8892
9735
737
3609
8083
8399
3031
9947
1700
3788
4866
3546
2455
336
1433
5351
2878
5703
4395
2342
3887
4132
7474
1760
1161
5423
657
928
7173
4057
5495
8323
8798
277
5375
2923
3871
9705
9395
6914
1889
8516
1247
7664
7628
869
2911
2277
9505
8283
4418
9355
7090
5885
2577
2221
3265
1114
3550
6389
207
4597
415
3074
4085
129
1004
520
4874
7177
7868
5705
4105
4299
8972
5487
294
3727
6073
4451
8293
3183
6965
9672
5089
2877
2680
6634
7106
2851
8254
5548
4048
2642
9244
8956
3418
3940
2094
8404
4025
6519
5937
3483
7647
7310
9431
8325
4551
8971
6136
6606
6167
4783
3592
8946
4588
1455
1385
2907
3320
8875
8524
5639
3746
2103
2501
2651
812
7439
9792
271
9605
7636
5841
3848
9733
89
3078
810
4911
5075
8812
6608
5366
9425
2064
2559
7733
4701
5098
8489
1198
8308
7486
6655
9713
4774
2796
625
1208
8785
6746
2536
147
4202
963
2807
5062
7050
356
9498
2635
4367
5752
4632
425
2048
3522
6385
8720
7703
5869
1596
494
2674
5479
3116
4286
7224
2952
4461
7212
8090
7779
1909
358
5824
7049
1328
7018
3994
5857
6392
8119
8735
2678
4120
5740
593
145
111
4421
2941
6180
7390
8994
4595
8101
2133
5943
4923
6400
842
3469
1349
3713
6160
7624
2919
4150
5878
5202
5298
1559
1556
2106
5936
7191
7202
158
2519
7833
3623
5078
2898
6869
5638
7546
8583
8584
4596
6538
7590
1030
3499
5063
9644
8338
6678
3090
9885
7284
5941
160
8672
4502
5490
736
3952
8674
36
7817
9794
4197
4714
7520
3829
6585
7262
1387
1076
7672
5523
3467
2078
4297
8244
9380
1723
7526
383
3933
1703
6743
775
1202
731
256
7719
7162
2244
4253
4508
2745
2026
1379
9927
9922
9467
6013
9294
3351
6610
3587
5239
8609
5689
5393
6817
6857
3252
2785
389
9863
3749
6214
2474
7351
7631
4932
6958
8881
4644
8766
3699
3016
7701
6548
4589
7195
6802
2230
5729
3997
1414
6171
1965
8560
8469
7869
6018
6395
9256
7169
4910
5997
2616
7911
5439
7763
6
7269
9852
4312
2815
6327
8121
3796
5851
7958
6554
2287
8324
5525
240
8870
3637
107
9924
2038
7125
340
1013
4347
833
9932
2142
7176
5716
2538
5666
3909
5658
3581
6571
6002
9214
4271
4370
9940
7839
9121
7373
1604
9557
2312
9819
4573
606
1099
4926
665
2259
8965
8641
5733
8862
16
8599
5590
5352
8344
2788
5131
3461
3011
2915
3312
9509
1109
2168
766
7930
7493
6181
3563
9322
4931
3370
2938
7731
541
1333
3397
550
1525
9326
3548
3855
7700
5628
7419
9601
6375
1897
8978
6351
9450
6941
1928
3923
2356
9741
4730
5528
7824
9292
8556
7874
3624
9413
2102
9312
639
9031
9103
5786
6988
820
338
732
9335
7222
8394
7713
1846
7646
476
3363
2748
5282
9774
824
5953
138
9914
6532
7135
5289
5512
8634
3246
1010
4743
7780
9199
848
9521
5790
6970
6370
9816
8709
582
2889
7803
202
7959
1829
1545
4248
7223
2637
5197
7362
3676
4389
3047
6723
9965
2508
8309
3449
5074
8319
1952
8576
980
8842
3409
5122
779
1977
424
3400
9070
35
9567
2902
1264
2758
448
4904
6617
6031
8865
5108
6570
2640
9492
9771
4947
6324
3850
3605
3293
6960
9145
8961
6993
5514
8460
1524
1721
3338
969
9307
4594
7295
6572
2765
8231
5779
8429
1025
8294
2869
8708
8181
3486
2362
196
8298
7698
6158
8917
6650
7074
6159
5394
442
4587
1785
221
4360
791
2198
6266
1389
4617
6546
181
1822
859
1072
5211
9153
885
4679
2037
2491
799
7442
9860
8022
8070
6779
5984
7103
3077
2006
6221
7440
9524
6991
4621
1883
2147
3678
4331
2930
1152
2771
7954
3509
3736
3224
3091
9253
9404
4116
5380
4697
9373
6007
1826
8002
205
7059
9061
2527
3114
437
8479
185
7006
2077
7600
7371
9570
9327
8646
9403
2394
4040
9368
6694
7385
2746
4983
3030
9543
3764
8374
8195
1878
8408
2200
3456
1838
9331
4400
1431
5848
2670
734
7524
2859
3280
3811
7040
4590
1562
4072
9259
2662
7144
7752
9931
552
5725
9361
156
7340
1845
4538
8658
1711
8082
5721
7168
4323
1262
8742
7397
6801
5517
6855
5912
3156
6931
3929
3633
7320
3596
3247
1435
2599
590
2110
828
2993
9260
441
4416
9460
9755
8437
6776
6005
379
4689
7812
1969
7608
3540
3347
9785
2772
6271
6903
3657
8137
206
1131
347
3149
3261
6405
5553
6918
1290
5980
3300
307
6261
1011
7535
8523
8189
168
6925
7848
1933
2834
5577
5921
846
2292
1303
8849
4300
1287
8239
2429
5506
2837
6270
3547
4462
554
855
3791
3226
2817
1647
2402
5938
559
9846
3216
2141
640
7643
1904
3977
3135
8252
1741
10
8899
1795
1571
6520
8110
9984
483
1197
9817
4543
8702
7782
675
4369
7235
5770
7239
2511
1483
5243
852
632
1617
2976
1459
5335
6439
5301
3844
244
5595
3339
3762
4865
7353
9812
5668
2556
5227
2061
3446
1631
2847
2253
5349
4054
5328
5055
4930
5368
1494
9202
939
2164
1817
7751
9990
6272
8348
393
8992
7357
7609
2423
8284
7092
3473
5802
9441
2471
2025
5856
8249
2535
6740
9969
4974
3782
6690
8303
2733
3480
3103
9946
7011
4428
9285
2591
4975
4724
7415
6974
5982
124
6731
6929
2914
8882
6305
8474
9744
1296
2046
1560
2645
7101
4572
5751
1769
553
878
1569
9912
1069
3853
1446
9205
8861
5657
7512
1251
9639
4841
5422
8056
8365
1819
2657
6285
6041
1206
8397
4099
5549
2735
1143
6892
2809
8879
8765
4980
9811
8802
8216
7572
9681
6196
4977
8807
9945
8511
3691
359
7912
3643
5320
9175
8258
7188
2045
3150
6862
2779
8120
1568
6564
6100
5030
22
1043
3379
8617
912
2138
2783
9325
6184
2764
8874
3423
113
1006
8042
7761
5632
3208
123
9216
1896
5874
9410
5441
2457
6238
4073
5794
2793
8235
4778
8663
4398
8793
6382
2871
4203
4030
8699
3017
6291
1097
4494
8193
887
3610
6813
7199
4746
2990
7329
9832
3346
1905
8647
6644
9152
4888
5124
2595
1803
6219
1183
513
4808
9747
7961
8174
6153
9129
1024
3442
1428
9874
247
1629
6589
8677
2717
8932
2979
1776
7772
6632
2685
8722
6635
184
6697
6547
6176
3597
2090
3398
2336
7693
9416
7656
2565
5954
8159
8329
2268
4159
5768
5844
5149
7888
2974
1329
7554
9054
8856
5438
1383
7286
1162
5728
17
8670
7260
7784
9579
4257
8504
6863
7582
8426
5727
9098
7324
4599
327
480
3869
8595
7427
9515
2381
7378
9806
5622
3789
8627
6054
5724
795
8300
4578
3069
7502
745
1581
5519
6001
7723
7345
5043
6364
6951
7495
7920
3185
8645
7109
8386
938
6686
1503
1507
4125
3967
6616
6986
2694
700
9496
7679
5401
5384
9522
29
6805
1195
566
8068
9566
5305
5798
9850
5808
8869
4540
3755
7785
7042
3028
7008
6688
5048
2604
5010
7259
6256
5250
9284
2986
5773
5774
4752
2863
292
3948
9252
4076
3188
3101
7305
7215
7553
3872
6465
8039
3992
8593
2841
8278
3302
2155
768
9336
5672
780
7895
9058
4087
56
5529
7589
631
1924
8132
8830
8223
6356
8544
6163
583
4366
1348
7034
4844
7738
6297
3830
7607
1254
995
8905
3720
4209
8579
7877
7516
3635
8470
6996
6873
5459
754
619
1960
6764
1811
9675
9187
4121
9973
3453
1976
1841
6860
9462
6406
9835
8602
1485
4734
6510
4363
7507
1391
4518
3700
4424
5754
9429
3034
3115
5693
7843
4080
9027
4793
7588
7967
413
7012
2494
6294
7052
3497
6534
3357
7865
3986
1116
1300
6067
7301
1
128
9111
2063
8024
6121
7565
9316
8221
6623
9184
900
5188
7605
2187
7380
8973
98
8745
159
1666
531
9919
3812
4978
8320
608
9822
5619
9612
9766
3375
5173
28
4243
1354
9616
5840
7073
4482
4908
9142
8051
7036
3204
3579
9207
306
2354
7941
1820
1745
4850
7910
908
3390
439
3743
3462
230
2104
4078
5060
8767
8876
7408
2180
4613
1063
8528
5580
1410
4215
9659
4354
3921
7884
8203
8069
7303
6997
4964
4422
2620
4463
8750
7923
1650
2325
2826
5625
4018
2617
5452
4472
8472
6019
4519
2462
2435
5952
4763
5522
7876
4914
7818
9537
50
8209
1707
3160
9485
7233
8331
7627
7820
8687
8411
7317
4005
5234
843
9992
8525
6950
662
3959
7568
8412
8088
6809
4295
3943
1302
1750
199
7926
8700
1903
4359
3053
5356
3631
3071
8220
6151
806
9225
946
9781
9426
4963
3273
5803
7186
5723
542
7573
1651
9074
2784
4949
3322
7086
481
1690
6330
6737
6068
2676
4035
354
6521
2252
3211
5568
214
2461
6393
3189
7445
4849
4010
7549
1800
7185
515
427
8358
2231
1245
1908
5374
4753
2643
8743
694
1453
5480
9016
3464
7783
3277
4313
4677
611
1180
9530
6233
4496
4245
7863
5877
3608
7659
2810
664
4642
1877
2288
5899
6625
2398
2051
3839
1314
9174
2652
6315
2590
3946
2360
5159
1573
5088
9261
4115
7172
6735
7951
1146
9346
4959
377
1673
4437
4266
2910
976
3689
6289
9711
127
4426
6700
9375
7906
7815
8034
5190
3636
5555
1719
4252
9554
8199
6215
2005
6796
8744
9631
4231
4163
3317
6321
9760
4524
7798
7914
794
4140
7356
7612
2226
2124
262
7051
522
7009
2199
2409
5284
5148
9695
9607
1049
8631
4905
9868
7866
6661
5134
1283
4852
1104
9703
9393
1561
2341
451
6060
9662
1608
7115
320
5437
9345
4070
3862
2294
1927
2551
9949
9078
1065
5820
989
5812
7870
3684
8908
9434
6574
5631
3531
1598
8651
1457
4583
449
9281
3004
1169
6409
183
9406
1271
4330
7602
4710
8997
228
6397
3001
2480
5503
1292
9081
2906
2144
7849
3590
746
3826
4592
9266
6156
2420
6323
161
1357
4412
1936
2706
9389
9680
735
5336
7139
4792
6037
8980
5261
8414
5340
9795
5114
2170
724
6895
9648
6905
436
4441
3307
6689
8396
6494
190
6442
7147
2424
4336
8850
5477
1340
1374
5201
3874
3800
6440
4399
9360
5572
7878
9827
2272
9246
4079
9197
2447
2270
8401
9682
6747
2968
3475
6246
2434
9854
6785
8186
7947
1869
8161
1381
7118
1405
4829
7068
545
8920
1535
4219
8827
3618
4094
6712
730
2516
7264
408
2228
1540
2445
6468
2387
4145
8728
2634
1986
2236
8371
830
4855
106
48
446
9388
7741
1138
660
3059
7922
9594
9455
9288
8804
3377
5973
3963
6890
4517
3448
9674
4353
7985
9719
1189
7316
4033
2239
395
3455
4873
1445
7491
4615
2611
2523
8176
7950
615
2521
9738
7387
1182
4495
27
6767
2368
1325
7709
62
5669
6331
8346
7705
6295
3422
7673
6231
691
539
589
5262
6562
7744
5606
5313
3555
9941
7518
5957
1480
4212
9267
6212
2092
8003
2667
2485
5501
7289
3983
8883
1179
835
7039
9676
2843
6934
9638
8903
7097
8604
6386
6760
1312
3639
9748
5475
576
2412
9906
9106
4897
4411
2324
2684
1511
4365
5804
2825
6090
222
5871
6576
3249
4717
5302
9453
8545
8152
7690
8741
5218
1930
1456
2019
1797
3545
2524
2143
5219
2754
4434
8925
752
993
9699
7272
3541
762
7890
5125
1122
5863
6421
9881
4832
3926
2136
3214
599
4142
4826
8851
4533
64
4
6824
4352
7471
8974
4647
6419
5895
5066
1762
9226
1452
2271
4961
8797
9363
4972
3950
2696
9986
4620
5039
7533
41
7410
7547
2633
605
4582
8624
7977
1951
3841
6833
1758
4133
7992
3655
2848
2679
3146
9005
6145
5084
5052
6514
3524
5917
9147
7386
3917
2041
6886
1221
4139
2083
6806
7644
2804
2208
7275
596
9787
2756
4759
6854
4458
7629
5081
6431
8757
2484
4831
8985
8938
3267
5701
8477
5652
4499
8551
6728
8009
3278
506
4235
6954
4696
2251
6800
7484
8660
4060
5985
7441
886
5573
4883
2870
4261
7238
373
1522
7913
8362
1887
9696
9486
9204
8714
173
2
6236
7769
9200
4485
4796
1190
9669
3241
6083
7662
6451
7197
9630
5312
8680
3118
8127
8335
5086
1417
8991
922
2563
9077
4765
9046
9215
2015
9890
2055
7496
1173
2137
1500
1813
9818
5126
8520
6487
3920
3754
7099
5695
4234
4646
9660
7586
6937
1771
4669
5146
4184
8424
4823
7983
4745
3142
8711
7136
2206
4835
489
6390
5810
7836
4636
6028
6944
3772
4671
4991
4017
7276
7166
2265
4816
5967
3828
8383
1187
9907
47
9734
4542
5464
5963
6979
6500
9802
2518
5072
1558
2789
1746
6781
8092
8772
2822
3823
5987
6850
7633
1007
1882
8611
2814
5216
1280
7669
8859
3883
6670
7401
2605
8632
100
2189
8236
2872
5585
7304
3333
6665
362
3236
4443
3342
3785
6748
3730
25
9962
8145
3308
8831
6251
6222
3840
1775
4101
6959
9893
9776
3748
9139
7765
3468
6298
6580
1488
4825
9280
8428
1218
6280
1868
2996
2016
4754
6878
1668
5561
1429
9653
8826
9475
5461
3109
897
1045
4338
7424
6677
914
8820
546
9783
6079
5212
8868
2922
7543
3947
5909
8616
2280
416
3594
8534
33
1601
5158
6501
4922
5022
4957
1940
2683
1962
7595
5854
9547
655
479
1981
4264
4471
2926
9314
1028
6808
4559
5734
6290
5292
1589
7354
2326
2830
4278
5867
9245
6173
9908
6230
7156
4736
740
5574
1682
1902
1465
2578
6530
8321
6307
4014
6768
3912
1587
8713
8074
4361
4840
9654
4141
3957
7504
8025
8337
5541
7990
7098
7297
7454
3615
4220
2458
3385
9841
2328
1906
8279
6218
4460
5965
2085
6441
6182
6938
9131
1718
13
950
4102
5823
2539
5782
8637
7513
8533
1158
3279
9882
4990
9337
8157
2339
9894
533
9428
1710
109
248
2298
643
9824
8505
3557
2641
4688
8613
7542
4672
6559
6555
5662
1005
3119
6904
8737
1627
2955
8987
1536
7137
7716
4622
7463
4327
6023
4090
7279
2961
3345
3660
1713
9572
8271
7853
673
8217
7611
8912
8089
7242
2498
170
836
5898
678
6254
6388
6479
407
4842
9370
6921
2472
7311
2997
1033
6260
3374
5949
3990
112
2481
4465
6567
9411
933
1404
5107
6226
4067
6523
8432
8020
6727
9549
6674
2530
4188
5626
7979
5554
7407
1697
2606
3878
5700
4358
2715
1510
2883
706
9138
2053
3105
5616
3288
6411
7158
5676
7946
3838
7339
3036
5866
5071
2582
2276
4839
8926
7993
7247
9901
4391
1155
8453
7027
3756
3671
8353
5991
5199
8097
8015
8845
290
6681
8622
988
9094
4695
4062
2386
5006
1137
1472
2158
6923
822
9879
9804
7426
335
9282
5884
7072
4223
6942
5852
3837
6909
2355
6902
9308
1474
763
9722
4934
9407
8062
8796
7243
7214
6096
6138
6475
3144
435
7505
8633
8775
873
7300
9803
5533
9608
8810
3745
2935
426
1062
7346
8031
6975
5283
7459
637
9721
7558
2303
9021
376
5456
1082
438
7435
8129
2091
1814
7603
3956
3058
2176
6939
519
1041
3072
6086
4629
8500
9302
6822
5152
2858
2117
2607
9926
7933
9223
4201
1401
1515
8526
6858
6984
6545
1988
9545
3168
5526
9442
8197
5034
8144
8762
9158
5500
421
8880
8113
2737
9895
2012
2698
7597
97
783
617
4135
649
6093
8809
1470
6383
9343
4172
3020
32
710
144
8372
2975
115
8440
6656
1364
834
5004
7787
5094
2337
4720
1925
455
8748
6137
7093
2797
3380
1346
4546
6535
1454
9127
174
8263
6209
2148
6263
4380
4233
8094
9483
2459
7960
2183
5192
6099
9966
5041
1565
4268
461
5508
1727
7578
4758
1347
7827
1931
269
4891
919
8964
7856
2468
2936
4021
4693
1304
3962
2388
7658
5133
6420
9310
1015
7084
5612
5510
496
1602
9510
6780
9179
4206
8776
2460
8483
1708
5405
818
551
9909
3050
2885
1060
4662
3601
1793
8676
1495
8568
2349
2509
7681
2699
6094
1789
6947
6458
9241
6917
6628
2710
3005
9953
2234
2546
8078
1257
88
3808
9091
3060
5299
7192
5893
8295
5717
1808
154
3626
5990
3264
7393
9548
3286
3166
344
9072
2223
894
7218
3982
4890
9728
4293
7837
2477
1859
2439
4853
5491
6722
1621
3341
8839
4822
1134
4242
2149
4804
913
1341
9274
4634
7124
3821
1920
4208
1916
226
7015
3269
2449
8554
6117
8433
9997
4656
8693
6777
7898
2929
9421
2350
8914
8281
6011
9888
9758
2463
1664
4477
7777
6333
9190
1144
3653
3094
8312
9008
8476
6613
2327
5640
8332
9144
9765
5008
3122
2307
4857
6949
3717
9063
1317
6789
3621
8563
5342
6110
6526
9983
5395
5659
892
3193
3927
3321
7322
9048
3511
4056
767
6162
3406
8347
9828
8384
153
264
9501
5181
9517
9565
6317
1828
8910
650
5171
6992
9709
2319
5213
7720
3576
2761
7707
1100
3526
9240
4371
1528
9864
8104
5354
6217
2235
6455
774
8334
5051
2673
6186
6281
3750
5744
1548
8017
3832
7266
8893
6676
5151
2212
434
902
3831
5714
558
6624
712
3793
6428
4036
5067
7561
5135
5035
4612
8566
6165
7381
8936
2781
2962
8877
8781
772
602
5303
8030
1649
9538
1135
3787
5736
468
8565
8086
1782
5442
5179
5614
5681
6750
8928
1638
7131
9471
9398
3558
653
9779
6063
6626
4547
3719
5540
2649
8076
9358
2909
4649
2050
1291
9002
4326
4705
2238
6403
3847
4882
4880
4000
1424
4247
6573
5033
8402
1318
3560
708
6416
3958
5323
8847
5483
9873
374
2318
6139
7201
9278
7852
1742
5934
2882
7757
1054
6398
784
9338
265
9830
2140
6669
7619
8339
5807
6373
3141
7499
5925
9604
46
7725
3361
6621
909
5406
9757
1482
8382
8044
6287
9872
3539
8123
2740
7927
1175
5978
3965
4682
6363
6601
1487
8379
584
5209
8518
8191
2229
4812
4670
2127
4987
6259
4427
1910
6262
3222
68
778
404
7263
6095
1502
3999
1588
1594
101
7509
792
303
2891
5141
1937
7955
2009
4794
759
8605
2854
8228
7207
5684
3162
4614
2644
9609
4387
5076
4445
642
8494
7857
179
1212
6080
5403
2242
7515
4729
4444
5711
6202
287
7328
5960
7674
84
1366
7095
4660
2543
6107
169
5843
4766
4848
8488
747
6973
5550
6673
1497
7808
1613
5411
4940
1118
8640
3685
4619
7456
8999
8171
4403
5719
1352
1061
9451
505
8354
9690
1463
1505
858
3502
6692
2358
7893
7855
6462
8898
9698
3303
2220
2675
5656
2668
6647
9936
3466
7638
2550
7584
5763
9092
6471
1284
4191
245
5842
5119
2369
1181
8701
9222
1913
6543
4138
5091
7370
3470
6097
3680
3477
4733
2333
6048
2532
3656
7110
3978
2227
8418
4372
8148
8626
2419
1555
5551
49
1623
2712
9684
2286
465
910
9707
7470
1228
7834
4564
3512
9954
4182
8844
1356
6374
8454
8698
3089
9480
6696
326
6672
2488
1599
4124
4643
1752
4074
2568
9845
7066
9371
2233
9069
8182
5093
8915
4544
6908
511
1949
6889
9826
4834
7966
8979
1938
4244
3683
8788
688
1801
6478
6438
8860
7771
9052
1825
671
7447
6875
4291
3092
7904
311
8924
7832
9315
3901
5449
8079
1196
5327
9173
6773
8918
1891
5206
6557
9192
8098
709
9729
8304
4082
1009
8443
1585
4610
2791
7781
3147
1319
7641
133
2359
8601
7094
4270
3510
4858
2867
4405
1557
3093
3864
9036
8035
924
8274
9586
4967
876
9100
5822
850
3251
7667
6517
3525
6417
5178
8037
8689
9963
5922
3358
7029
4971
1103
7196
805
2478
2375
3836
6706
5307
8784
4933
7087
3056
4845
2225
7556
7314
9487
6990
2703
840
1378
5012
9981
1812
103
7067
3126
1633
6435
1942
8967
2723
3882
682
4131
6968
8540
6085
2602
4713
9778
5868
2666
7081
9820
6133
4535
93
7892
1842
9726
3661
1527
8749
3487
1737
1894
8484
5057
7978
8507
3795
4534
8569
6150
5276
1844
1843
4785
9903
5661
6633
891
3129
6481
4871
9057
4277
8580
3911
9861
2821
1959
9994
204
7931
1448
4702
5064
1237
8628
4681
5493
1159
4382
1259
3698
723
4287
9181
6242
7685
853
7551
5260
9188
1514
5996
9319
9598
6709
5418
1390
5896
4303
322
4833
135
6371
901
272
4960
4788
18
5883
7649
1780
945
2808
3401
8805
8183
6762
1301
7981
7198
8900
8369
7555
1756
3861
1123
4378
7721
743
9448
7271
7070
3865
8983
3968
1484
3179
3696
8612
1265
8706
3773
2672
216
343
2660
7220
721
6720
409
6853
2752
9646
8813
3145
2422
2385
420
6292
8884
3682
9014
4003
7414
6191
968
4952
2415
6788
5739
3335
6368
2071
7503
1591
7487
4160
5530
7355
7571
3739
2659
405
4899
7699
5373
2464
9677
1105
3625
4178
4969
4236
3896
9843
4181
4238
549
983
1471
1222
2179
6039
5462
2404
974
6381
1074
7208
8280
8364
7114
304
3642
6590
2522
9911
2677
5344
6867
4552
8169
896
6799
7854
5673
7085
8619
8075
2067
371
6662
3806
5421
3966
540
2367
8721
7935
7257
8007
6502
3993
689
8073
1728
8854
8275
7369
5713
2583
9796
9697
2099
770
7918
8654
6870
7394
720
9293
3127
6848
8310
8887
9477
9716
9944
8055
3062
4020
5002
9655
6318
6910
986
7917
6026
2989
331
8498
5266
2799
571
3128
454
8718
5737
8756
937
8786
2431
7171
1411
3489
3210
1037
7142
3718
5862
7788
9073
2596
9003
798
6710
4892
5709
7840
92
2289
722
6932
6544
260
9157
1498
9350
6122
9550
8790
8350
9143
5542
9788
8947
8333
2959
5007
9801
6029
4659
7851
8618
5037
9206
1692
487
8071
1092
2913
4902
4342
7273
75
3771
9461
2095
5815
2725
1230
4357
430
9580
7129
3614
4047
2585
317
8296
6216
2628
8814
8800
9047
527
3866
6131
5888
4396
8241
9737
6027
1339
1770
5778
8376
9600
9683
6252
96
8740
1961
2301
984
904
6021
4217
5382
890
9088
7234
7160
1467
9185
3310
4658
6565
4760
254
7058
5665
4507
1160
7919
6306
1848
2588
7630
8040
2728
6900
4606
8091
8286
257
2567
5486
6881
7383
2297
9114
5446
8251
3257
6729
6845
6497
2564
6894
7774
2190
6207
5377
3326
7462
3988
3021
7016
7119
7514
7525
911
5688
9623
1360
5846
4200
4117
1640
8276
3935
6753
5748
7475
4943
6273
2311
192
2433
7105
1255
1310
8629
1235
1603
1637
9136
1167
6513
6765
9583
4449
8607
8846
7455
7254
2557
8955
2801
6213
3161
5400
4237
680
1871
5229
9105
2964
2044
8299
3786
5675
4674
4915
3130
9076
2043
276
3285
2442
2224
6269
3437
6840
3491
3315
6717
2054
69
4176
9957
9960
2493
6157
7826
927
7592
45
2406
1678
7740
9725
6038
4843
1669
3703
1885
7150
729
1533
5186
3647
5240
6536
9134
7970
4061
2681
3867
9634
8852
4230
5901
3565
7596
801
3213
298
2295
9513
1876
2832
7885
4870
9415
3085
7123
9754
1691
3500
6701
6741
2175
9239
3638
7850
6413
8336
351
7096
6049
6846
4267
8692
8636
9540
7436
8818
9657
8573
9108
7973
5367
5615
2873
6515
8185
5059
1437
2357
7043
1017
5784
6355
5547
9449
4419
4316
9987
1517
7089
6981
6053
7773
259
1915
8509
1995
9800
5761
1188
5593
8864
698
7975
5019
3817
5655
8392
3777
8441
1688
1331
7625
3567
8100
3505
8751
8986
1860
6724
7076
9576
2893
2014
2856
3008
6477
3095
8587
3003
238
3258
5664
1207
3134
6106
2534
1367
5478
7299
753
9030
3430
4408
9700
9418
3309
39
2120
3970
4817
7988
9408
8963
4860
8077
4296
1636
498
7406
9834
31
2332
2096
7576
1970
5147
3259
1926
5258
9476
8143
3908
5485
9752
827
1111
4192
1260
6703
8158
8508
5295
7492
4623
2886
5205
5235
2526
6618
787
310
6299
2880
1546
5370
186
6948
4942
1821
7398
9049
7883
384
9059
1802
9219
1229
249
1492
4953
8719
4123
8368
8126
8933
5333
7734
7942
1192
9357
2329
4675
9905
8630
5524
6194
8167
3481
7405
7711
6127
7130
1297
4489
6657
7795
5643
4946
4876
2711
594
2792
3735
888
3394
2113
2548
1755
717
9263
1610
3827
5702
581
1416
2665
5161
3287
6366
8620
5427
6718
570
2243
4527
4747
8326
3490
7921
612
3690
1715
2818
7333
6815
6056
5287
3688
315
501
4830
5914
7726
6066
5036
419
236
8816
9474
5785
5369
5769
9925
8901
4625
9493
7758
9526
5014
3600
4827
3223
5214
9381
2984
4314
7754
8588
6736
4896
266
6930
854
239
8345
1461
1359
364
8848
2152
9161
8808
7281
8799
7494
8819
2291
6730
4490
7178
6684
1661
2940
3860
3217
3417
3770
4780
422
699
1900
2638
8532
5797
5931
2966
8032
5602
7469
2237
2080
3073
5425
3327
4096
5536
9685
8013
2988
6636
3627
9120
6378
4846
7107
3203
3845
5707
2378
6188
8707
467
5758
5194
9424
6533
3330
5759
157
9273
2592
7606
3937
6552
9870
9438
1227
6310
9808
1153
431
3989
9504
3710
8959
921
7216
9004
21
4129
3881
1796
7684
5045
929
6457
1582
5999
4548
6206
6047
1336
5654
5776
6581
3670
9229
923
3432
165
3154
7241
3007
3373
1256
7350
697
6508
8297
4574
9525
881
4029
6035
3681
5325
7384
7175
2134
4175
9396
3294
6744
7004
4049
5106
9633
1147
2408
2850
6288
6550
7708
9507
7900
9468
4775
5249
6308
739
5970
3282
2823
4638
574
2776
2254
7905
1075
352
7902
5889
1932
224
1945
6922
5132
1847
1418
3428
5399
3571
5420
7545
1239
8578
3291
9019
2079
6666
5139
8982
9613
7161
7847
2800
1759
1248
4699
3758
9552
9650
2114
9978
1019
6999
4676
5028
6105
3123
1918
9482
5065
3701
5163
4755
4742
5589
8084
3364
4762
977
6387
4901
4784
9615
2000
1422
6092
9372
8378
8547
1855
5913
5515
8232
3751
2554
1150
1893
9340
8445
7816
899
9156
8539
5
9574
5563
386
4174
2562
9883
8210
1657
2736
1851
2587
9977
5430
8458
3783
1224
2831
5546
1853
6522
696
4272
2742
8779
4225
1687
1394
2299
786
5492
7480
7715
3722
6113
8594
4260
5435
4227
7485
8085
3859
5989
5649
949
8485
2794
3450
8133
9529
7231
9673
2510
9347
357
8495
8207
3262
3971
3568
5971
3650
7825
5417
2954
9227
5252
2615
9823
2613
2751
9688
2920
9692
5981
567
8166
8213
5570
7559
4262
7360
2022
9702
3413
348
9022
73
7187
8238
4884
4042
8257
6172
1345
9622
644
2376
3255
7400
1552
3389
9742
3649
1501
3371
5730
607
5364
7071
7753
6645
5195
61
8027
8694
2118
7116
1440
6843
2057
2047
4954
1809
9053
5969
3167
191
2970
9833
8727
5005
5741
5765
1541
120
9678
6812
715
882
6503
9180
9789
4177
3617
187
8678
8261
9020
7159
9694
1315
3190
5712
1241
9562
8060
5274
6483
8519
8981
1496
9551
9390
679
6257
3113
2060
2010
4773
4935
6017
9110
3460
9563
9356
4315
9210
4650
9109
3603
6977
4302
7372
2621
1630
8160
1376
9104
9006
7764
5627
4600
8200
429
6009
9463
6459
1055
8548
1267
4052
9575
1427
4154
400
1412
8998
6111
4055
6185
9807
8211
5518
9718
251
417
6619
7182
744
4335
3042
9236
7881
9591
7246
4386
1643
2981
7615
1852
4509
4526
6587
3794
2310
5720
469
8054
4322
2100
1605
3888
2948
324
9746
9667
3471
9365
9636
9687
3402
1231
6512
9768
4162
5496
600
7010
401
4810
7880
4464
6170
7148
1624
5745
4107
5783
312
4250
8867
829
2193
8455
2285
9797
1512
9581
3064
3148
8233
3476
7637
7574
790
8451
6980
1032
8011
1572
6075
508
4593
2555
3801
1053
2500
6887
636
57
579
3079
8457
3493
3939
507
8970
9786
8679
6178
6831
5642
9533
5520
565
9039
2351
8287
2184
5950
2073
6343
9606
9234
1176
5637
3932
6008
6575
3184
3157
6935
4373
1787
687
7448
8375
2081
6208
5155
1481
9593
7253
7835
9798
2033
3945
7152
5432
200
8703
6135
2835
1165
2773
4925
9038
8482
8527
1973
4214
4134
2692
1294
3559
7949
2803
7739
5144
7219
9330
5836
7452
20
8782
3569
6911
9915
7995
5799
6792
8400
4997
1308
3170
8754
3283
7702
8747
6609
8342
4153
2687
7957
9573
9317
79
234
9928
2159
7358
5111
8625
3915
2153
2379
942
1757
7842
2107
6211
1823
1895
4955
8486
7907
9238
2255
5166
9866
8317
3256
151
6732
915
5182
4306
9035
453
979
403
6016
423
5020
4716
5277
9588
9342
6103
6124
5904
7945
3197
7111
6434
2363
7395
4756
7640
4553
6584
8318
3171
8247
1576
9458
6797
3740
4924
6553
2747
6128
9422
6969
555
2600
8215
7000
6210
2982
1193
6577
3974
6433
1163
8019
6837
4645
5345
1704
962
1174
5633
8499
9502
2314
3726
2972
1957
8836
756
8621
4390
71
1753
7337
5265
9264
4109
6436
6966
1980
7341
5360
1840
9232
8117
633
8837
9921
6391
459
1978
1142
6169
2454
6516
2331
7682
0
9034
65
8036
7037
961
9710
7831
3352
7250
7376
6778
1914
8045
7593
7498
6933
2874
8512
2370
6847
3533
7170
2525
3893
7112
7688
9276
879
7347
6726
2121
3281
7443
6444
7510
3191
4126
4037
8403
4097
8993
9354
7240
2467
9306
3517
817
750
2451
951
4211
5361
4409
2529
4965
2688
4789
934
5687
2204
3165
1592
711
2320
2840
4657
5203
4454
741
1857
9028
5560
2030
613
3630
9898
6296
755
5226
4265
3819
8417
8771
3868
8538
5371
5860
1684
9595
7433
5849
6680
6525
5881
2027
3100
586
7814
4744
7221
1447
1862
4432
4290
8023
7790
7431
1335
4435
3815
2749
3822
1542
2969
318
8150
5671
8503
8415
3334
1832
6326
4329
1625
5343
2372
5242
2707
3607
5511
1968
4144
4928
7841
4851
6203
5945
7953
349
769
6234
4259
3900
3372
3284
4909
931
7632
1115
2774
1219
1566
3975
6820
152
898
7792
5193
4894
9369
3572
8769
6507
7330
8685
4878
6771
7811
5365
6826
3852
2741
5644
4481
8202
8662
8351
6042
6235
1837
8729
9839
470
3136
7500
285
1764
916
8140
1874
5679
1921
4698
9621
6189
4633
656
5787
9473
1519
3225
3045
4292
406
9918
7929
4170
6425
3820
666
7511
4156
5704
8885
7620
8712
3716
5915
1695
1946
8341
9739
5488
9466
9217
1157
7796
6654
4404
6884
8780
4819
8461
5314
1042
5288
3323
7438
5174
8128
6078
6123
785
8733
5894
5056
8682
94
2690
5448
4918
8931
789
6629
3622
1974
8564
3244
7939
4722
4555
6336
6891
3606
345
1983
3494
2130
9974
4992
1675
6524
6314
1699
5826
667
3904
9116
5228
1567
2572
6250
9951
3753
5747
4469
81
9269
7566
6353
8724
9122
5069
9166
1698
7663
2282
7200
7209
1423
6469
4281
7402
943
9500
7618
9897
5699
4739
1434
8791
5617
8695
471
3159
1833
8033
7924
5865
3955
2393
8468
8340
3158
2116
5017
7882
4929
6945
6556
6320
7318
6604
5269
1689
9068
7020
4503
8984
9649
3619
3765
1998
5603
5032
1112
3566
1879
4402
4989
3386
2949
1016
6450
7249
1225
4440
1784
7534
2483
6040
5001
9706
8510
201
3907
8096
1073
2708
4895
2931
4982
6200
9150
7122
5939
9000
994
3319
3305
1285
5994
758
3648
6014
14
3849
9348
2589
4224
6985
2537
2702
7867
6493
4939
5608
7005
1089
2950
3207
9402
7077
1680
1321
1513
1491
2284
9430
7722
6851
194
1273
7689
2625
4246
7465
9010
7417
8136
6396
5993
1632
4798
9708
7294
3212
2202
6142
6856
4568
8490
242
8723
1912
9853
7252
8229
9656
5916
6098
9135
390
5196
8385
2654
1148
1209
5839
7665
7296
7864
2757
5316
4456
3561
2249
9128
8755
4999
7060
273
6197
8146
9305
6325
2416
5279
7248
7710
502
2428
7548
4811
2036
2753
1008
2076
5995
8290
7517
3903
1432
2034
957
4086
525
211
1353
7375
8522
1622
4706
2778
1409
5772
7732
53
6004
3973
313
5646
1272
2146
1898
5337
8921
7748
7680
460
1342
3884
9584
2258
4207
2957
8151
1948
2334
7804
3120
2759
9784
6025
6140
1532
2283
8732
440
333
5663
1774
6607
5191
5385
5397
5919
693
4809
2028
8052
7045
3367
209
4337
6476
3877
2112
8462
2306
1058
4343
3243
5222
5257
4307
8107
7675
5618
1993
8194
6888
1070
7786
5038
6518
9610
3075
8328
8643
5801
9627
2364
5569
2768
1534
4158
8021
166
578
2473
3366
6882
4704
5389
877
9257
6660
8996
8896
1645
4709
4879
4479
8322
2570
6311
9679
2338
2980
2496
6149
2075
9329
7225
7062
1000
6505
4950
9619
6907
162
3835
3416
4255
5879
1854
1899
7759
1027
1130
3593
7467
51
7432
6394
5402
2004
3640
8909
4384
1642
865
5710
7181
5115
526
3616
7991
5160
8923
7088
3098
6118
3254
9489
8638
4493
5678
4945
6175
7767
5641
9939
2150
2887
1286
6361
7799
940
4576
2618
9328
997
5233
2465
4820
3408
5162
6913
3513
9943
2278
4981
3032
6912
6551
8824
6146
9102
3271
9032
6003
3195
800
2209
9999
2798
7635
1743
3679
690
3049
4828
7671
3234
8475
6240
4376
5873
4015
5309
6195
7691
5391
1886
2125
4294
6653
9419
8725
7736
8608
9194
2240
7227
796
1997
3885
466
6166
5169
9067
7692
6919
8962
195
8944
1211
7539
3318
9297
1307
5651
295
8255
6034
2580
6793
2927
2549
6303
3733
9938
5789
2177
8367
5875
1185
3378
5326
4885
1722
1084
7580
503
8666
6424
3438
1516
5247
2780
4512
2263
3230
1026
1486
414
6088
149
1399
4273
3938
2581
2722
9093
7623
9539
9454
8072
1067
8902
1935
6384
6818
6852
1804
8951
9379
8467
5977
3104
3026
7026
3979
2017
7478
7315
7634
3482
8419
7399
9896
7778
8208
8570
1574
9220
2598
3585
7359
5054
9341
2985
4002
7999
77
300
7283
4165
1395
7416
8043
1923
6020
8316
9301
1288
7735
1606
1473
4433
4457
5845
9661
1344
4554
3488
8840
4639
4591
8057
4213
5596
8026
5300
1646
1982
9298
2609
538
3393
8562
4143
733
7164
5443
486
7889
1085
3457
2942
6578
9849
5285
3356
7121
9447
8514
944
8059
9519
8273
6640
4907
1672
9640
3106
2169
5692
3143
7002
6682
3879
7048
1554
3646
5513
3010
1121
8596
6445
7230
1593
1683
8218
3177
9578
7575
3527
7326
7560
4423
1659
966
6795
5471
2156
9332
6549
2720
6141
30
4958
4579
3769
4298
7128
2540
7080
860
4678
9544
1126
7523
3420
8409
1907
9494
3797
74
2947
5587
6646
3969
6540
9770
6057
8170
9303
5198
3046
1786
1706
9224
7577
392
72
4179
5460
9869
2024
7562
63
3229
8142
4226
5962
7800
1311
7422
7267
7389
1865
5979
5011
9443
1420
592
2476
2205
7325
597
126
5882
7915
4348
9988
9948
4561
718
849
6466
3712
6879
7621
6198
3066
4673
844
5117
2056
7986
8172
5505
6761
3055
8248
6309
2245
8196
601
5105
8801
7943
1102
9585
6739
23
8789
8916
2813
6531
2366
7862
1413
7677
1419
6874
2528
725
3313
7802
7737
9961
535
3311
573
3238
7846
2003
4024
5451
6430
8806
7302
7019
2390
8857
3133
6713
5800
9176
2705
5207
8546
7061
6300
1275
6155
1101
4350
3687
8420
4731
2401
4364
4549
7444
4903
7425
4065
3532
8163
5731
2322
5597
2888
2261
9469
8655
8410
2178
6772
1462
9231
1761
4368
9528
6936
2846
5077
5976
5359
1236
8871
4415
4557
1991
3694
7282
936
3918
8872
1807
1570
4767
3582
1714
9248
6415
1506
4488
8675
8530
6087
2427
1531
6566
7409
3117
141
3732
9847
7032
6332
3014
7151
9651
6920
3543
866
7100
8777
4186
1276
3065
1205
3240
9855
2250
9763
935
932
1537
5902
5961
5104
493
958
4258
6957
1644
9154
1047
2876
9625
1884
2575
917
773
6630
155
4815
6602
4383
6348
761
5516
7154
1867
5933
2201
6702
9910
146
1171
4012
3928
569
9724
1660
8366
1475
1127
9033
4537
2487
1724
8463
9203
6658
444
7189
5543
1132
4560
5470
1038
9980
6763
585
2371
9559
677
7210
776
1373
5310
219
4483
8108
4043
4787
3529
3153
9553
3668
4071
119
134
5103
121
8175
1754
3905
6334
329
1083
4425
9318
3766
1436
2002
4769
131
462
7270
3695
6568
9998
8446
8134
1269
4031
4032
5245
4149
5557
1170
9777
1415
2820
4148
1087
1831
5092
7717
4631
1392
8894
1029
130
9289
9750
9384
6639
1324
280
2171
6282
7972
8179
3221
3233
4805
2664
8787
1996
8585
530
4515
2861
5275
3780
3439
8977
258
5444
8413
2932
9137
4539
4108
6081
6043
122
1788
3337
6346
861
547
1066
5890
9011
3082
8240
1792
299
2072
5685
7871
4028
8243
9313
208
7331
8405
4887
1421
2490
1361
5346
9736
2512
346
6901
9446
8922
1648
5468
8205
3588
3270
5795
321
2304
8466
463
8515
8173
6659
749
3201
5624
9213
819
2924
7686
1763
2593
7569
603
9364
1880
6243
7288
1730
7522
5732
4195
6119
1172
3779
2305
7648
4665
8387
1670
8422
9452
5334
6125
3728
8537
396
3436
2417
366
832
59
4251
3163
8866
1022
8886
728
8178
6542
3029
8890
9149
9117
325
4429
5170
104
485
8063
9491
6077
7760
3851
2971
8343
7334
7237
6274
54
2345
6199
7838
6467
2437
7616
3429
2844
91
5892
6367
9042
9767
8828
7622
5378
5498
1824
4249
9862
4732
296
6751
8553
8829
5988
2405
3516
9542
1382
3268
1293
9001
4779
411
8058
4194
372
7508
705
2296
809
1396
4068
3061
2650
1577
4466
6844
3666
220
9759
3139
189
9394
7146
9437
342
7971
5742
3040
9212
6248
4104
4452
9163
7687
7024
5935
233
102
7055
5537
44
8050
5764
4601
3018
4022
6225
7035
9007
9125
1001
6359
7418
9813
781
7934
8496
9773
148
6335
3181
8363
3399
2194
3301
6339
6597
4571
6480
7809
2626
5431
4838
5775
2495
4118
7228
9587
7017
8552
2998
8770
3199
6504
4438
6426
6350
4692
8388
5828
443
2502
2973
7344
6174
5835
604
3495
6599
837
1939
9556
5708
6279
4166
288
6928
777
6758
7531
1282
2917
2308
823
618
2661
7091
1441
7308
3645
1439
4431
8267
2160
8948
9334
5142
568
1316
7944
8817
8288
95
3381
7538
5259
8953
5598
4886
8911
2001
5647
6473
8473
5000
5428
4114
4750
5911
7861
9351
9959
807
2456
6033
2691
2373
7937
2845
7987
4726
7996
9884
6229
5534
3816
9344
355
7007
4708
1425
6787
7932
2838
7013
4497
2274
3534
9258
2432
9762
7477
7652
5694
2925
4474
1663
7057
3742
7232
5050
5398
2162
1313
