8198
1633
1972
3876
9877
9313
1629
6786
4627
4732
215
8842
4178
5147
9281
4540
2680
7688
7923
3664
9946
4142
1109
7819
3339
5468
9031
6968
8996
8405
2806
2173
4090
2858
888
7093
7281
6302
1149
7621
3368
3356
6031
1898
6878
3985
7308
3305
5832
7613
9405
4159
331
6719
117
7058
289
6727
8634
9427
8652
5394
6246
8246
1977
2307
5869
3348
9124
9803
8612
6799
6867
1957
7635
9399
8097
2404
7914
6370
2374
3799
8874
6962
5669
7788
2599
8794
835
2311
1876
6093
7458
6303
6351
841
7939
3206
4180
9234
7516
5587
5820
4974
1745
3054
6628
8592
750
7034
5901
7241
4901
9985
7671
9042
4262
623
892
9019
7957
1475
561
7590
71
8281
7905
5628
7785
7795
9344
2455
1551
7889
4378
2061
2420
7068
5390
8601
431
5412
3112
636
1344
815
5654
5720
934
4079
2109
2659
5558
3671
3908
8041
5888
3607
4968
6242
1956
785
3006
8213
7589
1533
5484
7422
5176
2333
2194
6418
4853
1584
1762
5640
8839
6160
2486
818
8535
3156
2353
6950
295
5825
6396
7428
1364
2083
9093
7946
6376
9144
9351
4578
4325
8786
7499
3235
8961
8192
3825
5908
7221
9992
9560
9824
450
2640
5508
9365
8584
2892
3967
4513
1494
2335
1652
5380
7220
2813
4436
346
4849
3488
1739
6124
2114
2856
383
7770
2328
9883
475
5724
8353
9555
9896
5277
1480
3286
8585
8870
5292
7165
8658
8215
5514
5229
5958
9392
3877
8499
3670
3429
5282
8532
3969
8507
3717
7596
746
9801
2832
5969
2269
2621
3477
8712
6389
5262
5421
4685
8960
966
485
4646
6153
8776
7191
5708
632
5478
9830
2996
4863
1327
6157
6639
7046
6439
4031
4666
5138
6140
2710
9534
3993
7620
4008
4430
8451
9593
371
9804
7532
5952
90
9110
7709
6683
916
7823
4075
1029
5928
4691
6023
7275
1996
5712
6518
5525
7273
8351
9167
7263
6731
5397
4664
9117
3249
2530
8660
3673
8641
6393
2384
8805
7844
1122
8231
119
5706
7490
5801
7156
5780
9293
7825
37
9876
329
3395
9037
145
3677
4647
6936
4966
9716
7547
3504
573
2692
9191
94
7041
2137
1750
856
3725
7171
2749
8327
7025
2207
9337
5588
9239
674
910
3497
3346
6870
9153
4216
4347
5743
960
5863
8008
6982
5417
6914
2793
9096
7153
4390
2964
4982
9735
3593
8173
2309
965
2393
5605
2850
8062
9827
5807
4722
7585
5084
9576
5867
5225
1696
7614
9111
6044
4025
3329
2355
5475
2317
5815
1748
8773
5236
8664
9105
7930
241
8402
9429
8865
8857
3109
6589
2576
758
4583
228
9095
5964
7745
926
4472
1916
4887
6452
1452
5927
9656
1662
5198
3307
7813
8854
5040
5130
3422
9995
8156
7545
697
3649
4617
1722
9303
4391
6999
7236
6150
5097
7989
3899
8571
4456
5430
2474
6164
5068
3068
1188
3408
6349
4778
8374
7356
7278
4326
4967
8441
3376
8680
5676
1471
2810
2220
3623
8287
4119
7388
5740
469
859
3240
4550
2909
1864
9943
3599
1449
3651
5503
2747
1757
6908
3917
352
7061
8915
2980
2130
9782
3013
7112
689
1782
7493
4437
9290
6631
9180
4341
7100
4319
1736
8257
7584
3002
5610
54
7107
9264
8590
9653
4323
8244
2532
1183
3100
4458
3634
1007
897
8864
2597
6975
6976
829
6003
2726
1126
8648
4929
7105
1776
6415
1067
6861
7987
2578
3436
9049
1508
5280
1318
140
862
4798
2240
3931
5626
5611
6344
8101
9963
5347
3557
2720
1229
9360
6373
3410
9601
9914
9486
2488
9509
1674
3686
6422
7979
3446
3661
3023
7763
8497
4992
5625
8074
6365
1932
8150
8179
2970
5127
9602
4538
3238
3812
6570
7836
7290
3338
6660
192
9979
8235
4362
2063
159
7715
3568
1826
5027
7349
7649
482
5919
4444
1669
6575
8352
3630
7567
9989
3413
1579
8632
2231
6927
8833
7400
2107
3223
8118
4171
7559
1048
8100
1840
2842
5603
4522
8189
6892
2613
7219
8684
3790
9362
8849
6953
6026
9687
3675
8396
7771
8654
9658
9607
7750
5092
2642
2539
5982
9912
8822
5377
2702
4930
47
1645
4597
735
6525
3821
8286
8051
8370
1703
6019
4893
3728
5410
6014
6443
3885
7850
1807
9609
4963
1333
5755
1789
9447
6135
6699
5209
5747
3191
3282
9625
5094
6211
3585
5858
4002
6581
2792
6696
3678
4867
3230
3394
3203
7365
6067
3315
1094
7030
7582
5101
1966
9453
2119
9772
4449
4169
3850
3526
1901
7999
7904
7256
5252
9194
1158
304
8318
2725
8563
3733
4834
2361
9961
5166
9410
8429
1391
9273
407
4643
5668
3216
6116
9547
5431
6546
2077
8470
6218
2742
6848
9248
1848
1196
4875
3022
1394
1910
1787
2516
3707
6126
3274
942
6305
9829
3197
6222
4082
6123
1397
4276
4382
1673
1955
8780
1522
4842
3666
7959
6280
7494
79
2800
9902
5487
3412
6043
3863
8414
6897
771
8023
5817
6728
8502
4911
8184
7199
1295
2639
4263
422
8266
4198
696
6338
543
202
2249
2499
7919
1906
7523
1464
1925
2581
748
4298
9580
6139
6818
5452
6635
7551
7665
4246
7513
2811
5492
6595
6166
1151
7009
1451
9178
9670
3617
7948
6328
3586
6058
7835
9025
4938
9788
1215
1459
3161
7113
466
2969
498
9205
7916
7652
9148
3838
265
1440
2885
6185
2365
6795
8901
3236
2730
1496
233
1213
7714
6334
9894
654
7884
2716
3289
428
3880
6673
2771
6114
6141
796
1116
6504
248
8713
7255
2908
9401
6239
7172
5543
1236
5066
3709
2667
206
6819
4489
7857
4134
83
4523
4287
7170
3319
2238
2666
3004
6501
9361
671
4085
4615
2676
2965
8792
5973
5154
3309
6128
5721
1228
7044
5599
7897
1095
2527
627
2215
1489
1195
9660
8942
1382
8909
7509
6015
4197
3507
6105
3046
9879
8424
5994
8615
7449
2797
4954
6944
683
6658
1072
2622
8410
3183
1709
2796
100
1203
3517
1426
5921
9481
9831
8558
1598
1291
226
6872
1771
3069
6432
5851
8689
2003
8180
9342
3306
4810
9466
7401
2542
4900
8106
2303
5335
6801
1220
3202
7161
2654
9379
8172
4746
7824
5259
678
3454
344
1461
633
3040
8059
7997
7448
5002
3162
5388
6830
4060
9470
939
6411
7508
8503
4879
5944
7101
5306
1886
3389
6654
7793
8468
8358
9631
8841
4581
275
3210
3414
4978
8992
3645
8740
681
4553
3739
5129
7727
152
2943
4033
3952
2435
6757
3184
5911
9975
3420
5
6648
2254
3470
1429
2489
3902
255
7298
694
8708
2748
8148
3459
4440
9332
6798
1102
4797
2040
3632
2145
2094
9636
184
5216
3951
6225
8977
9525
5369
2648
470
6165
8268
4044
9030
5013
292
6008
6441
2636
5836
4243
9763
8850
6887
9109
6469
1499
6566
8255
8859
5980
8323
7348
8394
4006
7517
3135
4854
8561
9228
7285
3965
1071
924
63
2066
3704
348
8260
4496
710
3973
9224
9282
4204
5283
6616
8554
6862
9717
8103
3308
3462
2608
2070
5441
6343
5378
9387
3148
4512
1261
3845
406
3442
8391
4143
107
9662
3832
4179
9681
8080
1401
5794
8334
280
5411
1460
2740
3273
3647
4789
6881
3861
9592
9422
4004
4937
3711
1157
3297
3411
1400
6405
6465
688
4595
3533
9172
4109
9168
2020
3037
5998
7898
2745
5705
9822
5914
1435
1137
341
347
3018
1758
7264
6063
5185
9160
293
9091
2575
2496
9201
2292
3087
8969
5996
8647
5717
2679
7915
6371
2674
3207
9553
3556
484
9779
2873
2279
8537
4908
1861
8018
7726
1027
5419
8480
5917
3886
8341
2301
6182
1128
929
7268
1373
628
5649
363
1559
8197
6526
1832
2065
1288
719
857
3187
9921
5471
3209
3312
8542
3622
2442
7195
974
670
4115
1467
5218
2283
3025
8765
7925
7095
8820
6300
132
7808
566
4154
413
8995
2357
2164
1422
3390
5352
6599
9674
5760
2305
8742
5047
7920
6267
5386
9480
9310
446
3934
5119
9061
381
581
6509
9732
4464
8595
9462
9967
6624
256
9677
9508
330
922
2649
1909
4046
867
2152
5057
8258
4994
5657
1590
5336
6047
1002
3844
7969
2633
5697
7002
3981
5909
225
1334
8968
8278
6715
4926
2321
8690
4624
5714
7426
9731
1299
5686
4208
6314
5389
9347
4756
3079
5585
6923
2385
1820
1425
6571
8221
6215
5479
9409
1775
3983
4335
9819
5984
5426
1377
4322
8295
4535
8035
9719
9613
7471
4644
7001
3205
551
3922
7701
7052
6562
5212
3814
5170
7081
6656
6902
410
6888
4767
6270
84
6849
5578
9949
866
327
254
5852
4529
5425
8512
2492
6204
3826
5111
8606
3720
4788
9777
6850
7487
6590
4232
1332
8876
180
1486
9164
744
557
7858
3882
1256
5987
4124
1577
9212
7500
1564
1969
4214
3441
1430
4101
6712
7498
1457
6326
9657
9715
4486
8834
5093
3819
2258
9080
6880
6052
3269
4193
5890
3178
6947
3119
9843
3746
9853
589
963
1012
9192
4231
4219
2067
868
7234
588
7811
4969
5346
3598
4665
9150
1010
1921
8738
2522
8275
9488
7832
6479
6073
397
3345
3333
3915
906
6167
130
2032
795
451
1841
2694
7077
6520
8427
8108
8730
6158
931
1862
5144
27
9420
5839
4670
2210
8706
3301
6463
6286
3430
4126
9596
8030
1004
1663
8827
2700
404
8953
731
5633
1091
3479
9141
2807
3576
9691
8811
0
7849
4898
4131
6309
3221
8102
8491
4316
2769
7141
3066
4466
7678
1933
6674
2336
4174
8733
4725
8
4826
971
6190
8716
4655
8452
2814
9119
6438
5032
5367
1603
7790
1542
3646
4864
1985
7036
4121
2609
6433
6221
3262
9724
3928
9015
4543
8674
2295
6919
7006
4973
4737
2945
9595
3375
2029
6240
6774
1588
8577
8541
1416
3476
1983
9484
7050
4442
3367
8923
3056
9071
3910
2265
3982
9727
5444
439
8088
7503
2849
5524
9066
9023
5159
8939
7720
6120
183
9770
8473
2389
3044
1338
5123
9976
6331
1670
7575
2111
9990
7680
303
8950
5663
7193
9076
3968
2598
5624
4267
5550
8090
7288
6447
6750
3283
9970
7482
8885
6841
5375
8291
3492
5395
74
4673
574
732
2746
4514
8081
8705
5551
9966
9367
7484
1410
4503
2036
2611
3866
6561
5256
2400
4779
8640
5759
4651
1081
2789
6024
1227
1178
8564
3871
6997
355
5226
6001
1376
7521
2972
268
9888
7271
2857
1347
2977
3721
2717
6737
8975
6005
800
3055
5910
240
6814
5133
7893
4420
6203
7427
6606
9330
1488
4883
7324
3532
2779
2183
8731
1304
7163
2544
533
1671
5895
4301
6663
5038
7583
1219
1724
411
5264
5586
6641
8962
9266
8393
9151
5278
2315
2170
3172
7053
6959
447
7949
1217
8289
9729
112
811
3349
87
774
1882
8144
2160
9956
8567
6083
4784
5023
4292
6442
5287
9997
5955
5999
1058
7072
3679
8817
8699
2759
7525
5339
2012
432
6357
7169
108
217
2670
4206
5269
6886
9649
7794
8545
7347
2021
3062
1485
4594
5175
9127
314
9516
986
8669
9900
6782
9608
812
4413
6315
2134
2926
9665
210
7434
3133
8078
6650
8280
6460
287
2103
9231
4080
7468
8223
2656
9629
5208
5831
5438
1283
2521
1505
2942
1649
5042
5506
7674
7963
9482
9219
191
6092
5174
4064
9561
8057
5391
6991
3680
6060
1999
32
5255
1396
4036
1988
4058
2552
8510
296
5179
8321
4510
6244
7866
1006
7087
7186
6863
1245
7276
677
8251
2166
1701
5742
1482
9535
1059
6482
5299
837
4509
3035
164
7820
3816
5534
316
3807
3141
8269
613
9617
5963
9905
4303
7766
4203
4265
9526
756
8055
6541
2569
5738
3759
285
9203
5409
7299
351
2056
459
9583
1355
1314
4827
6513
9065
3772
5942
6144
1975
4123
5528
6342
542
5485
7931
6346
4681
3144
2827
5710
6264
4649
6816
538
8151
7598
2632
3353
9870
807
6929
4943
1244
6828
8929
2536
5433
989
6935
323
3570
5028
9960
1556
6308
9343
1552
530
41
9574
6829
3941
1296
2696
8049
3628
9108
5131
8044
778
325
1153
2288
6977
2126
4585
6593
7926
864
6884
7227
5317
742
5350
3798
515
8513
2928
6876
9809
8762
5512
7529
1753
5726
8973
8069
7973
9079
7629
6292
1888
2787
5064
3937
8038
1566
9938
8043
3963
2234
6587
25
2635
3785
3267
9483
5733
4933
2427
417
9028
8477
9257
1060
4708
5671
8013
9531
722
5502
8397
9054
5687
8011
5432
673
4330
380
5590
9487
4019
6054
5096
8991
1294
5670
6837
3073
2587
1016
9456
2464
4467
5594
2227
1720
7924
361
4909
8572
3972
1222
8657
3778
8767
2051
4874
178
4766
2993
8110
6871
5861
6963
6868
7695
6678
1599
775
1108
5165
2628
5046
6420
8292
3486
4601
2414
5539
7011
2472
2407
7622
376
8920
4579
8075
805
8897
1184
2557
2025
3843
1714
9006
118
5423
8934
9070
6615
7754
7700
5265
7196
4635
4892
4637
9820
1230
8421
5486
6955
1257
6059
9872
4780
3058
2466
1747
3873
7059
2162
6310
4899
1843
3774
1526
4291
1589
9839
9309
6807
7877
5371
5527
2205
6898
1233
9552
1024
2060
9186
1650
3744
1407
4215
8930
3503
3752
7252
2563
9923
7142
9621
3835
2000
5238
1079
4195
5877
1602
7127
603
6409
7089
2115
4446
648
5148
1225
8021
9722
958
1053
5685
6076
8560
9237
5000
8743
3940
7632
9893
5049
657
9815
699
311
2785
9230
2171
3378
4293
8422
2198
8085
3107
4537
4532
4139
5012
1597
1592
2637
1146
7210
1044
5809
3604
9184
2662
4840
8442
2450
7136
2840
5821
3923
9038
4488
2105
4987
3750
7990
9394
6827
9959
6257
7510
9941
4018
7197
9346
7338
2461
2921
5234
9599
7291
5567
4149
2096
8663
9461
9694
2453
1519
2902
5474
2821
5403
5814
5975
6056
5349
4110
1912
5465
6262
969
4270
8607
8329
3999
6027
4381
7455
4478
9444
4411
1077
1887
6529
9478
2630
4457
3007
4201
5134
1260
3400
8872
9492
610
7492
634
3418
9659
3520
9635
8171
4768
52
9594
5865
5206
3872
6129
915
2881
3564
5248
4156
8076
4003
7978
1162
7628
4866
2937
6491
6081
7469
5155
8860
8947
7360
7626
9859
302
4619
982
2002
5296
9982
1871
3001
4625
4310
9726
6875
5906
6789
2394
416
563
4571
7473
8688
4801
6781
9475
8301
8604
2320
836
1266
1572
3393
4961
2596
3862
1477
3387
2381
950
8569
8596
4638
2672
5887
6970
5233
3304
893
1111
8900
1578
6032
3403
382
4934
6186
4113
8058
9467
6062
9213
7710
1442
9414
1500
3687
6895
5520
1255
5413
9425
988
646
3347
3171
7610
3793
7119
4506
7807
2132
8464
2665
2350
3016
1905
9918
8808
4714
7506
5107
7188
8225
4573
1491
3581
8024
5781
9072
6394
5462
1248
6983
2919
7922
7744
9374
5750
5526
5808
6497
2209
3496
1055
7470
5577
5126
5766
8530
4501
1543
1731
5842
576
9318
9359
8425
8980
7524
6117
3528
6291
6486
3771
3328
5501
4364
245
4282
9179
4422
5549
9846
6219
3608
6843
4077
7661
8282
2027
2758
1140
8868
3786
110
2495
7865
8126
6138
6954
6086
2767
1133
8678
8825
3865
3228
5993
8417
1232
545
3891
7317
520
2366
2331
3431
4880
8613
9146
6055
2044
2668
1247
4260
1292
9381
4705
2095
6788
154
2017
238
3435
9370
4976
9529
4168
9225
4268
720
3727
2682
9840
5772
131
6676
2291
1698
510
2591
1413
8375
8809
7083
3554
7133
2958
7151
4831
2658
5803
4312
4819
9919
736
8881
2470
4718
2805
3740
6847
2189
156
5455
1647
9026
1710
5722
5065
9761
5228
6776
5574
5648
4588
1995
4740
8921
455
2136
4257
596
9572
7217
7391
5090
7354
2013
5974
9275
4709
8161
6689
9577
7456
9395
3831
3859
2863
2426
7375
3447
2332
8369
9345
8586
539
1412
2839
2196
702
7476
7974
7563
6822
9321
29
8895
7653
4176
3120
1735
3672
2519
4505
2436
5273
1960
4401
3494
8810
82
9780
9511
8546
6312
1506
4808
1155
3978
1176
1286
6709
8617
830
9353
7656
7985
438
5707
3281
9493
8200
4724
1746
9190
3511
6511
7772
424
3851
76
9978
6629
943
4636
8019
5978
7390
3808
3841
4674
2651
4500
5636
2643
7421
3505
5407
6907
3854
4182
8212
5194
4402
1316
3293
9433
2471
6252
1615
7460
501
1315
2510
3256
8139
3857
2878
8337
7848
5051
6251
6236
3695
822
2345
5915
9783
1271
9741
1756
6860
7869
3370
8697
5076
2974
7691
3155
5476
7430
5523
9055
6777
9885
1398
9286
2362
7718
2398
7078
851
5647
2699
7564
4565
1186
6556
6109
2846
6304
3988
1341
3484
4158
2701
8703
8528
4360
2681
3053
9942
5754
3697
7894
6230
7839
9270
5875
1437
134
65
3258
6700
5793
9390
7976
6416
6584
5420
8241
7611
1935
8813
4985
9616
2146
5518
1075
6992
5327
4927
1104
9513
28
3149
717
6657
1938
3984
1806
9954
5323
7337
125
8840
3146
5451
846
9452
7716
8579
1015
9785
7630
1877
6906
2232
519
6693
7282
3829
9825
7658
3024
7302
7021
2491
3313
3779
4452
9603
970
1169
5171
8127
5232
9277
435
53
4255
6708
7118
7243
9431
6651
5753
161
6937
6446
7891
4922
1941
7396
2431
1580
5110
2253
385
3122
4935
7247
2657
4526
4479
6890
4013
1539
8508
7183
5495
7743
3344
9197
6722
7728
9756
8556
2652
8413
5641
3351
619
4716
9333
1610
4345
3869
2050
9087
2059
8940
2118
8047
8279
5211
8089
8220
7557
261
3552
4995
3358
4367
8178
606
1090
2995
6873
5827
5716
3260
3102
3619
5035
7110
1507
8932
2718
5752
8325
7129
7578
7341
8529
7838
9242
8469
237
70
4717
474
9680
2602
4321
1234
1593
9898
86
1688
5102
9587
7312
4455
2473
357
3694
5837
6362
4
288
7837
7266
709
4888
1859
2815
8735
7602
2551
2594
2918
4858
7004
5291
6783
3551
3713
7902
9632
7662
3546
8073
6805
4862
3250
6434
1944
1648
9376
9755
4669
4408
6508
6965
6229
5207
7181
123
5702
7843
8228
1770
3518
6751
9102
6332
3813
5297
5343
2125
1608
8328
5896
6208
6435
3032
7738
1605
394
4418
616
6498
7554
4960
9269
5398
1618
393
9322
7245
784
9417
7454
6625
1534
4861
1805
7814
2954
4524
5427
2987
8399
6480
2097
3555
6803
1273
7201
443
904
3335
9646
7235
5203
827
1511
1152
4447
6925
7368
2761
4931
2223
461
6350
6957
5788
1766
6540
6466
8871
1100
2735
5053
7664
1558
2213
4370
3020
9083
8357
7995
5037
1209
5873
8999
8134
5741
6943
645
3736
8456
353
4852
9126
8124
318
607
1386
4205
3822
9406
441
8638
5210
3699
1428
9503
2772
279
2543
8467
4873
4645
8982
2430
1264
8970
7605
4021
213
5316
1951
7120
2377
2638
8133
4140
700
3890
5693
5784
1112
5949
7336
724
4483
6627
4280
6462
3961
5515
9233
6330
274
725
9550
1873
1926
9545
1666
7147
3379
2727
3842
854
4620
5632
4918
4340
4859
1180
7321
4730
5845
7162
3150
1319
880
8003
6698
7648
5178
5124
3590
5045
7885
7404
4843
2535
907
4706
2204
7796
2225
1061
222
4145
8050
2193
5401
713
1089
5029
2687
7029
3947
34
7638
5771
3019
6502
2920
9245
437
9588
2991
803
7527
3049
1103
6626
5719
4660
1825
2409
4661
5997
8367
252
2452
6921
7722
5824
8070
2546
8105
962
7117
2819
8555
5652
1624
8886
4607
3196
7307
7091
3360
9325
2016
6797
2523
761
7847
4763
2349
1241
832
4091
3151
3163
4324
5202
9501
3245
5946
6068
4450
6363
2497
6928
9797
2714
5366
6703
4750
5799
7735
686
9740
9886
4885
2304
8781
2185
5141
2343
5762
766
6470
9758
7393
3123
78
7103
4744
7192
8217
1005
3856
6726
831
1538
6714
9227
9897
8685
6609
2558
7568
6159
7800
7880
7208
6228
2917
2711
8072
3936
1474
113
4975
3898
9222
5196
5464
7588
9413
4226
7237
6429
3460
6903
571
3168
7595
1501
5768
6040
4567
4112
4405
1409
6713
5036
9122
7187
5459
1036
4136
3192
1105
1487
6930
7759
5184
3605
9624
6821
4770
4592
480
4209
4354
6614
4041
4547
7410
4776
1761
3894
5769
3034
8838
9750
3603
6212
7645
6765
7055
3901
7941
3794
7936
2354
9216
4739
8305
6445
3232
8772
4656
1495
6261
4549
6994
8366
9268
6045
2852
2401
4383
5275
6778
4847
4297
8653
6550
3481
7972
4052
7313
3015
6143
9778
4618
6245
1726
9931
9994
1591
8378
2809
7966
7047
9496
9541
7254
6506
7343
5108
9489
5878
7159
85
6539
2947
3847
8725
4084
8216
2035
6234
9769
2169
516
2140
5222
6716
1175
6382
747
203
6171
2770
9759
7079
5957
1839
7218
4868
1661
2396
4433
4662
3111
2469
4251
5071
4361
4133
2163
2820
9834
201
914
5440
6642
1150
6926
7355
6248
1799
1251
291
7232
2513
7826
9537
6180
4991
4078
1962
7123
59
5960
9986
6467
2818
9644
372
624
9787
9419
1638
2033
8656
7537
1908
9363
6685
7436
9806
4328
5172
7515
2318
4572
6717
4944
9474
5507
5631
9039
1984
6611
5385
66
983
2766
3566
99
2133
6617
7071
4307
2685
6813
374
6869
6106
121
1189
5885
4668
2327
8164
2078
3655
2619
2932
6623
2360
6113
9386
4903
4424
5683
8153
6155
7340
9551
1448
4406
6856
7875
2441
1063
7366
4083
2968
4993
1812
9901
2798
6002
7870
6174
38
4254
1749
4687
7907
8830
2880
8629
8300
4650
9786
2518
6885
4453
3535
3765
8386
5830
4865
1991
5923
764
4939
5370
3398
9736
8759
5075
3683
4804
1127
5615
9169
4632
7608
5268
7416
9705
4480
1810
9402
7094
7064
5555
6099
2190
2128
5085
1885
1324
6249
665
4667
4369
7453
6995
2041
3080
7650
5381
8814
1478
980
2817
3893
9993
5608
8313
5871
647
4890
7730
7485
8935
1218
9380
5860
4365
4471
6620
2276
3290
6794
8163
4074
7938
26
7908
7319
9334
3243
1830
7407
5009
5727
4828
5135
3396
2786
8382
1121
6894
9802
4073
3371
8233
6547
7478
5879
4621
6500
9505
8336
1021
4000
7968
6980
5118
2298
3705
102
7690
1611
15
3177
9187
886
7895
7056
6858
2893
703
1134
8879
948
7815
1047
5812
129
1423
2515
2816
4372
7812
2099
6787
1655
6586
7505
4793
2547
1406
8966
4037
1681
5614
6237
8633
6483
4555
1961
6398
4499
1345
8790
7479
1924
1837
8335
9265
7901
9610
3960
9084
3160
2952
1959
660
5033
9523
4771
844
9173
6754
5545
6985
2615
5442
4432
3225
8983
727
4953
9643
3513
4761
8249
3276
3706
5855
7705
2468
7549
3021
5544
2610
9104
3980
138
6336
6588
1258
1965
6107
9
9149
8856
8847
6604
7775
730
7960
7399
9198
3900
5925
1767
1883
6145
5655
8757
7412
8671
8588
5864
9768
8066
8544
3688
9987
7351
8720
3090
6183
4286
3827
2351
1568
9504
9041
1136
4528
4531
7032
8598
1504
3322
6227
2801
8714
4811
1481
1237
819
3063
1884
751
3246
104
2978
3103
2734
5604
2316
579
9672
4823
952
9319
7871
9848
3404
9745
1023
8941
6089
4658
4346
2713
4917
7249
354
5701
8028
8077
6319
4304
7320
2625
7542
6747
9012
2300
7483
7306
7115
5933
7558
6348
5798
4351
2525
2186
7381
2346
8750
9092
9734
7019
307
3041
4905
9813
1954
8761
2413
5776
3211
1657
7459
235
6036
9554
436
6078
4155
5606
9702
5790
3784
4311
3033
8815
9056
9838
9818
1894
9582
1773
3254
9988
4626
9193
5356
157
6514
2092
8276
5424
2180
1303
9878
4207
4038
7293
7863
1730
1626
9927
1390
4745
5091
6255
7406
997
3512
5319
7287
4015
3392
8751
9279
2776
7879
1469
2556
8919
8666
4474
77
433
4633
5453
6285
4924
6265
3357
8486
477
7445
9579
2200
1221
5557
6784
8593
7450
6756
2080
5886
8686
762
4309
8476
9262
9118
6404
3542
782
9299
4713
4603
9789
9428
5281
3311
2297
8471
7732
8435
3174
8245
5243
3594
3325
5241
4045
8626
6148
1863
8520
4851
567
6808
9088
4063
8169
172
990
1082
2380
2348
2783
9652
3231
8086
9090
3458
792
173
9121
4443
2073
6538
9446
6633
144
4606
174
638
3921
4692
9991
2646
4055
1510
2990
1545
8364
6831
2383
2617
612
8430
6461
8319
7189
9690
8264
8627
1855
2509
9032
8591
6115
4628
3401
979
9199
2202
1463
3457
2959
8905
491
509
5751
817
1483
8673
1697
5460
494
4148
5152
6276
5773
2195
6647
3128
2127
4163
1675
4608
5589
262
7792
6855
7888
5246
3956
3522
4278
5003
6984
1384
395
5215
6505
3142
5938
6377
4634
8819
6361
7318
8006
207
6559
4965
1279
7463
8158
2217
2088
4941
3606
1981
4494
1143
3802
8438
6327
527
7644
1395
2410
3478
4225
4697
3756
2935
1281
5981
552
8896
2104
2566
3932
1456
9116
3567
7242
8538
5253
3674
5841
5010
3189
763
1846
9578
1793
7146
3975
8404
9619
5480
5190
6601
2477
7334
9500
810
5497
900
2927
4403
5445
6238
3326
4648
2647
5482
7405
8775
5271
6207
3057
1115
5785
6844
2024
9053
6283
1231
6294
7913
587
8655
6474
9189
5231
3722
8619
5132
7178
5342
3190
3524
7565
4955
6600
991
6948
9001
333
6057
5554
5372
7994
3253
9215
6755
3703
2697
7008
9598
9811
9816
4027
7057
9238
4191
4100
2053
95
1165
9131
8466
8917
1895
1637
7461
4062
5120
586
695
5792
4410
3029
6877
2272
4329
5677
5898
5823
6512
6372
6451
6163
6670
8681
2577
4764
7167
7593
8891
9924
6743
8944
1311
8964
8123
1537
9962
8954
3248
7441
2895
5267
3355
1148
6029
8597
349
5054
6579
1801
338
2378
1763
1639
947
9357
883
5757
7776
2368
546
1836
591
1211
7533
3682
7646
7051
553
8803
3104
6307
9884
3559
4977
7668
7637
8332
360
7817
4477
1107
9320
8064
7394
6806
3014
3575
9244
8770
7943
8315
3792
2737
8993
7481
2986
6366
9412
9207
4728
602
5819
4915
5532
4376
9518
5540
2677
1732
4715
5322
8267
9308
3384
5143
4337
825
6468
8889
6197
4678
6355
729
5979
2415
3425
2235
153
9327
745
9749
2853
2047
9107
3848
920
3321
2055
8115
358
3017
8578
1022
9707
8065
8419
6710
5405
7932
3170
1641
8797
8053
7190
5813
6168
8863
1374
5016
8582
3692
3097
5293
2586
7303
6736
5326
9626
8046
7226
3154
8826
5188
3266
6121
4774
8764
8036
9641
453
7261
3220
6046
3560
675
4914
8237
7315
2963
3800
4336
5177
4186
4707
8104
2828
6576
5548
9349
5770
3964
4348
9182
8492
8875
3997
2319
5775
194
5117
2028
2048
7363
420
6290
3270
7757
6
7387
3610
3399
9106
4240
1943
4733
6035
5723
3362
2244
2508
6549
7345
8239
4244
6945
6949
9209
9950
1458
2616
8005
3797
4459
6022
8012
7447
2313
5099
7799
8270
4904
2553
7177
8727
890
4642
2504
8498
7296
2955
297
2833
1101
2861
1030
2218
6939
2760
5696
2531
9890
8741
9904
4698
6527
366
4981
1777
7928
3439
5223
6488
8307
1068
3364
5048
236
57
6585
5857
6899
9654
5182
7286
3743
1269
5106
3201
3611
3482
7739
7707
4860
1003
9020
4400
4164
8345
7878
3911
734
984
6395
5288
205
9521
1346
8120
7666
5552
7367
4111
6996
8368
8027
8445
3050
4557
6010
3591
6681
535
4833
804
7418
600
2634
3213
186
7784
3710
11
9133
6378
6558
3761
773
5146
335
526
7017
3071
43
221
7182
4435
166
6151
2023
4233
8211
7069
2520
5897
8694
2823
3060
4980
8141
272
8963
1379
177
227
4653
4891
1928
8343
8250
7359
3182
8565
6359
3906
6692
780
6528
9875
2517
1172
2286
5547
9684
1097
3544
9477
9135
7496
6380
9837
635
4765
5428
3543
7378
7780
8385
4956
7443
8635
6198
2257
8718
3332
917
6643
40
5612
5536
9642
3324
7253
7860
2416
2534
7246
1224
6028
9411
6735
918
2347
5802
6669
2831
2923
9068
8154
4839
3614
1699
1881
4796
69
6205
3676
2338
1490
1300
3489
3763
1114
8717
895
2255
4125
9871
672
887
2946
7148
2260
454
4470
1868
549
8174
1785
1893
3026
2280
3320
7073
568
6134
1353
5050
8230
3279
1205
8672
9948
2281
5249
7262
9063
5247
4591
1191
2864
8527
9933
8311
2387
7409
4114
9416
8087
9502
2046
1017
5737
3762
1609
1194
6720
4396
706
1200
595
8377
3918
486
5274
3768
1686
1199
6519
5970
8113
6686
7212
2983
4284
1712
56
4972
1711
7704
3553
6979
3571
8330
6430
444
2241
6173
6412
5058
9771
2844
2341
4318
8029
7395
2100
2264
1038
5422
6403
2768
668
6707
7756
8181
8472
2549
7773
4485
6080
7274
1569
7663
2112
1974
1971
1531
6706
6557
6978
6440
4652
2184
9581
9889
2482
6773
5692
4023
2216
4832
1242
5658
4237
2960
4813
1575
4563
9261
7431
375
2884
9323
1617
2008
9155
1268
6387
1240
9011
8214
1250
6802
3045
930
8398
5678
7382
211
3008
3935
326
7501
8620
4150
3421
4259
8783
7174
1433
2015
3076
8888
2555
6012
3998
5489
5739
3563
2620
6548
5260
8460
7209
2363
3199
1142
337
9762
6691
4605
8400
3724
6744
3474
6905
7332
5392
4227
5847
8320
5448
1658
1630
9999
9223
6388
8112
3288
1018
2038
6407
8187
2151
3294
8531
6758
6224
5180
7572
1725
4815
5348
3327
5160
2722
5481
89
8389
3741
9647
1555
4147
6298
2181
2854
5044
2703
6619
8937
9558
8240
8206
3391
1849
7594
6649
3284
2971
3129
4386
4940
2689
3501
7672
9832
6621
7760
3500
8273
8621
6760
2324
4426
7687
2149
9258
1860
9352
9865
1340
7138
582
3653
6301
5321
8869
5797
2022
1676
911
2259
2961
8379
7721
8907
8505
9002
7128
5601
7603
5822
3471
8734
120
8415
7983
3469
5840
5034
9304
36
4720
6375
1682
3775
5109
5728
8892
7975
5305
4751
8234
6268
9589
4816
5804
6607
4315
6281
3169
1704
8436
1124
1521
8031
9823
2370
3449
7600
5859
350
6034
3738
2438
8806
190
9738
2110
6397
6932
7755
4576
5458
1403
1424
7507
5161
794
6785
2049
1193
4487
6232
5470
8799
463
3084
8121
7330
3580
9421
1305
3125
345
9998
6214
7240
7211
4998
3817
6793
8816
8882
9027
1791
5761
2975
6718
7269
8116
181
9200
3098
3990
6634
4161
5353
4878
3561
2375
4679
932
6020
8677
4896
649
1328
2924
3540
5661
122
9868
7977
6846
9972
8229
6459
6275
3633
6545
7934
242
1156
6021
6555
7292
8125
5810
626
7660
2886
556
5992
2463
2500
6966
6263
7962
8756
8737
6477
7625
2709
6188
1808
594
7640
1606
8746
1462
2364
9965
229
3550
2526
2957
8987
9064
9398
4596
7168
5298
5932
2117
7580
7225
448
4491
1370
4162
8723
7179
1441
42
9438
2790
9085
9774
4427
7876
7642
712
512
4527
8138
2284
8852
2741
9671
5026
1326
4067
2108
9183
2424
6074
5951
8724
6517
2246
3989
356
2704
3047
4218
3858
3991
6889
4536
8165
3212
6759
6450
4802
6969
2855
5103
39
8903
7921
7028
8550
251
4283
2422
3573
3579
8294
9697
367
6568
820
2418
6125
5254
996
4912
9469
2691
8609
4223
3234
6220
489
9177
2007
9795
5213
7804
5437
7474
1252
9383
3514
4806
1493
3702
2457
5439
6082
9857
9911
981
2812
2302
5735
1743
9181
1976
3342
389
2011
4398
7027
3601
6156
555
4308
590
3755
8025
3117
9764
1025
4380
5469
3388
6645
6896
5971
9017
9706
3538
1331
2922
2494
2485
3227
8785
8383
8608
1553
6523
6250
8040
81
6065
2352
6536
151
5443
9355
7909
8363
5019
111
537
5193
493
6231
7173
1160
2707
3919
2481
7984
7639
5644
5694
4616
1306
927
2859
3204
3735
317
9246
8848
6454
2562
6379
414
9022
9408
6583
224
2434
2875
3948
16
9033
4762
9851
6368
9928
6572
5948
219
7486
905
4690
8204
9651
306
528
3562
8083
3417
315
1357
4184
2889
5345
6780
5505
4220
7892
4794
6893
5456
7350
116
4409
7929
875
2076
704
6458
882
7890
4835
3849
5680
7238
2131
8157
5302
7992
3147
2847
7260
2882
3415
508
8348
4059
1614
6723
5467
8412
5711
8395
4688
6734
2262
8310
7206
2601
1525
1899
6108
6952
4482
5638
6866
4558
4481
6845
146
1918
4105
4300
5782
2026
3795
3354
4979
5195
9895
4087
3509
5005
7682
8132
4534
1399
8580
9971
1138
4116
8804
6613
1144
2116
6711
2156
6933
9536
7257
9935
5746
6476
2408
9798
1990
4030
9709
9766
4098
7380
5311
6533
3483
1427
4824
1982
4236
7175
7316
6592
2664
8952
2395
2019
2113
4358
7591
7140
6582
2199
4754
9114
9295
7244
3292
3625
8763
9864
9614
1765
3432
8431
9524
608
1702
8789
8965
50
8045
2165
6804
3781
8553
1715
7203
3416
9403
6622
8800
5903
9391
6402
5931
7786
8974
127
3402
6971
8729
5517
4988
3806
8387
7787
246
1790
2064
1321
391
2939
2930
8928
9074
8440
7067
2582
9468
3659
6130
3434
6354
6851
5645
5880
7980
2573
5862
96
5570
263
4700
4554
8760
365
7040
2371
7160
5039
4693
1530
3366
1378
270
6177
4096
6297
5659
3224
2992
2533
33
4710
9454
7084
2221
6122
216
2804
9472
6189
8779
4928
13
6742
9016
3130
7945
8614
899
2201
9913
4502
3657
4882
6865
8136
188
2399
7543
5607
1371
8511
798
3769
9324
3820
4349
73
2243
6374
8182
8299
938
4629
6763
97
5789
21
8293
7782
5535
342
7362
7970
7520
1277
8600
1586
4029
1337
6988
3516
7353
912
249
8147
513
6247
976
2208
3251
994
9256
6972
4024
9241
5899
8450
9776
7534
3665
618
5396
1952
62
6456
9384
6612
9221
9565
6102
9710
6838
9450
1754
8959
4250
2439
7074
9162
2417
3036
3003
6009
6406
6916
7480
7106
8095
9796
1032
7114
7076
6369
2585
8721
7998
9814
3770
5764
1085
301
8696
4092
2266
1035
578
6573
3285
4902
2825
8643
548
8129
8829
7080
2251
3198
9679
2966
4239
6602
1819
791
9520
4680
5163
9274
968
9543
2372
1945
5561
3930
3534
2138
954
6560
902
1135
7556
3451
1858
4699
2005
833
629
9259
7702
4014
5995
6507
2914
560
425
8501
6987
6951
9915
3791
1691
5966
8475
3884
4781
5400
3114
7357
9627
7577
1298
6401
653
2752
9115
5679
2084
2715
4461
6200
8861
6179
5384
869
1320
1854
855
816
5072
6938
666
3078
1729
2866
8628
4704
2554
160
1794
5008
401
5713
5630
6824
4630
6915
7385
3229
1198
9539
1733
5379
5139
7958
8403
4734
2273
3547
3994
2872
8922
8971
5015
488
2583
214
525
4221
6132
200
1110
5341
1066
2
6494
3134
7779
60
599
5021
8447
3946
2564
1621
2157
1620
9530
8914
8769
9666
5715
3299
7935
8683
9907
9247
7270
1949
6464
5220
8916
4492
4252
8562
5883
3669
6318
4792
9013
903
483
7712
7451
5892
7571
5620
1366
1816
4881
30
4520
8428
3061
2483
872
4755
7099
1
523
7309
1064
7615
6682
328
9236
3272
1557
9217
1900
3382
9024
1915
8744
3072
1367
5363
1786
3776
5834
3337
3222
9499
1827
7833
6016
6853
3475
9850
340
55
4897
8423
3745
4130
7573
6385
8354
8084
6553
1902
2698
8185
5024
565
562
3780
7579
5643
7176
8253
106
2106
1759
1939
5621
6874
3010
8938
5309
3667
1132
787
6690
9810
921
9389
6761
6638
3173
3340
876
8355
2580
7840
3962
3252
6591
3609
7125
9294
8238
8526
1276
3113
257
973
3064
3589
3039
9404
821
4153
2739
5320
4609
319
1978
6834
9415
8636
8188
1922
9009
9718
4907
5496
9807
388
2079
2998
2212
6537
8533
4266
4836
8894
5530
9354
7065
4356
3804
2487
7586
4327
2239
7681
2004
9036
1802
9175
3663
1968
2925
564
6426
3639
6815
5580
8490
1465
4144
1920
9432
7713
3242
9892
3782
6069
1388
5266
4272
3472
9495
8878
1484
2058
5571
3612
3175
8017
5651
1019
6269
196
8071
1628
9400
6746
4604
7417
1719
852
1700
2660
1540
49
8304
6449
497
8037
1751
8573
7627
5791
5650
8296
5007
7734
2931
1693
8843
4468
4590
7764
4575
7108
6085
865
5079
9138
5639
708
4355
3127
6961
3287
5279
8692
4916
6989
8687
9460
5285
4359
1653
9808
9623
2929
2618
3239
884
9506
9648
8534
6084
838
1154
3955
8927
8306
9312
6152
701
5816
5664
9202
8274
1604
8461
6383
8662
506
6534
2379
6910
5361
6256
8910
7429
6296
2440
5602
5613
2326
3106
9253
6687
1076
2102
5976
977
3927
7435
3194
58
6311
9292
2359
9569
842
1415
3757
6345
3067
1872
7541
7157
8446
3467
2447
9515
3096
625
4805
1947
1360
3334
4429
7887
3105
4533
3558
7535
5913
7993
3180
3381
6565
9473
9291
1574
4076
9693
8004
8096
7035
8525
4990
9250
705
8933
3846
5257
4622
4253
1953
9549
9906
6004
3652
7697
2229
4070
7342
2721
2612
6796
4051
5272
658
3685
4305
2723
9909
5856
4352
1187
1349
8048
5905
5418
5499
4127
1554
6684
5560
4245
5240
4820
2101
8990
3811
8054
860
1672
9568
7806
1173
4192
2226
6730
7497
2906
8454
9171
2705
7830
7991
7818
9147
4028
141
4473
6701
4657
6668
9805
1436
8771
6920
2671
299
7918
4269
8958
7233
2493
7548
1815
46
6241
421
6577
9630
3903
1613
8566
7867
2712
5689
3815
4371
1656
4451
3088
3121
2155
1689
5056
3136
7747
7530
682
1919
5806
2744
9140
8570
2252
4822
8693
1083
4261
9571
8262
7145
3830
2376
652
2090
7070
6931
5734
8359
7899
4040
2034
7768
1466
4795
6127
7619
4686
6340
4377
5691
9003
5114
7937
5261
6823
3241
5250
8637
5704
5744
9852
1078
137
2057
6408
1660
1936
3615
7024
6217
6702
2052
2325
247
655
6437
5374
1356
9311
6091
218
4242
1179
6417
1239
6630
4562
8372
4782
5205
1246
1741
9733
8722
7954
2245
4117
728
143
7511
6391
611
3879
9166
260
698
7295
5230
1492
7692
1821
7383
7816
2653
2177
4773
4962
8039
8168
5030
1878
9633
7597
593
1869
1361
9348
5566
277
3828
3176
4290
5006
5985
5634
3352
5270
8360
7122
3138
4343
9675
4702
2724
1381
1654
1929
7194
7536
9781
23
195
3428
4741
5965
6918
9437
806
4366
5912
5581
3992
8611
7408
7333
6098
7016
4047
1368
6039
1170
1050
4932
9235
6909
2869
8568
2449
4614
9600
2443
7912
9278
8191
4749
1190
6825
4475
5629
9964
1716
7552
5843
2933
1565
5089
7045
2069
4544
7248
5227
4493
4212
5538
7791
2306
2976
6946
2690
1831
9828
4518
7465
2570
1325
4441
8489
4800
1833
3715
3945
6740
7781
1889
1570
1163
1755
2423
641
6266
4048
3883
6990
1285
7144
7531
1343
749
4999
2506
6704
3218
2037
7398
2274
2490
7444
3529
5415
4582
572
7048
9112
4187
2299
8263
415
1130
644
8748
6233
2054
5197
7518
5934
6306
1994
808
7725
5900
2911
9047
5329
2989
8945
6608
9005
2467
7673
6353
8331
7933
998
737
6193
4855
786
9307
5513
2751
5662
5563
2075
1362
3048
760
3949
4416
4016
9174
6739
8524
2514
9007
7911
2039
6337
7098
3188
4294
8485
9862
6697
9730
5961
6419
5337
8623
6567
7689
5811
8167
5286
3257
2161
8807
1405
2248
3508
5988
8798
7082
7560
6771
1923
9204
7950
6900
7553
3996
7152
711
898
5244
6832
5673
7135
5990
9393
9969
2287
2444
2953
4035
1904
3840
6809
3295
4870
1062
7708
9388
5083
739
9638
4871
3005
3868
9833
7965
8068
8365
8956
2795
1619
3
6313
5940
3747
170
1253
2529
5617
6051
7062
5666
4983
6767
9396
3541
6133
1792
1380
5941
6235
9634
1363
9856
1803
2465
5533
7384
48
7415
8904
679
409
2837
1093
4445
3115
5295
6172
2750
7202
9103
142
5582
2475
544
8290
4515
609
3640
6013
4415
7231
51
165
3690
17
2342
3698
935
427
7379
6779
9721
2936
1342
2565
3887
7054
2203
8411
312
5324
2590
7803
115
7322
7789
9639
7104
5365
3145
9618
500
7797
759
2337
6839
8931
4281
9869
1644
9527
4132
5935
3783
8247
5149
3372
9128
6210
5359
6260
7446
6705
3443
1544
9973
7371
1713
5187
7132
4288
9996
1272
1946
1070
4306
5500
726
8557
1402
687
72
9947
9098
9606
4910
3077
490
6011
7272
4743
445
418
2645
2139
8183
6574
7670
7392
1177
362
7842
4043
8795
8622
250
7683
6998
5542
1989
9929
8691
4331
3627
1781
3438
2755
2877
1197
4137
6162
7859
3719
1267
379
5779
5698
9655
1028
1223
9908
4997
14
6341
3578
5828
4906
2074
1856
7304
1214
2762
2778
4095
6901
1690
9708
8695
6493
5622
3662
7213
1313
5169
1431
7731
305
3870
8616
7862
18
5181
9934
2369
8704
9800
7311
861
5684
9522
2879
1181
3970
7964
9214
4564
1476
790
1513
2867
4332
3159
8943
8599
4593
4141
8201
3455
6835
124
5758
8448
1562
8912
3302
9457
8559
2150
5450
5304
8143
667
9754
2267
614
4379
8152
3456
7654
5924
7369
9196
8309
4106
2595
234
8858
4546
5783
7205
6146
8131
9556
6094
7279
8196
4694
9622
9476
5953
8984
4809
3748
5573
4373
3280
7686
5104
2397
208
5140
2757
3635
9458
4166
3361
2845
8408
9211
8587
5373
8149
7955
2537
5435
9052
7706
5800
9925
449
2629
343
3953
1308
7765
3116
3448
24
524
6665
2174
9640
7283
2334
7624
723
5745
8821
2141
518
8000
840
5312
8802
2432
1547
7927
6544
496
620
8997
7868
8701
9086
9272
5509
7223
3904
4120
7012
1708
4631
9010
135
9937
6554
4295
8551
9069
1310
2729
6924
1684
5519
5967
3009
209
8426
9276
8911
6358
8715
4825
2356
5835
4302
5989
7988
429
9728
8347
2592
1454
9497
9271
1293
3433
1742
8349
8483
1517
8625
5313
9130
3042
2412
9855
7489
3143
6431
9059
4017
4727
2777
8091
8219
3796
8488
5301
9844
615
9753
992
1042
6653
1897
502
3369
4469
9725
2997
5022
847
7522
7424
4612
6772
9176
1692
5061
3597
8092
3219
1369
8016
4525
5200
3195
2541
6061
6481
9958
5936
6087
3099
1783
7297
4235
1182
4545
8493
9668
1824
9210
5795
8002
8162
5224
2224
1350
2386
7339
4217
3950
5763
339
3731
6637
9590
2708
1576
158
2460
4587
6636
495
7166
4211
3860
7740
402
8265
8020
3938
2559
3126
5436
6324
7265
8462
6552
9491
5368
3788
6810
9226
7679
7466
3485
4783
8026
472
4639
9517
4020
5219
547
1563
7694
9336
364
6367
8388
75
9650
5153
6578
7724
9773
8994
7512
3291
885
3277
8455
9000
9564
1685
8698
3200
2600
9385
1549
753
3587
8824
220
2098
9165
4271
7587
777
499
5767
8549
2158
7491
3957
1031
715
1813
5929
9939
2851
6453
8866
8515
6836
6934
6733
6661
2296
8749
507
5488
4735
604
2462
2641
9968
3650
1601
6038
9284
1274
7758
4066
5576
3463
3166
5681
8384
1212
5404
3385
3300
6271
5142
7389
9206
4748
768
5848
4138
98
3075
7373
8317
2706
4884
5340
1411
9695
2887
5853
2940
5338
909
8232
8465
8661
6049
7872
5568
4026
7854
7130
7504
3247
298
481
6282
4676
1145
8576
6485
743
3030
6732
951
9435
1098
8199
7013
9532
7631
4584
5100
2042
8259
4093
6618
5237
5765
8099
7010
8548
2732
9930
9799
3215
2502
3424
5731
6912
3852
8594
4146
3363
1857
9314
6279
7066
8203
8575
6175
2994
6101
3897
377
147
2043
133
5872
1167
8732
2803
230
6414
517
2308
7472
1937
4747
3648
3638
101
6911
5063
9847
1120
8667
4107
7746
6070
2584
3836
3179
1627
1282
3101
193
4772
5307
8752
8356
3714
2841
4170
9043
8719
5294
2899
2071
1695
1727
359
6655
9439
7769
7327
6195
7996
5073
1623
9699
2999
2981
8791
598
9689
1051
6532
9448
4559
1616
7519
4830
8926
4089
2949
6381
6812
8482
4530
4872
9366
464
8416
5310
2956
3490
3423
4357
5569
3837
2784
9563
2838
5562
1520
336
9229
4097
6191
3237
877
9382
1930
1595
8836
1780
2451
6119
4519
1665
155
5344
7310
7420
1706
5351
7802
685
2574
1992
6864
6891
7328
9328
4701
7834
457
9364
1998
3094
7896
7677
7555
4152
5891
3405
6672
7986
4068
3654
7952
3092
3461
7096
3158
5736
4104
3971
2159
6100
9615
6170
1646
8227
656
9067
5592
8060
3637
2390
9094
8784
9604
8478
465
3925
577
554
3620
6096
1867
4199
2191
1561
3530
2907
4417
5308
1312
2014
6400
6253
953
1718
7570
4099
9794
776
2764
4580
680
5300
2904
4682
2934
8010
2153
2588
6694
8726
1845
8522
8700
386
1421
4012
4234
8521
5151
6071
8406
7088
8140
7821
7657
2256
9944
9340
7546
2068
3874
8308
8283
5491
9297
6088
2948
5583
1161
9922
286
1734
4757
2458
5014
945
8107
7831
3065
1891
5922
440
7358
7258
9704
4837
4128
4566
9882
1174
7131
4711
4541
3905
8380
1052
8170
3487
4495
6299
6136
2187
9842
1096
1842
3110
1263
284
2344
8887
8242
9678
1013
6973
6598
1011
5870
6287
7442
2781
5619
9498
5318
881
276
4786
6176
369
8303
9685
2548
6974
5116
5168
9434
92
2830
2829
8117
44
8338
8793
3718
8884
3365
1468
4392
4338
4122
5217
7942
8434
2650
9597
3974
2606
3336
7376
9100
3137
8603
5121
3626
1870
4368
6489
4081
1235
8506
4181
2310
3164
7576
3914
4787
8418
7643
6425
3426
7063
8443
7864
4490
4507
5122
5926
5454
6295
955
8285
5239
12
6487
8642
2456
7566
692
68
5947
2275
6110
8487
7305
9436
1056
7403
9014
3944
3618
874
6521
1612
182
2593
7377
1414
2001
3502
7005
1164
7402
9916
5522
6840
8855
8326
3495
8873
944
7149
1784
3444
4958
3833
5332
691
8845
8339
5186
9953
987
9254
5214
6274
9573
5331
891
7599
2230
1664
4249
8543
4602
7717
93
559
8823
8316
3539
1329
3263
6335
4599
7956
1141
1986
3737
2219
7124
2329
4229
2915
6748
4056
1043
1201
1073
4869
9449
1008
80
7015
6216
3810
3343
4641
6752
9185
1987
3303
8271
7881
6095
4463
7774
9062
3091
1516
7251
3498
6749
4238
1677
6940
2367
8659
5591
3038
5559
2897
659
8093
801
2775
3298
8957
7116
7109
7618
8226
9591
5145
1336
2951
6017
1074
3491
7777
4551
2894
8986
8801
6852
769
9984
7111
894
5449
6478
9746
197
3493
6820
7540
7729
4317
5416
1931
848
1594
8754
4712
1958
2405
7370
956
2693
4758
2912
5364
7289
9101
4353
3777
7259
5541
149
5043
2121
1892
9538
4065
1317
8186
2006
9298
9567
9748
5315
7659
8205
2835
4387
7699
4844
8639
8837
5849
1453
1498
5062
3523
3588
8581
3701
8536
259
5242
2087
7488
7748
6194
1202
2661
9957
3531
3525
9863
169
7562
3108
1359
3083
3440
8202
1372
1117
754
2733
2312
9544
7437
9559
5690
4165
3519
2669
2242
4313
6956
9692
4248
7364
3350
5718
6551
3805
9713
4108
503
5943
2330
1450
2322
2222
4274
8832
7647
6904
550
1896
8925
4454
2479
8755
7903
1470
9903
3521
9050
6184
244
740
5991
2686
45
8314
5675
4385
2834
2247
2124
8949
9940
5258
9514
4600
2197
9123
4010
8420
908
6522
283
6118
5866
373
239
2903
941
2270
2794
3824
4039
4791
7042
7798
1874
3152
9137
8302
6516
109
2271
5052
6272
6192
5357
5546
1632
4877
5937
3259
9306
7228
1207
4723
7020
8082
7961
8236
1034
7617
4001
3839
9243
3059
8610
1760
2782
5399
61
3185
398
9747
4560
8523
7539
5962
879
9142
5137
8670
7604
9528
9557
8631
4952
3527
2836
9208
1809
8768
8407
5786
9841
1829
399
3809
9372
1880
9369
7086
8540
1418
1667
267
9757
7150
8998
3565
6090
7155
843
797
6226
8547
7033
64
6596
4277
5600
334
175
793
7411
5105
7852
9044
3093
2148
8224
6111
8898
6652
1473
8936
4659
4785
8453
8297
7741
1168
3600
8207
2898
35
853
8618
8114
9335
9584
2358
2236
3027
1054
7827
6254
2984
6753
5635
4919
8210
7085
7121
1678
6854
7783
8862
9712
1890
6675
669
4177
2799
9891
1822
3427
4623
3764
3316
2560
4850
5826
4247
8032
2941
9073
514
8218
324
6882
3537
3643
5902
2382
7685
7346
2774
5041
3549
4719
1907
2623
1000
6721
1917
2123
6475
4222
8867
2673
6569
4829
5221
1834
9040
1514
5136
5682
2290
1432
6473
7464
5730
6444
5360
5553
2503
1625
8056
7207
8015
3582
4589
2967
9358
3732
757
925
2446
6064
9874
1086
9426
9548
8079
1571
1335
91
8644
4752
5059
985
9711
4703
9664
3465
2614
9479
6421
7855
3331
1844
5447
3723
6764
1518
105
5889
2261
8846
3397
8676
2901
1497
5191
4936
458
8504
1393
5472
3926
8988
8324
5596
9981
3028
3545
1444
4925
9280
1301
3726
3374
5695
1687
959
1721
5646
8142
9936
6077
8484
993
4970
9880
9744
8298
7982
1307
1529
1970
4190
5354
7667
8711
6161
9793
1541
6018
7143
8130
4160
4350
3803
6223
779
6321
7374
1717
5703
5653
7314
6580
2009
8831
4032
7609
3569
1740
1040
9585
5748
2293
6457
9471
7544
999
1560
4264
8479
9375
7606
4613
4857
693
3577
9586
3979
7433
8496
1297
1026
8624
7607
2263
9089
3314
163
2478
212
1033
6213
4663
7344
9378
6316
1069
8160
1950
4129
2973
5167
663
8007
9459
2605
2072
896
4846
8777
2826
1997
8747
5112
9158
1192
3419
8778
6384
3445
6196
1913
1788
8518
7851
9129
6729
204
8346
2373
2122
8979
5414
3373
3536
2950
378
7323
2135
5128
1769
7675
322
3330
4375
126
5466
1159
5087
2143
752
4696
2429
8248
4185
4848
5572
5729
7280
8753
7944
741
1707
7696
9926
5667
5894
9159
7423
7284
4213
8022
6259
2731
231
6564
5434
6206
1536
6436
4521
9260
650
419
5838
878
2045
4395
9826
7762
707
4799
7007
308
5081
9263
6427
2403
6503
3875
7
3716
7809
1532
5199
3265
4742
2018
4556
823
8519
5113
4258
6495
1280
9161
9854
7822
1204
1973
7940
2572
442
2524
2228
7335
1835
2538
8277
1818
3700
9046
4736
6030
4460
9698
5579
8651
9682
733
9867
5461
3929
5939
9881
6147
6149
7669
9700
1528
8033
1583
8098
7736
309
6833
1980
1659
3943
396
5700
583
9445
937
1119
9977
8284
5884
1039
4803
6563
1249
9099
6048
9512
4072
8985
4434
4949
4210
5904
7753
5983
8853
2900
1358
4009
8001
462
828
3341
3450
9143
664
7467
3318
4230
7538
6530
7075
1455
1365
4431
3631
6072
7414
1417
8736
8782
400
9048
6725
2604
273
3124
9494
3208
3749
5656
7778
9605
9078
2182
9540
3510
2406
3118
4173
6413
2719
3000
6392
9285
7801
4539
8333
3233
4086
5157
7703
6006
8605
5325
2561
7693
4172
4920
7810
5086
6322
5115
6423
6986
8312
253
5031
1738
8918
4561
6640
5945
6679
5498
7419
3730
716
5556
2484
4314
5699
3691
403
6531
6826
7039
9060
2154
8459
1651
3658
3976
850
7018
5930
1635
504
3074
9305
4363
9317
6097
3729
3473
9860
8951
198
7267
4738
2655
1125
1131
9917
9232
936
7477
9120
4777
3912
7154
8481
7947
2938
2982
1208
4753
370
4404
569
1903
8256
5463
3383
3317
9490
20
8788
4610
4984
5796
6768
1865
7752
839
2802
1323
6042
1001
5846
3296
8362
8194
3157
5674
8812
139
1779
1964
770
9081
5749
9220
661
3909
4876
6667
7883
6913
3888
6680
1774
9255
1147
6762
3131
1523
8774
1798
3644
1049
8851
7139
1352
2176
7452
622
5098
7737
8948
5893
1265
2913
9240
6769
4342
4103
3506
1800
2896
3751
9792
8745
3878
5429
6859
3268
5537
7733
3574
8190
6484
179
9163
1582
9077
2870
5192
9696
9326
4598
7719
6472
4913
3261
232
8539
5333
9910
637
8444
4194
4856
505
9195
3386
468
826
8630
2528
4484
3271
9302
5125
8373
3895
9267
9170
4951
1948
5328
4334
3668
6597
9983
1581
8392
783
814
67
4568
2962
642
4061
6967
1385
9767
1979
8646
3572
5263
5070
384
3881
5406
3616
5251
9899
8976
7300
2168
2340
2626
8193
4812
7438
1600
3754
9157
2085
7097
8589
4344
5972
6535
967
6154
2871
6104
3089
6775
755
3995
2979
6671
5881
9145
8946
9628
1778
4054
2824
5020
2765
4921
3264
799
2865
7325
8758
5183
5968
1622
5477
408
6323
2089
8261
7134
592
3742
3907
4971
9035
4769
5510
3011
4399
4022
2540
1099
3867
5355
5150
4374
8195
5276
7951
7224
2883
5303
2644
8342
6289
972
7828
4675
7749
789
2454
269
1573
8146
1275
7397
4397
2179
3613
8344
6169
690
1744
8649
2822
1171
278
3889
1607
6724
2250
5067
4448
6103
714
8052
889
281
3823
3853
8583
2437
7581
5077
4389
3855
9507
2743
187
5080
2285
5598
1020
7022
5595
9289
3052
1993
9301
8457
6492
7216
2233
5709
9316
3214
1447
919
1014
4049
3592
2277
3153
9051
9920
4296
2944
3760
19
9688
7651
9562
2086
2905
8981
6201
9029
558
7439
2082
5393
8906
4069
9154
1065
9974
2607
2862
3933
5977
3043
7601
5408
1596
9152
2568
662
9465
7616
6050
9676
7200
9542
4807
2172
7003
8350
6981
6664
1037
4695
8067
189
7352
3987
4388
167
7900
2567
2081
3466
8500
4569
4817
9296
2754
2192
7229
6941
6329
9045
964
3140
5777
9887
2392
2888
2763
7569
7475
9430
6666
6187
4200
617
4333
9451
2093
8828
3583
6603
3916
5529
1243
1446
1046
2695
8437
540
3085
6288
282
2631
1852
8645
1354
3407
9441
813
7495
630
4683
492
9790
3437
5490
4053
4516
8439
5868
5001
4684
9836
7014
1640
6199
2736
4462
809
3244
8390
4256
9008
7440
5732
6075
5618
4034
9751
6741
9952
601
1270
5095
8709
7953
4948
6243
2388
605
9858
9407
290
3696
1764
3082
7301
9866
5088
4511
7906
995
4005
5597
8340
8967
9784
8176
9673
870
8119
5025
8135
536
8252
171
2891
6766
1963
8288
479
6922
2876
738
1642
7037
6455
1814
7204
4964
2480
1113
2278
4689
522
7698
5850
975
8675
9566
300
6960
8494
8449
7550
4841
4393
9861
2773
6258
9932
1206
8094
5805
5493
5627
1705
8650
5521
3767
1796
9377
7043
9760
8913
2874
5672
4423
3636
5950
3977
6594
6079
2206
1123
8474
7331
8883
6646
136
4790
5290
7633
2501
8682
597
8796
5516
8063
4273
471
6293
4088
2890
9575
1804
1420
9251
765
2010
4135
5531
3584
6041
1387
3920
532
7751
478
2323
1795
8254
2843
3452
8679
2860
2988
9510
310
1768
1853
1643
6317
9945
718
6917
1680
3165
6066
168
4007
3681
1479
8034
5756
640
9873
5189
4071
6662
2391
3095
2589
6677
1942
8818
1289
1404
3499
7829
4339
1080
4228
2448
949
9849
6284
1512
128
9821
4497
3310
4942
7856
3139
313
6278
3892
8272
9737
2147
9765
3773
7026
923
781
1254
6543
5158
9423
4818
9661
4945
2738
6025
9455
9331
9637
7684
5609
9021
684
1445
7882
4094
6325
5511
6277
4542
2129
631
4552
5956
3132
9424
1129
5358
1817
8902
7372
2579
1838
2511
176
8155
1934
3924
5004
2314
6499
7038
772
8009
8409
4775
849
1879
9980
5055
3406
6386
2282
1087
473
3656
3278
2624
7502
7214
5457
6605
873
2627
6000
1875
8924
2505
3359
1866
1515
9683
1084
2144
7329
7184
7023
7853
3954
8111
1045
4151
4548
2142
7634
5986
6490
9373
584
6791
676
5916
2498
1226
8517
9338
3734
8972
978
1339
2419
7846
3086
426
8880
4439
1823
3012
4224
1631
7514
3801
199
430
103
9350
1914
6857
4838
258
8109
5564
9743
4188
5018
9686
5078
1728
9075
1679
5402
4498
2433
9057
2459
8787
3834
6745
1092
2237
7574
9315
4196
3193
3051
6842
3642
5959
7636
7090
3818
6993
845
3753
5787
4425
390
8665
4986
4570
9663
1472
1438
2684
863
9132
9845
5637
8766
7092
7137
434
2214
4419
6360
1287
452
9113
5829
8844
3081
1737
1723
6817
7425
9611
7917
6053
9955
8908
2571
3959
5504
9418
3070
9082
5017
5376
8145
6399
1967
8159
2289
6007
4428
6347
4721
2683
266
6883
487
3548
5164
2848
3377
7967
7592
2756
412
3480
456
4677
5623
1118
9546
9156
7981
7386
3226
4476
5665
721
2421
7239
1139
3468
9723
5382
3181
9817
423
6112
1057
651
5494
8361
8955
3624
1527
4814
9136
243
1828
6790
31
1524
9058
643
6770
6811
9300
6524
1210
9188
4394
5334
9714
320
6471
3660
585
5584
5918
580
4957
8668
1851
5162
9703
6209
1434
1847
7250
8552
2512
4011
7761
3789
2402
9464
8978
9533
3596
3766
9775
9139
521
7641
2545
7432
5876
4611
639
767
7294
5778
8381
5383
6037
6033
6792
6333
2167
1850
8222
7845
824
1567
575
7413
1940
5774
1503
4183
3595
7767
5289
8458
3515
6339
8710
1166
2788
9440
9341
8128
5642
8401
1636
9397
7326
2808
7277
4320
802
9287
913
1185
6879
9485
7222
271
467
5833
9371
4407
8243
2476
9252
150
3758
541
7049
1009
7361
8209
9951
621
8122
1694
4577
7612
2985
2868
1278
7861
5907
4959
8574
2339
4996
1106
7886
5201
5156
6202
4167
1772
5483
4384
7462
4202
4759
3621
8835
7526
6958
3693
4241
5235
534
9125
2294
264
6496
4118
7655
1216
3864
5362
4726
294
405
9218
3602
7805
8602
1683
2175
961
4157
5575
8014
5204
5593
5688
2910
3629
7180
6181
6659
2031
1535
4465
858
4189
2091
476
5330
6428
8739
5074
4950
6688
4050
1443
1548
3958
6942
3464
1375
5725
8376
2178
4279
4672
1752
9329
2780
6738
392
1290
3409
8208
7215
4895
7841
321
3689
6515
9443
5173
2030
5818
3380
8728
3323
8463
1502
5082
8514
5473
9701
8702
3186
9249
9134
88
4412
7623
7971
7676
6424
5616
7102
1330
5245
6390
3255
1262
2791
2411
2120
2916
946
4845
9612
1309
6320
114
9368
8433
3787
4275
1911
6695
8899
162
511
1811
2550
1383
4640
7457
6610
2675
6510
4989
2678
2268
3913
7561
4671
2507
4574
8042
9288
9669
22
3939
5844
8893
1302
9004
4438
5660
3275
6410
7000
10
1259
4731
7164
5011
7158
1439
4285
940
8495
223
6632
4042
8877
9620
8707
148
4654
7230
5920
2753
933
1668
531
5387
3217
460
3684
1587
8175
871
8322
5446
7910
1927
9283
1041
2728
2062
8371
1419
1634
928
4421
957
1088
1797
4946
8177
2663
2211
9835
4886
6800
3708
4504
7198
9018
4175
3641
8432
8890
7711
529
2688
5060
2425
5069
9339
7528
8989
7742
6542
5565
9356
570
9645
9519
7874
4923
5854
6131
6142
6178
4821
4057
1284
1389
9752
9034
4586
9442
4889
3966
5284
4289
3167
9570
6644
3986
3942
1585
4729
9097
1408
1348
6273
7723
9667
2603
8137
4414
7060
788
4947
2188
6964
7185
6356
9463
8516
5954
2428
1238
8509
368
3453
3031
1546
6137
4299
5882
1322
9739
9812
332
6448
9720
7126
4760
387
3712
1509
185
6352
834
7031
1550
4102
3896
901
5314
1392
9791
4894
8061
4508
7873
5874
4517
2445
6364
8166
1351
9742
