6932
8447
6558
9582
6651
4280
2362
2102
4051
722
309
6577
3512
8041
2267
2071
3884
7401
2110
6483
6296
7833
9201
6357
2479
5641
3870
524
820
3303
925
6386
4980
492
8884
2895
2459
8387
5659
3752
7566
9148
2926
3431
5371
5930
3261
9808
5152
3597
3274
7287
6194
916
4240
2873
3416
7607
7817
700
62
8854
8067
8508
282
3876
9767
3219
3813
8517
6086
1431
8861
1609
6976
8429
9867
2048
1166
7002
6778
7253
1090
5925
7859
8319
8009
4556
9715
4165
7689
7091
2851
6585
9671
3840
7854
5698
6796
1739
4184
6334
6632
6664
334
9687
631
6756
3859
5351
9871
49
9003
3143
7447
8482
4339
3019
4471
4283
4473
3377
5218
6564
8522
4061
2161
6708
5514
8764
7803
1666
8433
1535
6939
3194
2460
8677
5410
519
7121
3985
765
7735
9113
6871
6536
9022
2765
8026
4362
1046
7506
9927
8321
6838
3193
2253
7426
687
7115
1496
2356
5153
5011
1109
3465
5035
3559
5663
8687
1092
1541
5710
8238
1186
4862
9318
2760
1935
7164
2542
9149
7173
2800
497
9279
6012
4124
3992
1027
7794
1839
3195
339
3062
1105
3122
1255
2843
9915
3620
4976
2556
3059
8098
6584
8746
4023
2390
4127
7639
1188
9652
6601
7643
8059
8736
8968
469
9868
5464
6640
6861
4593
4803
6817
3889
2584
9542
1439
8498
8791
1392
7005
6429
1555
2384
1091
2
5916
2587
5457
1121
7305
7642
2041
7430
5503
891
7752
9260
1035
8874
537
8099
271
5552
9285
7692
8084
6748
4816
7691
1939
3842
1855
3957
3675
1136
9059
9403
2006
9812
8679
51
3730
3273
9237
2718
2169
6922
8102
9798
6574
2349
9217
7225
562
2444
7738
9859
1752
1775
3663
8875
9255
825
563
1204
7944
9753
2180
3099
7555
5735
7618
2789
8105
287
2888
2375
1705
5972
2754
8879
1200
6715
999
8096
7973
4086
3530
3141
7211
571
5096
9835
7388
2788
9274
8668
112
4592
3191
6562
188
9490
7604
2722
4045
350
4749
7406
581
7739
7910
1013
567
7706
9449
1142
9254
2144
7793
6434
8336
198
600
7634
4932
5781
8377
3831
4848
4644
575
5771
9533
6650
3716
5888
8804
540
5516
4412
4889
4911
7576
3270
3292
9610
5071
9934
8503
9253
1548
4611
6202
3178
5990
4696
9082
8346
7493
4524
3221
870
9538
6422
8280
739
8015
9775
3080
8247
2672
5809
5825
4750
5903
3692
8431
3535
5292
1283
3158
1227
8434
6402
4578
8203
9776
5988
9145
1716
6057
7653
6652
4199
6823
6967
9522
7903
2823
5540
2240
8369
8111
6751
4744
6268
3596
7188
8793
6930
7544
4931
9420
3502
9097
8715
2054
3742
638
4818
4369
2028
874
9183
3924
7899
7312
5474
189
2199
4800
4840
9067
9005
3018
9222
9056
1240
5895
2037
5137
6454
5230
1272
1823
2714
6058
824
5653
1508
3609
2579
3913
6855
9599
3473
542
6260
9465
9006
7923
3426
2605
176
2314
1557
3202
5113
7842
7804
7572
4936
8648
5684
425
2950
5454
1276
6462
8110
5815
3412
1641
3131
802
6690
9057
5534
6985
9107
1461
2323
4139
9525
4971
8216
1507
1834
4323
1282
2928
445
3196
7950
6151
6613
3238
3688
1542
8141
1748
6526
7636
7722
142
6687
5802
3278
4168
2540
1404
7773
1679
3958
1495
5631
9395
5475
7758
4171
3153
7920
936
1179
1127
4296
6993
5836
5193
8883
565
9226
8619
1071
9471
7422
6747
9319
5521
7207
6308
9128
6800
3885
2993
6820
7807
1350
4101
6361
6453
9383
9902
7957
4313
4417
5376
3484
202
6531
619
7652
6965
8856
8320
4220
2998
10
4894
1208
1587
9377
5683
4274
5286
3906
8520
4200
4702
2021
9115
4901
566
4957
6653
4082
3240
5077
8785
4667
7213
5571
422
5150
1452
4456
1241
2487
9651
1007
6333
2415
5776
8036
3700
1664
2531
9966
4970
572
8974
7209
9100
8744
8133
3482
3909
676
3569
9787
7537
2095
69
6806
2798
620
5040
5342
6631
8898
7655
4791
8488
8881
5812
7559
6979
596
7454
2830
2068
4822
5892
8753
1326
1784
9936
9774
5439
7237
9337
1792
3477
4416
6154
6518
759
3868
7633
9531
4507
6223
4694
9951
2784
3737
8242
2078
5853
1370
8889
4672
3300
3205
8610
1217
6316
5974
4445
4864
2991
9405
9081
3170
8566
5
7831
5639
8086
4708
8455
3854
2333
6983
5795
2570
5848
9407
7170
5431
7375
8012
4639
6764
5495
5750
1156
3478
8644
7264
1922
1662
3229
705
5109
1103
9475
8408
4205
5422
9985
4252
9580
6905
8955
6974
5364
5366
8461
5506
9953
3504
3335
6121
730
9224
1199
9579
6094
7201
2235
9980
5498
1251
5873
6320
5176
3294
6737
7021
7789
5861
7086
6955
3011
9028
50
3636
2194
8194
7162
7174
7073
762
2011
4081
5804
3293
823
5478
4259
5902
6865
5620
792
1885
6426
6512
9117
4104
3417
8527
276
302
1533
4622
7588
8032
1021
9483
3671
6135
7467
8782
9424
7222
5621
2576
9646
2904
5112
6275
1264
8081
1636
3873
5913
9136
8846
1492
3589
7695
5998
9693
6966
1172
4350
6278
8564
3321
632
5053
942
6889
4382
9581
6189
1818
4077
4698
2560
4681
9061
6840
2529
3488
8077
1946
6868
1870
5039
992
941
9079
4717
7956
5589
2876
5397
5006
2367
363
5942
6920
2726
4135
1676
8270
9281
9866
8993
5322
226
997
9361
5249
1958
7095
3226
194
9488
4477
7412
3750
3760
5931
6911
2186
1756
7579
2299
2328
3770
2886
6466
9102
2499
4406
7317
6743
3628
8208
3190
2883
4134
9748
1032
2097
413
1288
6173
1437
8603
8686
1902
5652
835
2057
6080
7728
150
5607
2562
4508
3773
2554
7520
4167
5644
4301
8585
2769
1093
7935
9479
7111
4641
3463
3531
2395
2637
3916
5968
8049
2581
9660
2527
536
4427
9263
917
1317
8755
4262
1908
1490
4690
9906
3626
1384
1976
6665
2378
2648
1464
2894
4121
3281
9872
5606
3206
505
3869
4781
2509
1397
2595
9721
4652
859
1730
5863
7680
137
9557
3877
7204
4897
9996
9033
9558
5811
9477
5740
5920
6477
3951
1639
5012
8914
3116
5298
1244
8868
8313
233
7888
2673
2332
2187
8880
4820
8108
8602
5962
2147
3954
550
1067
1693
6744
2921
2572
4596
5545
1041
7961
1449
6129
7353
1767
9778
1710
5559
2237
2682
7497
9409
4224
7681
239
8614
729
8999
4210
7960
4235
2212
930
4663
7407
85
8820
2815
1057
1331
3008
3430
3670
5195
5441
6916
746
6424
4193
8061
4634
1427
4802
863
3211
3595
217
8734
5862
5076
3390
5355
6812
6045
3932
6158
841
5537
5918
4419
8834
9921
9350
5215
9204
9690
3846
5396
810
5500
146
7892
8367
708
4758
266
7674
3647
7551
1801
8870
1269
7693
415
1149
8331
8702
389
8310
2024
3048
2472
7389
4656
4256
574
8405
2652
6071
696
5669
3159
8412
7075
5100
2837
880
8591
9602
1396
796
554
6378
5561
665
2706
6913
7132
3849
246
6496
7901
6968
5185
54
2908
8337
580
7676
2850
8404
3113
4459
5045
3325
2075
2118
168
7979
6364
1513
3461
8676
2284
5360
963
846
4236
7538
3802
7694
2568
2744
3165
5306
1794
8363
9476
3000
1866
5479
9875
3186
2275
8725
2804
2866
8642
6219
3644
6475
1532
5145
5833
7856
2906
7082
6403
7236
8163
8496
9526
3611
1051
883
2177
2448
7049
3882
793
5433
707
2712
9916
3634
3543
7468
5541
7644
9110
1836
3289
2233
6592
4028
919
8982
2962
5380
583
669
543
4266
9667
7084
9293
3739
8097
4141
9246
1048
3967
7917
17
7931
8905
4757
6421
7679
9887
1252
1294
3696
8600
2114
3460
8184
3991
5597
8512
5624
9549
7714
1819
1954
2849
3661
3282
88
2160
1310
1030
3984
4161
5881
6309
731
9794
5395
9037
9746
8944
5110
2148
1129
9240
6912
3681
3933
3342
2408
974
4153
7766
4446
6627
7347
8385
6461
7290
4118
352
5485
41
1762
2819
7863
3149
2079
2051
3970
1167
1896
4847
6668
6224
6249
3334
5728
4643
9230
173
5826
7872
3812
9426
8046
328
4208
4094
456
7320
5471
582
5043
6695
9856
8670
9167
7057
9964
1440
8907
8902
3766
8972
3686
3454
6710
8308
1502
3645
230
9530
8185
9393
6288
6156
9544
7989
1038
6573
7325
224
2084
6606
5600
5411
6753
5247
7769
714
3385
7906
8444
2644
8432
9385
3305
7071
6259
8114
4443
9820
3982
2330
5724
5718
9679
3901
6484
7247
416
2442
2735
3510
6169
2135
2209
1653
7326
626
4418
7585
8656
2946
1789
121
5727
2671
615
7379
5421
6575
9070
5018
7765
661
2229
5104
4687
6112
5955
3057
2797
2942
2483
8773
1720
3088
5788
5687
7408
8971
7942
6960
4038
692
5957
59
6270
5914
1226
3406
6113
7764
100
3734
7303
2234
1478
9734
64
4402
6050
534
1899
2219
9837
5482
9367
5717
5345
6805
1491
9408
9952
9633
7014
2457
9265
1023
177
2762
4137
3702
5141
6018
3872
5627
2347
2022
3105
8144
3489
6290
6723
5163
9686
2807
63
9967
402
5722
5211
3319
5356
890
6096
5162
4468
2090
7370
6216
3843
9142
4075
7476
4036
5923
2501
7615
8471
7152
6255
2877
4453
3511
1039
5870
8931
1114
388
3793
9411
7285
8510
5442
7019
8343
104
6115
2736
7697
5946
1281
8264
3814
7149
9658
3514
1503
9422
9760
7035
4676
2526
8248
1052
3978
7977
155
180
2939
3994
5983
1444
3547
381
7464
9235
7275
8553
8691
3562
1694
9596
2996
8196
8761
7504
784
465
4330
2151
9539
1521
644
7463
4030
2224
5339
2281
4164
9791
2049
4722
263
6239
338
8869
9178
6031
2344
8765
5293
4083
3418
3004
8135
3599
5701
6726
290
7916
5372
67
7122
4858
9348
8118
9066
8116
3002
7096
672
9645
143
6786
4298
9762
218
2979
4538
4278
4670
6332
3520
8210
3345
7085
1287
1209
1153
9584
1372
2300
2658
9624
8674
7319
3279
8327
6005
2522
4927
7156
3848
1889
3378
8483
6143
8969
5168
9432
3837
1625
8150
6893
9445
7774
2286
7606
3174
4233
829
6546
5695
56
1721
7490
5613
6646
9323
3631
1572
7839
4739
9027
8635
7318
6907
8511
9150
6672
9918
4151
3704
5572
8544
6621
6051
3875
9492
5984
359
9076
9498
366
9192
7521
3641
3150
6605
6022
4828
44
7108
4572
1867
6262
4392
1773
4861
1647
382
760
2341
6413
6674
5444
1860
3173
333
7437
450
9341
4254
6828
3480
1906
7534
6528
1913
5062
585
7987
5158
5378
4948
5773
7192
3043
795
9873
2594
7485
6571
4923
9084
5051
7060
6046
8962
4581
3939
6160
153
3092
3176
8981
761
9768
304
8826
6635
8058
5476
2767
2599
1798
9994
8580
3452
8492
4614
5849
5850
6167
1455
1234
486
6849
6542
7661
7478
9024
887
1134
2042
9833
2045
8822
4939
5070
4257
3097
4133
5317
9907
8844
347
1594
4249
6073
7358
9962
7824
6688
1791
6956
9026
749
7491
3424
9850
7873
5426
7147
466
5064
8818
8586
459
48
9861
7614
2189
4288
1064
4293
6950
506
1415
9756
2069
331
504
9252
4995
2273
9888
2404
6279
5458
5805
361
5078
2544
5383
7921
9191
8877
2831
7507
3697
8212
9123
5753
1525
5772
4103
4409
1089
8714
3827
5731
3413
3833
6409
1828
6261
7812
6610
617
8521
1275
9182
8165
1585
879
6973
7392
2216
6713
163
4838
8161
5880
2909
8403
2547
3987
9555
7929
4424
2304
1
8961
875
9412
4230
9618
6090
9958
5790
1304
8090
9441
5792
2766
2575
4842
8500
6175
6037
1467
7272
630
8598
2232
6539
3619
8446
488
6754
1688
2546
1709
2287
6176
3578
817
3622
4807
3575
2610
4156
3616
1785
1460
4642
4965
5001
5160
7003
4725
8034
637
3851
9139
545
4359
6924
4767
3218
2514
2315
3823
5872
3296
7429
7369
5117
5131
7020
2389
2092
8839
7102
6351
914
7896
8070
9288
1649
1574
2157
2125
1169
8975
8199
1753
8289
2869
9118
9883
7141
1382
8525
8684
211
6765
7623
238
8428
6123
1059
2978
1115
3890
9630
2947
4194
4746
7146
6730
4703
9689
715
8618
2822
3395
6533
1128
4735
9920
1163
5574
6338
183
5344
9048
1563
9938
79
5188
2308
3222
5721
6083
3748
5268
356
1591
1280
5666
8814
8995
2359
8021
9196
3963
641
9401
1353
7790
3046
8473
2653
7763
3995
8384
4625
9969
3040
9576
3231
1584
4731
9983
43
5636
9458
9462
7635
82
799
5851
154
4327
1601
7904
6579
186
2841
7997
8858
5513
4349
3079
642
3432
9359
5630
289
4241
5213
5068
6191
4628
3207
6495
5120
5492
4148
4637
9855
1718
5147
249
3552
6440
7734
2952
4070
3767
1862
4741
1349
9665
6460
4346
2959
4893
4910
433
2870
9370
3623
2239
4354
9849
3429
1295
3199
5402
5807
428
131
7443
6997
2627
2887
4985
4885
5154
4707
481
3949
8051
4299
8381
1817
2181
2202
8827
6999
491
7570
8752
4079
8608
3182
2106
5216
645
3039
312
2824
1447
1086
3376
4247
8217
7308
5228
6221
6207
2480
9790
2228
2933
8284
1566
4709
3548
5896
5122
7670
4996
6383
1742
9956
6583
2124
4142
384
7605
5615
6417
3262
147
9650
6780
7252
3125
7781
3455
779
9635
1436
3255
8295
4029
9642
9399
9333
7316
4790
5723
8066
6761
5032
2510
3256
3402
5164
3975
2424
4482
6662
9517
2597
9941
9943
9568
6362
528
1809
4881
2615
6699
9654
3275
8800
2707
1795
9884
6551
1469
3101
2152
8787
6600
2043
8767
7194
8581
3979
5028
3208
5414
2360
634
4394
9771
4231
5432
9722
7470
4724
3721
4451
4944
1888
6903
9864
7031
5645
5127
6098
3475
3850
9345
3500
8579
390
3541
3023
4651
8459
9336
4488
7945
5416
9566
2373
9836
3993
5253
468
4016
3879
9793
6326
4609
728
7981
962
9512
5133
1074
6791
2686
1931
3606
2715
9203
7675
441
4043
598
6882
2666
3017
3276
7033
8909
6469
7587
7385
8857
7891
6814
2790
3467
6586
4324
4934
75
1420
5065
4113
6225
5834
3497
8941
8490
5992
9663
8954
7554
830
2498
8083
7140
6093
1831
7299
1569
8792
3791
905
1970
5688
5375
3472
1341
4317
6487
5285
371
6068
6396
3893
7384
5259
9270
7474
1901
5447
8484
1406
7704
3762
2763
3110
241
5196
9882
1605
9504
2061
8372
3246
1578
7148
826
1123
8801
1619
2606
2957
2618
34
4316
4013
803
8456
4182
8347
5300
7548
8010
2278
6468
2817
4213
1627
8928
8843
9331
806
7601
9853
1864
1367
3
4131
7001
3637
6783
476
884
4517
5438
8965
4579
3962
8728
4370
9711
2961
8039
3858
9847
2649
200
4659
5671
6738
7811
2059
9977
8276
9384
1047
8654
98
7179
2072
1788
614
1000
558
9188
5265
6705
9343
7405
648
8976
9126
9880
7
8622
1409
2005
132
4742
4851
4169
7190
647
9135
8690
3714
3778
3723
7307
769
4000
5088
2825
5477
695
3341
1454
5650
3941
6140
298
6394
6758
6829
7914
770
369
3898
8723
1997
606
9827
192
1422
2437
3382
1390
1531
8900
8071
300
4772
474
2130
6047
5178
9198
8413
8832
9895
8350
6472
3214
6198
5847
2519
7127
7480
6685
235
244
5966
5192
7178
6661
845
1278
6032
7955
9563
8416
1598
8847
9289
9758
8422
4595
4069
7042
8380
8706
994
8448
2507
1101
4478
2280
9559
2989
9497
3322
683
4913
1005
405
4337
8401
1309
1036
1418
7249
9455
6000
9423
3349
4480
4089
2641
897
5911
5283
5622
6676
7023
7563
3937
7462
1615
2533
6399
4393
3347
6447
1044
6404
167
9177
732
7976
5703
8258
4455
7621
7056
8601
1339
7782
4805
7649
2958
6548
9448
1037
1324
5973
2999
7668
9464
2252
6188
8314
8443
633
4414
391
9312
4024
6300
6027
9752
6195
38
6199
7074
8939
873
3912
1986
4474
139
688
2431
6365
6400
7525
265
625
3969
1094
2502
7144
4671
1024
1610
3922
5789
7666
5508
9955
9042
5932
7902
1253
1319
9662
7760
7428
1335
5794
9460
2747
6835
2670
3614
734
3977
8309
604
7747
8866
1983
4340
122
6794
7475
7884
6675
1135
2936
1571
7054
2719
4356
3539
9486
7659
9375
512
6302
6372
2406
470
2941
7924
7994
5700
501
2214
6782
5940
3233
1938
5649
7603
3369
7937
801
7411
805
3880
8923
876
5732
9372
2801
6799
8149
8556
1941
7118
3135
5102
9611
2282
1472
5533
3807
7066
6899
9990
9169
6002
1459
4332
3050
7816
1638
2683
4435
8620
3687
2201
8213
4963
7975
5496
2484
2469
3442
5865
2113
6064
9854
9077
8189
8341
601
2227
2230
6318
2892
9851
6431
8681
3731
4594
5638
3373
5742
172
4439
9590
2305
1379
3808
349
5129
4465
4378
9127
2654
7509
4929
5258
4486
7860
229
279
2096
7522
602
5394
9087
8821
2050
1957
221
1137
6187
2307
8537
6945
3709
2528
957
9536
8896
9702
7970
2292
5245
4684
90
6769
8445
8286
3928
7477
5061
365
4144
9358
3295
5951
6522
8017
2919
7414
6856
7568
913
8054
1912
6117
4162
6992
3383
1334
1734
5823
8129
8607
4761
4463
6937
7451
5989
4108
9550
1463
1645
8524
1386
6608
9600
9250
319
2461
1729
5785
1260
6026
7721
3200
2505
477
521
5274
5329
7814
2197
1917
3028
836
1982
6696
1890
7879
507
1754
8025
1943
8462
3175
169
1600
9672
513
9841
7938
292
8170
9010
1816
2215
1448
5365
6980
1401
2029
2174
8913
9973
9267
340
2805
1152
2929
2861
798
3096
8613
5994
3580
7912
5707
9108
4389
3570
8379
1297
8754
4543
4376
2536
6486
7314
7850
2967
5489
2583
6762
3553
2976
2290
7540
9400
2355
6295
9324
4399
4011
5436
2623
8689
6918
9984
4657
3404
2573
93
5240
4704
20
4730
8265
4695
2329
4385
1879
2651
6825
9247
5553
135
5614
209
4067
7573
4778
5996
1704
515
3327
9638
6432
5494
6101
4577
2896
3451
7202
4943
1861
7500
1796
3930
9639
4438
6728
8772
9290
4367
2115
2741
1042
7895
6587
808
7354
4138
4452
8182
2016
1812
9325
3790
4763
4117
3683
8956
2368
5119
1428
3440
8449
409
4431
654
1012
3264
8411
3986
5186
9105
603
9356
772
2193
1077
487
9894
2690
9468
6620
6423
4534
2629
6897
1438
6415
2382
9162
5184
3990
2217
5608
8211
960
587
9516
7466
8037
6815
8407
2425
5884
9172
3049
7530
8393
7135
3283
7100
7795
9944
1776
9792
4185
2331
9631
4515
2047
2617
9308
2010
8158
9202
9454
8817
3332
2938
9275
1471
7482
8095
220
9075
4201
8798
2417
6936
8023
691
111
838
5236
99
8667
9109
9647
7332
526
6077
2166
981
6141
852
8157
9197
4457
8595
4510
8064
9232
7345
4801
7109
9321
6934
326
1416
5762
5835
3740
1562
4528
5481
3423
9931
5357
9737
4219
9119
2363
5768
9466
6229
1780
9284
5182
2668
8
851
4916
9822
6827
3128
8234
5575
1558
8991
7481
9166
2515
8683
3014
4034
1805
1583
8499
6091
959
9527
9674
5124
5225
2104
1930
7685
8606
2493
8806
5908
7342
4771
5576
9200
7043
1405
2600
694
1924
52
3001
711
8283
5308
6084
9495
4358
8948
2210
2622
1145
9506
5691
3640
1994
7630
6527
1887
4586
5906
8179
4788
2705
4795
6053
6616
2046
3348
3411
4941
7483
7123
3550
4692
927
7717
9987
7611
591
5665
1197
1307
3355
3328
5331
5493
6719
8278
6339
3567
2626
8223
5060
9053
8722
4014
2791
6736
4809
9537
1920
2923
8137
2826
7553
2374
9986
3179
4189
4441
7311
1536
998
9134
4048
3346
7421
2310
950
9320
1356
6813
5885
5838
4019
7300
5678
7889
527
3657
5014
9171
3094
1112
1934
8890
2970
3911
5324
3566
7418
1851
1124
1979
1841
9885
2251
1793
252
660
5191
3490
7139
5044
9933
8729
5050
6017
1246
1914
9510
4721
5047
3676
4856
1312
5424
1516
2725
449
2446
5105
9514
2000
7511
2420
8291
2889
9218
906
7771
900
4375
1100
1412
5616
8274
5827
3524
9469
1826
2810
2820
9727
8266
4604
8120
4603
1017
7324
9016
6243
1547
2364
2313
3507
8629
87
907
5210
593
5905
1573
35
4688
4713
9173
8063
9975
4954
9085
2196
2813
4938
393
1229
5446
6845
552
45
673
6602
6628
3119
8027
8003
8047
1019
8535
9065
2325
6325
3401
5898
6524
6596
4374
5542
4638
7835
9617
1387
2334
267
1635
2743
6145
8068
4055
2256
2137
1291
5403
6908
6611
1577
2774
9534
8244
848
403
5244
4373
1750
5617
2931
9923
7193
1458
6019
4796
8292
2580
9025
4012
2317
8892
6560
5183
5174
6252
8937
7986
2007
8417
5605
4190
716
5023
4006
2960
4511
6989
8317
5497
5549
232
4216
3459
7349
8130
7340
5763
5116
1028
924
8087
354
86
3470
5757
3045
3594
4859
9481
8616
308
9825
4404
1604
397
7523
4662
6875
5313
8625
4653
4766
4265
2910
2270
8532
6977
5642
9175
7786
9567
2036
948
9103
646
1265
4969
2704
5399
8113
7698
3917
6138
7439
1683
9368
6510
5831
9435
3212
7006
4903
7805
7227
3743
7366
843
3257
7396
2338
7880
3481
9327
9058
6803
9681
3070
184
1375
4505
3316
7686
5958
9551
6681
9363
5149
6393
2238
7034
4303
1466
7026
8345
3618
8921
8495
7419
1951
4545
9719
7753
9199
7069
1207
4870
7718
2516
5702
9038
1800
7501
2684
3769
3323
7433
3006
6062
6711
9021
9970
1539
3466
212
5219
6474
786
4850
8649
7025
3029
7254
4723
1810
3498
9524
6313
13
1300
7778
2596
3064
2346
9764
4130
1528
8088
3164
2965
5377
8891
7288
6525
2175
80
9049
7400
8739
4998
197
4476
1623
6847
4387
9213
236
2545
3115
9264
8567
2170
7893
9929
9444
5852
4561
1517
7161
7565
1929
6473
8409
1302
7274
27
6391
1231
4988
5038
3151
4824
1162
3822
2506
4360
9205
4391
1774
652
2297
2616
7532
1689
3952
9210
2434
5030
5569
1150
1524
2955
1501
7651
5769
6607
7708
1219
2884
9813
2727
7552
8639
8984
2400
1257
30
710
5499
8506
3082
6428
9898
7138
9241
6969
2593
8143
5026
6593
9997
9974
6430
7748
2254
3380
159
3197
8692
9960
2207
4512
970
1363
944
7391
3391
6834
7832
5440
2875
3907
3518
7431
124
1178
8873
2261
3989
6321
9398
4606
4022
3400
3604
7700
4097
4546
9429
8996
9515
3811
446
5303
4174
318
66
7716
1740
5808
8863
9656
1147
3732
8119
7130
296
315
5587
5398
2662
2728
4747
3536
7542
6130
5057
9140
2848
7658
2120
4964
5401
2915
3974
1758
4529
9957
7725
2231
7413
5312
6220
7119
2553
7733
5591
3934
9714
9470
4267
1408
952
6745
8402
7757
9909
9824
532
9158
8275
4450
1470
6155
2320
2503
2419
4285
4834
8175
1968
438
4542
495
8252
3427
7696
2973
929
4481
1614
6397
9095
8538
1480
6881
7402
2614
8871
2749
5287
2687
4157
5107
2391
1538
4825
6443
9227
323
5428
493
8002
3162
2703
5361
3065
8947
1959
2995
1151
1937
6884
6226
4597
3826
2900
7234
4580
7134
7784
1419
523
2504
4691
46
475
4214
5335
7866
5774
7062
1512
1018
1377
9823
896
4090
8383
5034
1904
9703
8942
4557
7647
9666
3608
5373
4408
6467
877
6146
2383
2298
5725
2555
5125
9574
5118
1254
1430
5593
5484
3610
2027
2862
9236
193
4719
5251
6540
259
3241
7171
9865
6567
1085
2582
2513
3421
6565
1998
4899
2949
9457
1549
55
3538
681
9786
8406
1527
5657
9190
8106
2733
6569
231
247
2924
2835
7545
8458
175
4917
6203
2771
8132
1642
5299
3828
9439
8682
5570
5937
3072
624
5519
623
9219
2650
3365
3668
4309
9892
6982
3774
2607
5010
7822
977
4882
3797
1308
8946
6124
2156
3996
4053
3581
8973
4152
9620
7599
3757
6009
4617
3033
5749
2488
6848
5566
5697
1505
8797
8561
7968
945
5816
922
2779
2008
8022
5716
2814
3227
1985
6222
215
8457
4764
6346
1596
6633
6545
4238
314
1568
1650
7143
1120
1348
414
8978
451
9678
5676
5813
8316
7166
485
7283
3839
4765
6303
6100
2756
1933
9629
442
370
4984
3491
7223
7528
4826
636
5819
5281
9807
2445
8311
3725
9282
8004
6218
2369
3630
6074
9509
3667
5907
5257
6463
7103
3602
7574
9299
8324
1069
1869
1928
2612
2966
3306
7228
313
3243
162
9773
1745
3353
3286
7662
6689
2709
8998
7220
9419
9800
5323
9507
649
2107
3266
8301
2937
4584
5859
1026
9720
1786
3338
6380
7900
1570
1603
4582
864
3245
8427
2015
3315
7940
126
5020
5111
4532
4566
4057
3710
4727
3864
8082
8666
6543
1515
9155
432
1567
5874
4773
605
8030
299
888
6164
8957
8293
138
8306
5171
9669
3142
8491
9163
277
6329
7645
4756
3147
4368
6691
4466
3251
892
9634
2399
4860
443
2035
8304
4560
5437
8694
1761
1778
3874
2656
7713
9637
5577
3117
9829
149
4276
2643
610
4654
9243
3272
3265
2561
4789
1154
4808
6514
8394
5459
1680
2091
4589
4173
8465
8507
4222
2537
9701
4099
1877
8467
7631
1421
4290
3892
5202
1923
484
3136
6059
5146
1712
5595
860
4951
6120
6787
6133
4844
3177
8747
2020
4784
3659
6048
9092
7390
8748
4492
6850
9071
9463
6854
5092
2943
7233
2844
6735
6663
2455
5005
2885
482
3003
3304
8850
3234
3891
5179
9908
9143
6192
9489
7849
4814
3819
1202
6693
5136
8749
4539
8841
2997
1927
2661
9212
5705
1366
3053
6667
1898
9484
8375
871
8536
7047
4959
9251
9511
6503
6594
6263
813
1191
7885
6347
6065
6788
1144
1781
5194
8597
3121
7632
6201
2625
6301
3775
3998
7351
5783
2750
5897
3366
9593
8272
2969
3108
5449
7646
3280
8927
2836
8172
5623
3410
2525
6704
3586
9903
7058
385
5358
2907
8091
8950
3168
7650
2880
3972
9761
3964
781
1945
8232
9002
4961
8441
4533
1634
787
7628
7297
8382
0
1973
6833
8117
5487
6984
1575
5180
8836
21
2481
4001
2655
1259
5091
144
2088
3519
2188
8334
2677
1143
4811
1518
973
1782
4007
5242
2787
9080
7313
3549
2520
6742
9137
8124
6109
7255
9664
3104
4841
7083
7336
8855
1078
8588
557
7251
7216
1499
2361
8370
4226
5418
8297
6488
8777
7539
4891
2295
5588
8202
8570
6622
4294
6061
516
8018
4091
7894
4422
9648
4095
7962
6580
7853
7541
7270
4833
7648
1993
2932
7364
7586
8333
2244
9297
1597
3188
6285
6174
6797
9578
3532
394
5114
8078
5977
7081
4380
9020
6377
1450
7059
4912
4837
1842
1473
1770
5316
6269
5314
576
7557
5986
2387
4673
1342
3468
9636
7323
6116
8464
1545
8637
7806
3379
9696
2450
9712
2279
1184
4751
2272
6790
1221
320
3926
6878
3540
6931
4626
4700
9749
7296
8514
4158
2083
2340
5262
2345
8951
4956
6177
4967
9649
3727
5412
4363
3503
1715
8513
5854
5963
8835
6186
7524
4648
6919
1822
5568
6490
6041
9948
8164
6741
2274
4386
5126
8959
7966
627
9623
8700
6703
741
4650
1820
1205
670
7756
3010
1681
2780
3054
689
8140
1216
1360
3204
407
8930
6150
5095
7381
921
6793
3358
3855
1724
1133
3973
2468
7061
8332
8737
243
9214
1554
7529
7125
3779
5779
8303
5151
1996
2066
8593
682
4
4990
8277
3729
3953
4537
9976
7044
5800
9304
5842
9919
7018
264
7533
5227
96
5764
7637
395
2409
6752
4495
9914
7203
5400
5386
8529
7315
5488
256
3185
3031
837
5682
412
7440
3483
6508
1087
2971
996
8551
6023
6171
5654
8837
6701
2318
377
7487
6509
4353
5453
65
5843
6330
2631
7172
1336
4588
7395
461
5786
5486
8546
3652
6056
6502
1546
7359
7242
7155
4620
6857
4150
3706
7862
2302
420
8555
26
5263
7508
8903
8887
248
3908
4619
4123
6513
8139
8979
686
2953
2574
7157
3409
6206
9546
2432
2407
7936
7445
7298
196
4179
6358
4188
5255
8173
9170
1622
4255
5359
2397
7978
990
1249
379
3841
3393
8587
2879
9641
1132
4962
6516
703
29
8224
2211
9788
2731
6331
7036
6075
4999
675
1311
2221
7878
9708
8225
2832
5949
4798
3242
4598
2146
7933
6807
5328
7922
9159
6810
3642
5480
7730
9011
3441
2734
2062
4260
9770
5472
9487
3415
2698
5582
9207
7703
3695
4002
447
6630
6673
1612
9995
979
7420
9697
6157
245
4573
6445
262
2495
1015
8268
5501
374
6904
5901
2358
8166
971
8760
375
6963
1529
2903
92
3534
9357
9306
9430
3653
8065
3291
1110
4866
3673
7217
9982
9106
7876
5273
3862
3866
8743
7010
2745
7974
5290
1892
344
6707
2440
6795
4250
5530
8123
5626
9083
4305
9755
9161
9060
6419
4950
345
546
8122
1066
1296
742
5382
5679
4981
9765
2465
57
2192
5910
8419
7512
5712
7665
819
9940
1677
5720
8045
4568
4605
6379
6499
1686
5159
7874
7009
5592
8246
380
1194
1581
3181
9912
8257
5033
7113
4032
8720
5381
2486
3633
1613
8577
7741
136
1595
9780
321
1511
2312
170
2613
7279
8708
2927
5467
4203
8776
7436
7360
6623
3368
7169
1445
201
7707
1607
8176
5326
6772
4125
6054
9729
6348
2182
6498
2327
8357
7239
5956
7046
9292
9114
7897
8169
4361
9784
7577
4618
4503
6043
9032
6132
5987
3479
5941
1050
6670
821
5443
2449
7257
2746
8575
6589
2463
2565
2026
7268
9810
4748
8219
5505
3669
8033
4377
6089
8474
2897
4334
9547
7343
4215
5868
5522
4242
1180
2753
4768
6182
8633
7378
387
8074
2322
3381
9548
4248
7890
1233
7106
5309
4143
6257
6774
7030
3584
5584
7826
8261
3717
8326
1285
3386
5967
2628
270
664
4752
1248
8809
9046
3738
5461
324
1290
3436
8895
3592
3042
9301
530
3146
547
8911
368
790
719
2168
6286
1175
2702
2951
8050
2411
4302
9086
4033
1160
2265
5320
8651
9043
6456
4183
5822
6215
4500
2711
3443
2055
6949
5551
6247
1279
4315
1239
9863
9949
3861
6722
6049
1586
1891
306
640
4514
7567
2179
1736
6322
1385
5787
1040
744
5393
2840
6183
4734
7536
3505
7051
9881
8783
6111
3537
1055
5567
6200
4905
9845
1963
6179
2127
9116
7992
2109
2149
7289
6779
7117
5635
2772
9054
4271
8751
8368
8705
6217
1410
2948
5747
8986
5585
4585
5214
424
6767
4218
110
3203
5254
5832
588
5000
6444
7654
8582
60
4846
6789
1618
4384
4425
3499
7465
966
4312
3428
9277
6356
7684
3156
7819
1523
2319
9998
2453
1651
3020
3816
9831
5222
3613
4105
8885
844
3915
6244
1497
7037
1771
3836
5878
161
853
8796
4010
1692
5048
9434
7498
3785
947
1159
1966
3691
4462
6342
8997
1446
5845
4649
4775
294
9352
376
7951
6987
1921
2738
3071
8531
4755
1876
7356
1699
1972
1245
2968
7690
7836
904
9160
5765
9164
7302
4326
6746
5504
2474
6451
6128
1263
7702
9891
3765
4428
357
8845
7409
2076
926
3394
7097
1247
9682
8200
7513
4890
1441
7011
5294
3337
3914
7864
383
1843
6798
6839
5235
5959
5760
8285
5319
856
9261
3083
7282
5806
7861
5002
6280
6294
4815
3310
1974
1479
2990
2094
9380
3523
4918
3506
5871
8055
9797
61
5565
6354
9258
455
5890
171
6694
718
2394
9621
2620
7112
6458
5877
514
9013
5085
5305
4930
920
4925
6686
5674
5915
7212
4887
4342
7456
8494
752
1723
2034
5715
9211
6671
5936
2245
9480
5778
2184
1592
4470
78
7791
815
1468
4979
7667
4485
2348
5824
1343
3244
8396
6978
4920
6196
5349
1707
3781
5954
6276
7416
9608
3646
2646
6389
9905
9815
6370
5656
6476
5157
7801
7158
7167
5106
8876
6832
1990
8014
5271
16
4630
3733
1292
2552
9732
7517
3184
7266
8945
6821
7898
8578
5661
9298
1010
8463
7153
809
1395
8439
5027
3061
1088
7124
1895
9220
4513
1732
7881
4821
3857
5520
303
3357
8340
14
5752
4635
5264
4591
1665
5604
2471
8269
6014
8072
6940
9168
2288
1323
8596
9062
1873
9844
965
95
8497
6126
7941
6292
1942
6853
2087
204
2039
2155
5976
6211
2030
1352
9332
1220
7546
7610
7245
1759
9947
2571
4177
8195
1854
4344
8741
3403
5042
3091
3469
1106
9501
7723
745
7514
6095
7151
4054
6716
2438
2602
1807
1955
4785
1722
1075
9386
496
3457
2794
7810
1001
6859
3682
6016
8351
5234
72
2138
7371
5777
1054
842
3267
3585
1161
6436
1520
6441
2752
6582
9112
4502
1552
4072
3359
2342
5527
6013
509
8204
3971
8359
2456
9569
4211
6529
1853
7823
5912
6345
3093
5524
4046
4726
7295
9090
7845
8630
858
4100
3172
2757
1327
9283
8932
5961
8043
8201
8305
3041
6076
4922
4202
2659
9111
2372
4973
6147
9852
3009
2770
6435
6629
9818
6948
8174
8919
1494
3789
6209
7745
7562
6954
105
8697
4627
1918
419
9609
1611
3927
9436
549
8237
8695
3707
8899
5024
1894
9670
3782
6450
5820
4679
3339
1509
8451
2350
9742
6363
9706
7198
8147
1655
1462
2992
4880
1218
7160
869
5450
3713
5370
9710
1368
6890
2664
1273
8060
8584
9094
3574
4729
3794
4989
2685
3763
4496
9
5260
6729
4335
7492
9659
8392
1551
8094
932
7417
7993
8152
2710
698
599
9418
1702
2645
4863
2518
9133
471
3650
6559
6895
7040
7926
4246
9935
6104
358
7983
834
9151
8085
3741
3133
8254
3555
3063
7627
2802
5148
6572
1690
4504
9125
502
47
3625
8576
6614
8342
7176
9950
9513
2176
6283
4357
4636
2717
8988
7393
9726
8477
2271
7052
3285
2680
5470
866
6910
5791
701
2739
2398
5744
2619
991
1141
8001
8229
8990
9922
7471
6148
8980
5583
7449
7727
4056
151
4869
6305
8391
2847
1952
6804
9502
3433
1029
8415
667
1417
3943
8438
9209
4674
4569
9353
1098
8539
5692
7988
6470
7435
2324
804
8662
6604
2586
1414
8227
7267
6953
657
2935
4921
203
6392
4501
4875
6494
5535
1383
3399
8803
8100
7663
3678
2640
8207
865
7265
4683
6619
6900
6212
8897
4621
964
6235
6876
6459
9215
8188
127
3302
6452
3832
7869
7827
8740
4527
9273
101
4494
3780
9614
8171
1031
4026
8789
7843
5980
5557
2100
3821
4411
8929
8943
6521
7851
4314
6877
4865
6193
1967
5686
5392
7276
1743
3715
3749
5067
1049
8831
791
4102
8191
1576
5083
330
4794
6702
5417
4129
5325
9842
8716
5266
659
7055
4119
1061
4009
9862
8811
984
4132
9039
5056
5074
723
616
3350
7959
7226
4829
8121
8592
9843
6995
559
6666
788
967
3066
1095
7969
7802
5456
4960
5304
3138
9494
3448
6923
15
9657
1364
4229
2277
6446
9804
9739
6818
2940
3561
839
5448
8812
3617
5909
6291
2145
6455
1626
3130
6152
8865
4273
8360
7145
9044
9346
611
4160
42
954
2128
6864
1714
1378
4175
2410
1698
3820
6863
9271
5374
3923
4352
3940
4025
9834
1060
5232
8680
3694
9874
1033
9379
1779
310
3060
6535
885
8518
8917
1763
720
5736
7569
8255
9229
5205
5462
6480
3863
5560
4602
5893
2521
7259
3361
2608
1073
5586
145
2218
6439
8788
4223
9141
7519
7219
2983
4322
4986
3754
4198
3437
7629
7258
4320
3297
7720
4251
1696
9899
9009
9747
4035
4291
5276
2309
5550
9295
7575
6376
6411
1187
7828
8940
7840
6425
9421
7796
8318
1014
8325
2077
1155
9427
8245
1953
6385
8864
548
8504
7844
3444
6914
5699
2073
1369
2370
2429
5751
7958
2524
3722
8186
7740
8076
6374
4710
7039
8005
9326
3761
699
4974
7777
7857
8757
7377
240
2385
8206
7133
736
9605
8468
5855
5054
7564
8220
7619
9718
1944
335
8160
8823
5427
1004
6149
9244
8355
9704
7321
5821
5596
5677
8935
9004
6777
2139
7673
6634
8273
706
9848
975
2023
8338
9725
6307
8745
4329
1617
9879
2428
6598
2994
2621
7829
908
1148
586
2392
5625
3705
7432
4787
9381
6951
5739
4458
9910
8922
6103
9493
5156
3956
1631
1165
3476
6306
1274
3897
1738
2009
8549
7301
5633
2352
2724
293
4855
8092
8970
6683
4197
5904
4940
7505
3643
7230
3818
9360
5952
3959
4843
4074
7726
4968
348
427
1345
2044
3867
6654
2920
709
219
2639
1660
5883
1956
207
7137
5362
4983
5734
9313
6639
4740
1193
5101
3724
494
1766
7808
5226
2012
5321
216
7909
8298
6998
4479
2105
5388
9245
9928
6020
3013
4977
1355
5090
8489
6114
1727
1333
4661
3648
1559
5491
6642
1371
3284
6750
4388
5525
697
4178
5003
7847
9180
3496
8698
8678
9322
4146
2647
1267
8631
8240
8626
6874
5429
3544
931
8794
5689
7510
8851
6869
3945
6552
5280
6232
6406
2477
2871
1380
4599
7486
6060
7984
7063
3598
9889
2776
5917
3068
4381
6416
2857
6107
3157
8590
9433
8860
5084
3111
735
1484
1825
8029
4282
1258
7911
2365
1299
1632
6532
2855
3719
3886
2335
4444
2198
6070
8233
1173
1669
3144
7798
8558
8989
4699
4345
3853
3086
116
7503
938
3600
9545
1652
5252
237
6165
9239
4849
678
5367
2783
5108
9896
3776
7602
9389
1332
8400
8964
7669
2283
3169
6566
4111
9225
213
3106
5866
3492
9461
3352
9041
190
7877
499
3073
9925
4306
6826
6139
3638
4506
1002
7078
8696
7008
2247
3651
1804
2269
327
1755
6427
4693
8888
915
3639
7964
5770
5063
833
9675
8125
1553
9233
6007
182
9728
7946
3753
274
2695
9014
1225
9373
325
5664
1865
7495
3030
4145
776
4196
4366
2592
3806
430
9965
6122
4397
490
9008
6680
9781
2821
3258
8031
6590
4892
4237
1903
4041
6287
418
8390
5580
1318
6870
1588
2476
6902
8519
278
3387
712
2195
8358
5165
4660
6008
6669
7751
2154
5390
868
3852
6886
3844
5869
8115
1697
5332
7660
9262
3210
8641
7800
5189
6304
1909
9074
6946
7971
6507
6087
9194
3948
3109
9001
3649
4629
4149
7399
9216
6555
152
7448
7199
3660
621
6883
751
3665
1425
2773
5554
3180
1157
8267
9249
1537
5340
881
9802
2262
9699
5564
8259
6952
8766
8833
1783
1658
3825
3800
9311
886
9208
2133
5389
4114
6860
2657
6368
6962
4738
5139
7187
1506
8101
3326
8916
3260
4555
5036
980
1201
1399
1975
5310
935
1476
1833
3903
6238
9340
2689
8329
7022
4440
7067
9988
2945
9587
4364
3494
3576
8636
8348
7110
5337
1522
2963
7990
4021
7101
3545
9351
8646
7837
2427
2371
933
3583
8563
3462
7678
2052
5803
6626
4678
7441
3307
8605
5924
4571
9036
4311
6873
8912
3662
3955
3005
5269
4541
7333
9238
336
3044
5921
3664
4464
8560
2954
9832
7688
1250
3860
2890
704
2986
7560
1849
2246
7608
6523
7886
738
1118
1182
3517
7527
9156
7200
6442
757
3522
5933
6172
1590
6816
2321
285
2539
3224
7339
6996
5391
8353
5969
2296
84
1320
8886
2808
1190
7238
4819
1072
5341
8127
6024
2205
9886
8665
4728
2974
1062
7186
6994
6256
1082
8966
5128
6414
4736
2206
1429
5167
6625
7330
3557
584
3167
7446
6697
9181
7350
2413
6317
2082
258
8256
4467
7928
4868
1674
6465
9193
9799
7000
4770
9091
1599
9365
6337
1682
9328
3458
417
2697
2306
7624
4206
653
360
9231
6822
1790
8609
6438
4883
1769
4884
7309
4325
3693
1097
1519
8908
1325
8669
4813
7362
1357
3976
3123
7334
7185
1648
6254
4904
8920
5013
7594
3944
594
2812
2402
4039
4221
4733
7367
378
6092
3899
5204
8701
7531
4810
5947
785
4499
2551
9692
9294
1083
3077
4978
5261
5867
372
9012
2858
5166
3856
951
3565
2911
2925
7246
3735
8730
2548
9366
9098
7079
8795
1726
5548
3509
2781
4191
6298
7453
6412
9362
4793
9783
6958
5581
2691
5155
4972
8480
8073
9782
9565
5755
6258
8552
7231
2930
2598
4780
5730
2473
8397
3370
8420
1510
2716
1289
2316
1978
6698
7815
2701
2496
32
1668
1316
3474
3894
6802
9443
6505
4906
434
8615
8388
3515
2987
4955
5241
4279
7788
5555
2984
1008
4587
1654
3526
748
3624
6491
480
629
1999
668
5846
185
6102
6771
4341
1884
2523
5673
3533
7785
8872
1210
9474
677
8167
5138
8756
5097
2017
2301
4760
7322
8542
8768
1765
569
3298
6237
2678
7372
4680
6340
878
2266
2859
7327
94
4769
940
1772
4947
6732
8867
7980
7776
9187
6036
3746
9132
3672
6500
7410
3577
3405
3579
8759
4331
4867
3521
6763
9185
8221
8322
7882
2688
1354
5468
4243
3883
9072
5099
7934
4975
2167
5759
489
5658
281
671
7277
3528
1837
1321
5817
9560
1045
702
2122
9342
5693
6731
2964
5463
553
8526
570
500
7459
5953
343
8249
7180
5518
6624
8136
680
2899
5929
9932
9939
6197
1616
7820
7469
861
332
1214
2490
8953
9349
5413
7028
5562
4623
2268
1403
4982
6044
2693
4873
9521
6205
832
7341
130
4049
9120
2795
1212
8395
2436
8671
3591
364
8093
9369
6464
4745
1488
3034
7181
2003
148
4544
8075
1344
7050
3805
3809
7767
8659
2223
5291
4415
1119
8230
690
2856
3087
8926
1984
5598
8829
1835
3919
5334
6168
7261
6471
2775
2874
733
2818
5982
8103
3947
1034
7262
9344
8423
1777
8726
9573
903
9535
5756
9280
1620
556
4318
9234
4170
7526
436
5115
242
8109
1703
7775
5509
8328
4107
3161
4062
1858
2121
2882
9496
9627
909
9900
2793
4946
3759
1725
6831
1328
1146
3745
2435
6588
1556
2403
283
7719
3374
6401
483
4115
743
5072
8128
5173
7328
7168
8547
6125
6776
1223
4706
2447
8693
533
5748
1482
25
3508
421
3407
8228
6323
6035
431
1629
1483
4106
4632
2827
97
6003
7518
3364
3239
6677
4268
9406
3367
4919
4655
5547
3936
9819
7749
1389
9806
901
5224
4109
5793
5618
3464
4827
7136
9991
9431
9040
3215
3192
6366
7048
590
1130
1168
5964
6367
4908
9655
4270
8859
8685
4286
9302
8035
23
1948
1020
4454
8960
9278
5634
7787
7732
8533
1043
4831
6595
8080
5743
36
5081
1400
7098
6405
8781
355
2975
2393
3438
9562
4217
118
6028
1084
2405
7398
7293
5719
2912
9189
6170
5839
9314
4195
4004
3299
8541
8848
6184
9741
5784
5670
9795
9467
3726
7450
9520
9971
3225
3960
8813
5302
7423
6137
4304
6131
5922
166
4953
3333
8655
3058
6001
8623
3154
8599
5780
4567
9738
2585
2737
1498
9394
1949
9354
8330
7549
7589
1475
1787
4521
2264
4405
3026
2478
8493
9500
1485
9425
3032
9073
5015
2549
2816
1637
5008
7496
5927
2074
7925
7656
4472
7425
2482
6720
2494
1243
7184
4433
6517
1871
3127
5058
4548
3396
5289
5950
3711
2248
6706
7015
2806
1880
9428
2591
5939
28
2025
6085
639
1882
5611
2326
1550
4570
6407
2563
4616
9930
1063
3554
9586
5830
1340
2388
3351
8366
9482
3572
9374
8470
3139
2376
1277
7779
9713
7638
4401
9564
6656
2470
7499
3434
7224
4915
525
5685
6658
8709
9371
3965
5217
8187
782
7294
4754
1465
6042
8205
7561
7165
9789
7598
6248
6097
2632
9717
4120
8288
7380
448
1852
5073
7484
9130
7710
353
4519
1932
3420
1534
6970
5415
1286
71
257
4575
5384
4343
9897
8838
9438
8398
2755
9031
4264
2040
3685
9604
2491
3336
7374
3615
9334
2285
2064
8780
4902
8282
7682
6181
6349
5460
479
3308
1751
8718
1995
8612
3449
1897
1868
1487
4475
7982
7858
7455
2764
3318
578
2864
3171
740
9554
7210
2018
7348
1347
2303
5469
5409
5943
2543
5746
8936
1303
1540
8231
9101
6343
3235
9816
6733
6055
8024
9740
6449
2956
8048
5706
6520
9684
4898
3747
4952
6801
9413
6682
4065
2535
462
9840
5368
5243
674
5270
7424
8000
22
7825
7386
679
7502
9122
444
7947
4664
9945
1747
8805
4900
4799
756
6395
9809
435
8159
7376
2142
5840
5841
3103
5172
5288
4437
7427
3881
6986
5369
5529
1268
4092
5135
8569
2630
1991
5775
8197
6603
910
5643
1261
9828
6972
2901
8466
106
4333
7076
1305
2412
8528
8573
5207
4640
6712
7953
8543
7867
4297
9447
2567
8374
2129
4878
4823
5140
5675
7208
2708
1411
4140
8717
2729
234
5502
899
9572
37
6576
4812
6067
3354
3007
9051
5059
2541
9099
1672
6971
367
5318
5985
3835
5844
4871
6398
18
9206
9594
5025
8657
7578
6981
9472
275
6943
8460
1108
4407
1760
6609
753
3166
5275
4666
7271
2972
7205
9917
7355
472
2464
3527
7613
1950
8215
7609
1177
410
408
872
9296
4066
3607
9030
5737
4762
284
6511
2485
1443
2056
5546
1624
1593
5882
2803
3556
9981
3698
3796
4558
4886
6926
7163
9968
2578
2748
6433
1337
9606
5667
7263
9754
8653
5655
440
4448
7699
2439
3784
199
8146
5209
6768
286
8707
9415
8572
9750
4372
8183
9223
5009
3422
978
4176
1009
5928
3830
8435
6297
7908
8571
2418
918
214
8703
7229
613
5536
1663
1844
8915
9993
1964
5515
8236
3771
1315
4460
404
1198
6273
2569
3603
8660
551
2878
5894
6830
3209
912
1700
3439
5079
3674
5175
5405
6501
5733
6538
8153
5970
8824
6734
579
3360
103
9616
6862
8315
5170
1424
9763
3232
114
3220
7304
773
9390
3815
9007
4027
7783
2530
7943
5814
9035
1164
3516
7344
3708
9601
4212
9518
5435
9305
1056
6879
4491
3902
8983
5995
3129
1322
2557
1181
1138
724
4371
1413
2721
2065
8142
1391
3744
4525
651
5767
635
1947
346
6162
7093
8145
191
2868
2799
7045
5353
775
4059
2934
4020
7750
1656
8713
9300
2853
2988
6350
8621
9414
3311
8658
7768
4348
4355
6898
8260
6896
6106
3098
840
1881
6808
7813
2080
1830
3699
8062
800
2038
9144
6088
2200
8335
2250
4040
1961
2564
9870
4743
6792
9256
7291
9391
9309
8263
4379
4436
8647
6655
2422
618
5879
3966
4553
4854
8523
3751
3309
9751
5526
3690
2512
2351
9680
6052
6485
2852
8568
9347
7838
2982
1711
5301
4549
1687
8611
1158
953
7128
3160
7742
1915
2158
2638
3100
1298
2834
6251
4272
6033
2111
3081
3772
1731
538
1451
5272
4060
7460
6034
1530
9589
3980
4490
1104
986
83
3942
9259
8963
4284
6504
3712
5889
3571
3798
1434
1359
4583
4244
1096
6418
5594
5704
2669
1376
5490
8241
9942
6506
560
4552
81
5531
6775
9552
7846
4351
1235
4155
7065
7007
2067
6544
3118
3035
5130
5350
4432
5231
4064
5668
7444
8290
9019
5187
1394
8634
254
7053
4697
3371
1657
6638
9688
4263
3392
5945
2860
3375
4390
4050
3493
8530
1821
5856
2153
8711
174
6271
6066
4942
7489
7329
463
5782
31
1606
1829
6550
6079
4126
3051
4093
5082
8053
612
2236
1543
7159
6210
2740
5944
3132
4874
3137
156
8356
4554
3905
3362
4403
9157
255
4128
3679
3501
7547
9779
9195
2782
3845
3935
1081
8985
1203
392
9588
8977
40
6166
2126
9050
8750
854
2289
9963
7335
5307
5041
5278
4783
8515
9628
2173
9528
3388
4531
9523
3183
8810
8472
6390
1079
6851
911
3703
1827
2981
2081
1270
5055
995
2865
7852
4269
4207
3288
3037
988
508
157
1232
7403
7024
7361
7855
6371
3758
6947
6293
8486
2004
5858
1659
5745
7306
577
2566
5246
9228
6227
5121
4720
982
8352
6563
5999
2136
3250
6894
1646
7016
7479
1988
2559
8699
2918
4087
6679
8901
8704
2013
9174
6360
3590
460
3513
9709
4928
2353
9814
9131
7221
8262
4383
6282
2786
1230
8949
5543
1962
928
2636
684
7927
8502
342
7799
7473
2742
755
2257
9668
9451
4484
6836
7640
7232
1981
894
849
9221
5069
3022
3236
4136
8934
8617
3056
9857
3124
3627
4576
9924
2433
5203
5997
1640
3829
3621
6612
6557
1456
8724
129
1905
9972
7593
9416
1362
7591
2846
2696
3148
3259
2143
4429
4835
2443
2336
3792
6718
9625
9826
3425
2611
3263
3834
2339
6964
3701
9291
8177
9508
7260
1398
5406
8786
1070
7240
3487
2905
7743
8052
8771
6725
3558
2660
6136
8994
4147
250
1940
5021
4520
7337
7094
2508
4017
8271
3084
6253
1102
6852
9769
3666
3629
3799
5346
7918
9376
4228
7191
2108
1713
5512
5161
5267
4112
4122
4966
4181
9276
2675
4797
4876
396
7077
8710
8028
5248
8107
3601
399
6327
7154
2089
3680
4015
6842
9999
9124
1293
8967
517
7583
2263
7952
5948
1189
3312
1768
5327
7365
9456
1675
1847
5080
9777
9683
6265
9556
5132
7183
9505
401
4277
7641
2441
1859
9404
291
8281
9248
2258
9034
4493
5696
5971
7357
5766
5089
9796
9165
8287
8933
7280
7442
7215
8501
1122
2732
5726
373
3764
7746
6766
5864
9068
9473
4845
4483
655
3450
6479
1808
6228
5250
1719
1493
4612
7129
5651
3546
1840
2489
7617
4187
2665
9052
1125
1857
8565
780
6858
8426
8378
6072
9104
2070
9691
4395
9992
522
5031
7571
4469
4281
1678
9266
6274
7235
889
5279
3252
726
7131
6770
7759
2534
6099
5143
7197
6906
9316
8779
5711
3249
6959
1016
1228
2777
2609
7218
9595
7818
134
3635
2213
8440
8808
1022
6281
1560
5423
3248
9242
1708
4574
8632
9901
5573
9069
2117
972
4442
9653
2208
8361
5981
115
1797
6448
7875
9310
8371
5979
1886
251
8154
4608
6760
2538
5233
1065
228
5022
3803
4711
8307
5801
2416
9913
5599
6299
2692
8828
7932
6482
6841
7995
8853
9803
5338
269
5662
969
564
6335
2140
3331
9911
5017
4685
2276
1673
6004
8365
5799
4907
958
4186
454
5134
818
9257
1971
1402
9529
1580
3076
5019
165
5660
5212
9772
7543
9378
3632
6917
2667
9661
3684
5199
6029
608
4461
3253
778
3216
295
6039
6119
5796
4600
6178
9392
6727
4774
6888
2058
1351
4063
9817
7701
2099
4624
8235
7090
1358
7535
68
6267
6208
9677
7438
108
7397
5004
8056
955
5876
1423
9147
9978
8016
2785
4530
8253
3085
7142
2421
1393
439
4926
4031
160
6749
4914
7616
227
6784
2426
4540
2466
9878
3277
923
1477
828
6866
8638
426
9088
6328
2380
74
3655
5672
8386
2863
4166
9598
3824
3968
6991
656
6234
1900
850
2060
2642
1701
4245
3938
9846
1582
539
8222
4068
9121
6312
141
3090
9519
1053
5103
8987
9017
4668
1965
9954
3689
125
8134
8181
6373
6515
3728
1266
8138
3582
9736
5709
9757
5087
6901
609
1206
398
6025
6938
7387
1602
8218
2086
7600
5419
6437
7457
5632
9440
3904
2112
6408
5239
1170
8774
5646
1140
8545
1222
4937
6925
8628
2452
6637
4830
7041
7672
2778
3189
429
9388
7949
2550
8516
5295
6942
6230
8251
6352
5507
4449
717
2357
8469
4307
9553
6846
9540
5681
1926
3871
7772
1733
4646
9089
8925
9315
8418
8849
4610
8589
9491
9893
5284
8958
9272
3755
3015
1099
5978
3878
8020
6944
1960
8688
8815
5343
3542
2386
4714
3268
693
544
9592
3213
301
8042
8040
658
1872
5238
8548
8769
3363
1185
5220
8226
9303
5926
4958
7120
6021
747
7394
2183
317
2467
5086
8952
351
2663
3587
58
9591
4497
2604
1111
7088
8661
7913
2190
2601
3786
4300
4933
9317
3301
1176
4321
8279
4421
4420
187
4562
7278
7755
9307
8819
597
102
128
1381
9561
1799
3900
4018
9186
8476
7382
5857
7494
6159
2588
1936
2674
6724
6110
5601
3102
7089
5200
4413
6530
5991
9571
9437
4261
4689
9045
5619
9643
4631
8430
2699
2758
3287
939
5900
6108
725
1426
6617
2163
6381
8453
1832
5037
2178
5886
1238
6809
3593
7241
117
307
6387
5282
5579
9570
5223
1564
663
7032
2379
6892
8918
453
4737
2700
329
789
5517
4338
7991
5993
6556
5532
867
2809
6457
3564
8770
812
5075
4705
783
1691
4447
7712
1388
6240
8882
1139
6010
5208
8148
7967
3896
8624
4037
1987
943
4047
2002
5837
9766
4426
9129
9619
6975
322
9700
8534
6250
3075
181
3324
1006
3453
7284
3612
2768
6785
260
5098
985
7373
109
7273
2603
713
4365
1850
4328
2220
3069
1838
727
3356
8436
9000
8574
4991
9644
3486
9047
8594
5066
1980
9904
5407
4535
7281
3588
4658
643
9876
1262
2730
3787
2838
6277
6315
1435
8299
4204
1489
2053
464
2713
774
9673
9730
4806
2811
902
1579
3389
4498
1314
305
3025
8389
7434
6927
1453
7737
7709
3946
6645
8643
8840
6
3223
3408
2063
1628
9286
8479
2723
7871
7206
5810
3931
3187
3920
5348
4836
7013
4088
5379
6081
7770
6063
650
7870
949
6928
1058
206
4154
1744
4879
2225
24
4258
3788
4896
777
8450
3720
1224
1875
6773
3888
2101
6310
4396
8672
140
6740
9937
9023
2093
4536
4398
8168
3961
2132
2430
1433
3320
4779
8742
6990
1737
7087
89
9801
3804
5046
4172
8894
766
758
7244
1271
341
2694
8294
4159
4853
3198
7915
2366
4786
8250
6692
8924
8038
5352
2917
11
1706
4073
5177
1365
2475
9459
5899
7868
316
6344
9890
1192
7620
8862
9382
1544
4058
5420
2259
8079
5277
4489
6481
4209
7711
8604
5680
7150
1874
1878
7331
4239
4110
2134
9499
9138
5798
1242
9485
2033
518
5311
9694
1608
7705
9543
7550
6647
2590
2828
7269
8442
4924
1661
4347
2634
5473
210
6867
5425
8364
7064
568
721
9387
8425
937
4677
4647
4008
3036
6648
6678
754
989
179
3126
2867
9759
8673
763
8763
3560
764
8414
458
9269
1126
9577
6714
3568
311
4071
2458
8731
882
4945
222
5539
3810
3074
3414
6915
6341
7195
6388
8344
457
7368
993
9838
8663
4192
535
1803
9329
2103
5563
3247
452
3929
3343
1883
8852
2492
8057
8312
6717
1845
1670
1284
7383
2243
6739
7558
1236
5637
4716
847
3269
2311
3038
2162
2720
1565
8775
3736
2558
119
3419
3783
2633
8550
7883
2098
3330
8399
8816
3768
9860
3529
7017
7584
9396
7865
1911
8089
6644
8180
7841
7887
4295
7461
6382
5648
5123
6570
478
4712
6369
7556
2401
685
3107
4590
8904
3605
8557
3340
9676
8645
8362
3314
1025
1183
1374
6618
9064
5363
76
1633
7415
4400
827
8738
7250
6755
6988
1977
8421
8475
7625
7985
2185
2085
7248
6837
6410
6909
1811
3155
2423
120
7099
8627
8762
5919
5198
3372
9339
5690
9821
5181
4817
9805
1407
2241
529
4180
2845
8376
2337
9063
2872
4292
9622
8664
7683
8008
7907
6709
6643
1749
7972
2414
8481
1757
8509
983
5434
8323
6040
9603
1442
7919
4516
4234
8339
4547
555
3447
8799
6553
3145
8675
6082
595
3024
411
4997
5354
6011
6957
9179
5052
3134
855
5829
6420
91
5221
794
8790
4857
2944
1846
9744
2635
7488
6266
5094
253
8209
7948
8178
4872
1561
7792
8554
6568
2497
3140
4792
158
2913
6246
9018
9961
7612
7809
9723
1076
8727
3817
2898
8719
9724
822
1802
987
2676
2222
6935
7731
4080
1741
4715
2842
6921
5452
857
9707
2343
7715
750
9858
3047
6537
1338
2165
8155
1116
9607
53
3152
771
2014
9055
8300
1671
8131
33
1306
6375
5640
6636
5875
4526
5297
9410
1131
3795
6721
4319
4163
2792
3397
1746
6245
622
39
976
1916
6324
1514
9745
3563
9153
6006
2681
7687
8878
9532
9478
3921
9989
1486
3217
4253
4225
3016
8830
1910
3445
9093
7963
3078
8650
5347
362
8485
946
5190
6030
7107
6127
8721
9685
3021
6599
2171
7744
1068
9613
9946
6231
8013
1806
1925
1301
4804
6641
3112
8825
1685
297
8193
8069
5237
2291
6781
8190
5754
1117
6105
573
8562
6384
8938
70
3525
7905
8243
9735
9078
4550
133
3950
7196
9731
2839
5144
5483
5694
662
4430
6180
2123
2242
9417
4410
607
8454
5206
3910
6581
2980
268
4522
9452
6657
5315
4096
8349
7580
3551
8126
6933
5741
7104
1907
1504
8735
4732
6929
7664
9830
4669
1684
6659
6941
2141
4310
5603
3271
73
5647
6561
814
9716
2985
2255
3658
3290
6541
1717
8640
9979
6185
2172
807
3495
7092
8733
1313
6578
6314
8807
7243
7515
4523
8784
6355
7352
6069
2454
3228
2751
4895
7754
7116
2032
2893
5960
5708
8214
5965
9705
2001
1213
5828
123
1764
7310
7175
1329
4615
5729
7954
2131
2829
5465
9583
4565
107
2226
9184
9146
5256
7363
7346
5169
5336
7189
9450
3925
3012
1621
5049
8007
4701
2031
7780
4877
2589
423
6819
4559
223
4232
5528
7622
1174
2381
3895
531
1695
9154
6214
1969
7472
6843
589
6134
9338
5408
8712
7671
811
1989
7177
6872
6811
6649
7338
7114
6615
3918
7292
9446
8437
9640
7068
9442
5029
2019
7072
1992
1361
6161
1346
520
7590
5713
178
9877
6204
77
4776
5610
4839
5330
6233
7012
6163
7724
1814
1195
8424
2922
1457
6142
7965
6319
4888
5451
5891
5609
2759
9176
4992
2396
467
628
9453
9355
5887
3485
5466
4645
9015
1589
6289
5612
8583
7930
7029
7797
5738
956
4675
1815
7821
6038
9839
9698
768
503
6118
1893
2462
8559
6311
6700
7452
498
400
2511
510
6241
2159
9811
797
406
4487
3988
1474
1211
7582
1863
8652
3095
2500
4042
4682
1813
8151
5797
4613
6660
9959
6554
8044
5556
4551
3838
968
4665
9575
6885
1215
6757
6153
6478
7038
1728
1003
3887
2354
9733
9869
12
2891
9402
6549
3329
1171
5628
7592
9785
9152
6144
3435
4949
6492
7729
2761
2191
7256
3865
2914
1824
8156
2902
3446
1630
561
8296
6264
8452
7626
2517
19
4084
8410
5510
2532
5538
1256
1011
3677
1644
6597
9541
8842
2294
7736
2116
4289
8893
1330
6684
3656
3313
2796
9585
7105
2977
5385
3718
2119
7458
5430
5761
6824
4518
4782
4607
5602
1856
5201
7834
3055
8992
7126
4336
5558
4434
3230
6591
4753
3471
3981
9597
5544
898
1237
4098
4633
437
3573
4423
6497
8006
1113
5714
1373
1643
5093
5445
9330
3027
6891
5578
288
3983
8778
261
1432
195
6272
3201
1848
9335
208
2881
7761
205
6880
7848
5590
7516
9612
5975
337
7581
6961
3120
473
4052
6759
1196
8758
4686
3052
9096
8112
895
8373
961
5758
3997
5455
8487
280
4987
5142
5523
2204
9029
9695
1500
6242
893
4078
7830
4509
5935
6353
7999
5818
6489
4601
6844
5333
1667
8198
5197
4852
9364
2833
7182
831
3756
816
2164
7939
1481
4759
8540
3801
4564
4005
2916
2203
6493
862
1080
7597
113
2624
8011
8192
225
8019
5404
767
9743
2249
386
5007
9397
9268
5229
7404
4076
6534
8354
737
5629
8732
3384
8162
2150
8302
6078
1919
5934
2293
5511
6887
4832
4275
8802
3317
5387
1735
3777
7998
273
8910
3654
164
5296
4287
2451
5016
7996
4909
3254
9503
5860
2260
6284
4777
3847
9626
6236
7657
8505
3089
7080
9287
4935
8906
3999
7762
4718
4044
666
7027
4994
8104
2679
3456
934
541
4563
3163
6519
2577
3398
3344
7070
7286
7677
1107
7596
592
4227
7004
7595
1526
3114
4993
8478
2854
5938
6190
6015
4003
511
8239
9926
4085
2377
9632
9615
6359
3237
3067
7214
6213
4116
4308
6336
6547
272
