9568
2947
6705
2740
370
4273
1866
4216
1095
9365
2901
8514
5791
7013
3041
3436
8333
229
7942
7636
9531
9732
4120
4305
7577
5535
4830
5803
6073
9624
4106
8658
1255
9862
1835
8790
3714
6078
791
4637
9382
7120
5727
8180
6255
9488
6977
4251
9351
876
9081
6440
288
9054
3778
2682
3504
4399
778
5326
1408
5477
9966
4096
6436
6418
3635
8320
518
8186
3476
1427
1280
4807
3517
7067
5785
6312
2884
9409
5316
6246
570
8382
3706
1936
7044
6527
3510
9527
3878
9465
2613
4020
78
4980
2341
7896
6885
5703
3645
4034
6490
487
5232
9640
2537
1639
3653
7832
4695
7935
8242
4861
1593
1859
9679
8451
2107
589
4755
5161
2922
3324
7063
9525
844
4203
3634
2809
9794
7446
5391
8521
7249
2014
8527
7801
3560
3033
7447
9838
605
5580
2260
5425
7170
4758
7668
1715
3957
4803
2212
2636
2455
8583
3526
3057
8793
6652
361
6795
7177
9653
54
9366
5746
4778
385
994
652
6824
4364
1838
7842
7438
4332
3681
2483
8419
5672
2950
4990
2044
5088
8587
821
560
1988
2924
8598
6448
7281
1212
8327
3466
4485
6033
2714
478
3688
4614
8420
5745
5588
2503
3306
597
6425
2495
8103
4051
1979
3355
9506
828
6478
7118
1324
2706
6392
1444
9841
2461
3760
2258
2701
8808
7999
682
8104
6887
1329
4503
6908
5958
8937
3522
3283
4418
6536
8824
5166
4459
4529
2346
7345
3255
7736
898
3888
3373
9264
7537
9319
845
5155
9443
2278
5071
390
9084
4056
2299
6710
8455
553
750
3862
9282
7431
5763
8825
9836
4804
7233
1250
822
3813
6895
6348
3328
1122
782
5016
7494
4303
2165
1448
9456
9601
6447
6313
1990
8469
5501
6593
3660
9978
2972
171
7699
6136
764
4086
2419
2231
6183
9588
4293
5467
2854
8674
7132
7735
8311
108
3203
1404
7693
2204
8543
3687
6542
7119
3145
5132
9248
3216
8752
9238
6261
7410
6806
4437
8726
3942
5489
1097
9271
5553
2393
5968
4208
8389
5309
6492
4368
5401
235
7491
5704
7382
8207
4761
5764
6226
8941
5697
3407
5171
8760
9401
3936
8273
6985
5097
9317
3249
412
3672
5990
51
1883
2997
1200
552
6735
9755
5804
7814
8641
2684
9157
3656
3429
8887
4152
8609
3053
3247
1582
5295
7595
4413
3772
7802
8031
4270
6577
5891
6748
8510
6823
5945
8196
7928
1001
5209
7793
8694
1374
7964
9234
6790
2125
859
9404
8412
168
8818
6590
1199
2931
7575
157
2208
9028
8202
2828
826
5753
2602
9186
2378
3567
2122
5008
7452
7486
4960
9067
6936
9278
6363
944
8115
1499
5379
6364
3262
9539
1449
6297
4222
4454
9199
583
1707
6249
1969
6543
5749
7377
3652
9785
5837
9134
7390
333
4344
6474
4154
8347
3224
5875
8828
4881
4579
5360
2206
4267
9136
7516
1629
3211
446
3286
6592
1138
6321
757
9842
7059
3788
8066
4845
6311
3238
8586
7993
5511
8507
7799
3691
205
920
1399
702
5510
6064
9632
1101
738
969
745
3494
5569
9517
8762
6388
6318
5437
7616
3200
6096
8940
5388
4378
1040
3531
2956
981
4580
55
9618
7239
691
4864
1298
3524
248
202
7591
5765
6482
9711
5298
7731
5491
3518
2750
9355
9905
4666
5345
2349
5252
6921
9168
7260
999
124
3363
9206
5265
2497
4743
2677
7656
4646
4470
2688
516
5842
9066
8504
8664
6072
9144
9928
5850
6660
5907
275
6315
5811
8364
5518
7517
4724
1195
4362
3199
1786
1400
9024
7988
5687
923
2213
6508
2858
877
6404
9274
3499
6743
6314
6723
3396
7931
1978
8309
4959
114
3451
1247
3919
3742
1151
720
1905
2656
4946
1442
9285
2990
3912
4711
185
7073
9372
3162
1822
1987
3709
4193
8836
3880
2775
6740
1220
4059
1108
6724
4873
985
3236
9429
1774
4726
599
7420
1947
228
7547
33
8963
4813
423
1737
7184
9058
5927
1816
2519
8590
2389
4816
3228
808
3210
6076
4679
534
1394
2725
5940
3731
7115
5592
4955
7568
8806
543
2622
7883
7686
2784
3969
3219
4641
3082
2703
6566
7353
3580
2768
3757
9161
4480
9735
2300
4576
4935
937
8922
6464
3168
1584
4707
4688
2649
1378
8363
5741
4465
1345
9954
8271
2846
7235
7327
7742
6046
290
6390
5809
3853
9600
4926
7460
2217
451
9129
2629
9581
2779
7231
6963
8340
5757
6450
528
3049
3146
1867
5723
5179
1625
6558
6831
7307
3847
9007
1273
1180
7730
5050
1230
4625
7921
5311
4753
1275
2819
5600
3998
75
120
772
2882
4824
7058
1734
3021
3861
7853
9786
4080
7738
7146
5768
5359
5570
8116
4664
9270
6555
7603
7055
7822
1027
8913
1854
368
99
8282
1690
663
5483
7470
5508
8924
7136
9580
3105
3467
6471
4795
9275
9209
7038
3068
709
1759
9635
1807
7188
1576
9056
6686
3824
2367
6948
7860
4840
2344
7268
5799
6875
4989
6011
34
57
9973
7218
8260
9090
6979
8991
8785
506
5348
3839
2620
8577
7972
9256
3973
7024
8662
8436
1235
1543
6599
7145
7623
1078
8462
2574
188
4728
4509
6617
8647
2751
6888
9589
6200
2765
4557
4672
5539
340
6691
7532
3707
6604
8129
686
4204
1144
8846
4827
8589
7123
4499
6218
6715
3212
2283
467
842
9202
69
131
5292
5716
3159
4291
5728
6237
5457
8175
4406
729
9863
36
6143
9394
7404
8568
8502
1334
9019
9325
8425
724
1466
4799
4322
475
4210
4847
3797
5626
2137
6916
8849
6384
9215
8435
715
3999
4019
3631
3222
2681
1143
6857
3591
2961
4405
4125
5558
4541
218
1653
5392
6949
8927
9675
3453
3926
1168
9006
1735
206
8918
94
2340
6060
9329
3633
5849
1360
6545
3272
1665
7960
9400
7882
9816
2147
3864
7180
6258
2169
7767
8289
710
3330
7955
874
8931
7384
4606
7714
6997
2793
539
584
2394
2891
8466
5611
6954
6689
925
4913
5418
3387
8224
6804
9515
9699
4563
4910
6874
6243
6260
6634
9933
9599
4542
1222
8976
6807
7649
744
3654
3237
9615
7745
7163
7157
6161
6300
9872
2934
8295
857
9948
3970
484
2780
6843
803
2601
2445
9383
5830
4752
4202
4033
2692
7485
1189
8490
6852
26
9290
1422
4311
9288
9670
1669
1959
6915
1157
940
5774
8433
2993
3572
1538
3038
6037
2569
1645
1497
7337
1135
833
9742
5390
4111
672
3356
7863
6720
9919
8472
2911
8281
3990
6268
6241
8613
1920
7810
8321
7325
209
809
1776
5010
6695
3482
4954
1784
650
104
3058
1008
2095
9918
6386
5631
4701
2170
5156
193
10
4242
9909
2496
8936
2470
8596
4209
7210
4715
472
5004
7434
7379
4289
619
9153
6223
439
6886
1588
3348
7959
4815
2451
169
2928
8181
4504
6808
8875
7112
65
5321
2939
4404
9052
28
7593
7784
4981
6484
9106
5086
8272
6525
1621
4993
3423
8366
3471
9422
7444
9107
1335
9498
7702
5546
2356
9514
2669
97
371
8230
5744
519
3736
2261
972
9151
1470
7823
1769
5250
1313
1340
2306
6264
6914
1437
807
3644
73
9149
3043
9678
5350
6407
623
5916
9809
3486
6528
7036
6325
7148
9870
4969
2145
8461
4247
9570
5605
9522
416
24
5707
6118
792
2815
4371
103
3918
9165
3155
5033
6953
639
6951
1536
1507
7415
6329
1438
8654
7497
4187
6040
6094
123
967
3576
1941
1208
747
6446
9983
9763
827
7831
2019
2890
4949
1341
2511
9757
5829
7609
2739
8424
655
1518
9021
4488
3204
9750
1439
2409
7739
694
7522
337
5669
8302
7466
88
2348
3544
4744
3232
7926
1887
5266
9925
5423
9559
1002
7943
5118
7919
5649
376
5188
3376
8226
9647
5049
8989
86
6692
6654
7634
1272
8249
8606
5069
9416
9801
7655
7574
1140
2018
3250
5867
1550
4940
6812
6540
7556
4678
83
6655
7288
5041
9316
3750
1956
6651
9154
3085
9682
4078
5769
8096
6753
2878
3358
5274
8496
5664
2554
1009
4243
9837
4363
3137
6372
7877
9273
5504
5208
8974
1197
7262
3127
7934
9741
281
4924
7710
2228
1700
1128
7711
6507
1238
4909
5445
9717
5234
7158
1861
485
9500
7631
2309
6108
2517
3473
5131
636
4269
7203
3860
9188
9823
6814
2431
7229
1221
8879
3401
1641
9205
4865
7829
4168
9312
254
3898
8169
8805
9281
5045
532
3602
128
4245
3794
1758
7139
7279
2203
501
5172
5383
2625
4213
4312
8268
413
3558
894
8946
8956
9391
5898
5009
5447
1600
8523
2532
6892
8575
3139
8261
4191
3109
9949
7124
2237
9845
3811
2811
441
7859
7125
6191
9686
3793
4616
1583
9712
9595
966
2814
5655
6028
7963
4647
1496
3191
256
7594
3991
9744
1160
9564
6156
2594
4721
8430
1833
4548
5914
3513
8542
87
7463
517
6056
5647
8019
4381
4748
3856
2588
1681
7885
1628
1508
4517
2973
4998
5115
8949
3116
1314
9389
7723
1601
3516
7015
2805
3528
1177
2436
9125
1000
4254
2717
987
6276
5464
9724
8600
5542
8168
5399
8398
6077
7159
4531
8746
2351
8014
7006
5214
2504
6185
4786
7588
4908
6742
2738
2407
1490
7267
9244
3389
4315
8194
1311
7430
9387
9710
4518
1478
670
7604
1623
8556
536
8135
9692
850
9246
3384
8995
2589
1672
5123
6205
5594
4041
1976
3575
2454
2783
1259
9775
7440
117
7310
4172
5993
2518
7312
8515
7121
1191
8938
8848
4819
7449
85
9252
9780
2481
7393
5692
8548
4462
1695
5384
9455
9225
4156
7081
9596
8185
6681
1587
9981
7208
3186
322
7969
1269
6902
5273
5967
4366
4412
483
8830
785
9834
5637
8155
5581
7817
2823
5787
9222
7524
7042
456
1240
8755
7566
3545
5602
4708
9121
4915
112
2694
9353
577
7922
685
3541
2979
4450
5820
9855
7534
8050
980
7332
2252
2155
6511
761
5833
5599
1991
5141
2464
7660
125
2078
3875
7405
1914
6620
1121
5778
1804
2160
1414
4453
2869
6034
8371
5094
8495
8745
4640
1504
4903
1642
7647
5972
6242
6999
7989
7007
2057
7343
6926
861
9922
2921
865
8370
1315
9020
2781
951
7789
515
5662
7587
9448
9749
899
7523
9033
4089
7533
377
2011
5475
4870
954
9031
352
3359
7191
1013
4360
137
30
4220
1787
5579
5977
5019
6967
8344
331
9826
2192
6579
1332
9005
6637
8409
5455
3181
9623
3188
1440
35
4212
2726
7648
9018
8706
5825
0
462
3701
2463
9356
5659
8002
5029
8091
6673
4562
7778
7644
199
4828
9009
9617
8691
5743
9758
5773
7329
3781
7559
3866
7667
2980
289
7476
358
1676
2597
2218
4484
399
1337
4545
3977
37
5499
9881
7172
990
5187
9438
1927
5686
9008
6360
2382
1667
3571
2373
3064
7407
7635
9079
4656
315
563
2500
2195
1663
888
8718
7478
4095
5042
8968
2444
3288
6000
1174
3327
1171
5736
2856
1263
3764
3931
4712
7360
6344
6045
7872
5414
5129
1864
790
1888
979
7712
1418
2661
5777
2984
1459
8560
5013
7046
4341
5593
4660
7089
9196
4514
5923
6443
8236
432
4971
722
5158
6900
3496
258
8257
2307
4396
1216
2612
5748
1150
7639
9396
9998
8625
7954
2386
952
9542
4109
7299
9577
5082
7579
9320
4577
6248
1129
1578
875
7852
1210
3305
8239
2638
5893
3724
1107
982
1901
4389
2913
6370
8554
3779
5926
4878
1116
9053
8653
1308
1080
9259
549
6036
1874
90
350
719
9719
2266
5077
513
9745
9457
2073
486
4100
6618
436
8388
243
6347
4526
1934
4065
437
5576
5979
4690
1764
970
6244
5264
891
6230
6459
8935
3579
4806
7227
8372
3183
9886
5215
1556
5107
9217
5017
1278
1379
3031
598
7614
9974
101
1043
2600
8802
3264
2164
2320
3913
2927
2447
9421
6958
3217
2968
9359
4298
4921
3229
4788
3154
9140
9850
4638
7540
3136
5061
5103
9100
5067
9035
4061
2528
5616
2640
143
6054
1139
174
2974
7582
468
2675
2769
6203
488
6532
2596
5750
7328
5349
742
2695
8705
9628
4696
7108
7032
7019
8703
2281
4027
9548
9208
3287
3170
711
3258
3568
5795
8704
9891
6411
7402
3215
1424
8127
893
735
9098
3754
579
5856
5864
6550
6465
3577
3955
502
6514
8833
2797
6793
5712
2789
5871
8494
3554
6107
4833
996
8052
3628
9512
161
4115
1627
1704
9426
5623
6361
3959
611
7914
2474
298
5108
8894
1727
5802
3988
9012
1388
2412
2297
5463
9190
3886
4705
2024
7114
2648
6837
477
7254
9328
1916
3126
6058
232
4853
8871
9108
2875
6093
8113
3437
9386
1739
8350
9485
9960
7605
2253
5534
3637
1882
7432
8953
409
3012
2076
559
9111
9344
9354
5701
6110
9413
4026
5106
8386
2020
3673
1353
609
9415
4555
2047
1505
5899
3583
6098
40
7109
908
1696
7821
3488
6263
1359
7777
6730
1713
3354
5220
7442
1909
5839
5162
5622
5496
3100
5018
2804
6947
3795
7670
8018
1227
4868
2016
3659
8080
3015
8605
5284
9434
3385
9167
2893
1037
6202
7481
21
4519
9900
7881
9430
7968
7323
6165
2591
6922
5400
9723
8591
1058
5966
4808
3767
6419
6303
8967
2468
2117
7920
8160
7728
9715
4559
9625
6657
9044
774
7674
8844
4028
9114
787
9761
3446
1169
574
5140
5957
7794
884
4297
5520
1112
2627
6179
3061
2466
8076
4464
6053
902
2929
6116
1443
4854
1826
5699
1929
76
8132
196
5976
6267
4885
9236
1071
3728
280
3074
8841
9753
2942
9704
3132
7381
9781
581
5525
8477
4717
6491
3963
621
4730
4943
9242
5398
6066
498
8984
177
1348
6568
4822
7070
4229
8378
1782
5718
6709
4537
6798
3282
4237
3725
9257
7225
548
1942
2457
928
3830
9013
7011
9608
4449
8563
2433
2109
5711
5900
7892
9773
5913
3314
816
7983
2005
8910
2152
1203
8811
721
3810
3198
3907
8896
7924
3016
3019
3138
9484
8429
2935
2821
6301
304
1018
9748
1511
4671
3265
3601
6286
1643
2542
6786
6335
3868
7861
9857
5453
5577
7101
3424
6569
5752
140
203
5249
1252
4663
424
3927
8293
2678
7929
5571
9856
6247
1178
5528
2361
9642
4324
2017
9092
473
3447
8298
2007
1328
4346
5531
3366
1003
7156
6121
3051
2546
7371
6834
7923
5012
1025
4831
2715
2872
7179
8559
2068
191
4536
5450
3279
9729
9330
4432
1376
1495
5164
5421
9131
2486
6351
3792
5007
7103
6864
2045
2325
56
1750
6061
3608
3837
6169
6736
6009
363
8099
8415
2835
509
3379
3600
5242
4039
2874
4417
7149
1234
4161
2991
3849
6050
5506
1033
7506
1021
263
9159
6810
5742
4167
2127
4140
2256
7030
5696
418
716
3721
4102
1076
3896
8250
8117
4774
2050
7488
1366
5066
6337
2096
8464
9458
2903
2310
8121
1393
6487
9844
5627
2453
5663
325
9070
3915
138
4129
2329
7351
9871
7424
3434
7733
1911
8446
6354
9459
217
7016
3244
4782
5789
6146
1880
3135
3816
5901
1137
3173
349
6547
5143
7421
5905
3418
2691
4552
74
5951
2696
963
7490
8335
8357
5947
4359
5343
3055
7278
2243
2761
5666
5040
6481
4600
7691
7082
6825
3997
1806
1010
7788
8834
9868
8624
9025
943
2607
1242
2154
5386
5554
4621
6779
675
644
2512
2366
8971
1124
4221
2274
7031
7552
1295
6193
359
3402
6162
4846
1999
7763
5505
242
8384
8865
8683
6125
4858
6366
152
6424
9634
1450
9104
5879
5876
160
8889
184
8526
6299
5651
3117
5397
2459
3727
2056
144
1289
8761
9971
1753
4793
5122
8845
7429
6378
210
5918
5729
285
5199
2752
5369
4973
6711
900
8932
933
7221
2437
4592
7662
7316
4692
5982
2509
4502
4685
9315
6873
4434
8004
4336
300
9431
1349
2771
6330
1481
1973
3705
3281
4630
8789
2857
4325
4588
9738
9864
146
4377
9612
9593
1671
6767
5403
2977
411
3585
5485
9772
1986
5286
8512
7837
6863
5244
3525
1074
7775
5001
8081
2873
1706
5227
1678
293
5258
7557
5978
5597
5652
4784
3141
1597
5367
8529
576
334
3268
4777
3873
2876
6680
4074
8270
561
9926
4709
8541
6859
4085
2080
7546
4627
897
4620
6495
1057
2676
5678
5285
2420
9817
953
1053
3130
2538
9286
8108
1886
419
9397
9664
6616
1881
1065
9975
5435
1454
6553
9145
2043
4170
2487
335
3027
4177
8418
1181
4757
1011
7510
7666
9036
2912
942
3822
7303
6925
4551
1007
6084
4772
2755
7283
4729
3125
6854
8985
4850
3818
7610
3661
7380
4197
253
4749
9174
4553
3005
2624
6661
5290
520
6811
6469
5812
4029
1926
4439
6292
9072
6598
596
5182
3974
7864
1808
3556
1425
7795
5676
3538
6326
7116
5970
3626
6316
9666
820
2668
3008
8011
1709
7518
2559
7765
2406
5047
8308
408
6995
4523
9562
8047
6319
8054
5325
2570
7053
5870
6188
7754
5492
9211
8655
813
8362
2943
8253
9477
2311
5411
4035
8538
1384
1012
4133
3501
6069
4615
1134
7084
9130
6764
4295
2462
4836
6210
8951
7451
7589
3593
9453
7436
5859
1551
3465
1712
737
3364
3048
8528
7255
9152
1403
9385
1054
5904
926
9938
1983
6082
8317
3023
9571
6602
2430
7509
279
3686
8240
5205
7718
6196
9179
8719
8799
4010
542
9194
6002
8204
8026
5031
1223
3850
2469
2099
7949
1562
3530
8519
9572
3620
8969
9932
3618
9502
3551
3160
5529
2662
8336
9087
8349
7905
8816
7622
4527
3166
6818
8584
396
4675
5167
6256
8671
6759
4668
6755
1155
5363
6960
5851
5658
6890
7459
9633
7069
2368
5917
6574
8146
531
2592
1860
7386
3983
8832
4093
3756
9447
47
5589
5351
3426
2265
765
9931
7295
9673
8948
9105
6546
1687
8731
2490
9792
7111
7385
921
7521
522
139
8134
7418
6496
282
6430
4802
2880
9046
7359
6097
5195
6220
7212
9622
1017
746
6277
8880
5436
9414
8906
8211
2641
775
9038
110
5044
5063
7076
1872
6666
1937
880
8708
6071
7902
3009
948
8064
1136
9427
5405
945
1960
5929
6290
881
3151
5559
145
8022
9907
314
911
465
3315
3457
2229
1465
4304
2083
6336
545
2705
420
6039
6401
8191
2851
7197
6894
1598
4294
6679
8914
2949
6968
1913
4114
5148
8819
6391
9556
6229
4872
134
6236
1336
9390
6991
2242
6006
1996
855
9444
1965
7776
7583
8143
5860
5857
4146
45
6667
903
3755
4024
9833
1710
1757
1111
8374
6197
8585
7554
2246
4855
4260
1910
752
6144
8391
7241
7258
2709
6544
1441
2448
1654
8754
6533
5334
3464
100
856
9173
3527
1745
753
5950
4475
2708
8489
8428
9638
5342
6716
5127
4787
5624
6722
8630
8483
4972
5858
482
9187
4567
1607
6984
4188
6452
2186
7901
7690
5079
1421
2121
9783
5761
8303
5261
7657
9967
1850
2387
5928
4005
4653
4535
9049
239
9095
9287
7581
9803
3063
3740
4979
1383
8486
8901
4004
77
151
2926
2568
6159
9979
6603
4184
312
5906
8106
443
6703
1686
4694
6741
4236
8387
8798
5201
3395
1513
8499
8680
4215
4403
8252
5845
1711
7372
8445
6278
8827
4727
8237
438
938
2508
9425
8301
4985
8337
4745
2847
3256
3523
9388
5657
4043
8768
6063
8532
7798
3383
9722
1392
8284
1836
7021
527
1409
3785
5262
6621
9585
7504
2157
4876
8376
1515
8631
2735
5922
2881
3107
9109
2545
4886
8084
4246
9420
2898
7866
8001
7978
7248
1085
3142
6565
4218
2830
5006
8916
2343
3006
2315
4874
6707
5440
2025
5169
2599
179
6048
3658
3112
5783
8492
7400
2255
1093
2595
6674
3694
2730
7318
6416
9688
9993
592
2948
2840
3252
2072
1069
7637
4308
4113
582
4126
9937
4975
2770
234
2816
3566
6417
2852
776
7401
2774
8944
8615
7903
4182
9411
8776
9492
67
5310
6339
7569
8964
688
7910
8679
8342
1455
9620
2885
6819
9352
7245
7813
2211
6822
6389
7513
4211
4817
4139
9812
2989
3520
7620
2086
7264
9247
6428
3897
1516
2225
9000
8767
7322
5120
773
3003
4859
640
4013
8432
8847
9892
1729
5301
8579
2849
9911
5550
4974
4071
4249
6943
860
1446
1468
5288
7389
7094
1853
5996
5762
9050
2324
2163
2870
4901
1972
3826
5101
6924
1412
9340
8717
4566
7937
6962
367
8588
397
9505
796
5159
5671
8756
6833
440
6567
5480
5277
9235
6445
4054
9124
2391
8005
6792
8565
4907
4607
2685
6379
7219
7746
1061
7047
4970
2337
5638
9269
9847
3458
5591
9473
4181
1891
962
1224
8228
6515
7834
8368
2259
9231
9086
9363
1075
7705
7265
2639
9039
2434
1871
6697
1857
9260
3337
3351
6917
7762
7851
1811
924
1006
1498
4916
1702
8650
1105
3025
9029
2704
1390
224
3293
9508
882
3102
6516
3382
4571
9999
5230
1072
2619
2240
5212
9582
1291
3917
2181
4411
4665
4206
3817
7957
1656
7499
3073
2686
8536
9537
4238
4285
7232
7804
1226
7879
9980
3147
7477
7362
7397
1677
1754
216
5353
7558
7357
8564
3311
369
4768
7651
3207
7695
9380
8571
8205
2162
3814
7709
4354
9808
9030
7512
2932
1699
848
4382
3175
7907
8942
4933
1801
7761
9830
1968
8177
3958
4762
9923
8481
8608
9947
2220
8057
5452
9709
4357
3952
2429
9545
2759
5747
8763
1034
7456
5299
8128
6669
1573
3768
1523
6856
3129
6844
291
4046
8223
3346
2403
1636
3980
5481
2667
8294
6168
3555
2817
2452
1398
8312
5038
9968
6871
9743
6765
3542
4958
7961
6228
7388
562
6145
9331
3761
5824
269
9683
2326
8783
6929
590
6111
4007
1066
29
4147
7626
7365
2372
7980
8732
4372
5105
7948
474
2567
9445
3442
9350
9746
1818
2962
6232
9541
3595
4487
4376
1809
3900
7035
3948
1746
6149
7298
5521
3696
2745
5219
9266
7757
7496
2191
7443
4957
6194
9180
8750
4127
2051
9934
2981
2345
5149
1258
3341
7370
7873
6760
2642
6239
591
818
2748
4558
4421
2133
2198
4754
8842
1967
9203
4045
6444
2871
8453
9026
3854
7406
2247
8316
835
15
2803
9346
9890
6059
3807
1797
8809
9969
1571
7230
3639
9626
1548
1030
5279
5835
5892
9069
6222
4365
3150
9939
1603
8158
909
6799
9476
4015
311
2614
165
8701
9496
840
9889
9010
3339
6383
3679
7982
7374
7271
9094
565
6784
3223
2249
1732
5924
1022
4391
9261
5381
6449
3885
6154
5981
829
870
8627
7422
4661
1995
7997
8765
4725
4879
4508
4083
2331
383
8042
5193
2350
7198
918
310
1256
3263
442
3242
2197
878
8093
2182
3441
1420
7531
5441
7028
4207
9740
935
5323
5779
3381
8639
2606
3570
7375
1606
2658
1339
6296
2215
5125
2087
9606
8338
2230
2116
830
6291
6204
1041
6422
3403
122
8795
7216
2190
4333
6398
8636
8690
8633
2716
1005
5790
4739
135
1580
2189
5037
3320
5410
525
2270
3050
4849
7085
1708
7453
1152
2088
2323
6791
3763
2141
6988
7259
9787
5619
1486
6462
5186
2236
1261
9959
3368
659
7376
2446
2219
2357
6932
3490
4966
1434
4452
7706
3002
4048
5509
5522
784
9435
7135
5884
6971
2465
6549
8300
1723
2085
9621
8056
7846
2720
7904
9639
1767
4063
2399
3630
2384
4394
8774
3388
6003
9878
2081
9204
3746
406
2153
3956
8048
7039
8497
7578
521
7841
718
547
8156
1528
8077
5897
4116
3506
9178
8062
238
7041
5362
8157
1300
6578
696
1599
1488
7573
4766
2940
1163
9869
2205
7492
3676
6993
9255
9398
2983
8015
3290
1777
3165
6385
7936
3124
1615
5895
2650
8666
4155
3045
2883
585
2257
1411
7638
806
4546
8775
8603
654
23
2177
7220
7099
843
4348
7592
1187
3881
3422
7045
7326
7970
7643
4489
6086
3647
7014
8700
4430
2665
292
4532
6393
4460
5648
7580
6702
637
1554
6123
2322
1803
3536
1675
6431
8383
9169
8801
3096
7403
3420
7243
3313
7331
8546
5560
9554
9687
3497
2370
8898
7544
3509
3712
267
8663
7302
1184
8000
5142
1214
5422
7043
42
7324
4044
6957
3703
2565
1133
7358
6456
3399
2291
2501
824
5961
2102
2566
6776
7855
9996
2009
7276
5706
8947
6359
4318
9972
3825
8299
6839
6682
638
7286
8063
6488
4451
812
1789
8646
7530
5868
4466
3091
8043
3640
3233
1622
8475
6821
2737
946
3177
8070
7600
9788
214
9423
8058
8220
2521
8074
6328
3662
4217
6088
4138
401
1613
6437
1949
4107
262
4561
6225
3693
5267
6414
2159
7413
1271
4262
4347
811
9224
3719
6432
1527
6010
4055
2023
6687
2553
2985
3308
5756
2379
6733
154
7244
5490
3386
2070
3347
9895
1535
9176
6653
3039
6606
9313
6800
7066
9946
9185
6526
5767
6944
2494
1202
4057
9840
147
429
1974
8656
6293
7752
8533
8421
8454
5328
9323
6140
4781
8037
9164
5444
4050
3276
7234
1170
4528
8692
8999
8373
8264
8804
1198
3000
8139
5039
2832
5382
2937
4723
5468
3345
1620
249
2272
6945
701
4008
7498
3904
2549
7505
9143
9034
4583
5110
394
6199
4520
9343
9370
9550
2572
9127
2930
3011
936
5210
3587
2421
7151
6306
7472
5584
9336
366
6234
3489
4441
9641
1415
4584
5739
5270
9216
793
494
1467
4533
7585
3022
9229
2645
5247
2179
9296
5222
9882
7874
3176
8567
9952
9419
5378
6675
3312
2268
1036
1993
544
7426
9534
2381
8986
6523
4119
6650
5660
6120
9691
7888
6442
8535
6356
2635
2975
4079
1304
2426
2207
9764
3758
9407
9138
6581
9976
3844
2698
7629
7282
1961
8162
295
3831
4893
2598
8133
7005
9406
5352
5798
1928
6409
43
4064
2523
2802
4361
6850
7608
6498
8992
2124
9497
3326
7967
1647
4914
9793
9521
4939
1943
1193
2807
459
6408
7895
8232
6899
6876
5547
7640
7979
3766
6961
9507
4735
6738
2069
3903
2135
7010
8915
905
3889
7489
8254
4652
53
8862
5260
6014
9175
7792
6623
9088
7275
6399
1794
7800
3325
3209
1426
8821
8145
7987
9001
8823
2450
3748
9713
4950
7836
4623
1575
6826
3161
8885
5817
4968
2753
6940
3841
7871
6212
3349
889
3285
5955
8820
8617
4275
9680
6184
4069
2711
5760
3619
8079
466
3144
6712
8506
8331
8651
8400
6855
6051
5432
7750
5541
6415
6441
5690
9524
2285
4398
1475
3972
6192
7729
6853
1301
7183
6369
2994
7998
166
2799
5217
6308
783
6718
8660
3699
6608
270
4556
7679
6477
2077
3024
266
1274
9591
5111
4387
95
4771
3365
9250
3611
2293
883
7774
6485
5935
8221
8545
4068
5271
5991
5034
9831
5462
5081
4023
698
3253
5639
3899
9487
7724
7780
4554
4599
5903
133
8659
6572
6665
4938
3067
8356
2397
6685
819
8101
6752
586
4482
3179
3674
7020
4416
4605
1371
2472
6207
6395
5643
6271
9565
2104
4183
170
1834
4917
8513
4889
2626
1718
8465
6677
3284
9074
6135
3563
2292
5338
5964
8431
6501
38
614
211
4330
5268
5566
4880
3512
687
2850
4590
1652
2390
2824
9489
2427
7105
8522
5885
4299
1228
1559
9339
4189
7899
6435
2526
955
1895
264
5557
6463
2617
5730
8709
5808
8983
9910
9015
9314
5465
1023
4131
1310
5959
7467
6976
1533
9528
2547
5255
9684
6279
5941
132
4687
664
1512
4860
118
6901
6017
9464
6910
6397
8025
6327
2479
343
4838
9604
8699
8623
6698
3801
1609
5998
8138
7087
5880
1217
3485
9986
9110
9375
5813
374
9358
2967
3322
6175
7759
6152
2647
6619
4073
4253
8176
4655
1391
3394
9789
1610
684
3738
6694
9062
387
8962
4011
1159
6816
8083
2482
9619
8120
7473
3037
997
4288
4440
7760
1130
6101
1877
8367
8403
27
1164
5498
8440
7012
9540
1685
9774
2319
5702
8970
6217
1410
3295
6868
3319
4424
5472
4151
7632
4355
1494
6612
6774
7269
7741
7827
7747
5306
3561
1
9065
5474
9051
4226
5517
6027
1296
8881
1957
9914
4135
3245
2114
9280
8553
4250
4094
8124
728
1416
8716
8892
6972
3730
6275
4169
186
8324
7908
2022
3808
2758
1087
8632
5070
5987
4500
8673
8928
6717
2263
3664
7858
4978
7417
46
8561
2796
6607
9486
461
2923
595
4902
8479
3845
5629
3113
4547
6167
8243
3094
2848
4697
1691
9669
3164
2653
1484
6561
2785
6345
1506
4037
6180
5986
9040
9616
9118
3333
3698
8872
8544
5482
5854
4088
6106
8698
3042
3435
1059
3799
2507
98
5263
699
693
606
5099
3798
6898
7683
4716
2520
4835
2978
912
6079
8319
7692
641
6455
7300
4884
8573
4225
9851
3887
5080
1362
8012
5315
9902
2788
3291
5307
3413
1051
886
7192
8897
6468
9393
3254
129
9360
5963
4338
8439
5221
4931
7898
7835
9802
273
8227
5154
9147
5458
8085
2289
6597
2798
557
5841
9057
1285
2533
8109
8696
4049
1637
7272
4869
2663
5862
9102
1733
7857
2061
8225
4805
1828
1756
8098
8817
1322
1839
3167
4284
8233
1530
3607
7529
6746
5656
6494
7091
4848
2290
6966
1773
1955
5420
7080
2605
6406
3965
9348
8629
6538
115
8770
3614
5341
2416
6672
4490
7865
2214
5625
771
9614
4160
3892
5575
9806
679
3805
6749
1698
8110
6683
9221
3444
2473
9929
9574
9610
7820
8772
7732
6174
8251
7167
5793
1114
5443
2712
3534
6320
524
200
9726
2432
9989
480
8678
8869
8033
7727
3202
9395
4794
4205
8394
7205
733
3741
6005
9727
2273
9546
554
732
1035
305
8471
2276
3153
8136
2156
323
8474
5366
7906
4937
2034
1205
3047
4266
106
5831
2129
6552
2004
6838
1084
9245
8365
410
1491
1492
8520
9301
3298
2333
4825
1998
1356
1634
9984
7515
246
1869
187
3858
8290
1413
9495
2221
7261
1167
3934
1725
7654
9575
3121
7349
2610
6636
1357
9551
8216
973
669
919
4593
8452
4296
8408
6381
6537
4006
1766
8920
7196
3655
7348
1660
9611
7174
5548
8292
5308
1330
6670
6460
3010
4635
1430
1351
2845
2171
1728
1032
2423
1971
5100
3098
8274
5433
2791
6282
277
7291
6880
4150
6505
1521
7165
4427
4521
5184
4565
4982
402
6470
3877
2115
5720
7717
624
4230
9736
8102
9602
2841
7825
2818
7314
6891
9289
8899
2907
2910
6170
5176
4996
9341
2352
8796
4256
458
1762
8599
3007
2201
3879
8315
1397
5828
9921
3668
2286
5347
6307
5145
1896
7419
7845
2158
7756
8503
336
9652
2944
1902
4877
9693
8950
4468
8123
564
9991
9045
7142
4866
8314
6402
7335
3487
6150
6928
1525
2611
3411
6486
9567
6802
6726
6693
6055
2424
2385
1055
3665
2089
194
5887
4491
5336
8036
2491
9251
6630
5211
3149
6586
9377
3594
8982
7150
7373
4108
3099
9326
9535
2193
7704
667
7771
3871
6906
8404
8877
533
7475
3843
4092
231
1785
8675
8784
3500
6138
2364
6130
7217
6067
6648
4240
1799
5429
339
4176
7624
3044
3111
59
3812
9603
330
9771
6044
9807
4310
5460
445
2583
9696
780
5503
9827
9518
8677
1684
4769
8072
571
6012
8016
1294
5614
988
3722
3163
9148
8771
9899
9479
6879
6087
427
3960
6704
3713
5714
7953
9810
8287
2302
4896
3657
4463
4932
9927
8262
5124
6671
7740
9490
2986
1347
7137
727
8087
674
9658
4511
9227
573
11
8572
5561
175
2762
645
3133
3775
3474
1190
3968
6973
5810
8934
4255
8511
1626
9995
8925
1939
250
8822
89
5254
7916
4693
7178
2235
7270
4667
3456
7598
9716
7658
2744
4457
4401
8159
8130
5192
9829
5995
4670
1661
6375
2702
6570
6331
7933
5404
9791
3533
3739
1118
4994
6918
3101
4000
5376
4718
5956
9017
326
7051
6770
1632
4171
4651
2398
3344
4281
4280
6708
2515
5632
9004
9677
5552
4797
4326
9957
1305
837
6639
1297
2143
5562
257
4084
941
9636
1952
4918
6158
2439
2673
8401
9655
2516
2757
3933
6245
9078
81
5973
9233
4964
2284
4032
2119
8907
4110
5112
7194
9953
8009
463
8142
3962
6016
1925
2334
8305
9721
422
2294
9405
1503
9064
9210
4856
5121
3280
6750
5613
3692
3695
4673
8562
421
7423
5313
6955
4811
9894
8893
3118
3984
1796
7941
5409
2376
5942
7599
3431
5794
1405
4632
1423
4610
5925
5344
5174
9536
4118
18
7607
8450
7536
9481
9002
5654
5189
885
3218
8619
9956
2467
5408
1892
2418
6457
3375
489
4618
8721
9663
8891
3596
4314
3416
3361
381
9963
3343
3460
8266
7893
4343
1047
7428
6624
4103
8051
286
3629
8247
1567
8255
4574
405
388
3966
683
5133
9418
2721
4578
7664
3893
1024
4734
58
1890
7839
3624
992
5329
2
119
4844
7207
4560
4674
9011
2180
3338
6797
7311
9068
3700
9294
8960
3543
6427
956
5514
2362
4134
2747
1962
1369
6631
1473
3182
1840
9122
3546
5293
1633
7166
7915
8973
8552
20
725
7613
1545
4040
1668
1985
3773
8199
3894
2028
245
1815
3992
6589
2126
9697
9466
9935
6860
7991
8086
7242
7890
5116
1823
5355
8040
5708
2900
5771
7785
6801
5796
6216
5784
989
2657
8714
8491
5196
247
9243
5530
4852
9392
6007
1635
2055
52
6273
3716
823
70
357
9835
8759
1755
572
9478
4145
5931
5883
7441
4124
2834
1624
7292
3417
6323
4025
4030
6758
2150
9369
2987
8961
8361
7391
3789
4691
3060
389
8343
9796
984
7725
1897
5866
9075
9226
3732
567
8067
8328
1077
1596
8482
4911
9549
8434
1489
8742
7469
1316
5289
9657
5062
6343
2506
1858
8405
4478
276
9804
5434
1343
3017
2062
1738
7722
8414
8702
7606
7056
6371
4681
5834
6109
121
3122
4397
6529
6757
8870
1206
7131
8286
9560
1428
9462
6206
7520
2623
4905
8980
5679
8073
319
6475
658
8649
8310
8306
8020
2380
2042
1765
3790
705
2555
3412
4003
7034
4683
5994
8229
3353
1281
3040
7751
3559
9797
4942
4494
5206
3123
1837
7700
1980
4223
7050
1989
4400
426
869
5473
5072
2354
8470
8126
3225
5487
407
9076
5536
4479
5965
491
2945
2052
3548
2183
7602
8684
7550
7528
1726
2541
382
3851
1042
7590
3777
5527
8234
1389
1125
5128
2374
7495
9368
1591
9668
2529
5454
7782
5823
2060
3874
7201
6137
5415
4713
4764
4925
797
7541
481
8729
3297
1544
9994
1692
2488
8952
5291
5596
5304
906
9901
5782
2003
4792
505
8030
6198
9073
9410
2012
7944
499
7809
8044
9469
4812
425
3920
2964
2514
1931
3717
7938
4897
3174
5894
6190
2097
9441
9681
2031
2210
7378
3034
9089
4595
8246
5513
2303
3514
3737
5412
1659
8637
4340
6737
8813
508
2404
4414
6751
601
922
9848
9321
5449
1463
8375
6658
3610
8006
8069
2232
8488
1099
5177
5975
5792
470
6346
7317
9349
5109
3350
1307
6571
6254
8416
1141
1096
1472
3953
538
9672
2723
3923
181
5621
4923
9449
2161
7548
1370
8990
5667
3452
9265
9563
5684
6090
3643
6224
1824
9538
3078
8078
5620
7246
1552
1827
8998
5497
2772
3947
8131
9123
8209
1948
7708
2111
6559
9821
3726
7127
1286
622
4756
7129
3239
3762
8279
2067
1502
6068
4420
4624
7843
1049
7297
2332
7689
4279
2131
2130
5346
3759
8861
6483
7175
5150
5428
6615
5911
7396
5470
2859
9707
514
6678
60
4842
7932
153
5888
7974
9988
2766
360
8661
2112
4892
6946
6042
2632
2954
1188
657
6870
2855
3697
2066
3870
328
1825
1649
7572
8107
6075
5134
3180
9605
6148
1457
4234
2787
4098
7336
3026
4669
7975
356
3336
6766
4857
7164
2543
9291
7162
9241
9467
1539
6233
1814
6489
2680
5606
5236
551
2489
5650
3036
8341
2586
9779
8722
8269
4684
3574
646
838
6394
9770
4082
7900
5375
3013
7200
2700
8905
9865
327
8460
7000
5512
6763
7344
2413
201
1848
7215
868
6142
1038
6423
4248
510
1780
4261
4105
8322
3932
2401
6638
887
7996
8996
5915
9093
689
8737
929
7462
1004
5700
4383
7625
4544
9828
1791
9569
8023
8945
9158
3329
6956
8781
4117
3944
8164
4882
1162
1714
6796
2476
1186
496
5640
9997
1705
7412
3784
6405
5413
7293
5693
3104
5147
6365
2093
1165
2853
4122
726
7808
6535
1213
4934
5319
2646
7867
2801
4153
9433
3110
766
2697
8448
4780
5312
3989
1900
2631
1876
8854
6519
6461
5766
4568
9218
3220
8908
9706
8352
9374
7672
3752
3986
6877
4239
5948
2513
4429
3745
3270
2587
7669
1751
3397
3334
9338
6497
2844
2710
9133
1865
1540
3370
7645
5165
9965
9139
9990
2414
5636
2175
786
1574
7062
8485
6214
1342
3243
8669
1761
8280
971
8053
8179
4941
2484
2371
8509
6250
8555
4912
1113
3995
5002
5519
5163
3119
9142
4328
6052
9660
647
7675
6451
9128
5751
1031
9832
9762
7538
3978
2548
8697
8601
4589
7779
1320
8912
2492
7138
2969
4393
7886
9820
6095
3951
7154
5710
8900
4128
4770
7621
9955
1377
7887
6878
3143
714
7009
1977
6897
7352
9898
4265
5233
8094
9662
5815
4136
5478
4773
2400
3876
4016
6938
8170
2820
4597
6274
5387
3901
504
8516
5053
3782
5231
7965
9839
8184
1963
2176
2955
7940
9665
556
241
6285
9659
6124
3221
1842
2196
8607
219
3671
6522
6635
9815
9784
6609
7173
8041
4585
8747
9915
872
3505
395
1268
8028
8710
5372
3427
4522
8172
3206
8390
2616
3030
1183
1906
9924
6024
3720
8061
7176
2603
9594
1585
7628
4081
6747
1052
3621
1146
192
6585
8173
748
3537
2475
4750
5944
1569
8183
9703
3590
8657
5721
8122
5740
4534
7237
283
3550
5488
5225
255
1292
8724
7551
2895
244
2202
1325
4166
6008
3680
6629
4524
6211
4455
2224
890
1522
2239
7195
1915
3406
8597
8531
2006
7238
2216
1303
4573
4742
296
9311
8810
3636
6186
4070
9155
4158
2377
3939
4648
7917
2953
355
5612
4920
6701
5848
9754
9461
3304
4564
2888
2839
3569
7849
2577
8917
469
6189
4636
9491
5495
5628
1092
2146
5890
566
2732
7022
2899
5451
3787
9544
9720
2187
2396
5427
6467
7508
5136
8557
4682
4474
3274
9553
2690
1688
3052
4539
633
5881
6904
8192
9332
5816
858
2223
5139
307
6575
8369
9470
7545
3547
1088
4022
2317
6458
5055
8988
7519
7122
958
8473
8417
2084
9184
9082
9472
5806
1015
2151
2728
950
1680
6114
7951
6777
7433
2958
3032
3949
2142
1201
2328
1742
6646
1239
3419
9439
1781
7190
5582
3357
1870
7161
7250
380
4
4800
9805
2402
3632
1480
109
5426
8715
3097
7098
9384
2644
1073
7880
9731
9912
8411
2369
5317
7395
7850
1487
7334
7017
4277
3469
4818
7862
5524
9520
9253
2149
2238
9077
7079
4581
6869
677
9718
2123
2936
3193
5175
1109
3710
1173
178
3169
1719
1277
1386
8190
4227
5117
5709
320
3378
4863
6502
4922
697
7309
6141
5681
6070
4601
6265
626
6541
2094
7958
1103
3715
810
379
8443
4501
1346
5022
8463
5646
1534
1921
6596
7213
9698
6563
3106
9310
5283
7663
2579
5194
740
7803
3774
172
4180
6126
1062
111
8283
3367
6013
8857
9412
1306
2440
2722
9822
3565
6227
4598
588
4798
3296
1407
671
2719
8345
2295
9163
7565
9705
839
2970
5724
2388
2743
5910
8256
7685
5416
1471
9460
7612
116
648
7474
6706
2551
9337
1651
9055
635
7787
2800
8670
3292
5500
7435
512
3872
3001
8578
8024
5934
8402
6357
49
4995
4733
6396
665
6400
8075
2408
7425
9877
8939
8055
430
7342
7048
9798
8406
1312
8379
511
1547
7894
2108
1899
6403
5988
4586
9200
756
9811
2527
1821
7049
3582
1098
4196
9201
8148
7339
5272
464
5456
4320
9917
4306
2471
3928
1940
4507
7525
1519
8826
3340
3578
4783
1741
5393
9598
2868
9883
3131
4992
8449
1153
1885
6643
7228
2110
927
3120
5776
5276
9378
9532
3069
9322
4476
4392
7755
5269
4633
9867
5733
558
6573
1744
7897
3277
1477
3503
7677
5259
9437
3855
4233
9529
3622
1154
603
8208
1958
2090
8594
8602
6714
8644
5087
6842
8017
6434
164
7753
1648
8757
8258
9327
6421
2952
3092
7918
4471
1156
2139
4649
8611
9695
1469
3895
7698
5060
2415
8652
4569
9586
9101
2251
66
5168
7925
5705
6832
345
4930
176
1279
9454
2741
4961
2113
2100
6438
2724
9661
4283
4594
4493
1908
7542
713
6062
3820
3930
3201
5737
4224
6919
6518
5014
3197
673
6980
4936
7484
5788
2813
2633
2172
1570
5908
680
5874
8681
4851
1185
6803
7479
1924
1736
5003
9766
7289
6259
8610
7676
3360
3275
643
8021
6128
9240
2318
12
1086
4680
7618
294
1514
5954
3529
7939
7571
3414
9381
9501
126
998
9308
2248
6085
3196
4339
5331
578
4090
7128
5417
7296
4263
1847
8933
1248
342
9032
4031
7240
1630
1387
5257
113
220
2764
5091
815
7772
1050
755
5025
5732
5863
8620
3685
4699
1618
5545
9475
2580
7790
5556
768
3519
261
1445
2897
8296
497
2234
3480
4433
2046
8151
6644
32
1063
9181
3865
1417
8508
8217
4276
5371
7630
8566
6479
2756
1016
7088
5333
8882
9474
4410
681
9345
2037
9493
8839
8539
805
8978
5502
8045
5173
4746
4259
8323
9116
2298
550
1211
1276
5886
4613
8245
7025
227
1579
2576
668
6100
7815
9768
2280
6642
8981
2689
3432
3857
3302
6974
8835
3213
444
7090
4422
9197
5493
4999
2233
9113
9690
2168
7468
8478
8622
1100
4053
4814
6580
1246
4194
8182
1429
1451
8059
1907
9300
5618
182
3744
2693
6727
3613
3649
1123
1131
4335
5318
7912
6829
6074
7856
6835
6588
3549
9306
9685
8351
4141
7427
8959
4570
656
6302
1367
9887
6756
8222
225
1658
6004
1284
5586
6284
9701
2652
302
8193
660
5734
932
5549
2887
7206
2321
1172
5251
9778
5469
3157
9156
6605
2036
6699
5683
4948
9047
1863
9335
7818
6610
4899
7985
4214
9509
3935
8385
1176
4195
3511
2831
6965
4047
8065
3916
4645
2892
4402
4380
587
7096
5719
2608
7356
1067
9813
9940
2498
7187
6047
6281
5563
9263
4659
995
8738
9728
2522
7026
6975
3535
1166
3507
4174
690
3979
3803
4776
6080
4495
1763
4919
8977
2826
7361
4883
5396
6081
4700
8112
6782
8748
5339
2905
7457
1819
1476
6809
5146
6847
3586
2499
1970
7824
2030
8769
3796
4232
6645
1474
7280
1938
7182
6739
9561
7134
8741
5677
398
6387
2167
6065
5675
215
3884
5294
9103
4643
2918
6022
417
4192
852
7141
16
6266
2079
8753
975
1179
7611
102
4596
3332
3946
6134
9172
4572
1260
692
8779
3300
1919
3846
1365
2502
1612
272
8864
8149
8487
6560
2862
9048
5997
6858
5402
4469
4820
5590
8438
3869
9756
2250
6828
3616
7797
627
1524
2339
3914
6510
4058
6713
5872
5551
2338
2699
4956
6978
9510
1724
9059
2562
3445
4017
8853
7661
4313
3156
3362
457
8909
6994
1182
2763
13
3708
93
4038
198
6780
7984
6773
92
8829
8797
8360
3065
4443
3943
649
9376
7981
4737
9279
3269
5983
3192
5332
7455
448
158
4446
2707
8886
9119
6562
9135
4186
5073
6862
5564
1771
6551
6882
2664
3612
4662
9543
364
8241
6353
5819
271
41
4292
265
5543
3835
7301
3743
1555
8304
2524
6139
3833
3682
3056
762
8291
2628
6881
7100
2002
6530
6103
5695
8965
4190
8275
6627
7369
127
7143
7703
1395
600
8325
9043
5085
5938
9920
9198
6861
8689
9799
5224
3954
162
3597
5962
3832
317
2082
1984
1561
788
3140
8457
5985
5781
5083
1589
3667
1257
3433
8648
278
7398
9483
758
149
6889
7078
9292
8712
625
503
3806
2071
1964
308
1577
841
4342
986
1520
9357
3623
5960
5515
1716
6355
3615
3278
4036
9267
6288
934
9364
8890
8082
767
8276
1638
9258
5180
5302
6633
303
306
9627
8442
3230
7615
5407
8484
3502
9846
9214
1566
8997
7023
5587
4052
190
7539
8621
2478
4148
5320
3079
2411
4952
8231
8152
2063
1604
4369
8278
6509
2571
6476
1282
5035
7990
2313
5801
415
2534
6358
6413
4779
2995
3450
2244
6506
48
2836
6628
1104
3115
6941
3425
2733
4731
5282
5770
9192
9843
252
6836
9408
2593
6952
7199
5920
617
1541
6433
9646
7060
9117
3108
7805
6548
8219
2092
6472
7870
2262
1703
9112
1147
2383
6787
8735
8803
5068
5
6503
3666
6195
2965
5054
2405
8167
6927
2808
8786
2032
2040
1245
4525
260
4473
9913
5617
1232
6783
7168
9452
706
7956
3987
2392
6493
4002
9016
4512
6700
6187
7102
8137
2590
7341
9609
523
4349
6092
9644
6907
915
3589
8397
3475
2634
978
9063
7659
7844
5832
6257
2477
5670
1868
8645
6368
9825
976
7796
8788
2178
8459
3753
7976
4272
4826
5668
5459
4871
6964
6788
6591
428
79
2271
4929
5052
3911
723
4165
2581
6913
2277
5814
8570
9982
1110
6668
2360
7482
7155
1148
3072
7364
3303
9428
7697
1855
3823
8642
4492
9141
378
9115
3584
7653
5207
8672
4702
4198
634
9126
1788
3852
6177
2951
159
2021
2035
3392
3678
1611
1966
1317
386
1683
5239
2886
3702
7321
5836
2778
5000
2443
2314
7367
8441
8377
9511
5130
9468
7830
4286
2347
3046
5314
9503
2480
5878
8358
1019
5726
8307
7563
3704
455
6512
1693
71
8604
2417
2038
3540
2530
7507
8840
9276
2166
7807
321
8720
1323
7092
14
3905
6182
4179
1028
2136
4123
8923
7947
7986
3294
5330
3398
7450
8667
1752
3352
5190
8359
82
8410
2410
5074
8876
7074
7354
6089
4316
4173
8595
226
8911
1918
862
7152
2558
1930
9849
5431
7927
1730
6453
4839
7719
6304
6970
8244
5048
6942
5373
4796
5243
9733
864
2996
6334
3492
666
6656
1231
1594
5364
2010
5157
1142
2000
7744
8277
4976
4965
3462
8265
4765
964
9800
5952
8097
1396
9654
4481
9930
4677
5755
3670
5335
8686
6992
3404
9297
751
4367
453
3260
8815
6981
5772
7773
2966
4763
9566
9751
760
31
2296
2861
1817
2054
5096
4987
1094
5921
6439
6349
2264
5090
6582
3084
8855
930
5057
3454
1586
4425
6213
9689
4867
1045
5466
7911
5818
540
8150
6893
435
2630
7641
7650
5645
8119
7868
6520
6732
2919
7971
9700
3902
7097
1917
8285
5078
3802
1081
3342
9193
240
8038
3335
8777
1740
569
4947
9480
5377
287
2282
7209
6147
7848
4497
4264
1265
9324
759
7749
9023
9818
5015
2561
6499
6676
1241
1605
7646
7688
1682
5538
2120
6517
7502
7072
8576
4149
4657
2425
9212
7555
3809
7716
3638
9702
5775
2550
3087
9651
9897
3981
3261
4591
1406
3491
4775
8635
63
5389
2134
3780
6420
7144
7597
5446
236
7439
6769
5011
1557
4012
173
8638
9071
2674
7682
4498
2563
8203
3627
6513
4483
4317
3323
2992
5380
4407
1697
6105
5786
2106
7766
1841
4686
4426
3950
5368
5181
4988
2074
318
2578
3642
3605
618
1748
4658
5865
6557
4157
6990
3964
373
8297
6102
9249
7471
2359
8668
3071
3747
3076
6761
8558
5568
4900
6219
351
6531
1951
3472
7003
8859
1196
2556
354
7399
9061
5555
879
8354
493
895
4829
7701
7002
1802
3004
2015
6208
1722
72
6950
6164
5852
5095
3028
9859
3910
6771
9436
2308
2442
7617
7222
8003
4375
5822
2458
2128
9091
5237
6153
4159
1044
5526
68
5615
3650
8088
5992
8027
5322
130
4162
8534
5365
1236
4235
1215
8318
6930
1743
1083
6235
8399
3940
7454
6019
8800
2304
9970
2670
1608
8582
6789
7977
3840
2683
4461
9853
7681
2485
4258
4448
8921
4984
9003
1219
5843
3484
207
8501
3609
4609
5337
2827
8643
7764
5280
8794
763
4099
25
6035
7408
3828
3443
5507
4121
7224
2544
1127
7483
1975
2033
5826
8858
2976
3508
2441
3477
148
9884
5137
4997
50
7320
8111
6362
836
4423
8197
777
1679
8687
2222
931
5170
5027
1020
6884
9896
2505
1493
4740
1318
7781
3553
6587
5216
9309
7500
4617
6115
447
4431
9676
5603
1832
6367
960
5902
4379
7826
546
1694
5036
2865
4747
507
8498
6662
9951
6018
346
541
2536
3751
2355
3786
7186
7110
8878
8213
452
1352
5855
5844
6025
7350
9648
1590
3257
736
7962
2312
8979
3929
4185
8740
4018
6038
8592
2539
6231
1102
6728
8263
7313
5119
4228
8444
1810
8852
6117
7214
9085
2957
8467
6020
2902
5300
678
754
1060
5430
5185
8144
301
2908
8248
5673
3532
6982
7169
6426
6032
993
5939
4356
2460
3235
8860
4323
6613
575
939
329
7409
9607
8060
3617
8178
3800
3648
3521
1813
7330
392
6647
7236
5406
8780
9120
3625
4832
4428
5759
2822
5680
9195
9819
9906
6622
642
1644
8095
2941
7251
4841
9150
3148
2327
9795
7083
2637
604
6466
6251
8904
259
4543
5800
6539
1082
5043
3985
743
5471
608
1456
2026
910
5805
3827
8348
8695
6721
5246
3214
1572
4767
8773
6504
7806
7368
9347
7847
9041
2643
6151
6794
8957
2672
8807
5641
2933
1884
6410
7448
2209
9866
233
7527
5089
7252
6594
1479
5228
9379
9
4456
7284
7355
6001
6338
6664
1344
3309
1321
2654
8396
9268
4408
2064
4722
6851
6564
695
5245
1904
2754
5223
6600
7387
7347
7458
4438
1068
1560
8831
3765
2048
479
535
3318
2731
3646
1912
2914
7315
9645
167
2651
5682
5821
6160
7584
1192
2582
4143
8863
5838
2552
6934
3405
3735
9014
7816
8
5226
5484
4506
8505
9893
155
8733
3089
1800
2742
3588
9132
7526
7737
6614
1433
612
3604
1793
5853
4791
4241
6611
7946
1812
8034
6845
9752
6872
6262
460
44
2773
5256
4837
8955
1664
9182
9219
6840
4603
3606
3996
2185
6341
8993
907
2375
6909
3301
1229
6846
1089
6099
1431
6640
5595
1090
4612
1546
1326
5021
3938
1923
2621
7758
5689
2174
9519
1091
7266
1935
4091
8395
2029
4334
4072
3641
9747
4587
5153
8569
3035
4809
4370
6215
8334
2971
8154
7511
1845
9824
631
9860
3557
1372
9530
1768
1844
4619
9630
8843
1464
1563
8332
5253
1564
4132
9694
9402
1293
3733
1549
3859
1903
4629
9631
4415
4302
6785
5438
8766
5028
5936
5523
6896
2013
5064
6920
7694
4301
8581
414
1264
3821
9583
8153
9961
4219
5573
9885
500
189
8046
628
1350
8288
6350
7833
5861
6554
1617
6903
7909
9239
3266
3994
5694
5240
5630
5946
7945
7052
1595
602
983
5305
9262
1358
3599
6131
4967
8537
6253
8125
5969
372
400
6289
5144
8029
4496
2560
8393
7493
2395
653
9555
8707
332
8929
2790
9942
1385
7204
3922
341
4704
1655
1954
7065
9880
7561
1253
9649
8547
8476
3321
3924
7913
1375
7553
1878
223
4703
3838
974
2792
846
526
2867
6127
731
1460
5610
9592
6178
1331
8966
7564
3909
3440
1338
9237
4741
1778
6817
8214
7107
794
4642
2838
7071
4300
6201
9526
2960
3481
8426
9790
1447
7189
814
3539
4953
9558
3400
4014
593
7715
7480
4890
2829
1207
3449
9737
9432
739
6340
9367
7671
2786
1290
4486
4337
2843
3062
916
2998
3070
2794
1461
7464
8007
163
6849
208
1565
3562
1673
3982
6181
5138
7875
7223
64
1026
2906
9958
7726
6333
2659
6377
8778
344
450
3967
6272
6026
6030
1225
7383
5949
3391
863
251
1532
5780
6376
492
8500
1175
3483
6280
9941
2795
2584
1064
6029
9557
1126
5634
6382
1500
3663
5395
7445
871
2833
1770
8171
1558
4944
2199
1720
5999
904
8685
1933
1361
4329
6283
2041
3059
6684
5020
4977
4327
4698
3819
1701
5046
1862
5919
7294
4510
4904
5754
5607
1287
8147
712
8518
7840
769
9305
9730
8238
9944
2075
237
9777
2904
8161
9373
1849
7465
5354
9189
5896
9451
2194
717
393
1775
2184
3829
5713
6122
6172
7086
5604
5102
7665
5989
3241
6176
6883
4388
9228
1581
1674
2915
1657
3369
3226
3088
5735
8010
2118
789
2889
5327
6157
2604
4927
5717
7734
8734
3380
8090
5715
8330
529
8189
2585
4200
9985
707
1670
8883
6996
804
9579
7333
6813
2058
7596
2039
8380
9759
230
2982
6601
5238
7029
8873
3430
8114
6939
5065
873
8032
17
3842
7181
5076
961
6309
7673
384
4386
7684
8744
1662
9637
5953
9295
3890
2938
4042
7535
3184
4409
4290
741
5758
4244
3891
495
1820
5191
1079
5152
5877
4373
5278
6049
7748
4720
2200
7973
6240
3603
834
4894
1270
8550
4530
825
9060
1262
2999
7411
6534
9725
798
5567
3848
5361
5889
6867
6744
9513
91
4257
2065
2525
5930
9160
4628
4710
5585
4515
9471
5202
615
9854
3776
1689
4178
4639
2925
6983
3478
7707
977
8493
817
6830
3172
7601
8895
6155
4538
8092
7366
1435
7619
2776
1462
365
9463
8919
9096
4274
1945
7930
1299
1333
7117
1149
3961
1779
4732
4751
9776
9765
3908
3251
3941
6775
5932
5114
7633
6021
9908
5241
2575
7696
892
1922
6745
3205
5738
8850
9307
5540
2713
5084
3208
8628
2103
9440
8447
347
8549
2946
1115
2267
4060
917
4436
1132
4066
8140
5419
1251
4199
1831
1509
1760
9232
5494
3029
8187
530
4067
6287
1829
9170
195
5075
8313
7147
8580
7308
6632
6031
1237
3734
4706
5281
1218
9769
8165
2059
1145
3711
662
9207
1249
1932
8525
1614
8456
2301
3459
7256
6322
2535
362
8353
1485
9875
3925
8926
3867
3240
1382
5248
4163
9442
7130
9734
7033
9371
6113
9767
9482
8867
4962
5183
6989
4358
4447
9992
7586
1401
7106
4644
7416
6310
1721
2660
3377
8574
1731
2254
1537
8958
3783
8105
8614
4714
1856
3081
6805
6221
2767
8235
6649
2510
8206
9879
8688
6595
9302
7140
6374
6119
1048
959
8902
2896
197
8626
4634
1244
3374
7994
2777
9936
7721
4654
8665
1046
9977
4076
3307
4282
6778
136
5933
7068
8791
1747
6305
5572
4785
2342
6820
4419
9573
6238
802
7040
9987
4760
1602
1327
7057
6781
6576
1364
6083
2422
3573
1619
3468
2144
9873
5609
5439
9739
2226
3771
3090
6043
800
3718
1992
4516
2435
9516
7992
3415
7304
6969
375
1380
5578
9547
3316
1402
2287
6556
5213
6166
3189
221
6129
309
7004
7562
9760
1355
9950
3246
7720
3906
5725
1997
7514
9650
9533
5980
9962
1483
2749
61
3592
4790
4309
1795
2091
2531
7783
901
8188
7791
8210
3493
5023
2227
4021
2493
2825
3075
8903
204
3310
9852
9220
4895
2866
4164
449
141
8212
5661
7037
7027
3018
8764
2864
4101
4350
3080
403
1266
4009
6911
4442
1893
8749
3020
2760
616
8736
610
801
3455
4353
6584
3259
1419
1666
5698
2879
8201
5644
5479
9903
5653
7133
5583
6719
9303
212
3463
5674
2449
9042
3921
4862
4472
1646
6015
3729
284
4823
3448
1319
676
1029
2920
6848
4130
2148
1254
4602
8524
6429
180
8174
7869
749
7
7064
6762
2138
6317
5846
2837
3410
4622
9027
9671
6734
7363
4477
2609
704
4604
1117
4142
1381
7642
2863
5030
9403
4087
3171
1946
4268
9597
8838
9450
2438
6112
3372
9814
2098
7093
2917
7290
1458
9876
4789
8725
8616
268
5287
7054
4689
2456
2288
5537
1501
7576
8787
8693
3804
391
5984
2671
5204
3134
6352
630
5358
9293
5601
3103
6295
8943
1798
1843
5126
4390
2173
7678
4287
7769
2353
3937
4385
1846
5688
3669
9318
7878
8837
3195
568
5685
9504
3095
6133
8049
9162
6500
2736
2679
9643
1830
7247
8866
6937
5635
8792
1592
2655
3077
8166
4676
4650
7340
8551
7567
9298
851
2782
222
537
3651
3836
847
8339
5032
2101
5203
1436
6663
6641
2316
84
9576
3408
7306
1717
7104
2988
1373
7077
1267
1302
9858
708
8071
1453
6
6324
3248
866
2810
8728
8329
6959
1944
5974
4608
2666
2916
4887
7966
4278
8392
6294
433
9254
353
3815
6933
4834
2336
9874
8975
404
7277
4345
9552
734
1631
2615
8751
7549
1953
7338
5160
6342
7185
8517
3299
6171
2687
2241
4906
8413
5574
4983
7786
2727
3993
5235
6690
5394
9714
6827
5058
2806
6023
5665
8346
3598
150
6270
6104
3675
1542
7819
5869
1039
2557
8458
2842
7202
3409
5340
5909
5544
476
3317
2279
7950
9284
1158
8634
1616
3883
8884
4467
3749
7461
896
3684
9166
3495
39
5297
1650
1783
3152
316
8218
4875
7570
2049
7437
7838
80
338
8267
661
957
8163
5385
2140
1194
6209
1889
3083
6754
22
5051
5882
2734
5943
4395
6998
8141
1070
6521
9362
5442
62
5303
4928
1209
3371
7287
5005
4307
3086
6373
5971
7713
2275
3289
213
8994
7211
105
6986
7226
6866
6696
5324
2245
7680
6626
1288
5357
5151
7854
5026
5532
4435
7627
2269
2335
3479
9578
5056
5642
8118
490
7392
6659
9861
8612
1309
9945
2365
2188
1640
9674
8987
9361
3190
3515
8739
7274
7394
8423
5827
3769
2963
1873
8954
431
8013
4738
1363
6524
7273
8530
183
2008
8468
3677
1106
4352
5370
7952
4351
6725
4444
6815
5731
6332
8972
3770
1161
9424
6412
2132
3390
949
9099
5275
7075
8812
5059
5722
1950
1531
9667
5218
2729
4144
1243
1875
8195
8215
9272
4271
8035
3834
1790
651
1119
7153
3114
1898
4252
8068
831
8868
5296
142
703
6269
7319
8727
9304
7346
6625
8711
8874
8089
9299
6173
1792
1526
5448
6768
9213
3498
991
9399
3439
580
3185
8200
9782
1894
2894
854
2746
2428
4201
8259
4991
299
9494
8856
4445
7811
629
3976
5608
4549
7768
4112
4097
5486
4810
7503
6583
6163
5198
7501
9964
3421
8427
2105
9146
324
4001
7126
5912
8851
7828
2959
3945
4626
5565
7891
7652
3273
7285
4321
4801
6252
6905
9342
8039
2358
5847
4575
4331
1982
7113
19
5840
4951
3791
8682
1014
5374
9171
8198
2860
2877
8758
5461
4075
454
781
7095
3581
9183
7414
7008
7884
6057
6731
867
3158
5024
914
9223
7560
5516
5633
3461
6912
1510
1482
4550
9943
6091
3194
947
4384
3231
1432
730
3066
7687
7257
3393
9446
7889
4821
3690
5104
4759
3882
849
1879
4945
1056
1553
1517
3683
5093
5598
3331
1749
5937
8355
6298
3054
8326
2363
4736
632
2618
3234
1805
8930
274
779
9656
4513
1233
6380
8743
795
9137
8480
799
471
1981
4631
8437
2540
620
913
8100
7770
9037
6454
2564
1852
4986
9629
9590
3438
3552
9584
5424
5873
4374
594
9708
6041
9080
4611
8723
9417
6473
6480
4582
7018
8814
1772
4104
5229
2812
8540
8730
8618
5113
8888
2027
5533
9587
9097
7743
3187
2909
9083
7061
5098
8422
7193
9177
3128
297
1204
6688
555
107
3689
9916
4891
1529
9499
5135
6132
9334
5200
1851
1120
4231
1283
9523
1994
6772
313
770
3975
2053
9283
607
5178
5797
4137
6935
965
9277
3863
1452
3014
7253
9022
3267
6841
2305
3093
9230
4077
96
7160
3227
4898
968
5356
3723
700
8713
4458
3428
6865
4963
4319
9613
7263
3271
4540
5691
7305
8381
5092
3470
2573
9333
8407
6931
9191
8676
8640
7812
7487
7876
6987
156
5807
2330
832
4843
1368
5197
3
9888
7171
4175
8008
8593
1568
2001
4505
613
348
5476
2718
4888
3564
3178
6729
7543
1354
7995
8782
3971
9904
4719
6923
4062
853
434
7001
