6603
4789
9863
1205
5138
9515
9998
5700
270
3966
2055
4420
146
535
2138
5274
1710
6112
8343
7785
9373
8415
913
9785
8636
4923
2196
4133
8418
4092
8691
2083
8875
4344
6907
3698
2978
6801
2206
8019
2898
4534
9219
1276
8684
715
6385
5012
9500
6080
3669
3848
8794
3861
8656
1519
8381
5504
8156
580
4245
5826
5527
3401
1547
3281
4516
928
6726
7670
2928
2459
8844
7600
6392
1895
1340
4337
225
3685
3813
3368
6443
3129
3147
5239
2683
1813
8435
9656
1889
4816
8173
406
9031
358
9536
6377
311
5740
5413
4210
9463
7643
1485
9624
4964
2307
4796
6442
8335
7514
3930
9827
6955
8936
158
3639
8230
7733
3214
7415
6203
4214
3074
8380
1827
4905
9938
1081
965
3572
9945
7716
6340
334
6912
3287
6898
2826
3831
9604
7684
2408
8995
354
4740
8291
1286
8933
4618
488
9772
1446
4842
48
1712
491
6181
3531
226
2215
4219
4230
6600
9850
1831
132
4753
4836
8600
9765
8780
8239
1564
7962
9379
6281
7021
685
6399
6758
9118
9801
1649
285
4626
7672
8152
9911
4849
5214
4546
5423
1164
7010
4632
291
1023
6509
4407
8483
353
3801
209
6893
5552
9125
8243
2992
4556
9019
762
5122
2542
3119
8024
7120
7083
7085
1309
2412
8932
9475
6012
2038
4493
5693
1368
6634
3524
3224
4293
4427
4327
4713
4604
9272
7301
2822
4044
1946
7149
2620
856
8168
4223
8250
2458
5079
5845
5506
1509
5072
6306
7340
5288
2674
4776
9355
3619
4336
1514
5335
7526
2971
6013
2248
5521
4346
1106
1868
2618
9143
6396
2107
4001
3824
3970
4522
9021
2655
5190
8619
5884
1597
3241
511
4059
6440
7282
6921
8785
355
9634
5439
5171
2473
5520
9124
4441
8043
7594
2538
245
5760
3898
5950
3103
8253
9388
8760
3168
5663
3146
7100
1408
3331
8757
5813
1906
9438
424
2236
7194
3550
8660
3908
498
9674
5057
5187
7779
2864
4430
7419
3888
460
5921
2142
2735
5098
3939
5597
7176
4991
3023
5461
2010
2912
5412
3671
3833
3267
4674
1960
9305
9707
8598
7168
448
4340
3184
4786
2417
375
8864
8649
4782
6060
5990
2980
8374
992
397
1581
531
8839
1647
7728
7872
4485
606
2582
3410
2519
4080
3408
4323
8362
9447
2570
9587
1197
4689
5775
1660
8802
5613
994
7104
1688
7259
4165
6152
3114
4499
6792
9423
9266
1313
85
1022
9539
6164
936
9229
5030
1410
7163
8366
2497
8375
8408
811
6614
4681
8968
4974
2609
5280
4459
8523
3461
5294
5235
4391
4372
7049
8695
4413
6653
1272
4221
626
824
6263
2042
1736
274
8000
5530
7365
4198
4118
67
7147
5907
1490
2551
2333
2178
8726
8451
4384
178
4660
7683
2546
29
7400
240
8797
4465
1427
2099
2901
8860
4120
5230
6078
5672
1199
4561
8987
3763
3249
5324
2309
767
3122
4687
4241
1638
5334
7231
161
1296
9270
187
712
1352
6339
7814
8966
3253
4863
2137
7444
5864
7776
6845
6757
3633
1477
4189
4500
572
4610
3847
4456
3811
506
4039
9396
3370
5534
6149
6606
1714
633
1185
4876
4551
2051
3062
3767
756
9507
3392
8477
9925
1054
9970
6644
3497
5598
8042
6150
3325
2500
475
6638
8285
5767
7456
5660
3853
2870
5614
2054
8883
7239
2439
7627
5708
6966
3467
5865
9010
2325
630
3213
5854
2635
3470
9249
5804
1441
4831
5068
4808
284
5133
579
2506
5518
4720
8830
8407
5991
5676
7849
915
9354
3482
9092
9710
2672
3054
1235
438
6327
5579
2645
703
1624
1777
5189
8327
6097
8091
3484
4948
6919
3171
8539
9022
1069
2878
4664
2768
1879
6589
4246
652
5211
2513
7448
1438
7369
6166
429
5838
8349
3760
4533
2799
5876
6113
7675
2780
1915
3622
2899
3191
461
6160
5832
1467
4978
1026
6870
8906
3590
4216
1887
6557
3555
5894
8402
649
5514
2802
4559
8831
9543
7822
801
5293
2444
5364
7705
6677
6240
1794
3680
2996
5087
4458
808
5755
7799
458
1283
844
3176
4982
9376
8958
7700
2204
7561
9618
7279
4802
9877
1018
3593
325
4535
2790
6106
1174
8127
6371
8980
1886
4147
1047
6560
8121
3427
428
5277
4176
9162
1672
5017
876
4523
377
8105
3309
1642
6891
8855
467
9148
2512
4653
2451
3387
5670
6803
8298
847
5982
2348
7734
497
2301
1139
28
9918
9241
3179
1984
8533
2135
4380
7633
8638
3626
7961
6128
8021
5339
528
5118
9633
4043
821
6074
2836
9483
3887
8213
1338
8809
7362
4993
5185
503
2583
5497
1411
1078
9155
9549
1098
4684
7778
7354
6995
5888
82
3807
3575
5860
9530
1847
3825
34
3926
6095
3198
8450
7983
2238
5451
3594
7848
9653
7230
8620
8850
413
2661
7309
365
4078
7218
6885
8798
3016
7759
2695
911
3638
9665
7969
835
1152
128
162
5823
2254
6394
1947
1401
6305
7412
6233
9927
1732
160
8927
8008
50
643
6070
8484
7403
3326
7821
17
388
2960
7449
4201
5077
3625
5039
5801
9132
7078
9012
450
9002
1442
5036
5754
1670
5983
9976
5463
7002
2997
1337
7251
7023
4823
5113
9647
8489
1180
7996
9849
2640
4115
9482
344
3166
1034
6157
1924
5869
5378
6328
3496
8735
2915
1663
7666
2283
4259
4365
9023
3270
5565
825
9114
3042
906
9104
4152
3357
985
9363
5331
6312
9005
331
7141
4369
4659
9443
634
5745
9341
8767
6348
3225
4881
4976
9820
4483
2420
7260
963
2006
2527
2100
2943
5131
5082
2778
8707
9071
7099
1976
8817
5269
6383
4050
3327
4358
2849
1323
5432
711
3002
8341
6714
8273
4087
123
9420
8682
2134
6279
9762
1764
6367
7908
1958
3649
9298
2040
9225
6710
4379
1504
2926
7290
9950
5973
7441
9343
2245
336
6974
5941
7066
1912
4600
7810
6643
9195
6956
3091
2118
3367
5309
6895
901
2469
4941
2053
249
5727
6925
2643
3546
6189
2154
7119
2648
6565
115
7506
6619
7794
1263
4512
2395
9045
8581
7025
4404
8182
6680
927
6062
5238
2813
6026
3239
9274
3493
2121
1786
843
4683
8663
6085
6503
987
1655
8317
286
8161
3770
8667
2003
7801
9412
5830
8106
7922
7968
3606
5856
1256
1834
8885
7538
1950
8101
1872
9893
8703
7745
9629
3095
7861
9317
6014
695
5936
8167
3798
2407
8011
1179
1773
2602
8437
9319
2977
5763
4652
1452
8065
5955
1604
9854
3483
7167
7541
222
4515
1330
7079
7930
3613
8135
150
9687
2111
414
5650
1110
6701
919
9424
641
1933
9134
2920
8287
9003
451
6513
8191
1664
9097
5933
8037
9996
9105
2848
6403
212
4076
4005
6120
8246
1923
1251
2675
2750
6777
2265
2660
4063
3712
6637
4601
4339
2947
9335
5934
6434
4665
49
8061
5643
2331
7706
505
2839
7747
9288
6776
5313
3206
3080
349
7588
395
7493
3397
4936
5484
8599
9959
4593
4205
6315
7081
7097
7056
9546
2552
4748
3455
5020
2222
3495
9575
3376
4435
4734
1826
7807
6007
482
9715
7713
6230
4009
2416
9221
9431
6192
7377
5560
4313
7752
6412
7225
2771
9831
734
3271
3554
1873
7660
3972
7722
5385
1908
8139
4891
7385
9181
3500
8145
2529
6750
5440
2275
8854
2558
2565
9001
5496
7784
4475
318
2593
3478
8217
3501
9929
5645
7626
195
2804
548
8769
8698
515
9826
9522
8957
4164
1321
2481
8445
7343
4299
4124
4409
2794
3328
6517
4454
5157
8487
4112
4615
7258
6268
7535
3601
5671
635
8365
7889
4530
2305
2727
1905
2979
5814
7808
6702
431
6425
109
6291
4343
3340
7495
1063
4554
5621
8508
8256
4939
3083
8111
8363
4858
7880
8560
2884
8122
215
5179
2015
9939
8621
3599
6897
492
9557
6865
9497
1072
8641
5016
3755
3308
1361
6707
8494
2835
3783
1445
3375
9514
5165
6162
3447
7692
6064
4630
8333
5994
6821
750
3903
1568
103
9880
5490
3576
3897
6640
7370
7473
7761
7773
8262
5634
145
7860
4717
3753
9681
6861
9009
3273
3773
4737
7876
5567
1656
2748
2632
3617
6338
9531
7374
9141
9242
7420
8890
6146
8956
6320
1797
3721
9323
6515
1194
1556
7042
8550
3664
6694
3637
6896
3946
5105
4777
7274
1398
2800
1620
587
7730
9322
5701
2291
5622
6968
210
6964
9993
7654
7890
3414
9568
1227
9817
7917
4768
8751
4434
1679
1692
8473
248
6965
7563
781
7123
1010
4890
4250
2274
7842
611
520
4041
4609
3145
2539
3989
9387
96
2994
3256
569
9374
3511
6058
9862
9236
6194
1897
1479
4688
642
1131
7885
8893
5533
8496
7305
6067
922
330
4192
8356
9677
294
1760
4809
4574
6431
6508
4619
4722
2787
1529
3522
5686
5811
6775
3396
1927
112
8389
4428
7612
3134
9523
3188
5201
5878
2612
4908
5379
5109
7813
6429
9199
2480
3839
3304
2467
5263
4635
860
5153
420
1151
6491
9299
9823
2797
5535
7351
916
2230
8866
2317
6658
1371
9381
1899
6235
9999
1451
4002
6824
3046
7667
4628
9214
9947
2535
8787
9596
5285
6959
504
8131
2495
4334
1796
6645
3534
3194
9646
9360
9733
3089
1587
7270
9577
6882
4143
2603
4915
1534
108
2591
1605
218
2065
2791
9552
7564
1450
5624
7972
21
2255
9053
4064
8299
5976
3504
5323
7121
5104
1965
4778
3886
4700
4925
5080
5140
9196
9840
6744
2922
8711
7470
9399
8848
4686
4825
3916
7518
9035
4447
1077
8763
1322
9882
6232
3738
3038
8097
9197
6127
5602
1524
4349
7424
3533
1508
9487
954
4021
2277
176
9994
9547
4218
1080
2347
1317
2122
2850
726
389
2151
8074
8110
3124
2779
2032
9306
1570
6612
6886
4375
710
252
5310
4704
7324
4017
5472
1196
2278
9290
2072
4476
4755
441
1210
314
9029
3523
6034
4318
2598
6993
9342
7714
5978
8185
5691
1125
9942
65
9107
6278
9449
1758
5341
6126
7348
8283
8590
2854
5661
6397
4149
1579
8001
1940
3822
5641
5694
5675
7973
6231
6198
1959
6155
8548
6836
3100
9671
8820
4478
1057
4013
1527
4966
6816
9268
70
5222
6261
8716
7286
4592
4860
4240
9790
2786
917
855
7229
6082
8444
763
2914
3081
6294
1254
7940
1505
3883
7318
76
1181
4769
2867
8522
4819
7206
1116
2573
1822
8559
2788
1953
6548
201
6156
1766
9837
3697
7378
1722
1463
8117
2909
7840
1824
7306
6575
6552
8923
577
6692
8935
1042
328
964
5446
4548
2437
6280
6461
1818
6699
8324
7161
2403
8975
4495
1303
6186
660
4702
7545
9833
1041
4669
386
1555
4597
8671
6890
313
5040
7657
3490
5047
6542
934
3001
2976
7073
3063
9716
729
907
9600
7033
5156
5076
3842
5250
5353
9422
440
8204
2097
4390
831
3204
832
613
7004
9660
7644
2964
6346
3672
5525
5509
3090
2145
26
1115
7965
206
2963
8762
2993
9778
7789
6624
7300
7050
3178
3733
8466
3373
6894
9000
5155
8575
9378
1685
8755
4661
7694
7800
7469
9146
5255
6688
427
4451
168
2694
2868
1738
1921
2634
3722
1496
8284
2669
6724
3677
8819
2052
9538
9789
8823
1242
683
3775
3911
405
5454
22
89
3565
1978
4079
5726
5015
4594
3361
2075
2477
6576
8732
9825
1576
1019
7416
9630
2611
8488
8305
7172
3610
6681
7457
7505
4204
1648
565
3102
9626
7316
9912
5410
199
560
1715
6441
7852
9934
5064
700
6764
5343
8505
9208
6270
9390
9747
6685
2306
6456
895
8943
5037
796
1048
8141
5749
9644
1385
8610
3453
4599
6949
6176
1962
9086
2240
8215
9759
7599
4261
3905
1284
9233
5750
6110
1066
2949
9210
894
3968
6316
2089
4489
6404
7135
9187
2763
8458
8228
3526
2375
661
9243
546
2871
1654
637
5251
1059
5325
2463
5314
439
7966
4207
8801
12
4668
2188
260
8193
154
7951
4172
6473
3779
4386
1117
6042
8068
2775
5601
1167
220
7245
8499
709
3491
2587
3033
4296
510
410
4266
2957
4735
5
7863
2217
3246
5085
1202
1809
1891
2751
5249
4657
1141
4847
1144
8646
1428
7098
4396
8536
8992
2229
8812
967
2726
9919
6848
4108
4871
4292
4571
5392
6319
6812
6551
1436
5059
4466
744
6045
8822
6759
5547
6480
4263
747
8521
8196
5360
8391
1090
8261
7371
9793
5665
3045
3053
5031
9418
6238
9032
4850
8807
5600
9623
2555
8147
4792
1804
7698
9235
3641
8566
9425
4278
4370
1255
7219
529
7606
1911
205
6746
6810
3208
4588
9836
3173
1176
1267
7557
7432
4693
674
1471
3448
2213
8289
6247
1575
326
7519
3914
2615
1013
7795
9752
4917
7676
7319
9726
8506
8614
5893
7491
1517
5519
7328
1435
8911
1079
2124
6862
5455
4443
5590
3851
1187
309
4236
8644
3820
4920
8884
2553
6970
8302
8281
871
8615
399
3549
791
1281
759
6256
228
4586
7345
8395
5887
4448
7116
839
1140
8856
4314
5088
6415
2115
4105
1588
1506
6857
3896
3417
234
5571
6295
3981
2025
265
8211
3248
1062
3221
1929
5646
1168
6537
8039
9248
5023
6494
7389
7510
6889
62
869
8033
6104
3323
9691
4835
3690
4423
7516
6037
8109
725
7502
3212
4827
3223
7537
864
3337
7791
3662
6607
5920
2875
4399
9428
4526
6217
6242
227
3726
7355
5198
8789
1626
3536
7160
5441
6182
5685
7650
2858
9440
9442
394
8547
418
3941
8891
561
609
3035
7621
9300
9318
1515
8637
2537
393
8086
9304
8025
6630
1280
990
8910
4572
9301
1122
7649
3437
5009
1904
5834
2629
7131
2445
9525
9932
9972
1243
7797
8551
6941
3258
362
672
5405
255
1213
7631
7673
9555
4134
432
5583
8623
1046
9666
3510
3684
2575
3333
826
8150
7712
6926
716
2923
1058
2297
8124
6618
9946
2281
6368
3101
6143
1324
8697
9930
9400
4611
6183
7034
6742
7682
2644
10
5067
9321
9965
3379
9804
3894
8376
7531
7906
4894
6137
1143
7391
4616
6704
8002
6972
2234
5880
9971
6928
5032
4714
341
1218
214
2811
7984
1883
9503
6195
2646
7515
6868
5575
6833
2757
5006
5993
1088
9393
8120
1154
9678
6452
2056
920
1318
6011
32
1232
7055
5073
3255
5303
1124
446
6989
9260
9590
1259
7817
5487
4950
7871
7575
2906
2847
8276
5267
9401
9953
7947
6175
6056
2610
7011
4283
3756
7292
6483
650
9206
6458
9291
3877
1372
4838
2324
3607
9085
6493
1690
1040
8412
5859
7210
2944
7792
1936
728
3592
7080
9859
5421
5354
186
6131
7007
469
972
9344
7571
8524
4783
6675
8742
1422
4470
9799
4607
9237
4560
5704
3891
4049
8908
2450
2315
1278
1495
887
99
7398
8456
502
1612
6296
2012
9293
2493
8719
5449
4195
4882
7893
3604
7016
1840
6390
7192
7530
9832
5548
1795
5362
3788
3794
9065
8404
3052
6544
2833
9521
4767
1165
8919
2505
5428
7638
5595
5117
1739
2952
2471
3139
3670
9975
1085
7632
7479
1774
4724
3876
9655
4442
2567
5261
137
8898
277
1039
5194
9082
1635
6947
4239
7094
9415
9775
3747
81
369
7438
1316
8545
3272
564
5979
3109
6028
3237
9944
9592
3720
7115
5681
5618
7602
7586
4736
177
4716
4645
4304
9315
3429
6221
3451
2388
6435
3126
1589
8241
4168
1206
4377
3952
7427
3182
4440
9142
1910
1362
5345
6185
6905
921
9545
4154
628
5019
6276
1009
3058
3289
5872
2190
8277
196
1820
7507
4745
4173
9636
7527
6983
5384
7130
6148
1301
3170
6133
3475
576
6656
7924
5411
4729
2588
595
6982
8330
2785
9516
5452
7748
4418
7896
1024
4166
2744
9328
4539
5312
3250
9966
5839
6584
7926
2133
6484
1092
2762
3893
6623
5539
2518
6866
4321
2600
5861
5717
1865
9016
6572
5578
4806
3781
7829
4750
6525
2827
4521
861
8433
9571
5459
8642
5850
9599
8044
4627
8846
9453
5678
5586
8976
2370
4237
941
3137
2937
2707
60
4531
1190
5089
6661
2373
1863
6406
3921
7604
8578
1549
3009
6689
5741
4995
2557
8686
5437
5108
6451
4961
2355
813
6535
1633
6733
5381
8916
8130
6871
4169
174
1457
6534
4646
7525
5178
6937
8710
2405
1734
2852
185
8179
6976
8886
9245
5232
1941
1291
2838
8796
886
8057
545
6003
4481
3732
6703
9095
5444
9254
859
8717
2017
1740
7344
9910
9034
6134
8003
7464
5407
4892
3860
8679
1482
72
3710
3578
3542
8089
2872
5475
8386
8806
3442
6311
5095
6122
5420
4117
1631
8274
1611
7932
7039
4826
1096
2819
7200
1562
8862
8765
1184
4544
6174
8606
6077
3557
9212
5305
3167
4907
483
8895
7796
5258
8775
2745
6751
7767
3321
221
8399
8518
8770
4899
4503
676
4057
8889
457
4046
7934
2024
6826
7075
1111
1952
2985
3144
6538
8464
3151
269
8112
1008
9743
4477
2387
6798
2479
6999
9628
2846
9951
251
7118
1375
2406
8225
484
3858
6168
6954
2698
1250
124
851
2930
7598
9173
8570
8178
6140
2667
1767
9464
3228
3975
258
614
7976
1636
5041
9451
7408
3519
2457
1537
7384
3962
4158
1262
340
2961
1127
1214
7184
472
3386
3034
1302
5558
6099
792
7597
730
1676
436
4480
6790
5298
9896
8498
1366
8674
2287
2741
9876
8989
1755
4820
9917
7288
6246
9201
9056
858
1975
1155
9916
8793
7088
1723
3562
6940
5142
5474
5952
2085
1480
7828
1367
8475
5960
9282
5225
4606
3338
2409
5508
1825
3743
1470
3039
95
3399
6527
627
8520
8031
2156
9238
8836
2250
7393
6205
254
2970
3158
6017
867
9081
9310
7006
6880
846
7105
7396
6651
883
3383
2418
6782
4817
8163
8242
2649
3060
3084
3739
6179
6407
8655
760
7060
1360
2256
9115
6655
4620
8826
5679
66
2514
2663
8396
6347
8863
7936
2625
7937
3902
6910
8103
9556
2764
4324
98
4781
2129
9709
3441
1733
5731
3567
8411
4193
7732
5482
9099
5954
8950
6293
3809
8026
5642
7314
4621
631
1948
3454
4640
8782
3904
2185
1511
6754
6705
2734
7058
7127
3202
7766
5757
997
6213
78
1192
2654
3668
594
3424
3051
9103
2195
5702
8986
105
3945
2066
5149
6847
6507
1769
7177
9898
1029
2556
9246
9351
5584
1571
7907
1726
1522
8580
600
8414
5292
3800
7738
563
4294
9215
7217
2749
5291
4014
4972
6944
1698
3728
2023
1684
2755
4810
581
3983
9844
5246
4033
9439
2476
3257
9933
1854
2559
9158
2999
3498
4291
5568
5956
2917
1146
1930
3407
5841
6608
6582
499
9979
4861
383
8181
7211
1718
3852
2828
8014
4912
679
1615
4525
5572
16
7148
3703
6635
9226
1974
2045
3438
4035
7263
2487
7702
5881
1542
5507
371
4389
4582
2865
7572
4803
555
1902
5374
8047
6851
557
8832
7833
2159
4184
1497
3082
9662
1671
6437
7433
5248
8748
3183
6854
7520
7107
3716
4733
3462
192
4888
3236
9713
6805
5559
870
3130
4851
1983
189
9411
5022
5013
3200
5516
6588
1759
4682
2803
8538
517
9416
3030
5467
8468
5962
5350
433
1060
946
9116
4066
7346
782
8062
166
64
2815
8186
9222
1395
3187
2367
5967
1145
8635
3892
9259
8554
6721
2571
8095
4024
9669
9485
6108
7494
4581
5081
5925
6222
2095
169
5690
5218
387
1945
5260
8509
2352
3371
3547
8766
780
1896
8630
8587
6597
9579
4457
8952
2689
8058
7405
464
7404
603
9088
8814
9902
5488
4532
9338
6859
5957
4608
1499
2737
56
6282
3837
1789
7465
7838
7366
9839
3365
9052
8465
7533
9413
1093
9049
574
7038
9815
7084
9528
1852
4450
616
5402
9347
9940
3464
9732
5768
2362
9269
9858
2128
8022
3363
910
5543
4926
7065
5627
1020
4893
6202
2630
6423
9694
1823
7289
1229
3838
7909
2515
5158
2344
6561
7726
4821
6875
4844
9112
5905
8870
8251
6666
9960
1686
9370
6594
7658
2061
7536
3404
172
8544
7914
1050
549
2350
4517
7158
6822
9576
3005
5939
6187
2696
2532
1264
6290
1138
9688
1407
3971
5489
8816
6223
6929
1468
3987
8734
6300
4715
8664
4138
179
6065
5025
5180
7508
7919
1810
5329
9846
4746
6251
3539
9558
7823
2792
3215
2413
625
5273
8666
9843
5208
9460
3782
4883
7129
9454
7445
7998
9730
3420
5282
4307
5275
9884
1370
708
478
2102
1067
2171
3343
2670
7268
6632
1073
3378
6241
842
932
9265
2722
3646
7462
8016
5090
9535
3180
9128
9729
516
253
6361
7719
6596
3956
6417
6781
8162
400
6475
5895
3935
9718
3286
9811
4123
4868
2817
7113
9251
2796
7399
2641
7618
35
6450
3890
6135
7101
3120
3013
6796
4094
465
3841
308
7036
1617
5188
526
3421
2295
9611
8690
701
573
2276
7339
7521
7276
7022
1440
3997
5026
8372
1793
6762
1252
7321
4228
9382
8504
342
8314
2893
9649
1745
2577
9403
8175
9480
3950
6068
3600
6200
1814
3216
3741
8617
86
5816
4003
3514
244
980
4703
4504
3459
1830
1217
8247
2448
2182
368
9309
1546
2959
9038
2911
4310
2296
5231
1161
7125
8254
8071
8165
4373
1536
9645
783
5029
6439
3583
3602
7136
4854
3705
3199
6076
7762
2353
5931
6244
7665
2677
1954
9073
9968
1160
7532
618
7299
1735
2859
830
9533
1578
4288
3279
6641
806
7360
5328
1798
6789
1458
7212
2948
6386
2853
794
3771
8668
7471
7447
1816
3037
1245
4197
749
6920
7486
5764
5182
7476
6100
9292
2921
1653
2860
5470
4691
3875
7024
1075
5099
6838
3186
9496
8472
3433
2900
6593
4651
7704
1727
9040
5244
1285
9037
5977
5284
6376
2336
819
6020
7350
3339
6825
2919
6770
7892
6170
3284
2782
583
5209
4249
2561
8159
8873
3632
7628
8626
327
2934
1293
5159
6330
9742
6657
9469
1390
5903
4830
1956
7383
5053
9493
5427
8092
9061
9261
9639
7802
6471
7428
8288
3155
1279
3645
4077
4129
6916
3814
4097
2257
5398
2721
2896
9591
9211
9798
9433
7663
4933
2226
6329
4928
6363
2393
2855
891
9028
9727
2465
3322
8970
7392
5464
849
7421
9184
7945
452
4829
1544
1198
4719
4747
4862
134
7902
8549
4025
8194
9749
4643
7617
677
1153
995
4922
1667
4679
6352
1487
7912
5725
1416
1687
6745
4983
2429
6901
4930
8841
7659
6350
1683
5963
5958
3460
541
6283
3108
2464
1842
5836
7760
9353
2869
2223
619
4678
1596
4903
5653
1223
6325
9203
378
8357
7989
6909
5782
947
1681
7540
2883
3163
3761
8426
1295
9014
7595
9888
4446
97
6555
7898
7875
9869
3652
3925
9692
6902
9017
5363
7501
1846
6774
232
4156
7478
2681
777
9701
1540
7944
558
8990
5483
7894
3402
6843
623
1646
2517
3774
3335
8752
2810
7190
1582
2394
4904
1520
4721
4177
6271
3678
7054
6514
5733
6481
629
8219
8249
9191
9904
8049
8482
3488
2369
6207
897
5819
8378
3980
8810
9781
5438
949
836
2470
8460
3019
8462
8227
8029
1856
1037
9625
45
6297
7995
5106
8102
3936
5591
4153
2060
9787
4416
5911
3568
3057
3795
8052
2270
4843
5900
4841
6683
958
8338
7458
9744
6855
7376
8232
9030
1389
6915
5513
779
3805
4822
2516
1878
8108
7590
8367
4196
486
7903
8542
1841
2114
8255
3667
6351
9188
7581
4051
2364
1838
3986
9900
403
8006
8849
2282
2285
1244
5024
8377
4387
1782
7707
7238
5287
4507
5162
1869
4031
3724
4565
4382
3423
4213
4170
9963
9398
6210
5818
5371
6413
8512
9872
5640
1951
4412
7735
5596
6124
1870
4099
9651
9046
9967
8066
9109
4663
7865
3912
8714
5051
4472
2607
8776
2664
3666
8534
5465
3650
8979
7854
9955
5065
1400
9228
5462
4542
69
3695
202
1977
1610
4884
4438
4244
2624
6206
7440
2446
6252
6549
5376
5751
8871
3910
8629
5842
1461
7567
4573
5738
8279
5477
5415
2399
5175
8387
9133
435
7248
3713
2967
4751
9895
6829
983
9580
2662
5409
4538
5654
5810
9534
6459
6023
3330
745
3446
5391
1621
8421
5805
1462
2330
9051
6159
7035
7475
7064
4675
5715
2626
5544
5904
9090
6849
2144
1163
2279
8887
164
3098
7361
8546
2189
5326
6372
2759
5639
5947
4445
8779
6040
4034
784
5551
3706
1591
9524
236
8177
1015
4185
4677
7957
8892
3288
3388
9008
1532
5635
6841
7401
736
4685
7143
5252
875
5115
4564
6079
9650
2063
3242
9479
5769
2774
6220
3099
8077
1208
7689
6625
9586
8924
4000
1737
6991
5698
126
7000
30
9995
1599
938
7927
3027
6820
320
9949
3682
3881
7367
5056
2988
1652
1447
9573
4350
8616
7402
6465
1239
7804
2798
8207
2918
3295
9659
7954
5147
1803
3486
1964
391
9367
1882
3772
9978
737
5897
7986
8692
6784
9070
3506
6858
9774
8540
1006
2037
4150
2266
7834
5424
1800
2990
3700
3948
3917
8651
6163
474
8471
8355
3932
1036
1502
6165
3553
7226
3988
2261
8270
8368
9130
5119
2193
3543
1533
3836
9006
4568
4603
7990
3128
3297
9690
5790
2427
5825
5965
884
357
8202
3418
9814
5840
2637
7338
6946
8677
1507
1968
7611
8210
346
8669
669
1172
1569
2756
6559
1494
9754
4709
7074
4452
7236
6647
8190
2902
3164
9405
5234
7978
9881
5501
1791
9136
8738
1474
9567
7696
3220
2318
4712
1510
4444
547
7182
9723
2380
9452
4089
8557
8634
7636
6747
2326
7164
4788
5662
8821
6310
8944
5044
882
3275
9140
9007
5337
2262
4020
4650
7077
3113
4585
1531
9673
5851
6
7045
5499
2436
9739
4641
9234
2705
9194
7746
1211
4960
4764
1971
2547
974
6687
6169
223
7287
617
1528
834
4320
2904
6492
3293
7587
7742
8928
8556
7960
4787
1554
4577
8342
5348
3050
8773
957
1049
6476
7921
9364
3581
120
4780
190
7596
3865
6671
4464
5357
1884
5245
8184
3709
4901
8393
8267
2982
9084
4419
1885
4417
6141
3385
1849
2243
6646
7397
3544
5050
3996
7584
8771
1697
1083
5746
8085
9074
2783
5607
4947
5611
5739
5659
7899
5517
9589
1890
8918
9952
6807
1249
1454
615
4167
9773
7387
7668
2316
7068
902
122
6529
2773
8206
5747
398
9751
1175
933
5970
1380
312
9693
9983
3349
8166
6799
1916
5649
690
2877
8180
6650
9792
8704
9307
733
6249
3845
8611
5308
3022
271
885
4421
2088
770
6914
6574
7417
4824
2522
1630
5491
2415
4151
6144
1386
295
4859
5573
612
6521
5942
4790
774
6253
909
8516
7156
9504
1201
2084
7640
7087
8582
6375
2595
2332
4962
4482
9864
7573
6853
4909
7261
5368
7551
4656
2682
4498
4989
7991
8960
2365
9435
9232
3612
5917
3406
4629
513
8431
6611
8921
1787
9356
8050
9563
6963
9851
9165
4697
9922
2491
13
2342
3290
9027
2652
8722
9369
1530
6727
5549
3951
9676
7297
2231
9063
6446
8100
6196
8795
470
6887
8240
1788
757
7382
8446
680
5918
982
6229
6629
9570
3048
4141
5042
495
761
8510
6387
2954
9830
6072
9583
3744
8427
7347
5430
8143
1413
2064
5718
2991
2732
1990
5289
7015
2058
2974
416
9336
668
1850
9499
5137
4929
1358
2093
4738
2619
3569
6004
852
4217
7026
7012
5986
5486
8905
1894
7929
3810
2592
7942
9682
301
5135
4315
5883
4558
1602
4383
147
4453
8781
7851
8991
5127
3141
9891
524
4367
5752
3121
4760
8685
1374
182
3499
6421
8187
9517
1147
5046
1675
6939
1032
7209
9802
9582
8312
2180
1689
7548
211
170
9883
5929
5680
3630
5174
4016
9329
7275
9819
7157
352
8673
8348
1334
4251
7592
6335
5197
7262
2761
5909
3734
2105
2020
6239
4053
5964
599
2892
3329
2704
7740
5163
2400
9218
299
3411
2533
6309
2767
2712
3262
3889
1619
6769
7322
8658
9794
9637
6795
3384
9512
4992
9829
1425
7622
6520
5139
4085
6740
746
850
2036
8137
2311
6938
363
8032
5969
7680
9476
8354
9145
2219
662
5734
4264
5532
2830
5744
2753
7933
7512
924
6343
9263
7544
6381
1209
5808
1658
6621
8528
321
7895
6587
1397
3391
8985
4267
7562
7357
8654
3452
4183
2116
3131
1274
2572
8441
4940
4287
300
7146
6389
2482
2212
3537
1877
118
8321
7304
4284
3395
3389
7977
4162
5554
3955
3620
239
7623
8537
3640
4726
149
7662
3149
4326
8876
8688
3347
4662
9078
5074
3480
9468
2829
5028
3895
1585
2323
5609
8938
6345
2897
2503
9190
2955
9755
925
4528
4330
3577
8434
8718
4519
304
6844
8170
5620
5254
3790
4744
3967
5697
7674
4580
2091
7187
5912
8894
7422
3282
279
9783
1216
7333
9121
1464
5696
1717
4093
6990
6556
237
868
2220
9445
7888
5389
9174
2343
7615
4955
586
2490
7453
4774
6116
8397
5940
7724
7522
9956
8205
3047
1383
7364
9776
3115
4756
7031
9841
9404
5783
7308
9605
4543
4015
5297
4846
5399
5835
4030
7593
9385
6121
5164
654
417
2392
8541
8829
5605
159
2303
9559
5193
4699
2433
7868
2690
8160
6654
4103
1003
9824
2021
7718
8293
3979
7620
3624
1541
8233
9087
6571
4680
92
8447
6609
6073
2425
7853
798
2183
4279
9588
3954
4866
2983
7579
3564
4896
4968
8164
8597
1466
4325
9213
2739
723
8223
3292
6952
893
9486
2908
4853
1269
4927
6567
7138
8463
3878
3759
4828
5730
7317
2714
956
2945
8576
5569
6036
9654
8594
5896
4727
7072
6498
3984
5849
2924
4280
9835
4570
2925
8129
6590
7032
4272
6050
292
2272
1523
8828
8909
4805
3938
9724
914
3157
9554
8676
3006
9921
9285
3138
4271
2719
7513
8295
9562
9277
3885
4188
93
4312
1068
704
1074
3784
5999
5395
9607
5183
7216
8696
3923
5562
6877
3803
3071
4879
772
4494
2177
3382
1159
9224
4200
7583
5132
4180
5526
5403
9560
7467
1898
3789
899
4642
8067
8358
3123
4631
8442
5779
9457
5386
8359
2895
2821
696
4224
6098
720
5529
1448
9220
4749
7431
4506
80
879
2030
1409
8612
6540
3614
3942
514
2728
3843
9663
2530
264
3642
8535
5377
2117
3816
3978
6783
3731
6568
3494
5585
4096
4946
6089
188
1673
4898
3992
5980
1107
8708
7946
2687
6967
3725
3711
3132
5871
5191
9684
4986
3366
3922
5542
2401
9330
8076
4987
1449
841
4289
978
717
6766
3792
5110
1985
5626
3234
2098
3579
5493
7335
2422
2356
9135
6115
5120
4411
9855
4563
6117
1387
566
7679
3517
4541
8146
3096
6356
4209
7388
423
287
5987
1061
3540
1651
6979
6299
3977
9156
1149
8453
4355
7191
6436
9909
6961
7174
8034
1105
1982
675
2357
5107
7744
9920
8245
4957
4902
7284
9828
9540
4171
7122
9337
6900
8429
1756
1086
7332
8529
3457
571
8244
9868
2816
1866
9402
6191
7818
6369
6051
804
4550
8902
1731
6696
6800
512
3900
7496
828
7777
9780
8439
8090
7451
100
6123
9120
9434
3854
3742
1935
2995
5996
2986
6528
3205
4935
3229
1114
2666
7867
6469
3436
3648
5319
8258
9796
6049
1641
818
2354
8423
7798
663
4371
8996
6659
589
9407
5771
829
5286
9943
307
8360
3341
6626
437
3156
262
8155
8940
356
1051
7925
6797
8584
5587
1593
8912
1099
2164
6008
9719
4839
7910
4191
7356
9043
3471
3468
5453
5582
1268
9089
2090
534
698
4562
2329
2526
2361
8388
1864
3844
7196
5172
3696
238
1989
9264
1750
235
1195
1835
8675
6093
9048
2192
7132
4999
38
4540
9278
3332
6248
3276
3319
83
1622
624
632
5628
6209
1095
8398
9617
673
8803
9537
2876
3015
1373
8811
666
7639
8907
5773
1981
9767
3070
7971
6686
1166
7858
8236
7040
1359
4414
2777
7171
9808
180
8010
9981
1030
6273
1031
8075
5772
52
2087
9870
7124
9619
8438
1867
2613
5617
9429
1364
4967
8020
3993
5226
4545
8060
280
7244
3623
5902
3066
9915
1258
8491
7425
3605
7001
8813
9675
1627
9137
5373
3804
6878
694
6573
7142
6693
735
7128
5766
6373
5992
4877
6103
5604
2760
9565
2086
4985
2268
8729
7250
6462
3354
7375
971
6081
8851
1991
8080
7824
5078
477
3377
5807
7642
1900
8416
9352
8
5692
8973
5926
8888
3465
5436
3661
6478
1331
6250
8385
3153
7948
9076
5383
8745
3374
2842
4508
4864
8805
2586
25
5847
4487
5981
3597
687
4814
2376
4784
7847
4110
8023
2153
3247
3777
8618
1392
42
9472
9168
9696
4997
3190
2936
7349
9652
6771
75
6558
4027
2374
1807
4393
9039
3394
298
6275
4308
6419
2225
2566
900
1007
1645
4405
7882
2642
4916
4142
2574
8514
5083
4872
3159
7008
3635
562
6660
9062
2701
373
7686
6024
6084
8845
4333
2147
7669
9357
5167
888
5689
9686
2094
5447
7616
3450
7691
5975
7463
9702
2651
1592
3518
4131
2730
5000
9185
2258
5494
2511
3409
5195
4136
9885
6453
7793
6739
4058
3834
7186
2856
1246
9473
5224
2335
4971
9648
5173
9856
3758
9216
5511
7439
3000
4425
7450
1500
3535
3207
8328
8903
7578
4889
3643
3693
944
2173
9437
6102
3110
9117
8971
8937
4692
2766
2656
8652
6321
2076
481
5786
3428
5005
5112
5797
3907
329
1801
4557
5713
4875
6917
9511
9348
303
646
141
4975
2638
3154
104
2823
8705
9763
9886
8459
297
4591
8457
2548
9991
6950
5227
347
8865
9271
3901
51
2449
9683
7281
9760
4807
3352
385
6846
9489
257
5388
7782
2881
4833
3360
1420
9152
2110
8192
9706
6460
9474
6147
322
4128
1310
5510
2697
267
7664
6518
8490
6553
7423
8977
3797
366
1311
6033
5096
8297
3118
1857
9189
229
1851
5889
795
1169
8929
4518
1082
7205
4502
7459
4490
8118
9897
7523
5787
7133
8259
1345
7255
8371
1998
5143
6794
3177
111
2453
5667
1396
9845
3808
8624
7139
6863
7221
3940
140
4671
5630
9079
4520
9202
7112
7057
7041
3924
5711
4739
434
6374
7569
8978
9957
1548
476
518
4732
6463
7498
2267
8469
2474
3280
8443
960
117
7685
8307
3415
908
6808
5320
496
4398
3148
4071
2203
2150
2419
7504
1657
6224
6545
8306
8474
1399
896
2485
3647
3265
5204
4144
9797
4392
4311
8999
6516
2584
43
9699
8353
8059
3882
4706
5408
7624
7560
4252
272
1992
1608
2062
421
2293
6839
7607
2882
8901
2050
6237
2048
9377
1909
7051
8300
8747
6287
727
6409
8235
6531
18
800
5503
8309
8413
1434
8113
1012
3362
2536
7856
2793
8565
4501
5553
8622
7152
338
9484
3503
9768
4951
653
6016
8571
6835
3840
4026
384
2564
9541
4728
3884
7013
7062
656
988
494
6682
8589
7179
7943
3529
4008
1240
5306
3093
3528
2614
3676
1551
4086
575
3969
6815
9471
6444
7183
4181
5351
8878
1000
752
2716
7869
4140
9771
7252
8628
9350
7189
7454
9057
3245
4270
46
2483
4229
5121
6899
8754
8728
2562
789
1282
1844
1572
1109
5971
2292
7819
1539
4743
3736
4666
1101
361
9383
1881
3211
7546
4845
4174
7213
2435
2676
6354
2824
9621
3261
8926
6586
4837
1640
9779
6674
5951
2679
6225
5394
9230
2428
6499
5800
8142
7426
6628
5390
892
8214
2410
2345
9058
9795
7162
6292
739
6832
2781
7257
6219
4429
8994
3655
7975
165
5103
1728
1918
2200
2328
381
5699
2837
5879
7758
7492
1292
7197
2579
2360
4211
8739
6353
7901
9878
6698
6546
5972
7743
8607
1329
4335
8842
6818
9973
6029
4341
7154
5344
9738
8212
4996
9988
8896
6487
981
8920
4238
5550
5492
3899
4233
3233
3723
7096
74
5867
6088
8897
7247
2742
7254
6837
7769
2000
3476
4182
4054
6212
6622
2653
3238
7110
5906
8369
7490
973
5648
9941
5160
5658
2165
2181
2498
5716
802
6511
9345
3041
9873
8218
1001
219
3359
9461
5021
8922
7395
1811
3995
1874
2700
4290
1931
1616
5531
1270
3028
854
7566
4638
7883
8941
3965
4122
3548
568
8115
2765
1104
9324
9101
940
8430
4410
1225
1501
7850
1353
4793
1183
9171
2452
2140
8203
5615
5300
2524
3072
9371
6834
4116
4029
1121
1350
1552
5422
3615
793
9712
2886
7753
8662
63
4513
8687
2843
1351
857
6697
6736
8715
5792
1472
4018
7554
948
6336
1669
9295
6414
5732
6030
1113
5855
1708
1200
6105
689
540
4038
5301
8125
4114
9861
7678
1091
7656
4511
4763
9548
6716
6172
4317
6672
1349
3161
9853
5651
7963
9603
771
6998
4880
5480
131
1333
766
1005
5574
9561
6109
2198
8063
9455
4981
7372
8138
2039
1888
8018
4011
5476
9333
5434
143
3585
1277
4918
5528
1917
807
3991
8405
1986
148
8838
1839
8154
5014
6817
1713
2461
4906
9149
6485
2382
4492
4969
6753
9736
1354
79
8296
930
8661
233
4895
8904
5321
1298
1126
8332
4589
7277
7832
9042
5705
6438
2834
1
998
2484
463
7336
4977
6018
3314
5827
7634
1178
7407
3821
6227
2191
7756
4919
9362
9578
903
6840
1771
8725
2601
9459
4770
8530
1829
7126
3699
1639
4486
9756
33
536
4463
1754
9914
5937
9786
1347
6773
1459
8543
2658
3243
1403
7681
2209
9584
9450
6422
608
5219
809
6301
54
1892
1271
7881
8320
1819
5346
6266
2845
6136
1453
4067
7749
5316
2103
9821
1320
6627
1418
1806
8478
4040
382
3906
7291
2754
1325
2160
8340
667
9283
8639
5498
5866
9409
8268
5673
24
9770
3434
6883
3718
153
8746
2341
6448
2260
7938
2339
6713
6022
2197
8939
5815
1342
9119
9735
2938
8278
1460
8350
7067
5125
468
3776
6044
3874
2302
8631
7915
8731
6872
3618
597
3143
4647
2549
8759
5479
2205
2939
5924
4718
4797
8678
2214
699
6728
2423
5820
8409
3064
3746
769
8201
2327
8322
1021
4276
5330
3004
5302
3260
6665
9931
3430
5253
7952
5636
9490
521
7214
5885
1792
4098
5789
5625
5469
8422
3651
9498
4583
6717
7394
9436
8486
833
1312
7737
1659
6738
9924
8601
3398
722
3827
3087
6184
2167
8653
4773
5545
283
9182
1744
8318
8503
7739
3871
684
246
2699
3316
4248
741
6780
4060
8370
8275
1193
6096
1944
5212
9667
7864
5664
9614
803
9297
2486
9198
4364
3487
5134
4010
6302
9782
5953
8188
2605
1483
1356
1432
2680
2507
2033
7913
9964
1043
5592
1790
4897
8053
2715
1203
1707
787
601
8479
7967
7731
3707
3285
106
9750
7452
7198
9312
9018
8361
4203
5035
4867
1414
6332
1045
2334
447
8455
3515
1357
9812
1843
8329
5203
8107
8015
6298
3513
3061
7342
9080
9172
4368
3580
5737
5311
183
3674
5709
3393
6027
4074
8151
5778
5577
8998
4644
1016
2161
3165
931
1590
3692
9574
9108
7484
1224
9807
2402
2456
6101
2692
1678
6765
8824
4234
8485
7570
6986
5236
8048
9397
7677
4301
3864
4484
2273
5069
1994
350
3719
1901
3007
4061
9985
3312
5242
5930
9466
2249
9093
4639
3960
9838
2840
3812
500
2508
8593
1785
4667
4956
3413
1346
8778
2359
8709
9606
8934
1545
815
8604
7717
4617
8868
2158
5919
9331
4356
2903
23
110
6288
8513
7294
1720
6712
9923
6550
3786
323
9777
6592
7509
3210
6831
3136
5828
7368
935
9680
7269
4199
7630
3609
3530
2636
2818
6667
8605
8946
5002
9280
7243
2492
2383
9020
5946
8493
3008
2199
9704
1513
1859
4433
6569
1634
7770
2338
2504
3934
8861
714
7215
1402
4104
2606
837
4091
8260
2941
3520
1730
2509
4345
379
2844
4848
1226
1137
4471
3538
6957
7280
9015
9419
9717
5458
7030
881
5576
866
5129
3527
9703
7430
6260
396
8158
4113
9366
8744
2972
1980
6201
3251
1327
6472
5687
8051
5593
3869
3105
578
7629
2647
9275
3125
3584
5332
1662
6447
6602
1561
2224
6341
6814
7271
3403
2585
3999
1248
8054
3862
9813
6969
7939
7003
8334
1817
644
3020
9722
7741
4232
705
532
3344
820
5154
425
3752
878
2510
5062
5561
6308
926
4624
6512
3079
2789
8727
6760
4277
197
2563
5315
6663
7729
5523
8304
2442
8070
4979
207
6154
3806
2929
5989
2857
7820
3818
2029
8712
3026
7353
3764
41
7293
6867
3949
3112
6903
5821
7455
175
8248
3931
9060
8417
1097
40
590
8750
2035
7610
1191
9094
2152
942
3654
3757
3502
2126
4285
5481
3169
1997
305
6931
5657
3868
7955
3974
1979
5500
3644
2028
8319
4415
7302
2989
2825
1071
5169
732
2308
7877
3201
1876
4366
4795
36
1694
5146
4707
8237
9761
2386
9186
1388
8352
5870
7790
8857
9508
4360
319
764
1972
8648
157
317
8449
5256
3560
6778
1808
5799
7323
404
9024
7699
8967
7708
6734
8140
582
261
7242
7435
4125
0
955
8344
1136
6359
4761
6286
5141
4100
5831
9764
5505
7235
8553
2071
9506
6071
8432
4351
8383
3943
7018
6043
9144
3787
8959
1148
8081
9977
9974
6218
415
8082
2424
7153
5890
8953
7993
923
7466
9332
753
3473
8046
5961
3018
1643
519
8238
976
552
7844
8694
1938
5075
6139
5414
8148
1339
6486
8640
7827
6547
3826
1833
1391
542
6408
462
3390
1404
8569
7723
8730
7483
7140
7414
5938
2202
1188
3278
8701
6510
6318
1563
9731
3196
4268
1299
9122
263
678
7307
1966
8028
1573
9395
487
7904
2127
8562
4107
1583
5877
5784
9320
7155
4857
1987
2216
8290
9989
8083
4083
8672
5233
8783
9711
2951
1084
8198
1157
5271
6388
5128
8613
7552
5795
3189
9025
4924
7063
655
275
8737
1680
4555
8208
8961
605
4973
7173
1335
4634
6066
5011
1821
2806
4921
8331
7613
6153
152
1815
8114
5295
6873
1920
5356
527
3791
4598
7442
7935
1002
6563
7446
5217
1132
1861
5793
7781
3311
2073
697
4943
8448
3466
8073
3727
1207
5418
4949
5743
9871
6418
2404
952
9982
7093
989
8069
2673
9550
4298
5914
5429
9492
765
8777
4295
7826
1112
1628
2494
8585
8519
4354
2239
8693
7835
8900
9157
6032
7061
4449
2808
73
8221
2863
8818
2384
4406
8825
5359
7437
5581
9192
8220
6978
7775
2186
8419
7418
1315
3235
2113
5780
5594
5656
8263
2077
8093
853
8925
6804
6092
6495
2544
5502
6864
8633
758
5396
9169
2414
7185
4566
9658
9698
3835
2686
3133
3702
3318
8323
1574
5199
7312
9569
5166
5949
8346
4488
9394
4056
1783
5998
1512
3927
7941
2069
1355
6502
7117
3953
7413
640
4496
9204
6211
6178
2916
6977
5054
7911
5145
3745
181
7529
8009
8608
1033
2109
4190
7695
9102
7528
8379
256
9494
1273
9894
7180
3778
4243
4942
4102
1650
2617
8603
4305
7111
3291
9302
1393
1518
3160
4256
2218
8563
8827
9800
3307
6988
7027
77
686
5707
2155
278
8962
2304
1721
9627
7443
6307
5207
1516
9430
390
3298
8645
119
1384
8643
6992
1637
3014
4363
5945
1577
6526
5720
3092
5512
2441
5361
2237
2131
5372
5380
4467
6856
6722
1204
5176
8511
7145
9913
9059
8951
8099
1481
4019
1253
7879
8264
6984
7555
2958
6173
9126
1219
5111
4633
442
530
6943
130
7805
2913
9273
2079
8316
9818
2540
2139
2873
6216
2346
6869
3815
142
1661
5365
4179
3412
5899
9177
5563
1836
7697
94
8788
6962
6830
5988
9159
1682
2543
5809
7655
2447
4569
6427
4840
2049
9689
7641
1762
1779
2946
5623
5966
8723
9714
8713
2776
2398
3589
7693
1123
9526
731
4536
3634
3315
1014
8758
1017
8700
9668
5229
3195
7373
1995
4146
5666
5340
9581
8004
5668
8945
1455
8572
8833
6706
5915
9641
2523
6958
2554
4353
1405
8852
5296
7988
5220
2372
3611
6445
1237
1725
4329
5210
5541
9209
9728
7720
7764
554
409
9491
5152
1837
9207
4698
6500
6636
3104
5150
786
9253
4127
5205
7787
3657
1871
57
9110
3828
1158
59
7043
9784
6570
7750
4121
1433
4036
243
2731
5101
422
2263
4852
374
6333
688
6401
2221
1415
3963
3218
7240
7539
6031
9477
6904
392
2950
364
5632
1753
7201
6323
4155
6670
345
5756
5445
9892
4672
8271
607
658
4932
8428
6524
217
6786
8609
7809
2246
8088
6488
8515
2141
9958
8877
7837
173
6695
454
15
805
9806
9239
3802
47
7044
1665
204
8948
9622
4130
3127
3056
5086
6802
6272
5466
289
2016
8592
5796
6806
489
5144
8784
7736
2608
9810
6741
8680
3175
2475
6129
2019
7070
4461
9389
4752
537
3961
5770
2454
4306
1913
718
2440
1925
6161
2443
4178
2368
6577
3086
3766
4126
7165
129
5400
4161
7303
8384
507
2709
191
156
2244
7488
7970
5868
4253
3024
4265
7974
5688
213
8733
5130
3687
7959
5092
9593
8625
1696
5812
7386
3259
2067
1304
7891
4524
9150
5008
1348
8038
4468
3958
1566
2288
2163
3985
7547
1070
4032
8949
8882
3440
2596
7233
7278
7831
7985
7928
7320
2531
9601
9286
3097
5588
3673
4959
8917
3346
135
5633
584
6410
2888
8974
3222
3750
2130
1341
3011
5677
8837
1746
9287
9889
3443
622
1365
3715
1294
3658
9289
5580
2228
171
8216
713
4637
4813
1802
44
6006
2143
7836
7565
8336
7542
6047
3701
9961
9392
1550
2907
3512
2932
6737
8774
604
5683
4242
862
9327
6019
8869
2337
8879
797
9857
6379
3872
5886
9905
5875
3915
5342
2628
2232
2132
8853
7005
8476
1118
2729
8345
4004
5094
310
1234
2390
9936
1757
7358
6245
2269
2157
1382
6426
7806
6913
3653
3768
4101
6142
3372
8394
999
6662
7331
3799
4759
2389
7500
4731
490
5913
9544
7812
127
2740
2885
4614
6190
1011
3740
2391
7409
6639
8308
5916
6506
6735
1134
5944
6362
6424
5243
8981
3629
1044
8993
4137
5433
90
6269
9638
5910
3094
2975
8632
9467
2043
4402
7181
9887
5270
230
9380
2136
3990
1439
2208
4282
7482
6432
8280
3140
543
3078
5570
6324
5290
1260
2769
2174
4953
3266
5241
3849
5616
6038
1087
7220
7352
1942
9083
3305
1666
9421
6505
8094
2743
1289
3850
485
125
6604
3551
2665
5216
2011
5901
4690
9867
2112
5742
4388
3162
453
7489
7460
3324
2070
9311
7048
2717
3077
5200
7311
3150
2438
3
9640
3691
593
9612
9903
2300
9384
8931
4212
1584
5066
1498
3748
5922
7234
8144
6811
9446
3458
874
6370
681
5247
1332
9166
775
877
8373
1691
359
6580
7661
7582
9180
3485
7178
9465
3751
5442
9610
8310
7380
1768
4785
585
1729
7786
8104
8234
7950
1379
6398
6167
5281
138
6539
5759
8627
315
4401
4878
4028
6530
2725
6138
5736
9231
2286
302
1089
1094
1699
6935
2809
2259
7474
5566
8874
2623
1812
7757
2119
6395
1742
671
567
2724
6996
1858
5148
2264
7059
2322
7202
9151
8200
1444
2148
2984
5307
1747
4095
2616
7253
6467
9183
2363
7134
9997
6474
501
1560
2668
3031
9164
3588
7
2720
1478
3793
4281
9685
3432
1473
7772
5753
2047
332
9072
6428
5457
2201
4302
5485
193
7144
4081
5537
2351
8561
6358
2241
8012
2795
5333
5425
6449
2784
7477
4157
6091
3472
3616
7715
3059
8315
337
9047
7086
6779
4408
426
5846
2969
4426
7310
9613
5862
533
2956
2861
9809
1553
7046
1129
5540
5401
3505
5045
6188
5722
1701
9697
7481
3444
4613
3689
4952
6874
5788
5375
6048
1228
1778
2106
194
6331
1421
9643
8502
5049
3959
8965
5638
3603
596
5997
2298
5007
1119
620
3073
2528
9359
7193
8326
2580
7931
8500
1064
1525
3909
8800
4132
7841
9948
8689
8969
8786
2252
7237
1567
4708
3855
9847
2108
9408
5852
5619
790
2935
401
5215
4596
9075
9532
8364
3913
889
2831
1743
6827
4579
2889
3181
7298
1559
8982
6010
8347
4804
4963
9632
6118
3660
5843
9670
7751
9358
335
4622
845
768
6605
5824
738
6055
9179
9908
7568
9478
7019
6850
1469
2426
1275
1038
1247
6652
2120
4886
996
7285
4362
6973
3829
7265
9595
4247
6616
1108
445
1488
1238
6313
8947
6257
8035
6243
7095
459
1376
3283
9766
3596
4885
3416
2713
5652
5063
1133
4163
1212
3679
9753
691
5655
7468
8055
7589
966
962
1761
8835
8790
5126
9361
2421
2466
4437
2534
3481
7956
3463
7381
702
3254
9276
8292
266
4202
1749
9041
5034
3704
151
9069
2096
3269
9737
9708
2657
5100
7994
259
9901
682
939
2002
3049
4297
4670
5682
5748
5546
1102
8153
979
5228
7846
9456
7272
5515
724
7690
4135
2034
602
9822
6468
3069
6041
9123
2851
9816
3355
370
8257
5317
55
1558
2320
8098
7517
3866
4958
8670
6732
1702
1937
3928
4258
8914
5257
5564
6075
4673
670
9026
6057
1594
4316
4072
2496
200
6633
7208
2247
8531
3405
8252
3364
4139
553
2434
2179
9527
1257
816
9417
1431
1486
6642
1770
2703
2525
4045
664
7768
8492
6730
1297
2560
7857
4766
6809
5168
7092
6304
9167
3106
6285
3142
9386
455
2379
3300
6334
4042
8595
2801
4254
6673
1765
1484
7605
6053
1609
7637
2820
4055
5406
6322
6676
6005
2014
9495
2631
1632
5968
9036
247
7175
3944
778
4225
9013
4811
8743
1065
7671
6598
4625
5435
1170
6554
945
5762
2211
6691
2431
7549
3296
6069
7114
87
9620
8683
2027
8116
6236
9608
4286
4274
6718
6337
7203
3252
7923
4403
6107
721
5647
5417
6975
7873
8301
4075
2965
3769
5268
4460
9502
3982
7461
8799
6132
2874
2671
2169
6489
9427
984
1919
4623
8955
6729
3595
9598
4187
116
9294
324
6934
8041
5010
970
84
9642
3219
2312
8650
4741
9529
7577
3303
9255
6743
7701
5669
8272
9609
7574
8226
5071
7009
1741
6581
1128
6360
6566
8577
3582
1606
9564
9441
3185
7999
5723
5984
3817
5858
2933
6860
39
114
1363
2162
9860
443
3947
1344
3571
7436
5091
9657
139
2685
3425
1703
5777
1142
4636
9113
9987
3017
6523
6119
1705
9986
9616
5338
2581
4602
3369
7411
3873
9163
306
7390
5266
4832
6215
7480
5695
3067
4994
1052
4109
1135
7918
8266
6125
6948
5714
5151
5060
3665
4215
3735
610
5794
3663
4432
6264
4509
9661
2590
4062
4654
2723
1716
9720
4911
1963
8382
3076
7900
7341
31
2738
2520
918
1907
6536
6208
6226
3570
155
3320
288
6151
9458
9865
6054
5927
4012
3040
8972
7709
2378
1261
5460
9488
5803
7816
7811
2411
1319
6768
2123
1306
570
3351
4348
1580
8027
9505
2251
2299
5192
2253
4815
3964
68
231
4359
648
2101
7987
5735
2007
2455
2366
5948
1443
6906
4765
1103
5703
9695
968
3919
9303
3088
1186
3479
8149
7648
3274
348
1893
2280
8706
9969
5710
1230
7228
4319
3431
7754
2604
9316
7014
8126
2770
8036
1853
6009
8030
9252
3174
2194
2866
621
6454
2166
1308
950
6711
1988
9281
9769
4779
1784
3586
7224
8119
9067
53
2568
550
773
5629
7884
8005
6953
360
812
7992
3381
3422
5264
912
9410
5058
6927
7037
296
3863
2271
8452
2501
4186
3489
3765
2650
268
9509
6262
6669
2041
8172
9566
5721
4757
6715
5612
4227
8558
2018
2998
6879
5478
2711
6393
5728
742
7330
2987
2170
8087
8096
8420
8224
7363
4037
6111
7379
8915
7651
5093
6720
7559
9444
6059
5644
8964
3994
8761
5781
3317
5522
1406
6366
6881
2597
5758
5181
4723
4208
2736
6457
7410
5043
3856
2008
8583
740
1287
1381
8555
5272
4938
376
1586
4762
1004
4309
9788
7241
1700
8189
9602
8532
8064
6391
5136
8872
9907
7106
7788
1973
9741
2541
5959
7635
7232
5161
4812
7997
7556
7053
7487
5397
3730
2489
5608
456
7949
4361
7982
4742
754
1241
665
2718
8392
1772
2478
8984
8481
5603
6326
706
4834
3445
5802
5114
9296
4870
6591
9748
4998
9139
8265
6585
959
1595
3021
719
250
4547
4865
9096
5863
6951
943
1775
19
281
4160
969
6823
9899
6204
9519
9805
2910
6411
4965
3358
5776
5084
9470
865
8337
7329
8282
2499
3449
1492
5719
5985
9111
4
1603
8197
6087
4491
3573
4595
208
5829
8720
6197
2962
9757
7166
7326
6987
9834
551
7553
4529
2432
6960
411
4479
1848
7585
9990
9414
2832
9937
2746
9227
4273
4260
4022
2146
2659
6767
4605
6416
1028
91
591
9247
7090
3920
2460
1928
755
2321
5055
6756
8425
6541
1300
1314
8988
2
6980
9033
203
8231
6579
9954
4954
890
3003
4148
9406
3509
3419
6277
6664
6649
4945
4374
9700
929
2706
4798
6723
5908
121
4931
6748
9349
6364
9153
2210
9615
6923
2942
1535
1177
7199
6932
7267
1265
198
6234
8647
3353
544
6464
8132
4255
707
3068
4175
8040
4119
1932
2594
8410
8209
8859
647
9176
9426
3867
408
6063
7979
1828
2589
5177
1832
6274
6382
840
9256
8351
4439
6015
5382
6039
9984
9585
6466
3230
1668
7256
5674
7485
651
508
3561
5369
4590
9803
6504
1860
9178
8123
367
6061
3348
6971
6679
3608
4257
5844
9240
4206
743
1475
3029
898
3621
9279
4394
9672
5116
7020
4730
1489
8574
7327
4106
2242
2862
905
1328
6763
8390
4794
4676
556
3918
4818
7108
9217
539
1394
5898
7082
9267
1182
823
9992
1053
4090
5995
5304
2176
8997
5123
4275
6171
9334
1220
2313
4584
6725
144
4347
6719
3508
1996
6114
776
6842
3785
6035
7830
5419
7845
5367
636
333
1914
4937
6365
9262
1711
6908
9100
2385
4145
7195
9077
3545
4655
11
1706
8721
6888
3532
1776
872
639
4772
8930
2633
6228
1055
6090
3796
8045
7870
2684
5327
8772
3937
7227
9244
7897
1875
4567
7916
3976
788
5283
1855
1629
1035
7295
1491
3231
14
3566
3694
9193
6543
9462
4944
7313
7264
2233
5589
471
4980
6708
5923
2807
5712
8525
1748
993
1305
8843
3111
2468
5450
6942
5322
937
7763
2758
1221
5223
525
7207
3469
4694
2031
3686
6158
8880
9066
5358
6599
6892
9368
8454
9340
2290
3933
3227
6791
3380
9325
184
1215
6303
5124
4068
6819
2621
6254
1614
4342
1677
3172
5213
799
977
1417
6578
7204
9448
8325
9791
6380
9098
7159
4262
7334
1027
4331
9257
8072
6199
3012
402
9852
6930
5221
6384
3400
838
4869
444
2691
2578
1862
9050
3591
5729
3192
1236
8169
1233
1598
7273
6420
1949
6617
6025
4436
7855
7091
8913
5038
9866
8400
3717
6052
5524
8568
9365
4357
9721
3574
4381
5443
1709
7783
8840
5349
4300
6482
2521
4424
2890
5943
659
7499
6519
7981
2004
9928
5599
2340
2044
4856
7887
1162
5431
5426
3313
1377
9391
380
9520
2639
2752
6752
1430
7866
6130
8526
8157
4576
5891
3302
2805
6700
4801
5785
1805
6289
4914
3636
1419
9
817
2207
3036
8406
1307
2001
5848
6876
7619
4431
8740
522
6258
4332
7102
27
5806
4800
4705
2377
7874
5637
6994
2082
6378
4469
5538
3559
2488
6772
2887
3492
5774
8596
4873
4069
5237
1625
9205
4226
7359
8056
6430
5765
4047
163
4799
6997
6918
1290
7151
4378
8467
4235
1231
5791
7825
9161
3055
9980
6985
2688
7774
1565
2396
638
8136
9551
136
7591
2092
9758
6785
4510
6180
7765
7580
8286
2693
1266
5052
7503
7703
2627
4701
5833
2747
5259
4048
430
9160
4910
692
1752
5684
8222
8963
6255
2175
1100
5882
290
8847
8527
9044
2576
3197
6924
1613
9553
1189
751
1674
4988
2927
3217
3749
9091
1704
588
5186
1601
3521
5027
785
282
2702
3277
8424
3299
4082
3525
8480
5004
2319
9170
9147
5170
1957
2046
8497
3507
8665
7052
4006
6470
2569
7103
5857
5932
6813
8195
1600
7771
2371
3683
5278
7076
5070
316
7170
7188
2905
9011
1156
1970
6267
6402
6761
5299
5798
449
4725
1538
2812
242
1076
1934
8403
7169
5404
1222
4970
9127
5874
986
3334
7647
1955
2472
1288
4073
3435
8564
3780
991
1751
2104
3240
7429
1056
5557
3032
9705
9200
6533
5061
6601
1173
3681
4887
3598
3306
4710
1150
9518
4220
3823
7296
9746
7223
5097
2678
7543
6349
3558
4575
167
1456
6314
4527
3846
1465
3556
3356
5473
3107
7266
4397
4711
6749
8470
4537
3870
4352
2710
2125
4587
407
1969
7511
8881
5817
7558
3232
8294
9432
1623
4269
2430
8591
2078
8183
3879
4696
4070
538
8804
2235
2622
8753
5610
2733
4791
4758
3737
473
7089
1763
5393
9510
2966
8657
693
113
2081
5336
8954
4900
2005
3587
5387
3456
1607
9664
3659
3135
6933
4222
814
5347
58
5318
5974
3310
9064
351
509
6083
8699
2068
3830
5018
8174
863
4462
6922
7958
4648
3474
1424
6610
7608
4455
9745
8681
1618
9313
3263
2968
5761
8507
5706
7953
1171
880
3010
37
6193
4505
2502
1939
4552
5003
5456
6564
2294
657
1412
592
5240
9501
3209
6342
1961
822
5892
8834
2953
7780
7878
7859
827
4385
6177
479
2310
9054
9375
951
7576
598
1120
9346
6678
1781
5471
102
1719
6522
2545
3294
6433
6405
6631
6400
8171
3203
3268
5606
7603
339
1503
6620
6357
5556
6852
1543
810
2187
3631
7862
8579
8602
904
5448
2284
3762
2026
7920
2013
1880
7029
9597
8013
6793
5276
5196
6595
7524
5536
7725
273
8858
419
3563
2462
6000
2168
7325
2397
7109
3656
1845
8199
4913
3264
4376
7980
2772
8573
3043
2894
7839
5724
5873
9962
2381
7964
873
4088
6562
4328
961
6490
8815
8702
1423
8084
6668
1967
2940
9004
4159
5468
5853
8736
7047
5102
9874
5837
6265
3754
8436
3957
3152
3342
1025
4474
1644
6828
3628
7601
6788
276
6046
7150
3998
2080
3301
5355
4612
6001
6094
7843
1130
8440
9129
2009
2172
1943
8741
2022
6477
5048
953
133
4754
9175
1369
2358
3025
1799
7886
8586
6911
9258
2981
2891
8128
7337
8588
6613
2973
5370
6214
7652
7472
523
9284
8229
3675
4874
2074
1437
7222
6086
4934
4578
6479
8176
2814
9223
4007
1999
88
5555
3065
7727
9314
5001
9339
4695
7687
4111
5262
7550
20
7069
9513
9250
8899
3973
2841
3708
8501
9740
4514
3116
5416
8133
1693
6317
9635
7434
2708
6496
7137
1426
3477
3345
9572
9106
6648
8007
4497
4395
2931
4658
7406
4065
3085
4194
101
5366
71
2550
3859
8764
975
8792
1378
6583
6884
1526
4855
9879
7534
1724
107
293
7071
3336
7625
493
9138
8567
4422
9481
6755
1557
216
7711
6532
8659
3075
3832
6615
8768
7646
3426
4984
2289
1343
6355
8724
5928
9875
645
7653
8303
2349
5495
2880
9154
3552
9594
1903
5631
1993
3516
9068
9308
6787
8461
4322
6284
748
2057
9725
8791
4052
7755
1326
9326
7497
7315
6731
8517
1521
1780
8495
3439
9734
4023
3857
6684
8313
8269
4303
7609
372
9542
61
3688
4084
3714
8079
3244
4649
2314
7688
9848
9372
9055
5822
1922
8808
5184
9906
9890
3193
8401
5033
412
3226
2184
4231
4775
3729
8134
1493
7645
8078
9926
7283
5202
7028
6021
9842
3044
1336
8339
9935
224
7614
8311
6497
9679
2149
3541
7721
7017
2879
7803
8017
4990
5206
6945
5352
480
4338
7905
1476
2227
4473
8867
7710
8756
5279
559
466
3880
8749
3929
7815
3117
4549
5265
6344
8983
2059
6690
343
6709
4553
9631
8552
6259
6981
4771
3819
6145
6936
4400
5935
7246
8942
2599
1429
7249
1695
241
848
6002
9131
1926
6455
3350
3627
6501
