8725
8866
9592
2295
5063
5757
8160
4743
2799
6121
9810
8444
3630
4471
4336
206
7137
7815
425
9748
3028
6868
5521
4674
9219
2671
5418
4364
9064
5482
9830
5699
8854
6356
6025
2318
506
3031
8787
7414
1845
6083
4977
6937
5764
8815
21
3401
9840
2220
5162
2786
1155
1664
3511
5121
5411
5410
7545
2254
7405
5244
9364
9583
4323
6533
3966
7895
86
466
4747
6770
8682
6488
1791
4417
4639
800
4815
7473
7761
7647
9962
8944
3548
8299
678
78
4307
2238
7176
7840
770
2339
5284
6754
4164
2264
5324
5440
5670
7996
8671
1998
8046
89
8417
1792
7746
9315
608
208
4722
8523
2291
2943
8489
3984
2587
6931
1387
4177
2166
1690
8902
6823
6479
5741
2175
7651
6370
6811
9805
9591
3552
5858
936
447
8887
2227
2492
5010
1128
5564
702
2665
2193
1293
6320
8761
480
8814
4206
4901
8350
3675
9607
6749
5567
9176
6324
1196
1084
1766
1187
4963
1274
9771
6889
5012
9333
7185
552
1261
3290
1872
4693
363
8804
8641
887
1946
3444
8154
7962
1584
3462
4947
6283
1617
7803
5922
5962
2498
5008
7894
2511
5534
8585
3786
6810
9149
296
2273
9706
7093
3569
1895
8496
8315
2296
2808
4598
7273
9493
5454
4607
717
4701
2641
7747
9172
8096
5446
8191
332
7165
6828
2829
5002
4809
2871
4824
6552
3765
5427
8250
4416
9891
5885
4076
5546
665
8435
4834
8630
7696
6001
1475
134
3392
6328
3596
1156
9517
8956
3903
1118
1053
7686
383
9038
2408
9614
1055
1729
7145
364
2162
7372
5451
1468
1024
3268
2971
8546
6713
2659
6641
4295
4302
1896
231
8598
845
7867
8263
9024
4877
7643
3005
1319
6663
5765
3693
6463
8998
839
9990
3860
3207
5581
1607
7760
6400
7183
3995
2507
6314
9055
6589
4924
7193
1020
1692
3121
996
5278
4112
5260
8224
8675
632
6386
9586
9426
765
8918
9280
6316
2909
9278
5001
5399
5460
6055
4826
5882
3332
4675
754
2266
8600
9729
8757
7960
508
6817
5038
3698
1195
4767
498
2750
9148
4253
287
2899
5013
4782
1806
1170
9085
1317
4245
9443
9103
3181
9603
1286
6852
4591
1811
1999
8031
2977
4651
5492
9214
3566
6909
8762
8674
973
8891
8010
5381
8493
6073
8684
381
2924
7367
2638
2517
4161
1409
4100
3690
1980
4682
9026
4475
2391
1217
9159
8777
9627
4525
6046
2515
1146
2466
9728
1842
6205
9139
403
5522
6340
2753
4039
6887
7013
3553
3044
4260
9981
2905
7163
6606
2836
5486
8754
2651
2404
1545
1960
7841
9127
707
2341
5217
1349
1480
2432
8346
4895
7089
5987
6300
4741
8450
9405
1157
6150
9800
987
9681
7847
5051
8155
8557
4756
1268
266
634
3867
3882
2783
6450
3259
3015
3692
7836
9407
594
7562
3255
1547
5364
6542
6717
6644
9993
1390
8229
1248
5178
529
5267
6168
4626
8726
6692
8705
4528
9968
5204
869
4069
9663
5006
5530
9456
6640
3594
418
1169
4396
5990
3261
1858
6963
1296
3298
1441
5594
6084
5596
7133
6302
8865
5804
9952
3869
3739
1303
1179
1250
4976
9634
8571
6772
8483
6684
3796
4083
5917
5921
2010
8103
2726
1185
673
2384
8461
8649
9152
2987
1808
3575
4447
3046
9696
8897
722
2364
9858
872
583
5461
1001
3922
9088
4263
2410
1577
4998
9844
9504
475
8282
7112
8736
2389
5526
614
3683
170
2825
6551
9849
624
7916
9947
1095
5207
4551
8656
9093
811
3090
538
4965
7653
6384
2797
338
8100
2841
1834
342
7493
3792
5731
6993
9276
7863
5499
9313
7445
5505
2988
349
439
3196
587
9
42
6779
5225
6530
9557
2563
3580
7488
7642
5894
7354
2727
1059
951
9655
9174
5983
183
410
8077
4314
8259
3472
4240
4182
3087
8053
1916
8353
9110
5866
1210
6992
7850
935
7879
4903
3637
8882
2133
4636
2458
3657
6566
9640
8340
3953
2565
4
3140
3263
7978
2158
5958
6453
7830
4468
1277
4680
6580
4978
4790
8575
8261
454
6761
9322
7269
7347
5488
9233
200
375
5981
8396
5949
6890
6264
3191
7758
8192
5681
2901
5751
4904
8233
3323
1071
9546
1783
9193
1406
7814
8676
5223
4187
4835
6860
8722
1344
9642
6960
3798
1947
7431
9704
3883
2979
30
9930
4466
3887
8850
647
2037
489
8688
1934
6715
9194
4783
5667
1600
90
7187
3623
3446
440
3524
7397
6695
8198
8223
2255
1322
6762
5556
922
6645
7692
9868
5973
1130
3341
3941
5326
3825
5874
3408
1765
2954
9350
8830
5960
2575
2233
9934
8892
5784
1532
6514
3022
6833
4442
8520
3538
8129
5149
2017
957
9399
3818
7614
5020
9776
1404
6033
961
3957
1770
4195
1202
3125
279
5289
7418
7619
4733
129
885
3272
763
8369
1913
6883
3347
933
3611
2518
6666
9241
7881
9384
9887
4036
3275
9050
9125
5175
9827
3662
5675
1244
4136
8018
4228
44
2925
2590
5160
3297
3799
4867
3224
1103
3699
5554
3411
5252
5799
3452
9496
6691
97
1646
5782
8812
5836
4040
6718
1857
5674
4180
3154
4390
2668
2538
994
4056
7609
819
1681
9623
4964
3652
5434
5618
315
2571
7360
3849
69
1976
6032
8936
1963
5034
5778
733
8492
1357
1732
8476
8622
2966
6803
7191
8149
705
3609
2824
8391
5391
4272
1256
8690
7231
2237
8165
4256
5955
6766
5198
2737
2643
5542
5718
7712
3219
7508
1324
9133
8665
1639
8230
7157
2072
3340
456
7042
5833
7859
1652
8372
3381
8423
9677
4763
7600
6701
9357
9163
1701
7759
9126
3812
34
3117
2190
6461
2894
1626
1731
997
8929
5254
3936
630
9899
6679
7875
4441
151
7584
2506
5042
2624
6649
5587
1751
2009
4734
111
9802
3396
5956
7500
3679
6569
768
9301
9076
196
1242
979
5561
4915
906
2494
4780
6213
26
7101
6464
1414
7051
849
4214
4418
4013
3748
2000
5771
6362
1886
2678
6405
8758
4588
6725
5191
5829
3060
5864
1869
3130
5011
5374
6035
5951
9862
6843
1119
8535
2562
5146
5881
5862
1874
1212
7604
2178
3079
5271
3197
9780
7513
3506
9784
3012
5194
8743
8003
8459
4430
1336
8448
7350
1026
1166
4801
1505
8114
4261
3494
9415
7356
8537
4193
899
940
1064
6621
8771
831
3584
3687
3354
3054
6153
8408
7983
1844
755
8845
6247
2929
8875
9615
7430
5378
1321
63
7164
5182
8073
4101
7593
6279
5722
1423
5805
4490
5344
9967
7375
8109
5353
4623
1287
5297
5232
9312
400
1647
3383
6896
226
3667
3996
9454
1610
6181
1164
2292
198
3729
1865
4945
3617
550
7657
2018
5819
4375
7444
3479
8313
2806
2365
6537
9348
8521
275
2555
4426
601
5075
6319
133
4633
4752
8300
73
2102
389
3593
7729
7616
9741
9035
1037
9859
88
7386
4351
5070
3321
5612
7819
3545
1239
2697
627
9188
5293
7694
7993
3133
263
9703
6469
2900
1700
3285
4625
7666
8108
160
8428
1069
1887
1494
2566
2691
5300
7622
5234
3650
138
1501
6149
6242
9180
2371
1983
283
3626
4932
8128
3250
3030
1511
9051
6060
8205
960
5049
5571
4353
903
9632
7382
3363
1393
9354
6297
5760
1942
2154
435
6499
3002
5266
4634
6023
910
2215
96
9492
2352
5375
7394
2271
8959
7503
6687
2596
8208
318
9477
3618
8714
7969
6331
3281
1278
7770
8187
6201
3038
676
1631
5615
5469
2210
2117
735
5919
3
4631
2550
6518
3843
3345
6238
815
3105
2862
276
6277
3445
9128
7474
272
1621
9548
7866
8475
4507
3505
2450
2442
2935
3237
487
1775
9601
4051
1899
5774
895
1247
5127
1903
2323
8695
6532
4225
2558
3346
3518
1943
2773
2090
6146
9499
7861
7915
4937
2276
5147
5335
9692
5356
1176
7114
5152
6917
5929
3676
1657
5338
1925
9720
8730
6744
9514
6303
1705
7455
5394
7335
9307
6053
6508
6378
5536
990
6949
5179
6702
7711
4992
3327
5781
1569
7911
7144
7477
6348
3238
6790
1259
5428
6617
8202
9970
4645
4212
5069
7017
5362
8231
261
4342
3644
7794
2353
5706
3234
2648
8337
3804
1818
7549
269
1129
5402
9698
2470
2937
184
1508
4892
438
1820
7337
5798
2159
3830
4608
5456
4644
2277
7155
5242
9795
8564
8932
2192
9545
597
17
5727
6364
9883
2923
2684
7035
6574
1764
2868
1110
3846
3592
6598
6740
1294
1679
3386
7924
5072
9058
8028
1407
9216
7950
7961
962
110
9751
3605
9954
9635
6809
5601
2338
3721
3993
6961
348
1795
193
6392
9034
642
3939
8060
6219
5258
13
2803
1670
9745
9120
2415
6944
8836
397
7634
5021
2605
9192
7049
4293
6858
745
3478
7245
112
2483
4527
1759
7736
1853
9104
3348
1804
8960
2182
5743
6553
9389
880
378
5712
4079
3308
2219
244
9186
4578
2349
553
8903
6360
8084
8906
3096
5889
8091
5247
8552
3654
1816
3844
4028
8723
4791
493
4003
6669
104
8342
8789
5274
9922
5605
2630
171
6122
1741
7252
2582
7105
4085
4708
2847
1904
1923
8621
1363
2881
81
4117
3691
2340
8975
8549
5697
9113
1421
8514
3063
8264
2057
9155
813
1551
6108
6835
9631
9023
970
176
5377
5502
7774
5562
9737
9330
4043
9014
2720
8499
2014
340
6893
446
9570
787
4166
3819
3080
7305
5323
278
6895
9512
3218
2395
8565
9358
4894
4226
8030
3362
7184
7976
6872
6607
2078
5268
9256
3295
708
182
1944
9298
8952
1715
4972
5481
1691
1518
3415
9837
5820
697
351
792
3364
3091
7966
3533
1033
7053
5609
3885
5307
5835
4308
5080
1078
6521
1831
1973
9286
1823
4348
6971
3288
3646
6571
5770
1339
478
8672
7546
3758
7548
3204
8735
7949
8328
4259
5975
8212
3145
7933
1211
4121
9828
2884
6408
3503
5508
1397
7376
7313
1054
1979
5755
3762
7931
923
3724
162
6682
9641
4270
1873
9971
3672
8386
995
8868
8296
7022
9935
8168
1345
5255
7320
8027
4481
157
8207
5511
8873
8215
7823
4090
2607
9341
9228
67
775
1413
8733
4247
8750
1079
2287
2789
8293
4014
5985
3795
2314
2021
1866
1396
4343
6311
7664
3075
668
3338
9469
8924
1446
776
6785
202
6080
6426
3170
2798
1436
2529
1968
467
9095
5626
1687
1630
9787
2348
8519
3767
7454
9471
3330
333
9766
4778
7076
1265
1299
8888
6484
1761
7380
2472
2887
9508
778
5645
6763
4501
1579
9352
5896
9665
5384
8859
1481
7828
8971
3110
180
7992
5524
4029
6126
3352
8526
8770
2583
1394
5523
9437
3707
9494
31
8260
1158
6636
2738
2156
5664
2907
2581
2231
9198
9072
6
3821
1010
3766
6554
7437
5413
9711
8080
6968
8904
1863
5052
1290
2576
9289
6627
718
1366
2309
5292
6260
9571
6268
9685
5430
9870
723
793
3769
4223
4148
2370
147
3591
4022
7148
2327
8617
8511
753
3453
3501
4523
8618
105
16
3949
1473
920
9579
9107
1854
7463
2229
4038
6131
4728
7676
5435
2800
535
4130
1065
5700
3203
9994
3788
5395
4670
6457
3264
5745
5827
6765
5968
5834
471
5808
3595
1683
5974
3373
8052
4102
4522
950
8021
6862
2103
9972
9628
1535
5177
9649
9368
6439
4031
1180
9296
4535
6104
9656
8220
6397
5083
8234
4838
3331
1060
4219
7234
1560
2026
610
8127
304
7255
9652
399
434
8401
7598
6409
5746
4912
2952
2680
599
1023
8338
9611
9295
4698
8981
8728
4444
7225
6637
7953
4632
7498
4870
656
2744
5584
1198
4628
2248
1528
2542
6863
5487
6036
5815
118
7297
6674
1240
6888
4919
4906
5342
4905
1040
50
1575
6232
3388
4595
3736
643
6492
2635
7979
6298
5352
1061
2875
3547
1329
9273
5728
6309
8601
9894
8803
2516
2199
8878
9030
3280
4617
2369
4654
6799
1897
5500
1793
5233
6466
5213
4620
3858
7238
965
1520
2817
4878
6984
2167
8335
6027
9255
297
8238
9041
947
2810
5649
9955
2918
3704
4064
3961
6965
9707
5970
9819
8070
2128
9310
898
7610
7207
3019
7595
3201
8274
7511
2342
7937
1018
5036
28
1519
7734
3273
1982
4893
8506
9956
3546
4222
1839
2711
8411
2574
9582
9262
3220
2931
7206
7852
6449
5959
4167
4753
9142
821
5588
5663
2666
3322
574
5644
5614
5573
8176
5838
7151
3344
7767
317
9527
9253
1861
1008
7284
9109
4007
1443
9470
8681
6365
2213
8332
9240
3664
8595
311
7159
7196
5625
596
2119
9238
9982
5449
5902
3998
2196
7306
6603
2407
177
5281
6652
5850
3251
2107
3211
8210
6174
4681
683
8004
2047
6063
8287
2280
4467
2849
9886
6735
8503
6788
2286
1009
9768
6240
2883
6423
247
9274
7219
9045
750
8970
5912
2820
7152
7247
5816
6458
6440
586
1340
928
2903
2016
616
6812
2111
1855
3246
4384
1025
6789
998
1238
1781
6953
2337
6524
2478
7341
161
9161
5409
9257
6956
8973
4640
6880
7945
3021
1790
7352
6921
2434
3708
5865
8051
4060
9052
808
2839
5283
5665
9084
8456
7561
388
1249
4062
7909
409
6087
1760
5623
9444
9480
7971
1720
5389
5108
8144
165
5471
6428
4941
8285
2278
2608
2951
55
9134
9712
519
3854
7243
2031
6608
7792
5257
5202
6327
6385
528
9037
2601
3301
9000
5197
1711
4401
4818
1594
4714
8779
8692
1572
1833
4761
2497
2611
6096
5015
7316
2939
1663
9321
517
4882
9560
5653
1954
5811
734
1778
4268
2593
7110
1641
2897
978
9390
2805
8065
1810
6262
5322
9923
840
8365
5898
3919
7883
458
4593
9382
3000
7119
8559
125
7505
6059
303
3701
1995
4760
7603
2746
2778
5510
2755
5749
5624
4565
876
7242
8955
7070
8301
7389
5227
1465
3078
8620
6502
3420
1352
7872
4808
8298
9247
7034
1736
9462
8801
8325
3756
3710
71
8232
7825
4561
7107
3752
1837
4298
8189
7169
4954
6741
1890
911
7685
2804
3918
1087
6698
6988
2809
4891
7812
9200
2143
7213
8097
95
8603
6221
335
9989
3615
651
7182
9083
1871
6939
6758
8241
2625
6660
8816
7014
6029
2770
9812
9435
3089
6794
1912
5419
402
8985
8528
9337
5954
1219
3423
7783
4129
7693
5205
5888
1698
6000
2851
3828
6945
8361
1124
3985
9377
3960
4366
6054
3378
2464
3608
4042
5628
7724
6143
7166
7671
7171
1821
5611
7383
6726
9004
6685
9928
1378
2356
6594
4986
6706
7228
3649
3764
4023
7892
270
988
1723
3134
3167
4333
4309
7296
2099
1304
6225
9939
8297
693
6427
2149
2998
1109
8409
1500
2690
1608
9345
4201
252
8367
6009
3300
5028
9115
1432
4521
1270
8663
453
455
8737
9331
2994
4777
5331
5931
982
6732
6215
6976
2556
862
8302
9325
8381
8468
6177
1273
5474
572
2453
2826
1215
2885
8721
5619
4411
2757
9136
2721
8572
2429
4156
691
5156
7264
2328
3241
2375
6585
3740
1222
6183
8701
6522
3521
2487
1957
5319
9516
5870
9804
1851
2673
6234
8373
9189
9584
3368
9808
7205
9908
3043
5642
648
548
3403
7026
2301
5455
5334
1696
4369
914
6657
3888
2701
1120
9518
2015
3824
1455
7943
8662
6349
7229
8460
4334
4111
9206
2397
7298
7267
2439
1563
7918
6313
5503
3266
3645
1737
6596
136
966
1506
828
8713
3648
3833
3549
6017
8099
428
9740
6623
7259
9913
1622
1359
1300
9960
5672
1161
5373
2024
7324
4052
6501
2965
9349
9487
9182
8632
8760
109
7067
7641
3182
3406
9856
8157
1372
4202
7900
7452
720
3728
2307
443
2964
9319
7423
5646
6145
4542
2476
4880
4689
1752
6244
6981
518
1201
4949
7325
1841
3837
8380
6704
6281
7777
9252
9799
5606
7617
3868
6650
7557
6208
3540
1905
3875
4146
3838
3955
7469
1568
5005
3491
6619
2830
5027
639
7039
6940
444
7132
5734
22
1338
2500
1879
2636
6254
4538
1965
8451
2116
7467
1825
9999
7718
1291
1006
3921
4242
5637
7838
7115
4103
9659
9356
6095
6014
8239
1939
4237
3382
2553
4321
2656
974
2347
4000
3550
802
1877
1220
9383
5597
7218
7280
2863
1298
1666
7036
655
7302
9644
7594
1592
531
3326
1885
3823
1090
3717
6198
9197
8978
6667
468
8629
9597
3116
8390
9825
3426
6676
7084
3572
3694
1395
7130
6404
4807
7898
4311
5054
726
4030
3253
6541
2106
4276
937
8200
190
7750
2578
3131
6822
2762
779
5527
5691
398
8861
3039
9861
8711
3930
4018
1527
2530
5797
4566
1175
1561
6169
8471
9944
6057
6755
4938
355
4861
2050
6848
2184
4725
7733
7683
5988
3414
6476
5673
4033
3239
9760
9700
3210
4406
7349
8820
6448
6675
5802
6539
3570
7131
7266
4799
2257
1542
6437
5137
2620
9553
4902
5717
6165
3965
8058
9772
4663
5138
852
4071
4568
975
2709
2305
3730
3231
4360
3967
3178
9302
1940
8421
8349
2645
7000
9015
2941
2775
2788
4516
6929
834
70
7658
4355
7514
9281
2754
3897
3938
6451
4847
1918
4305
2041
8119
1945
4544
4736
7710
1649
5907
2299
215
1638
479
9457
2200
9272
5354
7624
4781
7262
93
7684
3112
7080
7211
9215
1581
9713
4412
8645
5431
5715
6664
2303
8439
704
7031
4967
486
9576
829
6382
9184
8156
1267
6796
1022
201
7887
264
412
2448
2606
9547
6555
9335
3247
1721
4921
9246
3933
286
7277
2390
2105
1846
8992
307
4283
6460
695
6112
9879
7912
8039
7856
5879
1817
1114
2838
7336
5262
5107
3418
1410
6321
3438
6115
222
5211
1767
2896
4569
6182
5859
8769
9755
5999
5265
7806
3357
2093
3507
680
1883
4959
1232
6079
8613
4581
1417
7279
8222
3129
3720
5552
8487
9672
4716
5463
8035
3983
2843
9809
1935
8270
152
9573
4037
2647
9165
3476
6454
4709
3166
1769
2416
376
3976
7668
7021
4122
4169
11
3537
5658
5380
7740
3831
5385
7480
4183
3024
2537
633
1836
169
692
3282
2300
9769
5109
6506
6816
6261
8524
719
390
3946
3177
2970
451
324
4819
2560
6586
6665
8387
6265
3254
5053
7512
3879
9697
5779
6338
3864
2735
2769
5269
7782
7446
1476
5531
4658
7959
9071
7632
6306
24
1492
3437
7817
1466
9699
5465
350
2011
1814
2228
4398
205
4170
2781
3484
4413
3668
4908
9718
8922
1191
8355
5593
1138
5206
9347
258
4660
8440
6070
2733
4266
7589
392
1045
6176
7334
6467
7539
3808
3186
9468
611
943
8631
6374
3006
9794
542
6769
3669
1882
5831
2100
3842
4833
7464
3469
6678
8659
8029
2385
5190
3696
4091
1704
6898
5795
4008
8927
6919
5806
1353
6491
23
9524
3544
6093
6600
8707
5172
7893
7820
8442
233
2022
4925
5100
9929
3225
235
1225
1620
8604
2693
8819
7730
1685
2548
1672
7638
5181
1589
6394
6544
2172
9482
5830
3269
3183
9880
3185
5115
6273
3027
6044
2535
4483
3424
7715
6135
560
3516
7951
9329
194
4035
8062
7181
4843
5226
362
4850
103
9339
5773
3554
9205
6098
4750
6424
8696
2622
2195
9129
7927
8594
8199
2091
1439
6905
3583
5861
4387
8219
8995
5092
4200
7853
7271
1177
6827
6716
1938
1462
6994
2471
7763
6529
6550
5047
9580
4610
1627
7453
1159
7400
6038
3292
1515
3001
6693
4296
3023
8898
1659
3434
658
2191
3485
3141
5796
993
771
4560
760
4866
3328
7845
8022
7220
8990
2332
1708
3622
1537
146
3490
9181
3128
8449
3768
8034
6393
8610
7253
2417
3827
8584
8366
927
8001
6097
1442
2736
1360
9594
664
7066
3020
3339
5333
1132
5308
6389
6512
3980
7146
2911
9958
8069
3045
4400
848
4832
4854
243
2094
4653
1650
9039
8
7029
2048
7928
5657
9199
4460
7910
2153
5939
395
3964
9528
6930
5423
8438
1412
5026
4246
211
5569
5425
4344
3686
3216
5742
356
4165
8926
7552
9564
15
1949
6496
6103
3557
5514
1234
8247
8317
2973
4303
3010
4009
7027
3978
1819
7987
7529
8972
4896
5068
6229
5189
4419
854
7522
5535
8907
101
883
1678
7160
357
8257
4359
9535
5444
2748
2652
8078
7436
3463
9234
7606
7028
6075
3655
955
1801
2003
1748
5132
2007
803
4839
1126
6139
3901
1807
9865
4217
3878
8410
562
6256
9365
5817
7620
8765
806
72
7748
8283
5305
6210
4408
7860
8104
1272
8086
5171
2104
1642
8118
6050
9778
2042
6651
4856
8781
9040
2302
7968
85
2963
5128
5756
3450
4092
4057
3643
3489
344
1323
9572
1482
7276
4258
4926
298
7906
9648
7788
1889
4452
5014
4775
1115
7576
1555
150
8495
2577
4297
2509
6897
2544
8132
5789
4999
4294
2642
1782
3165
6170
5437
6659
1197
1474
1266
1014
2840
1184
7005
8581
741
4358
2658
8678
781
5314
1671
4425
1068
3987
2316
191
2001
8006
6906
9005
3379
57
4831
700
3430
3666
3367
3329
6503
9410
5103
1632
1229
9089
2165
8607
7551
3236
9835
9070
4320
3582
1318
3986
7926
5761
7939
3083
4216
8588
8679
8044
2345
9063
5110
9625
9264
7371
387
2056
4211
4497
605
7458
9541
5031
3783
8839
3122
917
8430
6069
867
3943
7492
6456
3979
7390
3806
2512
8089
6092
3114
9520
8988
4659
481
2124
1981
1467
835
5791
2325
9585
6272
7771
6154
1599
5099
9297
9016
6584
3697
4552
6086
3749
8015
4537
8437
5905
6082
2317
3651
9191
5501
7078
7074
509
1693
9820
931
8122
5814
1648
4421
8881
3258
3448
1742
2904
2256
4668
2263
6212
1123
2572
1952
2549
1931
2585
1186
9141
8019
9019
9761
4379
9797
1862
7585
1275
8183
3927
4822
7362
2834
991
1682
9588
7752
2832
9069
8829
3061
5496
805
5634
8014
5228
3036
5017
225
314
5621
3150
3772
1162
5753
4424
907
5493
7143
9251
4724
3435
4491
3703
6352
9160
694
7226
158
3416
9002
3539
9265
9662
6396
7387
4758
9620
2333
1149
1756
5942
9217
9995
7124
3260
6849
773
5429
8667
27
2430
7682
9237
426
5903
7858
5151
3431
8849
9721
5126
5007
5677
8040
8177
4250
2343
2401
3422
4484
8024
277
3274
9145
4806
9169
6959
2112
598
1160
8683
3636
3097
1330
5528
228
1205
5788
8999
6142
7094
4845
7648
159
7601
3702
371
7832
7813
2436
5145
561
8057
9334
3670
2247
1924
1910
1382
944
6290
1644
5184
4423
6422
6850
701
1200
3384
7798
2002
2131
738
5230
2865
1978
4203
4016
328
7941
7346
4885
9224
8855
8890
2406
2177
9716
2860
4678
1633
8515
1488
250
5632
6363
284
2413
9757
3088
94
6107
2906
8235
9874
1148
5390
4960
1637
6731
7964
6633
7573
7754
3514
2132
360
1870
2346
1080
9106
8309
6747
4377
9602
1405
6346
3535
7665
8170
6543
9086
1458
807
10
3731
9807
1127
3673
5506
5370
6901
5818
5648
2419
6782
2272
843
2142
8445
1426
9679
4518
4590
2672
461
9379
5098
7663
2815
3343
8792
1013
2113
4973
606
5766
3040
4606
1416
2386
5875
3968
8835
9018
8179
6289
6662
6920
7311
8042
977
5457
9538
1758
5941
8133
2319
4357
3811
3465
8817
2267
8626
2740
9223
9419
5120
1364
7994
1881
3037
4395
373
9385
1612
8254
3562
6341
8780
5807
7974
2559
857
4922
4370
9587
289
6468
9884
2071
8718
1595
9647
941
122
6899
5716
7326
9963
9306
4961
7158
6013
1075
3451
1892
5680
540
4093
3848
7778
3482
1269
3977
801
9021
7973
1613
6005
2682
457
9220
2848
6434
4331
7248
9539
5652
5208
5131
7141
5633
5847
3209
4275
6699
9636
8452
9730
9003
1007
1789
5393
2599
2676
1151
6342
8764
8574
5350
9724
9027
4933
7553
9397
323
2855
9715
1189
8085
9660
14
2
5220
6480
4803
2725
4715
698
2170
74
5582
7328
6903
1832
3577
8611
8244
6632
1616
8945
1113
1987
9610
5065
1392
6304
7486
8933
6886
7439
7637
7175
3777
4769
2485
281
7258
4440
7623
9742
2928
7612
4530
2350
4181
6548
9108
5590
9600
6655
7056
956
837
9340
3066
817
5439
7489
3876
3597
5793
7032
7103
7416
667
8482
4455
1343
7421
782
5365
8821
5351
3311
3753
2519
3230
3055
185
4876
2477
3588
985
4048
477
4621
3801
6442
7631
192
9898
6746
4994
1800
5341
5483
8009
7129
3033
8644
9542
748
8790
1181
5114
4224
9211
9532
3051
5066
8055
345
6379
9185
1544
1028
6507
1953
9314
6207
9472
2526
3306
3214
1710
9178
7796
4740
3963
1367
4024
6631
4422
2670
5669
3855
5282
1730
9195
4788
8908
2499
2197
1116
9121
9218
7720
9475
8550
580
6373
8197
1435
2025
6528
7257
7880
1524
1550
7161
5424
3198
2181
2394
1553
9876
4513
9537
82
7790
5041
2289
1438
976
265
5112
1917
6958
5240
5143
5279
7756
1289
769
2794
3841
2367
2614
2956
8867
5525
5093
5037
2591
8518
565
3722
8178
2320
7672
7260
5187
5876
4265
9505
3532
7496
1285
8699
1447
1914
9413
9988
9087
2702
3132
6728
989
8092
271
3421
5136
5276
7991
6907
6312
5557
8931
4137
5740
6955
8218
827
4929
19
9427
8136
5212
4020
3684
6739
1147
9555
4827
8963
8579
4383
7179
554
6248
347
740
1661
1174
8582
4443
2444
681
3893
4267
1489
6784
4382
2916
9536
7886
3574
2484
1182
2420
7065
7315
2449
9839
9138
2085
5897
9746
5050
3136
6787
240
2250
5442
8145
2095
1209
1347
9481
9976
6977
6922
2297
6954
2060
4857
3734
7413
4969
9222
7415
4184
9260
967
6672
2944
3785
2533
3659
3787
6113
9920
3159
4328
6705
5045
9749
473
5003
8689
7398
2330
6068
4363
2075
4671
5800
9140
6638
2765
1525
908
8480
6217
8544
4277
6845
1951
9318
824
9353
3156
5857
7656
3834
2473
7251
1809
2034
8356
8125
6094
7216
436
9788
4463
7947
7583
953
8068
6841
5938
9061
9091
9834
1713
1107
844
9032
3487
4058
5906
3778
6332
9154
4596
9598
8925
5809
9073
6196
2160
3138
6074
8939
1571
9549
5214
5366
1959
7590
441
5647
6916
8853
7471
1941
2768
2850
3845
4032
7896
4106
5237
6924
1307
6825
6299
6307
8303
2101
7554
4123
7174
6253
3433
5871
9903
644
5480
6928
6315
3385
6419
7127
5082
7984
8664
2718
6308
7877
4199
2454
2357
972
2985
1044
6040
7237
8083
5235
1227
6997
4163
672
5763
4719
8517
9370
3293
5832
5654
6433
5851
8831
53
8976
3206
7811
2520
5256
1334
8860
2764
2208
7212
2510
321
1042
7988
2999
790
6275
6805
6390
3025
8336
6489
9992
6482
7263
3714
3620
6592
6048
1749
886
4105
4677
7246
2513
7023
3509
5119
558
6933
9559
7530
4987
8110
9964
7713
3455
7195
909
6911
8885
1457
3908
9796
8704
2321
8061
2089
3774
2958
6052
4884
232
8583
2437
4285
490
8246
4539
1092
938
6947
3152
4662
731
166
9774
4579
6223
2922
2334
3682
9710
9102
4690
7378
4541
7690
8323
8357
2633
786
1193
3034
4502
9651
6111
5855
9633
901
9066
3958
1150
237
563
2650
7855
2023
1171
3398
7288
5547
5085
4494
1314
7982
8948
4773
3194
7707
7351
3442
4942
2260
8032
6175
7677
4583
7639
1050
9092
431
7726
3380
3972
9925
9783
380
2198
3180
513
2206
8809
7526
9474
3990
7052
6110
2405
4917
5563
4918
4131
5379
7044
9436
7304
9957
7776
5828
9924
1533
9402
503
6037
2917
3892
7481
4754
6980
7515
4914
4868
7499
2877
5043
7520
6335
5421
6875
3723
8472
4696
9561
7427
9105
7706
1933
7190
1445
9845
8813
9406
2854
7889
6310
3276
420
2739
8277
6030
5687
6938
5947
780
3884
4816
1325
2396
9646
9726
832
8915
9998
1780
6719
8407
6673
2934
5845
6339
2109
2594
5603
6707
1096
8793
7691
3861
8166
7295
6873
874
2856
8905
3590
2573
4145
613
7905
2393
1990
8921
8431
1034
1625
4971
229
579
7923
6129
5416
8950
6879
2595
9563
2486
1430
7577
2481
5710
5616
4317
4515
8252
6166
8079
8964
4727
9124
6071
5433
2724
607
1717
2617
9798
4313
881
1235
8216
1860
5904
1840
4378
9785
5613
1031
7621
3496
6130
4710
9515
6078
1373
9801
797
3820
4931
5035
6545
2568
6164
2194
8310
7568
1534
12
514
2947
9433
3052
2861
1178
6291
48
4132
8893
6072
4089
8687
7588
9781
4135
4151
3271
1276
757
8505
6344
1605
5124
9842
384
4147
8798
8007
9965
4439
5703
3100
7111
9391
8527
3235
6193
7810
7045
2361
4453
3320
5077
7379
3959
2223
8715
5150
5215
8686
1922
7456
3335
9484
2846
2722
3793
452
1777
3369
5420
1529
9404
6136
7365
4376
3638
1214
2874
1415
7831
1994
8983
6974
2989
7462
127
274
4520
2148
796
6192
9551
4771
5064
4669
9695
7521
631
5458
2930
1301
6347
7717
8153
9708
7199
1145
9371
916
1231
511
3559
2660
2298
8036
3468
2110
8404
766
6628
106
3931
5823
1063
6867
2351
7835
25
2038
2488
8871
1740
6195
8838
4810
5943
1522
5288
1516
2242
7572
783
877
1829
2125
677
902
521
4641
1827
1391
4115
2244
1786
5837
1799
5287
3924
5891
6258
7697
8828
6567
195
6562
954
6441
9847
7286
365
5105
873
3520
7846
5176
2926
9420
9062
6540
282
32
7873
4218
9369
5692
1496
3399
9919
6134
2312
3375
6830
4004
8840
6527
2084
5754
4027
4437
544
9676
3948
8074
5880
9243
483
8962
9525
5963
1722
2462
6824
5668
9950
9343
5311
9782
6039
9226
5117
5768
9344
8169
7457
9854
3232
3068
9735
2176
2683
9065
1744
3642
5578
7108
9231
3836
2886
3279
5229
366
2443
4095
3267
7417
8384
711
172
1420
5024
2927
7938
602
5762
3317
5291
4980
2844
8307
5598
8194
6368
1643
8113
8796
2602
5909
660
1570
4602
5246
9502
7301
9683
322
4080
8542
374
4143
9208
2715
2423
7342
3510
8038
7597
3289
4120
0
7882
3771
1167
1464
7764
9327
7773
491
8508
9983
566
2731
469
121
2619
8276
3874
3361
8209
1530
9167
7361
268
1539
8464
5586
4450
3681
1463
203
649
9533
251
5090
2734
4875
696
9059
4504
1815
4930
3291
8249
8379
7731
1376
4448
2584
9558
7679
5900
6137
1243
6946
2933
5683
8416
1094
6720
1996
1368
6257
3077
4554
9940
5924
5406
5358
5199
9309
2163
2027
5023
4347
7645
1453
5790
9299
7716
4496
570
8576
7142
1502
6284
5813
1302
9117
5783
4476
8017
3706
7957
5504
8013
2802
9144
7741
9029
6204
3718
3982
369
1173
4204
5345
3898
4427
1580
638
212
5953
9282
5883
4310
7443
9332
9814
7605
8913
2955
7470
6012
7802
6018
818
5414
220
4329
2653
537
2791
3616
1988
2695
4730
6375
8414
710
259
1098
3610
7995
3529
3244
2046
5515
2694
7985
4975
7701
9074
5295
2069
4284
1937
2814
1562
4985
216
8935
9212
620
2045
6806
6114
9170
149
1237
8909
5404
4381
6249
4290
1517
7977
9168
7274
6159
6733
7230
6846
5076
8531
2490
6579
1812
2539
1798
1309
9979
6904
6991
8143
8593
1295
2961
3172
7202
9236
3287
3981
6840
8634
1051
9467
9451
980
1070
4605
4966
8268
4207
4220
1047
4582
3355
9099
855
5192
7010
1477
5195
1776
7801
3286
5157
5241
4540
8501
7318
7727
2035
1027
6391
4899
3974
4465
4065
8826
2489
1400
3925
7358
1086
3523
3349
2564
2853
5408
6859
3951
7224
4604
7468
3162
1106
4564
8345
1597
2387
3576
7033
2459
8158
2632
310
1972
7210
6629
306
8126
5407
4286
39
8716
6525
3193
9637
6211
2063
3047
33
6251
6381
650
3394
9678
4391
6969
1043
2130
2029
5188
5846
9895
4805
5490
1567
6230
3243
9418
5719
4749
5046
1139
2531
432
9674
4006
5769
8657
5972
8000
4104
1803
2209
9638
6818
592
6004
3303
1142
6972
9201
6857
1654
2792
4720
1190
9425
5853
1292
7062
1493
2428
4235
6625
9458
7702
2588
3228
3732
8691
5078
8116
5313
6263
959
227
8159
5519
6123
7722
4189
6639
9250
1221
7506
6570
1891
3257
6100
1389
5509
7024
7069
6058
6753
4436
6952
762
4190
3805
3365
9082
341
8710
6148
2028
3493
6820
9900
2288
3911
1398
3871
8563
5566
1041
62
1165
4637
7532
4458
7871
5610
9440
934
4500
3508
6318
8047
9483
4787
1168
6854
3049
7735
9624
5997
1206
4629
3802
7240
5638
3179
1370
2421
2412
6516
3956
7003
1556
2261
2006
8025
520
2374
7121
4238
7150
5329
130
7689
9489
4385
3127
7675
8308
3410
5081
9229
1762
1332
7310
7922
684
1984
5869
6874
2065
9177
5447
8536
7366
2891
2136
7535
5758
1188
2552
1072
7408
7644
7699
6028
2053
2532
5025
682
6413
3333
2362
9153
4459
9271
5106
9911
1483
7314
346
8043
9361
9544
4684
8834
6688
4254
8636
3515
6186
6188
9294
9430
1587
3158
6179
9753
3907
4609
5705
6109
850
1183
8427
8094
2940
2358
5539
2335
6354
640
891
523
8957
6978
9324
408
8331
2616
5733
5009
6519
2366
6271
9694
1313
313
9137
3284
8436
2796
7885
2776
7173
4299
367
2067
6983
6445
3135
6056
7222
8507
5991
8484
2704
5785
5140
7104
5842
5363
1346
1057
141
2054
178
47
7884
7834
871
1091
2714
8876
884
686
8580
2079
3425
4913
3862
7787
4288
7490
8775
5529
8413
1281
4087
3899
1593
9268
6757
9931
2239
7719
7818
1716
9618
4070
5161
5901
724
913
3856
4162
5661
8491
5367
8545
2058
3852
7369
7332
8290
2259
155
8504
9130
391
80
1743
5200
2279
2114
1049
3035
3543
4860
2120
424
2122
9162
1422
8759
2545
372
9739
1898
9770
2205
245
8709
2534
7525
3904
3571
8375
3741
8655
143
6885
8724
7321
7826
464
5908
7807
9434
1460
8124
4786
556
2742
7891
2186
6742
239
964
1706
2631
1540
8958
4346
6064
6155
2383
83
7451
729
7186
674
6051
144
9351
7047
7364
2315
4109
8857
7090
4735
7030
7784
9011
8066
4529
3639
7527
5142
7587
8358
5321
5343
113
1826
516
330
1002
9057
5386
7058
4505
9376
7447
7340
8997
8319
3372
7412
7399
1288
4096
5532
37
5185
9987
3171
3631
1152
4997
8772
209
8666
18
1586
6587
8648
3775
6738
788
430
5361
3008
9654
2823
5744
5631
329
9523
2657
3123
7579
4536
5852
5792
2980
4134
6160
9485
9848
3429
7543
6712
8188
4958
4045
253
6982
8333
5920
2465
1746
4236
7063
3376
9756
3370
2108
8625
4404
9204
6227
8943
9277
3067
4517
9146
4576
4373
4511
7567
5318
2525
6714
1017
4388
1470
2202
699
5533
5695
7059
2249
7986
5617
8255
983
7299
3464
3624
8101
2730
654
3492
7402
791
7476
798
7874
4281
6577
8940
2240
6658
3101
2893
1263
2088
4614
6288
3894
214
1019
7888
3391
9577
2373
6985
8162
3436
6791
3428
353
7009
3640
1140
2957
3606
4025
9287
4627
3477
6792
6616
4231
54
6829
123
7043
5709
851
9476
419
5630
6220
5445
2290
4055
3336
659
2141
7929
3072
4011
2761
7765
3221
2936
1763
2505
4989
9813
1429
9906
8151
5253
9893
7401
3443
612
8107
8795
2723
7930
3310
6226
140
8376
5148
559
8800
4499
7542
8344
756
2747
7534
7849
6531
3265
8330
588
7862
2152
4935
9360
8418
2344
939
188
29
8967
1015
8661
5302
2728
8996
1548
7136
5306
405
1660
3850
1452
7140
1342
3746
3589
1384
6990
1450
5933
1686
2019
7113
9320
9901
3242
3809
8184
5039
5984
6218
5174
6776
3656
7599
1878
7485
3744
4480
3829
7292
9460
1689
9738
4407
2127
945
8041
1437
5357
9417
6819
7745
6998
4524
8026
1112
9394
9526
1719
4798
3660
1163
9714
7766
9867
4755
5915
2294
546
9892
3733
6184
7878
5141
3155
4392
9179
7438
2474
3395
3847
9432
8942
670
8023
4886
4050
9873
2398
547
4643
5245
4745
7241
485
6996
8364
6869
9362
308
7079
9020
413
8797
3527
1102
9283
4871
7901
7194
4227
3093
7842
7650
6478
725
8181
9826
2275
6722
9897
1739
6800
7395
2991
812
4597
842
5810
8532
1401
5583
1974
5467
2501
6430
9912
8767
5398
117
9408
7338
2207
3680
882
1056
3745
1787
2245
8697
6322
9465
9996
6709
5622
5348
8195
6241
3677
6925
6118
2502
8551
7312
4072
3565
4848
6010
9875
2479
5251
4198
4335
4107
9166
8512
43
8227
4017
5979
1676
1228
4703
4841
8799
5843
6034
4306
4751
5945
6124
218
1427
7804
8920
1635
7789
8279
9096
4461
3695
1950
3174
5678
352
5340
1199
5312
8412
752
3573
7808
4707
2324
179
7172
504
9164
1434
621
4172
1137
4110
9661
4934
6317
8422
5676
6973
3711
4176
5585
137
1962
8457
6199
8341
7432
7569
2992
8033
8115
8403
9684
4995
4262
1969
666
210
6700
690
5932
1456
7309
9916
2129
343
3735
3413
1582
8075
8658
1245
1216
6601
6505
7636
4431
1444
5349
6634
1856
236
9056
1208
2380
2997
6293
7504
9568
4410
1609
4864
8734
3619
5401
3427
604
7518
662
4233
7208
4800
1328
4318
4054
9974
6465
2269
3761
2640
4647
3205
9941
7100
6556
1074
4205
9767
3471
8884
5294
5180
3283
4796
7779
1218
6477
5957
58
6435
4434
7072
8752
4081
7393
7571
4108
5154
7975
1279
9743
5397
2400
4485
6420
6834
6043
3256
9308
4188
8093
5980
442
5169
4158
7109
7698
5163
6743
2226
609
6366
6624
3563
5133
2144
3371
1714
6357
427
5396
8901
6781
2414
8615
8180
5840
6020
8592
9046
1680
4900
8651
3598
4859
4732
5096
2281
6180
4405
385
6081
1674
5512
1315
6407
3689
1884
9552
9657
5466
4324
1066
1576
1559
5918
6203
9488
4957
9393
3419
3111
9850
3653
5086
8569
3113
6402
8076
8776
9114
3541
7980
577
6680
6099
810
2147
3227
3962
510
9412
5448
7239
9463
3334
7006
9490
2146
5033
5602
9326
2835
5629
1771
4337
5553
6578
9190
3603
7768
2161
8267
5707
4493
5196
3738
5405
2283
7799
450
615
9416
9342
3835
6237
7011
846
1
9400
102
7154
4649
4470
1718
4086
7848
3915
721
359
4770
4984
6106
3095
8121
2461
3439
9047
8638
6509
5935
4300
2212
2098
6626
4665
8398
1541
9290
5403
5641
5310
472
9054
7762
7424
4506
1297
7272
3498
9831
5438
9279
4548
8910
7523
9429
2070
1331
9421
1419
9980
6228
7566
575
856
3747
3148
7188
5479
8262
9790
3161
8669
4739
4592
6546
382
8810
4946
7688
6490
1754
2629
4244
4114
2708
4729
7857
1402
1509
746
9012
7932
4034
4215
2627
4271
8541
7540
3568
8112
7096
9380
189
4332
7077
9907
339
3176
728
6266
4956
5558
6305
8469
7925
7582
6380
5494
3400
6171
4661
2331
9754
5635
8245
9053
8573
9473
5844
9261
5926
8980
2118
5776
4742
9917
6557
3661
8766
5118
3627
8843
9210
3920
9028
5689
3309
4005
1796
5928
6285
3989
912
7374
6694
6045
6459
4088
7626
3050
4150
4526
4676
5684
866
3558
2043
3137
4157
5218
5723
924
260
35
3032
9725
309
5224
2508
3016
4124
6581
6884
6605
7167
6630
3526
7797
5659
40
1403
1478
4210
767
488
6613
1383
1768
5735
8316
1499
2151
4456
7667
9609
3299
9196
8311
5029
1135
3377
6730
5520
5303
1753
9147
2822
4160
6951
9445
6127
971
7570
5116
8494
8949
5965
7465
7428
5886
2381
2760
167
3249
6194
6767
1258
3937
476
706
2732
9017
2441
3519
1351
833
9479
7120
2055
5787
6609
6511
7890
730
5336
2076
841
5209
9275
2895
9375
645
8135
1645
5748
4243
663
9762
669
9506
2185
7075
1735
5936
6246
794
816
7555
1772
1583
1085
2661
7025
2811
3932
7786
4292
6294
9068
1728
4514
8389
3700
7728
4354
5726
6923
9811
6190
9442
1144
7422
9690
2521
1875
5777
589
5775
7282
4171
9793
9846
1510
2967
671
8193
6163
8432
809
4099
4420
7204
2910
7921
9232
6077
7913
175
5702
652
7330
4855
4695
8292
7425
9521
7348
2692
7661
2265
2968
9562
9645
9258
9284
6019
5925
8993
8251
9317
1479
6748
3459
8137
6941
8599
7054
300
6729
294
4362
6597
2700
5346
3910
1503
8269
8131
4474
3190
2570
2908
7420
5183
8778
3157
1964
6416
534
5067
4823
1136
2399
2628
4580
5507
5259
1906
394
2950
9441
325
1282
5087
5666
4624
437
3042
7435
4630
8698
2540
5570
8354
5992
9829
2842
9336
2368
9392
905
2717
8642
6224
9288
3581
533
2183
8182
2873
9450
9381
4531
1032
7920
4149
7769
7565
7633
1038
6591
4712
4599
1662
9752
3153
6485
7440
7955
1121
713
3712
507
7081
3417
9881
4990
41
4368
822
4988
3633
8458
5986
5301
3873
7466
8602
2561
6473
5339
4232
1514
7308
1864
3531
5475
6333
3863
2187
7037
2766
1385
7290
5860
1433
6371
1194
8633
64
8473
8347
56
6986
3859
2363
4118
448
7967
4229
2959
301
5468
7785
5123
1847
1283
921
2915
2975
9639
7914
2379
6105
5277
8360
8833
9936
3814
525
7203
1712
8614
4128
3488
6802
8174
8486
4141
1490
2051
2689
3175
8742
5693
5272
4852
5682
9878
573
2282
716
6016
5967
8474
4683
7046
7732
7329
1311
3011
7289
3073
6222
7293
2705
7291
8773
896
5071
9543
5513
6125
9991
7122
8635
2554
4656
8560
7516
6061
6568
8081
4512
5498
9300
7528
242
100
3495
7870
361
370
7147
6948
2996
8462
4074
5551
415
2637
6197
5030
1835
6398
6668
9446
1262
4428
1327
4765
316
4248
9293
3212
9841
3555
9500
868
7821
3865
8243
5976
4655
5747
7681
1824
5478
3139
6403
3160
8900
8628
4766
628
2201
4178
2445
9599
4865
1574
8877
8240
7317
4611
7613
1335
8660
1461
8872
1497
6934
9688
9522
2953
2388
9682
2962
4962
4125
5849
2872
5872
1956
7854
864
2880
5327
569
5878
1143
3632
6387
9605
1097
6119
8899
929
8791
747
4907
5595
4948
3316
6493
6967
6536
6721
7091
1880
9722
9498
8727
4830
126
6547
8378
470
543
5095
9927
6588
4694
3917
2452
4287
2639
6358
5732
2322
4936
7581
1992
1868
2061
9036
2222
9975
7170
8071
4718
7956
2774
946
223
6975
7781
2115
8568
131
9245
1062
736
1504
4700
9855
8719
7739
8289
5577
593
219
7434
4252
7138
6604
4067
9653
9509
3782
8530
6795
8966
4873
8740
6995
9311
4862
2372
6088
8206
9687
7700
7989
2402
8653
3517
1411
4601
5273
4691
3432
5376
5839
919
5737
1203
751
6101
5887
6003
8986
6361
9668
6471
4573
6216
8605
6006
4026
4509
758
204
3315
6377
9590
7083
6878
9836
8400
4943
3912
865
465
2866
3325
5210
7531
1850
7865
2425
8214
8668
4492
7963
5937
45
4269
4615
3621
7073
8488
2787
2890
5285
5432
2482
9291
1755
7533
5825
5738
66
505
7917
9387
6147
368
2493
6470
9612
2440
6021
1207
7507
8914
5848
9013
1585
8148
2679
9851
7662
5599
8324
6287
4705
8481
2080
6764
6957
1745
9581
6411
1725
2699
4764
9727
8478
7404
2609
5495
7450
7460
5690
8002
4291
2469
8984
5436
3913
4534
2795
5139
6964
6670
6804
2150
2567
4594
1076
4010
174
8138
7547
6278
3405
1970
7652
8852
7559
4650
4449
87
532
584
4586
6255
1226
8405
2889
1566
6008
784
6274
331
8490
1773
2329
8368
5094
6474
2274
1399
2892
3217
9869
9933
5203
1757
46
3916
6612
3534
6942
5453
958
739
6565
5129
7829
5
4445
2068
2793
153
2662
4221
224
2852
7244
9259
9871
6690
926
6049
9786
2284
2243
9882
4019
6635
8479
6856
3164
5720
2214
1320
3716
2039
1668
1117
7322
2710
3794
2522
124
5155
135
853
545
7339
6345
6697
5608
930
4473
3351
1888
9090
7303
4289
4127
7149
3522
7377
3441
2984
4414
6768
3839
3366
5863
7628
495
8894
2960
8558
1596
1785
6015
2049
8343
814
3070
6158
7125
5222
9150
6793
8650
6563
4213
6950
9791
2993
5841
9942
8221
9466
3062
7970
3314
4829
6243
2123
8339
2241
4673
4940
5264
8934
7448
1849
4572
2634
5961
4697
4699
4898
3342
5032
4478
77
6838
3678
7501
3784
8987
7586
5089
173
2073
9461
51
4944
3822
3923
5290
8685
1131
1538
8171
1012
128
7016
4454
4389
1619
5450
8738
8547
6590
2870
709
5801
888
6932
76
6421
4950
5332
8703
904
8429
9951
4498
8589
8447
2495
1578
4890
3059
1021
8693
2087
5153
8185
336
4273
2378
3599
4352
393
4672
1859
2480
3726
9593
6677
156
7800
4234
6583
5739
7403
3779
6429
115
6395
4692
1813
168
6821
7479
9630
9459
2082
2945
6572
2451
2032
3727
4813
326
5004
1788
1961
4575
2777
3389
2258
3240
7426
3504
92
7509
3896
641
3353
9227
9378
5994
1133
5916
3815
6414
4173
7396
3886
9078
4322
7086
6807
5736
7822
1828
3891
1876
9213
6383
7574
8832
2920
4510
5058
2036
8516
585
1036
7753
6236
5261
8288
4316
7411
6710
9267
3109
1971
9100
838
2986
1523
7673
8923
6847
3440
1230
7098
3470
6576
8455
618
1867
889
2173
847
9403
9949
8420
6870
9666
968
2982
5589
942
657
7864
7020
3208
9731
6654
637
5604
963
3146
6910
2938
379
7833
7106
1552
8348
2235
4304
3536
7524
3789
7391
4138
7232
8556
2707
2467
7659
4532
8322
7703
8596
4094
8566
5317
7071
4702
7472
6178
8318
2403
4757
2828
5730
578
7611
7942
3169
785
5636
9428
6334
8647
5372
6708
2914
7344
8425
4711
6711
3587
3085
5952
1386
396
557
1058
1271
5711
9424
1805
6151
4159
255
5166
1588
8533
1557
4686
5572
5371
2169
6282
9853
3007
7669
7087
5060
299
2712
6783
8211
4046
8217
9877
9249
7948
5516
1703
1606
4955
4842
199
1598
2077
9303
6066
6801
8739
3466
5688
4315
9550
7128
3906
8864
3018
9007
4679
3866
4648
1989
5238
2230
9604
7615
3614
8748
8362
6908
2236
9491
8359
3324
6844
4874
6918
7168
8253
8755
1459
9409
4553
2457
2812
9151
2879
9323
6487
2612
2867
4196
6187
4785
8916
3797
7270
6736
5186
5441
9094
1310
9422
2020
5044
1374
1932
7536
4487
4849
1375
8680
2138
6041
9001
4479
2857
9589
1636
6780
7484
2376
7618
8388
9943
7946
2685
8402
2674
2313
5794
7215
8794
8917
7580
246
1628
3108
6864
2092
1901
5165
9221
6191
1618
9985
5477
1306
622
4462
2044
1122
8175
6882
6745
6771
5708
9025
9863
9775
9449
2696
9175
1673
2833
2527
4983
1623
5193
5950
4068
2649
6756
9135
4325
1448
2074
4911
3688
4789
2221
6777
320
3674
7940
6231
530
6412
4327
3168
4939
6002
8883
1257
7678
4486
7227
7278
1088
9816
2418
8623
4667
3026
5022
7189
9997
7519
7497
9503
1695
7743
7695
1424
897
4846
7607
6648
8609
9866
2121
2097
6481
6406
4616
2216
7660
7233
8164
5964
3890
2623
9667
5729
9977
7407
4312
6656
732
830
5824
8578
2912
5134
9048
9669
8196
7972
7095
1035
460
6774
1615
4015
6156
3737
617
5422
9359
5000
820
2663
9511
799
6295
2012
619
4049
4495
4844
5459
8946
8393
6267
3163
7038
38
8553
8880
6877
3685
2377
7265
1356
8756
3528
6564
1927
2422
7839
6515
6723
4175
7630
5231
9209
1440
9171
84
8395
2667
9098
8928
8502
8130
98
2504
9764
9619
2921
4603
5415
5890
7357
7876
1907
494
4923
5671
7319
5173
7596
406
9372
3262
3750
7333
4264
3104
6399
6615
9008
2137
3776
2033
2878
1526
5944
9938
5360
7294
5489
6866
3092
3474
7459
9395
6296
5097
6618
4549
6593
8729
6523
6881
6831
1936
497
2096
9689
9621
9732
4280
2463
4367
3142
3826
9033
5243
9890
1099
8272
8152
8562
9578
8225
3905
3997
1852
6775
7749
8561
8383
8953
6369
3542
3195
4126
5971
8082
9497
2455
4909
421
7368
5250
7827
3578
9723
2086
9822
7482
2664
4230
6689
918
6538
3397
8619
1154
1707
2157
1039
646
795
9566
3057
7494
2435
5369
2411
248
9534
3307
4571
2882
5752
3407
4251
9101
8382
5982
4768
9750
8087
7250
8167
8896
4433
9049
8434
5073
6915
4968
6815
858
4338
3064
8146
4464
7934
52
4821
6510
7558
5995
4704
4142
526
2580
4380
9691
1204
4432
7491
358
4330
9244
2211
9608
2234
9904
3994
2475
5084
8305
4326
2064
2759
3187
7919
879
4840
8567
524
3467
1512
3840
4350
8856
8842
3513
5538
2675
7936
4759
3929
9664
948
7563
3014
9374
4688
8377
9864
2008
1699
1125
285
3184
4503
7442
7385
9411
3048
2752
6927
2360
5913
2827
6851
3319
8141
1697
9777
4154
3935
1425
1213
3076
5993
5550
6759
8841
3486
6839
4797
5304
1640
3350
4477
186
8242
7214
1830
894
7082
7355
8352
8477
7200
8399
257
8329
3940
2888
9235
7406
7118
3600
4399
5464
4144
4073
7899
3278
4952
3270
8979
2551
2978
5417
4652
6575
8746
9806
7307
5270
9112
4792
4153
8453
9675
3356
9843
2729
6292
377
7602
8050
7793
7019
8624
6024
4185
8706
1919
4469
6353
4811
8397
5330
986
8467
8392
4802
3084
1546
7041
2262
1986
1246
2579
1016
8548
9077
1089
9386
9626
1093
8056
9606
4435
7608
3530
3086
9080
4533
8266
5088
8295
7592
9060
2536
411
8919
4795
7723
5574
3857
2232
6475
5822
6252
2706
2589
6047
1591
9388
4191
1003
6517
8555
5767
1669
8954
9452
582
1603
8732
8677
8088
9156
7670
416
4002
3099
5102
1192
7502
7981
603
8608
4319
5470
4279
8049
3709
1727
7791
1928
789
8848
2179
9650
1784
4927
2813
2180
7097
1264
7550
9852
8763
4920
623
5899
7441
4168
595
4685
5694
9328
3556
8862
9495
2686
6943
4543
3780
6007
9478
6089
4851
9734
7635
7714
5969
119
7004
5989
969
6871
7123
3954
1233
4021
6444
6388
499
591
4197
3613
2995
8498
6876
401
8426
7742
8415
7287
4570
9817
2654
5275
7285
777
6647
1046
5821
8120
91
992
280
7824
6239
2460
445
5812
1656
6778
1341
2174
4119
8806
5854
8351
5643
1726
7177
1779
6891
6152
2981
4545
9119
1848
139
4341
8280
539
2225
744
9519
8938
6498
9122
4974
5168
6417
2932
8465
9763
8150
7116
4208
9693
999
2409
59
459
915
8749
9510
3233
7475
9346
8654
1252
3229
4356
8968
1428
9067
9569
7575
7851
7495
5328
164
9670
4567
7965
5337
8320
8441
4774
2491
8204
7048
5359
2772
2586
9042
9239
9131
5476
5803
6561
9978
6671
3586
7331
6987
4278
7201
500
1305
8811
9513
8236
8105
148
1083
7409
7560
8702
496
1223
4837
3567
6962
1101
9902
6128
984
5686
5607
6703
7755
3975
7256
7410
6513
5948
861
404
414
7135
5910
2763
79
4559
8694
8186
4139
4349
2311
8846
9629
6926
4784
1358
2716
2354
8443
1564
3754
7353
2913
6102
20
1451
6642
2204
5721
5315
1911
6011
2972
6325
3585
4793
636
3816
7705
1471
8837
8111
4152
7627
9758
5296
8106
6209
571
5239
892
870
8989
1611
7102
2392
549
4991
3056
9671
9263
5592
3313
761
8291
5696
5059
2743
8969
7359
4402
5497
7816
4746
1485
4836
492
254
9643
1684
6724
4415
4612
6999
2382
6173
6611
4717
4374
6259
4585
2990
5873
7060
2756
9173
312
9111
5650
9031
1602
9540
6270
9709
6826
187
6582
8782
1082
9075
8895
9921
6865
6140
3952
1794
8951
6892
6065
1486
8577
9719
9680
4339
68
7223
2005
354
8294
7235
61
7757
3607
9705
4472
6425
5660
6900
9815
2155
4386
9946
1774
1894
9132
6144
8016
8172
6436
7709
1997
8008
7254
2424
9183
3564
6031
4063
712
5159
4657
2468
1241
6595
7007
6727
2306
1454
2431
4365
295
5400
9595
7008
1030
1491
7487
9486
5019
2359
9961
8965
1355
9747
1675
292
1521
6855
772
5580
3149
4239
3634
5061
7162
5651
8994
2496
305
3294
5772
6902
9338
3409
2902
9157
1902
3473
1838
8513
2919
3759
6418
5144
5639
4953
6042
6751
6233
7392
5895
4587
8863
3475
7844
1549
3144
6157
5826
6343
4097
4249
3069
7640
7737
3412
1418
4613
3213
4274
8059
7578
9438
878
6446
6286
7897
1350
4776
3449
145
4638
9896
3124
3870
4174
9824
2698
7625
836
6752
5048
949
512
4794
8134
2749
7236
2859
3102
8786
6455
4446
2869
7
8256
3832
3215
8745
5201
7674
8886
8941
8201
6250
4393
3671
3374
6559
7775
9464
900
7015
5877
181
1629
7373
1153
8587
1048
2081
2546
3447
337
4012
3973
9363
8406
3658
8808
2784
7935
2040
4340
6989
4255
116
1893
4804
3302
5135
7751
3992
9556
2779
6132
7564
5462
5565
6760
6330
8708
65
860
7738
1284
515
197
4738
3810
7139
2821
742
6367
8879
3119
8858
9529
1747
1531
5568
1104
6200
3742
8824
288
4970
262
4179
7088
8142
8140
3763
7099
6786
4209
9948
6861
49
6280
2688
3081
6447
4556
9079
3497
5426
474
859
6573
2004
9439
2621
9230
5055
555
6798
5548
2615
7649
8161
4981
8751
6686
3458
3053
3188
3074
5679
4186
5892
9872
581
2677
5368
1536
4664
7156
6091
1843
774
6351
4996
3460
3751
3807
2189
7544
2807
7249
1365
9292
1224
7197
6894
1709
8911
8394
3612
4345
4547
2355
4563
4577
8538
2336
1000
3725
5545
6410
3318
522
1052
1967
3147
6133
4078
6504
3757
7725
3296
925
3781
8500
8090
4457
4622
8977
3999
8825
2447
4951
8278
3041
6326
3115
1507
9143
6602
7538
3877
334
9081
8139
8281
1655
4881
8937
6162
1354
7370
5867
6076
9613
743
2066
5559
2503
1688
9733
7449
2253
2687
9779
653
567
1667
4619
5286
6337
2644
5704
6643
1993
132
8045
6372
6661
8446
5309
3715
142
5473
9448
5091
4618
5868
7064
7510
9097
2780
3665
1251
9398
7904
2052
1431
8717
8190
5930
687
6813
1601
2543
1067
3947
5125
9401
3192
6376
8067
9565
5298
952
6026
4646
9838
5591
5382
8048
3629
5914
8463
6172
8037
2751
2013
8226
1573
1958
4550
462
4872
8783
4744
8847
9792
5518
8271
5248
4687
6837
4372
8700
3914
4361
5884
9932
6750
8606
9765
2864
3705
3502
3969
2942
3944
1604
8163
4557
4642
6161
4558
4869
9269
3402
1381
6696
5575
3525
893
8768
3098
502
826
4979
2126
5056
5893
5996
5280
4574
1348
9567
7388
3483
7040
6117
5540
9575
6185
8326
120
4883
3803
2285
4133
541
6497
3881
3058
4879
8525
3103
4546
6970
5158
1472
5685
3928
4301
1361
2426
5600
9658
8974
8012
1487
6206
2188
8385
7517
5316
4887
703
9926
407
737
2217
267
1750
4001
4772
319
9554
8510
6913
8470
8286
114
1280
8419
6438
7805
1554
5472
863
8869
5998
8529
3017
1975
9953
2062
8203
7772
8312
2976
8005
7381
1369
9043
1677
8785
2969
5216
4562
3971
1658
9622
2816
8822
1929
5167
9973
2949
7192
675
8306
5656
7323
6350
1985
1614
6301
4820
568
3173
4394
1822
8213
6853
4897
5946
1077
8961
5040
9116
417
5517
6935
3126
2785
6401
9396
1991
2831
6323
5714
1141
8744
6116
5698
1634
5579
2703
8371
4737
7363
230
6842
4371
635
3387
3337
8639
7209
4916
3625
6329
825
9455
9367
5724
2876
1651
4748
8509
3480
5485
3851
3641
3560
8753
9373
1388
7478
9686
3950
1900
2845
8072
7126
327
1665
8522
1236
2145
1909
5320
7646
8063
9118
5111
1653
7198
4489
679
1371
6431
8712
5543
4666
8117
4814
1111
8851
2898
3760
3107
7958
3245
6067
1948
9010
759
4403
3719
8912
2547
3628
4863
8652
7343
5412
5018
1449
4993
9270
9123
2308
8570
2610
4721
5170
1316
8554
2083
1484
9702
875
7429
4488
1005
9431
2618
600
3199
3202
7999
3647
9918
108
8374
3393
6062
8433
5549
2801
7809
714
2270
7283
9453
9986
1624
9803
7902
8304
9202
9423
5387
9717
6276
5484
5780
9366
5555
7050
551
5655
4706
2767
1797
6022
3770
7153
9945
3082
3817
8064
9818
2858
7998
5911
4825
2528
1469
75
2771
221
7708
3713
4075
3561
241
4584
1337
6773
9501
6462
163
5452
1694
8670
5263
3003
2603
4762
3604
5236
2974
1495
4723
7795
291
5347
8147
2541
8534
6737
9789
3106
1590
8741
4508
6814
3773
6979
2646
3601
981
3635
3013
3853
3222
5541
6235
7591
2948
4555
4928
689
5249
7275
9888
7680
8586
8947
6599
5057
8646
5016
2059
8874
3902
7327
2251
1802
5701
1377
3200
9254
6558
7001
1308
590
9507
9285
749
2135
8466
3945
9736
8802
8591
5130
7461
273
3500
3880
5079
1326
4910
2310
4429
6138
6526
2524
3512
8102
8747
6495
3404
3499
7721
3305
2293
7483
2983
9857
7780
5856
626
9959
3889
4853
8497
1081
9266
3065
6167
5544
3277
3248
6202
7180
8454
4066
2600
8540
2719
9910
207
8889
4084
449
5074
213
9355
217
7002
5221
8673
6549
5713
4438
3004
3094
249
3312
576
2613
9969
4731
1134
2224
5978
5940
2681
6808
7541
3454
2203
3461
9889
2171
7061
6472
5388
6189
8258
8643
8590
4812
1558
7092
7268
4140
3223
629
3743
8774
9207
1733
1908
3813
5576
3942
2168
6836
433
8173
9203
4589
1724
8237
1513
293
3304
7997
4726
9909
7903
4241
3252
7629
8805
8991
1253
1565
5627
2456
1498
1734
6610
688
8485
9966
8228
5977
482
1260
5113
8020
1100
7012
8640
6500
7537
238
2252
1105
6681
7117
4482
7837
3791
2446
5219
5966
2597
2304
9915
1333
9833
2140
2745
5383
501
5537
7952
9304
9701
7345
1702
8248
5560
8370
8827
8314
9773
6622
5392
5725
5104
9225
6141
6936
764
3988
8275
8424
8327
99
2433
5640
4817
9596
9531
2438
6966
7134
6090
3663
7300
8612
3934
4061
9242
4077
8123
9187
9414
290
6085
5927
9316
8284
7556
2164
9759
4098
6535
6269
2268
6432
9248
9832
8788
2030
4779
4082
4113
9823
3926
661
4889
3481
5101
3143
5662
3991
429
302
8543
7419
7944
9022
8597
2837
6620
9885
685
6483
625
3457
8818
6683
3755
4828
3029
4047
1108
2514
3602
4982
3071
7055
9530
8265
8011
8930
6534
1029
1738
3790
4059
2218
1255
2782
6245
1926
8334
1977
7868
7068
4409
484
2669
4257
3151
3118
3358
8627
3189
1380
1920
2427
7990
3900
9009
5325
6214
6614
2246
9821
463
3895
6912
4397
2598
715
9158
3390
4192
5443
2569
2592
5759
6359
3359
1915
6653
3909
8539
2713
9914
564
8273
7908
804
1011
1254
2626
7261
4053
5164
9617
256
7843
2139
9447
6355
3579
8098
386
823
6486
2741
1172
6336
6415
6646
9673
8784
2790
9937
1955
9905
2818
7281
234
6520
5062
6494
422
1921
8870
3226
2523
7217
4155
536
107
2134
7907
2604
7687
9574
5934
8844
4194
4041
1379
2655
727
4713
3009
9984
3456
8616
5299
4635
1408
1930
6120
6797
1073
5786
5923
4451
3120
4116
1312
6832
8823
4888
7018
5122
7085
9616
8982
2557
8731
7954
7655
6452
1362
6914
7221
2946
3800
5491
527
1004
7869
9744
7057
8095
5750
8637
932
4858
6734
8807
7744
5355
4600
9044
4519
2758
3551
6560
1543
7178
3872
60
3360
8054
7704
4282
1966
890
8720
5620
36
4044
154
6443
2326
9860
7433
8321
2819
423
9305
7654
9006
7384
3970
8363
