7284
2666
444
9756
1522
4561
2271
933
5061
596
6103
3323
212
1174
7649
4139
4138
4685
1611
1793
6199
7622
3688
9748
3137
9091
8561
8932
3421
9664
1492
1621
2703
9495
4006
6547
1382
319
3786
1676
8448
7289
6990
5788
7541
6192
5017
3316
1005
621
5648
7609
5197
9831
64
6515
3580
2757
4473
2609
5651
7702
6341
1922
7913
8781
7808
9058
2286
8604
2592
3789
8528
2401
4054
8837
8395
6094
2048
1207
6615
7844
1217
5954
9948
5524
6262
8330
6421
7508
87
7634
574
5457
688
8493
7291
1319
9400
5617
3828
9951
4192
330
2517
4127
5744
3408
2503
6183
4689
9511
9447
9052
9727
2968
9501
2459
9545
4235
7618
7245
5949
440
9580
9071
3585
2667
870
7580
2169
8154
5674
5590
5077
7927
7239
5998
1431
3949
4210
5653
1184
4462
1477
702
6019
6067
6134
3206
349
8858
9502
6112
7742
2823
1738
8888
7960
7920
2875
1962
8164
7819
3343
4376
6659
6583
6117
4675
1749
1442
5624
4373
4337
3035
3479
5806
2016
4782
9830
1219
3020
4846
140
4351
6533
1853
3676
1185
5420
3324
4144
8295
4694
1335
8830
177
9090
8648
13
1942
3069
1644
2779
3539
161
1665
9918
4648
8017
6832
5709
923
1244
8274
8461
2431
4093
6422
4538
9279
8855
420
3283
4549
3446
9037
8074
6194
6278
3598
7815
8213
4592
1750
1854
1691
2614
1152
7459
1056
4952
4140
5968
9926
9814
8931
7197
5014
4744
5846
1310
8267
6645
5179
759
7151
7295
8158
5696
3838
8083
5206
3469
214
9966
9820
862
3310
47
6672
7930
4682
8892
4568
2123
5874
5527
4881
9855
9249
6740
5743
1779
4371
779
752
1099
4206
2156
9658
2340
6624
6267
5393
573
8326
8924
6179
7962
4792
7923
7006
4189
5849
9232
9584
7398
4465
1820
9996
7283
2696
5896
3638
719
5288
9668
3078
4273
5568
8296
3240
2413
2538
3266
2485
6945
1355
9849
3321
1670
4094
6454
6876
5294
3522
2162
2535
5867
3112
8506
6119
1758
3622
6033
6328
6111
931
4402
2157
8297
8695
9813
159
3793
9722
2213
3271
9726
9223
4678
3717
4226
1350
1700
9302
5272
1325
751
287
6197
3564
5670
1838
5092
3532
2884
6762
4131
9869
9048
301
2170
476
3675
5081
1343
6453
6035
9051
8109
8210
135
2585
5773
29
6304
2910
7606
8350
4641
1447
6794
3335
3258
1470
4070
6946
4301
9981
2419
5937
4429
1593
2516
6074
7041
406
9084
5655
2465
3211
3541
8111
6778
9607
7
9141
85
6085
4110
8544
432
6555
1897
7751
4577
8610
9181
3116
9766
7300
8893
9674
530
6830
314
150
8410
7457
6045
9121
7854
3259
4990
5914
2549
9407
7607
8903
6966
5855
2912
2000
217
5747
3374
7928
520
576
3562
6178
750
5840
7372
5281
3772
2831
9117
9060
585
3823
8713
3804
7954
8524
4684
9737
5609
9529
2668
1784
4217
467
1760
6855
9861
9108
1279
3698
4667
4481
9225
8684
1010
4392
6392
1771
405
8936
4560
5564
2015
423
9355
3818
6857
1230
9900
9087
577
4321
3067
5054
3819
6097
9142
1622
4050
5192
8256
3705
6219
3579
6501
1221
6237
2303
5038
8385
6373
9054
4267
332
7884
4749
7861
1619
3071
2594
9439
8090
5210
389
6160
4483
338
4242
532
4214
5362
8456
7575
6152
4187
6631
4241
7847
9800
2795
1065
4329
4554
2109
9915
6976
7189
972
8144
322
6757
2161
66
1541
5677
6407
8014
7186
8141
2890
8964
6257
24
7811
3236
7281
1960
5639
6596
973
7941
1104
5810
3892
4102
9053
9834
5819
5161
9588
2022
2998
2480
1721
4874
1576
4459
1509
1785
8114
7530
8102
806
3357
6541
471
5012
3128
2952
2240
8130
4870
7756
947
9959
7560
5567
1006
7441
3399
1353
8310
305
3241
4063
996
1791
2371
8749
6671
1573
4109
5433
4936
8465
5164
3201
8275
9150
5421
8818
9238
8670
6748
6902
7568
3887
7415
7156
3042
5907
6299
4022
1736
2229
1257
8116
7110
5346
1419
5402
5168
8201
3728
2084
6323
7836
6394
2313
7946
2083
2870
9025
8721
7534
2106
3667
5704
1789
5136
2985
1149
543
6149
9484
8550
6847
2533
3064
1200
8654
194
6363
6213
7162
9114
105
108
2072
5142
6329
5647
6057
3504
9340
5984
132
7513
4920
5209
3411
6239
3544
742
7234
7777
2407
725
1716
6064
2621
3279
5873
2715
3409
6386
2246
4252
1742
6469
7178
7492
5699
7698
8352
7439
9499
4030
7796
4614
8913
3030
6282
6189
3910
6903
6648
6993
6532
9323
5100
3427
2203
6010
9353
5126
2577
445
1126
7865
8070
1678
887
7804
5416
9098
7658
1704
8229
3629
4085
3267
3709
1299
9316
8166
9239
4083
8076
2982
2070
5228
5692
5803
5904
9266
9675
5866
2345
2699
2021
5816
7635
411
9677
5304
465
653
7051
7596
3566
3956
3849
75
1553
5132
9507
3681
4155
1111
1505
2116
3928
5594
5107
5467
2152
2420
2117
6995
980
2530
1113
76
5201
1446
6550
8798
8523
6259
7252
6075
3990
5472
9549
746
8734
4504
8346
7166
2055
6922
2290
9388
6636
5317
3933
2026
561
7771
8206
7665
3024
1597
5808
9598
7639
7417
7421
6967
4072
8951
1672
8397
4783
4458
5990
6471
7414
9754
5750
1680
1269
2550
5071
7018
892
9097
8301
415
3903
1928
7312
3518
4935
9692
9115
8302
4600
1790
4795
9617
9811
3161
9859
1681
5248
6523
1956
9819
4178
8157
2756
695
6785
1719
1874
4723
8485
5469
8612
6737
6819
7256
4277
2727
3767
8912
4815
8245
7127
4100
1026
3901
5754
7734
803
1025
5226
3965
4433
9865
9268
1157
1857
8539
8290
2355
3415
737
2920
3049
419
5944
6870
8392
6115
6293
9540
8093
9941
9095
4654
3033
8661
2142
2422
4404
9825
6999
3951
9282
3805
2932
4101
859
8419
8238
8426
6774
6483
811
8006
1003
9444
1524
5918
2451
8844
9933
472
5375
9255
2199
5622
4150
7487
6587
5831
15
9940
7601
2187
7395
8553
5658
9973
6330
9169
8091
3086
9081
2575
8314
5076
458
1926
7559
6965
1829
208
4628
5521
2939
1309
6292
9532
2081
4810
8282
7141
9120
6700
3338
5959
7053
723
8340
7792
8189
2537
8543
7704
8785
5473
4405
5779
3836
8277
4432
9427
9333
6973
8272
4524
6954
4858
4163
2782
9422
6831
8129
6143
7443
1324
3895
4677
9552
8040
8680
8763
8756
6486
6616
637
3500
2773
5155
678
1769
1312
5759
9808
5414
7403
81
9237
4697
4929
1607
6108
3987
4344
2764
9149
6254
8846
32
5165
8039
8263
4372
5098
6204
3249
370
8155
2921
8531
967
1196
7990
2005
9129
8646
2771
1156
41
6236
9708
9994
1864
288
3410
5079
4799
7860
5101
3347
3453
5355
3762
8691
8078
2640
8767
8249
2461
2570
457
3437
238
9654
1064
2684
6528
5434
4032
7709
871
9568
1561
4264
9139
2471
715
4854
2972
3298
3960
5378
3295
5035
9845
3151
8619
3683
1674
4718
9832
4636
6741
2504
6688
2153
9160
9405
1327
645
6037
5066
7269
6843
5364
492
1018
4395
7206
3465
5381
9392
9260
9375
5646
3735
1706
9631
8776
4605
1528
7963
1135
8120
9606
1490
4331
6127
3094
5739
3012
2168
2907
1656
9290
8757
3922
6827
7419
5924
283
1019
6926
6165
6758
6013
8096
8211
3395
3036
572
642
7779
4615
6611
619
4707
6287
727
9894
9970
6185
628
3615
1504
3038
1698
2183
9844
7557
9153
6220
148
3884
2099
4972
8064
6780
5782
4156
1418
3224
5500
3787
7232
7000
5977
9403
2361
8591
3796
6424
9437
7037
3441
6308
4262
3377
7656
9300
7057
3546
190
291
2336
4790
9702
7228
3904
6981
5663
8228
708
629
3019
379
6908
4832
6053
781
3988
7254
5153
7863
7023
9842
8511
860
4530
7075
2702
179
3996
542
1272
7994
6092
1439
3334
7729
9968
685
7484
8338
9773
3232
9026
5220
9178
68
3713
7437
6038
634
8807
1153
9709
970
9245
8287
4260
538
5638
1517
8047
5752
9291
4659
6625
433
2065
3977
9347
1109
3216
6803
4078
5028
2634
7723
9582
5261
6277
183
7501
290
9094
3896
4074
2868
2855
3359
9127
7469
7750
4658
2963
635
3120
6897
9156
4509
5373
789
6247
9196
2879
2566
2603
9244
4529
5668
215
6498
4375
2041
8348
2267
1170
1662
9555
8408
8872
5675
7101
2704
7765
4284
9236
9995
9985
1843
8223
837
5997
1313
4831
1889
6389
925
8086
4638
6071
9586
1746
1081
8744
7406
639
9539
9438
630
5295
4960
2158
7778
7725
9318
8647
3096
1436
9457
4508
1057
4567
4588
6430
3943
1009
9905
3911
1579
4840
7435
7605
1195
8895
3351
615
8325
6833
2406
7074
7757
184
5585
7383
1384
4145
3050
4536
4250
6279
8251
1110
836
8117
8728
3163
9906
8362
9763
8327
1348
3129
8813
4362
4814
8472
7893
6327
5520
4761
661
5068
1999
1289
2207
4320
1052
7720
3589
3470
4809
5332
1249
5306
2770
8787
3459
3692
4408
8935
4172
112
9045
8048
3181
3234
7338
9554
7316
4627
1594
1160
7188
1484
3319
4381
1123
9346
2840
8313
7311
4025
6063
2416
3905
7999
1577
1035
53
2824
5279
765
6214
7212
1330
820
6265
8324
4285
1993
4229
5631
9725
6755
2028
6696
4111
3914
5787
2354
4644
9723
1545
7908
5072
7106
6369
2458
7781
9158
9252
1892
5001
7579
8891
4544
4973
3133
4348
2719
8677
1959
9023
9633
1098
5882
8508
7519
1171
2711
7203
1589
6871
7678
3652
318
8697
4518
2674
5050
5795
7033
7877
3388
8752
2360
9483
4646
2656
8035
1206
4308
6372
883
5351
3835
9850
9548
9874
4687
1112
6313
6441
9357
1125
5869
4912
1338
6564
8770
1346
2224
5185
5537
7402
6218
9531
211
7770
4755
680
7392
2691
9288
8582
5314
6869
5569
1639
9362
142
7986
1609
8520
8278
4133
2307
5202
2551
3864
9363
5328
2854
3874
8845
8793
7467
3079
1981
8737
1192
5036
839
5419
1205
5511
672
7267
5878
69
4776
2705
8988
7825
2428
3160
6637
7346
745
4742
3760
3981
4900
896
7533
2088
2873
5845
9928
9366
1583
9914
5062
8037
7076
3190
1241
1480
9714
448
9406
4003
8323
8316
7083
9839
8808
1011
6509
8486
6717
173
9486
9315
3784
223
3405
9078
9146
7892
2075
3782
5892
7574
1987
6775
2144
2373
3703
5838
9505
1685
5877
4915
8176
8822
1616
7185
30
7255
2068
6845
6539
7802
4425
8645
5733
5365
2931
881
5401
5893
1317
1132
3039
6014
6760
7964
7247
4075
4606
7544
2750
8580
3444
74
2348
354
304
2059
2437
864
7079
8403
6924
9929
226
4692
3142
4771
1220
8069
3770
1552
3986
4835
1461
1055
8573
2769
2606
5191
7600
1
46
4985
9493
9982
3473
3872
6251
3442
5813
9253
388
3433
3940
2664
8162
3822
9736
2675
8095
5128
6756
1631
9648
2822
5172
9376
449
5592
242
2341
239
9028
4306
7664
1000
5938
1695
5710
1571
6242
9480
1551
8381
5652
3443
6947
2818
1173
6172
7335
9068
3489
2484
4690
453
1764
7570
9199
6996
1214
6158
5629
9883
8803
3382
4391
2945
7993
584
8145
9593
7888
1371
228
4246
104
3576
5660
4760
9713
2801
675
912
2768
273
1193
3927
3217
167
6668
1876
7545
1452
1247
1212
4114
6446
6209
5389
175
8967
4446
6585
6425
5376
5784
8595
802
4716
6958
3090
8349
7840
8270
8404
4146
4098
2253
8185
4728
7643
7896
50
7562
8773
515
5360
5961
1927
9786
7449
5408
3736
8805
5530
2686
9989
3623
2100
6723
3610
4166
7455
8187
1925
9776
3857
9173
1951
9757
6475
531
5088
5559
3825
6773
1412
6987
7221
769
7760
3563
6690
1082
9113
4902
2708
7876
1831
7924
5856
3549
2449
462
5883
2843
6864
2239
5
3902
8796
5280
4892
9953
612
3353
6104
1237
8575
8173
1988
7133
1326
3494
7165
9243
2120
9339
7367
7882
3969
7582
4719
1022
186
2984
9335
2514
3594
2368
8747
7084
8071
910
6144
4437
1209
3502
6571
5899
9553
382
958
1608
7841
7615
1083
2872
7866
7816
9471
7068
7299
5257
7025
4161
4725
7510
3535
9916
4668
9718
9159
7380
1914
6911
3106
2786
7515
5858
5672
5632
4201
528
9972
7738
6617
3537
2698
7489
5159
4526
1041
5499
2369
8113
1904
8065
872
2571
2812
7191
8514
2845
6043
9569
4511
6021
9999
3378
4820
1797
6488
4328
6336
1907
5650
4191
726
7806
7695
5237
547
5778
1556
632
7529
954
7759
9542
4445
9922
9879
4634
1604
9256
7726
5156
7216
7864
9032
2948
4318
6650
1970
1865
6643
3385
7096
8437
9556
5157
5936
6305
9683
5470
9154
1175
8605
3756
193
1129
2011
6402
1155
9864
5274
1939
438
4132
125
3935
9541
8965
885
5366
6820
9892
466
1527
3189
5717
4412
3958
9186
495
3670
780
8797
4587
4018
2456
6782
4617
7783
7543
2404
1423
7376
7907
1624
6126
1356
6492
8184
1038
3333
479
8030
6892
3175
9261
7523
3673
3593
1333
9215
5494
4798
3791
5089
346
3381
4758
8353
5673
8435
2171
3252
6307
5542
1063
2526
6175
6069
2975
1147
676
1832
7117
7345
3912
7447
2112
9128
1448
490
6433
8516
2895
7034
3886
5322
2832
9119
4650
2622
7589
5965
2981
2636
5127
7595
1062
5236
2677
4490
4757
6695
2730
6921
1910
2025
7081
3496
4938
9479
4956
130
4203
1506
7773
401
7424
4616
1992
1027
1933
5047
8556
9213
2402
1503
8193
3666
4383
9509
5671
9402
3577
9338
1591
589
2184
8431
3140
5144
882
5370
3136
7862
9002
5780
8639
4847
794
4195
2191
6489
8480
2283
5216
8072
9526
9616
9866
3653
9066
9222
9420
5087
6839
832
9536
4177
5602
1122
5598
395
770
2147
6463
5976
784
9963
4651
3556
6169
7831
8880
5187
4084
9984
8908
9187
1877
2661
7297
6396
4556
7830
5027
1270
1379
9387
2232
5643
1124
6975
4752
1080
6662
3617
4941
7805
8492
3454
1032
2557
9251
136
2723
9332
4485
2175
2222
5422
6000
7940
4948
3899
8066
1087
6964
4471
4367
3416
4230
9135
5561
7706
9379
5259
3722
9566
5335
1516
2849
9294
372
3167
692
1117
3001
1159
4841
4547
2974
9106
8667
2477
6577
4443
191
9424
7373
3512
3659
4258
9680
6567
5971
7645
1199
5833
8505
6518
6283
3916
3841
7412
3783
4896
6817
662
8054
6480
2151
331
9729
7586
1663
7851
2858
8375
7200
4693
2600
8530
8273
9450
1627
2444
9311
5033
8084
508
818
4397
6120
9143
107
8834
6128
7293
5702
2089
4853
1841
4878
597
8989
4087
1487
987
7788
1535
9419
4057
3192
7130
9732
9600
2888
4865
9041
7272
1966
6639
4317
2010
5843
5721
8537
4363
763
246
3117
7659
5267
9585
6735
487
1783
8567
3348
2746
8215
3193
7518
1807
2299
4562
8809
3843
2753
9133
2403
8052
9764
9018
5533
1973
3467
4119
957
6772
2651
37
2312
9042
9423
6551
3955
3778
3056
297
9676
6399
8968
6109
3350
6173
889
6927
525
3087
5275
2349
7390
4897
8956
5691
6811
565
139
5514
6635
9165
8997
5021
7149
8653
886
5217
4533
2897
807
3498
99
9581
3105
517
7078
8558
78
1169
9870
3429
3471
8315
747
6787
1615
1235
145
4886
7869
3869
5685
397
9903
8280
3758
3431
7280
7327
7629
58
2121
8292
908
6495
4726
6934
3269
8590
3915
4679
2281
3752
6769
6874
2552
7382
1513
3749
5890
7929
8305
8417
9289
1457
5242
4209
6458
6110
7647
7172
4770
909
3656
3939
9093
3802
7418
6554
1976
3601
2893
5913
793
6349
7798
3672
4456
1507
606
7470
6217
6290
5095
8566
271
3037
8115
501
2810
4225
2066
6364
8000
6135
9361
4288
5826
5664
505
7935
1645
6400
9281
9907
8172
3077
7092
3155
5190
9715
3548
1225
5885
9474
6118
6005
5727
188
7377
1814
5945
9945
8522
393
6445
6376
3286
35
9602
9955
6059
8517
3930
8663
9372
5340
1894
814
2268
7471
4010
9324
9254
6960
8067
1792
8108
650
3519
4135
9790
9740
7031
8191
4904
1543
1560
8460
478
6548
3590
4872
5659
920
2955
6171
4248
3826
4502
9958
7834
4914
2960
2643
1582
9151
7563
9272
7282
1370
2180
4955
4165
2208
5450
1849
8970
8483
8420
299
6180
1655
6661
5988
835
469
7749
829
6575
2775
7233
4934
712
1748
622
6385
5996
3584
2605
8004
1603
1250
704
7340
2940
9575
6744
4037
8820
9936
6145
6065
1526
783
7202
6397
2731
6949
1654
6679
248
5762
552
2673
1757
1161
4061
6268
9789
5171
158
5679
4499
8455
8753
280
2129
3301
5973
7716
491
9100
1967
6581
975
3057
6436
8877
578
9082
974
5879
4096
633
4380
6205
7087
9793
6360
5056
9449
2610
470
4797
1930
4105
7461
1403
5730
3229
7528
1550
8563
3649
3515
7486
9696
857
5748
4020
1434
6568
313
1752
8911
2901
7669
8099
1669
7949
464
7296
6521
441
1995
5431
4670
7168
4202
2902
6300
294
428
1450
8934
6079
1936
3994
6346
4581
268
6699
1428
1273
853
4484
4247
512
3488
2353
8194
7090
3765
9934
6718
3059
914
6123
4619
8656
936
3291
2445
1451
6095
3000
5020
3880
5796
4431
3581
534
5580
7500
2947
4046
4602
4420
7365
2978
599
5382
7548
8412
6025
6004
351
4611
9233
3196
4368
9013
5264
2309
7900
1740
5067
9123
3998
3477
8890
8615
1837
6822
5946
2254
842
5060
8363
8195
1137
5705
127
8101
9322
2380
2284
6163
7791
7273
4051
1980
7565
4319
9522
8996
8636
8629
3178
8226
4836
9276
9944
375
404
4303
3364
2540
6821
4537
5459
1969
8650
4377
823
850
1532
4081
3222
5492
5634
9998
4452
535
7224
2669
2325
786
4272
9733
6374
7416
6749
1941
1322
5253
1282
8010
9050
6141
8635
8866
2798
4269
229
2204
1264
2996
1323
3045
4951
1392
326
6061
6161
180
2352
8894
2777
6508
1564
2140
2228
1091
4313
1060
6918
7569
8008
8950
486
1208
7670
4793
6186
5019
4857
6393
4513
2881
9687
20
7357
8510
3313
8192
2816
5532
7223
3194
7985
2619
8649
8383
8168
61
3809
8011
8775
5313
4553
8049
5895
7427
3609
6804
3625
8442
435
9942
2903
5801
5394
3624
4873
4294
9462
3881
5908
716
4137
6351
1862
9184
1395
3100
2838
3897
4734
1227
8198
4981
9086
8848
4200
1201
6245
1246
2032
504
1534
6378
8422
4333
9010
7681
8991
4454
277
2839
6320
7444
8343
9475
2871
3801
4714
5905
7021
5475
2415
9730
797
4157
2758
1177
7121
7674
2423
6031
6291
6712
1684
4043
4907
7049
3197
1886
656
4211
6739
8851
627
3780
9769
425
5525
6337
921
6072
1998
8248
2135
9470
8774
4393
2255
1836
1415
8676
1708
1303
8425
9345
6546
3221
3386
6096
6752
19
1755
5854
3097
8841
8088
7763
894
8840
9962
6406
7992
9862
9780
7319
6023
3979
9044
2754
4748
3611
7174
9949
8589
5566
9295
187
3345
8009
6359
2382
4316
5341
8239
9759
4772
6012
4586
7059
9132
8826
2315
9136
9007
940
4270
9485
7177
9116
5461
2987
7290
3447
5547
810
663
1086
7820
8180
6146
4385
9383
8698
2078
5080
4829
1274
1661
4103
122
4720
8929
2813
5876
5628
5839
1955
7129
938
7858
2717
6410
6052
4071
9888
6900
8268
4361
1181
4236
6409
1948
6091
1180
9027
2178
6227
8112
8977
7337
2257
638
1567
2495
121
4302
9124
1694
4045
4743
9974
9074
1546
3462
7644
6414
3309
8732
5091
812
1650
7950
7767
9977
5453
4505
7323
8502
358
8700
4706
7937
8541
8526
4099
4480
5552
1236
9678
3533
8279
5005
2230
5783
7362
2346
8293
6888
7780
2119
5822
2990
3466
4812
3253
8975
8669
648
7120
2663
2654
3621
8016
4927
9697
8055
8730
9960
3751
3642
259
3827
3643
1402
5338
775
4080
3583
2198
9741
2898
2090
6586
969
9204
8980
7905
854
2808
5681
9269
176
9477
8266
5106
1286
8329
5768
5792
7881
5728
4828
4754
7567
3296
2527
59
9200
3662
3119
2366
1952
216
9885
6388
5041
5468
5010
2001
5897
4398
6321
5513
91
2899
5680
6745
7810
5886
6334
6576
9194
8525
5785
4630
5151
9303
6358
7274
2690
1039
2410
4358
1375
6395
8188
289
5413
1012
7527
3732
4365
5591
8811
2409
5753
5296
6054
3507
2179
1648
9693
7718
3529
5451
5113
5263
8971
345
5549
4913
6136
6848
1204
8469
5331
2580
929
2488
4296
7183
5291
5442
7314
7292
4212
1660
7175
5786
7653
5015
7428
8042
7967
3907
2658
9682
6147
9206
3339
6859
1975
6841
9576
8571
4312
1739
5046
1342
9991
824
2478
5429
5008
7196
5283
1301
7011
5722
4291
6159
6959
1744
1468
1116
4028
2572
4683
9902
3846
4390
1496
2751
2837
5669
7856
2587
5212
9399
8720
7584
7192
9893
8276
8856
1592
6058
4804
2917
1341
2167
7846
1471
4976
3419
7136
1465
4469
4712
4193
73
8933
4453
5712
8829
6415
9872
4423
1756
2618
1106
4334
317
5987
8555
2310
3080
5596
8940
3734
7694
1307
9167
868
9410
9574
7108
387
2036
7242
6814
3420
4234
9836
9954
5798
2045
720
8976
6517
4510
851
2454
6923
2053
4409
7328
6687
5497
8973
7389
5548
418
153
8859
8588
9712
7218
1024
5002
9659
6556
7250
7705
4352
7140
2287
5231
738
6608
7013
327
776
8958
1596
5466
7205
9591
1501
3004
1884
6932
6370
3179
636
90
2296
4414
6970
1986
7871
2934
713
1143
2186
4823
1943
7521
756
4970
2578
3873
2200
9797
5881
5103
8059
1377
4104
3526
9563
6950
2343
1090
2194
2865
4747
7089
9220
9848
8146
4489
2761
6081
2104
9524
5910
4801
4442
667
1514
4299
5610
764
8443
2805
4384
6542
5604
9348
7201
9523
2500
7413
953
1443
7114
26
788
8792
2288
6457
9559
116
2582
267
1828
4369
4863
4701
8364
904
3145
7721
2563
587
901
7556
7732
1315
4493
408
8260
6598
7514
4039
6491
5969
8850
347
6403
2564
9312
9162
9062
1767
1915
7768
9930
9040
7155
3866
4106
6131
4016
8802
7064
3432
4460
6438
3390
1903
721
8631
1058
9620
4069
7199
7961
8387
2489
529
7042
5222
2597
8087
2446
3989
4126
1344
3919
541
7017
5308
6592
8235
5471
7147
3674
2528
9314
2091
877
2916
6657
2864
9083
9895
340
1702
8311
2060
7349
2003
499
8609
2896
9810
3110
9377
2077
5493
8171
9510
234
521
9735
1294
2037
9983
7270
9122
4416
5244
6538
9629
1096
8538
8916
4107
4130
3959
3634
623
8128
9535
3850
6003
7839
1714
5353
2726
3177
6427
8601
7555
4060
8453
4221
9229
7334
2202
4688
971
8706
6289
753
5319
8643
2159
1659
7577
2054
9512
4309
624
7838
754
8938
3503
5232
5117
5270
300
8675
8701
3340
5312
9695
3774
3942
4152
8044
6106
8309
1119
4909
9803
5916
1128
8321
1453
7997
683
6511
3844
5502
9875
3790
4457
8200
1275
962
2006
805
8981
7463
9035
7621
9601
4575
3612
8642
7226
7109
1256
2398
3414
473
6670
2999
522
7978
6102
7642
3582
559
1751
9227
1378
7875
3452
1097
1121
4571
1794
5625
591
1646
5912
9919
101
8535
4399
1136
5644
9488
7537
5463
710
9201
5149
7699
7974
4175
9381
4324
7624
2590
8140
7873
1311
9341
5130
7004
9506
5597
8036
231
7123
9612
5870
5952
2676
4026
1598
7800
7685
1298
4724
96
7481
4218
6664
567
9
1223
6742
1396
5175
5769
6861
1266
8955
2724
6646
7237
6230
8496
2954
9643
7099
1994
9791
7587
9467
7813
1043
4633
97
129
2460
4475
8441
8709
7313
5775
9287
9987
2317
8380
2520
3511
5011
7883
3620
1990
8921
1881
4121
4999
8177
7198
9284
172
5802
932
1804
4926
1809
8131
3292
5820
2525
5152
5579
3365
3883
6416
8942
9258
1187
5347
7072
7850
6297
1231
5545
5687
3398
4240
5967
8568
2221
640
4608
5821
5099
9413
2427
8869
3859
1455
2064
7743
7160
8702
1852
3693
7391
7758
1074
2986
9458
2012
5517
2062
5518
1411
2741
6101
8174
1924
4992
1612
5714
3867
4735
1555
2115
5085
4097
2767
7966
2529
3702
1410
8418
2298
7046
3044
5563
7266
3555
9463
4257
3326
7277
2326
5465
4859
7184
1842
4736
1861
3569
6886
8972
8754
7002
511
8764
8897
8018
5531
5738
7956
7116
4419
5302
8063
7213
7008
2820
4631
7379
8748
5219
4007
1724
1141
157
8831
706
9856
8772
4922
4440
7943
749
866
2333
7837
4931
2014
6355
9498
5123
4978
1590
1458
2752
6317
6578
5384
4464
4164
98
4378
329
3124
3800
5480
279
8306
2365
4657
5485
2850
3985
785
3016
8664
1144
9374
7015
9649
4176
787
65
664
1095
8622
8750
6182
5771
9469
222
6032
2607
5917
7095
8139
5428
6665
7679
2438
6850
568
3460
9440
3434
2565
5176
2959
6177
3305
7263
9699
1512
1508
3486
1715
5043
5770
8351
1734
7872
2950
5218
5558
6728
3829
2234
1493
7597
9711
488
8121
5587
5746
9921
8203
6343
7591
6357
6582
4572
1079
6187
7988
1549
7014
9530
7901
2642
3238
8023
1983
6837
6524
3832
8167
5277
5162
1252
7531
5512
2442
7747
503
4278
1873
3603
8736
6759
9293
8445
1880
2251
2829
2880
2747
2196
6440
2155
480
3204
2329
611
5573
5603
3967
2370
1386
1671
6941
1073
2892
7914
6907
8243
1405
5986
4259
4818
4488
8269
6686
1586
7692
8597
7983
677
7249
3499
6955
5235
2780
992
1499
9373
3173
4479
4889
5299
4188
1754
768
1826
1037
6387
7154
5666
4394
4890
3975
3191
5194
6246
1321
8233
8949
5758
605
7407
6435
5963
3304
1017
1390
9910
7498
5186
2882
1985
84
7240
2145
5093
9168
1518
6212
95
2722
9292
1599
2573
7410
9853
6391
9605
5637
8075
5555
5994
8906
5942
7488
9039
9746
3183
341
1657
1391
8585
5958
7807
3394
6398
5619
2101
9191
5767
162
1630
3048
8127
2040
3704
3475
4477
5145
1138
9573
1069
1014
6303
8843
7330
5807
3011
8957
6125
3312
7550
3169
4207
380
4989
123
44
631
4522
2128
5613
766
7069
9534
6931
7772
9454
9247
8124
5230
2581
7890
7476
6944
9267
156
8022
8959
4813
6994
9415
7264
7620
9805
5356
8554
5797
6252
9436
6153
2997
6229
1905
4595
7080
5057
9809
4185
2492
4842
483
748
4901
8685
5600
5880
2604
5368
822
2559
8857
5749
6261
4251
1302
4699
8487
7755
2134
9453
9234
2869
56
562
5667
7238
1816
7246
5848
2076
71
9073
8411
8179
7775
3606
4876
8436
3812
8252
5582
1637
570
1845
391
4811
3733
718
1268
5804
5805
3187
1238
7707
799
668
6449
1682
6089
1189
412
7164
9008
8255
9615
8222
7426
2937
5292
7546
1291
1848
1078
8147
6826
7552
4612
4286
5069
1491
6852
792
6544
897
7588
8644
2279
7477
6599
3974
3842
9491
6633
526
546
3244
8623
999
6020
4341
4015
7502
1276
3464
1485
3139
4661
3999
5536
4089
855
5550
4656
3571
5110
7258
856
5390
4238
3824
5051
4768
2007
879
2389
6746
4745
8438
4946
8490
7122
2163
2130
9031
1240
5811
2374
2632
4231
6936
7050
1677
4370
7689
7132
6989
5734
7027
8952
18
315
1537
8515
7626
2878
4917
9226
2701
3839
4213
8051
9240
6677
956
417
926
8889
3908
4844
1380
5406
9494
4540
1316
8905
4891
2536
1932
4382
4476
3906
8007
551
5198
8692
4824
1984
4893
4711
7118
5388
1497
1260
1385
6715
7682
6206
867
8005
7827
6243
378
1251
2957
4124
7332
3542
9228
945
9925
6507
6155
376
4919
6418
9909
361
9080
6513
137
5096
2809
1634
5324
6873
3551
2479
31
6901
9265
734
6333
233
1810
6312
2967
6490
5326
9360
6952
4550
4794
2148
109
2814
2247
2737
1788
8902
1029
7728
8241
5595
7845
9412
601
1870
9472
5814
7268
2830
8993
6024
5927
9705
9828
1982
9881
252
6088
5951
39
4702
9739
6066
3771
1799
5134
9947
7980
7363
2190
5359
6980
4565
9835
9931
9743
5957
6914
5290
8153
3235
4073
5560
1824
994
3636
2599
2923
6444
6184
8874
2330
3748
3701
5371
3424
7842
2803
5437
9138
1488
9304
1618
5515
7902
1747
4816
1304
2497
1361
4803
9262
560
9644
2486
6460
6
4834
4339
8689
2435
3331
4184
4421
1281
8271
5131
4898
1440
4068
2553
2679
1965
5118
3706
221
8782
3337
3671
1373
1120
6747
6558
8178
1197
1425
2289
2635
3493
9979
160
8941
6413
5418
3256
9622
7833
2397
4903
6607
8240
2323
7989
8518
795
3028
9765
965
4224
9583
7939
4275
9380
6580
8204
916
6208
2412
9802
8225
7886
4282
8576
2030
1574
1262
7619
4552
368
1013
6920
9057
3113
4292
890
9504
4621
9829
9331
6456
7934
7125
1456
2919
9461
5487
3332
8598
7479
6487
7915
5208
4674
2483
6678
8450
2124
6459
5102
1777
2086
724
5827
5992
3798
2523
3322
9352
8658
7948
1248
7919
8557
7329
6124
7753
306
4629
5887
6731
6953
1887
9878
4916
9770
1713
6352
7516
5534
4988
5745
6751
6156
272
3243
6529
9170
7044
3457
963
1580
2925
7535
7036
9212
1245
3769
1569
8320
4785
2294
3744
1328
5697
7007
8214
4487
3932
2612
9172
9003
2716
3816
4470
5397
429
2097
1473
2319
7776
2244
9795
1958
6725
6332
7741
1101
2772
8471
4580
3517
1166
9538
1495
679
6764
1413
494
4993
9690
3570
858
5129
7445
5941
5577
7701
1498
778
4642
4753
8900
8998
7553
7393
2383
5345
4827
5686
3966
3043
2933
3146
4665
7996
2627
9561
1059
4620
7169
8423
1635
245
9688
6726
666
4143
8978
320
4923
4325
557
9787
111
8199
3098
7285
4496
9478
6705
8430
5361
1896
2647
6263
6154
7480
6078
7655
3737
7310
3231
6940
2613
3448
8759
9520
2285
8512
9350
3632
7581
9396
8594
6340
9061
117
5871
7594
1818
828
9799
9685
2539
8887
6211
430
686
2367
2720
8031
8885
4400
8482
5729
6684
1398
5902
9513
660
7261
7152
2785
2476
913
9473
711
8318
359
7525
6472
7690
4875
2721
6531
5075
3810
6638
3372
7835
6274
3718
2425
1374
1768
2301
138
3552
269
3242
5926
2342
22
5934
4821
5635
3021
8727
3856
9308
613
5229
8499
7399
4756
6429
2709
6322
5588
8788
7326
545
7244
253
8182
8821
4112
6348
9033
421
8673
3257
213
3957
7648
5720
7067
9986
5645
1314
409
2376
8001
5116
5654
1349
2574
5205
1628
3407
9391
3627
2733
197
436
7566
7897
250
413
3720
6241
2547
643
3508
4766
5772
6799
7955
7616
6479
54
1584
8918
2137
2988
7271
6080
9673
79
4750
7952
3450
5676
4786
8827
9774
4307
7612
966
2712
9398
2653
8354
3591
3740
9429
7641
5940
3379
1190
5271
7786
8197
8382
4555
4895
7353
7451
5829
7745
3792
8990
6150
1890
2650
8020
5578
9564
3186
5572
9716
9334
8738
649
6559
2027
5073
9393
6148
5726
1133
2481
3046
3449
4147
874
8452
7891
9663
6093
7558
4009
5510
4548
3474
801
1406
8542
6431
863
4885
8665
3032
1765
3714
496
6505
1359
1347
2009
8307
6937
8136
2834
8217
5105
893
3171
1131
8735
3781
8300
5029
8319
8253
2989
7400
8133
2143
4222
8085
3122
8451
8762
8569
1467
6315
819
3143
6319
3766
205
1847
8898
3356
6891
6603
7368
7161
6405
3639
3721
1481
6552
2749
6039
2452
1946
232
4058
9698
3047
4474
166
2327
8169
4034
9107
2971
275
1463
4545
6562
396
1218
1961
281
6917
571
3397
772
2515
1735
6887
1482
4746
6324
8125
826
243
9717
2141
1210
9219
8012
7208
1871
7005
3456
7697
9782
4090
4067
8801
9246
1819
1460
3302
5004
952
7103
3404
6709
1054
5599
3223
2765
2020
7012
6191
9788
262
2980
1182
9516
8606
2966
6856
8347
3451
7107
3685
9634
3273
3654
5225
5993
7933
9022
9111
7020
927
9177
2351
9651
4833
6423
1632
8707
7294
2518
1811
5777
7650
3199
5417
2418
3657
8454
9482
3890
5464
9197
1763
86
9971
607
3320
2496
7408
976
3528
1667
7614
1040
7086
8328
5477
7593
6683
8886
536
8901
507
5403
1053
3938
2421
2071
7279
9544
8704
3616
6879
6784
7984
7381
7576
8344
3008
7822
2185
1265
5160
8236
682
103
852
1949
8429
2935
366
1542
6122
4366
3118
6467
1305
880
5656
3401
7717
4086
8683
9476
2079
1287
1007
6899
4342
1066
603
6188
5320
2214
4125
6326
8143
3614
8152
7236
8682
5343
3330
2057
7070
4551
5794
9337
7979
6854
7452
7440
9950
3396
2641
813
8979
1699
2586
4516
6595
5538
5305
1510
4167
7179
6338
439
8509
3923
891
7098
3138
8765
7794
230
8060
2149
6834
5311
1445
5606
2588
8244
3898
6904
9671
1781
5111
618
9667
9670
2908
2946
9637
4305
9489
610
2836
4731
4517
2911
7358
4582
3373
1863
8657
6795
7849
939
9069
1178
838
4928
1689
2792
7782
5966
5865
4535
3015
8865
3336
755
3202
6451
9990
8103
364
6655
9980
8446
1723
3412
4733
1947
5183
3368
8630
9155
7536
4543
9704
3483
5030
1357
5163
773
8587
6601
3665
9140
241
5731
2490
8424
33
6867
5972
9904
7065
4467
1693
7524
8079
2441
4991
4966
4503
5398
4945
8027
7045
4598
7981
6895
1072
1626
5297
2861
5507
446
1376
2793
4005
360
7146
2909
2225
8163
6553
2953
5441
6162
3014
2217
1867
4578
3288
5711
5999
9384
5119
5872
8481
9103
8896
6068
1531
2623
4033
5761
6051
2443
1261
9492
8710
4148
204
948
6545
1331
9547
8416
8264
4205
1130
7342
7727
1683
694
1761
4122
4276
1345
4153
2049
3633
8478
1692
7879
1388
1823
4963
3684
6030
144
6776
6408
3478
1036
189
821
8616
5948
1399
365
674
7085
178
2788
8205
1424
3976
5630
4664
6368
658
2387
1782
7790
9441
1898
1297
7703
1172
2293
1381
369
4326
1893
1651
2941
5852
1950
6707
3072
7119
4695
1134
9751
1964
2531
8285
9029
80
8974
5851
849
5906
2043
6500
3557
1688
8041
9356
2197
7111
3918
8294
115
4660
3738
982
6331
5539
6629
3630
3631
3210
6362
4769
8534
5751
2694
1215
4721
4170
4871
2472
1539
8716
7032
1417
8468
7047
5135
4407
9207
995
2863
1743
1773
9320
7945
7651
4883
5256
3254
9221
3371
3510
5615
292
875
1538
1366
3937
9628
2976
8484
5452
3318
4618
6432
6698
7657
4531
7663
884
8825
28
9738
554
2802
2238
7456
6266
5481
4557
873
8922
6815
4987
7959
296
8100
2555
5249
8910
7438
5557
9976
6231
5266
4197
2646
6455
5911
2082
1775
6788
5195
4906
247
3150
2596
4332
9621
4849
7229
4691
9558
6916
1400
4444
3123
5565
5605
3491
9264
830
4263
3553
7369
9079
5861
7384
6654
6943
426
7857
9807
2447
9180
2339
6974
308
4905
7304
5252
955
6890
3389
6412
5713
1733
7733
8519
339
2624
4942
9386
6060
6991
3686
8367
1076
1934
2243
43
6157
4845
6609
3860
8449
5689
3877
4653
1500
3607
4280
575
8551
1339
6269
5000
1730
6693
6470
9969
7243
1557
774
1801
9857
8599
9897
6956
3472
7286
5506
8751
2394
8207
1034
4971
2085
3361
5828
8835
2569
8138
8513
1409
152
5121
1606
4173
6073
816
8688
7953
3600
8298
2468
2797
3641
8745
7262
1520
3764
1675
5173
5847
2314
5601
9182
9657
2164
7585
3463
9833
8308
960
4406
1364
2494
4500
5456
3741
6680
6640
2044
6627
6294
1623
6866
4861
8402
3009
4961
3830
5357
9642
6935
2292
2331
5383
2052
2439
7029
9460
6379
7318
4441
2358
2491
2755
7153
3525
5943
1183
7785
3091
6838
2638
5310
7490
3445
4613
7022
6497
4160
5174
1188
8681
7436
9543
9521
1918
6272
8373
9565
4624
1869
4965
286
5115
895
377
4643
9818
1318
9570
4837
381
7975
665
5541
9913
2205
2807
4925
2430
3768
3195
6663
134
514
804
9408
3885
4281
900
5039
8946
4953
6604
583
4585
6948
5177
5325
7215
6896
8331
3858
6961
865
9967
3376
7824
5078
6734
6600
3565
5708
964
6077
6885
7093
1602
1815
1636
2295
5884
434
325
7517
8337
2063
481
2132
4065
3246
6133
1407
9055
7971
3811
6288
5307
195
8596
7142
7370
978
497
9404
6818
9192
7360
3062
3891
7190
6250
5707
4637
4817
5983
8983
2324
6248
4520
155
876
2817
2395
3029
8786
1165
3051
7661
3726
4599
3391
3220
569
6919
7951
7039
9860
5204
4379
385
3661
2414
977
4495
4930
3228
5642
791
8626
2713
8062
2508
7321
3135
1148
2542
7968
4159
687
9742
8705
1633
8849
5764
8479
2725
9975
2093
8094
394
9326
5505
9794
7637
8923
1840
5526
5809
644
4142
3126
8098
5363
922
6190
3978
9130
4604
6055
4839
9089
9144
4969
9961
8284
7818
3646
3492
390
9317
4514
6375
7143
1705
6835
3597
4040
4349
2356
3233
5199
9174
8391
2554
847
5812
7204
2579
7526
2429
3061
4244
8186
8390
7852
3651
1806
8389
4737
3099
4092
9209
2718
5045
8374
1882
6046
3852
5570
5083
2176
321
8464
1957
1707
6597
4717
9653
3263
5048
4967
6750
2474
6880
3417
8883
1762
1142
1728
6468
3948
4304
8026
990
6590
4655
1020
4632
7737
5425
2125
2008
4594
4190
8810
6711
5479
6614
7077
8690
398
1114
9394
5932
1462
6041
917
5122
8341
3327
993
6448
9307
3729
7603
2113
8415
6244
6667
9072
9351
3208
2670
5282
4663
5454
7627
362
5430
6694
3157
227
7288
7491
6216
4327
6048
8045
5016
9887
1559
2672
1908
2470
1935
312
2682
1216
3355
4796
834
1858
8870
1919
5300
276
235
7176
3125
2692
459
3237
3921
5255
979
7209
1686
1953
7931
170
1578
8780
2337
4228
8919
1233
3727
598
2266
3926
9517
63
7073
8904
762
8501
3041
4134
4610
2018
3172
5006
8564
2913
3461
988
4738
7016
6673
3054
4703
2799
2927
9768
3325
3950
9426
5695
2846
8871
2215
475
4233
4472
1021
57
4418
5140
5167
3596
8135
7814
8332
3152
7043
1088
4763
3962
5919
703
6738
9166
3691
8488
906
9176
3538
3833
6296
9336
8396
5391
5836
9015
6929
2826
2375
5690
3247
5800
62
7128
1163
9662
1803
7499
4597
1483
9753
6882
3815
2487
5063
3425
4596
5490
3101
5636
9908
7691
5571
6808
4239
1587
2626
8475
4884
6933
4639
7885
4498
9761
6881
9198
6849
5412
3806
7787
5716
767
9241
7654
3574
1601
696
8909
5223
6570
2237
9647
8771
3092
4491
5791
4435
5682
3660
1653
3716
5023
4411
8540
4359
7306
251
1774
7666
9525
8634
6270
1336
5962
9519
202
5960
5551
790
7325
2270
9280
1547
431
1548
2110
4029
4626
3227
3742
6584
8994
5396
4519
9370
1186
6689
7307
9451
1368
2004
2265
8021
9867
6978
3262
1515
7483
6626
2611
8839
595
6076
169
2602
7433
5891
3481
2904
4528
333
8231
3066
4077
5844
9466
4635
3754
9640
6913
8954
3505
5953
3587
1835
2776
7150
3354
1666
7131
1851
1337
7611
6566
9599
3521
1372
1242
6971
1107
2316
1393
2466
5474
3275
3083
9594
5581
7947
7091
298
5114
7302
8077
5799
344
6618
257
2434
689
5935
4279
2318
8907
8847
7610
9804
4764
2261
1846
8717
9731
3093
7608
8760
5141
6284
2511
2804
8817
9551
9630
1283
124
3468
7509
8247
9414
7182
2977
8632
4574
7464
8875
4227
4223
1878
311
6100
7673
6644
9840
6942
2744
1033
6579
4894
7926
6812
9720
6863
7442
6271
2929
1610
8593
2233
3941
9655
3104
335
3799
2210
3893
9603
9063
7693
9997
2042
709
9286
659
5766
4019
844
8056
1140
9752
3724
6113
2962
758
6565
7874
5215
3153
8766
5170
1673
3213
730
8884
5735
590
8432
3776
4855
3278
8651
7214
4386
7194
2938
3299
7432
8068
8729
3428
9021
3311
3219
739
3130
6499
384
3980
6706
5196
9823
3540
3023
7625
8494
5862
9796
9661
4860
6090
6806
6006
3964
1906
5790
5447
4162
6767
3687
9645
6276
3134
2138
7320
5074
9125
8662
7482
6056
6176
7784
9815
8547
4274
5411
3506
1649
7094
7276
2842
8409
2835
3561
2628
1358
1944
7001
3644
6691
4000
5138
6506
5574
8358
1354
1150
5055
5684
4751
4850
7465
7504
201
256
691
4494
2256
1277
1731
7671
3944
736
9618
4584
2856
6353
9778
374
2002
6482
8433
2979
2092
735
6215
7061
8283
4732
6170
2598
5286
498
7475
3855
1194
4982
6234
282
968
4346
8578
8823
2821
2583
199
9105
1438
8336
3370
165
6027
8183
6222
3121
7265
8613
7354
424
586
6193
7102
3924
1464
2513
1105
594
8254
171
2512
6042
4232
2521
4777
4219
9639
2706
7063
2338
1875
5405
555
2859
6606
237
3567
9157
9614
8371
4671
7220
3543
8945
3876
6232
5765
6022
8915
4424
3931
403
4704
8986
9231
6464
4968
8434
4730
9344
6549
3934
5661
8234
961
1855
564
4049
5922
550
5243
4340
7880
6018
2127
6235
8322
4762
1536
1151
9686
1690
2381
3485
4461
4957
9190
6200
2681
8768
4740
2876
2311
2181
9259
4593
2146
4066
348
6017
5815
9758
9459
6730
9214
8421
6384
2685
8384
2943
2556
9911
6824
717
878
9428
9767
8783
1050
9445
9202
2096
7736
3725
7944
4807
3131
9019
4353
8637
6872
5284
5509
3081
2848
1008
7573
2385
8181
3176
7248
2464
9330
7762
7493
2047
4343
3719
3490
6557
2475
3025
9099
8208
8806
2195
94
1476
8814
1971
3619
7207
1422
5718
2833
4933
7219
9838
7167
9938
4345
8652
4983
6589
7713
3132
5703
1931
5227
9009
9589
928
2390
5478
8536
7494
3198
5543
6939
9409
2399
5339
2507
5238
1320
6685
1544
944
8033
5260
474
2436
9609
3777
2794
5348
7052
6028
6641
9572
5316
6674
5387
7301
3763
7667
8937
3650
7987
2763
3759
3550
1920
7145
9421
8377
5898
3188
4115
5991
2306
4779
6083
9744
5640
4729
9821
9109
1899
3352
3328
4194
5665
6311
2774
1292
5415
4186
6791
5386
7561
7315
2344
410
2851
3358
6781
4001
831
6516
2024
3280
959
5589
17
2894
9306
9088
9205
8073
3495
2136
2038
9533
9319
2131
1778
1092
450
9487
6339
3058
9665
3082
3147
2560
2961
2951
2867
5024
151
9701
6132
3314
7309
3282
3426
4216
6198
7730
4004
8533
8360
1679
4013
9496
7632
2107
456
9367
1365
9004
8299
2396
7735
3480
3626
5503
244
4962
2455
5915
6613
3392
5498
7495
2689
8570
8209
7991
7809
5426
9189
3797
8674
1474
4486
3970
771
7613
1397
9248
1290
8368
7540
2784
602
8032
9880
9257
2408
9273
4289
7965
4848
800
2519
6044
1647
6777
6720
2231
9660
3920
7322
5241
460
2648
27
9448
6526
9528
4995
5374
9873
7071
6273
3509
51
9321
2926
4082
8947
6383
2736
7257
4357
9179
5276
8463
8731
477
9527
8196
998
4947
845
9112
9425
3545
8699
274
7672
334
5262
4601
8778
1085
7115
8394
1727
2639
2965
6240
2524
6082
8407
402
7916
9578
2660
7684
1772
540
8262
2245
9481
7797
6302
4583
1883
2108
2678
4044
2973
8833
4822
8399
323
8428
350
8633
2372
2766
3144
8333
9277
1795
7710
4964
4559
6884
7350
8370
5930
207
1558
609
9310
500
8761
2748
3708
6210
149
4468
3218
3430
119
2033
6474
4975
9772
6029
4056
6925
8867
8693
9329
8440
8868
4558
4590
5053
6721
8046
9397
6798
2400
7396
6462
3668
265
1426
3531
3306
3878
164
9433
8291
7688
1077
5586
7171
1917
798
295
548
5120
196
1102
270
2591
5657
8608
6810
3586
8719
4492
3075
489
4338
841
7374
566
1718
9217
254
5698
8758
5125
5333
2362
8126
8824
1454
371
523
8058
9656
7193
6366
1717
2847
2332
5921
7343
3868
4027
9147
3400
6807
114
1118
2728
7801
4539
1068
5860
6099
5233
3250
8028
3731
3315
7848
4826
3164
3002
1502
168
5985
7909
7429
9611
8466
3026
7144
7454
8854
1833
7722
5285
6574
3149
1432
8400
9296
8491
6681
5857
3440
3700
422
9822
9446
7134
102
8015
4649
9468
2039
6008
7431
8024
5440
4911
6779
7922
9932
6196
1308
9624
741
9703
9465
3439
447
6724
1360
9826
9076
1001
7058
616
4541
4647
5841
9898
110
6653
6992
2433
484
1479
3696
7506
2305
5455
6968
2616
5741
833
2544
5049
9395
1278
3270
9560
1300
2970
2593
263
3753
4123
825
1817
8638
3807
1243
8791
6612
1687
8659
1900
392
2321
4579
8928
5989
8962
1093
5817
4396
9369
8842
9557
848
9342
1729
5239
8216
8832
3107
9734
2334
3088
949
9920
7512
6894
7638
3547
2118
5818
1100
8477
8579
7972
6174
1929
6062
4448
6930
8627
2532
6121
2502
2308
416
1414
3694
1070
9783
3882
8944
1404
2760
9235
8725
1167
3682
1284
6594
2759
1860
4669
4994
3209
8232
386
9382
2453
8447
9067
9627
4295
8862
5009
9750
9806
3861
3200
8458
1427
309
8376
1796
7998
9059
3141
6988
1164
8984
4666
8769
1737
3917
657
3554
8740
9652
181
5774
3034
7895
617
1459
2102
343
4882
3003
6280
2806
796
4059
1295
4640
6569
8741
4113
4542
9250
5409
4563
6828
133
2192
7936
4347
9912
9092
3162
8355
6733
5978
6666
4805
4566
1145
4700
2707
2023
5154
5458
4174
5700
52
9327
934
2906
8265
4652
6142
3595
7887
7112
5903
8930
6722
592
646
654
8864
6660
8378
937
4116
5900
3779
951
5007
8712
7958
655
8620
7055
5064
7104
1821
9024
1352
8366
3788
2335
3961
2223
2139
5372
5859
4035
4546
6485
5367
6494
198
7024
2949
9275
2729
3212
6783
8500
9012
7628
8151
9721
1285
2844
3403
3803
902
9724
3929
6007
9390
1198
9101
7878
6708
4023
3159
9710
5084
34
9001
8625
83
2166
5435
4977
7855
7468
3366
4169
4780
777
9777
7366
7942
3375
4512
9886
2995
2227
1394
1595
2056
4388
3837
6682
4031
7970
9882
8671
3677
582
6602
4482
1856
2862
5354
7387
8289
2561
4515
1585
4527
6543
7028
2930
4715
3203
8804
9927
2781
5553
5763
516
7870
9816
7719
3808
7253
9684
5247
1362
5200
1441
310
4079
729
8303
7462
2657
7520
5982
4852
6377
9210
8592
1640
1108
9005
3276
4784
2745
4507
8405
2969
7740
2274
49
9891
5234
1540
1367
699
9613
1115
3831
3274
843
2734
1625
1416
6983
4062
3953
113
7010
2534
9274
9038
911
9679
5147
6140
5853
6860
1071
3438
5583
6875
3068
6883
4427
2992
524
3618
6789
5620
4950
8836
6040
4117
5037
4182
5070
3022
9817
6800
5352
4521
8602
9899
25
3207
5298
647
6335
1369
3084
7222
5496
9707
7378
1954
3699
942
6114
915
9837
1271
6001
7448
293
5863
7126
4413
356
6233
4722
307
7912
7766
8790
9298
9416
9389
1802
1449
8961
5931
5124
4181
7969
8873
5446
8607
7056
2991
6809
7583
9030
6823
4364
4355
7181
2094
3820
8119
2498
1879
6669
4710
6049
14
3637
1340
3972
4501
3913
4271
8722
5182
782
7308
6381
4215
6382
3115
7275
5864
6138
8
1002
8081
9847
1383
5224
6623
5825
3156
3947
209
8230
4255
2277
2182
4426
7348
40
7904
533
336
5723
1351
7124
581
8800
6139
6249
509
8202
2019
7761
1435
1211
2615
8150
9846
1094
8789
2034
8914
556
9371
3655
2891
3559
9706
7505
1701
4136
7982
3027
9689
3745
8462
1568
8038
9075
7430
5449
9325
1968
9145
4759
3572
2074
8503
3166
218
5090
7148
6865
8552
2388
8379
3230
2983
5424
9434
8816
898
2918
6420
9006
1979
1016
7473
5448
7054
3821
131
258
3588
3968
3205
8584
6202
5032
5929
1711
1978
4220
2114
5358
7829
620
7696
5031
4570
7420
9641
7636
4534
4741
452
2067
4862
3307
3308
3040
6450
2051
6642
1202
6893
5706
1629
6701
1638
8876
3349
1061
4052
8082
5980
2964
3946
3010
6417
3436
2905
2
1306
2364
9301
9163
6367
324
6221
1004
722
5529
6137
1745
1974
9401
2620
6478
5482
9503
6868
67
8089
2073
6098
6836
4830
4819
2601
6520
2506
5178
6761
9779
3418
6298
1834
7700
9263
7019
698
6264
373
8190
6256
5641
544
6928
6862
5793
3260
1859
225
2272
7485
5380
8743
3848
8723
2576
6401
757
8334
8175
5981
8899
3925
6632
9943
2815
935
55
7868
983
9418
2886
5273
579
2505
5824
5901
2697
6628
760
9635
2853
6912
6790
8995
5278
1703
6047
7925
2209
5303
6354
3863
5979
7911
3710
1047
9443
6434
4698
2683
9385
2236
4237
2783
1664
2440
1872
10
9193
5491
6605
2924
1475
4943
3971
7898
5693
8628
2501
905
9858
9104
941
701
2608
3592
4014
2467
5889
4266
5508
9515
4141
4315
6411
1759
4908
3573
869
1800
5830
3605
1991
4463
2031
6619
6286
9935
9937
8853
2860
2558
4569
625
4789
357
4151
8966
7547
7385
427
8142
7352
6972
2828
2258
6647
580
6652
8953
1581
9175
3108
220
6802
2827
4949
1401
174
3089
8149
6281
1913
3170
4350
7652
5104
3063
6766
6253
6771
7003
2291
5334
1523
4887
3879
2687
6002
2328
1332
5342
2235
3261
2174
3695
1776
8641
5683
3840
3362
7511
1229
2111
2545
6572
3053
5385
3226
8969
9868
7066
2548
3285
3647
4041
4676
1023
9490
1444
4843
5611
5323
1827
2098
352
4120
946
1389
4680
6716
9632
3476
7677
5240
3013
3294
4196
2915
5221
8726
8401
2173
6034
5181
11
2029
5158
126
337
7423
3689
3814
5835
2249
266
2714
7324
9442
4310
8581
7450
6275
9571
3114
6260
5736
8132
7748
8982
7744
7823
9455
8565
7386
9430
9626
6404
3599
553
7260
4422
1989
4800
4293
9923
9171
355
4180
8092
1387
4767
2541
3854
1168
5888
1226
3214
3707
3239
9224
7630
7230
77
6851
3297
9728
4042
7235
5193
2649
4204
8097
5400
3109
6984
2800
2201
4154
8724
5737
2457
3168
5369
1363
7712
5837
5251
6765
7137
224
4108
1472
5535
5701
8618
6477
5776
6195
92
3690
7660
9604
1786
2133
6754
6116
2347
7769
9096
8819
9431
2269
7859
1996
985
1280
1697
1042
9681
9946
7918
7026
9694
9368
3578
731
6540
6484
5327
2357
7957
6727
7977
3095
8784
2617
4053
5082
5544
9000
7344
8617
7105
9567
733
4727
4297
5329
106
1780
7554
903
8755
463
7225
2126
2248
8655
7241
4436
2644
997
9863
3127
1940
3085
6710
9020
3342
3983
3007
5044
6129
7746
240
6536
3658
4410
8708
3329
9185
7731
5546
5438
3558
8025
5150
3182
3514
7460
4021
924
3018
36
7434
5337
5757
6514
9625
815
8560
5254
454
4118
3936
2411
3287
4525
7828
4
5740
7867
7355
2665
8161
3875
3413
1046
8498
4974
9211
2922
6356
2543
1901
2432
461
9889
4997
3402
9992
482
3909
8281
4781
5399
5964
5974
6036
8920
6419
6743
2595
8459
8106
5850
5724
5349
6512
4199
3991
5495
2700
2482
9619
5018
7590
9137
7680
5975
7598
7458
6503
4323
1075
143
8050
4401
2680
206
1433
4662
7173
2359
4959
1429
2889
8427
9745
8259
7938
1530
5166
8342
3680
3608
588
5214
7631
2300
9514
3513
7170
1937
9354
7336
21
1912
3900
9049
3185
4622
1084
984
2218
510
1533
1254
5379
9638
2499
673
5742
3715
1430
2122
7799
2252
182
6573
9827
2259
899
5258
3174
9760
9747
3272
6223
6107
4888
9126
6963
6977
6877
2386
72
2046
608
4322
9271
1805
6461
2695
9577
2819
7832
7764
5065
4523
3523
88
6164
6713
4012
6203
3785
5432
1176
2993
3757
740
8548
700
8794
9595
2103
7371
7817
2630
8159
5593
8621
5920
2193
7496
3031
3265
9792
4261
5245
200
539
2857
363
2264
6309
6703
2302
6426
4076
7453
192
48
4497
3070
4998
1895
8219
8393
8999
705
7903
1588
7789
3383
4775
2811
4939
1722
6969
8718
1605
1529
38
4979
4336
2392
3303
9691
5094
1839
6522
8457
7889
6732
652
9596
3773
2219
9672
7138
991
3393
506
8925
2150
2787
5395
9852
4428
1030
7356
2659
1720
9957
4708
5484
6224
9065
6816
8386
5486
5488
4403
9623
9851
9195
3534
502
6938
7774
8562
7793
2417
549
3628
437
4047
5621
8003
6050
1494
3640
1511
4681
6310
8053
7251
6084
6361
5608
4298
9884
669
4450
5086
1234
8529
4696
3102
5444
2061
3712
3
8335
4088
4607
4918
5213
7995
7048
5133
5694
9719
8672
9993
3516
6181
4064
6502
5562
3527
9183
8860
4183
7472
7113
1921
7602
6225
5139
185
451
6151
4856
3290
93
3180
4253
8507
5265
6537
809
7404
4451
3973
2567
3455
3524
6201
6753
8527
3277
6979
6898
4415
600
316
3794
1963
4924
1868
8414
7088
278
8963
8304
2914
6465
118
2384
4008
5627
2095
6350
9218
9988
5003
7305
5554
4591
7394
8882
203
163
3052
7347
6770
2743
5540
3746
8838
2212
5939
6805
5933
4778
7549
6797
8105
3984
7715
5268
3255
5528
7973
1770
5760
1977
4573
8559
8080
6534
5427
1617
9297
9562
3761
5576
4880
7303
2379
1725
8019
9956
1565
9358
5623
7375
2177
1844
8057
6105
7687
260
4439
3317
249
604
9046
2936
3602
6258
1525
5501
1613
3487
2154
5834
5868
3730
5289
1139
6846
7341
5293
5336
4245
8678
9500
4438
9965
9131
7030
16
1566
8160
5321
455
5626
3225
7752
8549
1049
2645
7466
9700
2629
8312
8828
6692
5956
1642
1812
3017
5097
5719
9771
2584
8686
8687
888
1643
2742
8398
8413
651
6510
1850
1222
6087
5287
9587
7159
141
4287
6768
2631
9452
146
3678
9666
2378
8257
9775
236
4921
6238
7572
8002
4478
7714
4867
5584
8943
6560
9328
981
6476
493
1822
2568
8134
7539
60
4532
7503
3817
8013
8250
1562
2740
3888
3871
9056
2363
42
7686
2276
7359
2625
5607
5059
2304
6736
2693
2206
9278
2242
5955
8372
7446
9939
3568
6345
9636
7425
8474
1228
9901
2732
2562
7422
5404
9952
9070
5315
1015
1600
6858
3894
6656
9464
670
9148
9047
5756
6167
2522
4249
1668
9285
6535
1051
6295
6905
2510
468
5445
7317
9017
4986
8406
2852
1888
154
6796
3346
3851
8679
2791
2050
264
9755
3268
7617
3289
7478
6986
3963
1614
3005
9283
3076
2250
4314
9364
2226
407
1191
9508
3604
4673
6840
1255
9964
907
8861
1162
6428
9064
3664
6962
8703
4300
5928
9203
3663
4765
3992
1808
2796
4996
2322
4036
3248
2789
5618
5462
2900
2887
3613
4869
9978
4713
4980
930
6473
513
8815
846
8467
1709
8356
2405
8107
2942
9762
5755
2377
7532
2350
7538
2885
9650
2069
6530
5556
6915
519
6314
9579
7739
6763
2462
8546
6997
4374
2172
7662
9801
7157
5725
4868
4387
5025
827
4672
8881
3344
6447
2297
5026
5516
7754
3739
7351
1067
8261
210
8317
7812
2282
3747
414
9890
9152
3635
6792
2637
9877
6621
4739
5483
7564
5318
8237
6168
3458
5013
697
9014
817
5184
8696
684
2652
3847
4838
7910
7843
9043
2273
537
7397
3997
5040
1945
1652
7339
8624
614
681
8165
3954
2105
8286
8504
6504
0
4198
3743
690
8948
9546
1710
6390
8917
7497
761
5678
1741
9411
7060
7921
1938
2393
6697
8495
3065
1158
3363
5052
4208
5995
8795
3111
9230
3501
5169
7542
6371
7163
3264
4645
5832
2662
7899
4389
303
2473
5894
3530
2739
2280
2058
3679
4806
5575
4879
255
5823
986
6982
4265
2825
3945
7409
8714
4335
4434
8742
6630
9841
4360
3536
7038
6910
8812
5616
6649
1239
5925
2735
9432
8574
1329
1563
6676
1089
6591
3281
7035
9924
1466
7388
2928
3369
2877
1478
8110
8927
2866
2790
8799
2874
3575
7158
8746
1641
3482
9118
8388
6729
3853
261
4256
1570
5476
443
6825
5042
4129
8852
6443
6207
2738
8220
7180
4158
4455
2165
45
1575
8879
518
5950
8170
950
4944
6561
8715
2448
3484
5909
3645
4940
6622
3520
527
2035
4787
8118
9011
7668
7097
3560
2633
1902
728
3862
7100
12
9313
8365
7507
1830
6255
8489
5148
3367
7009
9781
5203
558
6842
1909
2320
3073
7821
7231
2216
6493
3422
8470
563
9871
6301
2426
8779
5301
4623
671
4686
4576
4091
5180
2944
2778
2883
8863
8777
989
4430
3775
5143
6998
7411
7361
5137
1891
3360
9378
89
7976
2189
4017
6829
9784
7599
6026
8345
7401
7211
3215
5614
5460
8497
1732
1048
9036
2424
8156
6786
4899
5781
3697
4179
4283
4095
6011
9597
8733
743
7278
9365
2263
5649
1421
9798
442
2589
9299
6439
744
9077
6316
4354
6285
2994
9435
4788
5523
120
8532
4024
5344
1044
5022
5309
3245
4603
367
4851
3497
1519
3165
5109
9669
3158
1911
6519
7331
2958
8545
6844
5377
1031
4417
8711
6466
1696
7287
3341
3284
2013
1103
1146
8987
9102
4932
6634
8611
2080
3387
8444
284
1028
5330
9590
1866
5842
8061
70
4356
9518
9216
7187
3993
9537
6658
2762
3300
6889
9359
3711
1258
2260
1825
6853
8583
7062
6985
1489
5970
1972
8439
1408
1267
8288
4002
1179
9917
9085
7683
7724
3648
8666
4168
7592
8137
7708
918
9270
7522
4866
2655
100
8640
5211
4773
1486
6347
7826
5112
1127
4589
4877
4625
2017
1437
2956
6228
3103
5923
6527
8212
6909
3074
7551
2509
2160
5410
2493
9812
8227
7675
6070
3184
6009
6951
6365
641
2087
5189
5108
9824
732
485
6130
5519
1726
328
6610
2241
8694
8600
5034
6620
6442
4330
8586
8357
4038
9610
4802
128
1521
8660
1213
4910
6588
5250
8148
8224
7364
5522
7210
943
861
6015
1288
8577
3795
4774
7906
23
5423
5443
6437
1263
4268
1885
2469
1620
1923
2262
6166
4243
1469
2211
1253
5392
4466
1658
4254
5058
3423
5947
2710
1420
6344
9456
8359
4048
3755
1753
4864
8473
3154
8246
6793
8221
7298
3889
1813
9843
7082
3845
2688
7894
6563
6318
8572
6016
9417
8369
7227
6380
3669
5439
5436
8122
4449
5688
7676
9305
3293
2275
9343
8043
2188
9749
9349
4825
6496
6702
7217
919
4055
8029
1916
4609
9646
5612
3148
2841
7640
5662
1293
3384
3870
4290
7040
7604
7474
5407
6878
1232
7711
6957
6525
6906
9497
9854
1224
3723
714
1045
9608
7405
8476
7803
1997
8939
8878
3060
840
5715
4958
3813
7633
1334
7932
8242
9164
9208
5875
9134
3952
285
8104
6714
8614
353
82
3380
4954
9550
8123
399
593
400
6325
6704
693
9161
3006
4709
8739
5350
2546
6801
4311
219
4937
7623
302
1787
808
8521
2278
4791
5207
8034
3435
9896
7259
7139
9188
5732
3406
3055
7571
2220
1203
6452
5269
6226
8218
8603
342
9034
9592
8668
6675
4808
626
4506
9876
3834
7333
4128
6481
3750
8960
4149
5504
1798
383
6086
7578
6651
9110
1154
8258
147
1766
7135
4564
8361
4705
9242
4011
7795
5633
5789
6306
707
1259
4171
2463
6813
6342
3982
3995
5188
8992
3865
1712
7195
4984
7853
3251
1572
9016
8339
2450
5146
2671
9309
4447
1554
1296
6593
5489
9785
6719
5246
7646
8926
7917
8985
2391
