133
8162
8829
790
2953
7837
6472
2219
8579
9429
7619
3079
3527
590
77
4063
8791
8362
9339
8257
5960
7330
1010
5326
9005
4705
6117
2093
1848
372
7999
6809
1643
8239
7760
4392
6630
5049
4218
3523
9166
8229
1619
1087
4228
5374
1978
9960
1885
4881
7975
5586
7795
8433
6408
7815
8831
6066
9738
49
4588
5937
34
3630
1013
323
7775
2350
2242
7561
807
2632
5687
1880
6604
238
3446
1333
7139
4205
8839
1624
1166
5274
7667
3154
7151
6711
632
5140
6354
7914
8590
9735
7545
5282
9322
5170
1841
9346
4786
7842
2174
1519
6518
7810
9516
205
9283
881
7940
5755
5904
9319
9223
1274
8435
2288
5551
6289
3914
5304
1829
844
8912
8807
9083
6199
3850
5182
3571
1247
597
6494
9114
9539
5959
7391
1116
4385
3365
187
1560
6277
2504
3457
2096
4979
1744
2932
4460
4463
3055
663
7048
8365
2787
8556
2538
9266
7771
6706
4490
3049
2050
2098
2727
2324
2928
3121
7688
5942
9358
6041
7757
5415
1035
5524
1145
6410
6654
5916
4382
3686
3879
8568
5747
2480
466
4938
1961
1457
4292
3000
4067
6533
7388
3298
4836
660
9443
4320
903
2827
7859
8944
488
5257
3538
2186
197
9636
7654
4421
6450
1118
5392
1504
5375
5217
9334
5369
9587
1107
6977
9834
232
9719
3117
8398
7035
741
6948
9640
7053
7504
1832
2308
1544
9457
8179
4685
3181
7737
2759
9890
4482
6279
666
5512
571
3053
5641
3721
6878
213
2175
6932
9548
2304
2018
5292
7793
6006
2633
9047
6495
8237
524
5688
3579
2674
4402
1867
4672
7645
8154
6286
9956
8053
8279
9529
1449
2570
550
8899
9682
5988
8998
5206
6266
9324
4001
3882
6786
3828
2682
8628
2908
23
7972
6391
6031
5425
6731
4056
4903
5791
3742
4733
3574
4916
3294
7560
8276
9370
5268
1282
5000
5249
2732
5742
3434
2037
9261
258
75
8766
5711
9536
458
6090
2159
6482
960
2550
7180
5745
5189
7915
192
9974
4575
9430
8956
1439
7445
7924
6049
2911
1597
5983
2897
1017
8360
411
4629
9466
8887
7026
7306
6565
4084
9761
3268
4175
5573
7153
9718
7821
6426
5443
9407
880
2485
1218
9661
1701
4961
7566
8404
3861
8233
2435
7452
3480
4599
7893
3403
7465
9751
1521
9880
4516
2779
4022
6116
9663
9248
6143
3241
9643
5389
8
444
8291
7387
4574
7102
0
7361
2728
2997
963
452
5165
3160
3578
373
6584
1385
9884
7254
6527
4204
9426
3562
9255
2584
2702
3771
4476
8471
2436
9604
9746
8220
7669
9097
9170
8468
4108
6318
1683
8739
5796
6207
7282
81
628
4447
6229
7092
9973
7736
5260
8662
4877
7535
73
4773
8379
3415
659
1324
7811
3433
532
7332
4837
355
6908
9451
4199
5250
5580
5873
6728
79
3139
4988
6701
8288
8389
4075
15
2506
8408
4010
5947
2560
8486
868
7614
6909
7913
4956
5782
9856
1775
9271
4403
2847
3443
3810
4827
4118
4337
951
2642
138
9486
8386
502
2840
8372
1446
7475
7110
6871
2954
5478
1484
7357
347
4891
6754
5635
4532
7390
6225
335
8693
4870
2222
9972
4104
4373
4527
6444
6821
6012
5736
2391
2762
6083
4799
7275
7044
5291
22
287
7342
7235
9944
5650
5351
5483
5460
3254
6665
8849
1215
3215
4064
1399
462
2960
6815
706
7931
7094
3634
2468
3078
5327
6690
4343
8136
1170
8327
1896
1189
4257
9887
8387
6781
7206
7964
7675
5969
2422
8617
9117
5313
5332
7265
3817
2342
5107
2357
3104
2857
415
1337
9568
2293
4189
4907
6145
8464
5571
7356
26
6073
1726
7001
6804
9138
2769
5832
9487
1463
3890
6228
4899
8743
3367
3110
3085
7002
5803
1990
4698
9472
55
8922
5296
2362
9882
1963
8033
9211
5800
826
7993
9742
4269
9216
5997
468
2654
1053
1716
8467
5139
789
9022
6364
7849
6273
8619
1261
3516
8933
4633
3495
2934
6934
5275
286
8865
3339
2658
513
7313
8441
7848
2226
5859
4913
7447
4256
7627
8900
242
3739
4830
2257
1706
2875
8913
3478
525
1895
9872
1925
983
3795
5819
6722
8028
9147
9446
448
5033
4645
1441
3852
3164
3409
2019
9902
1355
1203
7988
4679
9732
2571
1260
9072
6346
3924
7179
8306
3941
4971
3819
253
5746
9656
7590
1360
8317
4488
3100
1692
7348
7700
476
8014
8776
5923
5273
6014
9983
7371
578
5476
7825
5058
7362
7494
697
7929
7575
8000
7779
5816
9561
7402
9618
7427
5895
2069
4462
6341
9552
2377
2539
6673
2586
798
8784
6217
5396
7734
3043
8292
9695
9123
8624
5037
9927
8321
8529
5532
1623
9592
5575
2635
7142
7833
2471
7501
1742
7638
833
6375
1866
7013
3533
5334
8733
2692
7801
8376
8225
2941
1082
2669
271
3063
4849
1815
8047
7141
9065
9120
9507
3163
941
218
1901
1570
8082
4150
4026
4812
5948
5270
7227
874
8183
9036
7173
1568
1119
9202
8193
8793
5390
6184
3515
4162
9779
5105
3176
2067
9243
6440
999
7082
89
503
5909
2328
1402
1342
2613
762
2029
67
3772
3920
341
8593
346
7393
2249
3412
3328
1976
7042
962
472
9538
2469
1063
5655
1691
899
273
8057
3491
9910
5004
2999
1240
9932
6710
9691
9909
4364
7266
4037
6633
2958
2248
5758
2712
2269
413
3239
6436
6123
722
2491
3404
4880
7432
3023
478
8382
7977
1298
5084
4419
2418
8388
6409
4890
8634
954
4219
2136
607
9990
9794
1935
7286
6553
3374
5324
5008
9530
9328
8759
9817
7032
183
8957
8064
240
9384
2443
2556
8416
9617
5473
5030
263
7394
1287
4012
5709
1229
6802
6983
2088
1668
4496
4415
2690
728
7283
9837
6797
3321
5417
5679
3631
7512
3887
2147
7328
3522
234
9440
2687
4470
3266
5161
4578
3992
8004
4668
3280
7664
324
1081
9360
1739
8949
1031
5956
5299
604
47
5470
8044
438
2933
3984
2092
5793
4525
5943
9920
9513
6658
5203
4768
1291
6381
7892
8649
9915
2083
6683
7238
6972
5328
1802
9441
9367
9365
3287
8625
7806
1915
8505
3246
2555
1292
9799
3076
9807
9341
8870
4125
3370
9186
2345
2686
3798
2518
4262
6887
3203
96
1937
1721
7606
9655
8236
2387
2259
8959
7605
2697
7624
997
9325
7261
3240
8799
6744
1160
2134
5418
1533
1425
4484
6979
5681
3427
4826
3144
251
5113
4603
679
8894
5718
9111
6280
134
9641
3681
6011
3200
1511
3723
8330
9679
4099
3018
725
6186
980
145
165
1713
4646
2295
2316
7983
8370
1579
4201
3358
3966
508
7885
7781
4393
1531
6891
9386
7519
7208
2603
2408
5440
7604
1348
6168
9431
2235
3128
3283
6425
5680
2738
2894
5507
148
6138
4936
4924
2629
6995
158
7761
986
2815
6599
9574
2466
7479
9180
757
735
7854
3606
6249
580
1122
5320
5951
6455
5556
4523
512
4074
8773
1064
2035
7792
9100
299
3327
4405
3357
9862
7955
549
5516
4949
936
1843
6342
6971
3513
2536
5760
7425
334
2104
4412
4123
783
2017
2430
6571
1040
3383
3461
4693
4325
1952
9811
7007
315
9247
9088
1147
8422
1503
5027
1178
3590
1719
8073
1411
7017
3613
6405
8459
4931
7909
9177
8121
9736
1589
1197
3037
4754
2989
9678
5629
4622
6787
1363
6276
1671
9710
8884
5932
5485
601
6586
224
6385
9858
7041
3623
6021
5581
8453
2301
2412
7602
3028
7634
6476
1853
339
9565
8410
6097
9031
4919
8600
8750
7998
2514
5825
5261
7646
5367
9035
2036
1833
4553
7682
3676
7789
7889
4230
2976
6899
565
6206
3704
2805
749
5908
6274
3211
5615
1549
101
7045
9454
3419
2201
3066
7758
9851
5553
4058
1163
2279
2786
7293
8514
8548
378
1383
7096
1455
119
9713
2359
5186
5875
952
1883
3811
4247
2509
475
4472
8355
3438
3989
8152
5523
5035
43
6603
2730
3891
9272
7836
4935
1059
4452
7639
7961
574
7161
9545
7320
147
9432
4499
2569
6876
9908
987
1191
9464
16
8498
3954
7392
4511
4171
362
2907
8414
3803
921
3971
5882
5632
2330
4271
8470
435
4745
6935
4278
821
8437
548
1432
5735
8731
9599
7429
8048
5315
2272
7628
1569
2277
4053
8310
9321
1652
2331
7406
5130
913
8141
8715
8960
8815
5795
3688
4120
4751
6265
8969
6407
4986
1522
1506
2349
9452
8090
2905
1761
5335
7957
4997
2073
9224
53
1588
2913
6335
6291
3908
4474
8482
5608
9567
4268
9151
9369
8096
3586
2085
6578
509
7428
1392
9073
804
1685
9335
6430
8347
9096
8032
8823
6170
1182
1074
2927
450
5903
5174
3057
5954
837
1644
1195
3394
4416
8046
8704
8216
7553
860
4871
5818
1335
9953
9144
4245
1553
4743
9593
3547
501
1434
5701
9397
5467
9765
281
5766
7008
5963
850
2826
4557
367
3813
5584
2425
5868
2171
3808
1462
252
1767
971
8188
7087
5391
6884
6788
9289
3554
2496
2490
7594
9394
7267
2753
1790
5936
9213
7256
4479
8595
2773
5188
4562
3981
3973
5876
5126
6324
4297
3864
6400
2600
8472
91
1593
2152
6243
9590
2382
6998
3138
143
3553
7398
5172
4342
8564
782
6661
5442
6519
8221
5039
7990
443
2129
4226
1344
8516
1942
6024
7581
2605
5329
5750
8016
6366
1156
6500
726
2837
9368
2824
6883
2620
4808
9853
7446
7207
9274
5026
141
9063
6106
1861
4653
6056
2325
9605
8359
5218
490
787
8345
6531
1516
5370
1629
5337
3304
8144
5413
6976
8150
3728
803
2770
4543
9560
7091
4221
7641
1079
1698
5802
8247
559
2521
2626
6639
5288
3767
839
3844
3487
8939
2305
6404
4858
7132
5540
8553
3912
6190
160
5399
7831
9340
5412
4234
5346
8129
57
8605
2617
9349
4577
3436
8409
9900
964
2292
7921
3862
7404
8618
4995
6124
1357
1944
6295
3230
7520
8265
337
733
2396
7797
8673
3993
1395
1865
5703
6008
4308
2964
9167
6283
6321
579
9447
7461
4874
4349
3247
900
3091
2836
2648
6782
1088
464
8427
5079
7054
1594
4709
2593
3552
1740
5828
9634
1709
1198
139
1408
7616
2392
2177
8259
2604
3129
4167
7090
6485
5494
4671
4071
8526
6842
1313
4708
5833
109
6515
1426
9143
8871
9525
2962
4446
8074
4158
6307
5522
1941
7544
6446
7895
6003
6343
8859
1657
3806
4157
3499
1954
8086
1039
1456
9588
3207
1667
3943
743
5052
8770
289
9320
3337
1173
822
3980
1194
5809
7717
9888
9127
1121
6114
7533
7691
1929
5173
99
4610
2963
8199
5322
6964
9002
9021
2931
7694
5812
7186
4914
2532
9857
5031
6036
1303
4206
542
6574
8842
7253
7217
928
8992
4324
5994
204
3107
3720
3313
5307
7984
7419
9519
6548
6081
7934
4135
9075
5080
7334
953
6465
3511
8066
6159
8656
5042
6805
3677
7097
306
8642
5489
4932
9780
1605
1591
8489
1495
8621
4831
5445
906
2056
592
7350
7595
9913
544
4616
4061
720
5638
9398
3657
8643
6898
7174
4535
5643
4908
8655
8051
3388
7407
9508
282
9309
4095
5675
7315
6026
8524
3778
4664
3035
5550
4581
4879
6
6893
8039
7213
5427
2889
265
957
8232
1905
8635
9220
8198
7985
9994
4501
6487
3417
4195
2977
933
3572
3970
293
1279
595
2385
5786
7969
6353
1881
317
6532
8098
8808
6923
8143
1927
7719
8487
5699
3892
1857
3225
2482
436
5890
9886
1438
2794
9028
7571
6445
8190
5913
4586
7690
856
2306
9788
3165
3730
745
664
9609
1642
2541
8532
7409
3830
671
3675
6761
2214
1161
7343
7304
5403
3935
9308
422
297
2853
6866
1836
7994
6129
2133
4507
6845
9183
6202
4823
5582
8688
7396
2664
5627
7712
1617
5872
729
7021
9848
8323
260
1650
5055
9390
6607
4344
2367
3866
7199
7129
9726
1601
9461
7182
5515
6555
5171
5302
924
627
9912
2720
3045
5705
2890
6880
6767
2796
2939
2419
7503
8254
9025
6921
3614
8463
7759
330
3638
9798
6885
9577
5694
7932
2743
2828
8996
3735
3292
5137
6263
2068
4078
4147
5076
9288
6251
8224
984
6460
1256
2353
4739
4469
6443
7807
8721
8079
1365
796
9896
8295
9304
4172
5048
665
497
4367
8917
6361
1592
7099
5041
6551
9157
8018
4093
278
3065
3226
7942
3228
9720
5753
4133
7408
7414
6556
9867
6328
5153
235
1072
6332
6766
5410
5372
4283
8084
4411
5579
5064
4379
2006
8640
1527
732
6793
4494
283
9554
6695
4572
9212
2095
2748
7469
7507
8203
8654
9595
8765
5349
4697
2866
8800
3769
3146
1487
1242
4178
2060
8599
5472
4005
4065
2864
3013
6162
5647
6723
5566
3577
8940
3135
1648
4852
8060
5774
4623
4867
2131
5927
566
4052
538
9382
9898
6160
884
5364
6950
7205
7123
6850
2662
9331
8575
935
2551
7850
9004
4766
6957
5603
2048
1427
9106
4882
5191
9541
4145
5159
2087
3475
2803
5077
377
9781
7383
4378
6689
5428
4602
8231
958
1795
5038
2914
8709
1889
9906
6688
7300
5974
9069
3468
8538
4720
385
5019
520
5883
4330
6257
1416
6748
6471
1542
4828
3015
3352
433
2781
3786
3094
8091
2058
2641
2503
5265
3792
7080
3601
2924
5469
6029
4081
9702
8301
5448
8302
9408
9957
2224
1693
3733
140
167
3291
9716
8497
5640
7172
8244
7401
772
3753
1868
3869
8544
7549
5373
4692
4589
7927
5624
6577
6867
1515
1169
5175
9664
2966
2252
6569
1352
3036
5311
24
5331
8304
6784
9357
6232
7
7570
7873
7589
2333
4272
45
1636
9478
7311
5239
7418
6562
1393
3407
3815
9537
8384
7658
9196
642
2822
7597
4639
1844
1800
280
3151
6293
687
9468
5670
237
219
9110
5548
2448
5230
9470
1368
1940
7886
1091
5612
6311
4793
8380
4887
2101
7704
9584
8284
2486
4355
641
2484
912
5977
7004
3959
6933
348
5567
7556
6974
349
131
115
9265
3238
6480
6235
6573
8159
2561
7547
6847
4153
9129
6317
4422
414
7020
2799
6396
8825
5822
5293
6714
2213
5549
4076
7085
4317
8683
5754
4467
8260
4059
7291
4238
5989
7056
5446
3529
2808
3054
5710
1190
5717
6082
3625
7100
6629
5544
7138
208
8862
6423
6459
2281
7739
5056
4652
3964
4401
6402
4518
9986
4798
3324
1574
142
8812
7958
2993
5560
8375
6542
3650
3880
2493
5941
6645
8213
3876
8892
9493
3684
4025
1612
9371
9356
3422
7224
3563
3229
1774
7326
7340
553
2341
2155
6209
1123
4051
4374
1738
9109
6657
2896
5276
6188
2592
8065
3290
9826
6530
1626
1608
7460
5537
351
6685
9270
1823
8914
2054
9727
4132
6158
9182
1950
9946
7835
9988
7262
8168
7345
6300
1181
7038
264
3473
2718
2517
1717
4897
8412
5022
2872
84
7231
8234
8700
4587
2450
5864
2552
2265
3707
9647
7756
3729
5345
6952
5695
3223
7938
5940
7858
2074
8151
5577
4050
7623
9527
1882
4338
5439
1655
9907
8653
3570
9942
8631
9298
6227
104
4443
9611
1596
482
1359
3099
1754
9239
8059
3938
9506
230
5286
95
6900
8212
202
700
4962
1150
516
3340
7583
8523
8120
1856
6872
7687
3874
7005
6601
5934
1525
2774
8480
3289
9881
3011
7420
9546
37
4651
9585
4829
4423
7817
4579
8395
7397
4847
8918
8885
6648
2470
4841
8834
1212
9535
760
9427
4448
8431
9885
4274
4514
4137
4105
5972
1730
1926
3123
6888
3447
5578
7897
6598
5086
920
842
6135
1538
2734
38
6514
8111
9737
1001
611
3858
3616
1255
7867
9189
3183
5252
727
1847
2442
4049
5979
1389
4305
8684
6178
9724
7473
4780
5014
2094
170
2076
5529
5598
1305
4937
276
5870
7839
5408
257
629
5155
7329
5087
9772
2114
7995
1615
644
5321
4213
5649
7495
2100
1863
3282
1736
6538
2335
1089
3510
5565
6914
5054
3095
4141
500
4772
6193
5474
325
1109
9372
1947
575
2192
8020
434
2859
8197
9666
6294
5503
3841
1772
6092
2475
1949
6466
3873
5651
4045
8088
1804
4729
5383
2231
7423
7527
6582
7633
8804
4151
5290
4110
8667
5028
428
6806
5402
589
8366
6398
1
152
4928
7693
8251
6234
3301
5852
4990
922
9650
4797
5104
267
5254
9797
8896
875
1018
763
5330
6163
8515
2865
1616
4728
1510
8665
2893
6982
1786
9301
4223
7232
1151
8275
1162
3387
4690
761
9080
4126
151
2004
2643
5764
6025
3344
7410
6524
5900
5715
5992
562
5386
2041
4801
3965
3244
5590
6448
6703
2278
2587
3548
4498
6362
3257
9034
463
4015
5111
6042
8041
4459
6826
9767
978
779
966
5777
2489
6107
2283
7770
526
5729
4661
6636
5421
9012
658
5002
7524
4018
9625
2364
8521
3696
3467
6313
5874
4981
5588
893
4333
9572
648
5844
2271
51
3014
9453
1948
2542
530
8687
336
2559
9467
4319
6477
8102
6429
164
3703
495
4057
1946
3252
396
4717
8968
7295
9411
8830
8941
7847
6881
1707
2298
3867
9616
2855
7672
4765
3494
1752
9813
1404
8135
7973
8493
2127
270
8822
5761
3593
7050
2624
7121
4310
6208
8337
8490
9821
4033
6697
5961
6099
2051
3243
9184
8164
7301
5525
975
5115
5092
6966
2678
709
593
2715
6071
830
8979
3450
9999
6681
8716
7105
4970
1382
753
1602
4440
2703
3058
5719
3149
3227
4362
6736
1728
9448
973
8668
1378
523
1564
7493
7255
9975
4552
9195
9276
4072
6327
275
649
5121
4669
6037
3573
824
1423
6282
5642
5787
8503
1113
8268
6214
9509
465
5599
6552
6177
5368
7083
4471
4176
9544
6355
2639
3064
173
609
2064
4809
9935
5939
4334
7220
3395
2546
3851
6996
8798
3987
3694
7284
3192
3972
6352
8902
9352
918
5081
5907
5127
1146
5493
6433
4240
8832
2784
9163
8391
9566
570
9630
2109
1838
9961
366
8821
4630
3673
1731
3209
4203
7710
4597
5925
4994
3346
8826
4634
4818
9982
4259
5050
5258
1283
8242
5069
8565
1424
3834
8219
8021
3428
6244
7637
8620
7588
107
1534
6065
1112
7517
8542
992
2287
7302
3931
9092
4193
3517
9768
9792
8206
7684
9823
9801
5850
8056
4435
1981
9286
5826
8934
1481
5380
6113
9471
3598
2761
1407
1862
619
5166
1932
8308
1290
1223
8981
9173
7297
3087
6612
1356
9218
499
6973
1859
1957
2256
8175
6316
4701
7324
7506
5359
9877
1271
1341
1931
3222
4958
4946
1876
3664
8001
9778
5119
4450
7976
1401
5887
4492
2464
1639
4170
1724
3618
6894
3029
7379
8560
344
6638
2922
6457
3955
1787
459
3589
90
1998
8436
3501
7049
759
7617
7149
3607
1085
2558
6981
3679
2588
222
4706
9415
1243
2354
7183
3751
7600
8027
886
4774
8511
937
7022
116
6742
2863
1778
8006
3940
2900
3380
736
6059
2591
3317
8205
5198
2611
887
1988
5848
828
8659
1286
9980
4856
8446
2706
6119
8840
976
4390
6510
6393
2849
8606
6196
7381
5294
6077
484
8712
795
261
9725
2452
9503
6985
8400
8002
4834
4266
8888
9998
9699
2478
3333
5441
6534
1681
8290
8331
1820
9275
7122
6994
5552
6054
5017
6605
8450
2903
3956
1004
7468
2809
8541
8305
1502
130
1006
8457
7542
7538
6304
8615
3800
4757
8013
1824
5180
4426
699
4922
6561
2110
2117
9014
5149
9171
8622
5944
2548
185
9844
6339
7804
7000
191
1834
9637
7772
3641
9403
8537
9659
4748
320
2375
1216
8554
7177
4767
1803
9677
2830
2757
3740
9861
7883
6610
2254
5347
2447
2766
6614
4582
7698
8465
1471
2909
2216
6157
9160
400
8717
7882
5406
5813
4235
4312
4332
9753
7165
9688
2229
3919
2621
2878
6211
9076
9112
4534
7063
4869
6585
7554
1245
4073
9428
168
4696
5801
6218
4227
2032
3895
7352
5223
3952
9993
5623
9249
7851
8946
2205
6336
6670
9050
9759
9154
2994
7415
3092
5117
5385
835
6131
5867
7269
4842
6955
4612
793
2121
4886
3260
942
5499
4404
9404
4691
9755
4477
1877
9421
2813
8531
9598
4055
6475
6120
8576
296
3565
5886
8943
4122
4186
5648
8513
9985
2118
9465
2601
5734
7370
6819
1700
2337
3322
3714
2515
3041
3913
4983
1864
3169
7657
6367
6988
8729
2544
3108
6762
2599
4613
6870
4967
431
8966
8577
9897
3683
843
1268
1061
5660
1312
4409
1661
9401
6644
6009
5748
3206
1641
1219
1674
3947
4315
1068
8397
189
3172
8692
643
2432
9313
1016
7890
161
5363
4092
7272
9198
9140
7697
3359
504
3366
6984
3974
4309
3818
1577
7310
8790
2821
9010
2673
6005
3594
9878
2184
14
8952
6072
2077
7124
2980
5134
8540
3170
3103
5504
4853
7716
8728
4461
2234
1750
8543
6958
2807
4044
995
9093
3903
5298
7768
3060
6506
6146
6594
4825
8903
2798
103
4982
5756
6965
9205
9316
3059
5609
8660
3969
4531
3122
7417
773
7917
6453
5287
2507
2405
3899
972
4814
4202
9070
2020
214
8893
8678
361
891
2373
8671
156
8726
7152
9496
9236
5281
3413
3343
5289
7010
3219
853
2370
2972
8510
4302
808
1714
5062
7229
5475
9852
1485
9818
8818
5585
3706
692
8938
4241
5036
2638
8075
1372
8720
626
5100
3162
322
1603
1609
584
4380
2454
845
3705
7467
6411
7992
939
6467
3205
9868
5794
8708
7296
4953
7673
9488
7923
847
4068
2439
2979
6194
7790
5444
7509
6350
3306
2237
3643
6250
688
7679
7433
3070
9187
4489
703
4366
1371
2045
8196
4388
8841
9812
6483
8586
4089
2912
8761
8209
8973
4253
3080
4491
6721
9741
3275
4054
4102
799
6187
7791
6127
6830
8399
7312
3546
3031
6813
9306
8669
6501
369
3459
8591
6254
6155
8429
8777
5971
2543
4845
650
6595
1042
6651
6376
2655
6930
2040
5133
1132
1760
5995
2456
8756
1894
7714
3259
3885
8335
7116
9374
6849
5135
6089
4934
820
3760
1997
8116
9434
2239
2948
6428
8133
4414
4478
2733
9526
8451
6649
5901
3133
5269
9492
4289
1610
7808
266
5842
2867
5725
5607
7777
5714
6403
8210
9013
9873
8227
2670
4640
9581
1501
9162
7496
7987
6674
1663
2984
4563
9553
689
6833
6144
9620
7548
3960
2899
7579
6539
2659
5749
9060
1011
9364
1960
302
6287
7089
3632
3979
676
9215
7061
6371
3575
2649
3825
2802
256
5283
2429
4819
949
5545
4222
7198
3
8754
3231
4689
667
982
294
7288
6419
2829
3787
8703
4918
3660
5542
6275
5021
7338
9850
9722
8633
3179
3853
8371
5798
5109
4815
6382
1299
1611
9847
7250
9883
5089
6696
2974
157
3472
5045
4817
9505
740
8142
8569
3418
3393
6043
7829
8751
5219
8042
4020
4260
1276
1702
3833
6173
3957
996
3152
9264
5381
2378
6034
545
3267
3789
4304
5723
2842
2135
6854
1796
6902
5238
6777
5263
2128
146
9892
948
9869
4775
9285
7033
1500
7211
1600
9562
395
2918
1705
3685
6038
6358
6427
4021
4465
6479
5528
2428
9348
2615
9984
2765
389
5279
4146
8746
1837
2393
9234
6863
4526
9879
6820
4987
9824
8309
3073
7744
6694
917
3389
4838
474
6179
3384
318
5405
5966
5836
7745
758
1810
2181
2376
2204
6889
3402
5617
7515
2691
4545
707
3738
3907
3305
8901
3512
8707
9423
1211
9260
9125
7769
5146
48
5731
9504
4810
9776
7062
3341
59
6922
719
661
5975
7240
9510
3774
8343
7068
7674
2891
4712
7471
2488
9631
6076
9011
7900
8682
5101
9621
7868
5783
3610
3647
5834
5656
8178
407
8820
3605
1437
350
8926
7071
2250
9280
1233
9979
2079
4116
7521
1473
8539
9687
7031
9269
4111
6344
1316
2910
2386
8333
8115
6315
2027
778
8551
7720
8744
6070
6306
9209
5950
1801
2663
6624
809
750
6917
6278
6541
8272
7970
5810
5245
9639
295
4376
7877
4270
1349
737
3736
1598
186
7863
5256
7971
6164
4855
7247
4168
9575
9395
6401
3115
8348
2846
6016
8585
3376
8222
3190
1892
695
7047
2415
7558
3277
9701
1105
8948
1227
456
9169
1933
1789
1192
6740
6360
3202
6002
2183
6180
7880
7528
4556
8607
8889
5199
3074
2146
1855
8725
6374
6919
8954
7258
8442
4138
4666
3201
9178
612
9518
2970
6812
8024
8594
6325
7865
9338
2481
6121
4711
4254
6987
2423
5857
2527
9991
974
1690
7259
9970
6634
4925
9793
4942
1000
8580
6415
8910
7620
7585
1718
6753
4803
8050
9680
5829
440
3950
8927
5722
3069
392
6877
3901
4069
1379
2453
92
6606
5066
5534
1474
2614
6284
6326
4721
2474
3444
9819
3281
5707
2338
7335
2877
1386
1965
5696
408
8702
5432
754
8695
2141
8506
2139
6017
8500
6712
6627
3379
195
7285
2854
1008
8587
4375
4306
3642
7477
1528
3363
8055
5020
4347
4620
7277
3983
8639
4011
4130
1729
4358
9684
9952
533
1084
4561
8214
9916
8632
3081
2130
1678
6040
360
7466
2916
3109
3701
7299
9750
4800
4369
6509
5356
3455
3791
6940
2102
6312
8931
5885
2
2529
5807
4540
2628
5806
5013
2582
3884
1814
8863
9361
2227
8113
5568
2297
5781
5128
3537
3639
5082
1550
4233
3143
9622
4209
6267
1809
1477
9969
8287
387
2729
5479
7723
9522
1367
9997
7780
9326
1783
6931
453
599
8955
6068
9627
5114
5514
9113
9131
4686
5978
2936
4594
6656
1201
8112
6886
7631
1565
718
418
5772
3700
1955
1884
797
9190
3345
7607
4960
9041
5569
2421
9323
9729
5236
8080
1093
5869
3652
3470
5112
1014
8598
1665
7919
5968
7567
1045
4920
8999
977
455
9683
5032
6536
878
2987
7341
483
9989
8215
6192
6236
6946
6167
8177
8406
5636
5849
6062
3431
9672
8492
1353
391
7098
7766
3042
8424
1101
6418
1613
9686
8012
4444
3761
1231
1675
3932
8007
1873
5914
2473
4670
7692
8995
7236
1562
7112
4298
9685
7978
4276
2722
8676
1073
8609
2487
9254
1394
5622
7028
8845
427
1275
6890
4143
425
2657
7440
3232
1651
6938
357
2340
7118
1682
4513
8054
2956
8352
9290
723
310
4231
7989
2196
7443
7706
7346
3627
6829
4656
8581
4848
383
2437
6464
4730
9820
872
588
4703
8613
2623
3504
1043
7115
4417
1813
3724
6583
3536
3948
5187
4439
9342
1320
2744
2595
6468
6550
9705
7782
1106
2462
6359
5757
9926
1968
2681
859
8043
927
7776
4865
596
5088
3390
6013
9709
3020
1659
2650
6801
2296
598
3125
5965
7314
7117
379
2723
6832
3532
7223
5771
6895
3116
7724
9697
5409
1583
7009
9350
4781
4573
8477
7214
888
9499
2003
8614
7685
4
3180
3636
6292
5325
2700
3709
8173
4322
1139
6713
4893
193
1558
1871
8157
5708
8706
3788
4876
2026
8110
7454
1939
6222
1046
3382
5190
5361
8461
3741
5009
4458
5414
9474
6597
510
9222
7943
6546
9046
7318
2533
6182
6962
417
6910
149
6212
4684
9044
717
2039
3453
7073
558
5416
9161
4117
5765
1695
5227
7884
764
3519
2458
4406
2299
6320
1543
8328
1142
6169
2644
86
3199
5096
8886
3276
670
8690
8936
3764
2208
2161
556
5630
4007
8623
4041
8083
3946
5726
1999
9668
8425
5168
673
8005
1654
8923
6370
7598
8015
855
8795
4357
1421
1638
1699
7421
6679
8495
6960
2563
4255
4468
2438
1989
7215
7640
9635
4727
5297
8342
892
7276
7954
171
8958
1680
4008
5912
3670
8250
1812
6798
8373
2223
1496
8469
9675
557
3003
6349
2321
8753
6715
2363
3326
1850
8648
2329
9901
6078
8972
3699
1267
9165
5564
1032
3449
691
2228
7109
201
3669
4948
5108
2200
2176
2825
3770
1755
8452
8974
6387
9297
4464
5034
4862
7748
9033
8891
4252
7233
9116
6837
2232
2951
4284
9087
8876
7881
6529
3234
1677
1002
2676
9786
2572
1369
3500
4340
4839
5300
7728
4816
9828
8755
7435
8338
1567
5831
979
6575
5646
5459
7412
2075
2403
3608
250
1991
4503
5355
2547
7499
3939
3746
8332
515
4554
6588
1493
4136
1155
1660
1541
9721
4965
8867
507
3124
2887
9863
7273
2154
5691
2282
4796
5378
9199
2883
255
6497
7364
5506
8278
7190
8644
4884
6023
2771
9673
3297
1468
867
228
5163
8166
5259
9009
4351
3986
5301
8877
8195
3507
5897
2524
882
4080
3372
365
7552
9045
9905
8109
8127
2012
3937
730
1440
3236
3429
4593
6942
5683
1986
7166
5251
7508
4127
9064
5344
4035
7453
3784
788
2737
7147
7870
6580
4457
536
518
7244
8641
7331
9086
8864
7866
3528
9090
7486
1743
2637
7029
3564
3521
8238
4738
1708
6268
179
4524
3182
7967
6109
7321
3314
8282
2267
6702
1797
8705
5061
9785
6939
6210
7365
9146
88
5949
832
7903
8245
9418
2346
4570
225
1301
4555
9967
6954
8315
8764
9597
4804
3216
7523
5231
2031
1015
9281
2694
3829
9763
5407
8499
4485
1559
4288
4583
4714
2785
3256
1022
991
44
1347
7260
8989
686
3312
7395
1466
9623
3220
6303
7163
4180
1842
3925
6747
9444
2902
4442
7891
1447
5426
2007
3930
9387
9849
9015
4000
4566
3062
6520
9197
6738
8097
2921
1830
8340
4843
9644
4449
1618
1070
2230
8273
188
2371
7170
1034
3875
5520
1134
3763
3878
4014
2270
746
2751
36
1996
8558
4013
9388
9233
6247
8094
9951
1055
3293
4242
5310
1125
8488
2455
2082
6176
7513
3360
2705
7377
8479
784
8697
7956
1930
6340
2879
519
7039
858
4003
6091
3713
2688
4618
268
1696
5531
8880
3056
7529
74
5621
8794
9914
5952
8228
1672
7541
4036
9258
2695
2052
52
5240
1921
3999
7193
6963
9315
3157
7551
7592
6647
6956
4451
8092
7908
9412
2725
5924
4152
747
449
380
5889
2930
1741
594
6290
1599
2240
541
4109
9219
9563
3695
7107
5455
551
9377
7505
1764
7743
5860
9607
8819
8555
9227
2612
8525
5183
4624
9490
6454
1420
8252
7222
5222
7148
4606
3400
1670
5229
4024
2776
6261
247
2819
1175
9383
8680
2125
7279
2046
7201
3559
1334
432
8838
6608
9366
2207
2856
6662
4976
8775
5953
284
8122
721
8104
4643
3915
105
3237
2797
5628
41
4062
3086
1174
2140
3732
2044
8783
5625
2384
1153
2348
4762
35
3071
7926
5395
1586
9425
6576
8557
5770
1687
5047
3754
4023
1293
4723
8970
3926
4432
6084
206
9533
3550
6397
919
7221
6640
635
7732
3790
846
6489
925
7587
2647
5207
4910
2708
1136
1575
814
2203
6619
8303
8130
1759
4384
1826
7333
3659
2099
8545
1897
2850
1992
8860
3942
3835
6094
3097
704
2949
4293
9462
2992
1308
4896
3674
4381
6069
6171
4824
2441
890
7518
2862
8763
5209
3814
6918
3233
8836
3963
2942
8460
9287
2602
2358
7076
6262
4614
9476
851
8701
7803
7539
8148
1419
5011
5237
6687
2347
3481
194
7695
1900
9764
3530
2971
3843
825
2179
9899
1732
7824
9026
7625
5653
1202
3561
8737
4184
8861
8207
8549
2251
4413
9263
2380
3361
3877
9653
3423
8988
1656
2880
3007
3458
7070
9692
6087
7671
751
1945
3264
6299
3198
9329
6118
8895
7481
1469
1919
4840
817
5899
7609
6600
3189
701
8253
290
7874
3544
9808
1874
3944
7718
6198
564
114
1376
4785
6800
9626
155
1412
6019
3010
5620
3265
1888
3502
5118
4386
8017
9827
3347
178
5043
3929
9081
5436
2246
1835
3629
4873
7840
3498
3542
8476
4441
1277
3001
1622
9754
7169
3032
4650
529
4889
8444
6150
5210
4888
5046
71
5682
7458
3156
8925
5637
6632
5431
2028
4864
1388
1753
3809
9816
3479
4287
7599
6165
1557
6692
5434
7025
3889
211
7367
2567
7608
8602
3188
8806
2188
3052
4263
2047
8160
7074
1852
6022
2811
7986
4454
4989
7966
6768
3441
1264
6369
9115
2236
616
9831
1791
9610
7907
3490
375
2817
5780
4365
5201
8993
8346
811
8518
8255
4868
6927
29
8267
1214
8601
2399
5663
2394
31
8646
5674
4647
175
812
69
1548
6557
7065
3251
8961
3385
2449
3719
9613
2383
5
4943
7681
6997
2072
9405
1387
9433
8857
2618
7059
1995
5016
1110
7491
1075
6322
6504
8975
7339
8124
3454
7337
4861
4212
662
4974
2959
7726
8534
5060
4783
9436
1805
2929
810
2061
2834
6221
4659
1869
9292
6743
5129
3541
5488
198
3012
2168
7965
3580
6395
7960
3141
3603
5309
9003
4906
1250
3881
2162
3845
6095
184
4410
3320
9922
8858
87
4006
1104
6331
9099
7845
1710
7948
7375
9805
801
9119
6759
7887
1033
226
182
4732
3978
6771
3870
9676
7818
8710
1518
6543
7727
7156
938
6528
9523
1431
6750
6831
9019
9632
4356
5136
6503
4549
3682
1907
940
9602
7626
1185
7351
8780
8711
9555
6677
802
8361
9903
9000
3596
7510
1124
9706
827
6498
2943
2537
5733
491
9814
8223
8658
5164
857
1887
8637
3836
93
493
3776
5686
5805
1959
3299
1259
3392
4533
6765
3799
7489
4350
4250
8351
4480
124
7040
2790
7456
5741
9707
5185
988
3911
7799
2289
6816
3609
126
2758
8905
8528
1345
5905
3047
5152
7550
2965
9570
5611
8163
4434
767
517
5618
8504
5461
3040
2372
3731
2677
6140
8636
9715
2476
6941
8415
2861
7358
2876
3775
6675
8779
5348
2631
4776
2264
1828
9876
9130
8101
7578
2656
20
698
9054
610
8921
7860
6044
6549
3816
895
4160
6717
4850
8334
311
2564
2522
9203
5855
9066
2925
968
3988
6652
4002
7133
7060
2709
382
8156
9042
3068
1332
2634
8597
4860
5510
8031
8161
3088
2845
6447
2312
2915
3711
61
6356
3900
9638
2033
905
3477
409
7462
956
9976
4539
8651
4677
6693
3130
3781
9445
9032
3235
4760
7974
4101
8186
5762
6642
1309
2126
3693
5616
6560
6896
2699
5463
6337
3551
4649
9500
1443
1555
781
1038
9571
5576
2581
4166
8344
1025
1027
5353
3131
7912
8592
4179
4731
2742
8448
2043
2839
6133
3027
1238
3780
8420
6142
3801
7243
8363
4558
5452
3635
6048
3440
3118
9698
2302
6085
9941
6115
2210
9745
6271
2417
6915
4429
6735
7901
4991
5547
9043
5205
633
3847
6333
3611
6835
6486
4327
8107
5530
3994
9594
7369
4091
531
2982
3323
7574
8061
5247
5862
8854
5492
7202
9237
8298
9689
5484
236
3414
2969
5843
6414
7308
7403
1047
1452
7918
4326
2502
5151
4265
3595
6368
2998
9551
2714
1537
7635
8985
2858
1067
1235
8520
8443
9230
1066
1266
7963
6033
8883
4009
7764
5999
1720
2597
1418
2457
5684
653
1114
3072
898
5702
2062
9760
5235
714
5697
6338
2526
7108
4359
1164
993
7747
6233
8296
1278
5098
6052
3193
4243
5920
4547
4955
1208
8438
8851
731
2652
5481
2841
9494
1854
5132
8483
765
9497
8898
9228
3303
2334
1513
338
3204
3737
8563
8752
9204
2646
371
4585
6615
7603
9439
621
3773
3582
1878
7319
931
8432
3702
3620
6270
2525
2684
420
8874
4328
7812
5841
5029
6039
3269
2746
1248
5212
3762
3996
2198
5896
2511
1628
6055
9859
7853
5792
4637
2233
8805
8950
2816
9373
6347
8180
8230
7019
9838
9978
3976
3424
7134
1362
8025
496
1295
2344
384
7796
6611
8522
5982
4291
907
1530
200
4755
2806
5343
3155
4436
6882
7596
3531
2274
766
2005
2445
1475
2848
1821
7944
9085
4969
4628
4605
4487
5083
3640
8928
6810
8484
8440
54
3722
5160
6667
563
4016
1971
9359
9731
8760
9484
3848
4665
1943
8868
4542
1262
3958
4398
5466
345
8792
1403
1442
9933
5123
7046
6671
9646
2545
9936
9145
7374
7126
8984
1816
8875
9473
7500
6861
606
6969
4604
6926
785
9815
6060
5591
8723
9917
2568
3371
914
5024
6373
3777
646
4314
4615
7981
6474
9133
9809
3355
6422
9300
2397
6101
8325
8978
5400
6231
5462
5589
9074
6348
2379
9191
4148
2211
7155
4510
9051
6992
9558
5776
6499
9396
3369
5668
416
9569
5246
5690
272
9919
7003
9353
9402
6763
8137
3430
6437
9543
2022
6838
4397
8456
6147
9141
852
2920
2199
755
4769
6925
1573
9649
3975
5604
2053
4519
1723
4083
2123
6655
2990
8719
9279
2112
3692
243
5892
4060
705
1200
1910
8802
2975
1051
3300
1099
2260
5957
2995
7210
3749
994
7347
4878
1209
3644
4032
5888
4371
8434
5678
4264
3747
3518
8663
989
7636
6413
1453
8616
5271
5090
8945
3745
9449
291
2143
6329
4129
6620
4039
11
8872
209
4911
8068
2498
1585
4551
6537
7197
7644
1239
1879
7778
8835
2946
7187
5447
4502
4354
6905
4750
6064
7492
5508
9459
9101
3285
1673
5980
4275
4187
582
5778
7741
848
9918
2589
3535
9596
9422
4758
3310
5659
2583
8604
1224
3364
6911
1050
7069
1924
8932
6141
1969
1205
6659
5352
9874
9606
6903
3245
8266
1631
9757
2144
8824
3645
7484
2388
9651
8501
1257
2356
8473
547
5196
354
7656
8184
4872
4377
6470
1258
2768
3804
7057
4550
4915
1339
2756
4641
9037
9175
5458
9102
5065
1645
6928
1920
2426
9132
4964
9192
5785
3319
8785
1540
2189
8924
4239
3373
6305
9058
3463
5854
7846
613
3916
4030
1086
8778
1977
9514
2268
5830
4660
1069
8920
5145
3196
7618
4352
9105
6050
8757
3381
1020
9614
4875
3051
4700
110
6357
5085
2253
1465
4345
6814
744
6512
4737
5167
8509
2116
770
7642
6732
6936
1024
3221
5845
2414
3214
4348
1984
248
3492
6874
3859
5365
6596
3936
9194
672
2343
1012
9747
6079
6224
5595
8879
1808
8405
4335
5692
2985
7363
2115
5354
3224
8318
4941
8339
3197
8165
5295
2608
9483
3807
3242
8817
4789
6626
3258
2011
8145
3166
3666
7655
1300
6526
4883
576
8030
8782
100
7292
2906
5451
6239
5106
2209
6080
4307
6195
2707
4681
6741
1649
4648
8846
2479
5561
2137
4504
233
7530
7353
5856
8977
9965
5110
3743
5779
3597
98
2940
2477
3002
3928
1747
1193
5176
4912
3600
6432
634
68
615
4220
9273
4930
82
1062
5216
7368
8567
3302
7864
9766
9347
7601
9528
7711
6794
1688
5184
3953
4017
8246
9363
8638
1128
9029
4156
6007
834
6609
6258
6756
6496
1103
4713
3432
6108
2740
7802
8072
7344
6372
2398
818
1302
1476
9895
1923
7188
9318
8971
4898
1289
534
1199
3184
3821
9770
6602
6323
6817
6745
2164
3024
8650
3910
4387
1604
3651
9375
2926
220
8738
9540
8381
9734
9667
3717
5877
6252
3812
9174
63
8906
6462
1779
4370
6699
6653
2833
6421
9955
1315
7135
2898
28
1003
4258
7436
1607
3456
6028
2717
8307
9835
2195
3824
7287
5928
3840
8679
12
6205
6868
4040
5179
2576
6379
4229
7946
6625
5284
4515
3336
6388
6760
5689
1584
9940
6458
3195
32
4433
8496
2173
5377
1179
6417
1766
5644
2736
2395
5743
777
7785
4576
7949
6808
9259
135
8158
4966
2549
1737
7738
1217
8698
8816
5784
7219
3311
5985
1733
9671
3489
2904
2895
4100
5704
8982
9629
7647
7683
1554
3680
9226
7996
869
9235
8369
7298
4536
8349
8458
7239
6438
7281
6708
1057
3167
2838
5929
6873
8462
4346
8915
4522
9378
7935
756
8357
9491
7078
680
5918
5232
5435
3831
4600
8218
6944
4066
2741
7088
9417
1956
6795
1817
4662
3398
879
4791
8741
7209
5915
8401
1210
7316
2322
1318
9094
6098
7532
9295
6823
3288
618
713
7852
5003
657
7813
6678
5911
7077
3525
5799
2170
9314
7424
480
5902
9229
1722
2565
5053
7800
5099
2059
4851
1329
4246
5554
9240
4999
2206
8356
259
1130
7472
6297
543
2952
9712
7709
5202
5751
402
7665
6970
3101
4505
7922
9017
5495
5823
4792
2945
5863
1285
4944
3691
461
6128
6705
8897
18
6511
3543
9806
625
9704
3697
6259
4301
7225
4248
374
3030
9337
2749
9232
1798
2955
1111
1875
5759
7715
1595
7242
9648
4437
1983
2835
5853
7268
9181
6916
9601
5120
5657
5685
6302
5131
6139
9832
66
1054
1489
5811
1415
5976
6061
8853
9400
1580
2276
9317
1065
8087
46
9654
3497
4210
8069
3191
5138
9049
9829
2191
390
3168
5767
4749
9351
3212
223
486
7753
4900
965
9603
9893
5464
5739
4188
3334
1422
1662
3278
4980
9332
1336
9327
2777
80
4655
3646
8126
7937
3405
4763
2573
7325
3114
7191
771
7081
9307
3621
4424
8131
1614
460
4296
3022
4985
5228
6032
4688
8430
8350
1436
7705
5984
943
5340
6780
1746
5141
5341
6844
3307
7612
2352
5521
6063
6859
5835
1406
7178
5465
6153
1228
4224
1330
9511
5317
4303
6248
3568
6100
6720
7413
5306
8099
2739
9825
8983
4453
9362
8439
7307
9355
1049
4408
4835
5456
681
1414
8248
8481
5498
245
775
3888
1098
8578
8258
7498
454
5728
3308
3466
8951
6181
7241
5234
9278
4473
6643
7072
1435
3332
4428
1090
8850
4177
2431
7449
7569
7234
6749
1097
3856
4261
121
3534
7014
7043
7140
4295
6709
909
7015
1582
2566
7192
6383
6751
1263
5546
2562
3161
6989
1115
5996
6836
176
3794
6855
1725
7856
5500
9207
4902
9018
9007
1177
6256
4736
2319
3896
4183
5255
4806
9866
244
5438
5574
1972
929
1780
8713
1304
9521
7930
9244
1508
332
774
738
9158
137
9256
7104
1346
3106
2066
9694
2225
4512
5194
9343
9208
8796
2160
8566
1561
3624
4863
6488
6947
537
2390
6968
8787
4211
2523
5592
1317
7349
7051
5744
447
5613
8994
5955
304
1127
3846
4722
6461
3295
7426
7762
1226
5724
7444
5074
6390
333
1108
1590
5248
1409
7794
1781
6904
2366
9924
6827
3744
2038
9294
1273
8123
9176
8833
5991
4654
8314
9330
1517
9139
6189
1186
9078
6298
5740
6027
2187
4657
1686
9393
8358
1773
4077
944
9769
9578
2755
485
6392
8843
4329
1350
1491
424
4820
6618
2653
8582
5453
5602
1354
5919
6246
2763
7536
4391
3560
9108
1159
9948
3822
8300
1391
3768
3145
9107
301
1498
792
8263
6726
4724
7372
9121
8803
1374
8771
8240
5314
4626
19
5012
2015
1712
678
3362
1679
9159
298
4106
4273
2163
5600
4560
6204
9392
1547
406
7164
2704
3906
8547
9450
1338
5095
3026
3009
5471
17
7270
5376
6508
9938
5698
4090
8675
521
5397
6161
2361
2030
1488
4082
7843
9870
5563
6134
6137
6660
926
3210
9894
7953
2574
3619
9559
6840
8106
4493
5242
9095
6045
6980
7947
2750
2814
505
2327
8475
6716
5103
6676
7754
684
6779
6517
199
7485
5946
6288
386
1916
8596
581
3218
8559
6818
8185
4857
6785
6074
3448
1993
5303
7093
829
7055
7478
3350
9708
9437
8664
1019
8167
2627
6803
3662
8964
1576
7916
1509
4565
8049
1207
4316
9774
3951
3584
262
2459
9517
3425
573
4192
5420
4047
8192
1903
4746
8316
6434
3061
4237
7294
6680
3044
5005
5775
3263
5266
1512
8103
3046
1143
4114
3726
2596
9959
7798
8421
7171
2512
7380
6281
1536
2178
8019
5192
6841
4194
5935
4407
5010
6616
4625
7826
7143
946
1970
4631
3583
8078
9062
2009
1094
4159
3126
8155
8181
6215
2622
5763
9016
1769
1827
1482
3175
7525
3119
7439
4704
1157
1249
3140
6986
6481
9302
9084
6993
5593
7289
2672
7997
8293
9152
1912
910
2255
1734
7366
9068
7774
9966
2820
8283
94
9091
4778
8011
9739
3250
3217
5712
6846
638
9406
1507
7784
1328
7787
113
3050
8672
5272
2800
7559
7024
4759
969
4735
3503
5993
7615
8774
1620
2078
4517
9156
7613
5967
7980
716
2285
479
5987
2996
7650
3549
7386
9006
5449
6739
7563
2792
7030
9001
4207
8937
5277
1480
955
9790
3968
5738
7763
9475
7251
6156
3171
3261
9579
9008
6778
7067
6245
370
6991
9690
9911
5700
9987
7765
5477
8336
8916
210
5018
6558
9628
9762
5572
2313
654
1818
6769
9771
8789
3286
9723
894
7894
3127
118
3460
5926
5601
8280
2360
2528
5073
1904
1058
9379
3048
9615
8962
4833
4699
6906
8411
3248
64
303
5094
2981
1497
153
6310
2446
3406
6807
5244
9843
1727
9608
3159
6110
2084
5973
5815
8172
5007
8718
5040
8140
685
6125
3349
6563
8694
8584
2284
8550
1129
2585
8848
9954
2513
8491
2193
1272
5645
6591
4764
6301
2923
1839
5964
3592
786
397
6851
4144
4596
9252
1902
5214
9193
2120
4740
1470
1860
5858
3756
8003
6770
6698
1246
9842
636
4232
639
8730
2404
1167
6587
5144
5059
7749
1849
693
5411
2885
4609
4674
2057
1204
4892
8445
5181
6132
3905
2483
7125
6330
123
506
1676
8657
8062
3865
5517
3445
2870
9992
3648
8132
1819
7979
3112
7416
3486
883
5015
154
5676
2625
1410
9891
1625
7819
9864
5808
9789
3524
8911
2323
742
8740
9098
1188
1632
6389
6567
4794
8647
9728
7666
6913
2463
2510
9670
6682
13
6860
239
368
5505
7455
645
3727
9135
2132
33
6035
7879
8727
9860
3904
8170
3442
3734
7113
6684
1870
6897
4741
4096
3918
5880
9310
9399
9748
739
3576
1327
1979
8063
4529
5539
39
3757
4782
5790
8768
1454
8368
2747
2460
694
2157
7643
9995
7968
8724
6175
4368
902
4972
2180
5225
8677
6220
5768
3272
2713
7816
5661
1831
9053
6686
7378
9057
3325
3820
8320
9591
8814
7280
7555
8772
3752
5193
4361
5898
8243
5394
7591
6030
9056
9299
2424
9284
1269
174
393
5379
769
916
819
9600
129
5558
8407
2675
6226
7896
3782
9923
4088
8058
6892
5496
7722
3315
5336
9040
5006
3186
9925
5220
469
3997
4996
3075
6637
3849
6505
9303
3990
908
30
9669
5769
7648
388
494
1390
1546
2440
5221
3949
5910
2810
8128
2540
1396
6166
7649
3893
8392
4756
5921
5350
885
1172
1241
5511
2320
4279
2711
2983
4959
1281
3016
7034
6929
1366
8146
4702
7651
1397
4802
2671
8907
5318
162
3150
1703
522
587
5482
5371
776
5057
841
1788
823
4427
7904
2153
873
340
8828
5213
2089
2991
6241
620
5429
3708
5342
3725
1973
5727
2244
2783
5195
3599
5162
2156
561
9810
1297
9206
6053
9238
5891
861
5097
4185
3194
1647
5866
9580
9456
1822
426
7237
1234
9124
1152
5075
5658
2002
4097
9420
1331
2106
930
216
65
7354
3765
1400
2309
3917
8536
4336
3476
4939
2789
2871
945
207
5639
2290
7023
1252
2719
102
6725
8691
1666
2973
7809
7659
203
5051
5665
715
990
6733
292
5433
7405
6149
7159
7557
56
4028
4208
8686
2778
4173
4046
585
132
5393
3750
6507
4866
3802
7878
9730
6628
6707
401
4584
3839
6412
6704
364
724
8512
2610
9485
7006
1776
9660
7290
1994
2381
2535
4707
9921
6856
314
7323
7750
1102
3617
7185
9296
752
623
8517
1237
6617
5543
4854
4094
7278
3653
9305
6112
6959
9542
1322
4537
7663
567
2042
4121
6796
1023
7662
3567
7212
9758
9717
7869
1433
690
6197
9777
2273
2326
6104
8119
9
1429
5147
2919
6010
467
9245
2368
2508
608
8997
1030
5243
5519
2554
4742
7376
3330
9875
3399
8118
8026
2516
2745
7079
5631
5497
7216
3712
4389
9714
8271
8093
1551
8009
5814
470
3520
5662
8929
9802
8507
7175
1606
7991
4431
8153
7167
4509
6907
120
617
7668
125
9282
8786
3004
967
7962
1448
2917
8312
7945
9937
840
5851
2400
7399
4968
7195
7411
9564
9582
8535
1669
3797
6230
3342
7249
7176
9865
2389
2070
6380
4770
2767
4921
7114
6666
8095
6314
72
4761
177
7459
2689
5667
5671
668
1398
6015
854
2961
5116
1117
3270
3633
4029
6174
8811
5931
8852
8530
9410
181
1806
7911
6191
6435
1974
9784
7702
7660
3208
5536
8449
8052
7146
1288
6951
1771
7621
1184
1891
3474
1077
1523
2685
3718
9950
2575
5666
4608
9242
4844
249
3526
4019
3689
7888
5820
8742
9268
9221
950
7939
1658
4807
3262
4280
9489
3493
9498
5527
4004
3894
8385
7630
5323
6734
4456
9674
677
3649
5652
5430
631
3628
3933
8077
9345
1445
4617
8081
1326
6088
8810
2944
6386
9479
2499
9549
4103
8878
5091
7476
591
6953
7131
5610
9376
8502
4085
6096
10
7064
3967
6334
2291
8423
6799
4486
3386
8297
6641
217
144
6067
8286
9458
3401
85
9557
8071
6764
2107
5881
981
1886
307
6441
319
489
2869
78
5102
6774
2578
1982
4475
2580
3396
8390
5071
3555
5338
8478
481
2266
3626
2081
3857
5847
6151
3710
5491
9855
2467
353
1294
4787
97
8201
6730
2023
1763
4885
430
6535
1232
4217
8987
6635
376
1735
5990
2411
7531
815
4251
3927
8454
2166
2721
4400
8856
6255
3587
1694
554
3484
7783
6319
2616
5316
9251
2416
1715
9642
947
4311
2420
4569
9122
8402
4544
6452
1532
8732
7120
1951
3174
4926
569
5526
3408
2501
381
836
1757
6490
8681
9624
3397
3612
4139
1572
5672
8629
254
1478
8735
1784
9267
4676
3661
2021
1450
8608
6613
651
2665
3111
3435
9153
1375
9665
2145
6775
1171
7012
600
4290
9845
2091
2598
5716
9142
6201
2303
3368
1253
8855
6852
6790
1444
3411
7689
1621
2108
669
6260
7194
8714
3377
9118
6729
6646
9030
308
3017
4788
477
2950
9067
5865
5501
2868
7822
915
7160
4034
169
8256
9619
5312
8942
8990
2167
9534
8208
8722
6545
150
352
6075
8652
3766
3506
4784
3585
4198
6185
9968
6920
1361
3488
7788
4339
5838
4196
1148
6296
9495
3462
3177
403
3977
2630
8067
4149
5673
3826
9225
2818
7162
4675
2938
901
7052
7145
1793
7725
9547
7036
652
4571
7534
2369
1640
9188
4528
934
1807
8100
3860
2579
8364
4683
2111
9964
6783
1222
1100
6491
1380
4538
4734
3084
6269
780
1056
2667
1748
7696
2754
2402
1587
5490
3855
647
3485
2884
4642
5267
5619
2881
4952
4636
5846
1096
6406
6668
6523
8324
7959
2243
4568
583
2947
1472
106
8546
3173
2406
6544
7703
6451
4098
7593
6237
3793
5305
4598
1751
5319
8963
8908
3338
4901
9438
439
3715
7066
3838
4079
8881
9414
5509
1254
6967
9460
6001
159
3271
1492
6253
3995
7653
1236
9841
8374
9061
2935
5713
7470
1711
1310
7707
122
8837
8277
1563
6669
6864
5788
2590
1048
3656
8367
7568
911
5067
7438
7150
1340
8904
7767
711
4790
4590
8980
4638
3318
514
9312
4154
5339
4107
7731
5970
1756
7742
4564
9612
9381
7572
7844
2892
985
7773
2519
8890
2365
1080
2055
9333
8696
9469
7516
2427
2472
3934
5570
3998
212
3508
614
1370
7422
1825
9082
1975
3033
1917
6828
7982
8217
3006
8419
9795
1280
3132
3025
2241
3255
3897
3909
60
2245
2318
7733
4399
794
2355
4383
696
277
7228
5789
410
498
7708
4954
2080
8393
4282
5178
1890
492
394
2886
6822
446
7084
3557
4694
8603
5070
1141
2726
9589
2860
3249
9833
6792
3566
8813
2497
7830
7389
5737
923
1552
4795
6047
8976
6879
7951
4430
5208
9800
42
5557
8070
1311
1872
4998
166
6522
1936
2307
3331
9945
1007
8035
5404
6865
8519
4601
4267
7729
5253
5093
5480
4372
9380
8494
8626
8329
429
4395
9291
9693
806
7730
528
6559
1458
1021
6691
1911
1908
6621
108
7497
9583
2097
487
3658
1270
5226
2434
1060
7101
2138
7016
127
1578
4520
2752
229
9214
4070
9749
904
4673
4182
9977
712
8311
9164
3505
4331
5606
9257
8037
3985
6046
9103
9482
3509
3545
6086
1962
1126
8661
8191
8147
246
6937
5362
7928
1898
3854
4779
2557
9262
1566
4992
1938
6152
1785
5669
4905
577
7699
7902
457
9136
2071
8089
9839
5068
7537
7898
8699
5422
6848
9168
5308
471
4559
1314
5157
2158
4363
5664
5559
8847
656
2410
437
6154
7834
190
9253
8583
5224
9149
4680
9424
5596
8262
7611
2683
5078
1745
4993
7622
6172
3284
5124
9024
3785
8610
9512
9250
602
1934
3962
1909
6945
5839
4592
7451
5884
5555
8947
9185
2852
442
7564
3356
6484
5285
2465
2844
7086
4418
4753
6650
1417
7303
3253
8455
3187
2531
1689
6746
9658
9981
2310
9830
1811
3886
6020
2500
3452
8919
5962
6399
6018
5204
2258
1571
2165
8991
8801
1777
3120
8485
6631
2775
1149
6758
3540
2409
7686
111
9949
8734
2874
555
1922
196
3136
2986
7936
7828
473
8967
3832
3464
2444
7514
9246
527
8396
6264
9929
8174
7203
6824
300
342
5044
9836
7218
1514
7573
7735
3279
136
5981
6442
2113
4548
4425
3868
8745
897
4977
6424
7450
8378
4161
2336
2607
6776
8281
1906
2495
8428
4508
5693
1036
1325
9089
768
6700
2332
7899
1373
4500
9740
1653
9435
5158
7584
3008
1467
5169
83
8036
4483
3961
1749
7252
9148
8377
9846
3991
9681
8038
5752
1428
4466
6105
2086
6593
9576
7677
8117
3698
8076
6623
8533
7095
7752
1133
6862
7309
5906
7910
4644
7442
2122
1758
405
7128
8788
6727
1138
3421
7861
1364
1851
4128
4744
5424
8749
8235
8249
7103
9210
9645
7434
3667
6431
4777
7950
640
8326
329
2978
540
8211
4695
7011
2217
1479
4595
2693
4169
8383
1137
8169
4042
1076
128
7871
3622
9531
4142
4181
5541
5280
9336
7502
2772
2103
3668
6737
6755
1520
2105
2212
3410
6516
2215
1140
5262
3982
5594
862
4923
6240
7713
5513
3883
27
7480
3827
1637
6223
2407
6943
7925
7755
4497
4621
3471
3759
2696
1187
5023
62
2221
9137
9803
3077
3514
6126
5893
9773
1928
9104
9077
4112
3758
8149
9200
3748
6439
4113
9201
288
9455
9904
9217
4805
4323
1964
4909
8022
3426
4821
2651
8426
1083
8447
9409
356
7876
1323
4043
4174
1165
4975
6869
7841
871
1893
6216
5278
9150
3663
838
6857
3655
8264
5468
9744
8187
4635
7487
9059
3588
4710
21
2606
9389
1529
2351
9791
4929
9783
4611
2793
6622
1799
4917
9971
1459
8570
682
9696
4591
7751
6875
6183
6416
5358
702
9481
7823
2701
9079
5732
279
3378
1494
1009
7463
4225
2001
363
7384
4048
998
539
358
3329
6772
9502
4214
3090
1664
4811
4940
4973
227
4927
4124
3539
6718
7576
4341
8827
7158
637
2034
9241
9463
8261
9515
8611
9962
423
8322
8762
326
7872
7546
5837
5720
9477
4607
9733
359
3690
1953
1535
1095
2609
4200
180
1581
6463
5264
3089
8736
7676
5419
4286
1284
6663
4396
4718
2731
8417
624
5025
5894
9038
5487
4294
3067
9550
6978
7106
3102
8630
8114
7327
6825
7248
419
2401
3755
4031
5382
5122
1490
552
8844
1028
8562
9416
1213
4215
3654
6843
7400
5861
4394
1846
5817
8588
6568
8418
9756
6384
6148
7814
5197
6581
8909
9126
6961
9782
9775
441
1230
4164
4313
7441
7431
9419
2668
2494
6058
2710
327
5215
9840
3034
8561
3558
622
2831
3148
8689
5804
6420
3274
4300
6093
9027
6493
2311
9293
6554
4244
2185
3591
1985
8394
8341
7075
6238
7488
2220
8474
1196
7540
1026
4506
3309
4687
7740
1539
2275
5878
6858
2182
8645
5486
1044
8200
7582
7355
5454
6502
8194
932
5824
605
4140
5730
2049
7058
7264
2937
5233
4951
5423
4984
451
4249
6469
3921
3083
8182
9822
6664
8034
6365
2661
3416
3871
9128
1460
1918
8353
8767
8010
4846
1635
1958
6547
9052
9055
9657
1858
9524
2294
5401
889
4163
8627
1980
7336
8294
7144
870
4822
5457
7373
7855
8319
1180
4933
1914
6219
5001
8466
5366
7629
2680
2967
6589
5211
1770
9996
8809
2024
7952
5357
1158
4027
7204
2172
8573
9520
3134
6990
9179
6203
5533
7130
572
3671
4682
8108
25
1251
5626
3213
5797
7857
8241
1052
3615
816
4747
1343
269
1627
6394
2716
7832
8085
2764
5154
8666
5150
3178
2194
4521
8571
9958
3465
3142
7941
9963
7933
4667
1206
398
1071
7827
1078
5827
58
6853
7230
7382
2218
748
3105
9652
2263
7577
7838
5587
4678
9804
5605
3039
813
9711
5633
8029
7490
2843
4963
5654
1029
1430
70
1381
1765
7586
7154
959
4216
7632
4546
6000
6242
285
1526
4155
7721
8882
655
8299
1545
1225
7920
3273
3420
3665
6564
9311
1183
5148
8781
2553
4495
7027
7136
1351
3096
3872
3038
312
865
4957
6345
4038
7181
5387
2698
305
4715
3902
8269
7805
1464
800
4197
8986
2150
2169
8965
6103
4318
4895
6200
8289
215
1037
9039
7661
2492
568
4191
2988
3335
8873
4950
8204
3185
9743
9796
7359
7820
3898
675
2013
6513
4947
2261
6924
2433
2010
4904
3837
112
1646
1041
7196
5562
3796
7526
5518
4455
3316
8748
3158
4894
7522
2788
734
6473
4719
7245
2534
9442
5063
6540
404
3469
7464
710
3556
3923
2190
3021
9947
8040
877
3863
4627
2148
3672
2247
2735
4190
5933
3098
9391
1307
117
4285
5840
7430
7157
9413
863
674
8589
4716
6309
5677
1768
1168
7385
8354
7200
1244
8202
6449
7137
1306
1486
6122
9501
7184
6975
4277
1092
9344
4632
1319
7111
6752
7037
6724
1899
412
3602
8930
9480
5706
6130
7271
1120
2280
5614
6791
5125
7189
8134
9172
4086
1524
163
2063
8869
2142
8572
560
8953
5871
3082
7610
1005
6377
3005
5938
3147
221
343
4619
40
9787
7543
1845
4087
6901
5535
9354
5502
2090
7263
3137
9633
1499
7437
1135
1966
1697
6213
2315
2025
7274
3496
9871
3296
2791
9752
2262
2724
1762
9385
3375
5156
9071
2124
8797
9939
7875
2968
2374
3483
4752
6525
8226
2888
8769
399
1461
3354
970
5879
4321
7226
4236
3922
6839
586
9931
4438
231
5930
4530
3113
5072
7483
328
1221
9277
7322
2832
7257
2795
4115
7565
9934
2780
8674
5200
6949
2577
4567
630
6478
7360
3779
9700
6456
2451
2666
896
6757
7746
546
3348
2149
8274
5821
1967
2202
6811
8574
1358
4420
6719
7562
3823
8508
6285
7018
1451
9020
7786
76
683
7680
8935
7457
313
3482
6308
1321
5388
5143
7474
5945
4119
2801
6111
172
9155
321
1913
6572
4541
1384
6521
7305
8045
7906
7246
2882
5333
1633
7119
831
9023
5998
6592
5773
5398
9048
1987
5958
4445
961
6136
5450
8747
3437
8189
8023
6363
7678
9134
2014
1176
8758
2823
6272
5583
4725
2636
2594
2461
7652
331
2197
2065
445
2645
2660
6351
8270
5917
5384
6773
9943
2505
2016
2760
8685
2782
316
4134
6570
421
2804
3391
2530
5142
1505
3153
4353
5634
4726
6566
1265
5986
3581
8125
8527
5922
4580
7580
3678
6912
6789
2812
1556
8612
8138
4859
8670
6057
7127
7862
708
9930
3716
1840
2314
9889
1782
1792
2238
6579
4663
4832
5597
4281
511
3842
4978
309
9231
8176
3945
2901
7670
9662
7511
7448
6102
1684
2339
864
1131
8171
9532
1704
3783
2520
4299
241
7701
7317
4131
2873
1154
6492
4771
1220
2300
2286
6999
5360
3019
1634
3687
50
2679
2851
9556
3637
5721
5437
4481
1377
1405
1483
7905
8285
1144
2151
3439
9573
535
8413
805
2640
6004
9703
4945
1630
3351
6051
4813
2957
2619
9586
7482
1413
8552
4165
5177
2413
2000
4658
3451
6590
5538
6672
4360
8139
9854
6834
8105
2008
274
3805
2119
866
849
8313
3604
8403
5241
1794
3569
603
7168
2317
876
8866
6378
791
9928
3093
1296
3353
8008
