5820
7261
5936
4872
4783
4824
391
3224
3782
5081
4140
6240
321
954
3518
5165
283
1804
3753
7466
9442
6487
3513
4282
2179
8426
5401
4795
7546
6662
3607
1677
4185
7043
6780
5942
7396
8277
2659
8472
9178
7772
1490
9986
7747
2810
767
9248
8866
6877
4153
304
4927
6602
4324
1062
2505
9718
1640
2212
1277
6493
2034
6471
4256
5539
9040
312
6444
7216
9085
4322
5529
5172
3721
3116
7672
2061
2558
1043
1449
4073
4458
5212
2663
6781
3015
1509
2225
3500
1610
864
5497
3742
2434
8042
8547
2752
1507
4739
1550
261
2682
3894
2399
8213
1639
4685
1051
9089
9504
4450
5184
5882
9824
6968
8287
918
7428
271
4857
2009
6626
9875
9368
3866
9739
2060
7302
5129
7178
3833
5918
5386
9596
8542
8854
7626
6179
8986
1867
6283
2783
4729
726
8360
8491
8720
9919
6123
5158
1822
1378
5244
6160
2677
9936
293
7040
434
1988
6891
2253
1166
1620
8153
1036
2854
7412
4545
6625
3205
9120
4541
9201
3415
3952
9104
1651
5861
750
3806
4317
2456
9514
9271
6030
8921
9726
5072
635
4280
4681
9840
6436
8369
7823
4314
1589
5378
265
2313
3828
3387
3550
9569
28
1107
3994
9199
1709
9571
5355
3680
5650
9196
9565
7478
1808
9572
7117
4758
9931
8441
8006
8954
1039
8621
9209
3427
7092
392
9423
1872
7333
9370
3840
6128
4192
6832
9534
135
2336
715
46
8192
447
5916
1210
4955
4131
4199
3137
7201
6335
4020
3565
5830
5944
6510
7718
5570
1292
5973
7192
2133
885
6529
8470
5030
936
3936
4605
6261
7836
4307
9808
62
263
3864
593
9012
8521
4197
2369
9526
9272
9373
3852
3155
548
3120
2067
730
5214
7789
1254
1815
3351
9117
5344
9402
2315
504
1461
417
3394
4831
2624
4711
7952
4175
55
7949
984
7571
3533
8232
1514
5764
5787
3318
5485
7818
6979
9789
278
9375
4305
3076
7567
5138
4328
3795
9720
6541
6915
4069
1299
1915
9952
7703
3598
5962
8549
5813
2875
163
1777
2209
9694
5442
8765
1016
7235
1073
7205
9369
5564
6330
1111
1353
5890
416
1059
1276
2182
2470
8230
2531
8648
5451
1909
6051
1399
108
3493
9489
8127
1033
4068
6537
4766
6624
5370
6004
2210
1903
7810
3613
1819
2027
5033
431
5725
6138
3690
2948
68
8864
4808
1702
5501
4007
931
3013
2711
7376
7237
5003
7175
7581
4998
812
2032
7929
3016
6640
7877
7379
9881
8956
8452
6092
3191
1193
4042
2477
8456
9869
6278
1727
2427
6272
7602
782
4098
7756
5876
73
1325
5048
7486
6905
9454
6501
5089
5117
146
1195
6156
546
4815
9294
2022
4253
4852
284
1202
7232
2035
6414
9302
4055
974
1985
6423
1197
7269
465
8070
779
7153
7659
8913
6203
4682
6200
3262
4303
9466
5488
8207
4807
308
9793
5411
6962
6916
9818
606
7596
7487
8164
6202
6244
5644
8630
2665
8846
3710
1579
1966
4957
5200
6958
9516
2503
9978
4478
8471
2413
1377
1309
6647
829
37
9568
3940
9193
5463
4184
7991
1708
5297
2453
3792
7110
6412
7680
8439
6007
3587
6402
674
2232
2423
1469
7151
3031
4267
2828
9169
6032
3306
610
820
5538
7860
4756
3580
2277
1995
3895
7822
8876
2397
7553
9155
3077
8302
4658
9032
6972
2611
367
7267
3257
1884
6853
9743
3073
8067
7524
6685
194
5421
3608
9254
5710
9210
6885
8181
3264
3919
537
5671
6053
7924
2589
1173
9530
5038
8383
7364
7610
8321
4604
86
7445
9947
2411
3791
2782
1989
2921
6182
5478
2011
6463
7198
9502
6897
9383
8565
1344
8533
8091
8940
3124
1100
1671
8623
6786
9619
7026
9928
6213
3122
5292
7361
6157
5805
1693
3891
630
1723
2285
7843
675
6706
2269
6749
8600
5848
649
4787
681
33
9659
5840
2227
8437
8755
8450
5834
8274
9761
3776
739
3179
2917
6481
4225
1629
7363
2448
334
6329
5912
7815
3304
8176
8260
9955
9625
1159
748
314
1515
1194
6556
1901
5403
3527
4375
7056
4591
5748
123
4972
7402
3566
8429
4008
9944
7906
3799
5505
6443
3803
5247
3827
4779
2935
3260
3036
2586
773
868
9081
1245
1949
6875
6399
590
6809
4539
7998
2860
8778
4933
2014
1085
7470
5016
5347
9833
6455
9072
9941
2491
2965
8108
2486
5773
5114
1778
8489
8787
9004
387
9174
4212
5623
5389
2709
8189
4459
7208
9708
5031
2218
8690
7242
5246
6657
5527
2005
7803
4702
3625
6362
4315
4920
4354
9807
2233
1212
134
5435
8139
231
1370
9134
4538
8178
4481
9412
306
2330
4809
6845
3088
3508
992
1358
2629
4344
2640
3107
8589
4038
4414
3862
6938
125
6572
9025
9786
9445
3762
4014
94
9826
822
3679
6973
3022
9055
780
7852
720
5974
5665
7826
8348
1075
3555
9222
4357
3712
4992
6863
6348
1447
7867
1404
5276
3713
647
1659
933
4762
3815
1327
2545
7594
9997
1829
8149
3632
5713
1725
214
3498
7080
9459
5115
7591
560
5699
1218
2223
2929
7277
3701
810
6555
5818
2501
5631
5925
1147
8326
7327
9858
1463
6655
9607
4567
2189
6491
9448
5759
1462
7882
7665
9378
1748
466
9917
1576
7298
755
2120
7017
3758
9172
4962
1893
6305
9065
4513
507
4721
6961
4657
2017
9943
7146
1295
1717
5525
5938
1395
9893
3536
425
3238
8411
5341
4811
121
7003
8889
7323
9019
4461
4406
8907
3937
1053
4462
9772
6765
7969
5127
449
5519
7287
6610
5680
4960
2693
246
551
8576
9832
390
9219
1886
4770
9992
9051
1668
2893
4432
1437
7353
9812
3491
8642
6064
6274
1310
3049
3784
4117
1385
5104
8116
881
383
1115
6089
3162
3874
4558
3305
5777
3345
5778
2555
8313
735
5011
1771
8392
3156
6495
8590
9011
5884
3512
4178
8943
8698
5831
3280
3669
9361
242
1883
6833
8655
9768
5929
4751
1027
1078
752
1435
4578
5887
5285
6591
7405
8481
7821
6260
672
1960
8492
4951
6590
1521
239
4380
2197
9411
3909
7417
5695
8786
4643
9968
1962
5489
3541
8251
7305
4424
7827
7555
7607
950
448
8688
4047
4551
8820
982
7648
4475
7510
4329
2439
1035
8500
2699
872
5736
9345
5474
8882
4788
3447
6945
1892
2041
4736
476
3906
212
8323
1927
5692
8611
2464
2785
358
5661
4012
2610
2701
7501
8257
4896
3509
7011
7377
9794
7914
9525
7733
4483
8509
7962
2509
1556
5992
4250
4595
6678
3090
3272
7632
815
9901
8633
7372
44
5914
7483
9492
9440
7058
695
2986
3153
5880
5670
5270
9115
5335
9843
4785
9153
9701
243
9047
4798
7191
4242
1472
320
1680
2322
2136
549
1607
4445
5205
3615
3458
9228
1810
7094
5257
3217
7418
4341
5789
8620
3551
1456
7476
4041
4530
6729
3428
2475
9068
7155
8124
5433
6028
3481
8649
1613
6946
6360
3065
1417
9461
2971
6342
9497
2857
7009
2097
4616
3237
2787
8090
4264
7197
1441
2786
2603
6066
3781
6700
4863
4336
1253
7507
5223
7781
2849
2065
4286
7572
5302
6599
9800
6787
9914
4320
6285
9295
949
8933
763
3362
1881
8495
7783
7300
78
443
520
4158
6359
5441
2684
1860
3382
1478
2805
66
2541
7796
3763
6040
1616
6550
5092
9898
3585
6669
7021
3372
7811
8449
396
9139
4527
8337
3992
211
6451
5786
6633
6606
7185
1587
3369
978
8740
5425
4110
9063
7629
9124
5548
6494
7304
8874
1575
7800
1890
6716
6686
4529
1711
3084
82
5930
9877
6034
3914
891
2822
144
4170
867
8227
4954
8816
8978
4453
7335
8301
4522
6540
1974
4561
9971
136
9945
7104
5196
2059
1293
813
3537
5883
514
1315
2245
1096
3744
3404
6542
5119
8516
2544
4211
2962
7416
7527
5188
535
3590
975
3736
6387
1503
2414
2204
2377
8965
2581
4964
227
4399
4709
6698
2215
1569
7219
3027
4697
1787
1130
9933
7321
7273
7425
8903
2788
9999
5106
5052
4066
1763
7066
9974
491
2913
6943
3009
7116
7211
2855
17
3417
9531
7473
9439
8241
3775
5869
2481
1314
3921
5933
5931
3794
757
2308
890
6830
7343
6193
9282
1248
8715
908
6001
8362
2192
373
1156
2775
4013
3855
1134
1110
9413
8413
6165
5516
6654
1008
2653
7834
4889
2108
1997
821
6306
1345
1294
3247
4016
8842
3825
794
9592
7085
208
578
7387
1465
581
7456
216
5897
9662
2678
7325
4687
5630
9842
6731
6988
8479
8258
9357
7771
3359
8824
5654
1894
1223
9278
3092
7295
4361
2342
4031
6367
3685
5209
9600
3606
4067
9736
8570
9639
9891
7582
1379
3169
7671
7165
351
2939
1818
642
4540
1672
2763
860
8309
5318
6148
3716
7136
8722
9994
5178
9855
153
6976
625
4427
1744
8036
576
906
337
1329
7223
3295
4609
5357
6878
8979
4887
5479
1888
4204
225
5573
3671
5147
808
7987
983
7157
1574
181
3258
8963
2319
6310
6530
3682
7644
8679
5733
92
6152
6198
5182
9220
9809
1795
9668
6660
5053
2982
6890
8707
8101
6445
5689
8322
6137
8012
6768
9261
1279
3797
7621
1117
4495
3178
7453
7164
5154
2443
629
7951
148
103
3274
1425
3531
2656
316
2420
405
1908
8989
5582
7978
4839
7171
9953
2969
5027
9208
1067
5526
297
8771
8836
8855
4325
9580
5226
8779
9307
4965
8539
9128
3110
2299
6131
743
2372
5602
3907
612
6212
9553
5298
1176
1308
4173
259
3152
3811
9586
2554
3325
8184
6642
5176
1155
3635
1555
1011
9899
8629
3573
2802
5008
9214
2069
7138
5040
6151
503
6505
3902
2600
2942
7694
6547
7278
105
7656
9851
741
8716
5455
8087
4746
1054
3290
3292
1301
9903
4493
2930
2622
651
3589
7556
6103
3810
7204
5807
8457
4855
4487
926
553
8856
6820
9627
4743
7498
2317
4782
7868
1468
7724
8387
4579
4277
523
3469
2331
5166
6871
2907
5477
7282
8487
4701
9110
3971
9938
6078
4867
2284
3645
951
4177
9883
2334
7618
3624
515
2109
6914
4228
2961
2951
5964
6808
4128
4147
8367
2428
1095
6201
1516
9859
2144
2698
1424
7945
6783
2122
7221
1653
3011
8063
8752
4553
8502
4096
3332
5941
5555
6143
7367
2906
2937
1532
9149
8041
898
1029
7909
4359
2437
2418
9731
7222
4180
2230
3999
5711
7382
8394
6263
2772
4937
9838
1719
9747
2042
8548
6771
8144
3846
6379
544
8878
6392
6239
1789
9946
2572
1186
4410
8508
4248
5569
943
375
9049
2877
3278
6287
8503
9123
6320
9975
9585
1921
8513
1479
8911
5144
4521
2304
6615
5099
5928
6766
2143
9795
2289
9845
4644
7891
1090
2125
9853
9207
646
4885
7752
8952
3788
1082
9740
3988
8544
1132
700
1649
6867
6941
8995
5100
5248
7532
2255
3642
8390
9950
7539
344
6110
8937
5617
2567
4691
7340
9433
3007
9259
1284
4548
608
4542
5
505
495
2705
424
6504
8484
6086
6539
2390
7957
761
5069
8233
4351
2476
4274
1928
5927
8349
3516
4601
5957
924
4195
569
7646
3200
1028
3626
5846
2746
1181
2324
541
6784
8197
4695
2490
9355
2508
5593
5483
6570
9980
4407
3576
6985
9037
2249
562
2736
126
4049
9000
7174
8557
2973
3979
300
9528
5004
5093
2283
8968
4471
4775
9655
980
4848
9324
9458
6554
7973
798
2630
1712
2840
4645
4606
7583
5675
9453
9061
3693
4191
2220
2302
9561
1805
9578
9143
1144
3259
7386
7318
4224
7148
4979
1108
3035
5657
6025
9352
3001
3066
9850
9751
858
9487
7960
7677
167
3761
8163
9862
8660
310
529
5313
7090
3948
131
2012
7864
1874
7742
9194
4510
3764
3686
6821
3747
5923
9506
5252
5473
3151
6684
2326
486
5739
6850
404
2997
7202
453
1799
7433
2702
4420
3283
2668
591
2036
4942
6924
6822
5892
4318
3163
2896
6303
1394
4944
9801
5168
6630
9916
3822
8460
2602
519
3059
7497
7593
2844
9614
6269
2579
3609
1925
6029
2858
9814
438
1793
1349
1797
408
6999
3844
1802
3504
6313
39
4902
699
9186
6158
4061
6071
2462
5440
3215
2430
4812
6104
697
870
1099
7028
2286
2642
6049
4617
210
3867
5240
4437
9077
1809
4600
3900
4040
971
6265
8107
4310
2585
3071
8377
6477
6981
4757
617
4683
5781
2150
6727
3777
1854
1581
1695
4623
384
9427
8514
7272
2250
262
5328
2815
680
2691
2872
3980
8003
1167
4826
613
2370
7898
9885
6085
673
4112
3974
8751
4677
2029
7469
6173
7727
2472
1998
769
893
4560
3668
5981
6595
8497
4252
4752
2171
2006
6534
6898
6631
2707
2450
3605
8833
6184
7050
7728
8643
7597
1742
4684
7150
3582
998
4505
5263
4113
5532
3790
1740
6177
1203
9399
5735
5682
1965
4856
2385
3813
9116
9021
3109
8418
6779
5268
8887
193
3388
1049
9005
7530
2357
8306
7578
1164
8253
2156
654
4300
2181
9735
6088
9176
5173
3619
7751
904
4338
4151
5353
6559
4859
3873
4464
963
2365
967
1904
6125
4369
3282
2538
5849
1165
9463
1508
2791
2264
3414
9669
8288
3336
5084
2638
6782
5014
328
1910
6978
4953
8526
3472
3997
8113
1605
1408
7930
7721
7624
4590
8015
7041
2376
8641
1625
8604
2507
9484
3969
3757
8358
6935
1000
9605
229
5696
4477
9482
3358
6713
8764
4426
6735
7687
9481
9075
5362
5475
6816
56
9496
530
6130
2045
370
6526
4144
554
5269
275
5350
9710
3204
436
6473
1331
7071
2862
1513
332
3912
8267
8984
961
8146
8280
2093
3783
7679
5015
1227
8990
9164
4378
5687
5063
7373
7574
8627
2578
9819
6013
9473
3696
2674
285
5749
1482
1506
6703
4971
6010
4915
5374
9620
3575
2891
787
6008
4214
7908
3681
5045
1631
7315
1715
3113
4132
9925
4044
2412
6895
4581
7357
2902
9542
9043
876
5470
4404
4347
9611
5536
2003
7415
8588
7346
8902
9967
3209
6990
2556
737
577
3860
9249
857
9673
4469
9392
7963
1530
4416
4385
7896
3431
7627
9738
8888
4006
460
8105
9346
1072
2894
9414
5577
9036
6869
9500
5199
7759
5109
9341
8572
9817
4713
3405
4845
1752
5224
3229
5600
8145
2228
7243
5382
1701
3436
137
3780
5767
522
5658
619
754
29
5967
3396
5509
2325
3145
4106
8099
7093
1938
8867
6236
9246
3456
8345
1328
6617
7037
5211
5392
8754
5036
6438
4844
3106
3760
142
4652
8901
8681
98
5197
9909
9703
8929
9229
2979
9666
6275
9446
1751
3880
3521
6108
7990
2658
1384
1987
4894
1009
6406
3634
653
6702
3489
5456
9053
3343
406
1682
9813
2818
4635
2565
8665
2178
4367
927
7494
1663
178
3542
2760
8957
6674
7426
8701
8294
2393
8768
7443
2435
1020
6629
7503
1879
6338
2135
5800
7612
5523
6353
5163
1061
589
4449
1398
4804
5050
5653
4741
8809
7027
9835
7434
3567
4829
6694
1843
5022
291
3568
4865
1951
3087
7161
8458
4760
7854
7820
6613
1464
9839
3766
6336
8845
6433
6621
5763
7861
8881
914
6939
1684
3193
4165
5466
8234
7448
3746
3068
1091
7065
4734
1118
8066
9615
8044
5940
903
286
8593
668
9495
6909
4196
8538
1769
840
9054
5734
7599
8263
8131
8093
7557
7308
6740
1501
2226
5146
3923
8691
1559
2455
3134
8848
3933
6282
1050
5801
6904
2040
4220
9393
6548
7638
1645
3291
1175
452
3647
5635
156
9763
964
9471
7015
4761
3407
9606
8432
1304
2823
1606
6565
3593
4218
8315
14
5396
8906
5729
8459
3843
4977
7339
7541
2072
3614
1996
7698
3787
2409
740
8651
3857
1169
5035
1207
8914
2327
1372
8617
7437
6899
5047
2853
7881
1878
356
5228
5307
1583
9548
9046
7019
7113
5614
6302
4086
6679
947
9549
5454
5037
601
1955
721
1633
9333
2442
8857
8104
8773
1660
8292
5952
2449
7511
3310
1869
7404
9834
7291
472
8102
4337
4331
3210
4141
4268
2335
7109
928
1269
2392
1739
8730
916
2126
2729
799
8004
7650
3920
1935
3437
3139
5118
6810
8949
5002
9939
3058
2246
7900
9713
7799
2557
2318
1518
7988
6033
2933
4786
165
2438
7322
8504
2043
8603
2117
4398
8031
2480
3616
1163
1483
3532
1160
7725
6741
896
9337
6983
3627
47
1497
2680
5958
2949
599
8118
5358
1942
3452
8880
4949
5057
7709
4193
213
2221
2038
8038
6284
9679
6462
9405
9296
250
8763
7268
268
4599
4678
7655
3446
2966
3819
5281
5568
1401
8916
196
1885
6790
9216
6380
2155
6377
2276
331
8446
4754
5351
6911
357
3640
6439
7921
7686
2306
5811
5724
9118
7979
4409
1249
1862
6604
3809
475
4231
12
5337
8793
8336
9408
772
8355
2177
5750
6175
1423
9076
5588
8566
9327
9407
4431
9677
4774
2466
9642
4292
2030
3591
1644
7368
5995
8964
5645
4127
6343
7634
9231
5019
3553
5295
160
9162
1745
9665
6535
2864
4009
4633
1270
8138
1187
2062
8086
2408
1427
9317
1889
1979
2922
5829
9704
1656
942
6241
7463
2078
8694
4519
6940
932
4064
3471
5300
8750
1454
2498
3279
1433
8639
2911
2811
2985
7547
5790
7182
1068
7086
2138
4686
5712
7184
9173
3342
6920
666
9410
2695
5772
5551
5754
7706
7526
5061
1015
9518
5079
5542
6929
3222
1834
8412
9598
9488
4496
2874
5076
3439
7563
8923
6795
2831
4396
3579
5583
4840
7598
4089
7999
9563
4825
8908
5482
9632
2559
4833
4621
9022
2996
7334
2750
8235
322
1657
4670
1887
2328
7199
3044
2389
8942
7586
3501
3329
9286
8674
6901
3821
6693
6369
1584
4078
892
4749
5360
9513
9633
2742
2983
1866
2295
9441
4980
1541
9156
1557
2773
9551
8991
9456
4718
616
4083
8122
3751
2999
841
7762
8169
5419
9478
4765
5779
3098
7645
410
2091
5915
1603
7996
9579
5742
7813
2806
3123
6122
3384
1681
3965
2070
7631
8276
7907
8
9147
3296
1019
8220
1042
5132
5910
6250
2713
6246
6434
643
6743
7734
6352
4299
7715
5903
6705
2790
9612
6190
9270
8388
1070
7870
9574
6355
8798
9141
6710
9995
9755
1931
9017
2743
8686
869
2351
2590
4438
1750
2829
4975
4119
6578
8159
3008
6075
6041
6293
6592
4763
7105
9902
1411
2793
2118
4903
5693
4661
8558
7892
6757
1906
3032
276
1022
8860
1413
1842
8577
9003
3699
5688
5343
2813
5728
540
2976
9900
1192
2064
6500
4050
9443
8670
9084
3118
1774
1335
1113
5651
7667
5210
5094
3963
2886
3628
235
6801
8998
2748
1271
1444
5975
4720
851
7651
6271
5218
2254
7869
2020
4418
1571
6788
9667
4397
563
2248
1106
4806
177
9234
6273
4120
3930
9293
8468
1599
1342
2373
9752
374
8634
3202
3136
1591
343
5445
5606
7682
1814
781
3973
3121
6427
1627
1064
2792
3507
9213
7871
2865
3198
3899
3034
7288
5672
3038
8310
8410
4650
1586
9689
3885
3160
6799
6691
2055
1781
5932
6508
1619
6581
2235
8668
873
7592
223
4239
3248
5850
8746
7693
4690
749
7931
3773
2964
8488
2349
7393
3275
3435
1024
8659
4203
4834
1523
4574
8215
3317
3570
8417
301
1037
2096
6563
991
5430
6344
5521
5294
1977
9435
6124
2381
3177
3308
2076
9556
1341
8868
5646
6748
3159
2866
8687
4988
3719
1005
7970
7362
6396
9406
5476
1006
7652
7224
5825
4187
7013
4699
9386
4160
9721
6813
7890
8962
280
2388
1189
2784
1679
4858
4129
2661
2685
4615
3675
89
3207
7777
4501
2446
9419
7862
7467
7943
7554
6281
5085
1957
3157
9240
3319
359
6608
3484
5902
3709
96
905
6910
5381
7808
3842
4693
7674
7348
8187
6750
1971
7231
8244
6052
4156
2879
7427
1087
995
3398
6199
2106
1045
1647
7577
8100
9890
8877
832
5673
446
4188
690
4854
9942
9297
8269
6350
6960
2888
2474
2804
9635
2054
1924
4138
6677
9367
7048
8347
3006
2088
7000
8840
9384
2635
2634
4675
3141
2188
5591
1916
5469
1383
7874
7162
6949
1900
6586
5540
9444
8767
1426
31
8143
6054
4523
9753
6681
2915
7863
3939
5597
9749
9638
7894
7661
650
760
5274
4978
8379
5878
1298
3789
8808
912
7521
9010
1122
482
4091
3670
661
609
3014
3718
9960
4107
988
15
2478
1754
824
5599
2484
7360
4343
9467
4436
4547
2582
3863
5491
9810
9480
7075
2303
8339
5490
6720
2421
2947
2465
7692
7635
7292
9382
5181
7251
8944
3554
5278
8678
1440
6937
4969
4150
632
571
287
622
2520
4556
282
6087
7067
9730
5620
9829
3618
1676
2934
2688
2724
7732
4737
8973
5422
8092
2262
4272
6770
8699
6425
8343
4057
4479
407
1626
422
8838
6312
6079
258
4580
9879
3982
4237
6098
403
2956
2141
6663
2727
2826
7748
8597
2153
2573
5384
5541
7855
2004
4631
6395
7947
2460
2294
2350
5156
7089
6769
3164
5828
6294
7853
1387
6722
9088
3858
7413
1116
4473
279
7630
457
707
1794
9799
5905
3631
4728
7
1738
2945
711
4217
3871
8520
3221
7893
4613
6357
6484
3018
4190
3085
173
8791
4934
6164
8185
4281
7542
1229
3552
7778
9930
3599
528
8262
4215
345
5067
4366
2728
1476
3556
4313
7275
2199
3455
6925
35
3019
2571
9417
329
1488
7042
8974
8805
6956
3740
9567
4936
9724
5961
3729
6527
3423
6408
393
1896
8011
3216
7492
6254
6321
6115
4276
4491
8115
1105
518
8210
6147
6552
3041
3416
4649
8893
510
2098
6109
844
7167
5816
907
4275
5080
8847
7961
4171
7605
7668
9415
6745
2405
9889
185
215
6322
2051
5533
1177
7440
7450
3929
6221
1374
9575
6933
1526
2637
3397
3072
490
9372
1340
3399
5917
5464
4610
4065
3331
5684
182
8330
1504
8282
4628
8350
7014
4899
1761
6002
9256
9629
289
652
161
2848
6105
9908
6222
1475
1926
4137
6384
1420
1689
1088
9618
2278
3877
7206
267
1023
9535
3711
2383
6296
1561
4374
532
6764
9403
9576
7306
5581
6601
6210
5799
2924
7129
4895
257
4768
5175
8801
4295
7575
3889
766
636
6913
7060
3271
4362
38
6454
7124
3218
3344
3130
9670
3918
9552
445
9020
9762
5901
789
1669
4947
149
2715
6057
8023
4781
8636
6319
1220
382
8506
6858
5561
2251
7997
4444
9888
3361
5164
3470
6419
9797
7337
8554
2536
9050
4898
677
2643
3957
1772
2026
9069
719
8407
1635
2843
8328
9913
2614
2452
3373
9623
8368
102
6072
5719
7133
8951
3340
8398
2506
205
8332
1470
8553
723
2515
237
4764
3185
140
2720
7620
4010
9250
2482
8792
5238
2085
3727
4821
9023
7533
2562
2398
4759
8424
9940
7585
8835
2518
270
8708
6646
7245
8744
3046
5982
6870
9235
9135
4923
5866
555
1930
6653
6872
3335
830
4342
8376
2657
9389
3986
4836
9719
1215
5514
9550
9009
186
9099
5826
8286
6183
1069
3333
5001
298
5346
5999
4260
1950
9301
8174
7159
6059
3289
77
7375
919
4257
2884
4689
8635
4
3856
2769
9328
3492
4671
3850
247
7846
8663
6728
3872
7183
8403
9644
1560
5863
2081
6758
2364
8363
6489
9322
1179
817
6503
9060
2186
5872
8741
997
3511
7805
7673
7537
6900
7902
1661
8712
13
6991
6016
4875
5227
6829
3659
9265
4284
627
7551
4489
5112
7051
5460
5446
9932
8211
4245
8945
6393
894
2936
8261
8905
8060
9681
2993
4664
4730
4200
5149
8939
7688
3357
1939
9844
500
6102
3927
8255
3473
8669
5437
1273
8076
4053
2082
3529
5968
2737
428
104
274
7464
3301
6256
3800
336
2766
6812
5315
559
5020
112
7403
1828
1443
6132
557
2454
925
8540
8863
5496
8657
8298
952
2830
6207
222
9996
7359
8717
296
2321
7745
5611
9284
4890
4092
9094
9706
7770
6948
9788
1655
4943
5265
4480
4655
9583
1590
4460
6026
7484
4576
7218
5131
9676
7740
4486
1969
5171
5102
499
9247
3477
3702
3364
7711
5314
6730
4494
5007
5143
7940
2799
4565
363
5616
3438
6023
6400
5203
706
6560
1326
4550
9613
7263
8832
2664
1235
5006
8783
4861
4660
3482
5986
9608
1694
8994
6447
9218
8934
958
9693
9935
5190
3400
9830
2819
8218
2542
8121
1208
2341
3463
2354
6015
7568
1459
5424
4868
4843
1564
4058
9522
4819
4873
6636
8853
11
2353
1776
2946
2148
4516
7738
8284
8573
6970
7837
277
8150
3368
3096
7203
3931
1940
236
4116
6992
6971
1268
3245
1267
8713
6432
2360
8919
935
6842
4159
4154
9292
5605
8208
9894
4742
5312
4570
8672
9374
6328
6803
5271
4827
2114
2431
3039
8311
6864
2970
4878
842
8342
8774
8613
9460
5985
3983
9981
3944
623
8585
2293
7649
3524
9262
1097
7252
6376
5987
9776
5405
4266
7132
3904
8650
618
5641
6080
8077
7421
4238
7913
1480
3848
828
256
4363
8718
7695
6426
8366
1594
254
8522
8219
2968
6428
8062
5575
4846
6479
4301
5969
8799
9728
3494
3738
5044
1678
8222
2694
5123
1491
6063
7640
7257
6120
7720
8224
4201
3433
7850
6259
7766
2104
9304
5253
724
5174
9876
9420
9013
4624
9540
1136
5823
4853
6634
5769
2984
9748
3796
539
7976
439
1622
718
6752
662
4186
3667
4900
2890
6083
3916
6695
2159
5309
8507
6525
69
3028
9434
7409
8273
7950
8243
5737
4712
99
7848
1937
5375
6464
3546
7439
4706
2908
9732
9171
6375
6012
5960
1737
41
7785
5023
5528
5618
5273
8295
2425
1201
3323
9949
5225
8170
2940
450
2307
4849
5853
5563
4348
6509
4259
7106
9628
6585
2524
315
8016
3339
1071
2337
8486
6497
2280
5208
3683
2534
987
3353
9105
5702
1923
4133
1746
3080
1946
7576
1184
201
2696
6223
9798
5280
7247
3012
3741
4332
5352
6192
6450
1837
9712
3298
3378
1880
9340
8166
6457
900
836
4886
3658
9593
8374
6682
917
940
1272
9866
1975
1919
6732
9308
1198
8190
4372
5909
9092
3393
122
7294
318
7550
6831
1952
6667
543
7414
5595
7519
7831
7083
7326
7773
5677
7049
2142
50
538
9396
5304
8351
8026
3037
4640
2216
1256
347
5921
4930
6699
5655
4869
6144
7296
3181
81
1320
8047
8756
1390
3457
9113
7158
7529
3767
1410
8676
9547
5321
3968
6778
4405
9404
1999
9391
2841
7446
669
9750
2175
7271
7035
660
7258
1743
849
8556
4163
8987
4704
847
1698
1080
1428
6998
6441
913
6482
7229
5366
5543
1863
2816
9591
2333
1608
1838
1551
7044
2820
7177
880
6696
3062
7193
884
5896
5070
2436
5397
6318
9926
1238
6545
4142
8734
911
7746
5301
3547
9028
2355
1850
6155
9257
5060
1539
3869
8578
9390
8338
45
5018
2703
7540
4814
88
3460
1234
5690
6620
4797
3425
8910
2591
3592
8485
5565
368
2044
9587
7775
9111
1683
8695
2868
248
5951
8777
8647
5376
4296
5784
6618
9697
2824
8628
7068
4673
682
6873
9026
3350
521
2592
1524
6852
6652
4905
1205
7538
4101
9431
2882
2162
986
6416
4056
859
6641
5867
6209
5286
4738
3244
9379
7611
7965
3348
4097
5721
9912
8289
494
6417
5576
1585
1083
4233
3048
8560
8982
7039
7729
6711
6304
9329
7753
855
693
1339
5124
6701
8947
2631
2256
8239
4966
2521
9729
5947
6689
5592
3505
2213
3905
7639
6902
4735
2180
3756
8851
4989
1196
8536
875
8512
7934
3183
5387
4389
3206
9523
7366
1911
7587
9161
6798
3571
5159
342
5222
7236
8546
8307
728
4246
7765
7710
1216
4810
5220
1060
8785
1718
6483
2187
8725
1221
198
5683
3105
6403
6068
6461
1760
3528
8027
5427
3765
8541
8179
1700
6448
6855
22
9778
1697
9785
5935
9519
1696
6619
6262
4383
5755
7588
771
5058
5979
5888
4330
621
5406
8088
4143
6237
9332
27
8421
429
2275
1978
8372
714
814
7479
6129
6295
5515
3391
6704
9290
1188
5827
8068
3854
698
644
6994
7281
5194
9759
7743
9344
2995
9880
6664
2690
302
2563
1391
3376
145
9335
7944
9805
5856
8580
5642
4032
5504
6146
6468
9091
2458
5078
5499
8861
3284
5162
2981
2735
4181
8455
7490
4940
6036
1991
4230
7875
9634
8168
2410
7968
9711
7920
883
6772
3847
4146
8534
8252
8770
7230
2298
580
4490
5245
7512
7240
366
1646
9260
1498
2725
9649
3112
2394
2513
5663
9455
9244
8089
151
9690
497
8638
3715
4573
2224
7179
6736
9599
1084
6264
4001
9878
7088
9255
5065
1038
442
2497
6851
9846
9562
2426
4011
8561
9777
809
4777
141
3630
3287
7953
7774
4202
667
6839
9709
9429
9080
7782
3261
3884
9663
4109
9160
9101
8029
5691
9221
4439
1200
7625
8766
640
3434
7189
8024
72
2989
3562
5288
6562
3249
7980
9654
2099
6566
7984
7584
600
6993
2314
6286
459
9570
2
4700
1882
5108
9610
1406
4847
3622
8393
226
7095
6589
4991
4993
3643
2288
5907
6804
966
1041
2832
3091
1258
323
2461
3355
5291
9657
792
4842
2553
4506
7491
6031
1839
360
6856
790
9784
888
3175
488
583
2279
1533
4339
2015
8999
8474
2259
6111
7047
7119
3103
3180
2718
5090
5322
398
9733
8731
6724
3401
8631
5402
4507
4059
4958
1762
2282
9699
2963
7928
371
4360
8938
2149
340
826
9895
977
8666
6389
5832
3297
8072
5043
3730
6614
3270
5727
4582
8370
7429
4676
6058
7336
9868
1400
3595
4967
6449
848
3199
7705
5955
6582
4223
9121
6687
8462
4646
7330
319
5450
1970
9956
6127
399
6951
9276
7029
7972
561
7617
6733
727
5546
2074
9660
6906
8743
1477
5137
7096
4243
4544
8414
8266
5390
4876
2625
6632
3192
2730
2842
5471
1092
1354
2655
7983
3925
8217
2502
3255
5498
5612
2010
7196
7883
639
1283
9356
4027
8249
3946
6805
3115
3733
5666
7401
7675
2217
3311
565
4794
2598
7971
502
8825
380
3707
786
4928
6476
6139
4451
9418
3051
1807
3820
6847
703
166
5373
6974
684
6069
6345
7485
1030
4422
5983
3801
7139
6100
1597
1214
3817
5215
6099
2714
2459
9554
3653
6675
1685
4309
3050
6315
4792
1954
9166
8932
8272
7704
2240
4592
5059
1755
4793
8445
8813
7063
6838
2107
2361
8431
6579
7399
2090
84
6171
9086
1519
9896
5775
550
2925
7683
6095
5662
8148
1666
9154
8615
8941
3995
8926
9251
5613
9490
8960
4841
6154
7127
127
5517
192
4860
4813
7787
5607
6316
7120
1288
2190
109
9371
4390
3915
3189
9870
8465
3356
1338
4029
3841
3633
7365
4090
7954
9656
7506
614
8109
5452
7812
7121
5560
1018
8073
5752
6612
5647
7070
6896
7560
4680
2706
1455
805
5169
5768
586
3214
3360
8130
8511
1537
2932
1667
9603
9630
8126
7099
2272
4694
6354
6126
4679
1040
8535
758
454
6637
26
6093
4619
249
244
2821
9090
2152
9609
5722
3687
3346
957
8727
8493
4358
3720
8201
5656
5185
6887
6168
9825
759
1204
8728
7319
8775
6825
6225
4019
5413
43
3047
4509
3172
2158
2974
8632
187
3251
774
8134
63
1542
100
5802
1242
90
5324
313
2517
5652
5558
2967
8303
9364
5530
4938
2367
4740
9617
8396
7839
4959
2018
878
4925
3061
8726
493
5708
509
5913
9430
8025
9148
9279
1630
2619
6963
423
4108
4935
7901
6866
9621
1749
7915
1567
9867
8340
7964
4916
8567
8440
3577
4015
6844
5821
8177
8872
9744
426
9330
3785
5659
1674
4289
7562
2801
5234
1512
8784
9350
626
4546
444
5939
1421
6096
8723
6715
3067
1217
3896
7228
2451
8972
9424
3739
9066
8852
6035
1864
8135
4956
3657
273
1784
5522
4941
8865
1375
8977
9056
526
2745
8469
7702
5331
9416
6170
7643
796
2533
2211
611
2489
6627
1017
1225
6334
1199
5299
7911
2019
1525
4948
3377
1877
5609
3698
584
8637
4254
5875
9059
5741
770
7352
4139
8356
3432
8182
3826
4577
6194
9892
3053
8961
6136
9318
2588
6834
3942
1419
18
2606
4512
2649
9722
9195
7795
1500
7118
3910
944
837
5359
3286
4692
833
3410
3125
9334
1765
6134
5183
1687
8505
4535
8030
6429
2068
8736
9097
180
4748
5629
2739
3991
1183
9588
9766
7087
4381
7314
8519
2881
6523
6368
5217
2102
7851
170
1487
5349
3684
9359
5152
174
2375
8645
1505
7493
5472
3117
7528
4744
3745
1546
2584
1076
816
8225
4871
8981
631
7005
910
6197
5621
3056
3903
6383
8510
8242
3734
5393
4719
1361
7982
9725
2238
8084
3002
762
5535
9137
9664
4723
6737
2374
8915
4696
899
8528
3302
7215
3664
7076
3421
716
6097
9253
5636
5467
6598
4897
7876
8890
9211
9581
2652
3793
6459
9984
5241
7064
2008
9959
6926
5510
9841
7590
1920
113
6553
6512
5233
965
5481
1534
7152
290
7200
1182
1847
8652
8434
5855
5554
5348
3901
2789
9640
4985
2943
2167
3114
1013
7350
8285
4769
2101
467
4241
7723
4864
5920
4688
2885
179
8804
2660
8815
2825
8748
5177
8157
8014
183
2719
1580
2605
4465
8080
5039
2111
1817
2386
9400
2164
508
2673
3723
5082
930
6995
6163
7018
9112
481
2594
5610
87
5377
7730
8996
9555
3594
4665
3095
4870
7317
1430
1171
5345
2488
7669
7455
5707
3445
8762
8259
5531
3989
3808
6205
7274
1785
9102
6349
4350
2931
7338
8156
6325
4517
8587
6688
2094
1836
5906
1260
1592
4033
6531
8545
2958
9854
8568
9742
4443
6224
985
8270
6230
2998
6518
5587
8817
9573
8198
6018
853
2001
9745
6835
1232
6150
8494
1128
6762
5340
8354
2768
8409
7633
9277
8869
1275
5329
7657
2633
335
6603
4502
9462
9108
5495
8624
895
5486
9816
2613
4402
638
2928
5953
6
8334
3835
4800
2247
7959
2552
2777
411
4051
1367
3486
8448
7763
3026
634
5959
6339
7923
2539
1510
5189
1146
4945
4255
9727
9849
9524
5395
9273
3030
1654
7788
9509
9224
5590
5484
1554
5859
3143
542
7606
7024
9998
5948
7007
5706
2416
1336
4308
40
5338
9485
5325
6257
1362
1984
512
8967
806
8142
6903
5319
3167
8790
3144
2869
5643
8293
993
9696
8702
3890
5412
7653
3411
6499
5487
3057
4725
5289
5589
7570
7441
1641
3043
7265
5125
6415
2441
8618
7615
5694
5904
7226
3876
3406
20
7922
7829
1112
470
6944
2647
2641
5316
8839
6267
4207
7465
2382
9
9057
1732
9937
5950
2379
388
4823
9347
4913
8059
4614
9078
5120
2057
6141
9631
2529
6952
1407
3303
9309
0
9044
8563
4564
8483
5852
9758
4376
1403
2895
8858
4434
2530
501
8420
6067
4025
8594
2751
6174
5881
956
8749
5323
1803
7791
9233
2570
129
3383
6569
8653
4421
3154
5924
2021
7926
1729
1826
4575
7918
5502
7760
4917
9438
5681
6050
9343
3652
2587
3830
5073
9033
7505
1240
6145
5025
2487
2620
4034
7489
7856
547
9034
7603
2526
1948
9190
9188
2198
3956
2033
2741
4004
2049
2616
9103
3770
6496
1611
6828
5804
3337
7830
846
7122
6226
5500
451
8308
5167
9014
9465
2200
2867
4816
2988
7622
2479
3544
4835
1458
6568
7697
6650
8891
6248
3932
7438
124
1573
8071
9682
2387
5943
1898
6498
768
1918
2485
2195
7975
8013
7398
558
4926
1388
5457
2493
6738
7309
2169
6543
3897
7758
8575
6785
2483
9498
9641
8476
5977
3324
4669
5449
2923
1691
4346
8173
4082
4452
783
378
8705
5745
3060
7595
1912
3522
5508
8684
7389
3241
5839
3888
2037
458
3442
6862
6549
9622
6465
5213
3656
3759
1148
7079
2778
1741
9658
7303
8794
8158
8574
8936
4294
1593
939
5493
5746
7249
2800
9008
1052
8959
6680
8797
3938
1598
2761
7169
1140
5142
6760
4597
7370
1174
2644
3865
4037
8443
5556
1728
1495
6892
6889
9515
9397
2798
4392
8314
4232
6385
9804
1615
7462
74
6690
7062
6437
4537
8709
6544
7700
364
602
2612
7078
6594
7301
2721
4642
1219
1002
2406
9342
9705
785
8165
7885
9970
6114
9181
9958
8661
1373
2796
920
5638
9723
5326
8371
7457
3054
6390
7824
776
5732
2419
2157
9905
2086
882
2378
2123
2744
8619
1637
8212
5978
866
2604
5249
1306
8894
2540
5550
7154
9856
3824
5221
9920
7378
9626
7187
7513
3732
7358
6725
4662
4162
5306
1775
6300
3996
9119
3917
3823
7082
4018
5369
85
9274
843
5275
5180
6420
6323
1662
7100
8297
9594
2214
1001
4747
6418
8020
9927
9963
421
4249
7888
1034
3321
4488
4820
1021
2549
4198
4433
9140
8327
6176
8039
5698
6954
8461
1094
6573
9871
3233
9590
3236
3853
4526
1393
6917
2338
5418
6166
3578
4638
7844
2863
1452
9501
8147
7410
8592
9002
1596
9300
2615
6308
16
6668
4514
6676
372
2160
8117
2266
7912
4377
7779
8537
1157
3514
3081
8776
5293
4520
701
8357
6472
9505
6837
4976
3755
3462
2424
369
1065
3955
7535
1686
6218
953
3754
5552
710
2352
5885
8625
195
6538
330
1798
3000
5161
3502
3381
1861
8318
2601
3211
3560
3147
4114
1841
8610
5580
2754
6346
4771
2243
6208
8955
2492
2836
9168
972
7480
412
7431
4498
6789
4126
7801
3666
6515
5282
573
3935
6456
385
1648
5258
5494
155
51
1359
23
4364
5139
3453
8664
2193
245
6823
4632
6754
5756
7564
3708
2151
7508
8524
2301
2396
1026
3074
9212
5216
8879
802
2733
6965
4874
9802
5760
9680
5862
4982
4386
5988
7266
2429
5776
6469
8300
3583
2292
474
7391
5042
7601
5718
4877
8098
5632
6252
2564
7814
2599
3347
5879
8719
2261
1266
6062
4647
4667
4062
6807
3520
1734
5243
7604
2765
7460
7259
7234
1484
5893
2145
3168
1832
1453
6774
8053
7958
3651
1168
8365
3392
462
6638
8353
1733
5000
597
5844
1300
1262
8782
9287
5503
6907
747
9545
552
6524
2270
5868
6084
4780
6091
7741
8250
6214
3737
6234
6817
2119
1114
8829
349
2537
3638
1044
2770
9529
415
3119
3654
9507
8571
8595
4817
3812
1994
8401
400
5704
8161
1565
118
7977
3629
6793
6882
3379
5639
1773
921
7212
1357
6931
5842
570
9354
1392
1141
8498
7905
2115
9560
2468
9202
9546
111
3187
3133
4533
2296
5371
7285
8209
8200
8780
1535
9469
7475
6536
4115
3611
19
1312
1857
7849
3964
3195
6517
3263
8364
7297
3265
9170
6753
7685
8278
6233
1360
6297
6073
3779
6658
3450
692
3829
6440
3976
4862
6692
3650
4446
7458
8586
5074
1990
9672
7342
9474
8992
3352
7260
5584
9906
5383
8430
6277
775
5186
4924
5624
1502
8346
4415
6490
9907
8550
4882
7474
2312
9491
3617
4293
9962
419
484
9915
9650
7917
1282
6912
1800
7636
7832
9464
3196
2632
9674
2901
7351
4708
9083
6055
1494
3212
2878
5865
402
6327
6292
575
1365
9837
3859
3879
9387
9150
5891
4279
2415
3475
8180
1290
6021
4717
8428
6551
5311
4837
7495
7699
8341
2290
8416
1296
3166
9476
8160
7034
2955
7055
1409
5972
9095
6802
7755
480
2762
5398
4939
3201
272
3402
568
1109
1485
3079
9564
8193
8761
5279
8700
1442
1448
1127
5770
9073
1876
2990
7579
2013
1322
9685
3459
7499
2129
7135
3385
2445
5817
6314
5428
7130
42
3523
7938
6514
879
2007
1812
7270
9223
4608
6996
154
3928
338
8849
377
7866
1851
2977
6413
8800
3706
4801
5066
7419
414
5028
2914
3688
2627
1382
8609
8123
7436
4668
9734
7447
7689
7331
5110
2344
2662
9320
2597
2147
9437
9873
4021
9707
1457
252
2669
8757
4851
7262
8683
9684
8935
7354
4081
9316
1334
9771
5231
9715
8283
5604
1126
1412
6431
4476
3430
9648
1821
4791
8523
6600
691
2002
1129
1972
1237
3984
4102
5303
7286
311
8897
4698
3960
6921
704
5408
2332
8140
3483
1149
1779
4222
877
2265
9305
734
9096
683
5685
6516
7420
3341
9827
4726
1251
4157
5894
2172
9821
7411
1690
3294
897
5426
3148
3170
3349
7482
7053
1496
8317
7081
1720
9521
566
4549
3386
4262
7238
3131
7573
7967
6337
579
5136
7114
6245
8191
3831
8083
8662
2575
6217
3266
2222
5743
6238
4035
5574
9306
2194
6969
2510
5843
4291
5506
8499
8997
7123
7059
6893
1568
8106
5758
1450
9756
4174
3370
886
4637
9601
463
7974
6167
4472
7023
3750
7807
115
7163
1396
295
9951
1865
8608
5049
564
5480
1823
6533
9646
1376
5991
1172
3042
5367
9589
8137
2846
4134
9030
5083
477
6243
2747
8111
3256
6181
75
8714
9757
2168
7684
9860
3108
3845
9177
5815
1891
6918
9283
8167
4784
2845
959
6467
1460
8823
6372
9179
5438
2140
5838
2170
3104
9131
968
204
5757
7531
8296
2239
3735
8001
6006
6341
9067
6442
1063
1724
5833
5911
4653
4921
324
3228
8564
119
2127
5055
1231
6894
9015
5130
224
5847
1079
169
2236
7390
2550
827
5232
1907
9006
2260
1031
5206
9082
2116
4534
8931
8871
8928
6231
2432
2532
4334
1578
4099
4983
9163
4912
4922
2039
6258
6475
9326
9138
8831
3549
6235
5715
2692
6048
9225
2345
1209
6216
1786
3322
4052
2016
5615
3273
7038
1077
9189
3132
2528
6247
4391
1154
8056
3023
2809
6422
8054
574
5524
8802
3981
6671
1848
8606
120
7904
9018
3705
6806
6020
3875
2667
8299
9035
7708
3326
2358
525
4850
9831
3970
3621
9362
607
3749
5625
8583
4931
1636
8859
5317
2025
8478
7227
2756
5895
2121
6358
2835
7887
4172
1899
4716
7739
1540
9079
49
7160
3363
3223
6726
7255
4063
9470
1552
1259
2258
6840
7312
1840
5553
3774
4039
3135
8141
801
1570
1281
9796
5133
4828
7256
3093
1446
7690
9770
969
6528
3055
999
531
8005
8128
7816
605
9126
114
206
9267
6876
4075
8693
3726
6351
745
7941
6391
6567
6485
2767
4076
6398
6149
655
4585
1961
8229
238
2912
9769
3881
688
327
4497
4269
5858
3129
2623
164
5870
203
3945
2897
8265
6561
3003
9182
4152
3530
3586
679
4417
6037
8397
7069
2757
7254
8008
5753
3717
2686
1902
4155
3949
2880
4183
4448
2077
1688
1845
736
7517
9872
1624
7012
687
3802
2654
3564
7181
3816
9775
648
5596
8760
8064
7299
7873
2422
804
2569
1782
1710
6986
2400
9422
5889
4258
9331
1025
158
2056
91
5012
3440
3220
7845
1405
6672
9828
871
7061
5416
9475
4663
4413
5259
4085
6513
8419
5984
9428
2203
10
5619
5026
6424
5407
307
1753
3557
9863
1161
3977
5135
2827
4312
7128
8268
2359
3700
6934
2859
2833
7798
3954
4235
7408
8924
53
2546
6826
7320
9558
3025
8602
83
7422
9671
665
8697
2687
1371
6460
333
7580
8966
2263
9988
6106
7726
4906
437
1976
8896
1145
139
7397
8049
6936
6290
1224
6299
197
5128
3468
5908
2080
4311
7995
2812
389
2139
8404
4990
2734
5414
5836
9494
3239
8758
1233
3010
1871
3506
2339
3182
7933
8591
6488
8120
2700
9597
6583
6195
9159
5157
8119
2371
7589
8361
6997
732
1790
5151
3285
4630
9991
8382
628
709
4733
5747
5998
7033
1699
2803
5140
6777
496
3465
9512
8596
7022
8320
6857
9527
3161
9691
1303
4618
1759
9127
2095
7614
1121
8221
228
1816
1933
4654
440
3597
4994
3637
9336
4904
7444
253
5511
288
3024
6683
4710
2297
6645
3334
3636
3371
6584
6003
4285
7091
751
2916
8112
7714
3235
7981
3644
1614
6356
9038
3543
6511
7842
2395
1
3581
4470
7381
2779
8517
492
7248
6955
7761
1222
3768
9238
5191
5179
1486
3409
9226
5404
9536
3142
1796
8205
3972
9206
6773
4087
8529
7046
5945
524
8837
2130
3488
9533
80
7388
2362
1180
309
8993
7454
4221
348
8806
5017
8950
7225
1563
8927
4045
861
3443
8988
2950
2356
2113
3171
7989
199
4316
2132
7500
8480
6011
3004
1104
456
2514
8976
36
4589
7332
8045
6880
3769
4394
7107
6378
138
3299
3648
8601
3165
9449
409
5453
6984
5198
4518
5798
3380
4968
2242
3203
6593
4423
2548
2873
6635
48
2273
8658
6919
7623
2300
5598
3548
5669
7424
948
8473
9366
7776
620
1415
8689
615
8199
2205
5361
8710
5567
915
3412
838
3374
2978
455
6074
6860
3646
2496
1947
8742
8607
3176
4005
3602
7985
8444
6047
7754
8656
4164
839
4194
6767
9966
2176
269
2444
9114
1612
5126
9237
2666
143
4468
2851
9381
9539
6112
9774
8739
5121
251
7847
5034
8095
713
955
8745
1943
3082
9313
1438
8002
220
9754
1429
8598
3478
8925
7641
596
9537
7057
902
5332
3127
6162
2580
1959
7534
2103
1287
200
8061
8985
4205
8640
1650
6587
845
2231
2131
61
9185
1764
8427
9285
5814
132
5534
1004
6024
7032
464
4750
6140
2403
1261
299
6470
8055
1572
8007
9764
6326
8807
8183
6452
1386
9582
778
4429
1228
9325
3232
1445
7712
1346
2648
6121
303
7802
4236
6506
1046
3052
3600
7654
6411
8385
1968
8097
8531
4118
7637
3497
9517
1538
8582
339
8415
9452
5518
5193
9338
9972
5726
6266
3449
4919
6836
6558
7329
1713
3870
1791
1178
1434
6401
7838
5032
9864
5458
658
2146
4100
2676
2887
5122
2346
9874
1766
1544
9457
793
9045
6881
5809
1873
8551
2910
162
7932
2433
67
5394
4636
7790
9152
175
3086
3786
2738
8579
6616
1852
1721
128
4627
3083
7794
3985
9820
4745
8501
4094
3208
746
6009
2898
2368
5219
4226
1527
6270
3563
1992
5946
1665
2267
4088
1824
8970
2795
7786
2154
5723
9409
266
1735
1643
70
9823
7936
2675
1617
3993
1191
7678
4893
4822
6228
52
3495
3926
4789
6101
6712
8873
4705
6135
6964
2165
420
2960
7647
556
7186
3243
3063
7716
5320
3479
8682
3662
4229
8803
3314
58
8240
4046
117
2063
1707
8899
7207
3878
6776
9048
1324
5705
8616
1162
2938
1230
5021
9700
1247
1185
8884
4189
694
5103
5436
8654
9241
6185
8581
5170
9031
4273
8810
516
9520
4593
3748
923
397
1131
5091
6623
8769
834
7324
2100
4911
6874
7477
6759
9910
4353
264
7608
1492
8828
8237
5714
7946
376
5971
6307
6206
9792
5296
6486
7451
2402
676
4566
2794
6502
1520
960
7662
64
5068
6666
1086
8895
4428
8559
4030
941
9447
2471
7544
5566
9197
678
1302
2980
5512
3913
7137
6521
9961
7780
5277
5150
9985
4832
1756
2046
3444
8171
5334
791
5062
1602
7619
1747
9125
6204
6017
4080
6229
5837
2134
9746
2905
7283
5187
9380
2184
8818
5996
8826
7142
3534
1870
2679
7701
8236
7074
8892
2024
5507
1056
1868
4356
4987
5443
2927
6317
395
2646
4455
159
6370
8518
9167
5363
4648
1368
686
6622
4568
6707
6577
4095
4571
4625
5934
2817
8380
4901
2899
742
8194
346
2305
4731
9027
2797
3246
2440
2870
433
9781
218
7020
4440
4532
6289
1628
3950
6340
3413
8646
4145
962
8000
702
5824
9688
1788
6967
854
5537
7264
2834
5447
3408
9964
3227
4525
21
6982
909
9184
7345
9559
1366
8463
3665
5195
6070
4321
6947
2850
2883
3315
6178
3503
2617
3020
4419
3834
4234
3695
1119
5679
8096
3561
8399
2628
8065
3538
5272
3476
8046
5255
3338
9321
7435
3188
6607
7986
6884
4024
1704
4048
6186
7400
9245
4333
6609
4602
6656
2244
656
7111
3966
6843
8216
777
2771
2469
5640
3892
4400
4984
9865
5994
9001
8223
5782
4247
6288
2904
7140
4345
7290
172
9760
5459
3804
9377
4555
2574
2731
5874
292
545
3021
8569
8721
9976
97
5064
9132
3990
3467
4306
8312
7371
7244
8329
511
9187
3641
5744
2391
3328
6697
6519
4148
1792
8920
6818
3655
4022
5740
2047
1548
4411
7468
9791
3987
1137
7054
6966
7600
6333
9388
5113
6090
8247
3267
8673
8203
3837
3330
4298
2583
4382
8525
8057
1722
8151
4641
7717
6643
8883
9604
498
6077
5557
3474
350
8248
5562
1897
6639
221
7670
9252
1102
9848
4349
9269
9637
664
1536
8344
3173
9483
9686
2551
9323
1703
513
5308
6865
9857
3778
4880
3604
7316
5434
8245
1363
3724
1547
5336
4973
9616
9281
7660
3448
1757
3389
2494
6942
2577
8886
8010
4167
30
6814
6255
582
1932
6714
797
8132
8737
934
441
6478
4881
2417
5429
7966
230
4767
9310
3253
1369
5783
1211
5628
1093
57
8129
8386
9803
7449
7841
3128
6930
3
2758
2952
6580
9106
5513
7098
9064
6435
2499
2704
3851
4891
9243
7025
9990
1716
6854
3691
9436
2726
7895
9532
1055
6611
9486
8532
9822
9543
7328
1849
1855
2683
663
7916
1280
1601
7676
8467
5287
191
9645
5860
7516
5105
2889
708
7008
5822
5717
3313
8562
5851
7072
5339
7344
6019
6927
3454
1285
4457
592
9948
6975
2566
3234
2023
8425
3101
9145
764
1705
6507
7806
5608
9074
2523
6811
2340
1152
7341
7878
1257
4395
3268
8918
6708
7797
1528
7872
4557
6022
2287
6172
2776
1364
7250
3320
594
2837
4071
3558
9016
4569
7817
5101
7459
8552
5791
5678
604
219
2954
6410
9291
5738
5071
823
5380
2467
3559
1499
3269
2310
4103
5327
4136
4125
4425
8094
427
7126
6394
2608
9130
9217
6363
2814
5720
7307
8515
3958
6747
1609
6364
294
4672
1767
7144
6574
9204
3836
9922
8391
2329
4802
2861
1337
9934
7548
1089
8850
9624
5709
9385
9312
8316
5385
3316
8898
9142
5954
8435
4914
9790
9122
5819
5751
5989
8814
7209
5333
3623
2309
8830
8085
587
6276
7737
2941
8875
4288
4666
8464
8021
1859
6659
7217
4524
9702
8281
2781
1831
3461
4340
3420
3838
1244
8206
7722
4054
6251
8614
8527
5664
1333
2384
5009
4287
7558
7833
7134
1577
9780
7481
5054
9062
8482
3661
3887
2112
2712
2083
8422
6719
6056
8333
5242
54
9058
1473
5794
4543
8555
4474
8028
6116
7993
5448
5410
2755
379
4830
7276
9687
6723
5251
4888
738
8844
5765
9692
2183
5148
5305
2320
2543
2229
1986
1014
1813
60
9425
2672
2219
3545
5444
865
3601
712
2759
1658
4271
6466
9394
4135
8747
5096
101
202
8453
8704
9232
9977
3225
1558
7097
9133
9861
3967
176
6522
5812
5075
5423
7001
9052
4169
8335
5283
8812
5864
4384
1348
2110
8626
2722
9566
2066
1330
979
8677
6161
8862
3959
386
8584
9007
2681
3102
9683
1493
5571
2092
3293
5626
4084
7166
6159
6932
3673
7077
4620
5674
1768
4707
2174
9042
7857
4017
240
3140
4659
9239
1243
3951
34
1993
4179
7239
9107
5877
9365
2079
6219
7213
7016
2366
6742
4572
7180
2512
4910
3752
3572
4435
5492
110
473
9358
3731
6189
5400
9353
5462
9767
5005
8074
401
3174
353
3111
2348
4371
8644
4651
3517
7141
6571
4594
1125
5857
7045
8438
1313
432
9319
7392
8019
1265
9289
3422
1467
9973
3922
4028
5056
2268
1098
4454
7194
5356
7509
7149
4043
7764
4986
6188
536
7899
8034
7937
3190
3678
5774
8136
7461
3947
7956
9275
6430
5236
3426
2774
6065
4909
7214
6421
3250
2075
5703
1922
9024
5046
9258
1318
7840
9203
9993
5956
6180
1323
5260
8381
9989
5780
325
8733
6371
2595
7935
8186
6775
5237
5368
6846
5579
133
7246
6520
4485
4536
4500
4079
9315
8204
5803
7903
4227
7696
207
7084
4722
4060
3078
8530
7642
7472
7859
9493
1936
9144
5141
2316
1010
4283
9811
9652
7430
7750
4122
3535
7664
9675
8075
5841
8359
4327
7616
7241
2084
3569
4946
8605
3441
485
7073
8738
5098
9924
6331
1634
2626
461
6597
2311
65
8930
5261
7031
6824
1250
5290
8423
6042
5086
9351
1418
8969
4626
633
2944
8671
6279
59
6628
6347
1151
4818
3069
7253
9093
9815
4772
1226
5229
8811
5010
2407
4776
3807
3525
5107
5284
5544
8975
6868
5250
9146
6373
8703
5730
7406
9426
9348
7955
6324
6546
1934
7452
3526
5990
7865
8319
7565
8246
8922
8729
6800
7518
2234
5388
5660
9595
4216
9165
234
1545
430
9029
7939
1858
1236
887
4838
4656
4123
7036
6043
4583
1142
6366
8018
381
8685
9957
3882
9929
7002
5439
3219
3868
4003
641
970
973
1047
670
9311
1549
8175
2957
2000
2404
7384
326
901
1522
362
1239
1833
1124
1466
6661
3466
8819
6309
2650
352
5795
9979
1801
5793
4805
8305
1351
1066
3663
7543
2173
2380
8599
2838
6989
2050
6709
3975
1642
9695
3040
2903
9468
8082
6564
7545
1255
7293
4554
4503
9421
1190
2992
2975
6886
4482
71
6879
3772
2723
8324
4270
1844
1133
6756
9773
3676
1439
6557
6841
4612
4176
8048
8032
5854
1264
7889
4961
671
5267
4952
3149
9479
2457
1945
1964
5559
1825
598
7103
7897
8079
825
2987
4629
3660
8081
2991
3694
5808
7609
4559
3596
8275
8231
996
3138
6038
3612
8290
9151
6644
7006
1278
4023
5796
3075
9395
9339
6596
4326
5633
1316
6169
1529
4093
1489
7919
5762
1012
1297
7835
831
8948
2807
6361
241
2137
5051
4467
6797
6849
9923
6859
1158
3697
5134
4732
2639
2708
9847
1241
1846
2953
7311
8009
4304
3029
3419
9698
168
2671
2500
1670
8154
469
3403
8781
989
8490
4996
1416
3883
6039
233
534
3126
889
9836
981
4297
9039
2645
8772
3620
938
1321
2185
6648
2900
6492
1543
7666
3849
1958
1582
93
8983
9508
1135
1436
6119
3097
7749
6027
1389
7707
731
9636
8325
856
5649
3584
4724
946
9584
1562
1252
3818
5701
5207
8724
4918
4508
2527
4352
5949
4302
6673
3490
8796
9904
6404
9071
7735
2163
8226
8680
1471
1120
4111
8238
1291
2087
5997
435
2053
5785
1783
9511
9779
5520
6480
6227
5379
6744
4368
5871
8254
3689
1143
9510
929
517
8900
2495
5077
2196
6957
1731
7147
2257
3327
9157
2323
281
4130
2753
3603
7374
9242
7994
3464
2089
1432
4504
725
7112
7432
2525
6649
8051
4634
5342
3158
3254
2343
1664
9098
1355
9264
8050
6060
9806
8373
1170
361
3499
9783
5976
7549
506
4244
3005
9714
1531
1956
2031
7190
1820
76
2519
1632
5087
8017
8331
355
7355
795
7942
685
4403
5716
9911
2959
2560
3354
8612
6576
8078
7394
811
6311
1967
1474
8958
4182
7347
7380
4970
1730
4000
5766
1553
2547
9205
5980
9544
6386
471
8033
3722
3941
4210
3480
567
5797
4950
1123
527
9268
9983
6791
3242
8917
4603
1402
572
5622
3588
8904
7195
9884
7628
32
990
9100
4995
8196
7658
9266
7520
9716
3064
8188
2281
9401
4026
8732
3677
5024
1726
6458
2447
765
6761
588
8475
1652
7115
478
4515
4563
2808
5686
147
4790
5788
5922
479
3728
3150
4379
5547
3934
6191
2473
585
937
5549
1286
5731
4209
5160
6005
6670
3961
7804
7514
2463
3375
413
2710
6453
3515
1588
394
2596
3100
803
5262
7713
733
7880
6291
7052
2271
3226
4387
2909
7125
8447
2207
1352
4639
2028
5601
784
5761
3649
9280
5041
4441
7809
4907
1350
95
7172
7496
9647
9577
8909
4412
5204
9472
8667
1835
7613
3703
4240
8496
1780
8912
190
9070
5372
6796
5202
1917
4963
9136
9503
976
3099
7793
3953
365
6819
106
8395
1319
5603
5586
6739
9602
3070
6588
5594
6605
8152
6794
7423
4511
2052
4408
2749
1003
5153
7284
4588
8406
232
2621
8022
2670
1827
4879
4753
7145
1246
8841
7784
6717
2892
7383
7101
1566
8466
4161
4208
1944
1057
260
788
1621
5993
5264
2689
9183
8384
3998
2561
5700
1048
9969
3146
7220
4932
3277
9643
4278
9651
9653
3898
7769
5235
305
7552
852
7828
8477
8110
9450
8103
4104
6107
9787
5116
184
8408
5898
6446
3674
2166
3365
4442
6848
8279
4463
7525
7569
753
6000
819
8622
5963
3252
9198
6076
5667
696
8052
5792
689
9363
2716
6746
5088
3395
4796
1343
5806
2717
2876
1673
5364
6081
7523
2511
4528
3908
8789
6280
6950
1856
4598
5926
9288
6249
2576
3230
1150
4981
9782
24
4714
624
9965
9314
5461
835
7691
1139
2918
7731
3805
157
7488
8035
2994
3886
3610
4319
2871
6014
4755
3962
8433
7948
8264
3213
4430
2124
8304
4072
9191
5192
1980
9129
9360
7407
850
116
6374
3485
5155
6220
25
4077
8228
483
800
1431
188
4213
6651
3496
1274
2058
3911
6665
994
8692
4799
9236
8827
7030
5365
2920
1380
107
5201
8375
2609
7442
9737
874
317
744
717
8162
5468
9921
862
5648
2607
8400
9538
3197
657
7156
1138
1305
4373
4607
7744
9180
3861
6908
6734
7168
5145
4492
5835
3487
603
7927
7313
7289
5899
7502
3510
3094
6113
2105
6381
1714
5230
5399
8069
6397
2201
4036
8885
4393
1973
9882
2852
6253
9887
4206
3924
4484
4447
6861
3184
4355
7736
4727
1074
4883
5937
9192
6922
9303
8202
4622
5239
807
4908
354
7279
2161
1332
6721
2347
6232
9376
3367
171
7004
7522
6332
4365
8821
756
4999
2740
5697
8256
7356
4166
341
6827
9987
5097
7188
3943
1347
1853
5256
8291
8980
8378
5572
5330
4773
1736
6718
2206
3539
5578
7925
3725
8195
6117
3366
3231
4074
7536
1311
1638
8454
8155
1595
7176
1101
3312
5013
4335
7515
659
2697
152
5415
9886
9041
2202
3893
1770
3540
5810
7757
1875
1481
9661
1983
533
3429
1913
209
5254
4388
5029
7108
5391
9717
3276
5432
7131
1953
818
7280
5627
7504
7170
6977
4466
2780
6407
7681
5266
7566
6044
5354
7173
1623
8870
4070
6575
7102
9175
4584
1929
487
1811
8125
9398
4121
6215
79
2535
3300
6953
6301
7561
9954
9982
1981
3186
8271
2073
6388
3704
7819
4531
922
4674
5845
2401
1604
7385
8172
9298
2972
4552
7349
6751
6187
1830
1675
6268
130
2839
6082
8696
4370
5095
2522
1007
2919
5465
3519
4401
2504
5900
8953
2191
3639
4002
2651
4892
255
2237
1289
3307
6763
7767
7719
8946
1758
8822
1081
189
8043
5310
4265
645
4149
7884
1895
6923
8451
5431
4586
8436
7369
637
3240
9852
9263
6980
3574
2568
945
6409
4778
1941
9451
8058
9765
1511
5420
1982
8402
6045
2636
722
4997
5545
6532
8711
9158
9200
5634
1397
9087
7825
8834
6888
6133
3017
9432
6987
1032
3089
418
5409
1058
5668
6365
595
2363
2071
3978
1206
9557
8442
3692
6405
2593
4323
1307
9227
7992
9230
5771
7010
3839
2856
8843
7858
8543
8788
4499
7792
1153
150
9678
9299
3033
7768
4219
8675
1905
8706
9741
7879
6382
9349
6792
4803
7143
1963
8735
4456
5111
4929
1806
7910
3714
5585
3194
5970
3424
5886
8040
729
6196
1213
4703
6153
7233
6474
217
3832
5417
1451
8753
1706
9109
1356
4124
3771
2208
8133
2926
9918
4884
1263
4974
5637
7559
1414
8971
8114
5676
6142
5873
9897
3814
2241
6755
6298
8352
2274
4866
7395
3045
2516
8795
4562
1381
3418
8389
4261
2618
3451
863
705
4611
4263
1317
2732
1517
4251
8214
1914
8405
468
8759
1103
9477
2048
3288
1692
1618
9499
489
6118
6928
6815
7471
6046
4168
9541
6959
4105
8037
7210
3281
7310
2847
5919
3743
5965
4715
3309
6242
4587
2252
7886
5966
2291
4290
2764
2128
6061
3798
9215
3672
7663
1600
4596
6211
6883
3390
1422
6094
