3460
6377
8336
4989
6147
6617
5711
5084
8364
6513
7940
8716
3793
2441
1114
2253
2136
7215
325
1896
2857
5829
7226
1363
1141
9446
3598
8317
3913
588
9313
4924
5514
9198
7043
7272
5419
6636
5252
8827
4385
3175
7975
1688
1853
3658
1350
5167
2979
6083
1646
8730
8864
7963
3699
2867
6224
6818
2220
5250
2871
1672
2534
3284
5215
6253
9950
9351
440
2907
7103
8853
1320
1002
494
3111
1724
317
664
9076
1398
5198
770
6420
1276
3409
8750
796
2065
9134
3162
366
1509
4790
3372
2016
5539
5334
8063
7978
6974
5054
3119
4216
3972
318
4207
2681
86
1507
1399
2520
276
4315
5749
1198
196
6223
8842
7693
8368
176
4396
267
1901
6468
8572
8769
9649
7044
4232
1280
8792
6046
3571
3364
1889
3223
428
9682
5551
3586
5195
141
6394
1173
8271
5926
546
5698
9688
9597
5027
9879
6063
1946
3002
5781
5809
3102
523
2143
3353
2783
1561
399
9694
9086
8843
4703
3125
4228
2341
4273
9145
3063
1263
2484
9809
8787
4107
9991
4620
1796
3533
4739
6600
3587
6226
411
3148
1372
8660
4027
6690
6410
2807
2599
4458
2581
8055
7938
5226
431
468
6159
2688
1835
7205
1910
6577
4526
6045
9550
1152
5235
1827
6376
676
869
6576
8001
1718
812
3204
4262
5989
9459
8100
5666
1011
4852
4903
5450
3660
7267
8546
9253
4838
4742
6279
7270
1371
2311
8007
791
8742
9562
3251
6721
6353
1157
386
8327
550
2536
8868
1377
4756
7746
452
8279
2290
9352
6055
4419
9096
8054
9394
7921
7542
7460
4408
4829
4578
7760
8341
778
7315
4687
4599
3371
9546
7856
6719
8105
6075
4887
7514
9104
1278
1128
7854
2421
6983
2548
6677
7805
4190
4651
8145
6438
8520
5010
6752
7840
6351
2763
4775
6637
2942
5194
5625
1825
1740
933
2416
7461
5706
8025
745
9827
5143
2557
8397
2406
3272
7611
7813
4659
6621
8064
6971
3453
3014
5050
6933
9210
5617
8514
9095
188
3735
9270
3702
9353
4435
5968
2234
8699
2971
5697
2320
1066
1061
4382
8532
3303
9363
4878
6679
1686
1868
3886
2103
378
9625
4480
610
6803
9054
9731
3242
6348
6516
5105
3810
2967
6280
6503
6783
6171
5187
4093
8936
4204
3426
2249
937
600
7729
4608
8258
220
8749
7174
1577
6986
2355
8525
3444
5854
2701
1780
838
2248
9067
2047
2800
4383
5555
901
5975
7699
6492
1865
333
4283
5604
8902
2092
62
4307
2218
467
4549
72
8002
275
3625
8625
6517
4957
8104
8097
8162
8617
2164
7206
9318
9595
4600
8990
9039
8404
8469
6920
6536
7388
4063
717
7157
7236
8220
2023
5058
3845
5548
1069
8369
8357
8226
2650
4374
3048
5349
4354
6552
6839
658
8590
1243
3723
2662
7008
4757
5225
4917
9255
5213
1849
683
9730
5134
5435
1880
1260
9588
9089
5932
1450
3827
4474
8933
9176
954
8071
2104
6187
341
2827
9523
5288
3117
3078
7199
7715
9859
7867
217
3649
6952
616
7456
3367
529
453
2120
2772
1722
8142
3662
6900
7725
9633
5376
330
7338
1648
5065
8367
8476
4650
3403
9734
6787
3368
5535
5126
7431
1112
9450
24
5631
7061
2962
8995
5695
5281
6972
2552
2863
2968
9167
3187
4691
6252
5180
5547
6349
9652
1315
5200
1573
9268
50
2472
6990
8966
6731
2081
8974
5767
6951
6458
3955
6391
6875
969
9573
17
1333
4004
2673
221
9135
1894
5850
3355
1007
3729
4999
4325
6992
5424
9109
7778
6117
7858
737
4805
5900
3599
3858
5231
9404
4373
9500
9655
8569
8929
7539
6903
5331
3594
6382
6740
2314
9304
6058
8870
9408
4021
4476
6470
8393
4796
7816
9784
5034
4814
4873
3439
1089
7896
3378
2768
624
6876
480
9225
854
7397
1848
4029
7559
4450
6449
9020
8296
652
5657
3212
3201
3715
4140
8510
9289
9549
783
7335
7587
1460
2176
2272
1466
6810
2424
2020
1155
7362
4984
9004
3216
1952
1290
9990
8777
61
1838
2702
5312
696
74
6093
4964
8673
4056
2124
3680
590
8935
3290
5229
4022
7106
6404
3960
4682
8315
5662
8598
6116
6664
8925
8562
1327
412
1746
1238
4722
9722
8060
6444
6506
4737
8945
7304
4196
5411
1029
4635
4789
9583
6043
4194
7073
4880
1518
6789
9345
3301
1013
9519
9768
2644
1148
6732
7714
8468
401
3495
725
2965
5999
6431
997
7511
3163
8996
5951
5286
2983
235
9920
8498
2033
3644
3982
1253
2851
6634
5210
2438
6091
7012
7636
2074
6887
5704
532
2383
9654
5480
7292
3817
3963
115
7230
4033
1781
3146
4615
1965
1745
1322
2084
6568
3270
2752
2417
1434
4078
8229
2129
1092
6264
4370
1117
1306
5176
7091
596
4982
8778
5290
9084
853
3348
4623
3457
4180
271
3438
3566
4280
9019
5399
2846
9212
6033
7359
8184
5310
5181
6891
7488
4286
2030
3191
6826
1719
1063
3275
8026
1271
4640
2149
8041
9301
4648
2118
8170
3914
5544
1872
2885
274
1844
5928
5277
1906
5439
4716
6961
8274
6237
5398
3347
6848
3984
8788
9727
4533
6865
25
3016
9110
3687
7060
417
2443
2327
3577
950
8475
7110
2204
7486
9097
9932
5573
1393
9604
239
3227
653
6654
6572
7042
3686
3484
5052
3688
2288
6596
7491
8194
7660
2638
803
7850
5585
8428
3977
7948
1970
9090
3918
7596
9603
990
4136
6125
1031
6282
4856
9235
1419
7509
6322
3761
8570
1012
9265
4097
5436
9333
4367
6523
9160
4317
6129
637
4961
5915
1080
5418
8818
9316
8265
1164
6608
9071
2202
2105
3379
2233
2002
9108
4266
6143
3716
4772
7318
763
6074
4695
2699
316
7361
6853
1788
2394
517
3149
8930
1429
39
3700
8932
1863
4112
180
1817
6619
7020
8564
3744
2449
5467
362
6526
5715
315
1975
1478
5496
6020
8507
575
3486
427
4099
2590
4426
3279
905
476
3522
1526
2944
6365
1037
7706
880
3151
8297
1223
1981
2613
8516
3314
1459
9743
8597
202
5261
450
7713
6256
962
2862
2660
4174
3958
6111
1674
9975
3534
4823
6196
6709
3931
1651
5853
4799
8766
2850
6274
7981
3855
6520
1961
1531
902
2974
9659
622
9158
1812
9317
8253
3012
5848
9598
1767
343
4275
2726
2728
7256
6343
1708
2142
3823
7984
1630
1596
5762
1254
2012
5396
9718
4771
9949
2488
3900
7387
8939
3481
4557
1045
2873
586
9347
9554
4240
2187
5276
511
801
7574
7607
913
5115
722
3313
8986
2853
2841
9703
9676
3124
5063
8310
4058
6318
6329
229
970
4638
3648
7357
3667
7213
3975
3083
7578
8975
617
2112
3524
9853
9250
859
5211
1019
6104
3799
5583
5160
1347
4183
2677
2574
7781
243
2637
400
2978
5857
7986
7050
9886
7118
7203
4750
7845
2017
2004
319
576
3797
1867
218
87
1519
5751
2663
2561
6890
6355
8128
8618
3812
9653
7418
1394
5929
4760
4411
3814
6629
6030
6563
4352
9899
2958
1926
6494
843
1733
9824
7341
8661
7482
1709
4861
4934
2306
1384
7836
886
1866
9129
7829
1130
2779
641
7240
7563
9341
1998
3878
5816
7128
9397
8824
3943
7800
2743
7293
6981
8772
2600
6565
6641
4214
526
9807
9544
1430
206
2720
769
5365
42
465
5101
4060
9833
8610
2921
277
9266
9914
1018
2267
9330
1676
1151
8242
8923
6504
8559
1022
4146
4735
5499
5866
9136
4812
837
9468
1351
1535
9773
3261
8874
269
9605
2632
3717
6118
7074
9252
3209
6082
5055
5282
1769
9832
5224
1331
8635
8262
340
3731
1520
971
9379
7537
932
8495
7349
911
3873
6041
4824
9923
2502
3059
7288
2069
244
3830
3150
3650
8022
3843
2059
8269
5491
3480
5920
7679
6566
3565
2554
4690
437
7082
126
1852
3555
7429
5489
4314
1980
9012
6361
9672
797
4780
3951
0
7966
6774
2477
9804
8382
5637
2501
9533
9696
9279
94
9612
3582
5670
2480
3442
5158
9648
9770
8140
5956
9834
367
1759
9501
3321
6086
4552
7475
9274
9141
4116
602
2936
3336
2951
5483
7754
9794
7133
6114
4053
1447
674
977
4115
6573
9016
9788
2604
1741
8712
479
7048
4559
8911
142
9115
3514
1094
6156
391
4685
535
1373
5488
800
2139
4744
500
9432
1077
3250
132
2360
8425
8256
9282
7399
8897
118
6430
6618
1113
4528
3724
5805
3477
7202
4187
8684
3254
1794
6623
3985
8816
6812
784
5440
1374
3777
2177
3693
3880
8662
6207
1614
5454
382
1539
7282
9878
4675
6297
3770
7406
5982
6941
5972
8717
8474
3419
360
1236
1821
2831
2353
7961
8855
6527
9336
4731
4958
9948
5008
630
3710
5606
502
6457
9845
3782
9968
8389
5892
3654
6553
3740
3240
2986
2471
2489
5627
2032
1090
1568
9276
2791
3427
2918
6067
2707
3552
3446
5728
8386
7428
8740
5169
9675
1183
3907
3296
4840
53
5219
2577
2522
8529
3668
8305
3218
2106
230
9856
9530
59
3499
8076
9922
6064
4203
8840
3736
7076
6714
3138
8084
8765
4020
5323
7355
9085
2869
1062
2932
3520
6484
2905
5534
7211
2938
5242
7787
1739
7147
882
4098
1176
4581
5833
1185
7433
3527
679
1451
2612
8217
6828
7081
5190
8702
5559
5918
6210
857
4437
4418
5714
1617
2338
1047
5441
1248
6173
1091
7124
6053
5537
4326
1942
1159
9626
9385
1989
9393
2566
9072
4800
4503
7253
4177
8582
8300
5238
9329
2087
738
8917
5287
5862
5690
5278
8202
5205
5667
201
2100
851
7613
9338
1115
5522
2393
9037
8380
9196
819
9686
9194
3657
2892
234
2066
899
1552
9177
4397
821
8811
4846
7145
6635
7346
224
8898
3417
2067
2811
3581
2445
4226
9251
5629
3287
1635
4912
5828
4706
7291
324
5516
23
5364
1143
7757
1424
5012
2683
2138
7910
9705
9704
8785
1297
7779
6842
1252
3734
1054
131
9440
864
2122
6804
8931
6594
2997
1129
8276
4945
9541
5370
3282
9474
6713
4865
1040
1669
3096
815
4473
2423
7791
9410
4074
6038
8197
1205
7448
7736
1316
2746
4592
2926
5140
7849
3160
8073
4163
7334
1813
5776
8000
3613
389
9277
5969
7996
1558
4242
5216
3697
3659
1335
6935
6954
3721
8668
478
2273
2826
4421
7631
9046
4427
9941
3277
259
9873
5556
9199
7005
8024
249
2981
4960
3857
5329
2721
1904
9202
9911
2195
8803
6508
9813
7982
7088
8586
2109
3452
7776
2347
8448
485
8768
6035
3595
6212
5661
9166
9715
7876
561
272
1437
8017
4478
1365
8511
505
5682
9901
1135
1799
3458
3115
1621
9312
9130
5869
8761
1655
9685
6540
9629
3106
5318
5077
8776
3037
627
5824
2137
2392
3226
1396
3334
2735
3094
2344
2173
1074
2675
9786
3974
4669
6691
2697
4481
9100
491
4930
9231
4584
8943
3390
8464
8710
4270
8363
6325
765
6820
6342
7528
3252
5641
5590
3714
7412
3775
7804
8033
4088
7989
1976
1842
6923
6659
9155
8394
7623
5416
3389
6754
2219
1854
4991
5895
2316
4137
1499
5367
3028
5421
2698
5369
31
5093
1313
3320
1336
134
5033
8122
6778
2349
7860
2745
1715
1272
1380
9462
4062
2795
9563
3990
6511
1342
4551
250
5142
938
9303
2226
6010
891
3093
1493
7219
2479
9098
4092
1689
3720
4847
1144
1974
3615
3039
3166
4652
8460
2804
57
3222
6685
2812
8388
6856
8754
5681
1555
1106
9962
605
7733
9744
3882
1830
1102
355
2281
8013
4384
4822
4499
8207
8634
4106
572
6647
3795
9328
9332
5808
7747
4322
8550
1086
8422
761
6016
4545
4213
9288
5747
9400
1038
8285
6293
5773
8744
9915
4630
9217
370
149
4629
1138
2537
5493
1783
3310
7766
8873
2346
7592
8663
1345
7639
5327
7638
4456
5495
6158
9789
1095
1869
4050
8095
3933
9452
578
5504
6048
3865
8863
8200
7513
7531
2994
6970
1973
1166
1618
5912
5159
628
2856
7069
4967
167
4170
7691
1225
9619
1208
756
7814
4087
3844
8893
2778
648
3286
3789
7297
4485
3071
4807
7880
5840
2061
2989
5601
1352
2456
4940
4271
6561
2982
3255
718
3525
6811
7035
9820
9708
7889
4255
8760
2035
780
3986
9180
4465
422
168
2988
6057
8291
9754
2970
497
3184
2564
7857
5710
2414
82
456
823
537
4090
2457
9169
8679
4889
493
7049
8118
3867
3663
9599
7690
3863
1742
4199
6255
2511
6144
4067
6095
1149
334
7414
5078
2358
8539
7684
3790
2788
8251
2575
1643
1801
6241
6426
2050
2450
2925
1461
2184
1828
7784
7271
1832
4595
539
7752
4902
8834
5635
7750
2178
9775
6736
457
8889
6433
7958
2753
2046
1463
2415
4839
5258
5650
2535
2286
1262
2744
8135
5723
4288
9402
1218
2205
7930
2518
5927
5904
7289
5380
6013
8343
6510
7689
8540
8477
9575
2539
6407
8968
1050
8838
8360
965
6483
6601
7974
943
7342
439
9572
6999
7541
6728
1454
565
4130
2999
2543
1179
8901
9942
9930
8800
9249
135
585
5701
3848
3851
6794
8188
6047
3097
9668
7369
693
6309
6928
2261
4417
6780
2606
6268
4489
2238
4444
3606
172
872
6383
7924
6244
945
358
43
5525
2671
4339
9819
4015
7479
8332
3330
5137
9903
978
3441
3760
553
1510
7914
8596
8437
2657
7497
9185
9473
4263
7645
1479
1057
4127
5528
4628
6194
9051
4886
1954
4043
7129
4863
7424
3077
4144
8044
7168
9884
5070
8992
6051
3588
7410
9983
6539
4398
9262
6859
4102
2056
7122
6405
6131
3805
5995
9349
2446
1675
9795
5738
6610
3298
5455
1292
6216
5459
4854
7630
3636
6801
7298
3498
7676
2373
4941
9396
7712
8850
251
5887
9723
6164
6079
4918
2252
9839
9337
7459
1032
9582
7416
4064
7009
6002
1160
9964
2239
7327
8906
7749
3893
1616
1586
724
7503
1714
7437
2335
794
6980
6290
8644
7439
2901
6358
9375
7661
4678
3081
2163
9430
9239
9267
727
3342
9175
3862
3718
2506
3156
642
1480
8215
1381
3732
1747
6522
1631
3807
1411
327
2212
8600
5128
4696
8611
4513
1529
1565
6703
1935
1213
6184
3752
703
4305
4901
7739
7343
5914
200
177
4
3247
3024
7143
9091
466
5797
4249
9382
5778
7740
9103
3130
2045
4546
9645
5503
3476
3116
8214
6580
813
782
3044
968
9360
715
8082
2497
6682
7755
6397
6005
3526
9637
3046
4928
1495
3531
5964
2475
4296
2690
3994
4223
2895
5092
2332
4355
5532
7440
143
4342
8983
6424
9380
5385
5067
4359
6476
9547
8866
547
879
5017
4979
2972
3268
734
6932
3839
8435
8997
6843
6060
2029
7769
5492
4332
4272
6901
6757
1681
6761
5272
5861
3152
7006
1196
4971
1226
1097
4264
6482
4048
8650
3935
5646
1256
3767
418
7285
9280
5536
9423
6668
4769
1647
3380
5363
9259
9510
6445
3576
4988
9565
7951
8829
6652
8973
5619
5300
6866
8786
2833
5936
5791
7882
1559
4933
446
2175
4942
2285
5770
7771
5251
5232
9416
7751
4798
5197
4842
4995
2021
3421
1361
4590
6704
5761
8199
776
4892
2992
8708
6308
8674
4287
7113
8998
1756
5957
4676
4429
6805
3248
4740
9926
6015
651
7104
6092
5172
459
1101
2442
1197
5845
4281
9798
4610
1421
5153
9814
9984
7768
3758
9068
5016
6436
7232
689
6400
1971
7262
3338
4013
9365
4160
2706
8053
3834
3519
512
7485
7570
4225
4047
3730
159
4139
3704
1914
2375
4175
3800
6729
7665
4540
7090
2976
1864
635
5804
4066
5983
2102
5705
5716
9390
7941
1004
3604
2776
4360
5846
284
8566
940
8658
908
8628
4998
1551
9763
7731
5827
5847
6650
8169
8115
4929
621
2072
2806
5350
2223
4729
5405
4291
5095
3869
5677
5578
268
2622
594
2692
5756
6477
7606
7320
7092
9281
639
5253
4158
8764
2652
2188
9801
3137
1750
1762
4077
795
1440
3957
9663
67
9059
1397
1663
3259
8900
1237
8583
3903
8548
4343
6333
9779
3906
8326
8489
1346
6018
9966
3038
1268
4147
9717
9431
1677
2980
6851
6450
6040
2255
1222
2362
1963
1133
9011
4176
2642
3375
4434
8342
501
7518
4126
8867
7890
3995
1126
2361
4543
9664
1410
3840
670
9606
4404
894
7953
5562
2595
7059
2453
2504
6656
8987
7451
2998
2191
5882
8218
1673
2308
8715
260
1793
80
4980
8912
8014
119
6614
114
2550
4032
5442
2131
1416
8449
3178
6969
5117
4951
3876
8223
2822
603
8306
7931
7772
1339
1023
5505
6880
2786
7391
5486
9777
9699
6844
4624
3631
1030
1409
3329
5072
1390
662
1184
6769
1210
4727
5289
4587
9182
6227
5771
3645
2301
5517
4244
5352
4500
342
6453
2966
9867
8062
321
5386
7023
9364
8775
984
8272
8141
4589
8880
577
1134
5596
4243
4898
7812
5452
3196
5560
8884
5878
8056
8767
9896
1563
3176
8653
2093
8919
37
5763
4890
9149
4884
998
1485
1458
4993
5118
1028
5177
2419
6204
1829
3591
289
9976
9934
5075
2305
7193
8339
1654
3070
9661
4888
810
8048
4391
4908
3909
3681
3233
1546
4614
2784
3423
104
8236
4054
7557
2626
4926
5575
713
2043
1594
7670
3021
4239
1578
7671
9488
2321
2848
7589
5179
6310
6784
6050
2823
3934
972
5570
1330
2165
1308
3786
3630
9746
6115
3041
9892
9113
2203
3085
7605
6640
7119
5921
3293
7869
9531
5974
4453
7657
3944
4401
9471
1553
5030
6944
3818
103
4227
3105
8444
3728
6609
4368
7988
5152
9026
6214
2237
833
2618
9570
3456
9465
124
9419
7323
4300
354
5558
9013
1606
7201
4657
2542
216
914
7777
1444
4582
5237
5189
4616
4891
2584
5653
387
4591
9532
9159
6000
9924
8605
4672
9457
5725
4334
8284
8375
8323
8676
9752
6707
5184
7432
7877
7499
8070
5825
2458
9518
2262
3678
2549
8424
9527
7377
743
8136
1585
1383
8698
9726
7520
7040
8994
2154
8675
6422
7305
3788
9938
8061
4076
7302
6344
8551
1482
1626
52
6432
1990
8112
9314
9296
8543
2859
8993
7389
4879
2377
667
2359
4922
5283
8819
7561
4732
8701
1706
6311
3154
6797
5689
6250
7927
8706
2509
1181
4290
7692
7155
5462
8313
6328
8245
7887
8928
5035
301
6770
1966
4248
1180
4128
4622
3189
8501
6257
697
7152
9061
3749
5574
7208
8526
3557
3101
6742
8293
1294
3276
2003
83
7220
9144
4547
930
8491
1127
1784
4885
1025
5479
2174
5568
4157
2140
2667
8438
8257
8942
3207
2780
739
7017
3243
2048
3881
564
6401
2764
2291
4258
6910
1595
7575
9514
5660
5557
8914
9040
9678
9476
6183
8651
8114
809
4560
1583
3462
773
4538
9947
4762
6858
9000
3709
2560
9208
3831
6595
1287
6955
7999
9571
4837
7992
9014
288
1945
5384
1576
4161
3350
3008
8032
4256
8101
187
919
1624
8952
3952
5432
7698
8497
8472
9017
7591
8584
8212
5241
2243
3167
8571
1707
3402
240
6275
4753
2294
7835
1770
3362
5397
4493
9164
7584
2844
4869
9206
9791
2643
8416
8119
7505
3860
7838
4245
9616
5623
5051
8351
8890
8965
9927
2640
5732
8057
8365
1589
2748
9152
3967
5041
4218
6718
1215
2872
1076
8783
8976
1209
2668
5037
1705
5265
1323
8878
3976
1456
687
4524
751
6651
2498
5739
1882
6793
3358
8192
5228
9170
8782
9651
3412
5246
7066
7241
1178
8941
7162
958
58
7977
4169
4379
3706
1470
655
7364
3237
657
5220
6613
8407
8164
8729
3128
6870
3192
7602
6930
5692
5986
9505
3344
3475
4626
7983
9846
8096
8260
3134
1538
4316
165
2840
8442
3432
6581
2055
2431
5543
8015
329
942
3228
5062
469
7126
3454
6454
2691
3050
1557
8989
6597
8871
875
3363
9918
3366
5317
9107
1359
8103
127
2496
5248
3304
5935
9850
9681
7321
8417
6788
3698
2042
9418
2636
5259
9769
8481
4005
153
8160
7319
680
2685
6417
9758
3165
2713
5403
8031
2513
8264
983
2576
5538
5295
1607
5550
6408
2153
1334
6599
595
1927
6027
9507
6174
1629
7540
5249
5400
6708
9368
6579
4583
6653
976
6733
2703
1109
8445
5794
4963
3580
6052
2825
6303
7875
8735
6235
6741
3676
620
6017
3803
5922
7956
7916
6825
3177
8615
855
3634
8239
3118
9634
8248
723
3528
6913
878
5702
390
5937
6031
2464
4641
6486
6163
8392
9204
205
916
7634
3230
6897
7457
4109
4734
951
8509
9179
407
4569
8206
2708
2641
7077
8167
2813
6418
3988
7300
2767
3428
5208
5463
5356
5817
7522
9455
8423
9857
7995
29
5737
7396
5898
7405
6587
4350
3060
6695
2049
3511
7041
4105
6968
461
5392
3562
9592
1642
827
1382
1423
6515
8946
1757
9027
4761
7158
2955
966
8641
4723
9909
4406
3776
5800
1833
1471
4285
8620
9162
1726
1015
4745
2928
9808
7621
2881
1017
8691
3751
1795
7065
8166
4572
6874
9895
3190
4304
3234
8709
1285
852
9764
9482
714
4899
3846
7678
9484
7723
8106
364
9961
3449
4330
7164
8622
305
5163
1242
384
320
5339
7538
9331
8222
2803
6176
7150
4717
7862
8298
2733
7135
136
1787
9936
5047
8406
286
2282
4171
6886
8434
9153
7870
157
2011
6667
7420
8753
2428
9591
3324
2111
8193
7593
7111
1680
5859
8972
3910
8150
1671
3365
1367
6687
5998
2633
9689
6686
3045
8820
3391
6495
9006
4914
6501
3029
9848
2271
8432
4522
9489
829
8826
4932
7500
7468
9756
9847
8822
3816
8672
5046
4625
5013
8078
1282
7642
5620
3411
8591
30
7183
395
9799
9028
604
9643
2627
5588
3707
2231
3877
7358
8127
6161
7140
1324
1997
992
7430
2578
2444
4211
2902
9542
4975
9900
633
7980
5223
560
2624
925
9638
7506
1244
2755
1299
7372
3062
7178
3377
1142
2818
3000
5481
6684
7730
7905
4686
9515
9150
3574
8859
9429
4704
644
7952
2882
2947
3031
8608
5924
8190
5417
3978
8473
212
5023
3820
9905
1448
8314
7560
1909
3339
814
5319
6602
988
4446
3759
8020
8536
6938
1438
2230
5203
4472
7112
1190
3399
6139
5192
8961
6230
9860
9771
8436
4712
3042
2782
2062
5786
7501
5512
5709
8415
7
3309
4973
574
1319
8021
256
8981
6112
6103
3833
9557
8599
2900
3628
1800
6150
1088
9063
3558
5263
7895
8493
8616
5855
9286
5509
1979
4862
7446
3778
5309
9009
8132
4104
5342
7878
8594
9018
5388
7893
2491
3543
8316
7443
8685
5038
3478
9838
7324
2953
8813
300
7207
7672
7025
6885
8494
5775
2352
6138
7807
5043
7450
5429
28
7287
2781
9751
8029
2126
7385
8979
1125
6676
7831
6551
5621
7030
6982
9709
5007
5730
2135
4378
8846
7166
9957
1119
1938
6386
4010
8948
9291
4709
3602
8915
1645
4037
4969
4667
5344
1111
6007
9702
3708
7969
3213
8201
144
4553
9049
862
673
9670
7585
4338
116
1679
8652
4498
9921
2710
8080
228
4872
2719
404
7929
9823
5018
8466
2250
2655
5103
9057
2759
1473
3383
2661
9725
5014
6154
1710
9868
900
6500
9323
223
1883
4693
8689
2051
1375
5649
8949
7583
3074
7084
2476
927
8537
9493
6346
4701
2022
9666
3468
7116
8210
6304
850
986
3923
4124
8613
5149
5780
9953
264
4372
5699
9060
7696
2356
5068
4768
7379
8281
7010
4755
9102
7655
8581
8230
5727
2868
8129
846
350
3971
4593
8457
2413
6107
4490
9272
8888
1043
866
405
6202
4972
8671
6192
7114
7365
4990
5136
6593
762
7942
5201
314
2044
7260
4424
3182
4084
6744
6493
768
7580
9088
8409
1908
9470
1575
5285
2814
306
7217
1428
694
5889
6585
5280
7543
2400
3199
5803
5612
9003
2715
7339
828
7353
18
5542
5868
6675
9415
5138
3725
9362
9556
8549
5102
3640
2687
6822
6269
6867
6716
1512
3069
3422
9757
580
3509
5217
7640
5909
5593
4413
5260
2865
9290
661
5652
8573
3646
1427
5718
4817
4428
7912
8240
4939
4627
614
6059
7139
5009
7915
6177
1402
9439
6374
3483
9261
483
9050
7441
1785
3641
4205
2770
3319
4313
1751
8523
2875
6360
5109
8678
4278
5382
2166
3158
4968
1194
2775
904
6188
1992
1899
420
8028
9690
6799
7534
4331
7067
3517
2738
8023
4178
8757
1771
6739
7393
2737
6209
3921
4046
742
897
496
4725
3155
8154
2527
4986
6242
4527
9041
8173
7317
7422
4666
6622
766
1885
7024
764
9112
1640
8358
5056
6123
5523
2245
6254
6219
158
1920
8521
9543
4681
7007
3996
2385
3235
8751
4044
9369
474
2312
4023
7354
6569
1386
6567
2345
8959
8518
4369
7719
7185
700
5507
3620
4336
9409
3772
7909
8234
8151
7395
744
9475
9346
5993
9579
7123
8085
5703
4487
3464
2128
204
5372
2110
16
4298
8463
8517
9275
5789
296
1501
1622
6782
9910
2579
3075
1247
7309
4574
1240
2964
8433
5053
8638
7032
4639
1233
1075
9074
5267
8304
5907
9818
7718
6215
7727
1131
8875
835
2300
7883
6006
8780
9738
1122
2096
6808
9308
7507
9589
1289
9355
6245
451
9172
3794
817
4937
4644
5526
7973
8659
5870
3311
6416
6096
7120
9325
68
2653
2410
6837
4394
363
9822
6611
3205
7614
4857
3750
7817
4896
9747
425
716
9665
6987
9524
6228
9963
3941
4956
3335
3919
9146
4870
6094
6898
6767
923
5849
9007
1597
73
4191
6746
772
7314
6312
2440
9893
898
6434
6211
7182
5130
5984
601
498
8575
4603
2553
4713
1388
2741
1592
6142
506
2211
3281
1957
6960
9460
9406
4468
5886
5466
5099
6505
3920
8592
8490
1439
4611
5688
472
1502
2254
5040
5569
5024
322
3515
3161
3548
4894
1295
3742
9835
70
1773
5490
8909
7548
8254
6792
9148
7294
4531
1839
7340
8108
707
4251
2025
7252
9741
6531
7344
993
6605
9564
4393
5651
6854
8623
6369
4011
5830
273
5685
270
7943
632
9674
7748
9810
1110
8235
6148
3112
2217
3757
3685
9711
1304
2190
5798
8259
9894
2565
133
3202
7392
9567
3973
4035
2470
3837
3930
7647
9247
2950
2157
7204
6213
14
7993
1139
198
9495
755
8910
1959
1732
3479
339
3357
591
2611
9034
8823
3870
9366
5414
9258
5838
2368
1656
3832
1876
6108
8589
6335
1993
9064
2116
7402
6294
4542
5696
5564
8204
1717
7462
2670
9516
3568
9094
4340
3011
1601
8814
3726
9425
7842
3297
8110
3806
9273
2801
8130
668
9070
9701
1003
8163
4949
9508
4289
5721
2094
1087
6263
5567
1021
3738
9294
6414
6824
4810
7332
6287
6203
5916
3185
4618
4172
8333
253
3510
747
638
8320
8574
6509
9260
4987
8614
643
436
9052
5347
1541
2722
5124
1949
307
2008
8612
2264
8224
282
7382
302
4014
9866
688
5746
7649
6950
8312
4254
8670
8626
4310
8086
199
4219
9407
4828
6487
6625
5057
8558
8203
6598
2940
9220
6838
3623
8646
8346
1035
8957
1936
6530
3067
2820
6208
6004
369
1786
2318
1649
5484
3030
1162
5389
3307
7694
9780
8362
2836
4138
5340
672
8411
2941
8045
4617
3405
2146
6317
2910
4997
6462
1941
2222
5934
5873
397
21
1412
8836
6384
34
6678
6570
2923
9864
746
5500
9513
9189
1496
2307
6697
2108
3802
3872
2957
482
3369
9035
5655
6592
7808
8155
8156
7480
6313
4787
7524
8798
8198
9448
9183
1579
9181
4212
4502
11
1349
7121
5322
6025
9904
1845
5236
9552
6907
2864
5923
1650
2095
2920
5743
9933
4564
2078
5472
7535
1445
9742
7254
973
9635
7700
947
6119
7363
3902
871
3560
4345
6179
7250
423
8348
8280
181
6262
2894
7901
6657
677
3443
3121
5831
2386
213
9891
6991
692
8395
8746
3493
4906
7819
6341
558
5524
5962
4767
4231
5299
4883
3455
8039
5303
1193
2828
237
2709
2512
312
4389
1754
138
4567
883
6198
9642
579
7919
1734
4715
3866
9967
7770
1994
4179
6240
3260
9620
470
5469
3561
1766
8789
2000
7897
6247
2742
5884
2473
9887
2858
3809
545
392
5991
8937
3474
8125
5207
1554
137
2107
1070
3414
1574
3331
9306
108
7604
4221
3079
3540
2086
1608
432
9889
4597
1516
2425
8895
8784
5741
3109
4820
1748
3052
2598
6661
356
4202
2101
2192
1660
9805
2769
26
4101
3813
2959
3741
7053
6381
9387
1081
1265
3257
5990
3327
3618
3144
528
6813
4754
2313
7328
3791
3238
3220
7797
3987
760
2276
4079
9537
4876
1293
4782
4457
5337
6464
9243
6191
3692
3965
5875
4660
3492
4700
8720
6259
4113
6857
2582
3274
5406
3689
146
8361
3073
8035
9577
4459
4412
2689
252
8052
6817
8231
8090
1182
2943
1587
4647
332
611
3210
6922
8429
8876
8484
8077
3280
7785
4302
1525
8883
6607
4521
631
5314
2678
5836
3529
1370
5802
9456
7407
5946
2587
3349
8016
406
2505
4328
9980
8499
7644
2371
1862
6459
2824
5971
7085
1353
4749
2946
2242
8862
9630
1431
9437
6372
3829
708
7151
6945
9490
1602
6737
946
4877
5765
2215
3467
3018
1871
464
1279
5896
2018
2913
4477
690
419
8485
5304
6541
6324
8505
9576
1777
3970
4001
6199
5066
9121
3091
6299
7483
9356
7269
9816
4279
5906
5720
9617
1877
3408
8533
7682
6113
6964
8825
1207
9469
2888
6419
4874
1550
7527
4188
9322
4534
3488
5422
1964
2805
4025
9033
5121
6967
4580
5170
9732
1664
9043
6012
4051
1120
3622
1809
7015
9680
8379
7242
98
7311
7824
848
3435
1165
1513
6975
5081
8639
6488
6363
421
1251
7401
125
7186
3852
5744
5262
5630
8513
1216
7891
71
8810
291
841
5002
8839
1713
3504
444
1100
1815
2130
7780
9509
4893
2266
5183
3939
9776
2208
2592
8847
1968
4664
6217
9244
9946
6412
2845
1960
7722
6574
1620
211
6298
2679
730
2302
9388
731
3871
433
7742
3183
2635
7653
3597
1775
5080
8637
1600
7170
8195
434
5735
2492
9435
3983
5
9609
2956
4646
3425
1051
2796
4774
8010
2952
5600
3429
4985
8770
2837
4357
6388
2015
3546
4777
7782
4748
1639
2996
554
1191
1026
1903
7068
4000
8595
7200
3694
9213
9979
5877
6120
2790
303
7926
9359
2115
2099
5320
3537
4801
5371
5908
8030
1356
7582
6009
615
1425
2977
5979
6864
8920
372
5161
5790
4031
4537
7308
5060
5774
394
6869
8186
97
488
3430
4505
2057
4470
8727
728
7438
8947
4423
1098
368
106
1332
3997
1875
7004
3110
9802
7815
1940
1417
4609
376
6440
2593
1511
4931
5188
2771
3567
7188
9712
6122
3771
3157
8918
953
1481
9438
2530
3559
5521
7848
3294
8403
4576
5191
1987
12
4040
9186
9877
5298
5609
3308
2517
8050
2714
2551
4250
5234
5273
8465
2591
8576
8733
7652
9826
5628
8037
5580
7132
1716
8350
2379
8677
8278
7703
7664
6829
7225
4200
63
3374
2916
7160
7635
9214
8241
4085
3929
2571
7266
7156
5330
7866
4970
7102
1584
2623
1163
8666
9677
8534
1060
3966
4253
1803
7595
9436
7683
3701
4009
6039
2278
9800
1049
7375
5980
1147
4150
1695
3370
3173
2906
8690
8094
7419
8821
5634
6003
7180
9079
709
7617
9928
9030
1818
3264
6518
9908
3415
7663
6873
5345
7301
1044
7603
9237
9555
6435
6072
5942
1841
5296
6781
6339
1286
6362
6902
4962
9032
6724
6330
7745
1369
6943
5881
7732
5719
8728
1895
6481
6958
732
6681
5107
7851
9548
4561
8471
9762
6548
1343
6889
8311
5381
7057
6320
2852
4297
8232
4689
5415
8522
7464
1355
7130
2893
6590
9192
1311
4148
7014
6537
2363
5501
721
492
9197
336
8877
101
2370
3605
7936
7490
9796
4320
7588
7599
9001
7976
845
9434
1915
8721
9472
711
1834
6924
8547
5599
5275
1266
8356
6772
571
5279
939
7852
2523
9871
1053
6195
5541
7624
5042
1275
2987
7245
9825
6307
3267
4452
1878
8669
2493
7021
9254
2369
5284
1891
8446
5913
7579
5611
2596
834
1850
9706
7192
435
4966
2524
1919
982
8587
608
4070
4135
681
5893
3942
6881
8503
5443
5346
3459
6550
8283
9424
8219
4607
1476
6127
2283
4479
5233
6544
6849
741
9935
4759
7038
5958
684
5858
5587
8321
3683
3991
9203
2855
4164
5616
9248
7498
955
3269
9750
8804
6666
2529
8143
9487
9520
7467
5754
7734
5448
8452
9023
8124
4451
3385
2792
6249
9558
9995
2672
5579
1303
7098
5586
3815
1811
3575
874
3466
6692
824
8601
5434
48
1008
9729
8243
2485
9498
2132
7515
2528
9863
2113
2898
4463
2270
8743
4491
2343
208
123
361
9066
3049
4507
1888
7463
4246
3354
7425
1464
9496
1843
9157
6738
5348
9874
4765
4504
8238
2167
8487
3326
4643
1186
7533
645
6871
5071
9165
5821
3849
6908
929
4324
5549
6490
2439
941
4282
1314
3512
2412
8756
2134
9
463
6267
8168
8944
2052
3022
8865
2617
3229
1487
1312
6606
1241
5693
8102
9982
9855
3217
1984
4380
749
4335
5178
1449
1281
4222
7449
9412
69
513
1418
477
5897
6578
4482
107
7184
7054
9667
2080
9480
5885
2866
8860
7567
2010
88
8734
9287
8008
4797
6715
9615
4562
6911
7138
6028
9478
4030
373
8426
1628
5872
5563
6398
5164
6507
9538
5511
8938
4808
7673
4141
9830
7837
3665
162
5498
1020
3256
6134
4395
9374
1443
214
4510
6525
7148
4897
9156
4089
8399
884
4679
9607
3617
9125
5890
1797
7788
4026
2904
6648
7572
5045
1220
9111
227
7093
4910
5607
5955
2704
5401
3058
8647
5471
8624
2766
352
6919
6447
3593
3536
3333
2819
2651
9714
623
1653
7329
6100
7962
102
4323
4057
7198
5851
1274
8303
6239
6877
4082
6860
7502
9970
3302
8560
6776
9342
695
6846
9748
8725
7551
9925
7255
4042
9749
3033
3609
9114
1245
2760
377
9209
2
2601
4449
2500
2280
5494
8377
2729
7908
9421
3563
3585
2418
4133
2694
6543
4365
5764
6076
2751
3864
2538
1472
1491
6455
5026
7828
6519
6779
9045
2433
5994
6985
7716
8891
3360
2757
3675
4230
4692
3619
5341
7470
5079
1545
8287
5139
8273
9996
1929
2159
2007
5475
3416
6660
9593
7398
3482
3131
6151
4684
5530
5801
6234
7590
6452
2297
8588
1201
6032
5458
7195
3705
7002
8139
430
5036
7987
974
9658
5910
5474
9233
7946
49
9065
2525
1604
5425
9178
7471
6633
3147
1249
5864
5784
154
487
2229
9216
1065
1328
7615
856
1619
2686
309
3244
7799
5584
4181
8228
6402
7137
1503
7825
4460
6124
8249
9350
1457
9981
6073
5676
1897
5438
27
3821
1446
3445
4036
278
8126
5404
8148
3108
7756
956
7523
3141
935
2861
8068
4981
2310
1764
9939
1533
1824
3530
5807
514
8144
5353
6979
542
9755
9545
8808
5508
1723
867
9422
1161
8645
7080
5022
7959
6735
3925
2354
8396
2975
720
1354
4977
3088
9778
9587
4841
5244
3027
4832
2098
3884
2949
5883
6680
8835
3291
35
3505
6895
2567
4363
8261
7189
5799
1116
7569
2562
7668
3231
7894
5257
4206
1366
6284
9373
44
7702
7214
4348
5157
6081
7404
7536
2832
3947
55
8338
6547
9461
2897
6534
9506
607
5202
963
6411
9504
981
9781
4366
9191
6292
8700
2077
2717
7741
4554
7279
6835
9464
4758
6251
5733
4919
2984
9767
3948
5247
1175
3299
5613
8069
5876
4091
5788
1605
182
9142
7728
3263
1489
2298
9999
4095
9691
4156
5700
5976
5944
84
2064
609
9977
1905
4677
8916
4125
4718
2168
7239
8431
1200
6532
6940
3406
952
5393
8982
78
3874
9371
3682
7565
4698
5020
7571
541
944
7108
92
3961
753
6061
5668
7019
8807
552
1570
8654
1728
2403
8815
5044
3258
4815
9955
5961
8179
8268
9383
9401
8421
5214
1317
6800
5254
8378
4159
2150
2725
195
6385
6354
5245
2342
2588
1219
246
4012
111
4516
2398
2656
1778
1758
6823
7380
122
338
9952
2648
3145
9223
8556
3712
543
5731
4358
6878
650
4371
2247
5336
1522
2572
5087
5274
1610
3521
7598
3285
9228
9639
3651
3916
7273
2198
1172
9010
1560
110
6471
2199
2935
2339
1474
9122
9029
2461
8117
2621
9099
7832
2467
226
5147
408
5151
6953
346
2494
3781
9622
9137
3180
6993
8882
4514
4688
3225
2684
5368
8180
9298
3497
1955
593
1738
8869
3938
1174
6261
15
1296
8107
8585
7666
6326
3278
7249
9195
5835
1506
4806
4129
949
1009
7210
2834
6078
7906
1808
6712
2323
6916
1467
5736
2357
263
4519
7235
1571
415
7720
8969
4871
8480
2948
5076
3098
7957
6162
2839
1123
4530
3099
534
4224
8857
3053
7839
2365
9101
5168
8349
7052
9539
7403
6988
8718
1711
9644
8799
8538
2821
9828
8544
9865
2628
8301
2570
207
6973
7246
9578
5004
3197
1228
5082
6366
5218
6927
9354
1517
918
5478
9528
3671
3940
2462
1301
8950
4866
1385
9320
6936
2519
6485
1415
6589
3755
8012
807
5533
2336
4858
5819
861
4570
1202
148
4439
5531
4122
8334
8225
1058
6425
4198
774
9640
257
5423
860
1284
8092
9200
4515
9048
8401
9960
4344
7283
4259
8049
8
7555
9945
5291
8027
393
9205
2620
6628
3773
1690
6321
6446
6939
7493
4849
238
7710
3603
7268
9765
889
7871
4529
7094
5966
3570
8687
2119
9881
7968
6345
8004
7724
344
3315
1930
885
7743
2436
7626
1564
2328
1861
5852
3532
8563
1379
9919
1826
3265
4410
5950
5624
1426
1305
9376
4859
1666
2569
9372
7078
2005
5031
4642
9875
2409
1884
45
6146
6392
7847
326
5772
4680
1983
2325
1264
830
5953
5792
4794
4804
5552
447
4442
9083
2269
4663
4386
2899
5694
7417
147
4978
65
1528
3451
5879
3856
1636
3753
9761
6584
7552
495
7885
365
6556
1768
2274
113
8177
8019
9207
1203
3550
3413
1167
6861
3612
2340
4433
299
6338
8555
2221
7141
8331
7945
1633
9988
7625
8841
7408
5518
9636
5021
6560
351
7149
9624
4763
7337
5502
7641
6491
1168
4705
5856
4724
6248
9481
7011
7932
5379
2810
6336
7721
6663
5325
6380
4353
5297
9077
3135
4670
9511
5271
5000
9326
9526
3129
3993
6373
5622
5796
6026
7000
4407
6378
2411
3661
6868
5402
7472
8040
292
4265
1543
698
9759
8277
7165
2896
9025
6840
8121
1727
6756
3447
7071
5413
1537
1879
8046
283
5938
3051
8694
3090
3065
6266
4008
748
2268
7056
8655
3629
9497
5111
8307
3401
2348
3627
7521
8047
8299
6427
8553
1405
5506
5880
9441
4946
1958
2216
3437
6946
266
8089
5545
5546
3539
1662
8456
130
5407
8003
2603
9695
458
3318
347
6034
1508
996
5106
9540
7841
7237
6289
7674
2693
5437
706
9327
3621
3998
6399
3501
7228
8524
4636
6615
1329
4721
6379
3611
4173
2209
8376
9232
9442
79
1887
8830
2664
792
4913
6448
471
4741
8266
7516
540
6395
1536
3337
2147
4233
3556
8161
9669
9700
9943
6785
345
6766
7608
2430
4944
9623
7688
7650
5863
1644
2734
1500
1542
8098
2397
2391
5658
3239
2878
5307
3470
6265
877
5766
4039
2917
1079
1255
5638
9721
2711
771
6630
1962
1227
7960
4645
1566
6753
9073
4955
5085
9535
6
5148
5428
6726
5039
6996
1188
6802
7018
6545
4081
2232
9594
5048
3746
5598
1206
5618
9829
6725
5227
7913
2995
2162
5427
4193
5222
5930
2787
1326
3592
287
4108
7409
6201
7131
8851
3639
8682
5680
6904
5985
5647
5818
8629
1357
802
5156
4392
4818
7083
9139
4447
2876
5691
7685
3404
2123
7504
6054
6535
4809
9974
6931
285
8579
4508
7545
6917
8896
8577
7374
2884
7316
8649
1720
2376
1494
7686
2091
3992
5954
6066
4802
9218
8630
7224
6135
3340
555
3544
7773
1232
989
3936
4778
3494
8176
9305
210
2929
3043
999
6133
811
1195
7618
3186
7933
6340
448
7928
6160
9608
2432
8711
1567
4049
922
6295
8211
4834
7087
1623
349
1214
8504
5917
7708
7444
666
5757
4142
4996
613
4604
7238
5464
7153
77
524
1105
9913
8353
3949
9433
6364
2201
9055
2939
1540
3853
3579
357
9024
5447
454
7063
4441
3542
5430
9536
8858
7421
3904
4075
567
9551
6997
3473
8034
1192
5769
9236
254
416
7307
503
9876
2435
5740
2985
1789
8745
2284
4654
3386
844
7991
3608
9787
1378
3779
1737
4619
2241
3418
6356
6044
1052
5313
4605
9229
8227
4793
9803
2915
5686
7544
7937
41
701
8290
3673
7055
2545
3392
2292
2013
1414
3283
6942
8123
2172
7350
7810
2718
9417
5644
9420
9679
3440
5485
105
1588
6327
6758
8797
3915
2749
9745
2793
2629
806
9753
20
618
6698
5610
2225
8325
8133
5952
8461
2723
985
3361
9790
3912
311
1096
9888
2799
6089
5019
4318
9716
619
2586
4293
8018
991
6557
3436
6128
6352
232
9560
4121
7172
7709
5132
729
1924
3826
4362
4525
90
2097
2816
4117
5684
8205
2991
7562
2422
2213
2144
7834
1273
9466
4860
6768
6037
5378
7798
3394
9529
9601
8762
9348
2716
6406
9662
9242
4518
8693
4795
473
4252
9517
515
3322
5988
4520
7465
8011
9656
9451
9811
1103
6153
3373
2676
5626
8147
573
5333
8137
8907
1743
4145
9785
1364
6700
659
9321
4779
3066
7950
625
1530
5903
5391
4851
6831
3295
7601
1549
9444
4195
2508
5842
799
1068
6644
184
3859
6912
8455
6976
7844
1523
2181
8703
3754
9986
9257
520
5615
5174
836
6169
7221
6702
2961
4803
8707
6833
175
2750
424
6499
5006
7146
3825
1860
6185
298
5571
6777
6141
8980
7738
1657
606
7265
2758
4658
559
1609
7181
6775
4120
6390
9047
3153
7312
4976
3490
870
8345
3887
8292
231
6168
5902
8636
203
9631
7258
7411
1073
6662
7295
7435
7127
1187
4950
7218
6157
4492
808
7820
7179
736
4813
7526
6764
5713
7669
6962
8643
2731
5826
1059
920
2337
8667
47
2891
2420
1890
2085
4100
3763
7453
8502
6984
6896
581
4134
4402
7455
6068
1401
8940
3359
3553
1951
7115
4376
1736
583
3927
3737
2659
9491
895
8894
1441
5663
9127
9852
1702
8854
582
2401
1902
9502
6019
9851
2350
9971
2754
9861
112
6893
1798
3804
5088
6350
7675
832
4486
8074
660
3655
6626
2815
7529
3005
1348
8971
7167
3142
3850
3691
3009
2448
2614
5059
5965
8991
5992
6604
8872
6947
6049
7223
7187
2006
2366
9269
5837
2382
8178
3922
145
8400
4792
1403
9078
4868
9081
5150
6155
4166
3448
4019
3249
5420
7707
7944
9650
3198
5843
7629
9840
7366
903
3828
2053
3221
2460
5131
5125
7352
9002
2387
1524
6220
4192
3215
2809
5642
5832
678
348
8174
5812
5366
1362
7556
6097
4162
995
9561
429
7026
1055
1816
921
1435
8440
6965
2973
3224
32
3262
9190
8420
5708
9133
3596
93
3838
8664
3003
6305
640
6371
646
1150
5977
281
5925
3305
3819
5166
4668
6855
5687
2933
7990
5097
7096
8359
6949
6646
5358
445
7117
3054
2434
4438
7154
8335
7371
3554
556
6588
6711
710
1107
3055
5963
8233
6332
2193
6642
8366
7643
5266
1124
3072
6456
5468
5565
3169
4992
4936
1085
9978
1637
294
9377
2658
3407
6638
1490
3672
8985
4811
2161
6189
6186
6948
8739
255
7616
5748
1699
7190
6056
8656
460
1820
584
9917
3271
2555
8483
8852
2206
8956
4261
6845
896
8412
9916
5090
1267
5841
4028
4853
6696
6827
9912
381
4341
8964
7764
5355
1137
7920
7275
295
759
6238
3748
2877
1667
6441
6271
1668
1442
2303
2931
1911
3393
5449
5328
6022
9458
1170
2151
1027
8951
4921
7994
5005
2227
1791
9087
9972
4602
5645
8459
5110
967
438
4210
6347
1269
9687
3395
6415
9736
7101
160
2478
1078
4073
215
5144
6319
1840
8680
656
5029
7212
8288
1749
8182
5196
9245
2563
6178
4018
2585
7898
4697
4848
3485
7306
5264
7568
8066
2954
4575
8308
2114
663
9358
2026
2937
6172
9719
2843
5433
863
7632
7477
7863
4436
4601
2540
6575
5782
1277
4738
8286
3095
1258
85
4671
8153
4548
5576
189
2244
1615
4821
5049
2402
2073
5193
7633
9241
4387
1944
192
5359
2117
909
2075
2649
9733
9792
4103
6243
1831
960
6909
5871
3034
1288
1006
7489
7222
8802
9883
3894
4469
7039
1099
5457
3713
2608
4375
8607
7651
702
4364
7803
3801
7600
8748
5959
7859
5497
9815
8383
6672
9062
8275
3962
5003
9398
2924
4052
4555
1721
7879
5669
8557
2389
9522
8159
1753
3491
6291
1858
6276
99
8506
6745
7695
1683
8324
2451
4711
3420
9171
3547
7095
6062
9817
7558
3208
6221
8833
7045
7345
2127
8295
7697
1870
3132
5785
915
7159
323
5465
5589
9671
2499
5182
5199
5678
8848
1712
8794
3424
3610
7452
7356
2399
7886
4746
4319
8695
1230
8578
9842
2040
1556
3875
1483
6277
7917
6639
1900
793
2390
9611
2058
1691
9586
81
3879
4055
3064
7107
6929
6098
6872
2304
4440
8535
1917
790
328
964
669
403
7818
5566
7705
9021
9295
5592
8419
117
166
6966
4511
1408
7868
1231
193
1782
1468
8075
2747
6549
881
7248
6110
375
3253
3589
7954
179
3312
7492
5943
4556
9309
7458
7064
402
9574
6286
2700
4303
6748
9227
1341
8732
3590
3626
3722
9837
9263
5268
1682
5717
7648
3381
6616
5243
9869
8149
1625
3841
6437
8567
2817
4416
7573
2396
1395
2547
3508
4943
484
2141
7171
8752
8385
6167
9492
562
9992
9278
3345
109
1659
2293
3762
2194
2426
6182
6102
442
4038
280
9378
6439
6694
9334
22
8741
2739
6750
2756
2372
8131
1928
9188
7125
6850
8488
7809
8604
5811
9163
1995
2381
5185
7243
8648
75
7227
4347
6649
4733
4923
6260
6090
5408
2945
8006
2903
5162
2263
1805
9613
8527
7376
1581
5664
654
7495
1532
5919
8183
7577
1956
7161
5069
4234
6921
6413
568
2619
8470
6461
8158
6273
2063
3004
297
1918
7547
9343
9657
9569
4257
3980
6140
6521
4241
242
9414
1082
6281
5453
8088
8692
2068
8255
7209
544
9299
95
7089
9673
5970
1392
8322
1056
4927
6603
5949
5860
4422
6496
7972
4455
8373
51
3538
6683
4118
4071
634
7278
6591
1985
441
1755
1916
6814
5028
455
805
917
7553
1154
9710
3181
7194
7348
9740
3300
961
9219
5867
3214
6989
8791
3040
2334
9987
888
5269
1856
8486
7299
4816
5206
4947
9344
8713
5410
9428
6899
5383
3664
3017
5729
9628
8828
1042
7079
4736
893
3695
4471
4003
7795
7549
7566
3897
6136
9692
9906
5608
4186
1925
842
6229
4399
598
868
4131
2568
4881
8408
8374
4217
3025
5755
7474
7134
4586
2838
7794
2185
5155
5015
4830
1991
3891
2615
2682
9965
6717
1847
7384
6070
1
3518
9307
1761
1204
5025
3684
3796
5806
892
4201
6170
2556
2170
1632
6232
777
335
4649
1505
1024
2182
5476
626
197
719
5987
8977
4209
1658
1603
705
6915
7627
4006
3015
5308
5834
9969
2001
46
7872
9973
9862
7442
4743
5377
6624
8619
510
2883
2009
2083
4329
6145
5123
4631
8771
7881
4086
6558
8189
96
8146
171
2156
3431
1484
8384
2510
3469
5582
9584
248
7827
2481
9284
7758
7918
449
8413
4702
4065
183
2886
8580
4845
3273
7865
2329
8773
5292
4730
704
566
4864
6834
1224
4405
1121
3911
1937
8603
2960
9585
6218
100
1217
647
4184
5409
6024
140
9985
3674
8806
7888
6270
7386
490
6673
2429
4904
4247
6795
4155
2696
4784
8606
7907
3019
6542
8781
3769
4420
5674
5064
4292
8247
7902
5324
8602
3768
2490
5823
8430
1547
2483
6080
7142
2798
8216
1986
4882
5451
5171
9138
64
4900
2541
1684
3787
7955
5230
3549
7086
8289
9534
1453
4119
5165
4920
8319
4483
8881
8370
4443
4959
1544
4309
4151
2919
7826
8252
9391
8861
5116
1016
3463
8531
164
9143
398
8318
4467
6926
6995
9898
5540
120
865
3513
671
4327
9774
129
735
1259
789
6472
121
2580
3917
383
1270
8899
8892
8565
2351
2874
6538
1859
6816
2495
551
8755
691
2256
8844
7759
2404
8747
7597
8405
5306
2794
4461
1469
7680
6529
8244
4915
6465
5061
2295
7033
7667
3143
2727
9405
6905
7326
873
787
907
9128
1792
7034
8683
6498
2317
3010
9902
7659
310
4948
2774
6225
4707
1250
3159
6759
5127
2070
3032
775
5104
7517
7001
7610
781
8005
173
7873
8414
7903
2145
3080
3104
8984
8175
7654
2573
5321
8978
170
831
2963
9797
7274
8067
7469
1325
5431
6730
7383
7310
522
1048
3195
7037
3564
5100
8642
1199
6918
6836
5679
6809
6689
6862
9324
509
9783
1939
4153
8886
5967
8512
1703
8554
396
5978
5742
685
4536
699
8302
3203
7484
2330
3398
8515
7786
4665
5656
3703
7525
5905
6314
4208
6403
8913
6863
3236
7144
8492
56
9224
4588
8113
6029
7176
9944
8542
8962
1590
3989
4911
5734
1912
3506
2887
8731
8043
6272
9215
5091
1913
2224
6586
1982
1857
7900
3895
475
1696
8134
3551
7586
1229
2468
6882
5768
6879
2076
2088
2322
8371
6734
5722
8500
6001
1978
2287
265
9187
3928
313
5820
3139
987
7046
6357
2654
1999
1039
6149
2740
2605
9042
8059
4836
3785
9931
6087
38
2736
5996
2171
4773
1498
9525
5519
5477
4850
9858
7830
508
4154
1261
4577
2993
3899
6706
5145
4096
926
957
4068
7532
9119
8340
6674
8593
161
9849
7231
934
5460
3898
5302
8165
481
4197
3954
589
6065
2487
7109
4954
1497
379
2854
7658
3669
5581
8856
7923
1934
8793
1064
4295
2666
8282
3937
8519
8454
7821
4111
8462
8081
5487
6497
5595
1211
2169
7390
9300
1486
8250
7793
5997
8568
4381
1790
1171
3323
1569
6423
5256
5752
6300
6085
3434
3013
6512
1572
8817
3288
5294
8181
3289
3578
9443
1488
1752
8805
9445
1874
5941
6200
5129
5221
2912
9989
7251
3084
6583
9684
2911
8138
6375
9271
3465
8686
8402
5577
6807
6409
8187
8347
337
6099
4938
9890
5597
385
3023
9581
7051
750
9618
7173
4708
1177
3774
8072
2594
1760
9357
9479
2210
549
4072
1527
3643
521
6088
9951
4653
3007
5326
3745
7594
1907
6387
9735
6883
7496
5119
804
6841
7075
4781
2712
5412
1420
5673
6998
1591
975
66
6478
6645
5636
1005
4168
7911
2324
6023
6888
3765
1358
5094
2296
6334
4634
682
779
9512
9132
3653
1687
3087
7761
9463
2133
6302
8111
5316
9760
2847
9036
9854
570
5750
4512
4284
7744
4699
9283
4454
7163
6806
6555
3241
1731
8722
8157
9724
8541
4720
3126
4791
5354
7494
9499
3888
1701
5911
5779
7822
3946
9477
5639
3861
4415
8885
4185
9880
5343
6106
150
2630
4566
7704
9403
525
9660
6489
2849
7855
1931
4069
636
9222
4349
3036
3854
1071
4430
4215
5777
822
757
2634
9831
9739
516
2808
6126
380
5603
530
245
4182
7003
2380
758
4409
9381
2236
1515
7013
7508
331
5338
9610
7058
3325
4462
8196
8065
2408
5335
3979
1819
8355
2031
9994
3387
1774
7197
8294
3959
3384
7892
9384
5112
4594
6791
36
7029
6069
3433
6760
9184
7823
1704
2474
6670
9082
4563
5032
2279
2514
3945
3964
9022
8908
1846
1108
7373
6994
4827
4494
4414
7965
6288
6963
5659
7473
3926
2609
7257
9426
9311
5270
5293
1967
8609
293
9161
8632
2463
786
2669
4826
3677
6722
3136
8038
531
3200
3092
3739
4276
169
8453
7099
6077
9449
6514
2934
1599
8479
7434
3026
2870
409
6368
462
9503
7062
3924
9092
6236
6258
7802
8963
849
2469
6233
5632
8887
6283
6396
1433
7336
6121
1612
5654
9005
4550
60
4237
1072
8087
7899
1806
5387
5888
4114
3127
5446
1837
7576
9297
225
7711
1368
4662
1521
5114
7284
8530
5375
599
6443
2405
9238
8410
7762
7737
5614
9116
3811
7394
5813
6222
4606
3120
2289
3168
4123
3089
4747
2265
2647
3808
8714
8640
486
7949
4059
3647
9069
1093
9075
9453
1725
3743
194
4776
2367
9698
4229
1802
1153
4488
4400
2079
5643
5141
4916
8171
2090
5175
3388
4337
190
8903
8934
489
8704
1310
7466
7971
6331
1014
7454
4080
7100
7036
8099
7554
4024
3836
5960
8738
7801
374
557
3656
8427
1678
89
5605
7925
4403
2914
2559
6884
6337
1836
1291
2515
798
1475
7970
6957
8091
7833
1893
1302
4751
6771
2879
1814
156
1698
7637
1634
2602
1593
6193
3633
6815
2544
1661
7447
4819
2969
4613
2158
1338
3047
3798
7196
1886
5745
7874
9302
2526
1921
3107
7351
5011
3461
7370
8736
8051
7313
151
6428
4825
7656
4965
152
2378
2207
9151
8467
2160
4448
7261
4786
6701
1033
1665
5572
7478
3905
8329
8723
6231
1118
6894
6071
5212
1694
4143
6296
2228
3969
8109
4953
4974
6705
5554
7767
9264
9766
6502
8441
4517
9632
9093
9467
7997
5204
5108
8496
2830
5073
1146
3822
519
1652
3956
3896
76
413
3232
7415
9168
6762
2027
5120
6821
1400
8439
3824
9940
6892
54
2765
2071
9106
1413
1534
3140
9693
2889
2054
6727
359
3679
3847
3292
9140
3908
3890
2616
6180
8246
353
6467
1169
5360
2646
6743
3001
5933
2486
1140
6137
279
5470
2639
5939
7378
5758
1851
4445
8759
5527
5940
7811
6359
2589
6620
8387
3981
2447
6643
5395
826
5844
9872
3496
2922
1477
4506
2533
5787
3
5675
4110
6008
4621
261
6190
6723
563
6528
5173
5083
5154
1407
9897
7843
5671
6699
6301
9174
5482
5074
9234
2546
7276
2521
8458
9454
1298
4843
8790
9399
9105
3792
1406
733
5444
5209
5146
155
1132
518
4495
3889
8970
9485
3219
3082
3711
7796
9843
7263
9697
3999
1765
3503
3727
9015
2645
2777
371
6554
2214
2789
4152
6421
4497
5239
9285
1257
1953
3076
7581
5394
9806
8418
443
2516
2019
6315
4558
912
9310
247
6564
9929
7381
3171
1977
1562
7436
4045
3100
8478
4905
569
1034
8812
2319
9392
5865
4909
2829
3172
4301
8724
3835
3584
1156
9226
8561
2183
7177
839
4694
5311
2260
1189
6751
2155
209
2152
3502
6571
3670
5315
6562
9131
10
7331
4189
7934
5894
6765
785
7400
7619
7070
6469
5513
2039
4770
1948
7512
9494
9841
2990
3266
8482
6466
2466
7028
5561
8508
4308
7072
3170
3489
5973
4311
4475
6323
6084
4674
7445
3343
8921
6914
7105
4579
1763
1010
3164
4532
3541
1001
7325
2374
1729
8999
4132
9080
9553
3766
2532
4541
6175
4833
3382
9486
3868
6316
8443
9319
4925
4041
7628
1972
2257
8955
7687
7423
8093
2465
8208
233
4094
5301
5510
931
426
3638
979
9053
3614
5726
6132
7519
7662
3103
5305
40
6206
7846
4728
2235
3950
7216
7546
8737
6130
858
5901
6755
5374
9413
3583
2583
7027
6105
2251
2148
6473
7169
6612
1404
9958
7612
2927
9646
6152
4509
8621
5135
3572
2482
5529
6546
7753
9389
7792
7233
1000
3747
191
3206
9201
2384
7790
5361
1873
4766
9292
5445
2531
4875
9647
8447
6036
8185
9361
1514
5783
4501
6370
6631
4425
6460
4268
2930
3316
7620
163
6109
6101
9293
4539
2089
4388
4612
4726
9956
3733
3507
533
2275
1804
3061
6524
5390
8390
9907
4637
2732
5891
6533
9427
2909
4710
5086
7681
4269
2797
1504
6773
5712
4321
5665
9836
1996
1212
4002
3193
9256
1988
7022
4783
8796
592
936
1307
9600
9240
9998
6906
236
19
9566
2455
7333
128
1685
1969
4016
9193
2705
3783
7774
3637
3632
2610
1810
7347
7775
3113
304
7609
7487
7904
3246
5133
4544
2407
8337
3397
7985
4260
3035
5186
9772
5602
2503
3883
8924
6847
8954
3471
8958
2037
629
3601
7622
2258
7175
4034
9447
8696
2908
1360
1943
2558
8988
8633
3332
4831
5553
6479
3133
7244
4235
7717
4523
7967
5810
2196
9211
8172
1950
1046
3352
910
6042
7136
3341
8451
4568
7264
2034
6925
5672
4764
3057
2388
7481
8391
504
8120
9124
6463
7864
7413
6819
1923
4333
612
3356
1340
6367
3569
4661
2427
2507
2631
7476
8381
2607
1613
7806
1436
2880
3545
7247
8009
8237
6937
5633
7935
7368
8688
2665
4835
3573
7281
139
5931
2761
9882
587
9126
7229
8849
3020
3932
7097
3719
726
1822
8801
4464
6832
5793
8372
2125
4267
9123
8528
8726
4432
9395
5591
8904
5795
8758
7530
7259
9997
6197
9173
6688
8953
8705
788
3194
185
9870
924
8545
1387
5899
536
5520
2038
1598
2680
8809
9596
5753
3500
507
4496
9038
959
3756
7789
2395
499
2730
8763
8832
8657
8267
7303
3600
9737
290
6627
8058
6559
712
6852
820
8845
8922
754
178
33
3784
6790
3179
6749
3885
7031
6658
740
890
6934
4390
2299
6956
2246
6655
3351
1462
3642
7853
1158
7861
8631
7277
3317
6632
9683
7016
6786
6285
3842
1492
6830
4361
980
5357
9120
8774
8221
9031
9959
7735
5113
388
308
8116
2333
5098
8344
9154
9246
9008
1300
8879
6474
3901
816
6165
5640
3690
1947
1452
6166
9118
8697
1697
4167
5351
6011
8719
767
2036
8079
8837
8795
1246
1807
5255
2197
4535
752
4356
5839
8354
2860
1730
1309
3174
1235
4785
2773
7550
2186
7360
1700
3472
4346
7296
3188
8083
7510
548
9937
186
1145
5515
8209
1221
9315
2041
8450
7330
8152
9641
4299
6442
2454
2890
1744
2842
3006
3410
9411
3396
3696
3652
8967
4312
2437
4466
4484
1855
9812
1932
2189
8330
8552
3306
4277
8665
8681
5683
3607
6582
4220
4294
9580
1283
5240
7322
1376
1083
8926
9728
3376
9370
1234
1465
825
4907
2695
9720
1735
4983
9117
7646
1344
9044
4431
7783
4633
4377
840
2724
7426
847
3400
5759
2259
91
7947
1580
1881
3068
3086
6451
597
2082
1036
5362
5373
9230
7726
7765
9713
9821
3535
4655
2179
6021
5426
6278
1638
1389
994
527
8779
414
1823
5456
4585
5981
1455
6429
4598
818
1084
4752
6671
6747
5089
9559
2835
7884
7290
5001
5648
4017
3892
1136
5760
4236
4238
4274
2240
6014
9221
8270
9793
7367
2625
7701
7939
5096
5594
8309
6669
8191
13
6475
1670
9993
3450
8398
1318
948
686
9590
8263
9627
7922
9954
4855
2121
8831
7191
3968
4165
4656
9614
1641
876
241
174
1772
3056
9147
8042
3487
6710
2452
2309
4895
9339
8627
4571
5724
1067
2014
649
3245
4719
9885
1337
9521
538
4061
4714
3114
4573
3328
262
5874
2180
3346
2060
3635
5707
1321
8213
4083
6665
8036
4632
7234
5945
5948
9621
665
7964
5122
1391
6978
1779
4565
1693
2331
4844
4149
9602
7286
887
6306
6763
6393
675
8960
3123
4596
4007
9707
5332
7427
410
2459
3764
3122
9335
9386
6959
5815
7564
5473
219
3666
1933
1776
9056
3516
1432
9844
3616
1548
6720
1239
2802
2315
2674
2762
1692
1922
9568
3211
8927
5947
5461
9058
6480
2364
928
5814
4306
1582
7763
3780
906
258
6796
6693
8328
2277
7998
9367
6205
5822
1892
4867
4788
6246
2326
2028
8905
4673
3624
3523
4952
9340
6181
2024
2200
222
9782
2597
1422
2785
4351
6798
1041
1611
6977
1898
1104
6389
7677
4994
9483
7280
7047
1627
8352
4935
3953
4683
7979
