3992
4341
8471
5495
5171
5732
5482
1845
548
4288
7480
4304
8838
6857
2479
2278
7970
6677
4379
2288
7816
1620
808
8391
6666
5879
2353
7303
8347
3491
4237
1223
6971
2069
1325
3049
4557
8453
2086
6782
6950
5191
7137
6905
9853
4955
134
7804
8455
1666
884
7454
5348
914
1414
1890
7331
6232
3396
1249
6846
6132
6592
4612
8919
1673
342
7266
1640
729
9525
4383
8575
3895
5885
3325
9808
4063
1294
660
7786
5843
2007
7000
971
3361
7048
7192
4849
1362
184
8148
3906
5987
1069
9858
7552
6462
4225
1729
433
71
5237
3483
1488
7867
1864
9812
1010
6719
7549
3789
2138
412
7386
882
5173
6844
5447
5377
7261
4728
7840
3613
289
1399
2430
6276
8863
7711
100
4744
7647
9981
1598
9074
9740
127
2813
9688
4408
7524
8024
4726
7460
2257
6517
7226
4762
5978
7936
8086
834
2285
8037
2950
4284
5467
7569
2431
3907
9170
5089
7289
8805
5461
2513
3565
1263
3295
487
9908
9829
3908
1751
9034
7468
7407
8135
8017
5060
8248
7720
7955
4640
6509
6
2608
6202
7906
8487
2581
2723
1355
9098
1818
8327
3398
4356
4595
3204
1317
334
5579
8916
2966
656
4500
1988
3175
842
4604
9720
4810
7227
8562
511
1023
4105
7832
3772
3441
1041
5352
8417
3108
9986
9262
2078
9500
6900
7858
8082
1938
9768
4376
7820
1068
5041
2024
6710
3748
4910
5871
9347
3316
7157
3279
7922
3723
222
1176
489
1369
6124
3037
2370
5473
2714
898
6832
5000
4881
8608
8116
1536
4850
4426
9545
293
684
5350
5612
9146
4497
3606
3925
6515
6283
2673
6315
8271
9699
2153
921
8873
7461
7956
6532
8376
9781
4445
2639
3186
2406
2217
6862
9486
7286
1774
611
2598
4313
5917
516
2410
3070
5305
2551
2360
3938
6725
7070
8408
6951
4156
4900
4683
2916
2700
4392
7827
5531
6628
3815
1804
2931
7940
8493
2569
9405
9203
1887
452
1711
2804
20
6842
9658
4211
3496
1119
3016
1408
8844
5877
6253
4031
5667
9143
3807
2258
8319
8998
2335
3700
6831
8910
5084
6207
6026
192
1113
5375
4670
9796
3079
8372
514
5540
6799
7986
5253
2423
6838
4479
875
8432
1742
5924
8265
5408
2018
5294
6216
9784
9786
5658
4465
9168
3111
2660
6513
3385
2404
6061
4909
4032
1848
585
5786
9735
853
9680
3724
2342
963
5722
8022
174
2321
3626
4253
7856
1384
6590
945
7322
7520
5803
8597
6020
5462
4467
678
5906
9410
7239
5513
3494
7971
7128
7320
2607
7278
9037
3675
2568
7564
427
1237
9991
933
4496
5930
8506
4769
7349
687
3147
5301
3500
5379
730
7671
550
683
1039
2646
3380
478
7257
1526
889
7298
9734
2149
8670
2481
8172
1756
7434
6798
9450
1358
3701
6879
1067
3066
1920
4532
7773
7697
6539
4627
224
3408
6398
4300
4010
1843
122
9471
5416
8132
4663
1147
8918
6742
9388
1557
1627
991
9971
7090
1703
9229
1888
3138
1421
5517
3281
6091
6105
9317
6654
4699
8479
8395
9764
7335
6017
2061
8297
1538
5223
8358
7097
7787
3917
7352
4433
8568
5204
6686
2577
7602
7231
2756
6156
5423
2248
8162
34
4868
5227
8792
6299
5218
4646
6701
6255
3038
5523
7359
1129
6620
5933
9691
2445
5160
2484
6855
4294
4325
1630
9134
8057
9528
8886
7104
9080
3460
424
4673
2800
6771
8260
9
9393
4567
3099
2437
7898
4574
2049
5622
4589
1022
2329
5263
8687
9530
7586
3072
7457
2502
3263
4919
143
8119
8462
7446
551
8324
5007
8450
5259
547
5105
9272
6030
4809
7935
41
3384
7243
6079
8999
9924
8241
290
6166
266
8369
5902
721
4176
6247
2116
9701
5181
9730
2067
7311
8254
4267
4648
2894
2245
7625
5184
6957
6485
1086
1606
9873
4062
7656
9400
7714
6634
6589
6730
9520
4863
4161
402
7568
3704
1434
6297
1605
7822
5701
7646
197
939
9847
62
5344
9713
13
5638
5454
5107
9772
2473
7853
3585
2720
7960
2833
83
243
8377
4252
3368
1935
2319
2237
9942
5574
6138
7811
8084
2967
1967
3306
3889
9056
9600
8468
6059
8855
4872
4349
5665
8933
9814
5293
8527
3024
6611
1859
6527
9210
1094
2206
9289
2076
1031
5055
5411
6886
6537
666
1565
9026
1792
973
3125
7975
1754
9559
9783
4221
3152
6816
1925
3303
460
3935
479
720
8077
1346
734
6443
3173
8835
3838
4550
8403
8192
7683
7047
3832
8457
7834
3083
9159
748
8985
9155
490
3440
7992
3461
7300
4177
907
1305
7603
743
9826
8200
4582
6420
4343
8593
8644
8948
7544
8945
6795
7052
2402
7361
9418
6434
3273
5164
95
1770
5409
6088
3702
5200
5326
7017
4449
60
3443
9840
4556
7985
5729
5584
7587
3498
372
5707
864
5794
1372
6214
1892
69
4308
7600
3703
1893
3654
8866
9603
7799
316
2464
4175
7337
3631
9832
3042
4410
3404
8622
3110
9172
7120
5094
3742
8472
3416
6054
7284
6579
5753
494
5811
2901
303
5699
7380
1380
2919
627
384
4845
4913
9440
577
4414
5268
1473
2600
9972
4345
702
8312
118
2636
8551
4245
7256
1788
1465
5717
1059
8912
9150
9999
3280
6642
6729
284
6758
2268
4050
6195
7476
681
1709
2515
2255
8039
6144
7448
6273
9696
6807
7843
2269
5635
7642
2763
6196
8311
5196
8490
2485
2037
213
3438
6916
7870
7341
4037
8379
2371
7402
7429
240
3563
1858
905
6610
3447
857
6625
7473
7389
8156
8304
4667
9635
7170
8626
7001
4104
3729
4609
5011
4232
7351
4257
7850
8518
5597
9864
4614
5374
7631
6854
5839
3954
3676
1443
2234
7622
5187
5133
7355
6239
8281
7959
2525
8451
3720
291
7304
652
6347
91
4394
4446
3427
8096
9960
5514
9006
5512
7295
3230
7557
9533
7826
3426
1291
9166
2057
7989
2211
3391
5083
5142
4364
1823
3577
1917
3791
7464
8381
6029
1813
7908
620
2009
2762
5252
7123
5153
4848
9374
7249
4395
7105
5025
6384
9859
9065
6769
7528
7706
8565
3023
4539
7685
5680
1265
6859
4853
4899
3143
5236
9424
1698
248
9984
9807
4088
7512
8338
4841
5099
5876
6375
8378
413
9145
7392
6085
7884
7911
906
3422
3536
7172
3433
3583
7788
6160
6812
9079
7046
2520
3918
1653
5900
3405
560
6123
5324
3998
606
6925
8772
3090
1335
9102
3950
5734
4203
9416
5575
2168
8826
3522
3169
7509
9249
3549
8723
1406
9060
2774
3234
6179
6213
5159
2582
4287
3050
4586
4018
5913
9597
86
3208
5883
9869
4832
1712
2045
9645
9243
4727
4142
6724
8428
965
6766
5360
1379
7624
8760
5256
7490
4546
9340
2478
2125
2896
2654
3855
8824
9648
3452
406
7798
1047
4228
6921
7614
9523
2760
5414
4632
521
4911
2548
819
5633
6707
742
8355
2459
5796
2764
9401
2865
6152
4816
569
397
3523
8299
7328
9165
1807
2737
251
4201
2366
1285
970
4374
5040
2388
4461
4959
3547
3555
5815
4523
8040
9124
8184
6869
2927
3639
6614
6688
8268
6109
3039
1171
221
3492
3713
6699
1318
6943
9319
2014
1220
4204
8405
3737
67
4003
8269
8581
1276
4144
5106
1256
1058
2776
4431
4178
6185
3991
4520
8384
1354
5798
9876
5163
5964
8624
4702
5621
739
7141
3294
7727
5765
2385
4027
7057
2550
446
986
6351
2467
3777
6775
5537
6000
6990
7009
2533
6929
7945
4976
1378
6533
8497
235
2030
4635
718
2868
9075
1273
5721
8784
9462
8740
7573
9457
9542
339
9009
8870
3435
486
6667
2451
1529
2902
9254
1996
2193
4693
6439
3946
9018
8803
287
7896
4893
2772
314
4008
9614
9722
5896
1303
9640
8952
7200
2803
4948
4540
9233
2603
5347
6733
1439
4096
7134
187
8561
2952
6248
185
2745
4973
8020
6460
9839
4152
3078
3164
75
4831
94
3374
2156
8385
6187
8857
3167
767
728
8567
1334
8208
807
2073
9379
8537
8204
2280
3269
9429
5458
1570
3706
8145
5071
4782
6197
9454
3911
3622
6967
3254
2837
9298
8610
7682
7075
9455
3736
3519
8
2208
2466
677
1977
2420
2183
648
193
2773
3941
7999
2898
300
8512
84
7931
2845
4804
1979
173
854
9375
2775
4227
4650
8767
5916
9878
2965
5685
5788
8012
4314
1230
2596
1870
3743
4387
5698
1481
7237
4271
7436
736
1999
1900
212
6630
4792
5046
7466
3196
9333
796
5640
4488
663
2935
6616
5489
4835
2702
6499
7988
3296
7500
6062
5564
4241
2210
154
3792
4821
7761
8881
1524
56
9738
8016
1017
6037
9296
2230
2832
3745
8249
2034
8389
2351
6287
7987
4090
4545
2742
8000
2522
1351
3274
1924
5719
4583
530
3649
7620
6077
4695
18
1359
37
4611
7129
4777
2120
828
6860
2114
1315
159
8649
4070
7907
1926
7190
5303
5068
5553
7016
3423
5195
5215
1868
8951
8746
1083
2847
4132
3142
80
6789
9754
5288
7218
3021
4355
4342
4334
4622
4958
2124
7831
3304
5975
7551
9639
2059
4506
5844
7572
1522
7918
4741
7015
9422
8412
5639
9253
1150
3372
1881
4186
9693
6183
7944
6454
24
7672
319
4894
9852
4793
3696
3527
4413
3951
4158
570
782
8214
5606
7818
1664
5963
6432
8157
109
4914
9969
4344
8652
1582
4437
8326
2503
2299
5972
6467
3607
190
2005
6212
9187
8978
2135
8812
5596
7420
520
2836
5056
1930
9114
6601
5595
6850
3881
4352
8654
7757
788
2310
9088
1131
523
9921
9671
9714
9915
9946
2994
4535
9356
1525
8211
5429
9428
8664
817
2132
8896
436
5934
8401
8448
8386
5250
6538
7299
2788
2244
8520
7913
6145
762
6089
8058
5490
7835
6126
2579
9282
9683
6407
4128
580
5979
3750
700
5053
5264
6414
1038
7475
7964
4281
5321
6754
1895
5363
6609
6332
4301
7980
4
4405
163
2470
1667
8556
642
6833
9218
6558
8962
1940
6635
1583
7838
6073
3599
3781
5451
7748
5581
7864
778
6421
3708
909
6541
1296
1521
3057
3864
9785
36
5543
3238
5328
8890
7113
5345
5623
8932
3989
3420
6169
9261
7263
6652
5325
6994
8645
4469
3624
8115
3785
5455
4947
5021
3227
1718
178
1871
9558
8693
5932
4084
3509
6104
2350
3985
2769
9092
8205
5787
5561
345
195
2848
5109
6640
1169
1726
5536
2678
5897
8752
7130
4674
7666
9058
616
8360
1377
6888
1458
1208
9437
8708
2455
4044
8736
3069
2843
9571
6254
46
9919
4466
6821
10
8026
7314
4420
6215
7438
3636
614
9747
761
6110
7639
5648
9144
8778
7653
1175
9509
6153
9217
1645
4743
8541
7485
3659
5881
4937
715
7281
9391
2926
9212
7617
4273
6493
8004
8841
198
6161
4733
6587
8773
3338
1091
8296
4091
8139
7916
6385
8236
9987
7851
5103
5477
9957
5511
7662
1087
1527
3997
3780
7078
966
6763
88
4043
8025
152
1693
8621
5488
6813
6343
2140
9327
9215
1043
8440
8756
1343
3794
6937
5573
9760
2250
7902
8924
4697
980
9036
630
4796
9963
6345
1625
9363
4530
1298
9120
5001
1139
4075
6542
7277
5960
2690
5733
5239
592
830
9585
4505
5371
2872
6706
7163
8630
5797
8259
4378
6487
8065
3793
5703
8941
8911
8492
3627
5486
4089
6031
6976
6895
8188
706
5333
6912
1619
3689
6734
9448
6070
8931
1658
7844
1610
6615
2249
7609
1418
2944
6875
8884
6417
7233
9951
6122
4854
5652
421
6721
1516
4701
9045
3214
2918
3034
7417
1164
711
2418
2604
4428
533
8100
1333
7872
771
1448
3928
4064
3040
5156
7238
2584
8407
2787
9742
6638
3107
7772
2689
7421
5819
8557
5631
1382
4756
8064
453
9766
7591
1262
4501
9979
8514
9982
7216
5821
3707
3637
5491
3487
3406
8365
9630
1201
8921
1375
3812
7877
265
8475
2002
6231
4279
2259
320
6312
5754
2328
1603
3553
3219
7339
7758
5485
3297
7007
4991
8830
6629
7156
7450
4057
5760
4306
4169
7101
4651
1691
7093
2046
6230
1030
9736
3358
155
4715
318
6393
2891
5112
5407
8974
8742
4566
6781
1168
5144
9256
8975
5216
4580
1643
4360
5028
2435
2151
6898
3969
641
628
9574
608
7133
5346
733
5506
1689
6270
6111
3995
848
8330
9771
4961
5304
9198
4339
7449
4470
888
5478
6570
936
7742
401
3181
7333
9698
5624
2731
285
5800
9131
7715
1520
8035
5245
3084
7147
12
2144
7312
5730
3854
8397
2750
275
5901
373
6893
7735
9421
3425
4390
6471
2996
5496
5468
4015
5158
9103
6567
4146
3604
1814
4475
3646
3927
1490
5493
7045
2659
9949
4471
4884
4042
6094
9211
6723
2048
7151
2415
7054
5299
1511
6040
9463
462
6337
1192
8620
4340
8986
632
7736
3961
7724
5441
7139
7274
6849
6815
1510
8615
3393
5123
6944
4602
7324
4992
5257
8443
8779
5757
7363
1902
1462
6840
4735
1280
4953
6244
6746
3342
1994
8186
9171
9554
7315
8461
8332
705
5372
1624
2220
6978
2981
4972
7599
3749
7293
2326
613
647
9043
3432
8215
1863
2765
4755
7210
7118
7565
1213
5661
5179
1299
8762
539
247
9042
5357
7441
45
1001
7027
9331
309
579
5233
3163
7043
776
1590
2164
2026
4721
9920
1707
3252
6995
8580
2102
7886
2710
1515
1388
2806
229
910
9423
3571
6908
6945
6373
2134
8149
1475
2925
2127
2139
9227
9223
8940
7951
2379
4115
2911
8420
5220
6856
7422
2519
6100
7442
1686
892
2557
5683
2752
9301
6032
5198
3590
7676
1799
2819
1016
3401
7809
2717
6219
8085
3428
6568
7583
4477
5446
2364
9762
1014
3544
6992
7087
6292
6006
2174
9989
6078
9634
876
4644
6300
7254
5367
9304
2104
9681
261
1166
7357
1073
7534
1099
9039
9975
3271
8956
9281
1470
6596
7158
8917
1853
1114
6819
3860
2542
8350
3546
4590
5410
764
8571
9417
8791
6543
2190
7362
5552
6778
5744
633
6067
5165
9805
4371
7991
255
1261
593
1197
4988
5507
5687
7204
512
1551
8730
2089
8632
6602
2620
3575
4233
6372
4751
3614
8689
3567
8038
1874
7042
5838
972
3377
6786
2913
8478
4487
7250
9568
8821
1575
9302
4224
9586
2938
4527
860
3044
8387
6705
5921
1390
1450
5097
8731
3853
9931
9575
3813
8343
8303
8244
8538
9466
4375
5704
5893
3776
2645
7890
6015
9389
858
6237
6658
1941
1433
4348
2816
3795
9712
9376
7374
2593
1992
883
710
4760
151
4261
9724
4285
8977
4244
418
8524
5832
5279
4642
1190
6966
9398
2587
5947
9664
5538
674
9279
9387
2661
4391
2733
7555
408
5337
6872
8666
9004
8737
4552
5368
6694
7952
9031
4200
787
5874
7182
7803
3712
3265
5807
8529
5894
1487
8011
162
6092
6483
4249
3388
2580
9795
6246
4754
1780
2823
2223
6258
2092
6087
4954
3715
2892
8770
1867
8914
8837
63
7345
3705
4242
7201
6555
1710
5150
244
9502
8831
915
3844
3114
7983
9622
5583
2401
8320
9003
1922
9008
2200
4689
2231
4291
4326
5627
3436
2008
6286
829
4783
8628
9867
7456
5831
5349
6883
9551
6259
3352
9353
7508
4366
2789
2662
2292
7025
7002
3484
6773
3220
1255
1781
9868
9473
670
8333
5818
643
7024
4977
5152
899
4922
7260
1971
4182
450
4440
8325
2795
9493
9628
9844
9449
9567
1760
5066
1654
5671
6503
2683
8646
7855
3833
7949
3419
5659
2433
5172
1793
8727
3944
7559
9690
1561
6263
7650
8684
5771
5434
23
9433
5783
2739
4768
3081
8349
1229
9277
9686
6529
1541
2316
9436
1431
8943
2850
3617
2241
3437
7582
254
7455
3383
9024
3634
507
3300
6593
3332
2573
1805
1052
156
4794
7334
7596
6836
8817
389
532
713
635
3224
8583
8154
4761
2695
1049
249
54
8232
1307
9460
7775
2591
9250
459
269
9789
3226
9926
4915
2227
6335
2969
381
5359
925
6177
8822
5521
3893
1808
1559
9485
6575
823
4787
3284
2824
9185
4073
1410
8503
3556
9569
3630
5850
4861
7413
9001
104
4025
9517
1550
8466
5098
6595
4155
1402
5354
8885
8534
7387
9672
3710
5544
870
6430
6014
931
2340
5955
4772
7728
4980
7883
3180
3619
3629
953
3146
1338
1946
1980
2290
1205
3880
3870
9543
6445
1102
5378
1762
5662
1188
9495
7028
8042
211
8328
1866
7347
1937
9035
9910
6458
7288
5617
1020
1601
1267
5358
9767
6102
3450
7371
121
3013
2817
2344
7213
2791
5096
3725
7784
603
7258
3115
3458
3541
11
6809
4256
9071
7598
3242
3082
8806
5740
1100
4286
5082
1160
2023
426
5004
6380
146
8380
2363
7382
2226
2172
4887
1692
9773
4867
4779
6665
9273
7029
2647
3315
7554
4554
3786
2675
3077
3200
5578
2235
6897
3666
6468
8976
7203
9158
9810
6369
5389
1077
7452
7969
3313
4676
1862
9290
9710
1812
7722
2928
7332
1556
325
2071
5519
2780
4969
5283
7976
8075
7848
799
7267
301
1212
124
1962
5030
9787
1232
5522
1210
6502
4490
8367
3692
7305
7640
4836
2747
1076
5983
2163
304
7626
7780
1469
7350
9162
4229
3001
518
1111
419
3804
7710
1403
6182
210
4061
8755
2348
6704
3691
8861
7861
1486
3135
1961
9033
7179
6435
4012
423
3255
6845
8134
4087
3852
90
2053
2755
7125
3326
5922
8522
4643
5720
7013
2839
919
5509
6127
6497
3956
4365
7634
4940
6802
3839
7805
2857
6143
8827
8897
7946
7561
2521
4628
1021
8739
766
1546
2025
3929
58
1958
7356
1330
5201
9280
1306
6486
3094
4814
1300
3760
2625
9983
1029
2482
2213
4865
1170
4917
6740
4974
4668
4764
6329
9755
361
5384
867
9122
5898
5989
4095
1186
9321
5088
3116
7430
9966
901
5856
5935
8276
1231
8239
6004
1025
8894
5425
9779
4873
7660
3651
3250
2324
5980
5067
3205
1357
5065
2494
5121
5793
6225
1117
8774
8661
3299
9594
1835
3145
8313
2187
793
4548
379
4464
7348
2403
3600
9667
9386
9813
9954
5892
8909
904
2514
2886
6536
1840
4194
4994
3739
8243
1116
1595
1028
4662
6362
5601
2997
1757
4690
7095
6495
3256
9083
8981
7411
7741
4930
5483
120
4274
590
1407
3085
6155
3999
2633
1744
1121
7484
9378
9328
8051
8757
337
1162
553
8247
5448
114
9539
4113
8606
7152
8699
4739
6036
3333
1700
2500
9744
9887
8808
4458
6739
8930
5577
8528
562
7140
1323
336
9824
9138
7863
1342
9918
8317
8714
5637
1810
7584
7810
4337
7593
4024
8765
8814
4397
6206
3821
1674
598
6526
2224
1680
7444
1986
6475
5580
6577
4231
1496
7486
422
3473
9228
6660
4857
3469
5459
6400
282
123
2495
8449
6583
5430
9288
6469
5289
4560
5759
2186
203
2382
6643
5432
96
1240
6571
161
2907
3036
3429
626
3942
1177
1405
2060
6647
3266
6217
6374
7954
5888
8486
1763
2289
2098
3195
7153
5356
2463
7871
2708
4576
5735
6623
7064
8323
7383
5614
9373
7630
4116
5554
8671
2173
2074
3717
8719
9497
5677
3657
6588
1801
7433
2536
1713
6477
5364
3943
1425
142
5438
9995
9351
1474
2957
7745
1373
9770
3399
4181
2389
2632
5944
9330
9704
270
3974
895
1990
3595
2359
9366
435
6072
1370
8274
4753
7036
3510
3102
786
9476
3194
9531
5382
8549
9481
1366
2794
7253
1939
5956
8298
1677
5936
5779
1322
3133
3515
394
9871
6691
2368
1715
6793
9047
4298
7755
179
1395
3566
8494
6242
5668
295
1912
5689
8439
8122
3197
3087
9623
169
1079
3877
960
8517
4827
455
457
8238
8598
4427
3520
3828
157
5872
8240
6051
572
4724
5739
8587
8972
1095
2505
8345
2052
7318
5026
2970
2743
6582
8103
6441
1441
1978
8639
7221
5641
1670
43
7499
5038
1593
9985
8436
3518
2160
5710
1460
5126
5498
600
9604
9110
3728
5069
2955
8712
3818
3093
8467
5170
5736
3822
8717
1897
5322
6928
440
9488
1725
7126
5013
259
6382
8643
9341
7932
7857
3198
2051
2524
4935
6914
5841
3193
7813
2189
5545
9247
9182
367
7269
8098
3559
8282
5959
5851
7208
7950
3357
2691
535
6516
9841
8667
9339
8166
7947
7180
3987
2932
1772
6586
2562
264
940
6456
1000
8495
6981
3879
1886
3506
2300
1247
4759
8203
7491
1860
531
9741
1569
9560
5829
4686
8578
1963
2204
3581
575
2998
4817
5075
5887
6391
6262
9361
7165
7962
3684
2643
359
132
1705
6546
8044
2202
5620
7393
3982
9849
7941
7222
8482
3955
9112
1233
1257
3009
1675
3660
7644
4871
6641
7924
7211
3937
9139
4866
8614
2812
4645
9621
1112
8404
6597
9184
8118
2943
5018
7505
4480
4714
6404
9959
4498
1461
8410
599
2546
4971
3356
341
3476
4019
9652
5285
8591
4000
4332
6304
4591
2655
6427
703
35
2256
8053
7541
3218
9642
4100
1519
5500
1755
7597
1494
5185
1454
5873
7367
3642
9082
6757
8811
2798
995
657
935
6018
6899
2242
6927
9411
4998
407
1424
8444
3602
3865
9707
4578
9937
2570
1387
2682
5967
8833
9407
7516
1316
8982
3763
6120
2680
1497
1154
3930
1956
7458
8301
5229
6201
1580
3008
4039
42
1344
2983
8231
8938
3756
2029
4254
5755
6431
4418
4712
2572
3699
2953
3757
1292
2671
7103
4016
5655
3562
7117
1363
6438
2284
2727
5235
3635
7914
1282
4124
967
4570
5417
1272
5010
160
3747
1548
9660
6291
1765
8183
9490
6645
3805
4080
6524
1161
8577
447
1970
1948
2914
3262
7793
8876
9015
4415
8738
237
8815
2796
949
5190
9292
2214
6268
1104
4329
3540
8809
8029
1571
607
7145
8877
5203
6693
6884
7255
9753
1573
3134
6184
5692
7842
6115
8686
2302
5428
7801
7594
8340
2744
191
4842
1331
3709
8623
3900
1498
9633
6112
5376
8293
4802
5567
7377
890
6790
6151
745
4984
3931
9976
7127
6804
7159
9192
9360
1126
6424
8847
8111
3841
4789
6148
8751
1614
6528
7435
5593
8955
8213
4926
9526
8949
4236
731
6969
691
8511
3771
1278
8937
4368
6377
928
6192
1204
7903
7894
8342
4956
2434
752
8795
6617
4432
4065
8728
8829
8066
5541
7053
1568
8887
8781
8963
4784
773
8153
5422
5835
5946
1246
6814
6711
7740
8996
4883
7414
1678
3754
3521
3203
8832
4696
5238
2940
6788
719
5031
8579
557
2240
9875
7705
5073
5273
6208
2497
9117
2264
9426
2777
432
308
2879
759
7905
8147
1787
4708
8091
5445
5100
9790
8771
6071
2672
9537
9566
1696
9958
9199
9916
6851
1945
7471
2176
313
4807
4798
1050
3933
2159
1828
5969
9799
4803
942
929
6679
5518
707
5516
5387
8099
9703
6074
5086
141
3548
7146
2347
3162
7447
7749
4633
9461
1896
8504
9626
3464
4047
6199
9445
9928
8195
1313
9695
2246
6448
6044
8206
3301
4046
3511
4041
6874
3327
5211
8334
554
9352
5308
9718
346
2472
2265
9952
9197
4978
6926
3890
5310
6090
2178
2179
3829
3223
8070
9582
2782
2961
9415
820
4202
4076
8865
5302
503
6294
9803
1923
2408
7698
4396
2616
4247
7044
8083
5918
3665
5182
2783
5886
9238
2443
1873
5232
6157
2080
7604
2440
757
1953
6863
3661
3101
9213
754
1422
4957
8721
7099
750
5613
4641
2185
4190
591
3165
8950
3346
182
6964
6352
9748
3976
7878
131
6612
8289
7963
693
5205
8250
6714
3059
4862
8465
7443
2198
4657
3030
8694
5691
9447
1824
9063
3468
9267
8961
7085
1037
362
4035
9780
7790
3478
6463
204
7031
481
5557
7248
7004
5284
4654
5450
8703
821
7041
5589
1371
6101
7943
2480
252
8061
2537
365
2630
791
5711
7224
5826
8828
1108
4302
8744
4492
3206
1789
5169
2615
4703
4700
7611
1984
2438
2099
2922
6639
932
1103
2558
2861
5475
5484
8146
1482
2486
1386
5487
4131
4995
2560
4217
9484
527
6947
2618
4139
3012
3850
9164
1530
4323
4317
6121
3764
3292
6383
5849
8308
1931
934
3349
3462
6188
3535
8521
7369
194
667
6765
1554
2974
4130
9872
7739
2652
4033
8685
1042
1723
4311
3455
5183
6168
2391
3397
7513
6820
4880
2383
7136
2809
44
9190
5824
5443
111
2713
5188
3738
6603
3155
8177
8454
8971
2942
556
2512
4292
7585
5875
1019
5366
6949
298
6084
2518
3967
8663
4748
3309
8207
927
8124
3574
676
4143
5335
5611
4555
1356
3697
4987
1732
5276
9606
5390
4430
6713
312
2031
9651
3863
4220
2877
2064
2449
4823
7904
1027
116
1165
2426
3329
4982
7187
5808
9380
8546
5822
5548
7725
8679
9655
3872
232
4454
3192
2065
5291
7330
8992
1457
7746
6545
7511
1252
3022
1459
3980
7648
5143
3959
6632
5481
9438
8604
3136
725
1872
5632
9129
2148
508
6479
9332
2694
726
9657
8264
3215
9269
3755
5812
5766
903
2679
3698
4002
8590
4318
2947
2980
2006
6983
9706
8422
6328
7879
6162
9857
3561
1790
4522
3803
4952
2131
4932
8609
8382
4347
8143
1227
8688
5080
1056
9189
7040
2909
7058
879
8705
4150
8137
1730
8574
3525
2709
7796
5777
7719
6484
3026
2644
3336
9396
2266
8516
1509
2196
9743
9477
5926
2194
2225
4307
7901
7378
3620
9945
5737
2461
5255
2871
3156
5809
6265
3957
7888
4944
7657
3693
6761
1251
8400
6608
9137
709
3305
6560
6552
28
7360
8807
992
7649
4528
1254
896
3744
5020
5825
6021
1861
3063
6572
3819
3914
1374
340
5424
4585
3741
4138
3524
5605
172
3095
9096
1008
621
2534
472
9276
2797
8073
2588
1513
7498
9900
9014
3993
8351
1826
344
3983
6561
6241
1471
9439
5307
2450
6298
7829
1072
1455
2166
7774
4989
7504
8088
4517
8095
8725
4159
32
2614
9119
3875
7651
9444
1722
7823
7503
5802
2930
7167
9242
6359
7998
8843
6358
7307
8990
727
7681
9650
1846
1987
8569
2441
2063
2252
2835
52
6982
9061
5618
3981
582
4605
6108
2541
564
9007
6649
5528
3545
3560
6748
7766
106
610
4626
6055
2339
7196
4943
3337
8464
9590
2681
2862
5566
3552
9368
2367
4263
5381
6672
7292
5953
3679
3871
5231
3501
5125
4353
50
1968
7558
7195
8356
1203
5645
5148
3334
138
9510
835
8734
1198
5019
1026
7063
4905
9729
2085
8224
6829
5016
9383
6113
1218
8611
6853
3973
8290
1035
4226
2688
5092
841
6107
2113
9709
1193
3758
4621
9085
1909
8994
496
2712
1591
5222
7121
4908
8747
8489
7570
5119
9021
4147
2732
6039
133
4051
5393
3003
3225
5565
9776
5361
4363
8108
5586
8199
2143
6301
4825
571
1592
4898
9209
4283
6440
8515
66
4269
6685
2111
1743
8635
7750
6243
544
6173
3512
6975
2254
7665
9818
6095
4222
2276
2629
4067
7776
9451
5213
9801
5742
5199
3814
7240
1959
9349
2294
8683
1574
2182
893
9258
6671
9933
2751
5862
5341
230
8545
3505
8856
2545
5670
5039
7806
4268
2161
6562
5146
1973
6956
4020
7839
9917
4359
664
838
2421
8979
1415
6811
7122
7533
370
6488
1214
3664
8523
9504
1048
7868
2044
2286
7560
6437
3593
7753
7927
3410
5074
3586
9524
9632
16
326
7144
6938
7329
9612
2428
1562
4869
4166
2517
4054
8780
3485
4357
8665
4521
3412
328
8539
6027
9475
9761
9666
2609
2462
3268
4485
9284
5012
5982
6131
6218
9670
3000
5061
9550
646
5988
9637
2066
4265
948
497
3610
2696
377
4460
4121
638
6803
1803
9147
6190
6915
9113
6279
3343
1641
6692
5656
9608
8409
8155
4824
1838
363
480
7478
3543
5022
9344
3533
3277
7592
9232
2012
3324
9446
9087
2699
2704
6146
6296
6987
9334
3409
5912
9040
7071
6209
1753
9313
386
3122
6491
5827
6636
669
5309
7767
4416
5192
3123
8054
2253
2668
8653
7734
3060
8997
4094
1997
7628
5752
7841
9977
9435
2155
5047
2456
8393
7535
2460
9791
8617
2828
9316
65
2516
5603
125
8718
6676
1118
4338
2728
7669
8647
1495
7548
7795
9941
5610
9865
1348
7023
7539
9746
4752
7111
3680
2341
3213
1851
2779
2506
5050
5682
5194
7021
3032
1289
1672
8902
8474
6890
3960
6191
2150
1206
8925
358
6189
5931
7416
3732
9116
9595
2118
7692
4434
2267
9643
4118
7366
863
8279
6226
9953
4106
5940
7162
4519
2311
6086
2686
9066
4638
3489
4058
8018
5267
4429
6904
7061
1589
355
3598
1759
1669
6924
1683
6750
3767
1528
4685
85
1109
2499
1585
2346
4367
6236
4213
7762
4870
9251
4561
2949
1829
7481
2332
7030
3596
813
7680
1032
485
9584
2100
378
3516
8595
5244
7321
6970
8867
4320
4979
9512
9073
505
9434
2407
6285
9178
961
694
4085
9866
6726
5880
4997
2003
1277
6130
3312
2826
8431
3466
4119
6974
8216
5520
2908
5837
5137
9050
2287
3824
128
1004
4135
8364
6344
6203
2409
981
2556
4970
245
6338
6514
1608
9029
5556
3784
3896
2786
4812
6931
9287
6313
7251
7404
2627
4457
9241
4206
6913
9677
3623
4573
267
3027
9142
9303
8316
605
1416
9064
6548
622
2070
3892
1636
4191
615
6461
3837
7060
1140
4734
9619
4749
6800
6747
9913
8302
5650
806
2355
3632
5456
2334
7641
2083
2042
9293
8618
983
3286
5122
2830
6933
5418
7010
3840
2984
3569
9665
7082
5024
4732
8375
3351
3004
1933
785
1576
4299
171
2491
5867
6779
3241
8072
2001
2417
1618
1650
9355
5085
849
5751
8819
658
1159
964
4678
8227
6569
7100
833
976
1518
7342
1064
3711
1905
6321
6806
3202
3846
7316
8473
7623
3686
1451
7833
1623
8469
6864
9072
9167
3759
6066
2216
5801
1222
6519
2207
4126
2528
5433
3858
335
1138
3041
2272
9248
2056
8710
2617
5460
1785
5847
7074
1444
9830
3733
5311
5032
3288
2749
5248
9069
5870
1837
4187
8669
4723
6442
6288
2703
2313
8553
3117
2972
4509
7814
9911
7069
1152
3538
8786
376
415
5675
4960
302
9905
9115
8530
1716
9511
3648
4056
3905
7419
165
8423
8655
952
9601
1071
2115
7207
7957
1093
1964
5630
2317
3407
8198
444
7514
862
3055
3157
7424
263
4137
167
4170
6211
4579
3096
3207
1332
8463
8559
3718
8353
9491
39
4620
5270
9135
2365
1245
8987
3645
4218
4493
5559
8277
3762
7370
8266
5741
5951
9101
594
9480
7571
3010
8090
4929
6715
3644
5014
5480
9507
1540
989
2165
6096
6103
7670
292
202
565
2575
4404
2941
3495
7939
8242
2238
6999
1134
8425
98
3275
2
4536
4330
7426
2638
3641
7993
8892
9186
396
2554
3779
451
8045
1688
7467
442
7014
7926
9717
2767
2016
566
4757
1637
8970
7716
388
7440
6896
982
2330
3283
81
8411
1995
2400
8768
2314
5749
8033
9470
2977
2810
5576
811
8189
5681
5957
9456
3479
3243
3658
885
662
5525
4450
3217
7629
3916
6605
2915
6125
2626
804
3514
5306
8707
5077
9938
1453
6835
7470
9377
2488
6114
8212
9638
3897
1228
8092
2831
9329
1196
5057
9649
6311
2274
9412
4616
7574
9769
5369
5206
6293
4173
3770
5678
2903
5994
3431
3972
3017
8383
7731
7618
2215
4942
4026
3237
6425
1943
4876
8695
4951
8001
8882
3270
6540
8573
3467
815
8005
792
6170
9827
7279
7094
3104
1908
6952
2827
3731
317
6716
5636
2887
9414
1006
6780
1437
5383
3578
2152
8816
5547
6180
2722
1463
2674
2547
8879
347
9711
7751
5034
1936
8783
9076
998
227
467
7086
400
9576
9225
9964
1849
4297
79
2390
411
3486
5401
4778
4179
8447
1432
7092
937
8633
5332
8552
1932
634
8942
2841
9425
6962
1189
4902
4725
5224
9506
2394
2352
7899
8582
8640
1084
5948
4456
4452
4053
6422
2885
6917
7276
3685
2084
8130
8732
9372
9222
4637
4851
7482
3456
1880
5962
1135
3031
639
8603
7562
7543
4017
297
7081
8178
6823
3869
528
3912
3121
3189
1466
7792
3278
1918
3276
7637
8168
5984
7232
9099
601
4022
4205
9046
6865
1353
6007
484
7474
7770
1364
4945
996
3035
215
4656
2595
3158
1656
64
8851
2586
4148
5569
2529
6525
6808
2946
8697
2490
5177
3809
2112
4276
3857
9399
8713
6282
2945
2549
7765
3363
4077
2589
6082
7807
4774
668
836
1854
4515
4393
6968
1684
5919
4069
8050
8637
1942
8418
242
9820
8922
3589
6559
541
5399
3126
3843
9239
5320
9881
1297
2432
3340
9093
353
8300
2576
2844
3683
5419
3886
8959
2122
3168
5225
6186
872
5899
7346
6013
4615
7132
2641
3293
8845
107
9195
6906
751
7693
470
3137
5884
5762
364
6738
8782
8842
8601
563
9579
6210
4581
3859
5437
5813
851
4165
5427
4716
1012
350
3448
1983
8966
2414
2766
8322
4682
671
9320
6753
6099
1558
6718
3229
5708
8413
6165
7217
40
8234
4092
7206
3730
1226
8105
624
6280
8196
9126
837
3064
9556
2457
1951
1833
5503
1651
7581
1878
8612
8554
9202
7764
7869
4499
2458
2937
3761
2677
5117
1741
7398
1493
3529
4495
8202
2964
8607
1771
6644
5463
6274
9687
8846
296
5527
9291
1690
4438
6008
9821
6395
8292
5764
4109
463
7115
5599
6882
2477
8874
8794
439
3531
3359
1253
3687
9833
8958
5996
1456
1777
5298
6423
6465
2880
6825
1504
4409
2601
3144
701
3285
1350
4114
1195
2142
6221
4968
3071
765
1347
984
5970
2201
9010
6134
2962
2077
2229
4846
6047
7214
5986
4133
8068
3714
4592
6550
5772
5653
3446
5247
9708
8352
8790
1241
2768
1929
5140
5864
3421
2493
1786
1053
4425
2273
5750
2958
4925
6622
9384
2331
8915
2043
1376
6386
8766
6354
6973
8434
6544
9392
6238
4608
9027
3922
2361
7242
4508
214
9654
8682
9793
5351
5090
6717
3221
6056
877
2531
4066
3971
9659
7702
3990
8287
6606
2613
3932
6547
5005
2811
4799
2821
6682
4786
7302
1875
9130
1024
8201
352
1146
1720
1002
740
7768
9835
645
9345
4907
2873
188
9030
3584
1404
9362
7958
2032
6709
1758
8820
8414
1329
8306
7119
8818
5258
3019
5168
1989
2559
1202
6489
8459
6129
5768
5791
2948
1679
7738
183
6418
417
8059
2735
1274
4563
1910
7184
4358
5990
7273
859
4736
3827
4888
7532
7663
8141
5436
5927
5706
1501
1960
2345
5395
3210
1178
7579
9468
3570
9788
524
6919
281
1750
1635
5453
3131
8668
8336
3673
4906
8875
1731
331
5907
6948
9104
6496
5993
2184
5421
7275
5272
9739
4447
8525
4543
181
1602
5282
3847
4607
1626
6777
3201
7323
9838
2369
4289
7150
5904
5275
6376
1018
3682
7678
5709
2685
8430
1236
2444
6016
7542
4192
1914
2454
1919
3253
6894
9312
6310
1699
717
8600
3502
5266
6308
7160
4193
1260
4613
8570
130
8920
5905
6272
6346
5634
1137
7073
9183
8923
1484
3594
7553
6306
5323
2306
2884
8071
1003
7595
7791
781
7893
4892
4921
2571
8991
3503
7143
1514
7418
8007
8180
33
8442
7193
4369
4350
4055
5420
5571
9514
1243
8658
5127
679
7066
1088
4705
3360
3411
5114
3588
4571
5651
5853
1944
4153
429
7368
7477
6684
5770
3662
7375
8194
4924
3086
9602
3459
9127
6530
5834
2019
4710
7953
3103
6342
3046
3633
9307
73
5217
5262
7423
4731
5008
822
7849
4722
5625
3921
2141
7310
3480
9540
3463
545
4382
4117
6830
25
9109
4442
2322
4916
7919
5895
4215
5415
5472
7437
655
6275
7938
7022
9156
2105
3353
9765
4606
3919
4312
839
3308
5504
2436
8711
1398
5330
8563
661
7778
6839
4040
1124
2054
3499
3554
8126
8032
9564
4664
3867
1947
4877
321
3811
4290
9169
956
6961
7327
8228
4198
8222
2649
7726
1040
2119
9662
2004
4719
3291
9573
6986
6881
5878
8456
9091
8121
2375
9678
7966
4531
2338
6920
99
617
7183
3768
3258
2293
573
9759
8437
1034
1141
8261
1798
8123
2468
5810
5469
1847
4399
6673
8133
798
8895
5221
7432
333
3052
6137
1301
9845
6348
4758
110
2993
6136
2333
2050
2842
7887
1046
990
7202
5132
4691
6600
3621
4516
6991
619
1816
2917
387
9125
6922
1341
6472
9224
3386
6453
3344
4765
2888
8898
9371
6744
922
5027
9778
149
9020
8908
383
7699
343
6060
7135
9904
1809
3307
9536
6009
8225
57
7977
7161
2509
4262
8662
9731
4140
844
4934
5505
4860
6457
7712
4243
8733
2606
9836
1478
3127
583
3310
7439
4565
5076
7039
3335
3170
3043
9503
3054
6394
7972
6482
9692
5118
8245
5961
6918
2725
847
8929
2663
546
9842
1856
6172
1340
2538
1480
7546
6828
680
4981
629
9404
1852
3339
2373
445
6050
1531
8678
9797
4489
1483
9534
749
7033
7862
1066
2721
9206
6728
4597
1506
7406
5799
1250
9032
8878
493
7821
4207
7781
8903
9577
5499
3322
4494
6473
6065
8840
4800
8967
3073
3062
8399
4448
21
2103
2933
1327
6942
6233
2705
9306
5539
5295
8136
8944
2442
4666
8602
8006
9394
4127
1523
168
9469
7035
9089
47
1549
4270
8825
1869
7102
9432
5865
7517
1694
5316
3994
3149
4912
7379
8427
4102
499
8769
7859
6963
7068
8488
5842
8505
8158
4729
6319
5615
9077
5135
5976
2697
6080
8544
517
5139
7483
3290
6594
7177
6772
9855
9880
552
1244
902
17
832
7410
8883
2854
207
2298
2251
1476
8715
4852
9527
7707
1110
2781
2093
6627
273
2822
9286
465
8182
4074
6506
5529
2452
4681
1258
8691
9350
8117
1831
5070
3952
6535
1396
9627
6436
1321
7895
82
5051
4455
2642
2564
3350
3551
306
3926
4713
9901
3605
8745
9057
8140
8899
4672
8373
574
6387
1517
8043
5457
3222
9591
6512
9070
9653
6267
7930
9498
9220
70
2893
6222
5048
1564
4766
1581
8406
8421
6411
3816
2883
6891
6810
250
6523
9702
1149
609
1080
5654
3539
1145
8390
6870
1224
466
8169
7912
3150
2109
74
6320
3076
708
9715
6985
2565
8185
6847
7301
7089
5081
8542
1659
8263
4079
515
9297
3364
8280
2021
9395
9811
5781
9990
6397
2158
5515
5269
7388
9860
8021
2852
1295
9893
5727
6852
8988
3798
4060
886
7501
4584
8315
7885
1383
640
2990
8321
1507
4196
4212
9617
924
3341
4901
5464
2377
6309
5526
6402
196
3671
2419
277
8460
4830
9245
1314
5340
6668
3172
8508
137
8619
1577
7743
170
1904
9700
2818
650
5444
5530
3885
6683
2154
8129
2825
5130
5660
2261
4634
3148
4542
7686
2137
8477
5868
5176
3092
8081
690
737
1701
2218
6646
3876
8419
1302
3454
6403
4617
8392
9022
3232
7704
4122
2718
8498
5748
393
6670
1844
7607
3106
3726
880
5431
7580
7403
257
2167
9521
278
6116
7661
9549
6817
6564
9721
223
637
5949
7308
7489
3298
2698
6752
7109
4680
9326
5608
8441
8588
7815
4435
3910
9988
59
294
7563
6048
7390
4949
8223
7032
5101
1891
7020
4474
4188
8415
8872
186
7338
8159
8907
1492
5840
9055
1969
3800
1903
9968
8002
6703
5290
2015
6824
6205
5756
3025
3934
8307
4518
777
6998
4309
5690
7769
7400
1717
3790
1090
2011
2716
4036
1586
136
6580
2567
9939
2397
6669
9605
1477
8741
8969
7996
2653
1436
5110
6390
6508
6003
9111
349
6674
506
9685
2474
8127
7142
9944
9572
9861
7396
865
8869
4384
4692
4083
7282
5784
1045
7701
8672
4649
1957
1764
1724
5280
1074
8052
7635
6755
3378
3735
6295
5406
2471
6958
7910
5212
587
8983
4098
5334
6736
5226
6005
7982
5042
9777
3958
9240
5141
3945
818
913
7529
5405
5
1207
9200
9925
3909
974
9474
8237
7230
2088
8164
775
3638
5738
3825
103
9123
8013
8722
226
744
843
1615
9806
4985
1633
597
4183
803
9728
3788
3884
6980
3481
7789
9515
6910
6034
1661
7638
994
2623
8934
9997
1419
9973
3246
7659
6722
7688
2129
8187
72
2897
3904
4059
8093
2277
5342
5312
3801
685
7967
9489
30
4875
1133
9819
2619
5219
68
7191
7225
923
5669
2648
5124
8677
704
5045
2748
5823
2180
4125
5889
3151
7612
5858
2192
2805
8041
6200
9697
1882
8275
2412
1200
9563
7828
1264
409
8984
4534
5939
5435
2062
7451
7709
2951
5315
1952
8761
5572
950
258
6158
3615
9194
6551
4864
8233
1092
6501
5029
6633
5714
2399
5866
9967
5549
7495
6334
6409
4223
9318
1663
4483
536
4923
6553
951
4572
5228
8796
3445
260
5728
449
5775
8657
874
448
8305
5261
3248
2447
977
6953
2856
5035
87
4038
8109
3787
8063
7294
4476
5629
3891
2539
1702
6511
6848
3319
7942
5373
6837
9936
189
723
636
4630
2301
774
4030
461
3564
1628
9562
6149
5017
4400
9266
1841
6756
5609
9552
810
1584
770
8110
6656
3669
2307
756
6774
6621
3752
2033
5242
1542
5674
3923
9132
9100
2583
5974
9565
3105
5646
7198
4336
8763
5155
8850
9270
5977
6159
5145
2815
105
2082
784
6303
4541
712
840
2068
5769
2028
9854
8023
5162
3235
6042
8314
2281
4623
7317
8062
4412
987
5684
5062
529
4939
7948
1981
9763
9442
9843
1447
1153
504
9993
360
1288
6791
735
7223
9105
338
2191
6510
495
208
8142
7510
5555
2790
9592
286
3260
1965
9923
4600
7616
6581
5923
8191
5846
3603
9260
6720
4481
2975
491
1120
4553
9492
2291
7613
3331
5992
3773
8989
8701
9205
5207
3245
5108
5234
1572
6892
236
3434
3211
8801
3390
6651
3124
4569
1791
3797
5551
4740
4568
8483
3672
2876
7929
9611
1393
414
475
6022
7874
7259
4904
568
714
2233
9221
6223
1033
4819
7808
177
6388
4795
6133
3244
4770
653
7080
4149
8858
1215
7606
6193
2469
8596
2808
6341
7696
688
5925
8702
8210
2814
6350
3014
9636
1123
3171
3920
525
4167
6712
1044
1015
5782
4129
6566
6576
912
6277
2275
4230
2954
7825
866
6751
602
1385
1662
6935
102
1242
3677
1096
7694
1631
9397
9501
5965
5501
3154
9955
8010
4011
7283
3557
2263
7268
1429
1180
9408
3053
8354
8165
4381
3953
8484
6901
97
6405
4136
4021
4503
1719
2107
1339
4818
7523
8848
943
2523
8953
2195
5780
6446
4577
1671
9583
6069
8291
6353
6534
5370
9906
3766
1293
6955
5657
6450
3721
4141
2483
4436
1427
8258
7881
3625
4533
9624
2982
3376
1412
6234
1850
9216
1982
9522
3402
5726
1883
3318
3113
5945
2610
7391
1485
2097
9413
3354
7228
9458
9615
1281
9580
5997
1652
3020
8928
2498
1761
926
4451
2899
1420
6011
9322
2376
3140
3808
351
329
3986
9278
144
6198
4512
3878
9300
5129
385
9588
5686
9752
403
2740
8480
9914
8810
2987
9257
228
3597
1736
4134
6834
1143
6139
2081
6010
7973
738
6327
7247
5814
8964
1085
4878
9641
5397
3321
5180
8028
5230
6695
7376
2072
217
279
3259
4562
3668
5761
6356
1604
7800
9725
8067
3080
3251
1695
220
8547
9196
5403
2895
8034
288
4208
7920
2282
3178
897
3915
9041
2108
7175
1309
7978
2889
310
7236
8576
8218
5776
3836
6662
9236
4282
348
8481
558
8363
3047
7472
6251
3413
7062
827
8046
9163
7176
7431
7405
2507
8531
4610
1748
2392
5966
8775
1991
4417
2396
9965
2631
4068
1950
8056
5607
8849
5663
1819
4575
8197
9108
9757
1148
1194
8470
5095
8346
2849
6429
1155
4844
1836
3033
6396
9809
8901
8097
9816
4171
8804
9970
9336
510
8798
380
9774
5355
5702
2651
3471
9581
6657
8720
5999
7309
7205
6989
2924
6336
3647
2746
1767
1500
9358
1820
3240
8690
9151
5716
1430
6889
8226
1975
5336
631
7212
5471
852
2123
5214
7979
555
9775
1360
55
2934
1199
4946
5643
1445
9756
6930
3453
8047
7353
4785
9912
4258
7633
2212
780
4272
1107
6480
5694
7465
9472
6171
1766
7974
3457
8089
2170
5836
1811
1156
5120
5590
4962
4029
1738
1782
6858
3439
9204
2424
7845
9889
8036
8374
6959
2640
3769
2923
4154
1426
4847
5388
7730
5550
9874
9927
1467
2416
2532
9364
9733
2058
9616
7547
3184
464
1704
5664
6128
471
8502
8283
8777
2666
576
4463
5278
9078
6972
6492
6174
6326
4829
1101
4665
4145
8015
1587
4362
9188
9815
2228
6476
1310
1075
7882
9090
7917
7038
6911
113
6370
3061
7632
2221
801
5745
6681
6412
9452
6367
209
2476
8107
2936
3209
3418
825
9750
3187
51
1578
612
5394
7372
2628
1706
3851
2738
4652
5724
3670
3830
2910
6556
7802
8150
5908
8680
3005
3330
4694
5594
2145
4720
6507
3939
7921
3848
2585
3074
3415
9610
6923
4897
6934
6787
1167
6416
938
8284
1609
9295
2094
5848
166
4964
2968
8106
4319
8698
9443
8939
944
543
6447
6867
3643
542
2684
5546
3249
8960
9609
1644
2939
9381
8370
9002
8642
3640
3528
7091
6318
280
5863
4815
108
1336
2634
9618
2475
1543
7875
2563
7264
6500
7961
9675
9323
8648
2381
5696
3185
4259
7106
8278
9892
3424
6770
4071
3088
7197
5277
1607
4266
6250
2799
2829
7079
6227
6164
3475
8179
8256
8270
1611
7108
1009
3746
93
9097
4486
954
6281
696
5820
7344
3810
2010
4544
941
741
3387
5402
814
8750
6368
6378
5392
2992
8864
6584
7752
7667
9607
9062
7019
9882
5300
7615
7737
4072
9478
4788
8681
7285
794
1865
4103
869
1911
6150
9782
8209
6749
3345
5102
2637
3075
1389
1697
3611
2511
4401
9051
5619
7794
9181
2487
6330
9544
5166
3029
8513
3874
3118
959
9053
3899
5111
9834
5479
4559
8696
6357
5202
968
7837
8692
5497
1655
689
3616
8445
790
7700
8285
3888
9067
150
2612
1739
2838
7545
779
7771
2308
8496
8031
4837
9453
3667
7860
6648
8854
8151
7005
7262
3015
4377
4967
1599
5426
6866
9283
5452
1685
7643
2544
9012
8394
6768
549
9940
8131
9246
5104
2846
6687
3472
8491
5731
5857
3765
4547
5157
2309
4999
6444
8905
2386
3862
8080
3161
6759
2605
7319
8706
6023
4419
6940
8753
8128
9335
1647
1183
4647
8650
4441
4903
3582
1502
4808
2384
7497
206
9535
526
8272
4296
1660
6419
7990
6619
5319
1106
3924
5329
29
1800
5151
5805
8235
1172
5718
8049
3608
7923
2429
6932
6147
8980
4669
307
6470
3112
6909
2349
7098
7527
8433
4189
1889
7891
4199
4675
3526
8175
9311
9948
8337
1563
9275
8344
6907
5072
7077
1745
476
8510
1409
8424
8889
7521
2199
8638
8973
1594
672
3109
1392
6979
5915
4209
9974
4918
5161
1248
9589
425
8839
7779
2858
6466
4216
2658
404
9863
4826
1057
3898
3984
7173
5353
3417
5910
2853
3056
1098
5049
9598
1794
6317
3018
31
2726
9804
2540
8499
5063
6305
4966
9359
816
8785
4895
3139
8288
1508
2785
5494
7684
7096
9054
9656
9883
4210
5616
9324
6478
9459
9153
8160
8651
5023
5362
2664
8564
1062
4421
225
1365
492
2995
3902
5292
7892
8476
2890
9802
2801
5568
6333
1122
3751
6323
3727
7605
8813
49
4123
27
4034
975
4110
8152
8485
7677
7515
7428
6252
5241
695
5274
522
5136
6618
8787
8913
9646
947
8509
6389
6401
1537
7037
9193
5792
1617
9817
2986
800
4370
76
4529
6339
2171
474
2676
8900
3948
6235
9179
7235
8659
1499
7050
9898
78
1879
53
9644
8371
6868
3694
1219
9541
2757
1532
4101
5296
3962
1976
1621
2881
4840
2784
5943
7425
7759
330
2602
9382
7011
5147
3663
8310
454
8793
3826
7397
979
6521
382
9694
6194
9998
3129
26
1775
7354
3572
6936
272
6053
3006
7245
4388
2906
1612
6175
8605
1949
4407
4504
3558
3887
8860
7234
5391
4093
501
219
2611
6689
9745
9086
7909
4828
9922
2405
5442
4482
6278
7689
6613
9149
1855
9800
6068
9978
4711
2535
5002
4157
8331
3442
5037
3947
2297
758
8446
6598
1657
6732
7272
9068
6697
6557
946
659
8592
1737
7131
6554
999
3183
4275
6035
1535
8173
158
9669
8797
3650
4023
4402
4601
2413
9338
8003
6878
9684
3179
5563
1681
6340
9494
483
7854
77
1735
596
962
3444
4240
5806
2169
3504
5542
538
2175
6871
9587
7756
2840
477
89
4305
768
9154
7797
8341
6637
6797
7408
8599
2670
581
8252
1817
7925
6261
8174
3774
3979
6941
2510
5861
3097
1802
9148
119
9994
4398
6960
4045
3264
4424
540
4354
6743
1796
4264
3261
8716
8170
4491
2362
1216
911
5914
9059
4730
1270
6737
5044
5833
7018
5790
6887
7297
357
8871
6455
9668
9661
3381
8673
3394
9390
4718
9831
1489
9570
4618
4197
4315
2976
6792
4687
1638
8253
5642
6661
8398
9299
1225
9081
8102
9848
9314
8048
9107
5534
2446
8891
5891
322
4537
3740
4742
7589
6578
2283
5286
4775
6663
9888
1283
1268
4250
7006
7072
8246
6433
200
7194
2867
9427
3367
1894
6364
4709
6220
9932
2543
1013
716
5950
2128
2453
9052
9025
1324
5968
5911
1795
7675
2036
1974
7525
246
7588
4525
2239
6626
722
9891
1391
4763
5666
9508
7280
6249
4411
8027
1915
3375
5985
1857
797
2759
4009
430
1876
4993
3579
3272
369
3068
4423
2096
8880
3058
5413
231
5795
3365
6762
4014
4767
1078
2325
9929
8055
2870
6260
8535
8946
5533
4745
3783
3348
9629
9719
746
908
9252
2130
7880
2079
5365
6245
5115
3550
3379
4389
8823
1553
8853
2701
845
2929
8402
5466
1825
9518
3517
6997
918
7493
6019
9792
2973
2624
5679
1534
9798
9017
8859
4112
1352
7873
14
7313
9173
9935
4107
3882
9226
3176
2979
724
9673
1682
2013
8008
8764
3474
3949
3328
1163
7537
1184
2504
5318
2378
327
2219
9825
7865
1714
2860
4303
9897
3894
145
7610
795
3820
2657
3968
4162
2095
7463
1927
3477
4052
500
6827
6063
6784
3849
1239
7065
9161
588
7760
6392
5816
1648
4235
4858
2489
8060
1985
6257
7003
5647
755
4453
9140
7358
9263
7578
7713
1877
2020
9726
1687
2354
4986
3400
8255
8636
7668
2754
3587
2635
1115
1011
2963
997
1830
3212
3282
1533
4316
2427
7621
2792
3216
2038
4834
1127
7168
1446
1349
772
4596
2866
5287
9846
1784
3537
4891
2875
1061
2087
3678
2270
9019
1284
7148
9682
3373
1822
6565
916
8019
4920
4328
2730
9016
6702
9294
9902
7076
5855
9013
6903
5167
4750
6302
8868
5672
1955
7900
9962
8799
4941
3257
443
8309
5254
4321
4238
9884
2000
7519
3395
9385
4310
6106
7164
1555
5649
6381
8566
8631
6805
5723
1668
15
2243
7836
276
5343
2041
9214
4791
5763
5845
262
5859
7744
9084
7114
6052
3656
4048
2905
9406
9467
8357
1676
7178
4097
5440
6585
3591
5059
2393
9133
9479
3119
9259
9555
3191
2315
9325
3817
5644
7487
371
5971
6880
2851
5973
6038
4013
101
7577
4653
2236
6902
7291
1428
8993
1367
8743
5560
3722
9157
6785
6399
6939
1319
4513
3302
7703
8709
6141
2553
850
1081
4163
6664
8114
6324
4278
2959
3965
2621
4874
164
7415
4078
6965
686
271
868
9441
6331
4886
4333
4856
6142
7270
1934
5009
7507
2465
354
1173
3977
3465
3065
651
9048
4511
9737
8800
4260
1899
1304
9369
4082
7717
4797
2318
7462
1708
7373
5725
241
2222
9487
48
4049
6307
6731
7530
8217
4855
3130
769
2027
6271
7937
9547
1320
4502
1639
802
7824
871
4631
3490
5314
649
2599
2209
1452
3652
4707
3488
2526
1773
7409
3449
3177
6043
1547
8548
4717
8230
1417
6653
4746
7445
8368
1128
3314
9285
8616
5676
4896
8452
4327
9023
4120
147
5995
2753
5758
4859
9956
8014
2508
4639
7691
9044
5928
9191
199
8754
2999
4081
4879
3628
8560
604
6988
9909
7652
3311
5852
2724
5854
812
5249
8335
8957
1505
4214
3695
7381
4594
6954
2734
1832
567
7084
5582
3493
4839
3182
1435
3782
4688
2181
3497
4478
6822
4806
1259
8112
9136
1512
8906
4813
3067
6371
9402
8749
9553
2055
4514
5570
1089
473
7325
3159
7174
2110
2327
4882
9613
3873
4629
6531
4443
4351
4684
978
4928
5942
6452
3835
7138
6977
9271
3530
7576
3868
8834
9118
4255
9207
4248
7679
8074
1125
6075
1815
5954
8009
7034
4184
8161
324
268
2039
420
5697
9907
1036
3239
4459
9822
2706
0
4996
2188
6256
7782
6796
8079
9409
9674
7209
6119
2422
6058
5604
8318
7116
5087
6861
4551
9465
6229
9519
6041
7889
4927
1827
5591
9028
1157
4422
1328
3688
6314
1400
6984
4004
3002
9174
8926
7154
5712
6408
4933
8229
1740
6081
513
5981
7
4406
8113
2736
7721
7185
4468
8927
148
2530
9886
1311
1597
1238
4111
7306
5033
2157
5592
8584
395
5598
9879
3568
6518
8888
7664
7732
6946
6117
7965
4936
7244
1345
8076
7287
7055
2527
7110
7981
8426
7729
4588
2989
1449
891
3534
5474
1381
3542
4931
8726
8660
5113
2395
8585
826
9175
988
3089
6360
7124
7364
9095
332
8181
8144
9758
4385
4677
7847
3153
7188
7654
1275
6794
5091
2205
9548
6760
2075
5404
1503
5186
6167
8030
4950
3681
6379
4108
7506
5492
2117
6505
7199
7271
8125
9337
9177
2715
1579
5054
5535
8329
274
2312
5265
2047
3690
468
9420
9141
6316
6064
900
1217
4219
878
2017
8120
6877
410
3091
5281
2590
8629
2090
6607
6024
6826
7536
3347
3190
9483
699
7265
2687
3430
1286
584
4822
5628
434
6264
2729
7846
4277
3174
7550
1632
2669
6767
5036
6764
7427
6650
9890
9896
5116
5502
8087
153
4771
5338
9950
3233
3823
4006
1063
7897
438
2578
4195
6675
1187
824
2574
4386
3128
1966
3903
6631
2101
9180
7384
216
176
9176
205
9850
6727
3996
7733
1312
6269
2126
6745
3120
8589
399
3470
2271
697
7817
1839
9885
7494
1132
1060
9895
5386
9499
1151
3007
3978
6624
9244
6783
9342
112
1616
5693
1065
9464
1629
760
1413
3806
1269
1928
6776
8533
7567
9255
8555
7169
8748
6474
3098
8627
5585
4801
8101
7056
4593
4251
4472
1916
9996
5789
2988
2758
7526
732
1181
9268
9538
5958
2091
1055
3382
9943
5952
1158
2147
8594
7189
7365
8543
416
305
8758
578
2834
8954
2439
1097
6885
6690
2496
894
6284
6289
6355
2555
3775
2279
4833
1070
8501
8171
6228
1749
9516
5385
2343
233
955
8788
1665
4293
1797
7453
3188
6494
6481
9265
2707
8362
8735
1567
5271
3609
4001
8176
9794
6426
9038
7933
9367
7059
6349
61
4706
6563
5449
8759
8458
5178
8167
9679
469
2295
8438
5562
2592
9234
3778
8094
855
1468
3883
5209
7695
2650
6098
6033
441
509
5773
2622
3963
6181
311
9000
763
3674
5400
7968
8674
4510
1906
8550
3802
8416
8904
5138
3370
1
8193
3236
7928
3132
5860
3970
3289
5804
3482
6057
5673
7777
5078
6410
1907
4172
8802
9370
4698
4658
6655
1885
4361
3901
9305
5331
625
92
7112
8968
4322
8361
9837
5339
7166
7556
4524
5313
2882
6659
8286
5890
589
559
139
3796
6045
2303
2711
7395
985
1779
6464
38
6741
8532
6504
8138
9343
7785
8396
9851
1545
3389
692
2820
5439
5149
5208
644
1913
4704
117
7575
1326
9235
5588
5175
5465
5743
8675
1727
7220
1921
3936
6093
3612
4811
8190
9856
8625
1972
8294
1185
6708
6322
7241
1472
809
1479
368
2552
1596
8273
969
201
4526
4843
789
5524
253
9557
7747
2372
2920
654
4564
920
5909
6366
5003
6361
8947
5700
9403
5476
6451
4938
8359
3734
2146
5058
7723
6118
2247
1842
1998
2035
3247
19
1566
6993
1806
2719
3362
2356
1235
673
8558
7915
7083
2040
2337
8586
6549
6698
6266
9513
7399
135
6025
2692
3011
458
238
3100
126
22
3988
6520
488
4005
805
4890
4185
5705
234
1642
3048
1954
8104
2665
881
1423
4168
9005
482
1051
9160
623
1397
8704
9505
428
7186
5131
6678
4439
861
5508
2978
3160
9011
8078
6135
7866
1411
9961
4538
9934
1182
5193
218
9894
7008
6204
4086
6363
437
993
1539
618
586
7636
456
3369
3856
3913
9723
1721
783
3
498
3653
4099
6876
5260
9310
675
6522
1308
3508
873
9264
3861
917
8500
9596
7246
1005
8965
2425
4239
7995
9237
4558
7394
5015
6001
6459
753
1179
3451
4776
8366
1394
9128
2106
3320
9732
1613
7718
8935
1734
2561
7051
7479
9348
4820
5920
9980
7385
3753
1464
5134
2358
2807
4462
4164
8267
9431
7601
7336
4599
5174
2921
1438
3842
1752
4679
3866
7812
4380
405
180
6841
7469
7340
4838
256
2501
7488
5713
9828
2761
6076
8676
6680
8700
5043
7492
140
6604
4737
930
3834
2960
2133
5251
4603
4473
5882
2900
2203
6873
2855
2411
4373
2448
7459
9546
6002
2323
1746
5715
8789
6083
2374
1401
5396
5774
3392
6996
5817
5327
323
3231
7566
390
6413
3028
7215
9751
8295
8339
1544
2398
7690
1600
6449
4671
3267
4965
4624
9647
846
3964
9365
537
4280
2991
3576
4598
5380
682
5626
2863
9877
6843
4660
8069
2232
1769
7171
698
1491
9274
4346
1768
2022
4246
4636
1884
5210
9308
4324
1234
6490
9346
4587
9496
2162
7783
4549
5297
2305
9121
5317
283
5600
747
2985
1898
7219
4444
7412
1442
502
6097
7655
7502
4403
1552
5006
7687
8776
4780
4747
3051
4619
1290
7149
6599
2597
8634
7518
665
3323
9219
1368
5197
9430
4151
7674
1211
9930
4805
9357
3403
4885
5243
6696
3592
1622
115
5470
2741
129
3845
519
6240
3940
3355
5929
2357
356
3580
9749
9529
4790
6154
1440
1209
1634
6591
3513
9727
6818
3507
1834
4738
5767
9620
6028
1105
2492
8862
8536
7401
391
7658
3831
8435
5052
1007
2771
8656
398
2594
175
4781
1646
375
595
887
5991
2197
4661
2260
1221
5937
9903
7088
3655
5189
5154
2566
3716
6735
8220
3166
7830
7229
9354
831
4655
1271
1560
4335
7326
4983
6573
8221
8262
3799
2320
2656
2956
856
7819
9862
4028
4007
374
9899
5938
8641
4963
2380
1082
7763
5746
2296
3199
4331
4773
9631
392
5830
6012
3414
9625
9201
9947
5093
366
7673
2912
4180
9230
9106
2770
7531
5079
4659
2136
1287
7296
7994
7252
2262
7522
3371
6046
9315
5903
299
5688
9208
6406
2778
2336
9689
5064
1337
5828
2859
9532
7026
8348
4174
6325
4372
1747
958
3966
5246
5240
4889
7155
3045
6365
6224
2878
8507
4484
1136
8163
7343
9309
9578
7708
2802
5398
534
4507
6178
6140
1821
1901
8251
5412
6498
7608
6290
4295
8219
239
561
4990
5510
9419
9705
9823
431
9482
5747
8995
1054
3618
315
6415
2121
1649
3601
6049
8613
7540
8388
8724
7181
9599
2693
2793
1130
5998
1266
7934
8572
2177
3141
8936
2387
7754
9152
8729
8526
4234
1783
9870
9049
5558
8852
3366
5695
7852
3228
8257
7984
7067
9231
3573
957
1588
7496
7049
5869
2667
1778
7645
2874
1728
2904
8519
5587
7012
7107
6163
6700
6176
2864
7876
5785
3975
8893
5778
9663
9094
1733
8836
4160
7627
7290
8429
7590
6574
3719
1191
5602
2971
1361
5128
1174
4975
6428
8540
1279
1993
9561
3287
1776
1144
9716
2869
5532
5941
9676
9992
7997
4625
7538
7619
1142
3532
3317
9593
2304
6801
