7083
5434
9810
4131
5350
5572
291
4707
2541
9009
303
161
2554
4474
8956
551
8242
4479
4563
9250
359
2042
8445
6769
3315
3468
1214
5537
2291
8403
5602
3969
156
4952
8013
945
8171
5261
4925
7867
67
2466
5033
7008
1893
6395
4756
3201
1321
6717
3840
5846
9396
4737
5500
5516
4353
5563
2917
2562
5823
5291
9434
1836
9043
3379
9205
4791
5988
9895
2786
1139
5655
1242
6186
6001
4826
7758
5852
1995
477
6079
4912
1382
6505
6295
1272
6127
7218
2104
6813
4762
6698
2725
290
1508
2921
6222
1488
3228
1360
4277
6597
4677
5025
9849
7354
2289
7579
6959
5651
9800
8535
1159
8912
9633
8359
8608
8916
3190
3757
8218
2470
541
1076
5824
1210
9493
7646
4558
6419
3854
2981
3433
127
6755
5589
5245
8083
5429
3414
6732
2845
903
1586
7602
8402
4577
5176
1656
1423
1699
2872
564
1898
3211
7290
6799
6087
6174
431
3777
1756
2443
7993
6100
2431
3343
3992
2282
3266
5954
4775
7833
3487
8285
3817
1521
5307
8750
8458
2602
1755
2133
1596
242
2418
7315
8512
2214
8796
9000
614
197
3069
8681
1610
762
4793
8621
2053
6888
971
236
3774
4929
1486
6155
9370
2049
1751
8736
2302
5727
6651
5028
5487
9067
3344
9288
1512
2337
2689
2605
7726
3632
7939
6895
5180
6015
1324
775
8028
34
8532
3690
5320
9921
6340
6853
1193
4774
1366
2290
1364
1208
3541
2426
4534
5631
8914
1283
9055
3517
648
6601
6194
7874
9164
960
4078
8451
5467
3744
5534
1853
2090
686
2620
2166
3836
5250
4473
2960
8550
2858
8551
734
539
4850
1747
4532
6157
842
4660
1865
2088
2984
9651
3320
5654
3336
680
5829
3009
2316
6696
616
953
8029
6006
8471
1962
9565
4782
3960
1461
922
4859
8096
584
1885
7413
4113
6980
3793
6785
6296
6675
3987
5622
3281
5913
5736
2162
1415
827
7085
6337
1662
231
8257
6861
6641
9394
4785
2256
8837
8719
4182
1177
8379
3688
8573
7089
8693
3090
7379
5832
481
3900
730
2947
4569
1728
404
9230
650
3142
1564
2170
473
9637
4408
7800
225
4205
8669
8011
4806
53
71
1632
7963
8849
9632
9845
1343
8246
3231
4256
2389
1420
5926
2515
266
2245
3585
140
3829
1126
1078
2012
3012
8993
195
2313
935
7238
9117
8749
733
1194
5224
1684
2151
4543
5598
9330
7858
2031
6709
9407
8769
857
9052
8630
6332
9368
626
6024
4727
6243
2672
4061
9020
8128
3029
7522
1985
6773
8334
9419
1706
7301
2194
4704
1169
7167
6228
7811
6138
1643
3786
1712
9481
2226
280
3185
7883
9738
5997
1098
1722
3886
5941
6559
9961
7647
8265
8592
9948
9788
596
1474
320
840
7644
7712
797
837
8273
561
9968
9665
5232
7123
1380
443
6464
2512
2238
7985
3246
8163
1232
9465
994
9653
6124
8449
6259
6650
6307
414
8870
1024
1932
4139
3398
9236
4469
3671
1955
4114
1867
598
6455
832
3883
6947
7172
1689
3329
8073
102
7134
8318
61
4227
1439
4580
3743
9339
1891
2091
1371
3480
5533
6614
8381
7775
9865
8853
8239
6184
9735
5717
4478
2790
3990
5625
6928
1888
7036
4062
3442
8753
2973
7974
4533
1444
9429
2755
9026
6898
938
170
9072
1167
5054
997
4336
1413
6691
9068
6633
2366
1543
6739
3311
8338
3962
3686
7925
7900
4833
8620
4635
6341
550
406
801
7471
1621
367
4541
4039
2851
4755
7608
8722
1448
8259
9448
6115
7636
6035
55
1344
4721
335
6611
3503
8111
4428
2330
3071
1008
5274
3891
7090
9376
3650
9005
9314
8012
6357
6430
9884
1493
724
4443
6912
894
7918
8862
4228
9621
7180
3547
1874
9277
5611
8427
8176
4817
7661
7009
8887
5555
5805
5630
163
3639
9162
4318
2631
6997
7158
7983
3112
6240
8643
1641
3811
6632
9588
8702
4845
959
8232
6711
5646
3748
5864
1772
9061
7396
7628
8600
1789
6070
7660
4967
9854
9512
6549
1012
1697
3755
9399
3415
4095
1217
4063
7121
6566
665
1319
1883
2149
5980
1529
9909
7873
6196
7493
9726
5536
5590
9247
9499
7420
4290
6697
9116
8454
3944
9454
4939
8703
9705
9555
5061
1100
9008
4009
545
8352
7941
951
740
3033
213
2141
7109
5273
9548
4316
6072
7836
6255
4341
2043
9940
3523
2478
3540
7821
1864
2298
2715
2328
6780
5745
9435
5873
8003
6150
7165
2746
1988
2320
4638
6637
249
3409
9874
4916
3152
2895
8227
8839
6315
2208
5091
9664
7693
6040
6927
74
7804
9716
3284
5014
516
2852
7318
6203
2068
3031
3247
3098
407
6175
1746
396
1425
166
5341
8639
1919
7769
6434
3696
9675
8729
9421
6279
198
1958
8768
4189
9956
3182
84
3810
985
1845
7930
2803
573
1049
6370
7241
998
3604
2557
6849
9737
9357
5562
4018
7501
4831
9437
9145
3496
8138
5796
9196
2296
2195
9696
1707
2571
1327
7345
4554
525
970
1776
1649
6465
4878
5814
2044
7616
2897
6311
6201
5322
3079
7739
869
317
9220
8391
5943
7849
2393
1447
7569
2374
2101
5865
4333
4687
4262
754
4564
7042
770
4808
7402
7384
4315
2758
9023
5691
6044
9559
3926
9028
4389
5319
1416
487
3899
4526
4135
4594
5108
8501
8307
7107
9567
5679
7767
1727
3963
7236
3795
5783
1796
508
403
5237
4390
227
6868
742
9745
5040
7249
2209
3943
1378
4680
6893
8351
9769
6703
5661
962
3563
2868
7584
1653
1844
1982
6183
246
8018
3834
6931
1861
3369
7629
1881
2901
3566
7028
6510
3300
3677
8131
9722
5157
8377
6038
7824
6056
974
393
1071
7555
307
7621
398
8497
830
4741
5095
9147
1642
9219
6041
5234
1954
886
1350
6336
2905
5473
649
2353
3920
6106
8396
5508
1990
8833
2799
5080
5559
9805
759
7565
184
7103
4369
7610
3389
7827
7100
544
5591
757
5382
4726
3615
5924
1270
7020
2272
2902
9693
1767
7911
7762
6381
4462
559
6261
5849
7747
5704
8151
991
5125
6850
6571
9232
241
2484
304
2959
4467
3395
5459
2798
5542
5676
4317
2336
5370
5501
9814
4200
9983
4681
9085
4665
8989
8435
4286
5183
6026
9742
3397
2781
779
5099
6942
8626
9783
7286
1811
646
2953
5726
4457
2436
9249
4391
297
9456
9832
6069
982
4117
6806
8821
6028
4054
5948
5803
9889
690
3996
130
9077
454
4423
113
4000
3212
5838
3890
7872
1973
4046
5351
4767
3224
8070
1513
874
4827
98
1124
275
8557
9996
1297
8998
5078
1220
440
1738
7521
8390
4804
6520
8976
1700
8766
3895
3565
8392
9308
5494
80
8095
9955
2642
1116
9755
5697
4856
1055
4044
8228
3953
1067
9181
3393
7203
6822
7261
9647
7752
5136
6469
7053
164
2367
8732
8295
2893
2644
3620
3674
2310
9903
3522
2956
1165
1835
6204
1357
3200
6320
2378
82
7702
9412
6604
5841
8784
2092
4097
9989
7728
8060
3848
4992
8790
123
1398
8332
777
3382
2441
2708
9505
7015
1978
2081
2001
6706
955
3131
3593
9683
6058
9226
4220
5252
5354
2841
8927
6672
1497
8182
4514
936
204
4613
2295
4960
8945
5916
8203
8574
7082
1094
5643
7773
5264
8931
5384
2979
1901
2079
4927
6872
2128
8499
9260
7650
989
5405
4372
3812
4874
502
2946
6522
9660
1086
5131
3475
2847
2228
5302
8613
7365
4382
2569
8634
8081
7382
4579
8103
6695
1636
1313
1171
6952
5825
756
2585
8973
4453
9212
1176
2933
397
5043
9326
9795
2680
7279
1807
5024
3244
810
5105
5757
8718
9658
9215
728
7735
2250
9666
2395
9494
7333
8942
3695
4310
1037
6267
8708
1582
859
952
1228
6091
2626
9919
4515
1442
2736
8268
276
8974
6886
5029
3919
5979
3489
3714
3510
3175
1016
2416
8464
6745
1288
1487
6407
2474
8709
302
9227
4436
4264
6840
4781
5346
5977
2499
1498
499
2231
7847
8300
348
594
1180
1354
8086
148
8362
9125
3374
9138
321
1077
4180
3223
1069
7736
1083
8793
888
8384
6210
6129
1559
7674
257
6568
1724
1748
5074
9426
215
7912
9424
224
7182
8304
3227
5443
2428
6415
7215
4154
5574
870
2193
8196
7852
3691
5396
8305
5498
2161
4463
1454
6990
716
8069
5721
4983
9273
1736
2560
2018
3658
9586
8587
3970
9697
9053
3727
6645
9137
3014
4374
9430
1295
2155
721
4437
529
3745
7088
5888
3949
748
5678
1725
2167
4646
3877
3927
9614
5706
7957
9209
696
5725
820
1545
3544
9187
7297
4999
3716
3940
506
9458
2980
7634
7266
2274
5179
6103
4963
2252
3977
5158
3383
7145
2500
5236
2206
3304
6802
3561
6306
9486
6918
5042
2922
8444
7341
1876
2711
8100
4965
6752
8651
7014
9365
5933
7250
5778
4734
9902
8136
623
8469
3089
1627
3160
9332
7421
7771
6050
6456
1813
4864
2126
7403
5648
6224
79
4199
2371
5799
3326
7830
5181
2278
9336
7853
8611
2259
2513
1829
1207
3104
8236
5785
3428
7168
8215
6474
8507
4447
9839
736
8277
1884
1140
9251
7990
4583
2805
8301
8498
6720
8354
3818
3612
243
3528
1690
4466
3538
9310
7063
4629
5058
4555
9094
9470
5839
4225
9115
2382
8554
2659
3856
5942
8531
5642
8886
1801
4059
3666
6423
5445
4764
5806
9699
706
4921
9280
5059
3797
8786
3391
8553
7467
358
7429
7921
8738
1870
2817
883
4128
2240
5862
1252
4052
374
3479
4765
6426
237
4477
4446
2879
1587
4578
187
7887
2350
1375
6181
7018
8843
675
468
9894
3888
7474
1817
5885
1991
5339
5919
7673
8632
5496
9876
847
5113
2718
4171
4982
1041
2716
8623
5087
4650
7492
4011
8606
179
3127
6860
7449
647
4536
421
8885
1377
8543
7609
1519
2561
4440
6819
2354
9322
8222
5525
4596
6827
6063
8387
9468
4292
8369
9500
7054
7320
5815
2002
9987
4928
5483
2086
3301
3981
6230
9474
5418
7692
3512
7892
6342
8278
2006
8877
439
7516
5509
8327
3041
5272
5882
9643
2476
456
220
6098
174
2948
4364
8513
5621
6828
8067
1189
1855
5828
9105
1042
4043
4592
7044
4470
8648
5002
4297
9032
3052
591
3170
5618
8385
4125
9670
2173
5845
366
7342
4184
7513
6399
3717
6016
5440
3598
2422
5970
6616
621
7907
5645
9888
3742
8051
38
5619
3019
9156
4933
9757
3314
761
8052
1419
3394
8721
8593
9973
1335
9086
4568
547
9211
4692
5686
6061
4865
4403
8508
4879
7256
7645
7869
8094
5479
118
8066
8602
1050
7263
9189
7438
6582
9364
4087
2949
43
977
1986
6686
6179
4970
1536
5724
6500
7470
8761
3318
7531
90
6976
6919
9239
9761
5512
1059
4325
2461
1085
1773
9775
1136
20
5489
57
6383
7292
214
8195
9423
7458
1111
1896
2287
9483
7461
9058
9186
3313
8767
7239
9123
1720
384
3107
2537
139
8804
9606
1092
1229
3997
6655
2387
4678
167
916
8706
4210
3575
485
9100
731
7786
928
4995
3299
9619
81
5359
9821
9153
8184
4405
8707
495
1475
9317
2544
4133
5011
947
3218
4849
1036
6019
7575
9521
7209
5759
6658
6427
3543
9238
3937
8854
5413
8595
4075
9224
8812
6104
6803
9817
9375
2420
5902
6821
1200
1002
5228
8650
9834
1102
4911
143
7151
5469
1233
1667
5605
6690
1921
2100
5121
8366
1345
6727
8413
9325
4311
6161
2451
2809
2066
2944
6949
1063
2222
5660
9539
95
8038
7383
4698
4119
984
5271
9908
9624
5433
8139
9143
3747
8293
7314
9293
9687
9514
9570
5966
7488
6193
605
1471
7434
5415
2810
4143
872
9039
112
253
2775
5389
1838
8416
9659
7559
2910
401
7819
1
9853
9506
5495
4915
8076
681
3400
9345
386
8578
8803
4017
4657
4880
8935
7561
1979
8705
4903
4431
6541
9864
8698
6141
1058
1940
2610
7999
2174
9736
3345
1400
6643
8179
7562
1460
6901
6829
5199
2403
149
8584
8808
5790
5978
2816
7071
2916
5627
8109
7989
3703
152
360
4527
599
3095
4517
9532
8216
387
1749
5486
5406
6466
7720
4289
9013
5143
8159
8658
5168
2317
3635
3917
8831
2349
896
6625
3294
1381
9350
5332
7378
8755
9281
2210
258
2454
765
8730
5699
6716
5543
884
2951
9808
3317
7056
1827
9776
365
6421
7657
7369
932
165
5172
4174
6453
1762
2205
9915
7701
6995
6684
4234
4544
8027
1341
3270
3271
491
7259
8088
5214
8523
5056
2067
4832
6923
2411
2434
5734
1311
7228
9001
1278
309
6749
7935
9893
9703
3922
6766
432
521
86
8186
2105
3591
2894
4484
8696
9546
4456
7156
9744
5808
3993
8217
1933
8638
8031
7623
3859
6812
892
3648
6234
8251
7030
122
7896
1856
1101
3652
5308
8748
7550
6874
8418
7139
4157
4902
474
9091
7772
7146
1175
7586
7790
9242
4803
3758
1613
758
2158
6567
5150
9688
7753
8372
7846
4094
3140
7713
9566
2919
2970
1075
5407
9582
9459
9507
5897
2172
7968
992
4730
4710
1566
2440
5146
4628
6784
1900
8212
8204
2958
2565
1935
4539
1974
2059
4207
1125
3226
3217
6831
9157
8741
5275
6804
2203
2800
7166
7435
5299
1154
8880
1790
173
4459
1266
6746
196
1542
9980
4303
7040
2110
6666
8765
4127
8850
1309
6610
6971
9739
6294
2742
1307
8797
5007
8968
6847
7998
8243
2283
1480
1694
2509
3064
5395
5531
8687
1624
2582
1166
88
569
5719
5730
4627
341
7173
1010
5568
5596
4787
3550
3582
6145
2266
9694
6642
8175
8846
8597
7949
6519
7050
9022
703
3958
3365
5154
781
7170
2376
264
7257
8955
8895
9301
4702
7285
2248
70
5147
2780
5939
2492
8147
7788
4367
5401
7808
2080
251
8250
4811
9868
3763
4971
6349
7070
1758
9042
269
1951
2943
2570
8819
9379
6596
8481
7017
6992
3143
5728
6638
7978
9892
5140
8484
176
107
219
2251
8642
3567
8406
1658
9139
3
2759
9625
7102
655
7424
5488
5053
5578
4725
7062
5155
7504
6565
2694
480
3928
3929
8202
5142
4500
2636
999
942
7848
6530
4291
2085
5139
4152
852
5854
4847
9174
3425
448
2703
494
4535
2698
5186
1379
2045
7405
7367
8692
5355
8977
7069
3042
3046
8756
7672
784
5462
5546
5162
9826
8271
8679
2407
6531
4655
1969
1676
7208
6548
4496
9245
1563
6609
1652
1499
9620
5650
9623
1187
9944
1249
7411
5707
536
4893
7111
6911
6327
2458
6811
8985
5532
284
4743
6897
357
3896
1225
2966
7533
4966
6356
4814
4521
6351
5504
3198
3494
3259
769
5159
1994
2532
717
7831
2741
7097
7730
9600
3276
1800
8173
8084
7815
9771
395
7260
1445
6369
8350
1854
2834
8667
2030
4669
3863
8342
8169
3910
7404
4195
3093
9270
8321
1161
4183
5956
9329
8346
1484
9378
5753
9925
3640
8058
3061
8801
5201
4331
9092
503
245
4946
4305
7615
1168
3219
5700
5203
9936
190
1850
3161
3024
6422
7841
4007
4217
4973
9704
5918
2801
8231
3562
3679
1926
9073
6165
3353
8504
3788
6265
2717
3210
5075
7630
2609
7135
2942
7745
1328
2039
5138
9025
3245
1271
3191
4943
9463
5399
1459
3813
6687
2818
8622
9257
5520
9175
342
2848
7392
8037
9269
764
6969
2234
5466
7749
3359
9488
1828
2212
790
7201
5601
2612
836
119
4330
5026
7582
8908
9002
9803
5658
3486
8087
5998
3934
5928
4980
7574
988
9363
6442
887
3362
4141
3178
1109
600
6286
2026
3698
6603
5743
410
3841
5111
3753
4788
7034
9831
4565
3500
2660
7454
6436
8986
8758
5450
6972
5342
4520
6890
1182
478
2671
3904
4033
5244
6718
7436
8494
3363
1148
5987
9335
6922
5535
5041
9103
2445
8771
2656
6268
3013
1479
9150
890
8827
2693
8694
7817
9747
9049
2950
389
2724
9135
8521
9628
8237
1705
62
6182
9206
7859
8712
299
2475
8659
6535
805
9201
5419
2355
6783
482
7164
4293
9241
458
2046
7792
8566
3260
7612
5702
306
7390
8580
3606
4950
368
5458
8700
3871
4082
946
2766
7375
8238
8516
4834
6889
6209
157
7624
126
2738
2072
6095
3590
6704
2757
6618
3342
4485
5872
8625
134
3845
7407
6592
6764
5935
3303
9544
7244
9952
5608
7530
7351
9381
2181
3123
702
8582
1047
2990
3376
3608
9828
4320
3892
8655
7021
6563
1551
4603
9686
2714
7337
5414
6439
4955
9118
1045
6223
6887
9256
7223
1411
1123
6379
6800
9033
7722
526
6978
9818
7076
1410
6171
2937
3902
2127
2849
7446
6869
4679
75
5720
7591
7961
9785
4573
7910
7782
5675
7296
4003
578
5316
5674
7010
7917
9676
5016
1729
6798
1515
6059
8167
3110
300
9589
9134
7905
540
4254
9819
1280
6398
1294
3773
281
9712
9450
1794
8333
7274
5718
856
5192
4825
234
6264
3097
8904
4529
3699
2215
5770
3144
2200
8576
7766
5001
537
1001
9617
59
2633
2825
3968
5904
2899
3158
4098
7780
1635
4034
2260
6065
3853
3710
1137
8393
3723
4506
4351
9218
2061
1025
4813
7505
3580
2985
5877
2875
1388
7140
9263
7141
2926
1061
150
7450
3188
2514
981
6979
1250
3385
5344
3081
5317
2629
6343
1120
6064
3705
1753
8752
1056
3491
4551
3802
1750
4081
6965
5735
3842
808
5115
7813
4968
2846
4115
1920
7751
8191
3916
8272
7214
6729
6309
5284
4302
9400
7316
2957
5974
8194
4350
7694
3436
9976
8001
925
9497
6909
6473
1902
5018
3972
3055
5267
8588
7447
9404
5285
8016
8424
6607
9191
3852
4654
9495
9080
3327
3251
3444
2182
9855
987
4908
3519
4194
5474
4884
1522
1426
7507
1073
45
3964
7743
1325
1018
6318
2752
9354
5189
2889
9107
7843
5266
2504
3880
7084
7992
8453
1393
9075
7422
6272
763
5703
6331
924
4752
5000
6646
1191
3654
193
6737
7364
2385
9685
13
1365
6288
488
1886
4167
2773
5047
9748
3935
2401
1539
4027
1130
8754
185
1505
7038
3828
12
1863
900
9610
6982
9012
914
2083
4308
2774
8711
976
460
972
4562
2342
3192
3155
7551
7517
7596
9691
8946
5994
6578
7276
9574
9901
7866
2721
8652
3078
505
4904
8170
4013
3847
5690
7459
6457
3230
6700
5636
7588
8483
4247
6078
3726
5107
5695
8918
3467
8024
2236
2808
9700
3605
9799
8605
6432
7682
5749
8124
3849
8164
6682
3791
3641
2381
6374
3117
3423
6875
6208
8376
3498
4163
1531
7120
6734
8794
6526
1774
5635
2823
4345
415
6237
1013
2322
1467
316
2552
7903
6172
3814
632
2109
9007
1739
9645
1064
3427
3129
6602
4243
8441
1913
6485
678
592
418
4810
3957
4041
4611
9540
4801
4272
8357
7130
519
9751
6033
9602
8537
6433
2821
4663
7281
7374
5781
2772
3136
6770
5470
3874
2224
6713
7243
9420
105
9829
114
6200
5729
5079
1027
9019
6252
6871
6491
1822
1600
1687
6408
5348
7897
1680
7359
7727
8564
9595
4415
7219
7183
4591
5134
3914
2581
5878
5932
3439
268
4930
9891
3077
6034
750
3027
1878
4248
58
8745
6676
7938
9931
3768
6998
9011
8101
5794
612
804
1263
2665
3273
5352
6855
9192
6021
2588
7409
2748
6664
5206
4376
5334
5668
3058
6405
744
2060
3238
9711
1925
6074
471
7799
7381
6518
2076
9522
1383
691
3618
9096
7888
5343
1733
2520
9627
472
5437
898
6481
1053
2685
4742
9824
3141
1080
1285
2874
8829
7880
6418
4058
2204
7916
5335
8428
5046
8633
3866
7087
2594
2297
7928
247
8872
4519
4853
1370
7783
8193
6483
5327
3796
4040
1314
5842
4617
3205
1347
3120
4085
4476
8389
6724
565
1274
2684
5950
1091
9496
3709
9569
7981
154
9626
5967
99
2119
7524
9608
8881
5893
7423
136
8980
8966
687
913
1434
6128
2770
8105
9477
745
4147
7176
1620
2011
8615
5278
1390
4961
4400
6066
2125
9959
783
445
270
8166
8811
9475
2177
7945
5210
1906
4158
7414
6470
6570
5792
1300
7113
8697
8799
2456
8020
7353
6987
7659
3514
1937
2855
5797
793
8154
8177
286
8489
1645
8457
9389
2327
1768
3785
795
4622
7940
3497
9222
6400
3520
2429
3850
4307
3045
1786
1402
8806
9578
2145
1869
8398
9605
7503
1959
9140
3338
3429
3711
7543
5530
704
5973
8046
2975
3051
446
8673
862
3430
4159
5951
3401
7457
654
9291
631
2414
2938
6248
4910
1780
6284
6420
210
8589
6113
3790
1351
7635
8145
1040
1904
1131
603
1221
714
746
5268
6657
2525
1329
4987
9900
8055
9531
7235
9163
5044
6599
2025
3516
8340
350
9552
6283
7933
6617
343
4490
2459
8603
6314
2419
7696
5371
7419
9312
4388
7922
2540
7829
5031
1020
638
3113
7679
9786
5747
4722
993
2016
2359
5552
6406
2657
7119
2794
776
511
1065
1847
1595
6177
3325
9442
9287
8460
5023
2179
5982
4057
426
792
4766
8214
567
3030
4112
2294
4394
7191
3653
4790
9713
1006
957
4941
4230
6365
7577
6022
1709
8317
5800
1781
3424
3448
1105
3059
9910
1619
4597
4976
8221
5402
6368
2912
6480
8963
4619
6891
3346
1247
8818
6023
5118
5060
9878
6842
6489
4176
7288
2530
7144
5830
9413
3952
1407
6674
4792
278
5604
1715
1538
6282
4754
8561
5593
2862
1198
968
8835
4542
8276
8542
4086
4219
4717
9258
1510
3236
6083
1429
3332
370
7240
8082
7115
9178
430
6057
4245
3473
19
1004
9929
8879
2324
5182
1916
3507
6851
5027
522
9392
558
1128
7845
843
5439
4981
562
138
2666
41
8699
8488
6101
4090
4760
2154
954
6008
3399
3220
3130
9406
7705
1666
6460
9767
4807
6761
5035
9207
6316
6751
3731
1469
6260
5328
8030
2604
2929
7495
9553
8824
7777
1547
3396
3938
5039
3642
2563
7099
3006
6882
9835
3532
7884
8657
3474
4926
1009
2710
2655
4559
7509
4029
3263
1157
1481
1779
7442
9523
6699
5701
2756
3875
35
6402
6082
8940
2662
3164
1490
9988
4503
1150
901
7684
411
4728
2832
315
2435
7553
3488
8054
3967
3719
2388
4103
5889
9698
1704
1428
4872
6130
5609
2123
7991
9721
9977
2925
5457
8913
2082
3683
5101
4420
9579
2762
6310
7600
3466
3754
904
1880
4100
3627
1678
2828
6555
636
5076
5477
1308
1525
9279
8628
7964
3151
1537
7309
6920
1889
1639
7086
5451
8117
9594
2202
1910
1369
1245
462
3275
9880
9122
2276
5755
3617
5298
5505
3471
7545
8432
4482
1231
3621
5848
580
6640
6619
6728
8660
2305
4497
1938
8452
3971
6689
1798
8562
6552
4620
2536
6946
6629
7275
9537
8780
1605
1441
7068
6166
7226
6881
2753
1911
7272
1453
6371
1112
256
809
727
3557
1792
5931
5282
6027
943
9717
2483
5999
1823
355
9449
9922
9229
1833
5774
2442
5989
7081
6838
4191
2697
1054
7875
4883
8714
2727
2870
9526
4829
4010
1261
8281
9319
9547
7064
2936
8197
5990
1872
7048
2777
6449
3375
5122
6694
9278
2804
6612
2010
8207
9662
7893
1472
9099
7186
2998
2688
4111
3869
5049
5930
8928
9216
1607
4329
9573
6298
9111
6292
4653
2806
1997
6938
1403
1458
9527
5086
8813
821
6404
7325
4375
3384
2201
5907
361
3980
5993
8817
3499
2285
9492
36
8520
8266
1654
8341
3323
7295
5468
7556
5193
6361
9433
9299
3135
1404
3004
324
7546
2129
4120
6852
1476
3592
5289
5082
4410
4414
1535
5713
1981
3125
1588
6810
5463
1984
1679
9021
9341
9630
3867
3673
5460
5177
7953
7395
8034
8676
4339
1276
7618
1218
5478
4285
4598
9428
7690
3402
9725
4357
8926
713
4093
6528
2764
3581
1356
1158
8473
8809
4697
8624
2972
1580
1602
3545
2574
103
9654
2487
7994
1965
1912
3830
3305
1257
1591
5006
7860
3094
8415
199
8426
2300
3637
4036
2911
8476
8565
8079
7175
7080
1244
5756
9982
8090
4513
4815
6281
1814
8992
6425
7622
8035
9607
3780
4271
9690
4664
2505
824
6925
2497
9388
9300
9160
4634
4887
5765
8514
7676
1170
4582
4818
5986
9035
6970
1235
3241
2528
5270
4783
9545
9331
7979
177
524
7476
6497
9386
1584
5083
5903
8860
4996
1907
2488
2132
7652
1810
9946
1485
1089
3434
3074
6532
7826
3122
6121
4188
6409
7443
9305
7680
1248
5110
162
1011
4425
6411
7760
8851
3070
9543
735
5330
206
2587
7669
3308
602
8399
3062
9933
3115
9416
9833
379
5253
8612
9911
183
5582
4560
2992
2835
1967
1647
5386
7937
4386
9124
9668
4209
4937
331
950
6392
265
2510
5216
4709
5901
2261
3370
6953
3490
683
77
931
6176
1074
3579
546
8261
1821
1435
2307
6076
6772
7882
5073
7801
1408
1342
7601
1806
2326
8685
2819
4954
3966
1594
4365
8121
390
6229
7838
171
9095
8866
4574
9188
6494
7047
3091
5995
5731
4012
2744
1711
9133
2876
2230
1151
4132
4371
7051
4899
9618
3111
8267
1741
3048
4274
2188
1192
2380
4153
3139
425
17
7225
3689
5255
3665
5114
405
8374
8747
6213
4216
6649
3461
6743
2603
6712
668
895
6071
3685
5539
4173
7962
6447
6710
7427
288
7258
8665
9183
6192
9064
8984
2094
8834
5117
6584
8002
6293
8275
9323
6820
9612
1093
7878
7685
8260
4379
5953
927
661
2590
2567
1399
8044
7834
8510
1670
7915
9087
375
6606
6892
2084
1976
1097
8110
3667
3278
773
1803
7363
9852
8909
2542
7755
1554
8889
3783
3438
2143
8552
9836
7155
4060
2820
9360
5004
9797
6623
3707
2335
2914
7270
7022
3126
5279
2457
8085
6144
3108
5167
6708
568
4947
7511
3893
5710
5777
814
9958
4232
2941
3752
6216
9674
7131
3184
9487
2471
5009
5722
9294
5809
2882
7784
1286
9040
7159
2168
5085
2325
1296
7192
8252
8185
6964
4689
4975
2237
2634
5670
845
5456
7011
1502
1633
5771
1226
9640
4524
9104
1213
9148
2047
2472
622
669
7666
9576
7934
3672
6348
255
5963
3596
5363
6435
8604
7691
5347
5791
3988
1389
5580
9778
3801
2568
878
6020
7920
8270
9455
6029
7802
1745
2712
9770
1788
6781
6011
5096
5887
217
787
6873
6797
5010
7147
3789
3826
5871
5225
9167
700
2078
8742
7665
60
5428
1209
7305
3511
4397
7289
9816
8883
40
6450
6721
5387
5822
3156
8336
6488
1494
7033
4404
1964
7988
5742
7750
2928
8343
5005
7798
378
7052
8290
6865
7463
2776
1031
292
576
8869
4222
319
694
8948
3462
4360
7898
3806
6967
1517
3053
7298
3603
3574
2332
1222
5485
1830
2357
3527
3664
9427
6299
1021
9313
1483
8200
6036
3262
4770
5055
7795
4238
9045
467
7098
287
7171
3333
2111
5936
9842
1412
9225
6905
6198
9964
6879
8255
512
510
3770
3153
7779
5385
4281
5833
9
4735
2523
6678
9881
6454
4427
8635
6319
9851
7617
6062
9472
311
3535
6031
9749
1787
1996
4805
3502
7585
6954
1391
8077
3804
1409
9464
1246
908
5377
1277
9913
1449
8434
50
4612
934
3159
6305
8734
8282
5769
5575
4261
8411
7686
451
2479
230
4096
271
9097
7613
6085
2058
4464
8764
3584
212
54
9166
6605
3274
7465
739
9422
6546
7043
3455
4314
1334
1625
4518
4699
1681
7729
5758
8716
530
5190
6297
4121
7399
9078
6134
5393
3718
5098
9556
2974
1934
542
6561
6883
1152
5465
1211
4268
1178
3154
7931
3447
9681
7619
3761
7823
9004
2675
2144
3861
8983
6202
5324
4424
1714
3800
4340
202
7954
5899
6885
8068
4080
6254
5965
6948
4838
5921
9789
3505
5164
6017
7229
8156
1644
8873
9240
2553
353
1060
1518
3221
4347
7651
1149
7137
5381
5544
610
203
5802
2467
8941
6586
3417
8575
9452
6263
6014
5012
6412
9766
2150
5013
3254
6932
4492
7785
3736
3367
8677
2273
1315
937
2765
875
3208
2070
9051
3610
5566
8148
422
2369
7595
1759
554
2923
7952
813
8549
3534
9827
7637
8420
7451
9090
9248
4138
4959
674
8776
3735
7273
1848
7104
4600
8541
6935
3485
3945
4639
5615
8567
643
2907
4197
2964
2247
9411
8157
2618
8206
6894
69
1465
4495
2519
3779
2940
3628
5782
4475
9415
9960
7731
5432
484
9171
5811
2293
1960
6372
9822
1556
9847
2997
8397
7675
6735
7881
2217
4146
5247
3722
3882
1572
2063
4712
5444
7125
6324
3099
8209
4940
2028
3898
3339
6363
6256
2156
7926
9029
8026
3312
5944
8820
5779
4023
8888
9344
515
4794
6594
6654
8950
5218
2502
4516
2661
8213
4896
5372
8289
181
1634
9262
5499
613
7019
8347
7536
9535
8526
1826
2988
5090
3478
9802
548
8071
9141
6960
3589
7001
8947
5281
8979
5212
1044
4066
4719
1601
961
4077
9361
6514
6809
6681
7387
1721
4193
3775
9584
7129
3808
5326
9074
8436
6102
8269
9290
2225
4450
4530
4025
8141
7738
3549
3483
5323
6524
4327
3287
4601
1552
2264
3725
4161
557
3386
670
5305
695
2032
863
475
6589
449
2055
3741
1618
9642
8680
8129
6968
7251
4196
6414
420
7160
812
2406
8548
6551
9504
4705
7671
5453
9390
4004
6110
2991
2142
3921
4309
1692
1890
963
3351
5507
6025
2643
5446
2586
3843
151
6042
6215
3088
5595
3531
5677
3257
7361
1110
9380
3572
6900
8662
7740
9986
9969
5163
6190
1839
1701
1546
3285
3809
4449
8878
2112
6054
9295
1573
8583
3994
4504
6212
7942
5492
4002
8649
5197
1825
7491
2338
9550
6188
2383
3335
5804
7112
4671
2667
2797
5767
8906
8807
9321
4994
4869
4352
5996
1987
9905
4067
8842
5751
6707
4511
5843
3626
2518
8425
78
2372
926
27
5599
5682
8636
9152
5949
6553
6951
7078
3032
8120
907
3827
2005
4468
1396
5607
4823
4540
3080
3001
6205
5297
5573
8286
6178
3933
7029
2877
7073
2279
1541
5251
5820
9866
8728
1882
1457
1014
1992
3209
3302
6253
6513
4604
6740
2304
2169
9673
4435
4696
4328
628
2896
1026
1062
1121
3973
3939
9395
3148
2815
6487
5032
2268
7428
9772
4251
7328
4280
4109
6300
5547
2048
4923
4956
4407
479
1367
7480
6241
618
8023
1766
7372
6459
4441
377
4972
7639
6143
6073
6608
9275
7269
6472
577
6482
5891
3542
8920
3458
2663
2241
5914
9182
6508
4409
30
8858
7698
5461
6506
2404
7496
3552
308
4837
8490
5592
6207
8664
3931
2555
2733
4164
8466
5258
1651
260
8223
4851
975
4936
1237
7842
1815
8802
7408
8099
1930
9233
6367
6723
5616
9830
7248
3646
9581
5807
4753
106
6471
9170
9066
6169
9714
4445
8063
8106
9978
8019
7012
4990
8743
7908
4885
413
310
9562
6445
4487
9255
8144
7335
2837
8256
7986
6221
2593
723
1506
8668
3739
6575
7355
5784
7234
6525
2
9292
3407
6841
2668
8137
9820
4647
3794
6377
3601
753
7388
1866
5955
4486
5156
7348
4368
2830
2549
2648
5641
4897
9979
5795
9083
8995
9718
9796
4104
880
3521
3067
5715
3733
1052
4570
73
673
653
518
501
155
902
434
6581
3008
4780
8249
9587
2392
111
8233
1332
8943
1532
4674
7204
2676
2130
9347
3661
7024
453
9502
1363
906
2898
5665
7211
6866
2281
7809
6790
6794
6232
973
1713
9613
4300
7599
8478
9896
6941
3173
5153
6579
9462
6114
4576
807
3625
1438
3782
5374
8815
3103
6915
7929
6153
4344
180
4745
201
4244
3239
7481
28
9648
1672
4763
9479
6088
2551
8198
6636
9353
9132
9906
6858
9970
442
1204
23
500
7344
7412
9869
7523
5493
3105
4050
9709
455
9790
6659
6670
6277
9557
7605
4844
1456
4430
5191
2850
2249
4731
5100
1265
273
388
8923
711
7594
5410
8957
9971
3408
3578
7970
5438
6916
5475
4691
4616
5834
8785
9957
6220
2822
9059
3504
2969
3412
5567
4867
8125
6048
5124
1431
996
6273
5017
871
476
6544
2198
3995
7232
1631
8123
553
802
2720
9244
4190
3530
6335
8890
5694
7398
4871
1418
1862
6131
6679
9346
7733
2506
589
392
2952
7329
9268
5740
891
7332
9221
7732
3781
5400
1975
8924
7806
6173
6963
8450
3623
3261
656
5135
9252
4273
860
5908
2503
7891
2116
9825
1087
8903
7557
803
5712
9601
7132
1039
794
7532
2579
7306
7695
1501
6475
483
9333
6665
8646
9815
6109
2517
6539
1742
9425
3634
8098
5666
572
9041
7268
2575
9024
4108
4031
6753
4055
1899
7346
2596
2386
8467
7734
8581
1387
2398
1005
4038
3984
4266
4951
8296
6168
1998
2333
771
8475
9101
1258
496
7778
4455
3558
6067
3146
1015
2219
7861
7440
2967
6677
5052
2652
5367
3193
2783
3025
6730
6276
1763
7818
556
624
9524
2749
465
712
3357
835
1894
9650
625
7195
5890
1268
4421
7231
7212
3321
8925
6289
6495
3298
1961
6009
8867
6741
8763
2811
3586
7960
7886
8291
7179
8544
5927
4263
817
4429
5403
8631
4784
4931
9444
5280
6413
2284
3815
3310
5985
5426
5920
617
8234
8470
4898
7709
7362
4444
6096
4882
8316
7667
7754
1569
1571
929
4116
5187
3119
5946
5373
2690
6547
3350
1516
6600
7224
4032
1927
5685
4858
8674
3286
3750
8310
6805
6249
4682
743
9583
7106
7194
4366
8506
1462
6137
1816
5612
8617
5524
8113
8898
7133
3702
5221
1791
6125
18
3805
9089
2189
3214
3903
2709
7154
4072
3057
2199
4073
7959
7177
3279
4662
7668
3999
1744
920
9038
3484
1138
9846
6537
8240
2580
825
1385
8670
6652
1837
7547
3269
633
865
7567
5647
8363
5300
6416
7227
117
4595
2113
1581
9515
3469
7653
2521
671
2608
8040
2346
1160
9534
1401
1310
285
8905
4005
5812
5868
6321
1133
5879
4621
1611
1358
1106
5219
6235
6231
749
9593
4759
6250
6974
8792
1043
7721
6233
5554
7627
5390
8875
6615
32
1606
2331
3450
1269
2976
1267
1922
385
5909
3908
3879
918
1630
4156
3023
8570
6
2865
5723
25
7820
22
4434
5388
8641
8487
7658
1918
259
7664
9932
7065
108
5019
9276
1108
3838
334
4079
8967
6776
7157
4584
4422
2679
1717
3915
3137
6502
6386
7670
2318
9480
708
1368
5481
2883
1019
3324
4510
4688
9359
4670
9791
1119
969
8210
0
1939
889
5313
1597
9812
5577
4685
6957
9373
6382
8959
3629
2183
2543
8971
4593
5071
4716
8283
8479
7724
7245
8130
1492
9707
6760
9185
2556
145
3229
7210
9356
6164
6669
9031
9342
4984
7265
6151
8373
2427
2450
7500
2890
7864
5787
7719
10
8795
6005
5506
8614
5207
6214
5015
4401
9677
8178
9916
5850
3150
6999
8225
6090
5628
2595
3132
8661
3034
7614
7366
8596
6397
240
2103
2673
8102
979
2699
8408
5693
7631
8502
8534
3445
9436
4501
4126
4185
3759
4729
9414
4548
6653
667
8739
5249
4748
8952
4962
1929
4006
2405
5526
2791
9243
4545
7803
6270
1824
5876
9320
956
5818
9934
2023
3443
5551
8345
1947
8320
1230
7264
3833
876
7951
8314
9065
8447
4030
7487
4866
6238
8915
7927
3643
2433
5817
2826
1760
4919
7681
8788
6431
7796
4942
9774
2452
7041
9912
4708
5304
4045
2678
1809
8075
8465
8008
5038
5972
2696
5917
9519
1859
4319
6093
3086
4019
1950
5738
8244
978
9511
7967
2704
9144
7807
3884
8146
5851
5600
8039
2050
9899
4630
3194
6782
6857
4488
4605
8901
9006
7162
2963
1793
1723
5303
6950
1414
1196
8153
789
4395
5801
9947
2160
7862
5243
1443
7237
8525
9801
7552
6914
3865
7995
9102
9740
6258
2368
7196
3306
1685
571
8394
7816
4070
9554
2319
4964
8433
3730
8491
5558
3361
6389
5211
6119
1544
6896
5579
7814
4279
6534
2211
5404
1702
7497
6187
7077
2362
5452
5586
222
4718
7877
9349
8826
6211
9841
3167
3282
3180
774
7352
7716
3002
1153
7013
2412
3571
6312
2516
7946
9439
8361
7356
3183
7122
2918
7205
9764
2904
4399
3701
4953
2578
7002
8783
2051
2624
4797
5664
8165
4306
2993
8201
4868
6767
2934
9926
677
5349
5333
2729
4550
4335
7278
3233
7943
344
6747
9194
2269
9918
5863
3020
2833
5886
642
4144
1802
8292
566
1349
5857
6996
4204
767
3003
9034
8463
7973
5957
7385
8133
9193
6149
5659
8183
7774
3546
9467
8059
6112
949
3411
1523
8789
4891
4448
4498
828
7583
9733
2425
4571
5959
3296
8524
7163
3076
6846
4508
4489
9682
5185
93
2009
7349
4321
6509
5057
9358
8836
7045
2664
5860
4751
52
3358
9397
6501
3529
7581
7322
6818
8298
6043
9862
6424
7468
8324
3613
6917
261
3729
2739
4824
747
5398
7127
5356
4499
9154
146
5910
408
6906
1674
8287
3169
9954
8247
4348
588
5548
3524
3225
1719
535
2529
4206
9858
1338
5776
7742
4505
2207
7000
1034
3597
1095
6988
1609
5070
2165
5762
6247
141
6147
4715
8981
8727
2597
2262
5711
2152
5688
8725
2303
1185
1455
8348
2453
6410
2124
1734
9234
4977
1795
5748
9530
5750
2334
4974
6786
8505
65
313
1030
5866
3536
3638
2577
3862
766
6037
322
7711
8056
4214
466
2397
490
301
5262
6859
4155
8518
8830
8118
8143
26
2022
2935
464
7307
8970
3911
697
2343
5855
9302
3825
1422
6478
7598
1943
2723
9366
7707
9352
2399
338
7514
6904
5624
1240
8616
7901
2900
9768
9992
6628
3240
7578
5613
6833
9016
2927
9671
4863
4935
7046
1983
7611
9635
5045
3631
5412
83
2221
1317
4626
1842
2827
912
672
4354
5368
6244
2908
7478
6907
5835
7687
9843
1473
4042
8857
6550
1737
1778
2747
8419
644
583
7697
9432
3682
8442
3559
2930
9730
1671
9560
6446
1726
5620
9309
8563
9289
7310
8311
7587
8994
6360
9491
211
1173
2024
2073
2613
8386
6045
2360
4385
5892
349
3454
4083
5476
1293
7894
6242
4170
1205
9965
4178
96
2107
8997
3248
818
169
9999
7744
402
9985
7453
2017
6245
574
3706
2824
68
3331
4609
8515
720
1432
2473
7197
1598
6285
3109
1972
9237
1141
5922
3106
6086
8647
3633
8474
1555
8601
9754
9093
7972
780
2021
7984
5424
2265
5144
4842
8116
3930
382
4035
9048
1405
7432
3258
8353
5680
2096
305
6323
3645
6239
5358
8303
5657
1941
3819
3118
2071
4846
6624
3924
1081
1716
6763
2223
2730
8559
2020
2639
1524
6162
9897
3947
3036
1032
9641
7280
822
1752
685
3799
4160
7756
6662
6353
5869
5585
555
9177
5511
2311
5780
7844
3681
3060
1895
15
457
1526
8208
6452
8770
8187
8951
8572
6926
3756
1495
6504
9577
1392
2630
3668
5649
9076
3619
6765
129
9603
4909
1509
4796
1577
8629
8045
582
4047
7638
2384
3616
4860
1887
5652
5067
6656
5689
336
3941
6854
8555
7592
1262
1451
5952
9924
5222
8569
4744
7976
9417
7185
194
5231
930
6330
5102
4969
819
5063
7662
2645
2184
2654
5895
5294
2538
513
133
4175
8939
5066
722
4668
634
5521
1629
4145
3636
5314
9298
6099
2003
4179
6903
3887
2062
709
2869
7061
2788
2396
2924
3364
7603
182
8423
6107
504
1430
2339
1857
8991
939
371
8917
2640
1589
3280
6394
1576
9715
6750
6146
2191
5557
1114
6498
760
4452
2446
3923
8540
6308
1022
3388
1306
2638
579
4024
9561
7148
381
9284
7006
9871
2481
2702
2572
6792
2978
3404
8014
831
5929
5545
3056
4830
5912
737
5934
5220
4298
9750
347
563
9398
2035
8219
9859
7868
76
498
4768
4294
3066
7499
1637
5141
4998
5911
5265
5175
8312
7418
8644
2036
2961
1949
6511
5226
4
7539
5223
4322
8958
7590
5662
6576
9568
7683
2114
2860
9469
8015
5576
2982
4789
4723
3771
9727
2511
4304
4084
383
7655
1503
586
7189
9384
9109
9112
8666
3406
6126
6834
9453
9571
8380
2731
2008
3765
4142
1468
2495
9501
1206
1592
9030
2677
4997
800
4572
6663
2463
5484
8496
2812
6779
8036
8517
523
1841
5971
6496
7548
2239
785
4312
4841
4383
3798
9634
864
7255
3441
6002
9720
296
7475
1843
3978
8656
9963
1710
6929
2246
5431
175
9536
7558
3124
1463
6585
3835
2995
9953
1971
5541
9214
2854
6863
1574
2713
4724
4267
5116
7152
6985
5337
2041
1017
4876
4402
8911
4370
9070
4673
7049
8868
3017
7923
6003
9773
2789
2584
8149
9806
1029
3328
4378
7187
7386
7576
2286
4250
2829
9907
4249
1892
4588
248
9860
1942
7768
1740
4124
7564
4215
3959
7331
1496
4575
6562
1320
7016
6994
5550
1691
6180
6688
5362
6120
137
9701
2306
699
6105
3235
8335
8235
4417
8637
5880
4816
1353
5906
8972
3189
7284
6117
49
1557
3203
2994
6097
8245
2352
8500
4772
5069
5733
6590
6167
868
1804
3255
9461
2621
8168
9680
7828
2185
509
3946
6440
3778
6451
2135
7321
8093
8492
1688
8042
2271
7914
6468
2175
688
3465
751
2432
2891
858
4361
8142
6217
850
5502
6355
6047
3858
5309
5048
3624
4873
9923
9377
3792
6199
7347
3207
5698
9949
4411
5242
6443
4648
6080
6574
4586
8530
7444
8735
2508
2864
274
6613
966
5148
8607
4338
2601
6484
433
1117
6039
3477
51
8409
8990
8344
5188
3432
7026
4101
6705
7593
8150
707
1072
3870
3087
5763
5623
5416
7620
8774
233
2784
8751
6644
263
3675
855
125
1812
8825
8960
5161
9551
2909
192
8127
4602
2140
1174
6007
3897
7406
2363
6701
9887
3724
7336
2857
4606
7149
5361
6685
6291
8152
4720
8538
9172
1292
5321
5170
8987
4547
9746
44
9253
2576
7633
5194
2233
615
4396
3537
1197
4418
1199
7456
5538
9471
8279
2323
4888
2646
3133
4986
5472
3341
7535
9867
4991
7460
5230
645
1875
3974
6516
3253
5564
4706
1668
2831
7308
1550
6280
3831
701
640
5819
5775
6876
4237
4020
5129
4989
7373
85
2931
1273
5021
2444
6758
6094
5022
3749
8122
4769
2069
6924
2687
6824
8640
3083
178
3460
3199
7136
3354
1528
295
7300
8910
1446
100
9966
1567
5639
9991
9402
2842
6429
7441
9872
4202
9351
3762
8978
5104
5859
1142
607
2164
8577
4068
2623
2361
9995
1732
7832
7725
4150
1359
3181
7956
9231
8547
5209
5464
6428
8043
7169
9886
1731
595
9837
9355
3481
3250
6683
9510
3655
6269
8263
7393
1549
8715
6118
4211
7566
5213
5097
2611
1877
719
9759
9037
8996
8863
7246
8936
3147
7213
1183
7560
1051
6326
560
6170
6756
8859
2308
9403
5318
5020
5094
1673
5277
3457
3728
2545
2707
6462
1936
6052
4398
3583
3587
5215
6492
8579
3769
2196
4747
6275
2885
4028
7797
3720
3712
2878
6671
6227
2881
5960
3525
5241
1322
8205
7370
6839
7924
7039
1284
4071
2785
6593
3373
3134
8108
2761
7377
9296
2737
3950
8328
7066
1282
6977
3242
6789
4757
4074
1135
2448
732
7360
8896
4894
2480
798
2232
135
3174
4502
9198
5169
5975
3684
3518
9734
9324
7837
7909
3422
1256
7649
6836
2813
1323
6092
4732
1849
2178
3096
8430
9679
2787
7936
6081
4051
2526
1614
7606
9457
2796
641
4283
1646
8726
7401
3289
8172
37
9169
9541
6004
7525
6477
2108
7319
1871
8591
6816
6588
2347
9142
8558
5925
1675
6768
3784
8114
1436
2413
6943
4458
1686
9945
5312
5870
7005
6634
2726
6647
492
250
8999
8446
47
7822
5383
2469
4137
4608
218
7490
376
5565
9706
6814
6437
8308
2464
4169
7512
3991
4676
5257
5204
933
9036
5449
8383
2968
4022
7787
5844
4857
5397
9549
9443
2146
848
6529
8140
3337
1239
5248
9813
5497
6775
5673
5640
6580
7242
2280
4048
7482
7479
1530
6961
289
2115
1259
9616
3555
3330
3256
4065
3334
2866
5529
9121
8921
6364
9409
846
6521
8220
9259
6870
6236
7870
7410
9823
6018
2408
5089
7485
5760
3694
1212
6742
9604
4265
5900
8683
3435
1477
629
7221
682
3823
3419
7969
7150
427
1195
4854
4652
8254
8864
9724
6142
3554
7770
8126
7473
2379
2037
6648
9811
6313
5112
2507
6715
3687
489
2751
1657
8456
7293
8089
5329
9315
200
6543
5296
9228
9652
6290
8480
4301
7032
7494
6921
9518
9173
9408
986
4733
8092
7067
6793
5915
2345
9010
9371
1784
9208
3961
6116
4658
5315
6984
9758
5380
6384
9304
995
8894
7688
1903
3403
2971
3651
1115
5708
3292
5656
897
8533
1395
3149
9084
1923
4208
5423
1299
327
8933
6845
4472
7805
5837
9017
4901
4746
3378
5744
917
4377
3405
4136
4419
3539
1201
4332
5861
2651
2147
4416
9088
597
7004
4567
8355
8982
3437
5637
5984
7118
5874
2619
4561
7338
5088
4288
1623
7430
92
5940
1084
531
8787
4123
1860
6667
1000
6880
8439
6012
4711
6791
3000
4750
2099
7714
2027
1290
1735
6975
4659
1104
8781
1966
693
7023
923
1287
8160
8822
8690
5092
1033
2632
1797
6848
9108
4828
2954
3065
1339
5240
235
5152
2683
4166
6251
4224
4134
7416
910
9200
4918
844
4957
9184
7723
4231
5287
5741
7987
5379
1783
1852
8816
6375
2314
2989
4246
3595
5522
1333
2267
5681
3157
6955
5084
2965
1238
8841
3234
2171
8048
5310
2000
1254
4493
5549
228
6055
8675
2095
8663
7865
7589
9282
882
3277
6515
298
3309
8522
3889
4076
2763
7518
2137
8162
1683
1352
340
6788
604
2186
9689
9857
6540
3018
7850
5853
7703
2370
9981
207
9110
8115
7876
6467
400
5898
651
2430
9274
4242
168
4381
7324
8482
325
5518
1127
3049
8695
552
216
9127
1661
2015
4433
1952
1765
9387
2415
7879
293
3600
9158
4069
3553
4186
2438
6448
9914
5269
1650
7483
9975
3607
1963
4852
9264
497
4889
2669
2235
5409
3855
2695
4800
223
9484
7948
4778
1129
1548
5513
5171
1931
3787
8112
826
4106
3179
5540
4988
1376
5875
8900
532
5034
3913
8672
2670
3493
2365
9752
2722
7746
8961
3243
9513
4412
1819
3116
1915
7607
8485
8897
1980
7895
8
6226
7357
4843
6986
56
1132
1858
4840
3204
3740
1326
4739
4049
6878
741
6661
3171
9179
2153
8010
4165
2421
4393
2034
8599
7643
7689
2038
2437
679
4373
3985
2522
6991
5050
9374
8199
7899
8654
7793
6817
2007
7554
3347
3453
9338
2229
8047
1470
1203
4713
2439
834
692
3839
7114
4229
6403
3166
9765
267
5761
6913
1770
5238
9732
3656
738
7641
2735
7093
4938
941
7376
5644
8782
8322
9044
2482
7825
1372
2592
5130
4624
7885
1301
372
5301
7748
8155
109
8074
6493
8805
2533
2599
2732
2527
5884
6350
2836
6583
5178
2955
9781
4064
911
3340
8713
1590
3732
6391
5375
2117
4812
4226
7294
6899
282
4714
2598
3907
6049
4549
7323
8710
2134
4089
9972
4287
4875
121
4607
6622
8539
4914
2301
2996
5173
3213
9128
4644
3206
4299
8356
5964
698
3803
8248
3101
7178
1660
7563
8057
3054
1818
5766
9327
3678
5687
5137
3366
9792
436
7765
6133
6902
7704
7230
2843
9286
1696
9046
4587
6197
8326
6983
8689
4037
5739
9787
538
3410
6463
6736
5436
9639
9848
7124
1655
7759
3390
8132
718
6304
470
5391
9489
8337
7313
7193
6962
238
5471
14
7757
8527
664
3925
4203
9763
8412
9015
4809
8486
8410
1617
6844
5962
3766
4181
590
4494
8062
2782
2288
1989
2531
4110
4239
3128
6339
7199
9079
7654
5696
5263
7448
609
3680
3114
1775
8684
4615
5881
8367
8800
5119
9003
9782
3138
9873
6558
7247
9885
1511
1604
9285
1355
9197
620
5331
3319
3482
5482
8180
124
3983
3979
7117
8017
2315
9753
254
1628
7464
3599
7542
8000
3038
715
5198
4795
2299
8224
2861
4014
5200
8302
7059
2139
9731
1560
4683
2019
3387
2539
5714
7415
9348
729
7857
33
9129
9661
2607
6089
7572
663
2477
4978
9631
3463
7198
7311
5581
6156
1553
3290
9306
1615
1968
7222
4008
3570
9611
9113
4633
3015
6225
4363
5847
6864
4342
9082
8678
6393
3011
8325
2447
5184
5081
9027
1914
1603
1164
4454
7060
8078
2394
7153
7380
5961
3039
3760
4614
705
31
8004
7466
6476
8845
8953
7079
4531
205
2341
1948
3676
1155
6937
5408
3609
8907
4282
7184
6401
1846
4099
4835
2243
6777
8064
4686
2915
1260
3297
8297
191
9950
7932
5813
6538
7299
1693
5109
1048
1181
2423
6354
9943
849
507
4651
6843
9119
6989
8104
7975
3102
1394
6862
1215
9993
3662
755
9161
9054
2356
7656
2524
9210
7549
8744
6135
811
172
879
2263
2176
7302
3145
4656
8306
9508
7126
1677
4799
9695
9974
2351
1427
9580
3272
5683
1873
9669
7677
659
9176
3577
6621
2220
9307
8503
4148
3576
8241
3371
6826
587
4948
585
356
3416
9466
2617
452
3413
8422
5587
2118
1316
637
2534
8847
1851
7
277
4895
1291
8871
4091
1730
7469
8874
7980
8022
4736
7902
7498
9146
4151
7540
8594
608
2102
6796
9328
4149
4212
7110
9261
4701
2064
6139
8949
726
8091
5969
8299
2778
9254
9165
239
3021
6787
5106
2573
5896
1437
7534
1035
1805
1340
8005
8944
1558
5065
806
4213
5132
4221
9719
9638
4355
8431
3456
3421
3746
7031
1897
1640
3187
7452
881
2501
6461
4201
3377
6287
2496
9657
3764
6219
4491
2106
1562
9951
9882
189
116
4776
63
6458
4252
1046
3602
8262
778
3452
4585
8937
6910
4026
4512
6000
5556
689
1868
5260
3040
8368
5286
7761
5905
7484
128
527
5992
7426
8050
7190
6266
7433
4296
326
1305
4900
6152
9223
9271
9656
4192
1099
2600
5233
9337
915
333
9362
9180
3936
6714
9318
7640
8230
7216
3420
6877
4839
1648
110
486
9478
8856
1304
8798
2344
132
2136
3693
9447
5454
7217
6325
1908
3551
1999
867
2242
4258
5430
3508
2999
2159
8717
1397
6507
3073
2734
3352
8134
606
5072
2535
4359
9503
6631
7810
2491
1504
9898
2705
1534
4218
7340
1433
8618
660
4566
3082
6966
2120
2873
4890
4384
7425
160
8097
3851
899
9525
48
6385
1464
4337
8529
1754
9741
5235
2650
816
4349
1038
2548
6668
7700
8049
3005
5425
6334
7350
1626
1953
6441
3513
5991
7037
1743
2197
3588
9942
6068
8609
362
5256
9311
2460
9644
6934
8938
5360
9599
6542
2750
4848
1162
8964
7789
6835
1568
6388
9844
2700
8828
5239
3734
3697
104
5705
4892
8032
5311
8772
2358
7528
6577
9528
2014
7663
4362
5883
6725
5786
8975
2616
3418
3715
5958
9441
2098
7715
8691
6757
9939
5503
438
2257
332
2691
2768
8395
7389
9490
6160
9114
3100
2163
8404
6795
7055
2859
346
9204
8840
5856
3822
639
6111
6556
7472
9482
796
5411
2856
9081
752
5840
5145
2564
6560
1227
2701
9598
6274
4761
6726
3072
7105
5981
412
2157
1769
8701
8775
7570
5195
1289
7254
8922
4275
1585
6346
8892
851
7327
9367
4105
7502
3657
4738
990
7161
3043
7394
8358
4913
7035
8315
279
444
435
5246
5831
4836
8954
1440
2218
2583
7950
7851
6053
5441
6140
2591
2216
2348
7330
1361
5561
6218
3291
3348
5480
3249
3955
6719
3776
5392
799
944
6680
283
6479
8884
6572
9743
1757
3942
8330
1179
2029
2312
2760
791
3663
983
8443
1298
3026
8229
6587
1993
8440
4993
5947
8671
3215
549
252
8309
4522
5051
1134
2253
1945
1331
1147
2814
593
2625
4700
1348
8723
1303
9917
581
9667
9861
6554
9438
4538
1264
6329
3449
6867
9572
1946
6837
3721
1583
9385
893
9807
8493
3932
2839
4380
6692
6807
1346
9863
4129
3738
2589
3901
4053
419
1771
9756
3196
9890
8188
7075
1068
4645
9383
9870
877
4358
9533
1695
4623
364
5821
9927
1202
4122
1113
4985
4387
2391
4905
6444
9340
4749
272
9967
8746
8331
1491
7128
7091
6195
6154
1424
6702
1482
4661
4636
3909
9203
5353
6333
8560
8932
16
9655
4439
5597
3659
6122
5421
1820
8253
5836
2340
87
4556
5293
5227
9131
725
3202
1616
1466
9708
1337
4958
1374
8844
4465
4643
2840
8364
6630
3264
7537
7919
6206
5420
409
7678
8571
8158
885
7368
416
2987
7781
8401
8274
1808
5151
4130
4618
4259
4088
8258
6933
7856
2637
6060
3047
8495
8438
1279
2566
9516
8370
7863
7965
2558
6373
8810
4187
8365
4253
6503
2375
94
4589
1070
4392
3007
2309
115
7510
2769
3594
9938
6731
3844
7417
4944
4528
4260
7710
1917
8814
5810
2614
9798
5127
5365
9343
5746
1318
8007
7966
4949
6627
4632
186
4481
1578
7794
2004
8848
8280
3948
7776
6944
2767
7538
5633
4881
6490
6956
3873
4820
3472
9856
3622
6517
534
9997
9498
5667
7092
8509
6136
9615
1373
6939
4979
7233
8437
7445
3186
89
4690
7958
5417
9692
7095
8962
2131
208
4932
5923
2647
8417
3392
9729
3380
46
1909
841
2635
6856
4284
2706
8053
7455
9998
9485
8192
6322
8893
29
2013
9149
8190
2275
3713
3232
4198
8414
4675
6573
7541
5737
8610
6884
6635
4779
1500
9451
6032
7840
8653
2468
2546
1533
4426
7486
5827
1664
1570
1386
2682
4877
5519
2077
9071
6123
1879
8382
8174
788
7339
3506
8375
873
1057
2490
1682
6660
9476
9460
3509
3906
9195
9529
4862
2559
9297
4278
4934
2321
363
5858
7515
7094
8264
6945
6347
1622
5606
8861
786
4666
2052
6301
314
4451
3356
5983
4432
7142
9875
2622
7397
2920
1777
8704
8189
1003
710
4413
7544
2887
4021
3881
4819
2180
9702
5514
5553
7116
4822
7871
2692
8720
8072
3569
6148
2213
9597
9202
5528
1834
8025
3426
1561
1703
2485
9840
6317
6738
4177
4442
2465
1527
2740
833
9850
1663
7282
4641
5160
6158
5594
8288
6936
1253
4461
8459
3644
42
5455
782
2402
8760
8477
6823
3821
9962
2074
3857
4016
5772
7835
2498
7326
4557
5638
619
6132
2606
1172
131
3451
2410
6380
2853
9585
8313
3237
7439
244
2719
662
345
5128
9793
7890
6499
8388
3495
7462
3560
6338
9838
8329
4015
3878
9106
294
3464
768
5427
2892
8319
2377
7708
3820
6527
2227
5394
7718
5447
772
6762
3905
1090
666
4625
8757
3816
5254
3368
8033
4590
1184
6815
4525
2255
354
5174
635
7906
5202
8759
1028
9609
3121
4324
3016
6376
4802
3872
2254
4460
8294
441
7764
3951
9592
437
2658
4924
6046
7489
6185
3492
8400
232
4537
9382
1970
9446
853
8472
463
323
7252
3751
2838
9050
312
2097
8546
3177
7648
229
8405
861
1188
4610
8041
429
8777
9120
1066
5008
7174
1669
8371
3912
2844
4323
7303
4257
352
1977
3360
101
2190
6278
5816
4295
8682
9591
3564
8511
24
4276
4233
8462
3084
8731
8852
2449
8598
9369
1761
8891
854
7947
7400
7271
262
9538
1224
9060
5716
8065
5937
5364
5634
2122
1905
8773
337
8688
4241
8645
5798
2913
6486
7312
964
8468
4471
7812
5894
9935
8823
5669
1234
6246
6620
8590
1103
11
5789
8349
6533
9564
2550
8556
5653
1478
652
7573
3954
3704
3885
6564
1831
5036
5768
5378
2057
4269
7526
330
2390
8226
2373
2486
1452
7283
3283
6591
9784
2983
5126
7437
9879
1312
9558
2138
7520
3265
8455
5692
3876
461
7519
1251
919
2493
7763
1255
5523
4356
6302
6051
5672
575
391
9590
3630
7027
7253
2244
1565
1146
2627
6378
3501
2871
8686
3267
5793
4255
4631
7262
4861
4917
9877
8107
226
8378
3700
5208
329
120
6417
7889
3316
6163
8902
8882
1243
9235
6832
3459
8876
6344
7508
4695
4162
9062
5306
2771
1698
4798
3044
5515
9984
9760
144
3737
6013
4168
3670
6345
4907
7971
9930
2329
2674
2906
5037
2033
2087
3035
3868
9056
7854
6759
3573
2121
7057
1665
4092
8323
7025
6940
5283
3470
4922
2867
5295
424
6084
4906
1708
1450
7982
2277
8988
64
627
1145
3022
9723
5338
3837
1144
5276
7072
520
5527
4599
9804
9928
4945
7568
1384
6077
7632
4102
3956
1216
5369
4642
2292
3372
5968
9941
9473
6387
7996
5732
1489
4637
5867
450
9629
1520
8429
7913
7003
493
1330
5773
1718
5123
5292
7642
1275
5826
1832
940
72
8855
5569
2743
5663
3068
657
6359
6993
658
3446
8740
7431
2986
3216
9401
2056
9920
2863
221
3998
2754
5205
5610
4821
5149
4546
5030
4236
8934
1944
1514
9130
5626
8448
6536
9168
8407
6262
967
517
5629
5684
5788
5166
3010
2075
6108
6366
4118
6908
7571
7317
2686
1928
5259
9418
1593
6808
2400
6639
9672
3860
159
4552
3918
4758
3556
7977
9136
2962
9678
5196
5133
1007
9440
3548
3692
5290
1236
1608
459
3028
5754
1088
6438
188
9990
7200
2880
965
9779
1219
4172
9445
9809
8779
3322
9410
8919
5571
8061
2945
9303
380
5003
921
423
7944
97
5068
2093
1785
6981
2424
905
2886
5938
2932
7291
1840
4438
9575
1122
2903
8119
9063
5560
5584
528
9883
6396
2649
3965
7371
6778
9431
7626
8733
2884
153
2089
39
3846
469
1599
7855
8528
676
5336
9272
5603
3982
8930
630
2065
6362
9151
5945
1417
6390
4693
4667
7202
9710
684
7737
5229
1082
4886
5570
3864
4223
6271
4855
1956
9266
3989
4640
351
3533
3288
1186
1079
1163
9047
5709
7220
9649
1782
8791
4056
9265
4346
9098
9780
9520
3050
3063
8181
7143
5448
6771
7391
5103
3894
514
3222
8461
8284
328
5340
3268
948
1612
9155
4786
9283
4240
9199
4313
8965
3476
543
3037
9393
6693
5357
6626
8838
3526
9762
4703
3614
829
318
7791
2802
3252
1023
417
5376
373
4107
8536
5764
9663
5671
6352
7997
9213
5366
4649
7007
3611
9563
6257
5614
7074
1281
2489
3293
3440
3176
2364
6830
5442
9728
7604
8778
3649
8762
6801
1799
9405
9542
4343
4235
8568
1302
9159
5
428
5517
6930
6189
4509
2615
3708
394
3976
2409
3162
1638
8899
7206
1190
399
7188
6159
2641
4870
4581
3772
9636
7717
9018
2795
9217
6598
7108
9994
4920
9057
3660
1575
5583
7334
3168
7267
4684
5617
4326
838
9646
5093
8161
4140
5435
66
8519
2462
8009
2494
866
3807
8865
9517
9372
5976
4771
7477
9246
6825
3295
3197
2792
5217
2681
2653
3824
1659
611
4523
209
839
1336
2793
5077
3092
8545
5165
1924
6303
2779
7287
2040
5422
7207
3075
1362
9622
5325
7625
5510
21
3515
1223
7706
2728
8585
6733
91
9777
3431
7101
7839
2628
4483
158
9596
1118
447
2745
4777
2547
2455
1540
2977
570
6358
6328
6075
3349
4694
6973
1507
6744
909
980
8627
5120
958
3307
1096
2270
8929
7904
5491
3172
3381
7304
5490
6569
1406
6191
2187
7741
3647
3832
7277
6673
3975
8586
9190
7699
6030
4672
3986
2192
8421
4406
533
3085
7343
5345
7597
6010
6958
9014
8021
4001
339
1579
7358
9391
7138
7506
3767
8135
2258
3163
4740
3355
6557
8360
3568
8211
5064
6523
4334
9069
6748
2417
9126
4773
1107
6512
2888
3669
5632
9334
8619
2807
9937
142
1764
7058
2054
369
8724
601
9794
3165
8080
4270
9904
6595
7529
4553
823
147
6774
8737
1156
815
1421
5752
7181
8006
2939
1241
6754
5062
1143
9684
8832
7527
4480
6722
5288
8969
8339
2148
5588
7955
6545
1957
9267
7580
9509
3195
7096
9316
4507
