5467
9518
8402
8854
3163
407
6207
6726
2617
780
8087
1685
1787
749
2397
9794
1468
2734
5925
7268
4138
2112
686
6940
9262
8198
8170
7232
235
1811
9513
7874
1996
5903
5952
7041
336
1941
634
4016
6970
7929
4213
3387
5997
4120
4287
5162
5996
9668
3593
8641
9096
9483
4197
1920
9246
3223
9464
4587
2446
6221
7775
55
1258
2590
5626
566
9599
4523
98
7969
1456
6461
8092
654
2436
7353
4463
717
9618
2280
3268
9445
7325
5690
7249
3168
3504
7665
2555
2655
5441
1103
3753
9670
5500
9750
2159
3068
5609
9970
3114
9658
5351
838
8723
7767
4063
4522
7452
590
6561
3635
5965
9808
5254
9282
9893
2813
8180
8974
7817
4911
3469
7079
413
5041
2597
9332
3487
2163
4470
4500
42
3476
4285
2174
4542
4790
1412
3490
5661
8016
4174
1760
2474
6994
3609
954
6278
6748
9572
2545
1914
8823
2647
1926
5073
9500
5437
5972
5325
7844
732
4526
7257
1804
1705
6845
8191
4221
7221
119
1224
1715
2547
2186
6269
7610
6362
6926
1123
6705
5587
4754
1004
289
5656
9134
3862
6332
2731
2824
3741
4077
1380
3553
1062
2667
4401
3612
4947
6173
4506
1884
7482
478
7357
1514
4801
9123
3085
81
1655
5842
4879
227
5685
4410
9498
1680
173
4482
1320
735
6976
3353
8986
3839
2693
8576
9490
6283
7315
8454
5149
1129
5595
138
1984
679
922
7917
6879
1935
7009
9420
1865
3299
2346
6464
3974
4603
9019
1549
7778
334
2740
7756
4574
9435
6302
4931
7933
7222
224
8628
8961
8135
1471
8435
8014
6608
6082
943
102
1992
1838
7360
8582
9848
8036
4429
4060
9947
7398
4767
7129
2977
7932
9954
3761
7313
1774
7542
2944
8318
4678
3212
4125
2419
6009
9701
3285
9029
418
8279
8561
6914
965
4666
9674
5438
7596
5386
432
1390
7166
7441
349
9886
4992
7555
3909
7185
1822
1185
71
852
6360
1168
4190
4643
487
1694
839
617
5151
4676
4498
296
4289
2875
3931
5131
3957
8887
4122
5357
9240
8599
5132
8467
6102
7564
416
5487
8698
185
6264
4620
6112
9857
9679
7152
6711
179
7715
9377
3807
4189
7123
3162
5604
4236
5607
2882
2644
3572
6215
905
3812
7239
1190
9296
9521
5755
3438
8991
8883
3675
9426
8813
8054
7040
9903
6972
7283
5718
725
6982
6439
6488
3962
9057
2513
1352
2726
848
5462
5735
1415
8437
5819
6768
4553
5613
1021
3687
8631
8069
2754
1473
4129
209
9811
2915
6693
691
8468
8571
5486
1547
4489
1767
5795
6720
6564
9717
3702
5208
3860
9557
581
2714
5594
7216
6682
6888
8678
572
1137
3546
4480
3551
8835
9450
9223
325
2292
1594
9412
998
3657
8758
507
3210
9914
9645
3332
3634
8861
1087
3145
9972
8298
1505
9702
2179
1652
1078
4845
4340
5427
8881
613
1144
5917
5383
8665
5746
8362
1462
7539
5508
5186
8286
107
6477
2298
2867
6129
7772
5576
160
8680
7657
5657
800
7000
9549
1241
7051
1502
8498
845
8937
8393
6003
8121
7875
8351
2224
7177
1096
751
8392
5708
6892
5784
4720
9325
6342
9130
7155
181
8147
7467
8390
7202
6071
5597
232
2160
5778
5262
1539
9696
5217
6541
4318
9393
5127
2323
3624
5821
6257
8020
5059
8154
4865
1844
5193
7075
8975
442
1802
5344
9066
2758
7871
5757
724
9778
8652
2746
482
3035
2776
6019
9612
7672
2811
1736
2832
8528
5931
3769
4694
6661
2804
6810
3890
2807
8891
3275
2802
612
5063
1313
5138
5159
3250
1195
1515
7789
4918
2912
4238
9816
7931
8417
7210
4107
5691
2023
5241
8425
1015
3452
1312
226
9291
1368
2767
4276
9611
4059
1276
4064
9484
493
7977
7585
5793
1025
9006
1283
6878
5847
3442
3491
9050
1810
7299
5768
769
5224
2518
1890
5851
7606
711
1562
3054
3584
4126
5128
2831
7633
5265
9889
7002
9999
4264
1128
3828
4333
4706
3156
2060
2691
7369
483
4514
4529
295
1843
9904
5303
2845
5263
30
8218
4759
1203
4545
5861
7014
7159
2625
6445
9271
12
2351
9059
5568
8782
5765
7724
4147
4478
4149
353
9053
9269
1441
7693
5786
3778
4185
6265
4936
7656
8602
1372
1999
5352
4776
409
6255
3566
7959
1382
8452
6239
5579
7737
8833
2678
553
1821
7843
8740
2444
1660
568
6806
1111
264
5794
5064
5055
7224
3292
9592
2550
1206
1849
8673
2349
6151
7372
3791
2830
999
871
1319
1026
9585
8703
7119
6834
3021
2967
3175
5311
2516
9849
4217
2076
1316
3372
3461
2546
308
9938
2432
8707
3307
7905
8819
5512
9539
7636
9193
6745
6325
494
4702
5537
9127
2306
9318
5475
6150
3260
248
2215
8894
502
8278
3664
1842
6021
1601
9955
9476
3026
5639
4871
7591
3620
112
6224
9115
5016
2925
1525
6526
5871
9044
8876
216
2557
6911
912
3475
1373
5549
2125
6540
9009
869
4952
57
7286
5396
6089
2437
5292
8246
4512
3670
4416
284
7956
1841
5340
447
8550
1586
8590
253
870
7944
9289
3948
7016
6543
4975
7560
92
3181
4494
6672
9968
4437
5804
9905
7661
376
5183
3368
5366
2400
9008
5359
1388
6032
8717
7311
6451
8269
9213
6659
8549
6551
3706
719
5627
7562
6063
2710
878
6384
3367
797
5876
6860
6160
4788
6254
6039
5297
8285
7643
8045
4133
299
7048
5766
1263
5046
7826
5060
1818
8587
2959
3861
4022
4464
7641
5139
2975
7072
5334
415
2932
9514
1557
5176
6813
444
2092
5980
894
9621
6029
8586
6368
9899
5654
8192
806
7402
6934
7242
3470
479
7827
5133
668
6322
2065
4549
3831
4462
186
9302
3126
1871
7666
5410
4351
895
2493
9160
1553
4583
9391
6494
8230
3340
2840
5109
756
8928
4730
8252
7745
8026
683
8777
6152
1006
5700
3852
4597
7304
8322
6065
8648
728
8719
5119
1098
1783
4715
3364
3064
5302
7214
9894
9431
6471
1490
4654
8177
5403
7281
7359
6149
6308
3062
9078
2142
5581
6952
1766
4433
1622
1079
5361
7629
3989
292
6503
1029
463
2863
7712
8480
8289
5100
7570
7812
3777
763
387
4304
8307
4858
1449
3510
7938
3228
4934
2593
9084
7577
4823
5495
9344
2286
8688
4910
9604
9091
3995
6463
5187
9876
1837
2441
764
873
6771
8892
628
5788
7701
7084
2483
9427
4916
8088
9584
976
5210
2481
1933
3241
1492
1899
2357
403
1074
4015
3101
2078
2702
6704
3288
942
6959
3780
3089
3231
9644
6592
3660
9884
2917
7425
6735
5285
2016
6253
7780
2621
4870
6987
6821
9436
3419
2295
4919
5913
9900
8377
2350
9733
1041
3404
1683
2002
6955
9508
851
9669
1524
193
2582
867
5548
1299
4383
6578
7128
5212
9593
8832
7121
6359
8993
69
4854
7692
8997
6313
1497
5841
242
9358
8700
7911
9851
70
1918
9573
1444
1417
1875
1124
1819
8048
3259
3262
5854
5098
1476
7822
2648
3765
9596
7499
3848
2540
2165
7415
7854
7142
4258
1806
9975
8187
5707
2049
6047
9951
8868
5969
7511
9339
2851
5008
2972
1429
784
5844
1260
779
8989
9442
6134
5420
6773
5648
400
2898
1572
8413
2998
5749
6524
183
681
4804
5985
2529
8667
9930
3542
4819
3206
4680
713
4071
9463
2787
6141
1809
304
1277
2284
3907
7068
4300
818
4932
1270
7773
5966
4091
6975
796
3467
151
7131
2491
6538
5190
1852
4263
4907
2423
4962
9548
4900
7010
958
5141
4343
8039
7713
5831
3950
1253
7782
3604
6070
7422
9608
9405
19
1915
5103
8163
6318
1501
9312
1084
5460
2988
7707
7485
4833
4607
7761
6706
6115
338
5118
7600
7035
7815
8422
65
886
733
2659
3065
7073
2792
8445
5494
2764
4631
4847
7861
8945
8931
5192
8376
2742
9566
3107
9165
8789
8106
1282
957
9037
6763
8871
3977
7029
3627
4983
4608
8354
6676
1033
1862
6891
8964
2087
865
9219
1880
7785
1375
382
2679
9895
4891
8863
2755
8325
9913
4917
9673
7322
5108
6717
7030
5051
5206
3317
3375
7784
9203
8521
988
2408
8859
3147
9546
1576
6344
861
280
2971
8303
7674
3022
4613
8380
7139
8451
6402
7702
241
5727
1164
4548
7463
8847
8456
723
7115
1979
6583
4878
8474
7566
4602
4519
8117
1754
7995
4062
9721
2064
9656
2077
6617
9100
3293
6671
8952
6394
7080
2425
2820
2727
4434
3899
9723
4837
8023
4365
3714
2637
9542
419
534
5855
4403
1344
1061
4080
5188
5720
56
9192
2118
2230
8771
2699
9781
6006
2797
9953
8988
2747
6077
1143
6665
8537
1817
78
2158
2887
3358
7529
3099
8497
5740
2773
7031
7021
5289
3211
3934
8829
3889
4530
3684
7971
8754
2053
3492
6906
5534
8375
4208
8080
7198
3357
7455
4555
987
3395
5238
7296
5675
6252
1973
5
9589
1453
4389
4121
2940
120
9853
6733
3925
7480
4624
6096
2000
2459
9107
1287
3274
4260
8281
7192
7856
1157
4756
5852
6738
3785
9672
3996
3674
9880
8429
6037
2377
7122
7637
5120
5122
8704
6217
2033
9489
4216
4627
6675
4085
5189
8275
2261
4427
6140
3326
7834
5034
76
4438
7533
5363
582
4809
1291
2162
5780
8138
901
2571
1697
3104
5406
6111
9683
9812
1679
5977
4769
1634
3331
8181
1452
8936
3150
6638
7502
663
2657
4450
2880
7387
9065
5623
5339
7284
3472
3949
9201
6946
6153
3520
5624
1236
5662
5951
4187
9517
3866
579
8424
8215
7544
5542
6421
4577
5849
9113
9157
3930
5044
7939
9324
6162
2206
7612
2445
2575
7916
7309
96
6624
7627
7748
4299
3289
949
9334
1889
2786
7076
2986
3940
5838
3363
8896
832
8697
5320
2475
4308
8447
3137
3183
6319
1112
2947
1702
9973
1064
1031
3270
7312
9402
4985
7718
6981
5955
27
7888
9068
4924
310
9654
484
5513
7588
9716
8216
1588
6180
9444
6576
4311
5642
2402
8160
2363
2388
5204
1024
5074
6681
5713
8502
620
2260
6410
8324
1339
5092
6263
5308
4290
4964
8670
3886
831
6651
7329
4407
9824
4445
2527
2937
7755
8125
4504
1427
8830
8210
2417
7104
1047
8730
5953
1348
8653
3120
5658
5333
1656
1053
2170
5710
4929
910
6064
687
2479
5198
5164
7451
1447
378
469
1419
3583
7349
4984
1814
9237
5180
6597
4866
3649
6425
9815
7669
9950
6684
4826
9292
1141
4877
3401
9154
375
4011
2017
919
8009
1617
7496
3535
258
5802
4831
1670
6486
4739
4689
72
6191
558
4885
2239
4697
7887
2176
5674
1399
2636
3723
205
8201
7193
4376
3533
9555
2063
6341
4991
3063
8869
2885
993
4576
2062
1043
9260
4075
9530
21
3485
354
6095
7839
6855
8593
2847
2883
2633
2366
9556
6223
8649
8856
265
4455
8795
3538
250
2634
2763
3503
6135
5572
1940
3805
8990
1745
1939
5507
1633
3826
8209
4890
737
9875
9885
2384
9151
6331
6163
8934
9705
2236
2115
2069
834
3813
1271
8084
5091
3629
5724
5712
3454
3773
4960
4692
569
6876
7277
924
6045
3561
1230
1831
1712
1974
920
1967
3220
7376
471
7484
2100
3915
915
1000
5209
47
189
8439
3947
3187
5915
4222
2327
2414
8064
2627
6585
1591
600
7306
4135
9847
6378
3142
2152
399
1109
1209
2097
5603
9620
6
7007
1855
6828
4316
1840
9437
7314
7470
2229
2978
3872
1503
2991
991
7341
1520
1136
4160
1166
850
2668
7594
4546
2733
5797
6074
6300
7607
3718
2801
7508
7317
8212
8763
5620
1535
7088
6899
883
6734
4262
638
8647
5053
228
6219
9350
5199
6986
8111
1019
8274
3902
2526
5505
7823
2715
7408
5040
1858
5144
6852
2781
2968
6985
5088
8715
3376
5667
3273
4821
6948
4402
2029
3933
5731
4484
2171
3493
4393
4360
6188
8939
7179
3827
6809
2198
5519
6062
8304
7394
1713
6808
1376
8082
8227
1481
8366
2255
4232
6015
1483
8481
3576
3787
3662
2618
4988
131
8116
5982
5946
3440
7267
3097
9956
1570
4565
4667
2114
5714
7230
1463
9241
2539
4937
8167
6299
3567
8309
896
1701
3689
355
4747
4153
6411
3942
464
8349
898
9802
9988
2594
3742
8499
3123
7421
9191
9619
5645
3700
1552
105
7723
3291
302
6593
7801
3474
3912
8681
4904
5621
5601
9735
8350
4099
7438
9756
981
7388
561
7096
8098
8977
1836
9642
8594
6807
2302
3505
7841
6479
8297
2748
2603
8687
5023
3637
7650
3413
3935
2210
4136
6088
1201
271
5689
5878
4585
5939
2914
2020
3152
835
7819
9818
1741
5629
9392
5237
9046
3092
6935
5043
5313
1281
8801
8746
5748
9303
819
7469
9983
9424
7794
7365
3760
4762
6874
1688
3246
4579
9755
2719
9940
4590
6902
7418
7937
5110
3201
6220
3371
4944
474
6038
6084
5737
4743
5442
3836
7171
1551
1574
4363
8129
2222
1874
8733
3245
1234
6514
371
7135
790
977
7522
1761
6791
3738
8329
2233
1472
9540
4540
492
4468
4568
2440
9922
8462
2902
7052
1052
7924
9117
2249
794
9535
8083
9487
8123
8821
7951
7234
5978
8643
5628
4883
3859
1139
3116
1801
3987
3322
770
8134
3513
8068
2592
3429
9472
1923
7406
5233
5407
4979
499
7545
3489
7920
3091
7559
3766
5172
4451
1531
2613
7038
144
7332
8930
4298
8604
4671
6030
5582
9069
6932
1489
4798
801
2918
421
7226
3339
4534
7097
2849
5372
8042
9783
8029
9590
9043
9072
9710
5990
8494
268
137
5489
5921
3919
4320
3998
4499
5202
1477
4901
9309
2600
8450
8488
7873
1728
4203
8760
3324
7746
4181
498
2128
4456
1528
4466
6238
6443
5738
2401
1068
6493
748
3311
8679
2387
1158
5511
2427
7012
805
721
5266
7407
9163
8277
8500
521
5483
9881
5529
7391
9877
3337
4827
9661
2913
6120
3857
6055
3425
584
3455
2132
6390
2196
6236
1571
2581
7760
8074
1896
2716
8453
580
5137
5681
437
7217
9131
8855
8097
1374
6072
9114
576
6457
10
4763
6291
6815
2477
6870
2894
9428
6781
7203
8805
7708
6695
505
142
453
3955
6078
408
3194
7547
4313
8597
9908
3443
3537
225
1083
53
9308
9902
6632
2039
9551
5687
8839
5637
4908
5472
2628
9348
1321
6392
5880
3058
4688
1980
3529
8794
6545
7189
7270
3879
5646
5452
8261
2044
4257
4430
8211
703
3918
2205
7067
9879
8585
6267
1147
3221
2942
5214
1426
8834
8947
8903
198
5443
6824
7829
7569
7910
5633
7478
2717
2392
6050
3448
7240
2589
3316
7095
3217
8566
4331
6349
6553
3105
3124
8049
3409
6408
29
7154
2762
6261
8484
9663
6827
5926
2640
4582
475
458
7975
8846
4032
7212
946
5020
8850
9077
2448
9408
6473
2021
3351
4841
3616
3744
476
4219
1517
7632
5464
4903
93
1568
9
7471
9871
5244
4420
2004
1228
3127
9731
3541
5451
1009
2161
2897
8797
4324
2321
1995
9775
5944
1133
6440
3342
7474
7590
5916
4777
1094
2874
5435
6620
4215
5129
0
1050
5634
6655
7901
6570
2606
2490
7996
627
9443
6618
6696
6563
5416
7061
6413
3695
7333
6434
6727
2138
8093
5071
5391
7774
7851
9998
6917
2976
9602
4158
1556
1035
6797
9156
7047
1649
2829
2375
184
9013
6798
156
3335
9541
8900
9736
7409
2720
340
9477
4892
6800
8811
9356
3047
3682
5371
3143
4172
2150
7752
6910
6713
1828
4614
7026
7446
2632
1632
8430
7082
7494
8889
7386
3408
4492
1512
1410
4341
3433
130
1329
7907
2458
4997
5457
6492
3473
1211
162
7909
6202
8815
9711
5950
6101
9550
1163
221
4771
9283
2129
2572
8808
8671
944
6628
9598
8235
8531
8387
6527
424
5530
6710
4342
6736
6539
5338
3179
9719
5395
8346
3083
2190
7578
4419
4915
6779
3611
6197
9027
6118
201
1706
3610
701
2499
2861
7316
5565
9516
6442
9923
6218
6699
4354
5369
1997
9173
6309
3144
9766
1583
7961
6756
8398
7247
1953
5375
5012
7626
650
2948
7280
6996
7448
439
5611
9337
1834
8726
8916
4210
2994
9686
6565
4812
5522
9852
6490
5912
8483
4616
3219
2368
5536
3426
4486
2790
9963
5278
953
4180
9370
9715
5856
8840
6444
95
4787
4166
7252
7033
1336
9255
254
781
6937
843
8607
2169
7431
7108
4949
6270
3484
3411
7190
5610
9803
9228
3801
9458
9722
4814
5834
787
9928
6092
9488
3121
5559
285
4735
1743
9158
5231
6909
8272
6742
8060
854
640
4237
7779
9141
2508
7413
3115
9175
5163
6237
6740
531
4159
1014
5941
5414
428
6438
1537
3846
2367
4350
1010
4268
5929
4708
1883
1223
7807
5817
169
5999
615
680
5284
3459
1693
4040
3102
4109
9087
7918
7546
4626
2430
9092
4273
3509
9005
8525
9451
2083
4861
361
9167
2140
7803
8033
6978
6356
207
5763
8254
4586
9883
446
3936
9865
9103
4322
7747
7086
2895
903
9045
3808
1526
9190
5887
6669
2364
5281
2457
5904
5789
762
8431
9372
5553
2050
5112
503
2014
8696
109
5327
5983
906
2340
7899
459
4948
4856
9459
8242
541
699
6568
803
2486
281
3346
1936
4399
7705
7581
5959
3385
4543
7792
8657
8536
2614
9563
7116
4989
1367
982
452
1504
1076
7820
5527
6295
2893
468
3477
7507
7137
9695
9248
3495
5385
9023
8828
1416
1759
571
94
3236
7018
5998
2281
4439
9814
5811
6609
2823
2164
2878
5319
9623
3820
7241
4338
1362
252
3732
5550
5704
9969
4183
1386
1859
4786
2304
4778
4571
2336
6621
6725
7685
3405
6230
1325
8293
6925
1829
8958
985
7004
15
3588
4301
9293
523
765
6182
6718
2838
4850
7003
1327
2825
1251
3254
7085
3855
7719
4800
6653
319
2337
5814
2267
5664
6754
2120
214
3234
6324
2497
4387
3549
8768
9501
5492
1286
1413
5378
9137
690
4405
3518
8596
6605
3965
4254
9682
8139
8174
4396
5299
3003
6098
4009
2411
9135
9474
1704
7655
5777
1956
2656
3038
6274
7981
1928
3242
5566
3885
9741
272
1295
5326
511
2683
8920
2313
6132
5374
4872
7618
2865
9035
372
3818
643
5086
7136
199
3786
6648
1356
7285
816
7512
6629
3970
973
5872
9737
3979
6772
7184
1407
3733
1961
4533
9126
881
8971
5920
5286
9136
5348
4677
7908
3483
1430
4165
7506
1036
9152
3325
1225
4033
6175
4162
3628
3606
4945
1651
6337
7328
5197
1117
4851
6571
3159
6691
1511
4672
1451
6001
7631
276
4598
772
1578
4536
5318
8721
3392
2765
388
1824
2670
6513
6094
1690
4588
1955
6113
7720
7682
3355
3617
2671
7500
4922
6600
5644
8195
4173
5984
9499
947
1167
5883
1742
3463
3218
554
8616
7955
8762
3640
2343
2237
3019
7377
5360
2342
6099
7143
5973
6044
3131
1221
2510
933
6643
4148
2487
2291
567
4321
2331
7419
9714
1851
2591
5928
9633
2309
8173
1250
1559
5958
5184
3176
395
1389
8563
2456
2135
2247
3453
5717
8276
8770
9730
5591
5605
7102
4031
2810
6502
3417
2900
6859
2344
5753
6311
644
761
7660
7218
9082
1673
3174
3151
7028
48
6166
3095
2009
8356
2059
3373
4537
823
1911
1830
4151
3360
6222
9411
5703
7923
2088
4968
3213
6116
3471
5554
5026
5531
8256
952
3056
7489
5638
7976
8501
5421
9416
6581
7126
5089
3745
1723
9874
7447
8548
6783
4472
2794
2253
2743
7982
7644
4474
7383
793
8750
152
8051
9249
6662
2987
8965
5412
8788
3575
7879
6826
2556
4413
6262
6014
6886
2241
8352
3582
327
6020
2643
4905
6312
6995
212
4425
5440
3659
134
6184
4748
2208
3248
7985
4993
9184
8734
5730
4380
7497
3734
8240
2232
5659
5387
229
3318
7209
3130
9278
448
1782
3626
8713
5066
9651
6599
7219
1034
4513
5596
2695
8126
5411
8625
9800
9252
158
552
3556
1293
3990
1343
7986
9172
7150
6499
5762
8113
8672
1182
393
3277
7399
9529
9049
2214
1474
6416
1169
7934
1867
3125
8495
9438
329
148
7638
2420
187
1944
9544
4795
6890
5481
9836
6889
5430
662
3036
7726
197
3198
5418
8880
7554
3943
255
3200
3673
2652
6004
8396
3400
1323
937
4745
4575
6076
2899
4409
6465
4721
2068
907
8287
2980
2443
6868
472
2389
5791
8221
808
5728
2317
6766
8970
4726
6867
716
4881
3269
2964
1349
7925
4927
1012
5307
6339
3587
2841
3646
7659
7699
4017
4628
8877
6271
517
9692
7380
5220
3525
6634
1231
7490
9235
6268
2854
9552
2815
9040
1932
882
9020
7531
9560
7227
2003
3117
5630
2689
1069
5942
283
3784
8283
9739
2616
2225
8724
3810
5251
535
3552
6990
3863
5773
8294
6136
8183
2168
1289
1788
1197
1674
7848
7532
5747
3
5466
7046
2814
9994
778
2706
196
8336
5006
5962
4642
2798
2756
2191
1805
4251
5171
1756
9860
5253
4914
3011
1887
5523
923
9934
6633
8983
7110
3822
1850
4544
3672
7278
440
9434
1917
1798
8617
7264
8426
5840
1929
5908
4496
4635
6530
4508
3055
8385
2560
4977
5945
5203
9320
8890
9341
5493
2646
5124
2916
5759
6148
6558
2680
4047
9949
1212
5196
6837
3314
753
7869
8441
3527
1081
8260
6069
1893
8716
5806
8130
1159
2398
8443
5323
5828
4452
4195
5290
7175
4142
328
356
379
3686
8660
2148
9024
7592
208
3044
5745
3423
1921
5155
5991
2197
7957
7593
1200
5431
5356
2105
2374
5296
5808
367
2040
8780
9274
4768
237
8077
6951
6674
3018
9985
1627
3621
6187
3203
3140
5961
7930
9026
697
2287
9323
2533
7739
1613
6249
6167
6174
1813
8560
782
7954
3730
3266
8951
6068
1879
8689
8079
5049
7572
1823
5219
1626
3973
9534
5752
7358
465
7330
2896
3466
1125
9485
3591
4902
1252
9872
8152
7793
2598
8741
8898
7255
5216
7178
3028
9613
518
7298
8022
2153
8929
6431
2469
783
2054
4674
1786
3002
6612
7616
1854
6352
6586
8193
85
6330
7253
7686
5273
5870
3963
438
5471
1543
8141
417
8924
4789
1027
5117
2220
7297
5057
9361
3394
8570
4889
8268
4925
1175
3522
4196
8776
7605
5551
1876
3688
6027
1796
7389
5907
3910
84
8382
7935
6692
4124
7867
9149
3694
629
4933
9099
9378
1065
1005
171
6247
1040
7825
7412
389
7092
5145
4481
3499
5185
4349
525
4128
8849
4277
1152
8301
3851
8373
7338
6554
8323
4669
2806
9662
8786
1350
2905
3327
927
9582
3540
8253
8851
7044
8790
2037
31
2596
9346
7465
2949
9587
4134
8199
1735
5721
326
8078
9780
3599
2999
8005
3794
3444
8994
4283
9927
2524
4256
3432
2134
7651
385
7295
9384
435
5539
8477
4562
5223
8761
3295
5981
1092
9001
6611
405
8669
7351
4886
2379
4887
7601
4391
3923
480
1544
995
5843
1255
9133
2057
2542
2466
8457
3112
6965
1107
1369
1523
5230
7802
4946
9214
6228
359
9155
2352
4630
3057
4127
4167
2070
3468
206
1977
9980
1733
3532
2415
664
1891
1038
7776
1044
5868
5779
6409
705
2653
1458
4415
2155
8250
2718
1161
3205
9627
9565
9822
5358
9229
9267
1
6189
7798
1599
462
3488
4648
5588
1357
3190
4705
3014
8753
5805
624
3697
2515
5622
1772
849
776
9396
7477
2979
5409
3418
7960
8639
802
7456
251
2981
5678
1466
3486
7472
4996
636
9792
5897
7893
2554
8072
6968
6232
391
8196
9747
360
2183
357
1496
1126
5248
5822
1724
902
129
5342
3320
6007
875
9386
862
6769
514
4154
6138
5479
7837
2382
9799
9732
8089
653
1198
3953
2580
5130
13
4712
9825
4004
341
833
9204
1904
642
6714
8371
3920
67
7630
7053
1779
508
3868
962
1085
5329
490
8065
5935
1346
7486
9124
3655
5165
8530
7515
6572
9042
6635
7356
4297
6010
3864
5423
4755
9336
9218
884
5970
3771
8872
7211
1909
9111
9439
5995
7824
9925
2296
2300
6489
9862
2519
5458
4066
6327
4270
1906
2929
4711
8310
9909
519
3720
127
4248
720
460
2958
5584
6315
5509
2218
631
7783
211
1513
1442
3313
8737
4073
2071
7019
970
8888
5975
6145
7445
9349
8526
5893
9400
1070
5107
5863
4806
8693
1146
3922
1872
6971
5756
6456
6121
2416
3184
7684
3946
5993
82
7525
9709
454
1060
1049
2658
6214
7949
6894
3402
3465
4490
5901
2192
2888
9680
3359
1181
6843
887
5160
9194
1494
8259
8473
3853
5545
9081
4673
9887
2322
1184
715
8158
5650
3894
3843
473
3661
6446
4828
8787
124
6606
1183
2283
8658
5697
2586
712
5987
2879
4981
5123
6244
3258
6667
2911
8025
5084
853
5580
6085
5910
1616
9915
5521
5683
6017
1249
9992
670
7870
1488
7266
4282
3302
8534
739
1892
6374
7988
9759
7101
5048
8120
5743
4714
9941
4374
4143
7991
5312
9116
574
6685
8683
9140
1952
1406
1066
564
1750
6480
2450
4950
7479
5532
5142
4623
2391
4175
7846
8370
6956
9892
8267
9120
1881
6715
4094
3209
2694
1269
100
2320
8244
50
2089
5469
7436
2548
8144
9047
7381
602
8573
9624
6958
7334
9273
445
9981
8827
3650
2472
9749
9407
4230
2025
9014
6176
1114
7804
86
8410
5563
8059
4959
7036
3282
5380
4525
7575
4386
9834
2489
3478
1345
8176
9183
2182
3926
9586
2608
7144
1699
4178
3267
7649
8225
7093
4663
7382
5895
8436
9936
2561
4335
8306
3494
2812
140
7927
3451
5750
570
3178
5267
9607
6519
8954
4087
5461
2601
3677
433
6657
1611
4371
7034
7158
5954
9335
7476
2103
698
1045
1565
3750
6381
1071
7919
3667
3656
1716
1762
8541
3025
8812
8119
6066
8613
7765
8067
9554
6719
3871
8535
4475
4155
6579
2750
3985
6724
370
4305
7244
239
6250
9481
2144
4824
6582
4330
829
7855
9744
5335
6943
846
1422
8735
5832
441
2721
3446
1311
1310
1703
5781
2892
3824
6474
6542
4554
7625
1439
3287
844
262
1437
9910
6825
4503
5881
9820
7326
5194
6345
8711
3937
200
1764
8579
240
6279
8131
3619
2454
5857
9494
2106
8562
4372
6296
9828
8013
1948
5670
9810
964
4344
5686
5801
4275
7842
1285
2453
4999
2921
7062
522
563
8460
1297
540
7830
989
5504
2759
8519
8340
1400
8099
2890
8748
3084
3961
8578
1895
7385
5543
7652
3938
1916
1839
9314
5692
3880
1769
7153
7238
1170
8186
6406
1448
8555
1057
9257
3199
8001
2356
1121
3795
3775
4303
5434
210
8503
9813
5065
8611
9729
7621
9786
3581
6765
6679
7928
706
2200
5679
3705
4269
6923
1714
8374
159
8601
4398
6626
5502
6090
2504
3954
8943
5003
9698
7124
5226
5726
3838
9606
7979
3296
6418
4424
9409
273
8745
616
7721
9764
2751
3722
1826
2873
3800
5924
8469
9533
6284
9410
3665
1780
3874
2984
792
5976
3450
6858
7912
6833
9630
6469
6199
4395
3247
5836
5191
8136
9419
426
1963
8019
5874
9676
1215
5005
3134
5408
6056
1555
3986
9933
1048
7852
4411
8969
6170
9638
3244
1815
2654
1589
9425
1729
4048
8614
2530
5373
6785
8972
7346
4037
990
7305
4038
1149
3050
8162
4384
1605
6364
7256
321
2808
6862
3796
9245
3344
2859
8076
5960
8164
350
4958
7859
997
2638
4561
9769
4332
2753
8857
3524
7118
1461
397
868
8589
3623
5736
6323
1905
9779
2353
9311
3845
3614
8280
4327
6944
1604
8511
5243
3253
8722
3439
2221
2189
6240
7952
6227
2126
7273
9647
9363
1254
7254
2821
6703
6154
4723
4229
5116
4954
9236
3790
9841
1120
9347
3009
4347
2279
8132
1636
358
2028
1692
8342
9830
8517
2744
4002
4302
1877
5455
4766
9929
1090
1672
4368
8419
6850
1620
5125
136
7579
1326
532
7970
1131
4453
4417
4105
6512
6329
3691
5261
2619
9859
8728
7355
300
3379
5988
1130
1888
8919
5774
5218
2957
2843
5742
291
5894
4501
6897
1959
466
6158
9299
2036
9553
2467
4558
3821
9772
4734
6723
470
9383
5331
7877
5979
4458
8017
971
4435
9559
6048
1217
9217
8372
2651
1116
7008
7946
5533
7366
1278
8706
2501
87
788
1247
8674
6168
3061
5094
6023
9819
9864
3284
2956
5143
2818
5300
7548
9561
583
4426
7013
3043
3111
5547
8245
3007
8031
9789
5695
8149
6577
2852
5033
9351
8779
8925
1307
6146
1401
6822
3304
6764
6882
880
6732
6397
2827
6760
337
5517
7942
1379
3891
6588
8004
9788
3724
8870
8743
7120
8739
7410
695
4294
8103
3249
2177
9375
9976
4493
4884
6829
177
6701
9767
9118
61
7161
9916
9033
9446
7006
6289
740
9648
1676
2051
879
8142
9943
6200
7768
4036
528
6002
3854
8266
3966
3569
8493
7015
6515
9145
3555
7205
7078
5234
6678
3568
6857
7160
2271
2305
8825
9768
5816
3315
8773
1022
7454
8842
1540
3215
7990
1482
2209
2817
9004
4370
4089
9181
8516
4
2663
7457
7099
4065
8000
9170
1682
4295
5259
6776
648
6707
5167
9468
1661
2369
9935
1099
2528
7742
1722
5619
2151
6448
3042
7538
6123
451
5147
5256
9782
1962
7384
9734
6869
8838
4685
1521
5846
7866
9475
1857
7615
3169
1110
2739
9313
430
9982
6243
4326
7188
1930
1717
7225
6277
3039
7945
3336
7250
9609
5632
4591
6775
1573
8923
2376
8182
9790
1698
2478
7462
25
243
1360
6307
5555
4580
714
1868
9382
575
6594
6251
1832
9041
5558
6208
4265
5465
368
2082
911
9543
2266
4600
2836
877
9288
9948
3252
8217
6266
8853
1385
2713
891
3462
7405
7528
2046
8837
2035
8292
8817
2405
4204
6595
4177
2757
3944
9025
8415
7974
4168
6950
6941
477
307
4119
2001
3676
1518
9222
6005
7087
3229
4930
5785
34
4774
2563
5429
8619
4137
9962
5077
4636
4750
1108
4594
2642
7736
2289
7294
1602
3900
9532
5400
5875
6122
7113
4928
8955
543
5820
9926
4003
9242
3680
5337
9174
4373
8264
8330
3968
7677
3736
8966
4641
2424
4227
3598
6426
7786
2470
8520
6373
3138
2629
5390
4687
7683
9687
6677
9354
4319
773
7111
4097
2939
1506
5175
5482
2438
8621
9352
2775
9230
7738
1179
3189
1016
515
91
17
9162
1597
1950
1272
7613
6414
9995
4559
7375
8946
5376
2502
2434
4535
1983
3391
1744
108
1210
18
6415
7354
5636
4447
9520
6496
4056
4130
5744
6216
6805
6614
9867
9896
4646
194
6385
9491
1366
9708
8606
1751
7319
8232
4291
3994
3512
4164
104
394
1056
2075
6358
9414
1596
8682
2578
3015
5148
7818
8914
2522
795
6109
1106
5812
2488
2013
7611
4030
9079
5454
7582
4163
77
9634
5478
3941
1558
6983
9684
4061
8878
8507
2684
4773
217
9125
2137
7468
9470
7513
7037
8027
9762
7373
7401
7149
3049
4567
8656
5010
9129
5083
2983
2805
230
7540
7883
2928
8037
9588
7350
6242
6258
4469
7835
2639
7864
9577
3768
966
279
6083
6900
4272
6273
9261
6603
6739
1784
741
1485
6303
9448
8841
6366
9176
1433
9440
8238
6721
4211
9837
9433
2268
9364
9362
6147
4622
2019
918
2969
3815
8865
2919
7215
1719
4875
4028
4233
2451
2104
5535
6398
2664
4741
7510
3897
9250
1981
2938
3188
5652
8052
5115
1773
9776
4108
3731
539
9840
166
9703
8691
9003
2881
8041
3967
4584
7411
1464
9188
8296
4738
5022
8335
6838
2498
1721
1569
2793
38
3823
4361
3309
404
8836
2927
5221
7872
2461
4182
9460
2167
1370
3713
1758
2393
8265
3928
2184
5415
7289
5173
3842
860
2334
1394
6412
7344
9959
6708
1639
4515
1355
2635
1274
4516
9522
8692
2523
2193
4051
9189
5992
6924
830
2136
4280
1541
2195
8626
9390
3347
6382
6602
5001
1032
7663
5873
2257
9090
9740
8249
9990
2111
8905
5556
133
2741
6031
6991
4615
649
2745
8
9601
5698
3023
605
8205
8032
3031
4244
1608
992
7347
9074
4306
7169
8751
1243
7751
5518
7439
6819
4362
8802
5288
8690
665
7670
7262
8532
2116
7147
6830
2149
5813
8512
1248
6272
8864
5501
277
4006
141
6842
386
7321
1625
7831
6915
2624
8012
3550
8543
7697
7390
9011
6259
2934
3349
8364
9974
2766
1470
6751
8399
1976
5036
8400
9317
5866
8200
5932
8542
4521
3982
7993
3027
5345
948
8598
6846
8463
5242
5671
1240
1377
7732
1808
6103
7889
5111
5398
1191
4693
2573
5701
4532
5287
8206
6354
5515
1030
9002
2973
422
548
5306
4799
3595
4920
7103
544
2904
551
9305
3378
1709
4084
9510
3497
5741
5211
5317
3921
7054
8407
4652
9251
4045
1459
1807
8455
5937
3297
9964
7464
8727
8659
925
5905
6156
4286
3498
2650
5783
4701
5004
685
7098
6887
7940
2031
2294
5463
4042
821
4329
6053
1082
3240
2371
5599
2552
1189
5404
9281
6938
8124
2584
89
1222
1042
7836
5497
900
2358
3870
7157
5930
3980
9144
9263
8524
3696
5723
7584
5879
481
6901
3046
3010
5279
6854
4645
7503
7653
7586
700
3754
2008
5247
6927
7263
8677
4822
9649
3770
7790
2602
6400
5294
2354
8308
9058
5963
7764
1364
8984
4186
6317
8940
6811
5617
1720
5394
8448
3849
8300
3393
6403
8236
7265
2091
5114
7133
8184
9166
696
4906
2080
4894
5815
589
4955
3816
4956
8334
9743
9171
1577
2373
9515
3516
2700
2378
1387
6210
2567
7731
4375
1435
5350
4025
2723
4288
8803
7058
931
5964
8153
9829
4145
6966
813
8086
676
6784
425
6164
2511
3060
7681
7816
960
5035
1140
5782
4683
7424
9098
8332
9691
101
9182
1165
7902
5561
533
969
6377
396
4377
5075
7953
4880
8845
8546
8449
7168
8044
3016
2042
9095
9073
6645
6744
4348
6905
734
3196
6873
3793
1989
7906
2761
1519
5616
1089
7862
742
5354
3592
5181
9738
8109
4449
8299
5612
1938
8513
9770
3653
3914
9681
747
488
8444
9568
1727
6907
9453
524
4020
1864
1972
1595
9697
3012
1898
6306
1342
2428
8220
4606
3428
1748
1590
5058
4846
5079
6788
3436
872
8933
2396
775
5506
8705
2178
9986
2989
3590
4605
9600
2181
718
4220
1173
4408
8379
8552
2630
6767
2422
9121
9576
9110
8510
1931
3261
8662
8636
115
4867
9575
2965
6420
1499
9298
1154
5938
8358
6361
826
9897
7308
9406
5761
6796
6550
7814
6106
1479
8637
5520
6663
7762
3951
4102
9888
7261
2212
436
1833
3108
128
9139
6185
8315
9211
3348
5009
702
7301
598
4805
9801
1776
7735
3482
1046
1545
9357
4034
8257
5428
684
5018
434
8772
6506
2558
6067
5525
6863
8369
585
3844
9650
2903
4231
2256
827
7514
9215
6043
5934
4657
5968
2677
4727
7442
4793
2955
9381
4140
6556
1303
5282
7770
3388
7
9961
2258
2269
7042
4035
9368
889
4382
6795
2299
9797
9055
857
538
9707
9422
8935
810
2274
4309
2960
6497
8043
5825
5776
8557
3303
2568
820
2278
7204
8708
3133
7791
9657
5655
8558
1150
7156
5368
6529
2213
4252
6137
4967
2784
9452
3774
1847
9038
8159
2835
8822
377
8100
6961
8992
7833
3519
2312
7858
1554
1156
7367
4816
6737
60
2732
604
3157
573
220
6057
1054
8843
8003
2886
2275
1778
8157
2285
1853
5911
3523
259
4259
6615
9374
8785
4589
8506
7342
9226
2010
5602
3530
4184
7509
3913
2251
6872
7523
8862
9142
4538
7758
5592
7483
757
4990
6080
1480
9503
4271
4156
974
694
2877
7077
4090
7282
4874
8378
828
8848
8882
9108
4709
7676
2081
6194
9839
1498
4707
2698
1650
4547
2709
892
2871
7921
2235
2333
8982
4963
4969
9473
3222
6012
7599
1671
2569
5346
1322
6482
4404
6288
1753
9868
656
3717
7083
4188
5790
9479
1091
4716
9007
6086
1134
7428
406
90
5158
9315
6285
8783
9051
2701
6183
6491
7710
3321
9856
3536
6370
6396
2429
7551
2595
4893
6157
7550
1178
4653
3343
4179
2447
6841
2889
4194
1244
9952
1687
3803
2604
7022
8769
2531
1261
3521
6520
5538
9878
2315
1421
1232
4639
3554
9855
709
2131
3829
7059
2842
4637
8440
4497
731
5113
4390
3618
3013
9784
6960
9945
9558
5967
4212
2024
1994
693
192
3243
3185
7487
9497
8655
54
7429
9212
3399
4811
836
909
6631
8818
1686
8146
2826
1075
8401
8432
1954
1708
8600
1102
1731
6483
6305
2772
1922
5136
8007
6131
7050
1536
5052
9342
4092
7466
3877
9495
9838
9122
8290
5024
3464
3952
7517
6758
4226
4431
2201
6487
2308
7228
188
7520
4278
2130
3898
6338
2335
8963
8633
9310
675
560
7688
1757
4357
2185
666
9826
7151
8189
3685
3227
3341
7646
1563
6475
940
5734
7989
9244
7771
9345
9061
9268
4629
9712
1162
618
6731
68
9979
175
1861
7065
6376
6286
9659
9690
5295
5367
859
5837
1657
303
2583
5869
9660
8226
556
365
7302
5449
2361
7251
1860
8575
9890
4024
8333
3279
2207
9571
9978
4471
9699
1647
2007
4957
1637
5446
3832
1775
707
2945
80
7064
6391
3669
4864
7694
7393
73
2649
9906
5177
4888
8258
4394
4612
4770
6908
1645
1018
5070
789
9653
3752
8533
180
9528
1527
7303
9795
5038
5039
6637
6433
6555
1630
6246
1781
3389
4112
6046
8104
8666
7876
606
348
9536
9070
5974
3226
5484
5047
6206
5884
5157
2872
3074
390
3847
6835
6379
7900
2273
3971
6729
6616
6590
3641
2084
6573
7345
2259
1566
2549
8908
2386
3480
4246
8251
7450
7275
8804
6604
9200
7763
6522
7999
6128
1226
6139
2961
9920
651
9465
9569
7915
149
5739
6196
7642
8572
7675
6248
2622
2041
6126
2926
1309
5422
2348
4857
4578
9048
7141
8344
2073
4782
8956
1314
4292
3069
429
8553
4339
7274
5298
1425
170
6929
1118
6688
5839
6973
7070
4825
8981
2480
28
7049
5577
4083
6028
6051
2982
9469
9421
1219
9942
8239
8247
941
4660
7231
5201
7437
6697
8774
6343
3782
1913
3755
3850
4346
9505
7838
1546
9538
1640
1662
3445
3338
7245
1207
3666
2330
8702
1104
7850
9177
5424
6369
5699
512
4764
7107
8383
6169
7521
6454
6024
8490
7243
8784
6404
6639
3797
8941
2154
5393
645
536
4690
9466
6447
8953
8282
1300
637
8353
6883
9917
7260
7537
9300
5166
9866
2204
9689
2884
4086
4740
2922
8270
8932
614
3748
9482
2316
1174
3825
5258
6081
3037
1789
5007
6516
7057
4832
1863
1037
672
2662
2891
7310
9000
3615
3030
4027
6818
1434
4014
6803
5751
8985
5336
293
9290
9478
2611
632
2565
1403
167
2439
2760
9277
4118
3166
8603
5104
9366
3690
5796
2426
8902
5450
8345
6025
3633
8243
967
1663
2777
1668
2521
6630
6367
7361
4317
2870
9168
5011
2833
6709
9626
7983
6840
2264
6016
5864
1564
8879
8197
586
7100
4573
2681
3578
2672
1646
1726
1196
9329
5045
4207
4531
9360
1408
2752
9449
7089
9205
5453
8489
3177
4293
7125
5940
7258
1886
897
7576
8810
1395
3681
4078
1947
8820
4659
6125
3671
593
513
842
9180
4358
8317
2124
41
4686
8798
2090
233
4829
7400
9284
557
7132
5499
6419
3034
8540
8642
2585
5544
8996
4524
3082
6104
7434
1695
8491
1725
5709
9306
2372
6346
5304
9870
3457
1208
4810
1469
2535
3814
9791
3106
1910
9850
5665
1560
1365
8976
7444
8522
4157
6316
4539
7397
9102
5229
545
2666
6698
9169
5651
5571
1718
9545
6130
9461
234
537
6619
4698
2954
4784
9798
2240
4651
3565
7200
2828
4054
8618
9773
841
236
2113
1598
3256
8610
3884
5076
6998
5082
6636
1080
455
8360
7017
9891
8554
59
6204
3172
8326
3479
6896
2098
979
49
7081
6159
3155
5865
3072
847
9185
8208
427
8073
1820
9641
7571
908
2996
2564
7534
6178
3500
3726
6945
7722
6466
6584
9833
9614
7557
1192
9432
3066
4152
6476
7549
9243
2143
1011
9031
4897
6193
2038
2431
5676
7750
3573
5246
4596
6371
5524
2362
4792
3727
6814
4139
3272
3430
3893
3427
8204
5031
3763
2869
4454
1684
9327
9761
9991
4026
5919
314
6388
2909
9918
7371
856
7668
9984
4113
2319
2620
362
6656
4249
661
3511
3501
7565
2688
6755
8622
3051
2194
3216
3330
9403
8412
9480
3605
9758
6774
495
8661
172
9806
8365
2943
3017
2228
6770
2464
7966
7320
9898
5227
8913
7165
9574
9353
9388
7197
1607
4250
6462
4729
3350
7828
6348
7300
315
1785
8686
5882
2525
917
5705
3382
6437
5575
1405
4848
5268
3959
8478
4732
9270
8133
245
117
1396
7045
9646
1965
410
9455
456
9380
8644
8241
2612
6245
369
3380
1677
5767
8030
1113
7580
2418
5093
5888
4352
282
7327
8942
7691
5510
899
6034
6459
9022
7194
2858
5560
768
5593
411
8038
1204
3352
8140
2394
2048
5715
4719
9523
4758
874
6575
6546
3693
6481
9931
4849
6974
7965
8485
6100
5909
7060
9615
8102
3160
1177
4379
888
414
9221
9287
8623
7597
6226
2329
3817
6287
6455
266
4704
1245
9537
3390
7730
866
4223
4640
2864
4718
1592
97
1675
5541
4817
1008
103
3743
3517
8114
5080
8213
147
1985
3632
6928
4566
5225
2708
5526
4170
6749
114
1411
5732
704
6757
5072
274
7881
9301
9119
2146
309
1205
9132
1902
6912
7039
6290
4783
4722
3361
2641
6282
6424
6075
110
5015
8348
646
6759
2623
2809
8248
8404
5277
3991
6458
9581
3639
6435
1414
6042
8654
9355
858
4436
7608
7680
9526
9258
5105
3041
126
1740
8504
32
3837
5927
6816
3312
4111
3757
3237
3888
5772
8002
2839
2407
1664
9578
9858
6061
1093
7259
9333
7740
3964
4632
8564
342
6326
9379
3078
9153
3369
2246
6954
1216
7797
4369
7658
1711
822
2796
5694
4556
9597
7896
7392
9664
1987
1621
8718
6786
3139
6450
2175
7287
6979
588
402
5140
1397
5677
8311
6528
5283
1942
983
1615
7913
921
2202
9912
8018
4476
6275
6622
837
7604
125
9760
176
9404
5590
5388
4144
2834
6353
7679
2962
3319
639
4681
811
8234
4941
6627
8465
9104
6964
7777
3607
4176
3132
767
4863
9343
1846
9395
423
7527
1988
984
6904
9159
5152
4010
4970
3416
9286
6395
3728
7146
3703
3652
3197
7027
3161
8979
8632
2860
8171
6864
4206
7620
8203
3643
9704
9295
9675
3601
3103
2034
1631
6977
7972
7622
8999
7904
1691
8968
3882
7884
1142
1317
4862
2311
118
6716
5567
8110
5309
1188
8122
3094
3235
6580
1603
5236
2846
5205
6967
6190
9960
2410
2676
5146
6848
6728
9502
1267
37
99
5666
8409
7340
139
1644
2172
1487
8470
2471
1612
8492
7787
4971
1643
1001
5126
7001
7998
5653
5207
3202
5324
6560
8058
135
7574
3809
7667
9371
9454
6165
1055
6844
8223
1315
2325
5803
5426
6949
8793
3906
1678
2506
1924
7337
5896
3642
1059
4201
6350
6722
6172
1993
1927
4899
8047
2108
3158
7619
7276
6059
1465
5389
4869
9580
9842
1003
1710
6750
3978
8302
7370
373
2725
8222
244
5272
7106
8237
9285
2079
5688
3548
9817
9093
9097
2609
3434
1752
692
3571
8408
6428
3988
5877
9724
3398
5174
2244
8738
2538
3004
2785
2234
6534
1213
5028
1628
6035
4564
8584
7645
8118
8161
6640
9958
123
2509
4700
3456
546
313
2055
1669
9365
195
1901
5161
9012
2924
3625
3109
609
1894
8313
3608
7552
6799
6460
8391
443
6087
9389
4942
4328
11
5799
9636
5156
2685
9253
1194
4473
9603
7695
6026
7504
4205
7458
5503
5274
1707
9639
352
6591
4699
4926
7163
7491
6658
5382
4422
6880
7948
4101
9016
1051
9693
6752
3895
3869
2015
7475
2404
9846
5179
738
3856
4150
4161
5343
5150
1145
8464
345
4057
955
8635
3789
4834
1882
8918
7950
8732
5213
8355
3892
9266
9143
4255
7453
7011
3281
1794
9509
6517
759
5021
9667
1450
182
4572
8331
3562
1478
4414
2482
660
2492
9304
4528
2484
1292
1610
7461
1381
146
630
4202
3544
7808
7890
3154
501
7568
9186
2995
2032
1582
520
8179
6613
8442
9754
2211
1180
9796
2729
2238
9486
2579
5680
2931
1848
3308
8053
6505
6953
5029
6741
4224
7840
5332
2012
785
2093
257
9640
4096
4717
9209
6623
8394
8884
8347
2248
6507
8800
2997
8508
3749
2413
4146
8577
9993
750
5936
5792
1907
7553
5042
2341
755
3096
8066
8796
3263
9297
7293
7236
1575
8271
7978
8233
4106
6314
9843
5301
2704
929
2566
4860
5787
9067
2952
9276
9787
7728
4873
4785
1002
2543
3932
4067
2495
1457
8482
766
6747
3559
4633
4658
1398
5168
746
635
9989
8151
8284
4520
6393
2123
7894
2074
6281
2187
380
1493
2503
8910
4601
9227
555
2359
3751
6478
5586
9727
771
9519
1013
2822
9718
7898
218
8907
9873
6054
9330
1790
6993
4838
7992
7237
1793
9807
3929
4668
8112
7753
5810
9265
5413
4753
7498
7857
6523
9777
1155
4986
6762
9032
1903
8720
8580
2141
9720
3128
9967
6963
1845
8327
9076
6831
3377
9583
5867
2219
950
1160
8583
3410
4240
5249
1654
5096
2853
9280
3534
5061
6114
6856
4609
4682
4761
1689
7561
8781
7806
5922
5305
5578
219
8427
3589
4604
4491
986
4710
968
6761
4966
3586
3119
9088
9399
9150
6801
6380
9957
5169
3865
4987
9034
8895
1393
8185
8568
7032
4242
956
1958
8475
4012
2722
9018
4569
8384
7757
2006
9751
1522
8255
2223
3170
1969
4131
3764
8778
7530
5552
3323
8011
3406
6881
1749
6401
6144
9493
4044
5402
3233
4444
3460
5858
8592
6919
8337
4082
5771
4696
4859
7336
3570
4655
383
1665
1290
8627
6574
6893
1432
2096
6155
7706
3999
45
290
7191
4733
4737
7595
3613
7427
5585
5775
5025
9854
1797
1361
4397
3502
8091
5425
7395
9275
6666
817
8166
996
6942
3481
2061
9369
497
4610
1870
3148
3835
7318
5476
3663
9398
5719
7435
7541
9965
5957
2102
4518
6235
6851
8944
6365
2203
6011
7567
4132
4461
6847
603
2951
652
1667
7127
5860
431
3192
3383
4193
7987
7973
7759
9064
1186
3283
4019
4510
8831
1966
6192
6417
5540
5316
7968
3904
2711
2338
1086
5818
2791
7628
8194
2631
904
6383
5444
9338
1436
655
1063
6000
1353
7272
5824
2930
1273
3547
3407
3048
4116
4982
22
727
6292
4775
8423
2799
2468
5706
2117
191
3073
6198
2494
7997
4253
6452
7176
7886
4072
1246
1218
7863
316
7734
7114
3648
678
35
2576
1237
3029
8663
8262
7882
7639
3867
5322
4055
7805
647
3271
6647
4765
4388
516
8466
7963
122
8168
5640
623
8273
40
3286
7809
4323
36
4070
9036
5635
7795
7892
5647
5986
106
1700
9207
2862
9147
4241
688
246
2953
2570
8684
2318
6213
1768
1077
2990
8075
5589
7396
3075
213
2992
5769
301
4218
420
2385
8799
8807
5364
730
8367
2707
1609
6535
6644
9231
1151
9247
8081
8388
2085
1561
1925
7090
4081
9728
2587
804
2512
3384
8165
9678
9021
3146
4820
6999
1529
7733
8411
8651
7374
5971
9413
3939
1618
2500
9319
7895
4367
9579
3071
4488
8844
7492
7714
4353
8486
2288
9015
8950
1642
347
2180
2687
5056
4913
689
729
1659
1305
6119
5293
1581
5947
7967
4807
7279
9562
9567
549
562
4068
1534
7307
8852
2277
9202
6347
2243
578
9039
7056
3020
9216
4724
9112
3396
4239
3834
5062
8809
913
9677
9547
8224
4843
9531
6422
5240
5827
4728
5276
9937
5260
1934
4909
798
8316
8459
6521
3597
7043
9835
260
9635
8035
1020
9757
7348
203
3067
7696
3788
9259
2301
6449
4457
4912
4235
3881
8960
8008
1970
6652
6547
1873
2460
3715
9671
8766
7543
7614
1306
3883
4046
4169
5432
7687
7207
4943
8609
6646
1945
1885
2795
4460
5195
9631
6304
8749
6654
1486
6686
3171
5615
6427
5399
3239
3449
4345
1732
9939
4876
1653
7229
4563
8418
3719
7849
311
9785
6509
5892
8612
5618
5702
3232
9208
2072
7023
4247
5660
5017
4935
6866
4619
6569
4855
63
9564
4053
5643
6988
2435
8874
978
1443
5377
6668
8712
1792
2345
3008
4794
8909
2908
1623
5663
8995
7324
8588
961
6117
6405
6839
8518
5370
9628
6468
7880
7766
4315
3833
5228
8295
3758
44
7717
2615
8514
5829
6436
3647
4953
5280
7524
5625
677
7700
8756
9256
5898
4312
6680
3603
9694
5716
2297
3207
5439
2
5050
6871
9197
3802
51
1296
4364
7811
1455
1795
9622
3040
8458
2145
674
5200
8219
7130
2703
7704
3709
1508
6823
75
6335
825
4446
1971
4199
959
7662
4973
9932
815
2310
6276
9763
6301
963
4611
1371
1507
9385
9367
3447
4477
5733
807
5170
1058
7379
9101
659
980
5315
111
2270
591
26
1402
3841
1220
9423
2626
3098
5583
4815
6916
3421
8744
3141
1957
7417
4041
8714
8759
9512
3594
3531
6389
7196
3193
8175
7845
9809
2844
3079
9907
926
3264
6060
6133
2005
5809
381
2534
2599
8901
8178
5002
2026
6498
4617
3711
5270
6898
3173
1964
3543
5900
489
8420
2265
4744
74
5135
2770
1629
2383
6234
4440
288
526
4049
1266
496
5885
6013
1409
1127
5570
2173
2052
312
6957
3563
4980
4509
8624
7145
5833
7363
4441
814
2156
4000
8709
5102
287
8479
4141
9010
3692
3238
6933
2242
2856
1467
5696
5068
1138
3088
1919
8638
2390
9195
1548
8605
6804
2328
9359
9861
8156
3290
4443
4679
8476
3345
4511
9507
2536
1658
165
5830
8015
263
5889
2737
3362
7673
1100
7066
2462
6328
4751
5245
9279
2855
7865
4400
4052
3033
4581
1347
7897
6310
2868
4355
4507
7290
298
6596
3539
7962
1771
5235
5106
2778
7853
9617
5693
6508
4803
1799
1770
5232
3458
2421
8567
6355
4839
3005
2166
4599
736
3195
4757
7109
6177
1340
7711
9997
4691
9138
8962
1982
4618
7339
939
7617
5673
7473
4191
9924
1335
5362
3118
1334
6794
4736
7573
876
2263
7378
777
890
1998
8062
8873
4684
6790
457
7094
9524
1968
916
4171
5899
5401
3435
2562
8291
1101
5330
1229
2022
2217
6423
3708
7749
1869
3422
6280
2936
2380
4882
4406
269
7689
8487
2133
863
4448
935
9056
6375
8710
2347
8634
936
7725
275
7868
4541
2946
6340
6432
3032
5943
8061
8105
4746
6298
153
2403
8305
7063
6294
1438
2779
6625
3712
1172
6510
9570
5528
510
8694
6040
4418
4487
2463
3638
3507
6107
8070
6260
6700
7148
3924
6702
9331
2780
3251
2303
8386
5310
6601
6865
6687
2541
4334
9089
4840
2532
1262
9594
7727
3365
6407
9164
8056
5488
4656
249
8461
1354
3873
2661
3265
4972
8545
8472
2736
6022
4649
9966
4214
1187
1088
4780
8875
4079
8980
7602
8858
5890
9655
3230
8229
1606
7069
8630
1500
2800
1298
2910
5668
9179
2095
8897
4104
6792
2121
1878
2682
2067
2272
6008
62
1105
2901
8685
9504
6225
3381
9616
1755
2449
8885
20
3374
3799
5826
2505
5468
5405
4209
174
2782
4284
6533
8973
6793
8389
3225
4267
9062
6536
5886
5923
2370
9415
682
9713
6885
305
1791
449
5684
116
6992
8343
7488
9220
3564
5032
938
7495
928
2381
8028
8090
2768
9774
5019
9106
2395
8428
5600
743
6201
6179
1363
4939
1730
5754
9911
8063
4296
9748
4043
6501
8085
7878
8645
8403
5807
4644
320
3506
270
2544
256
9525
6683
7024
2774
145
8767
667
5496
7609
6293
3186
8695
951
2399
9429
559
3976
6895
4442
8752
9272
611
4675
215
7025
4117
2692
6033
509
4551
1991
6091
1171
2974
4243
7860
8434
4023
4818
2907
7432
4791
5379
6195
3798
4835
5341
2690
5419
7943
5433
8699
2941
3087
6989
3224
1239
150
9373
4281
2993
7847
2819
547
3526
4995
2127
7698
7291
7796
7587
2553
3334
6812
3122
3772
4752
8948
6567
4423
4088
2307
7519
2730
7404
7180
5798
1827
3747
657
2675
9238
4459
5321
1330
8143
5498
4385
9239
4110
8911
8866
3958
3908
4076
7071
2314
6203
461
6650
5557
5711
9196
5392
745
9632
7729
8095
3255
7246
9322
6108
8927
3006
1199
2906
2645
9821
9148
8071
6532
7980
6537
9823
673
6143
8339
3783
2850
9105
7331
625
6559
8538
8615
3602
4898
6969
4225
9742
641
1648
8547
7433
2086
6789
6548
1530
7535
398
994
9666
7754
4495
132
202
9726
5328
7183
3412
1214
3403
2101
9225
4527
2673
3887
3024
2066
972
4200
1765
4808
2355
3294
5862
1073
1746
7055
5291
2339
9745
2660
2749
5275
6939
3960
3679
8096
7603
4662
6036
4069
8010
1550
278
6209
346
1475
3257
4378
1635
467
855
8565
8814
2728
5054
1937
1227
3858
8917
9326
6962
7074
6562
5800
1614
5725
4007
9919
1351
4592
33
6049
7174
3136
4595
8107
3997
3630
8505
6321
43
1978
1866
3306
8620
161
4772
1391
3053
710
8806
1584
143
79
2452
8640
1593
335
9496
506
7105
4483
934
8328
8214
4978
9083
9700
322
486
8145
4336
1039
9017
7343
1579
7449
3310
8319
1990
4895
3515
9845
9688
6357
5569
5764
565
1268
6453
7671
8676
163
3001
4074
2610
1235
4198
2047
4310
622
3077
7810
1304
8664
9753
5121
8395
9527
2276
7134
5384
2674
9418
9161
9224
8757
8581
9610
1912
6544
6386
3683
5902
8341
2045
5598
3153
1484
3993
5037
6142
2157
5470
7922
2738
3804
4366
5480
4661
758
3792
7558
9387
7926
9831
8024
9467
3070
9397
7182
5252
5347
4018
3305
7138
1835
7941
1328
3208
9264
5271
1763
7563
3579
9198
4245
1302
9456
610
4796
3876
6549
4852
1585
2559
2476
4005
1324
2577
8922
6589
2876
1567
6598
1638
2605
7220
7164
8755
7716
8406
7362
4593
7223
1153
7213
7416
9071
4058
1358
8736
7233
4802
1734
5949
9394
3508
550
5000
297
9187
2018
2923
7248
3729
3164
6041
7288
1423
7958
4261
6205
3811
374
3806
3698
6124
6171
2783
3668
8998
7647
8921
2409
5459
6777
3600
8172
3093
2465
164
1986
8792
7788
7323
1960
2252
4779
1135
6233
6363
1681
4421
4100
4842
3776
2816
2485
6832
8867
5859
1908
2122
9471
7414
594
6430
9080
9882
3984
9060
178
5067
8137
824
6712
1308
5758
6333
7526
4974
7947
8207
4951
3441
3135
9793
3585
247
5099
7112
9511
2119
23
3911
4359
317
2966
4695
726
9052
708
621
4356
6690
8368
8978
4976
3129
1696
6093
6849
6110
6211
3545
2282
1264
6820
2789
8725
4095
1176
4921
2686
3875
1028
914
9637
1424
8523
864
3204
121
8559
9869
5989
2147
9232
5397
7769
1122
9447
9462
6836
3901
8057
2216
8608
3356
3759
1580
8646
608
324
1265
5090
3165
5134
1975
8595
1341
5255
8127
7936
6753
4550
669
5474
318
8202
7800
344
530
3767
6105
7364
1072
595
7678
1017
6670
6566
9401
2442
774
2520
1132
9030
9643
1900
6441
6817
930
7703
491
8405
5606
7914
9307
8338
7091
330
7440
3580
7420
3651
8765
7170
2360
238
3424
9233
2496
3328
3917
7208
8357
2262
7536
626
4557
8314
4001
1202
6467
113
7162
6802
1509
4013
4998
3658
6495
384
5030
9210
3903
2574
3086
7634
9340
2365
4279
6930
5546
596
3762
4465
2933
1803
5081
893
1533
1256
4638
7709
6256
2665
671
619
799
5850
6161
8729
4392
8496
1739
223
9827
6018
9844
3110
9417
8742
4670
7181
8006
9128
2290
5417
812
8816
601
8115
3878
4923
7430
9506
5447
3558
529
4234
4307
1095
542
9595
1538
5153
1532
3896
932
5848
6918
885
3414
5456
4098
4560
6884
9178
2788
1949
3354
3437
1280
9294
6947
3830
204
9254
5891
4029
9706
6875
2771
9921
1587
4844
7426
6642
2227
7199
9863
3386
9746
2848
7623
5215
9063
4813
9605
9075
5516
3622
1238
4731
4749
9765
6913
9996
3182
6518
331
1288
6241
5087
9832
2412
5353
7640
8414
222
7292
4650
7423
3045
7813
9094
1460
3840
8046
3746
8764
8886
2735
2011
8675
6320
597
5641
4896
2030
577
599
9376
5095
7799
3090
3981
9652
323
9725
5085
8320
5631
7821
3113
8288
7654
4836
3631
2537
14
1641
9665
6587
1359
8926
975
3739
8515
2056
5956
3301
1897
1284
5264
9457
2433
9977
6743
5448
5477
8433
8701
9234
4008
9987
5669
1542
190
6181
1115
8529
7583
8381
7368
39
1331
6297
267
9625
168
6336
3000
1666
6746
8101
3415
4192
4505
4965
8021
4664
1428
8128
392
7020
9752
1445
4625
3927
5239
8824
3528
2324
2094
2857
2473
6552
2326
3956
5269
2950
6997
8155
4868
9944
5574
4274
3721
8731
2669
9492
4325
3420
6936
5948
5314
6610
5760
6787
8361
8094
7140
8556
8899
1233
2696
8938
8055
5722
6664
9805
3100
3574
3701
6607
6780
4039
4123
2963
6673
1007
9971
6649
1800
6877
5649
2139
4517
6351
5027
58
1404
8544
1600
791
592
8416
6525
9086
2712
1446
3992
2043
4114
3654
2607
8904
4432
332
1259
3167
5608
6231
6694
8148
7690
7984
4797
3740
4381
3329
412
8446
3756
3560
6984
7964
4725
3969
5250
286
5835
3737
6531
6472
7335
2107
2058
1301
4781
6557
5154
351
7743
4961
6853
3678
3370
1495
7891
1624
4485
2920
8775
6484
5178
7903
3496
3819
1338
450
760
9804
5014
3975
1946
8438
157
8967
3300
754
2110
3735
5222
6921
5770
3080
7994
8312
7269
6229
1738
1777
8397
2199
4938
6058
2250
1318
3699
7117
2231
5069
3081
7635
3725
5485
9054
363
2803
3716
6334
343
607
5491
3905
1148
9771
786
6504
8915
3577
6931
5365
1294
5906
4621
1420
6861
6079
3052
1510
7005
8551
9441
2935
1951
3945
2254
6782
4479
2985
2866
4467
1392
4228
7598
8959
5013
7501
83
2517
8906
8040
2226
366
8591
8668
24
8527
5845
3366
3983
8747
6980
3644
3557
5672
722
1825
8150
1193
46
5490
1418
9685
5514
2406
3059
4647
752
4830
6500
8893
809
3333
6689
5562
3710
7556
3191
4337
364
333
9629
9206
6903
7460
1275
5445
3916
945
52
6778
401
2514
658
6730
2188
64
504
1333
9946
7518
2697
1816
1337
4412
7741
7173
4665
7403
7589
5682
5614
7352
1242
2724
2099
7781
8957
6511
3280
6470
5823
3276
4994
7201
4853
527
8228
9316
2837
6127
9199
8231
4093
7516
2293
4552
5853
5381
9028
1119
5729
3645
9328
6212
5914
3298
1384
7481
5355
2551
8359
5933
8826
1440
154
3431
4760
7235
4021
7167
5918
4742
7206
8169
3596
1431
3972
261
1067
2109
1516
8791
5994
2245
1491
5101
155
8912
6372
1619
3076
4103
6399
7505
1747
8190
3779
2705
8949
9901
1856
7832
4428
2027
9109
3514
4940
1812
7186
8263
7624
1257
1378
3397
4050
500
6186
3180
5257
1023
744
7187
3636
9146
9591
231
1943
4634
8050
3278
88
7195
16
3704
4266
6429
5097
306
5573
6387
8650
8108
8471
1097
5078
7172
6660
5349
8363
294
9430
8629
7459
8034
8188
5473
2769
7493
1279
8539
66
4314
2455
633
6052
9321
4502
8860
4115
8421
8574
3149
840
9085
5182
6922
7664
4713
8987
4703
3707
7443
6097
1332
8569
1454
1383
3214
7271
485
6641
2507
7744
587
8321
6920
3781
4570
339
5436
7648
5564
2588
2970
2332
6485
8509
6073
7885
1737
