7401
6486
5725
240
3398
6091
1495
5298
5211
9307
390
5096
5773
2341
5896
8482
4869
4067
8407
4423
9716
7528
117
8927
6463
3856
5098
7500
310
4692
1269
8399
7183
8644
4671
1458
5587
5987
9123
3355
469
258
7810
4667
6673
7011
4215
6473
7474
2465
4064
7051
596
8620
9803
1041
114
2006
4673
1331
9066
287
1879
5597
5832
1835
4395
4604
561
8321
409
8306
3861
5759
2228
5202
407
8573
1319
288
3053
4619
3991
6928
470
9091
5225
9113
2181
3374
980
6692
8735
3111
8843
1100
6491
1531
1077
9027
2063
6419
46
6258
7380
3254
2750
3012
4969
2972
8481
3964
4003
500
77
464
6155
8742
4197
4537
7342
9564
6248
5213
1754
5186
5664
1487
4622
5109
8976
7416
9527
3437
2299
7613
7124
8457
6721
5162
7651
2727
4775
3106
1604
9852
5841
925
9146
4711
8608
4027
5572
9107
709
981
7713
9794
7071
3141
3628
5599
3283
9167
9638
7800
8594
1344
3198
9410
8745
9213
3691
8861
3299
274
8161
7670
9026
6520
7976
3588
4180
9470
9896
2798
8783
6716
5001
5014
7712
5976
3049
3758
6281
6295
3293
7516
2162
8583
4328
9799
6797
1292
5127
5534
1567
797
9365
8706
1043
773
1313
9736
2922
606
3818
4406
4193
8922
9666
7245
3288
5924
9792
3088
8027
2078
8727
9032
8999
4676
6837
2456
4467
4212
9880
2836
366
2907
4573
8047
713
3431
4026
6966
7579
8852
6489
5017
9108
8943
5764
32
3112
1682
1091
1037
1541
2963
9606
7534
6566
13
2636
3784
3064
851
453
5059
7364
7266
6342
8642
8537
1390
5893
5937
4404
2902
1057
7016
1500
9495
4128
9225
3987
1039
5907
3871
999
5073
854
4777
8618
4252
7413
2418
4300
9179
7996
9391
562
5685
4175
6962
1177
3173
8794
8129
3573
9892
8191
8565
4082
6483
4206
9238
3195
3519
6028
7465
6695
6634
6411
5743
5102
3862
9187
7410
91
5149
2307
6068
7880
4093
3553
2985
7390
9743
2841
417
871
3352
3358
3981
8556
6783
3654
3844
3559
7137
6572
7715
7023
529
8648
647
7081
5408
9522
1968
4418
1913
5789
1980
2686
1445
6363
1826
2620
2435
4232
4290
1283
7711
5945
1716
3948
7520
312
625
8356
623
8361
6867
7655
1213
6512
8876
2965
137
7847
9786
3749
3887
5183
92
4512
1598
1547
4123
195
7936
2425
8138
5598
1997
2589
6404
5871
9497
5812
3184
2637
9594
305
7437
2458
5560
4113
2562
8680
9267
8245
2172
4749
1087
5424
302
9193
6552
7118
5721
8796
7701
8339
5310
7641
7041
2711
6710
161
8599
3664
319
5112
2310
3982
6583
3892
1621
1885
5000
7430
2140
1509
1507
1630
254
3572
3438
1667
935
6275
1438
9834
4311
5217
7324
818
2771
123
5805
5071
1591
7206
4053
8808
4811
8468
6589
8434
1897
649
7087
3547
1394
8331
4071
1119
6850
5490
2659
7392
8020
4866
3240
5041
6950
8258
1244
2208
338
9656
3744
1304
6979
5881
4726
8822
7209
1471
1174
179
8651
9412
9065
5686
575
8249
1860
5908
4727
9255
8204
4084
1613
6781
4317
6446
1556
3868
7841
9875
3787
4938
6863
3169
3866
2979
1320
1413
8313
62
677
5156
8757
5228
3554
1575
9232
5501
2927
945
7909
7147
411
4331
3057
5286
9917
1736
2305
1003
1447
2077
6656
655
9747
3252
4182
24
7466
3610
8884
3210
5351
3771
392
4032
954
7142
1414
250
9675
208
6615
6170
8752
4451
4653
1945
9914
2857
4271
8627
941
7811
2177
2592
8343
3443
4372
5861
9680
6099
3498
6006
3339
4497
4458
9711
1570
3791
3735
447
4744
4561
7631
3728
7633
6559
2015
4305
9185
568
202
2844
8021
970
4568
7989
7792
5416
2667
6407
5845
4416
4939
1520
6142
2185
3869
716
793
9196
1739
8004
7663
7934
5452
6477
2980
686
7443
9322
1937
9952
9923
6038
1731
7942
3984
7347
4684
6268
7442
1951
8098
637
9164
80
1241
2499
8405
5275
663
1336
1659
2814
6821
9832
5916
9336
2242
2419
3824
2657
5016
585
8687
877
7927
3084
5978
6182
7844
4502
2730
4472
5295
8480
6321
3413
1610
9607
2415
2561
1211
9052
2150
4229
1669
4303
4665
3617
7355
8744
209
9779
2943
8950
5270
9737
6403
2188
4674
60
746
7423
9800
8810
1805
2073
5963
892
5831
1537
8133
9227
612
8382
844
2334
1635
5915
4863
5146
1623
7034
8240
4533
1615
8383
6140
2289
7457
1778
533
5580
3232
8526
824
8439
3674
7874
5432
4953
4366
9753
6992
1279
8773
8615
4631
5047
754
2290
3208
5919
2955
2830
4169
5846
2081
4189
8646
36
633
5682
4302
9620
2585
8731
6058
8473
7703
837
9254
4716
8086
1979
8866
3750
9099
1842
6039
6640
9178
4656
1780
4725
3594
4253
3233
245
4102
8782
5417
9919
5008
512
9132
8298
7308
2953
9276
3505
8900
1014
3795
6873
6789
8696
3336
9223
3978
1406
5294
3273
5608
7543
1625
6115
3317
4551
9640
5675
8132
2701
7447
3684
9627
3515
1337
3257
4936
9695
7132
8890
7323
7496
1098
4516
5734
7019
7314
1095
7102
6052
8267
1758
4312
7176
6030
2870
4022
6737
6354
2325
6936
9552
9895
3148
6424
7343
1387
3969
1142
4188
9916
2736
2640
1059
286
337
2791
5583
4219
549
1423
2054
7058
876
8436
3277
1863
6506
7981
2152
2284
1380
1154
214
7965
9192
2103
2448
2317
7135
2157
4524
1877
4225
8312
4781
9010
9630
9308
7441
8282
9252
599
8675
1586
2496
7285
543
7718
4200
292
7746
2494
7379
2387
5898
9115
2732
4368
6677
8467
9602
4116
8216
6836
6149
400
5850
2548
6834
5315
3525
8827
3347
8614
4592
3879
3926
7771
6478
936
9626
1953
5830
9301
8894
4934
8137
2179
8441
3599
3956
7388
9947
7629
6294
2840
4918
7939
5822
5317
605
5722
3843
7897
8283
7310
4933
3636
6243
8
7950
7169
2148
8289
3584
3992
5145
5161
1135
3002
2116
2923
6464
2865
9909
7049
2095
4340
5407
474
340
3422
2581
8051
6051
4422
183
9096
898
9561
54
9266
4243
2522
6322
7672
5494
4397
8966
2196
9723
4399
3478
1160
4926
4683
5181
6682
3297
6767
8241
8568
6917
6508
4334
7513
5311
9510
7734
2928
2104
4315
8182
9940
4759
8933
1044
1498
8089
4203
6145
7911
4902
5673
461
6359
9574
4081
4041
4695
5464
5509
5301
2373
7313
3523
750
3221
6958
2991
771
1746
2501
7143
1663
5169
6800
3693
3231
1103
2395
8253
8553
6518
1620
5221
9659
1683
2997
9589
279
4507
1721
2756
1108
3698
9483
5039
8955
9613
5312
4092
5334
7601
9974
3489
7508
5848
9212
3430
7877
3151
2603
2038
5716
7017
3388
3318
8456
9056
984
4098
6186
1565
6871
5338
9086
8937
3045
6264
5729
6095
8771
4247
656
1841
3095
4983
3396
9701
1619
1720
8024
9504
2075
5115
4376
8590
6554
4962
2956
5456
1373
4545
8738
3557
5155
2693
7280
7831
9345
869
7517
343
523
7750
2964
2745
3834
2007
2884
6703
8892
1442
4785
2995
9250
4928
1530
7383
418
9817
43
186
4140
517
5473
5306
3539
2643
6798
2020
5503
5749
1868
6128
7852
5875
4721
7569
9368
6309
7695
9161
913
1151
9315
9808
4150
331
4274
6742
6713
9131
9116
1511
6947
8119
5897
460
7162
5132
4707
6104
9041
8654
1294
7338
1184
9806
118
4611
4870
3659
627
8865
8905
5265
6302
8251
6433
611
206
8785
6757
6968
8448
1906
6688
3190
6439
664
1499
5079
5474
6315
1528
9038
3806
2281
5023
7858
5648
6014
7263
5075
459
3774
893
2463
8359
2367
9299
9518
1505
3848
3118
1110
6187
5150
4847
428
7478
2145
4895
4499
6430
8411
7420
3179
246
5185
2090
482
1606
8347
8490
1186
5398
3538
6364
398
7739
7271
1992
9382
8194
6365
236
172
166
7063
8719
6787
3039
5260
7440
2824
3441
7935
6775
1451
6999
9141
899
1395
8284
8769
28
2583
1807
9389
2358
6216
2921
5811
5612
7092
4807
2876
937
4456
2850
3711
2096
7214
4136
850
1069
8453
8743
809
5302
9028
3721
3226
8824
956
8460
5825
6612
3623
5510
4916
7265
8385
9972
6471
2506
4256
2117
3687
8515
1265
7646
5076
8561
2400
648
6366
3149
7018
6706
7502
4473
2504
1848
1801
8419
3727
4035
2156
3185
8235
7519
6825
7374
769
5242
9045
9070
4107
6930
8777
9153
5329
7615
7202
1555
6304
9033
9451
8984
3135
1357
8588
1193
2393
2571
8090
2470
3499
4829
2716
8319
1246
7450
1280
1713
2021
597
5996
5144
7060
9847
7027
391
6286
3640
4729
3332
5141
4890
2971
1881
3192
7275
9124
7103
7584
6724
5216
2550
455
557
6745
5028
5121
6119
2609
1409
5779
8212
7997
1226
7683
8247
289
2861
251
2478
7891
406
6659
265
6937
5256
2255
1566
9289
4880
6657
421
1122
5981
3009
2462
4887
1118
2967
968
7148
324
3717
9946
1334
6045
2475
8131
2272
7813
94
9492
1033
2697
48
7564
7522
3085
3461
6920
9555
6720
8290
7984
4822
1847
0
5940
3036
7152
4168
5502
8143
724
6893
2422
5727
3295
7918
7432
8967
4664
3145
3110
695
666
301
7966
6290
2114
5491
2163
5433
6826
6955
2211
7377
6218
8232
1815
5956
9139
5084
7397
6577
2159
4993
3611
9567
1549
9543
1956
6595
2241
3832
8569
8613
9823
5129
1426
5189
9049
5026
7764
6580
1772
7154
6845
6071
3033
49
8970
8763
5698
8511
6147
2488
3094
2230
3245
5010
7164
5212
6521
4767
7203
9218
6719
2347
465
8115
8393
8631
4878
6997
5222
8471
5717
7239
7538
6393
9029
5197
3694
5044
9335
9328
5589
9222
7331
5410
4410
6548
2568
6861
4090
5331
4260
1497
9103
394
9585
5194
4230
986
4231
4209
4383
430
1018
6754
1349
2503
5713
1504
6846
1005
7304
7217
9265
4485
7560
6460
6061
2607
5147
7535
5493
9248
669
3331
7211
9043
9273
9081
277
4680
434
9924
6215
7238
5704
9652
3865
5105
5593
4724
7119
8963
4945
2445
200
9469
5632
2109
1362
3911
1924
232
9697
3375
7912
260
3253
483
5521
591
3764
7677
497
578
5889
5563
8222
8091
9934
8891
6587
5999
4109
99
1925
7511
8772
8334
2794
6190
7086
5443
7594
9650
8256
5040
2666
9693
511
6428
9643
2519
1837
3958
4104
1061
2343
3167
6246
3116
806
4508
762
5816
638
5532
3372
1084
9635
322
6437
1070
8611
6202
2118
3446
3174
9206
4566
8489
9539
5826
7794
6985
1181
1228
1972
7947
3579
9866
1146
722
1418
7930
1786
9790
5
2429
503
5173
6618
7407
2709
1417
3909
9371
4143
8978
1252
598
4223
5579
8754
7223
9202
8718
3597
7914
9036
3061
2684
3709
2696
6734
2365
259
8836
8988
6784
9359
5609
9358
9512
7554
1459
3389
3729
1346
5157
734
6490
1374
8014
3912
3881
8517
1538
2168
6507
641
4161
5767
6881
490
4849
8234
8493
7229
1237
4958
7940
6191
4181
3990
9152
6459
5271
6476
6960
6062
8229
9833
4360
9034
5166
6645
1372
3718
262
8792
6381
2256
4298
9249
7014
4855
8722
3004
8626
8791
2045
6564
1557
102
8948
3528
8038
2817
6181
4912
9987
2416
6913
1678
8153
3551
141
9563
878
4446
354
1593
4244
1995
9995
6319
8296
3615
7743
4386
7557
7298
6134
3847
2615
1259
9726
1850
4892
72
9906
5172
4593
5634
5103
2510
2920
2001
4228
1204
8544
7054
6373
6204
5957
374
7210
4126
3168
711
1967
2439
7489
1896
1554
4249
5762
3397
78
7415
1326
9871
1668
8577
5383
6568
3453
5153
6835
5535
5371
7969
7264
8678
5913
4779
4153
6232
2835
2809
3215
5642
1812
6933
2842
1700
5667
7141
6273
2089
696
9915
9710
4062
6438
6746
7387
7974
4424
4151
5013
6553
2408
5508
2319
7964
2072
3450
2473
468
2647
4580
3021
7740
8637
9907
8902
9443
9596
1693
1183
5455
2397
40
3202
6225
3349
402
8697
6709
5553
3852
683
8123
5097
6945
5378
1206
5469
3115
4634
3477
4559
3201
1539
9078
8575
8329
7523
4688
4344
9558
1958
789
82
8780
5297
7648
3267
5660
9447
1580
1558
9731
7076
4764
2547
6697
6180
3051
8269
4304
1143
8975
8564
2457
7470
2557
4431
6942
9149
1046
3218
7924
1052
6235
3794
5229
5680
9166
6129
9647
3136
6230
2167
6314
1466
7566
6444
7917
1482
3820
6714
8833
4276
4553
8384
4955
6015
281
4007
5454
7232
4706
3259
2151
4201
2787
6075
336
1000
5584
2016
9199
4365
6828
1415
5308
4960
7361
70
5288
5900
171
318
4060
5249
3066
3390
7482
740
5247
5027
4603
9708
9632
1063
8820
3404
1012
2664
2381
8693
6089
4479
8551
955
9395
4137
5385
6557
5646
6593
602
9509
9690
6116
8277
7978
349
3910
7090
6300
5175
5790
7192
6236
3350
6131
576
9417
2486
309
7561
5975
5954
8346
1457
3930
6642
2879
3001
3172
6540
3823
4565
5389
5251
802
8587
4509
7048
5909
9905
6352
539
4382
9080
4325
9546
7742
332
7451
3601
3643
6603
1295
4803
848
1127
5823
2766
8022
3618
3595
5741
5184
6457
124
767
7957
6166
9042
7428
2521
5137
8804
7749
7153
7198
3851
2806
2279
6667
9674
2180
3434
5465
6267
8406
9559
3752
9462
7318
2652
8061
6916
9082
6087
2801
5148
3759
3120
1031
1068
1542
2098
2611
6625
1851
9386
3751
5110
3736
5118
2451
1645
6887
4903
329
6106
8635
9525
2829
427
4196
1450
5227
8316
7993
4208
3621
9595
1
6177
4284
4238
4470
2176
5819
1191
4752
730
7895
8736
6228
5585
6788
6412
8819
645
9388
9502
522
4013
4529
8854
3196
2467
5467
4523
9869
3793
9752
4475
1097
3207
2635
3504
8883
9664
4825
4270
5328
2993
3850
3255
9134
5616
3989
8099
1950
2385
1006
920
4476
9556
780
3471
5989
1219
4145
8322
3382
2278
1876
9551
7429
7900
6096
5720
9628
8444
918
5782
222
707
9608
6098
3229
3444
5542
4301
8363
4966
6102
4789
9520
1732
2551
4728
9438
4440
6680
4106
7983
3968
8378
3593
4742
571
3199
412
6049
4881
341
2552
3353
7907
4621
4466
6919
9284
5869
9959
548
6883
1670
5081
1698
2515
4615
5515
5159
352
5507
4163
4077
9093
6590
8645
6967
4396
4898
2169
456
7682
3071
3449
4808
5840
4495
9920
3810
119
6858
98
5783
2368
8748
827
2328
1692
7507
5003
5119
8445
4851
4156
9200
8770
6768
9904
3755
4183
8294
39
1289
8479
2391
8958
859
1865
4575
2847
7906
667
5101
2410
4329
9059
4483
7582
729
5480
8538
5078
7859
4460
5558
1051
2908
4086
4016
9714
1761
45
1200
8513
1411
1421
2136
4048
2558
3104
6470
9288
9158
8387
6198
5362
2759
5658
5246
6823
979
691
5895
9353
2268
1028
3432
9453
4411
2030
4541
4613
9774
5847
4542
2852
2052
4127
9079
5821
3720
7504
3219
3695
7985
6791
5339
4641
4310
8263
7372
9775
1105
2942
6481
9181
4644
1695
1106
4662
2091
5038
5220
2384
4838
988
397
3707
5707
589
6609
7459
4471
9703
3677
619
6812
7597
399
1347
4347
3785
6600
6551
7537
2982
8181
4463
4690
7344
1432
5094
1572
1128
861
1131
929
8691
7802
3951
3753
5939
4034
1911
1169
7836
136
2516
5540
8366
2564
1607
3227
4885
3983
7602
2059
4379
7025
5885
6565
9634
2039
6738
2402
1125
4659
2266
7555
2601
813
396
720
9366
3276
3697
9524
1422
2509
4607
4952
5029
10
3371
7458
41
1431
2973
4717
1524
5551
1705
3416
6993
2784
8498
4246
1738
6539
8589
9009
2354
2497
4258
1793
5948
5891
5072
7737
1271
3032
6750
4846
928
6531
6973
9615
8271
3307
7679
7446
7660
5708
362
8418
3959
3566
2364
790
8069
4031
2466
9815
2134
6629
9444
2261
1369
6214
9617
9686
965
2608
9448
2337
2369
266
7234
2735
3394
2544
3966
3234
7649
5164
9053
8084
5244
7830
8542
3346
2068
6427
1600
5880
1303
9463
4748
7290
5344
7498
8758
3016
3608
1301
7647
3178
8929
9292
2526
7188
9253
5566
4923
9964
7545
237
5243
290
7346
5273
1220
8134
2775
6996
1253
9408
2100
5268
1302
8934
6616
6448
3885
8389
4498
6418
2407
1325
4935
1452
3164
6013
2217
4766
3568
4158
128
6963
5910
8255
5802
7328
8805
9541
9772
7759
2212
1396
9667
2906
6097
7825
8273
873
2357
8673
4078
276
1766
5753
1871
5475
2370
4754
5042
975
8219
2174
2761
7658
4434
8879
6859
5342
5726
5116
2093
1058
8042
1026
1633
3037
6445
4563
7288
821
5431
1582
9323
475
1579
8632
7576
4535
2401
2269
7008
9618
7971
4977
2800
5666
9639
1093
1942
1079
2013
157
8596
2247
83
496
3480
570
6409
1388
5512
1045
2820
3487
7282
8402
9465
2832
9262
207
6951
7386
4817
8698
4946
9975
4897
6247
2036
8308
2651
6517
1671
6827
7337
5672
9939
2600
449
6474
5687
5769
2003
9969
3
3585
901
2311
5630
416
5629
6581
1404
4504
5751
9965
6088
113
3320
6346
6736
1909
2428
6886
3875
4455
8539
5403
5740
7174
2671
1393
6487
3220
583
4148
4700
5993
6722
7056
4489
2406
8141
2405
5100
4758
5193
1529
1464
6136
6899
3590
2605
6313
6224
8840
5332
9671
5772
369
8897
383
2031
5287
1981
1250
2893
1516
887
2513
8895
7201
3512
204
3761
4810
6086
8355
8971
9369
278
1332
2662
486
51
2480
3216
5022
5578
6884
7803
9019
2916
9
8558
9175
2215
8520
6199
8307
2959
441
9496
6105
1545
4513
3934
881
4840
6200
3567
7326
6511
9305
1132
629
1034
8109
9460
8056
9857
5763
3266
5914
8108
4697
5087
6055
1971
5355
8741
8864
8853
1870
5817
5434
3921
4480
3155
3188
8624
1544
1960
6550
3356
2258
8410
7733
526
6597
703
7381
9744
4562
7521
3334
8686
4594
8092
2532
6174
6114
8531
3703
1465
8064
6708
9685
5794
9560
2380
4342
715
1839
5360
2040
7606
600
5665
6747
7728
4055
3544
8158
8095
4320
6288
2131
3920
6664
3919
7072
8152
8381
2799
2442
3360
9717
8285
298
7884
5390
3812
2656
1887
6360
6100
9275
2888
8029
1477
1425
1921
2432
7881
424
9450
1755
6423
6434
8609
9540
8466
5842
4544
4739
3542
3724
949
6388
976
2602
4536
2698
9147
7241
4602
1996
7724
8781
9531
1512
862
7149
5253
6780
243
8797
943
9511
1833
3894
5852
5199
5797
1854
7088
4865
5045
2336
1136
2883
9138
5960
2348
4186
8630
8130
8799
3006
8409
8759
6605
9404
2483
6952
753
7257
3412
1190
765
111
4944
7544
5766
8639
1437
6623
6329
9780
273
2375
2008
7722
9973
5795
8889
1804
8250
5748
6130
8972
8209
1403
498
6624
749
4709
7699
1948
5988
2813
7107
8073
1595
8007
9655
8509
6208
2572
8469
4070
9661
3107
2599
2688
8049
5226
8076
31
420
3026
7253
2115
7155
3137
7122
1164
6217
6832
7925
2382
990
3400
3619
1895
9793
6498
1312
9730
2164
6410
1708
6819
1290
8276
249
130
8075
8186
2236
8395
856
9392
950
1605
7352
218
3090
2346
727
5280
8100
8217
6101
603
5264
530
7531
8461
2936
2786
1573
8664
7278
5774
3491
9646
5292
3309
6741
4292
3393
2534
7721
569
5136
7293
5279
9745
4587
4768
9160
1962
3020
6063
6312
7676
3291
333
8159
7130
9719
170
9948
5972
7736
2765
8638
919
4478
6156
198
787
1963
7435
9888
8921
3647
1817
220
3896
8199
1231
71
7284
4528
2070
6368
9047
2645
7406
7215
3262
4836
9233
6855
4318
3722
1724
9713
8915
1622
2938
7822
9071
777
9105
8454
8082
7069
4487
2248
3507
1728
1165
56
6111
6333
1315
5037
4447
2543
6749
4506
7821
6894
5111
4783
4226
6995
9566
8065
1769
6672
2748
9797
9046
4217
2273
6676
4837
2634
5998
9571
3417
4624
8672
9189
1789
1775
2000
2234
3333
5968
6549
3463
4856
3385
9485
8487
122
932
964
5002
2288
9083
795
3345
2591
4857
1800
8000
829
7755
4241
2048
3070
8190
1107
2338
6231
4012
8982
3564
7408
2298
9746
4346
4375
8828
7043
9654
8625
4296
5488
710
9754
2085
6297
8220
6601
223
1594
2323
3304
662
7919
89
706
2704
9074
7230
2035
1768
2221
2276
3294
9978
8314
189
1737
9416
3321
3649
7903
3629
1734
5912
7855
5818
2088
3161
495
7427
4069
8830
4774
7156
8713
8033
7883
852
4179
8959
1680
5369
9553
3873
846
5724
4635
9237
6725
8317
7735
5655
3354
8703
1035
9324
3923
9363
6340
4599
8863
9536
6650
185
1179
5565
5290
4833
1829
3465
7593
5615
2912
4703
3500
2362
7258
3993
6972
4337
6669
7922
1569
7685
6500
9135
5964
5505
698
4421
3503
1264
8617
314
7769
271
6482
2229
9796
6272
9333
1257
5571
120
6164
3286
889
1640
6256
404
6592
3658
6779
5479
8477
9968
4501
313
7439
8926
6209
1982
8823
299
1359
8443
6220
2372
4959
1019
2133
3931
479
8224
5325
6938
6879
2793
6686
770
6241
8814
1335
5272
5950
9085
4948
9976
9662
4402
974
1354
9678
8795
3962
6153
9762
8420
6007
9425
6266
175
5319
4574
7032
1711
6303
2178
7838
5556
9020
1067
1340
628
5516
8987
3258
1988
1053
2202
1441
4391
8031
2351
3511
9982
2779
2989
5602
30
1329
2863
8227
1263
3284
6441
6255
9256
7079
6674
8023
3098
5969
215
7954
116
499
7139
7240
1975
7574
4736
8351
1564
3532
191
7480
1513
6711
2590
6426
5650
4100
9433
1991
6454
7172
1763
5209
896
3287
3105
8812
9868
2728
129
9885
1998
2239
5983
5422
4526
6892
1748
805
8006
3235
8606
1585
7952
355
1386
2983
7243
4141
5396
7994
7120
1494
7070
7637
1929
2639
1309
1207
7704
2502
1025
4798
9067
537
4377
229
5561
5703
6176
6545
9855
7005
8015
3933
5890
6504
8862
3134
3128
1178
5442
3667
7837
1036
1148
3197
7029
624
9742
8800
5941
8925
9094
3010
8918
1597
6808
7577
7369
5596
9484
2101
9257
3501
8077
9967
8579
843
2665
3074
5233
387
6073
6643
7599
5208
4414
4588
1840
9765
1795
9891
1208
796
327
4718
4139
3762
4571
5697
4308
6651
103
3152
5633
972
1687
515
6265
4291
3282
5627
680
4119
7681
692
3726
8629
4438
8243
2033
7180
1011
2926
7499
5760
3577
8721
4655
1546
3370
9677
7573
7279
4930
2855
5882
1158
6057
3270
1757
8595
9374
3249
7979
8739
7471
7273
1090
9144
5277
8867
1157
8096
422
8873
7814
6278
7178
4263
5943
4415
7694
8692
9337
7990
3403
3365
7725
4617
9963
342
9283
9985
174
9954
1506
7783
7920
2901
3950
9313
140
532
9831
857
5011
6449
4975
7461
2471
4578
609
6969
4712
1915
9884
4130
4787
9903
1383
2042
7189
9381
7319
6289
883
1251
3867
1729
7030
5938
147
7433
3943
2189
3947
4388
5483
9303
7848
8423
6611
1904
5624
2565
5828
4024
911
2649
9980
5651
203
4398
1115
3031
810
5693
1310
15
2925
3696
284
4313
7532
8102
5611
3029
7773
458
257
2859
5820
3858
2459
5291
9054
9205
2539
4875
7335
8010
3421
1740
6769
6986
8655
7778
7945
4974
7186
6394
9210
3337
8370
7340
359
7690
6223
4494
2507
1965
4349
2132
4931
5631
5944
3985
2536
817
2203
8376
7988
4643
4374
5005
9385
9570
7404
5838
815
7272
414
3260
7596
9759
2053
2646
380
9578
9095
8560
3091
5176
4773
5523
5152
7673
5657
3209
5305
3792
4004
4961
9811
5570
6306
4488
7781
586
1849
865
5690
6799
2988
8653
5557
2563
4361
9379
6189
3279
8747
34
9587
3011
6977
5180
9798
7684
1065
1342
100
2660
8495
5492
5190
1470
5927
7691
1491
1277
9112
5195
8570
630
2788
6383
7698
6056
4444
3158
9449
9942
7195
1343
1873
3460
580
4297
8462
6982
127
661
1338
2687
7871
2318
4283
3038
9926
6121
1959
8401
7968
1243
7289
9352
756
7096
7373
5063
1196
8576
9835
4505
5688
1898
6596
4281
6064
9532
8856
5414
8516
5732
4412
5140
8710
300
3827
6882
613
1787
8037
4627
3742
1138
9579
1318
2441
4173
4620
2413
6689
9623
8555
1171
413
708
8707
8193
6637
9128
5656
3364
7706
8512
150
2243
1217
3065
1730
542
3650
2825
5019
4268
8039
2201
226
1864
6579
1322
6137
1571
7729
8391
5504
7066
8956
1123
555
8732
4224
2616
3180
6299
5239
1172
2529
832
3305
1714
9243
8616
9838
9201
8535
4654
8850
3363
8446
9277
6370
1352
3770
7789
983
5618
601
9953
3419
7078
3046
2644
2929
5865
8167
6475
9825
675
3988
3096
442
721
5031
8826
2753
9040
7503
8228
1355
6328
2970
7040
1385
7747
1814
6925
1825
7501
2207
1994
4699
5520
9468
7010
7527
2427
3977
1914
4982
4854
5254
9908
4111
4359
9657
8715
5032
9030
7200
1475
2301
9245
7109
7738
9955
6188
9490
489
7417
4050
3699
7674
1163
2613
2453
8447
912
3433
4871
5284
1891
2264
816
2218
3841
7951
4214
1596
6026
8114
1049
7035
5358
1182
2173
8700
7515
73
6398
4068
5278
7218
7826
6326
3541
135
4746
1368
5120
8287
9390
9507
1710
5447
7184
6316
3306
1616
5499
6305
9459
5920
2833
1341
5899
3381
8281
1834
6254
513
9740
3678
1672
3627
5151
5113
1660
8030
7775
3055
8643
5123
4356
6820
2827
2946
4740
2755
3737
5252
7136
2437
7127
4940
2420
4616
7816
9767
2848
1472
7395
4419
7751
7623
615
9457
5320
4932
3857
4172
702
757
5951
2694
1676
190
2388
547
4236
6796
7635
9356
25
1144
4633
493
7797
3790
2224
6260
3808
9694
2105
8665
2222
6240
7300
3855
3733
410
2025
6965
7937
9403
3967
2915
1901
2708
27
7306
738
5730
8155
4893
105
8906
2713
3562
8914
370
6824
867
966
2862
1247
5318
2165
2106
5804
433
4033
6016
834
2792
6082
4134
9699
3211
1727
8677
8938
8012
3635
6510
9629
3122
6011
3767
3797
2749
3399
2454
2889
5363
4734
4600
4357
4678
6900
5853
9142
3256
2146
1517
8623
1460
2992
9590
9663
9397
1652
1744
9270
3516
9533
7112
5555
5600
9956
6010
75
3156
3788
8162
5844
1836
1535
1222
2918
8257
8659
9944
9879
7302
2149
9330
8668
2723
4638
8149
1428
6143
886
6357
3034
2631
201
2774
4144
2812
9290
4167
6813
620
6456
9440
3126
9999
5530
572
7370
7662
2638
6374
8486
8647
7887
4988
2027
5419
7801
8886
5070
1134
9407
4433
7809
9705
7700
6865
3069
7806
973
1552
5962
9725
7570
1930
2695
6472
6806
9228
9554
1072
9186
1862
3121
584
2511
8375
5711
7572
2584
8711
7320
2277
3918
7609
1903
4723
7445
6296
9044
2720
2802
2479
4493
6252
6076
8429
1240
1798
1759
2421
2064
9190
7975
9986
3520
7879
6035
3622
1608
8580
1273
5843
8947
5426
8923
151
7604
8993
2919
6816
1855
448
7933
2280
2297
4705
5420
3042
5533
5622
8068
8578
2625
7093
9877
7866
101
4364
7353
9442
2216
365
3723
9130
6683
9993
779
7473
9691
315
5135
8877
76
6853
8369
6384
9338
7424
7819
3648
1584
6245
1121
2302
3102
8977
4213
8898
535
6443
4623
6389
9140
1970
6956
58
5354
2734
9347
2154
688
9234
725
8641
1194
7762
1697
8062
2952
9516
3641
7526
96
3077
3965
6715
3612
2994
992
5171
9534
9824
9293
4760
2309
2905
8488
5293
1574
6318
4492
2951
7336
4685
6078
8931
1288
8832
7726
1779
2782
3127
6037
9406
5736
4269
4477
7518
5471
364
6848
1001
9886
5451
6902
8506
4579
5382
6702
7614
4235
9372
3418
8811
1209
5415
3907
9441
2839
8337
275
4187
6292
6514
7
9937
3440
5786
8177
6998
3140
3496
9342
544
8765
2379
8472
7823
6585
4316
5739
9014
5397
2286
7309
1932
2678
2438
9474
741
8817
2797
6891
5921
3666
4669
8960
3581
2978
9720
9616
3170
7807
2043
8597
5595
2910
2366
2744
6157
2878
1857
6862
563
3242
3142
6242
1010
5069
5238
2808
2142
2423
5928
9912
5269
4629
9489
1229
7618
242
2545
5860
963
9327
8463
5798
7322
6285
7286
9217
4002
4184
4753
536
330
4915
5082
5056
2890
8566
3483
6670
3809
4860
8196
9068
718
5482
8449
1205
657
6617
9648
7962
6339
895
9899
3842
5460
904
693
6179
3613
2296
7068
679
5752
8417
5335
9863
3325
6661
5174
3316
8135
363
2880
4843
4858
9692
8237
652
9182
5430
888
8961
3634
6654
700
8942
7158
743
3423
68
1402
839
8057
1844
3685
1297
3708
477
5021
5333
5179
8846
5862
5463
778
5641
9195
2887
566
1199
9622
5283
3386
379
6192
7312
9814
4023
1235
3738
7818
1377
552
6054
4784
9530
6025
345
7281
7366
759
2283
5506
610
5170
6889
4155
2576
5653
3030
304
8176
9819
180
3182
8270
1735
1339
3495
6594
6678
1238
6563
6774
2032
7283
7846
564
2121
6641
9242
4889
1225
9593
154
7237
5800
9856
3326
1954
8552
2932
6203
1690
967
4195
8208
3689
4762
554
9679
9684
6330
1626
6351
8907
8924
7486
138
2414
8992
8034
9577
3889
6211
9938
1017
3773
3484
8286
1461
2527
9145
9781
5400
3025
5728
6467
9734
8855
7250
2267
5569
3971
6633
2464
5949
6792
556
5348
9003
6802
9077
8097
8882
481
574
9435
801
4121
252
2360
864
2254
7753
7540
923
5636
5525
1643
7938
6786
7114
5350
8712
7620
8663
6571
5373
7171
9302
5411
9845
269
5134
143
9306
1935
5771
9137
6532
2122
9901
4220
6723
280
8983
4503
4441
9712
3103
9591
6974
9156
1248
9461
7453
5884
8868
1861
3944
2120
2361
6843
4277
5947
6311
2195
4142
9580
9018
5349
7686
558
144
5952
2626
3946
5345
4647
2037
4980
5522
3688
8207
9309
8390
3927
7046
3338
5575
5323
2770
7329
8117
7467
5240
8784
8171
6175
9102
1878
3651
7151
3414
9348
9430
5705
307
1562
1085
953
328
2892
6141
4259
1261
3040
4677
9414
5210
6607
2263
1719
6756
3587
9700
1429
7259
8422
2450
211
7463
551
4943
9503
7541
7741
4381
7667
4901
907
4227
7687
5106
4254
7315
4750
4327
7628
1846
9600
1162
8559
4834
1790
9805
9687
4790
2559
5207
7863
3079
8935
7509
5126
2843
3710
588
1468
6132
5932
1384
7006
3652
3494
5791
1323
2335
501
5887
2271
8899
7163
998
9349
6280
9893
2017
673
1559
8035
1408
3058
4266
219
3638
1886
7468
4601
3574
9409
7339
4686
6034
9247
1811
5827
6259
3906
8841
8040
5007
3508
5742
1155
7213
1654
3592
8246
7247
2320
2944
7357
7053
7129
308
3863
731
1893
2966
8292
7159
7412
2772
9933
5050
4642
1830
4057
3543
6125
2894
1791
6501
2618
3908
2023
2570
8104
8059
1444
3099
4194
3891
4045
712
9768
8945
7756
16
1221
3013
8601
3782
230
155
1916
8120
9472
93
484
1210
199
8869
9177
1300
2569
446
4355
1733
1249
5089
858
5255
7709
1715
1665
5995
3663
8157
6652
2689
8585
6515
1260
4309
8043
6635
1358
7104
4370
8904
4413
1709
1923
7992
3150
8793
9280
6152
4403
6251
996
7760
772
6582
9990
9057
8332
8694
6610
6770
9013
7539
9548
5544
8262
7145
1765
3769
7705
5004
7363
6169
4771
3953
9709
2460
2758
6621
4668
1092
7795
1952
3060
2386
8360
317
3008
4046
6023
6065
6901
5873
9422
9434
2508
4560
3236
2107
9810
6762
9110
8857
5714
1634
5926
4248
9758
8507
2574
2194
7299
1685
9136
8494
2018
1908
6480
9883
7434
5459
3044
9244
4819
4610
2751
6537
3133
4120
7589
8887
7843
7953
1648
7235
8788
8932
1658
969
1016
8809
1653
2061
595
6083
1523
9165
5230
4547
1717
5080
3319
4920
3469
1706
6679
8008
9658
6586
2111
9432
3005
4065
1984
1327
5886
2204
784
1086
4660
2881
6046
6138
3893
3281
7901
4970
5930
8591
2760
9286
7384
1525
7991
156
6530
8729
7696
7868
8816
8964
7639
9722
8540
3690
1577
37
2821
4095
7084
8669
1242
3804
1255
55
744
8525
325
7867
5514
7208
835
5068
8610
5824
7766
57
6935
8353
132
7062
4681
1845
6103
9949
4990
930
1674
7421
7242
3328
7731
4831
1071
1223
2102
6350
5546
1116
5994
9668
1785
7767
4861
7187
4042
3955
5849
6227
3212
6525
6558
1592
1201
3620
5359
5392
5768
4630
1371
6233
8437
115
1176
3206
8324
5343
4323
4101
4859
7680
4074
2183
8702
847
7717
8428
7943
9464
2957
8740
7044
452
5737
1192
3274
8994
5517
4608
538
4968
3458
5955
4491
6334
1918
4747
8760
4963
106
3840
2954
6959
9360
4914
2868
6527
8404
443
6447
8357
7723
1974
7121
6578
2864
5241
553
6173
5997
5586
2740
8266
8875
5372
2899
2135
9064
7575
880
7334
6386
388
1899
7986
5370
7598
6731
5617
7689
7591
2968
5888
890
6041
9239
2811
5836
4927
6912
7349
4582
5104
4941
9597
4719
8238
5285
8622
7177
6698
7777
1853
9809
4330
7973
9983
3222
8254
4698
3565
2233
4689
263
3327
3828
4278
2818
2803
7080
5581
3447
6830
5649
2411
1679
9318
7896
6905
225
977
8774
8341
3973
5380
6080
6358
9331
6308
560
831
1664
7860
7368
2683
2184
4275
2621
1350
4286
4852
2246
2474
7255
3880
2984
4722
4906
4378
6210
8126
11
3786
7745
2672
2789
9763
9921
2197
1286
9246
2160
7173
9039
7727
1824
270
7222
3114
7665
644
5559
50
3146
2553
6144
291
2086
5399
987
9180
5933
6341
2721
3815
9549
3963
3954
9476
8326
1015
9858
6805
5621
3272
6675
7226
2578
5511
8798
1141
6523
2610
7956
2324
4036
9689
4319
4942
811
3970
6385
2125
4841
3147
303
6727
7833
550
8801
6349
1563
2715
4245
8603
6980
7757
85
6379
6700
1187
9950
3854
4409
1618
1009
2909
9517
8195
3591
5486
9778
2773
4125
4996
8969
1931
3241
3555
6898
3343
107
4390
1042
7693
7842
1550
4738
1723
8184
3540
761
7481
2082
7454
1726
3131
2790
9076
3462
7624
3888
1978
9584
7185
3645
8160
1433
1828
5613
8179
4059
7692
694
5090
5259
8717
6070
3472
1021
9861
7748
2143
6718
8455
2594
2768
933
5307
8206
4112
8291
20
5670
2998
6740
9163
1548
3731
8880
3748
1522
5702
2329
3384
7073
8708
9216
6378
5864
3067
8662
6391
9788
1749
4108
371
9479
2834
5018
6777
5472
8532
5526
2872
8259
7464
9932
6555
2214
9966
4780
4468
1949
121
4632
4474
1704
2593
1875
8280
8567
5281
4437
3560
9423
5985
8016
4999
9523
7490
632
3830
5142
7133
8142
8297
6435
5776
3829
5453
2461
8352
3576
1474
7024
8087
361
4265
6576
4262
8459
2371
1773
2312
2482
3549
6053
7999
3860
7987
2186
3976
1434
2977
1376
4149
4704
4971
2990
2141
8325
8670
5107
4518
1940
8309
7857
9002
7536
4233
8074
8807
6367
3936
5498
9961
909
3377
1753
3035
9194
4443
4369
4874
8859
8026
90
8787
6092
7643
33
6347
3942
9535
3296
7295
2446
5942
3897
7400
774
6069
5444
1064
1751
2512
9055
9023
2573
6458
3367
6765
6355
2882
2209
8187
7784
2344
5892
1258
3493
9184
9795
2783
3467
733
4449
4295
5067
5006
9770
9696
5423
472
5092
7296
6838
4614
1364
3224
8989
1478
4797
3093
3960
4911
4539
8690
4997
6542
7977
982
2996
6989
9058
2210
1366
8374
7100
3138
5058
1152
2505
3872
6148
4351
5353
1424
8116
335
4018
732
9258
9312
4021
4051
8749
4510
5267
2322
8180
7619
3672
2378
6093
5625
3569
256
3072
9439
1629
1675
6591
6655
6455
3609
4159
9971
7227
8860
8543
6869
2057
9114
6263
7260
6293
4448
6790
9820
4519
435
1614
8470
8484
3424
6122
2127
6019
3701
8825
3552
444
6556
6839
3570
152
4358
8013
7568
9400
4625
9741
3411
1578
2137
7469
8893
4490
6909
3378
7356
4921
5377
9624
7617
1644
7553
7627
6324
1435
6298
9911
3925
3914
3673
2250
4294
9478
4461
2489
4255
3600
5554
2633
5833
7600
6219
5404
1356
4094
5883
9927
5476
9542
4322
668
9025
4469
4210
7716
8278
8979
8236
5674
3405
145
4218
5552
6387
4888
4514
5550
3580
8684
3019
6658
2495
1938
8174
6185
7982
1612
2009
1050
4202
3798
7890
5477
7567
9467
1467
3602
915
9941
6544
7707
7714
3757
4639
2567
8011
660
285
8878
4354
4715
8150
4799
5659
8085
8607
7488
8058
3837
8888
4522
2542
8350
4637
7776
4693
1104
7436
514
6782
845
2330
4242
5196
5635
5095
7037
1296
7592
9000
9073
7194
6253
7448
3715
8997
7305
9106
6653
134
8776
4985
1771
1436
7181
5391
7634
8723
5986
5052
8806
1515
408
525
6560
3822
3719
7888
751
7581
5388
194
3392
6133
7904
323
8699
9979
5953
885
9428
8734
6492
7123
894
6331
8140
1427
2580
7354
2714
2306
6425
5982
5245
4899
6172
8592
267
6375
3531
7785
3089
5614
621
8946
8965
7064
5591
6729
5224
5481
4080
6860
3665
4517
2777
6462
8705
5601
4129
1527
6613
293
3175
8953
5946
8478
991
1601
7697
3109
2873
4122
146
7012
2144
4088
7702
1392
3890
812
2523
1501
440
2560
1145
5808
7083
5061
4782
4965
8165
1990
2119
1419
8872
5754
5700
8185
5573
8124
4694
1722
5718
8173
5582
8571
2396
8203
405
3884
494
840
8394
192
723
184
1456
6844
4809
9197
6027
4586
5300
2287
6748
9024
960
8127
3765
296
4515
3745
8156
5108
8581
6414
9842
6704
261
9260
4998
2452
3176
7650
66
719
9660
4636
6588
9133
451
9235
8502
1266
7524
4925
830
5470
2005
9259
1137
1747
8301
4585
9761
855
4115
7827
131
626
9874
2158
6671
4845
2540
182
6803
1838
3582
1681
5719
8252
5496
2498
3799
3268
5834
3387
6622
1156
4745
1391
3603
6811
3439
8790
7585
5958
7330
8425
8265
1926
3670
1365
7525
5745
5527
9526
3957
7995
5457
5043
2491
5758
1725
1976
1281
9878
1944
5872
4910
8408
9766
9063
5500
3556
1245
210
8416
5091
5446
3772
9821
9751
6772
5549
1656
9001
2200
1989
7556
6921
6397
3063
5541
7799
959
8200
9176
3712
6694
8726
5723
6466
1233
8491
8464
8303
1038
5777
5321
9931
2084
8230
4972
8908
1907
5859
8032
4549
6809
8018
1378
6196
7050
2670
339
3682
7487
6984
7113
2682
8612
545
2853
4520
3548
5676
900
2895
5485
3082
437
1101
1462
8081
5125
9681
8562
8088
2981
1561
4075
6405
9890
3743
7626
1694
7376
2588
6494
4363
9576
8005
531
3913
5257
6163
2171
607
7038
8910
9230
3344
7052
6926
1874
9846
4029
1797
8649
2223
8786
7587
9739
7824
3775
3485
7998
2575
775
2528
5709
1882
9992
4306
792
4907
1370
7929
7761
21
2249
7905
6528
6021
95
1254
6361
2409
3302
8848
8335
4609
462
3877
7571
6739
5395
436
1234
6415
7095
5401
2444
9826
9898
631
2190
781
5801
8505
2487
4066
8113
2904
9738
173
8295
3329
4795
3801
2050
1628
4550
5439
2838
1455
1813
9376
393
9125
4986
946
5961
5545
3789
1553
9072
528
9384
2019
5250
7015
3776
7644
3713
8094
42
7483
7580
8079
1311
5165
8838
3445
7270
3200
7798
4543
1867
8789
7882
5282
29
6400
4867
9945
2945
916
2219
169
7274
6866
9287
4138
1533
8201
8342
7378
4548
9733
7039
6666
3883
9928
9604
3583
905
7431
9236
3427
6927
579
1317
1816
4765
9393
4882
6178
4371
9111
3668
2345
9698
6665
2484
1109
3561
8304
1927
403
9220
7820
3335
1912
5160
3193
294
952
4973
9162
5645
3639
2960
7167
438
4987
9930
3517
6356
3878
3596
1551
3475
9727
804
8365
8211
9016
1902
8572
7512
9419
8146
6880
6505
7533
4666
7193
1521
748
5807
1048
3308
5215
2352
4844
6744
7625
2629
5062
1124
7899
3514
1946
5093
5178
1218
5376
2566
7928
6077
2514
2796
3680
684
8233
3425
5903
5683
8239
1379
9550
6050
521
2826
4457
6453
2326
6602
4261
2259
7444
1745
3250
2642
1819
9168
5694
4164
9473
6907
4043
4133
3488
5671
9827
1602
9143
687
4191
3379
9494
7607
7207
7510
3814
7495
8661
4951
1666
3251
3015
5035
3747
4326
3614
7146
9061
1430
9498
3915
4824
6323
9272
4454
7861
642
3187
1299
8078
6840
4420
8413
6161
6910
4696
794
1519
658
2673
5640
6085
125
5083
9015
3766
5057
2958
2648
7277
7752
2538
3271
7754
334
5237
2472
3831
1760
3819
1756
4178
9340
7301
2874
3805
9642
7359
4185
2742
3895
6126
3290
8164
4830
8837
5780
8045
8533
7849
3945
8112
2198
1983
884
9488
3490
1004
5303
3706
9843
9264
1443
7365
2939
9240
2541
4813
306
4239
1638
65
3027
8396
5114
7409
4651
8310
488
8628
4056
3521
4905
6465
2433
9480
2436
9005
5356
540
7870
8432
1276
2359
8939
5489
4435
3859
958
1029
8025
1784
2126
8682
7110
1957
4937
8398
5863
2355
6117
9970
283
5313
8315
7586
582
1287
8574
1188
2313
8831
9849
2192
2940
3410
1230
8951
4341
5765
3292
8604
7869
52
8071
9958
1947
476
2350
2975
2500
4234
4131
2291
6614
6503
9402
7944
788
7678
9565
8541
4567
6193
1589
4273
4605
9545
3578
9592
4534
2627
473
6939
9354
6810
7578
9151
8842
2924
3470
9411
4848
3159
6146
6417
7559
3826
9851
5851
5296
5959
22
9021
1560
8973
4816
4177
1333
5744
9351
7160
4532
4778
4047
9437
268
2417
1872
1490
3265
9783
4445
6195
5357
9048
8300
7199
2700
9173
4204
7834
7653
4165
9069
5603
726
7961
9172
4147
4657
8107
8202
3280
9918
7719
7671
9006
2205
4038
1202
7782
5857
5854
9729
4596
8549
4992
573
7089
1267
2706
1002
9988
6249
4096
5567
8279
961
2962
3760
3998
8368
6696
9491
7144
6348
3686
4546
5394
5710
8019
5965
8288
2674
431
6436
1650
8911
6943
7385
1401
6847
9084
5064
2875
4979
5304
5868
4648
1111
3669
4511
5131
9997
8041
4978
4800
5074
9840
9521
1796
4015
2321
4876
3817
5867
297
9394
9269
2340
4976
8536
2034
7204
2705
4314
2778
8909
1113
868
3275
7455
989
425
3816
6421
2274
577
2707
2729
216
2703
8768
9612
3813
2175
6914
7551
2262
8170
3746
6903
8260
5654
6307
5829
8052
4913
2265
2641
8584
7111
3041
4981
6139
7475
4352
8991
9261
8397
3080
6337
1316
6701
86
5809
1298
3604
9154
9118
5167
3740
7941
8340
8044
3203
4362
1096
4769
9062
227
608
6257
2398
4272
2065
1532
8392
3526
8550
4484
2490
2763
9456
5562
6923
1129
3846
167
5592
6004
1073
8485
6608
9771
4645
518
6168
3466
2725
6107
4755
9291
3073
5901
9375
2232
4001
3244
814
2555
4950
7476
2237
7529
4896
6468
3238
3429
7770
1285
927
9215
5792
9724
8704
8990
1167
9994
3999
401
4663
386
2556
653
8751
6888
6755
7021
5024
7128
356
377
6001
1510
4886
4904
520
1330
3330
5663
9126
985
3376
7610
7244
6488
2011
3357
9513
9121
47
6194
4679
8438
2746
863
737
4957
9676
5528
2577
3730
8450
9129
3054
8666
2871
4044
4589
7656
3117
1684
4801
7268
6924
826
6971
6915
4429
1707
1822
7675
4394
2399
320
255
9387
9505
1367
9155
7873
311
5187
8636
8619
1412
1781
4339
1764
833
1215
5117
3246
8225
2913
8503
2867
4877
64
5060
2231
6519
8508
2780
4285
6632
2950
8215
8218
4954
5309
9119
4198
2587
2860
3113
1020
8144
7292
7367
2623
4332
7893
3932
2108
9881
3995
2737
6036
5441
3522
9271
8995
8136
4964
9487
8121
1314
5966
6533
559
8676
1473
7389
3756
4868
59
3191
1027
7817
1776
2903
874
1827
957
3644
4661
3068
3100
5066
6872
8483
1149
6440
7668
8320
6497
9519
2316
2596
4287
7765
228
4558
8919
9830
1216
2969
2113
8198
5604
9316
4321
618
6362
9454
6431
1999
2024
3835
9848
510
5799
2028
3341
7065
6048
5188
4708
7970
5856
4770
1631
8122
1140
7042
9529
3263
5299
9547
6074
9760
2726
7000
1133
2754
7946
5706
4842
9764
6534
6627
9651
3630
3778
7358
3605
9929
2524
1150
4176
3676
6691
2917
6276
5143
9241
1353
1609
9889
6033
7505
9278
5990
1308
2004
7325
4713
4132
2087
2225
2614
3486
9865
768
7590
3154
2240
1518
4450
9951
7980
1540
9836
4646
2492
8242
6758
187
213
2252
3204
3310
9644
2661
18
6317
6429
6870
6949
358
565
9011
2856
5855
7506
7045
2582
3442
870
7248
5701
6707
158
3194
3821
3874
8458
7902
838
6416
6793
2220
8737
8189
8728
9355
7862
1463
2785
9631
2455
1852
4152
9471
445
5198
4804
9867
4299
2304
931
8426
1363
3078
3261
5168
7182
3777
7720
7790
3986
3803
5440
7921
7558
3949
6841
5879
7170
4691
1703
3509
6422
3811
7605
7036
5034
1056
8103
3725
6778
2941
1503
3626
2896
4805
3017
9343
8557
8949
8755
6345
9900
8996
2606
1858
2138
4428
5077
9097
8510
6395
2769
3479
879
6392
4720
8244
6084
3575
295
3550
593
9466
4436
4839
3675
9508
849
9314
6485
1806
4118
7845
502
6162
9500
9957
9499
8912
8640
4037
188
9022
8813
5263
3132
3716
3289
6988
7636
5513
6072
8730
9279
3997
567
4687
6158
419
2
3163
9575
3362
5462
6526
3097
5347
2010
4702
9339
581
9981
423
2816
6291
3796
4135
7955
5487
9378
9263
53
126
8679
3123
8534
6135
3833
6353
4891
5030
3768
6399
4820
8957
8063
4756
6896
4408
4257
4741
8364
19
6461
506
6003
7793
1291
3092
4221
6005
7638
5200
2891
6647
2094
8261
9611
7788
9882
938
9120
5274
450
8750
5652
7854
1399
6066
8834
7061
7140
234
5276
6771
4462
7350
5449
6335
9922
2327
9873
6877
5478
9683
1587
6336
7022
6733
2738
3359
924
2161
344
4087
4628
8716
4348
4576
5235
8681
9537
8683
1933
5330
1617
9610
7190
803
4757
745
1637
6567
6687
7216
6042
9310
2658
1583
3901
6970
5231
6829
4393
5412
3492
3264
1139
5421
1514
9672
5015
1639
6638
3529
6112
819
7763
5367
3904
3298
7805
2669
1270
6002
8844
823
1195
4751
2426
2293
882
9621
3048
8593
9853
5086
6401
7303
6262
9311
2537
6604
7460
8226
9573
5925
1328
8264
5234
2128
5418
463
2245
9109
6817
3870
5065
2342
2595
4063
7165
1075
69
9429
1198
5232
2805
1859
6029
1843
6961
8145
7744
914
6759
747
2412
1398
7321
2741
3535
8305
7033
4039
316
6032
7908
8980
9601
6606
2227
4924
6079
7779
2012
8433
9789
1627
6753
8518
109
7246
7875
5387
7077
4427
6575
8548
590
9294
321
8452
3153
7294
9528
8870
5524
6794
4555
9653
6344
1236
6301
7261
755
4791
940
910
1307
6094
2303
1792
7297
2349
8055
9572
6502
2431
9962
6660
4089
6833
1534
7772
3905
6876
2191
636
8083
4682
5219
5375
8205
8858
7101
5778
4009
1794
7659
1941
4730
9413
7105
2691
4430
8400
6159
2650
2055
7134
800
908
8427
9325
9557
6964
6420
1661
9304
8753
3700
760
5428
1799
3383
6941
4008
5437
2622
5689
3979
1889
5607
1985
6120
3395
8764
4079
9418
6795
4714
7865
5679
9298
478
6495
9586
176
8778
7758
6081
9268
1987
4554
7249
3704
5606
7477
7150
7333
825
944
221
3876
8501
81
5364
5568
4481
799
9757
4030
2654
9515
8582
8036
1114
9050
5406
841
2182
4222
1526
4735
7197
6681
3451
8530
159
5588
5055
2822
9581
3028
3763
634
4452
5755
6238
2300
4288
922
7878
5537
7642
4828
3087
7231
5590
2076
8845
3366
1655
2383
1397
9445
934
1808
9755
3864
1492
7094
1130
9332
7371
9486
6108
6752
6127
5048
1803
8685
5874
6543
3533
7915
7425
253
9319
8839
1448
3683
3922
6690
6763
8545
44
654
6406
9673
7514
4005
6213
7898
2898
8111
87
3961
4732
6699
1939
1741
346
8435
8178
1185
4496
8885
9706
7931
2392
351
3228
6310
6234
594
6776
5967
5803
7317
6948
9688
8386
376
2270
7422
9214
6031
783
2485
3661
9398
8050
9756
8981
4826
9170
2911
6452
1360
7001
3935
5138
9748
5756
7652
6516
8118
7608
3632
181
74
1581
6644
6017
9226
6662
7047
8815
4731
9769
4794
160
7889
8054
546
1642
6524
9943
1788
5326
6151
4154
4000
5877
697
4564
6244
7494
6402
6024
2170
3426
1752
4054
5099
395
7595
4802
8380
7787
2776
3402
5448
8829
2046
1880
8598
5787
5538
7219
1818
7491
3248
3186
9326
9357
378
6743
7828
1479
2692
1345
97
4432
2056
4872
9839
2546
1649
6954
2685
6868
4028
4405
9446
1961
5049
2717
1866
8936
9804
1382
6668
3119
5051
8554
5692
1268
8547
5484
5696
9637
8003
9098
6584
9087
3076
7031
6171
6922
3902
244
8430
6274
8954
6685
6890
6118
9090
6764
2554
5637
5337
8053
2807
1161
8223
4014
6060
2353
1576
9645
3314
7269
2251
4569
2047
487
8920
1189
2518
1702
2676
7351
8528
9367
2668
8275
6814
6854
1884
7382
534
3409
4812
5461
4073
9281
5738
1439
8930
5699
8101
1476
7236
9787
8720
6432
1762
9837
5531
3124
8524
6044
5639
2869
3380
67
8293
8974
7059
5661
84
8474
7530
939
7611
3239
7013
3062
5436
5261
4336
5905
2002
4442
8163
3537
5712
2314
8746
8952
1076
1543
8377
1802
9482
4049
9544
4400
2285
6376
6940
2948
8725
616
5248
9670
9431
5163
4796
3563
2933
6382
1750
7161
2733
1256
7546
5223
5991
426
4380
7399
7484
3692
1159
1083
4282
7710
1453
9872
9104
1305
9569
6895
9568
5784
3243
6639
8367
3825
9424
3534
2931
9427
6043
758
650
5365
2403
1089
690
1197
3408
3108
3546
9297
8172
7479
8431
8944
3598
9791
8733
6109
5904
4207
2377
2374
6931
7075
6599
6239
5695
6875
2074
2947
2823
866
507
5366
9004
8521
8067
2187
1810
3780
2579
5574
2097
6717
4011
7630
8345
7959
7892
5495
4401
2339
2976
2747
2819
9031
7108
7276
4862
6663
1275
9475
766
6851
7418
2476
3838
9669
3278
7115
1008
1502
836
3401
7832
2858
2292
9984
3646
9493
3189
3941
2837
4
3368
6815
1440
389
9399
1943
8451
4345
3324
3052
5564
7563
8492
674
7212
3473
4006
7028
3655
9649
1508
5445
7657
7804
3435
9150
5158
681
2051
3545
5133
5662
9362
9377
5085
2690
4521
8881
4324
5379
6628
1536
505
2724
1055
4832
3022
735
776
3181
7396
1973
23
3571
7055
5576
8323
6207
1224
6008
9813
9732
4289
1321
2831
1117
3734
9321
5837
6761
2854
7708
9364
4626
1212
1030
4373
6705
6732
3679
368
8849
2586
1203
3101
2315
1489
471
2999
3162
3351
2535
4279
7291
1955
4425
1170
701
8139
6646
2147
2804
8197
5638
2764
8358
9816
942
2213
4280
4590
4061
689
1977
3457
5929
685
3898
9633
2257
671
4350
2110
9887
6620
7426
5258
9060
8940
9702
6261
4922
6338
5352
5314
6978
1922
9996
4956
8333
3616
6631
3781
5518
4650
1689
7221
2914
3322
5177
3043
5012
995
1080
1007
7932
2767
247
7786
9818
4190
3741
8338
14
6284
9897
2447
5435
8496
7497
3213
1446
3464
2092
5691
4531
2877
9750
9913
17
7402
2193
6380
3702
8476
5746
7550
872
6529
5429
2199
8901
6206
2598
1351
8299
7097
7394
3800
1023
4114
2762
4793
3323
7341
6522
6469
786
752
891
3937
1603
3459
2404
8106
8658
212
8421
2449
1647
736
6807
3518
5668
6735
4556
6619
8475
2062
1890
2597
3406
6878
2129
4072
153
5262
4658
6040
7332
8214
8633
5923
1742
6250
2206
9776
3165
7949
997
7116
9619
4538
7616
466
1831
4776
8388
2112
9122
4583
7098
2235
8373
4157
7196
3428
4670
8527
947
4417
165
3407
6712
7815
8105
108
5757
9728
2900
2655
2071
8500
3369
3448
4040
5450
8066
4250
8440
9636
5678
1416
4353
4083
4618
9251
5931
541
7057
9221
6184
9603
3681
4052
3476
6499
1153
3315
8148
6067
7732
6165
3642
3348
592
6785
4827
5139
5519
9207
3589
238
917
3853
1306
5980
3527
1405
6842
1062
9828
604
6327
2677
7808
2549
6413
7612
6818
4733
5992
2632
163
1040
7780
8166
1823
2295
2949
4025
8344
164
3456
7452
8349
2153
1480
6059
4076
1856
1964
4385
4552
8154
3952
5425
9373
8998
643
5368
7345
5917
622
6934
1066
2130
2520
9598
5750
8767
782
7419
1588
4387
7393
9174
4240
5020
9850
7913
1820
457
282
7963
8248
8147
9436
4085
9801
4967
2238
4984
4595
5677
9282
2517
4591
1821
6237
492
7391
4649
6991
9609
3882
5815
2099
7661
7472
6538
8362
7910
3455
9749
7791
4929
6728
3166
2604
9209
9405
714
7414
7398
8125
3139
4557
6983
1770
3606
5539
4482
2531
5381
6479
822
8761
6929
8874
8048
8802
5316
9229
5427
8009
2069
8667
360
9829
6496
6450
7456
1892
3625
9841
5594
2026
3125
5643
432
6282
2477
5346
4293
9777
6536
38
3657
6
5813
2049
7254
1483
2722
8110
791
2630
1646
4170
7251
9844
1227
1888
7493
353
5322
4211
3301
3903
3000
9159
4606
2440
8695
4763
2226
3247
5046
415
6904
9191
9784
4598
3510
3671
8671
5684
2080
6160
4367
8985
8348
9854
614
1809
7362
5122
6090
4264
7654
682
5201
7916
948
6226
8605
7002
7669
1636
8268
3972
3916
516
4392
5053
508
4020
5918
9350
717
5870
9035
1278
3849
8523
1166
5735
8756
6009
6183
2897
8968
3586
3160
2058
4991
205
3225
9401
3056
1047
3739
2731
7552
2332
906
3311
4162
357
993
2617
2885
7492
2663
9991
5781
8586
6636
2718
5974
6856
8779
2481
9715
5438
6541
4572
2430
1022
9183
9089
4908
9894
429
9582
1481
9127
1099
7894
5192
7856
4453
7923
7307
8634
4894
1147
3938
1262
6994
4439
7449
9329
7009
9075
7224
6944
1919
8210
6975
9396
1782
9203
6047
104
2719
2468
1348
2443
1094
763
3303
5204
5340
7099
6325
4949
828
2702
2828
6684
1917
4124
7026
5361
7220
1969
7885
7583
8302
2781
9198
4814
2014
1632
820
3129
4806
2846
9812
348
2260
2434
842
2123
7542
2739
2493
3205
3524
8151
7688
2525
5747
1239
4500
1936
2935
4389
3497
3754
7640
5793
1054
9859
2974
6852
4873
1274
7960
5785
12
853
8656
728
6154
3536
6908
1232
2022
5731
8311
1284
9477
5206
1454
9296
3342
1986
8674
6911
7853
9100
2930
4017
6451
1651
8072
6598
8941
672
1905
6277
5289
1214
3513
2681
9300
3506
9231
8231
9605
5413
2612
8835
8714
5402
7876
4652
4099
5393
665
2795
6396
1469
5866
4570
326
1081
2619
2815
9721
5876
676
9380
3050
860
1088
7632
4577
4947
5814
8318
7091
4612
3183
5033
6573
4530
9704
485
8709
3361
4761
9320
7812
6484
4160
4105
149
9864
5205
7267
5810
5543
6976
8028
903
7864
6932
978
6953
3171
7126
3177
5327
9008
1180
9204
1624
1078
7622
7958
1677
2680
231
2356
4879
3436
5529
1920
7851
4103
8093
3807
1662
742
7886
4597
4737
248
79
9682
6693
4850
373
1485
4772
9334
6372
1910
7967
9346
875
6773
5386
5620
7138
7131
8213
6167
5775
2712
7179
2390
5128
6332
3656
3996
7252
504
8188
7311
6320
8818
646
6012
5839
4251
8080
9785
7228
9925
3024
5218
639
8442
8896
7972
587
9295
4464
5610
8871
4786
6874
3940
6570
9341
4058
4205
8001
6535
1024
6569
9936
6018
1168
4192
8168
7405
9735
8046
3928
1599
7796
8650
6150
5182
177
6000
5384
439
962
7125
5973
5336
5835
6229
5036
3003
4788
6509
1688
9514
3980
807
3732
5374
7375
3144
5236
1293
6201
9625
2845
678
88
8414
6726
971
3974
6990
3975
9458
1324
3007
2282
272
7287
7360
9807
6547
808
6022
7850
3415
1568
4909
2389
6946
7588
2124
35
7106
8371
6546
6766
4884
4384
1375
2079
5906
1657
9862
3917
8499
4994
1282
897
4338
4815
6906
5761
6271
6020
9169
8412
9773
5497
3558
6513
7774
8689
6279
7262
2986
8916
2961
2757
4540
5902
1696
704
1488
5088
8917
9860
1060
640
1420
5009
9782
3662
7666
3230
4821
9588
375
5536
3900
5936
7645
4307
1496
5971
467
8621
9088
9344
6849
7839
8563
5984
6113
4823
139
264
6648
9157
5669
6957
3482
8221
9614
8913
1883
524
1102
527
3481
110
372
6574
2810
26
9989
5911
6987
2849
5324
9665
2139
6493
1894
9599
3653
7621
6561
651
1767
217
5203
8657
7926
7348
7411
3474
3624
3836
3783
7664
2886
3452
5715
6562
1718
8424
3223
7003
3929
7872
699
168
61
9188
3023
8336
8903
1928
3237
3312
5266
1934
5644
8762
1777
8504
5191
224
9420
4486
4584
1013
8546
1032
5977
9506
1400
994
9007
6831
7485
5858
921
6981
1691
2424
2653
6270
8272
491
2710
9902
7191
3420
8372
3705
9455
7562
9426
9802
5796
2679
9117
6408
9910
509
5409
1611
785
197
5626
1900
4459
7948
9051
705
3214
6343
2628
8002
8821
4917
2244
7074
8379
4864
1389
8497
5577
8803
7327
2530
8660
4199
6760
5341
1701
1641
7225
4465
3269
9208
7205
8775
2166
367
5628
4989
6864
4267
193
7157
8962
9092
5468
4216
8330
5922
9583
8070
1783
1112
8851
8602
1993
2294
9501
6730
7438
9361
4995
6390
6897
3285
8169
4792
112
1699
4019
1126
764
3633
4919
4675
8017
2934
2743
4525
1407
8192
6626
3059
454
2752
162
8519
148
5970
3083
1449
8403
5154
1832
5124
7020
3313
2333
1743
2699
9876
6222
6804
7166
5623
1590
2363
6287
2275
6377
4166
233
9101
5547
4640
2394
739
3994
659
5466
1074
6885
2253
3530
902
2060
350
7067
3924
1869
4091
6442
9274
241
4853
3373
9452
5605
8766
8183
4117
9960
9641
347
3714
1272
617
7730
3899
9977
4900
3300
7462
4171
7168
5733
2851
381
9317
2469
6801
2067
4743
2155
9707
9171
7082
9935
8354
6369
7840
7835
9870
8847
2041
7316
519
5979
3075
8415
480
7548
5130
4174
6221
2066
5770
2376
4333
4010
8514
8600
1966
1686
4407
8529
9538
8701
3607
3454
7565
1712
9718
5934
235
2029
6649
9370
8274
1173
951
8986
7085
8060
6283
5878
1410
9481
3637
6751
3157
1484
9211
6124
798
4672
2533
142
6123
3130
2937
2083
3018
4710
4110
63
1120
3802
2624
178
6269
6197
635
1493
7549
7007
6918
385
8327
4097
8688
4146
5619
3014
1774
5788
1486
2044
2675
9998
2987
5405
7117
926
8928
6630
7603
5806
7547
1381
4527
5458
3143
4237
8175
6212
9822
6822
5935
1361
9148
3779
8128
8328
3340
5548
3839
4701
3047
670
9219
6371
5054
9415
8465
5647
8522
4835
7004
4581
8652
5894
3468
4426
1673
9012
4335
7768
8724
4343
5214
9037
3502
7233
3391
1082
7403
9562
6857
6110
7175
3081
9224
239
7256
2866
4818
3660
9421
7829
3631
1175
3939
196
3886
5681
9285
2308
9017
5025
133
2331
4883
384
3217
6205
3845
9383
382
3086
