969
8009
2097
8189
5479
6115
1788
7993
3745
7052
4308
9997
7961
6669
7521
7951
6206
5367
8645
7989
2885
8732
8151
4830
2872
1808
8685
9594
6903
4980
5092
2449
4616
3999
6019
7620
9702
4118
5955
2793
6840
4452
3410
6989
713
5722
8240
1581
8691
7070
2926
8865
5781
3380
8964
8714
2535
5296
8532
4504
6080
2227
185
4277
9346
2137
2919
2758
6992
6953
4337
5104
8482
9780
9116
4159
4582
1798
2359
677
9720
3474
34
8112
4797
4231
3125
5395
5003
951
8132
6499
1842
6871
812
7911
1246
3350
506
4241
7908
1872
7635
4301
1976
1760
4352
1077
6656
9554
6865
8351
9980
1267
8017
7219
7022
4270
6482
5973
3722
6254
460
1412
2091
8035
6682
8849
2380
8947
5356
6180
3783
1449
1056
9236
9402
5291
1020
7872
9167
7587
824
7788
7485
8106
9001
5259
8978
6138
4311
6589
3110
383
1725
4
7765
6467
2086
9943
3787
9263
6688
3200
9152
7197
1532
5228
8235
1359
4580
8213
2170
9748
594
3546
5545
5383
5199
9085
6693
9316
8157
1646
8743
2802
1750
5297
5489
2358
3288
1637
7619
4057
2973
2042
5898
6112
1114
3056
1972
7969
6939
8239
1083
411
6481
1864
2448
8751
264
3762
2840
2894
8590
6401
9366
643
3366
7603
2393
2782
1035
5572
9148
1569
547
5519
4420
5896
6799
9091
9308
6501
2634
6718
1052
7876
6251
6429
4040
4863
3016
1199
5099
5304
5902
3237
3704
2646
2999
9183
9768
1031
5792
5566
3695
7549
6594
4076
7033
7185
9499
4848
3142
1801
7695
6548
4556
8289
61
6671
440
3393
9411
5766
4425
4931
2858
4048
708
6768
6936
5674
6205
2995
350
9380
9175
4266
4460
1533
2807
9892
9231
7340
8839
3920
3556
426
2504
5234
9109
3459
2931
8669
9030
2171
2058
384
9002
8190
9669
3536
6604
35
9800
6524
3766
744
5587
9289
6237
617
8318
3182
6483
2851
8029
6203
8648
9482
4423
7466
3456
304
450
9329
5735
4331
6352
5846
7690
3448
148
5872
9870
1474
6819
5387
7223
2062
3636
2964
9301
9631
9856
9242
300
1372
3508
267
4755
2844
538
8494
9246
8244
8125
1792
6660
4372
7329
9092
5088
3520
5518
1066
7120
2122
5636
3204
632
2887
4778
5177
6841
629
7095
2368
57
6261
7428
9147
6317
7074
4603
5897
280
9565
3417
2959
3081
8401
7341
6373
8872
4920
8918
3664
3402
7351
5483
2555
2916
8077
2084
4124
5143
6624
6772
2302
90
279
9040
648
6182
8497
6096
7039
897
1178
3970
1602
4993
2381
8526
9982
5147
9940
9680
5237
2925
1948
4217
7906
4902
4559
1258
3132
5562
4058
7667
3945
5254
6265
6920
1189
5709
7151
4681
9376
2052
4579
5836
1089
8670
8103
6894
3339
2942
3305
862
3325
7295
9293
6143
1981
3672
3089
5782
7520
3687
6709
4343
810
7393
7659
1004
5889
7651
1110
6077
5686
8583
1255
2375
2540
4543
206
5512
2301
1985
4506
8367
5599
8385
1601
2439
5714
5622
8724
5994
1983
6486
9268
2023
2486
9317
694
1791
8517
1706
6922
4663
3403
8677
767
1300
3381
698
3136
8524
7511
894
8775
906
794
6150
6485
4310
1845
8309
2244
2162
2028
7577
7889
3709
8868
9533
1299
7487
9426
8206
7841
4000
9488
962
439
1152
7464
616
5161
4687
325
1208
5788
8078
7216
6972
2240
2700
1719
3114
3437
7979
1811
1924
9141
2833
5097
4031
1817
8709
7146
3555
31
8264
1588
9353
5052
3553
7439
5831
4298
6900
3009
8140
6318
1259
3216
1739
8072
4758
8392
5433
19
7643
4172
1740
3358
7660
4677
7557
9470
4275
2981
829
5050
5171
8581
9431
8047
6617
9178
2174
6302
4140
3343
4684
3910
6965
7712
8602
333
2680
7642
5065
6630
2953
452
4404
5245
7710
7755
3310
3442
3558
7459
5927
8313
9023
8733
4023
4250
2095
4708
6889
2740
3731
402
9456
9796
7795
3466
2542
2617
7262
2537
3062
1370
4869
2320
9444
3680
3870
9763
3452
5950
9611
1521
7042
4279
5053
6463
1946
4253
8395
168
4281
7047
1977
3111
5012
4224
8500
2321
2294
2895
1163
5282
8960
7963
9961
6804
3479
6644
471
3392
1668
5145
6612
8292
3585
7457
2584
2196
5124
8773
5610
6765
3619
7268
3298
8345
9895
7811
3133
2474
3852
4484
1575
3189
373
9520
4081
7957
1877
7455
6955
8360
5507
5122
2696
4574
885
3048
3894
5474
5216
4692
2528
164
8588
8299
9463
6178
5386
578
4327
8348
8790
4063
2278
1865
1530
3721
2967
330
9973
727
5617
8053
590
1809
6940
5062
6944
5240
6194
2855
3564
4904
9975
3230
8417
3849
385
308
4773
1021
3035
1979
6574
2778
4527
7056
9075
6452
5346
1283
2025
8123
4581
786
2756
179
4131
3173
3830
4455
6758
7546
4695
9809
3749
785
7147
6823
3579
5516
8451
86
3247
8783
7386
9921
3346
2943
5293
9155
9883
7859
3697
1746
8647
9827
1995
7870
7463
1633
5543
6230
3772
2557
9475
9618
9048
5703
1430
6
5678
9388
743
2167
3730
4588
3895
3688
8252
3676
4096
8234
1916
1282
9437
1571
8509
8890
4568
273
7846
5038
152
1765
8222
2728
7187
188
2123
5494
236
6565
3576
3285
8534
5830
6750
4735
4591
4871
8766
9979
4486
107
5526
8464
3361
3333
4165
4319
6978
9382
9903
2817
3404
804
1866
302
9283
4882
8067
5833
1703
3630
3095
4826
9214
6720
8325
3696
9797
4542
5849
6609
3092
456
3808
4610
378
347
3369
7419
4712
4175
3279
2390
9588
1831
4421
9538
5357
4227
6192
705
3825
6121
7335
9011
7636
6895
9844
2193
3661
859
1142
3063
5834
4085
1166
4251
9406
3004
1440
6424
2376
9204
1394
7193
5271
967
1182
5827
2471
8384
9671
9691
2917
6755
9731
4749
3700
65
4393
2326
9622
8860
8533
253
393
5036
9130
1657
8104
4320
7243
9596
229
7884
1428
9053
96
1185
6812
4968
6809
7119
5272
638
6542
6555
249
6568
1148
5057
9519
2322
387
8558
8493
4246
4775
2507
2067
8020
2599
5114
1365
544
8460
8294
554
3044
1404
2641
8023
3302
2551
6207
7505
6310
9387
8231
158
3651
3238
539
7658
8807
410
6037
2239
4087
3328
6305
5963
5392
5438
4437
3747
1974
1249
8341
4855
9714
8623
9753
5453
2856
7175
2300
7920
5109
9868
543
1653
4689
4272
2883
3232
8137
6364
6241
9726
3649
8038
2429
5462
3207
8717
5060
4926
8175
7435
1377
1705
1758
5103
6095
8826
5068
1488
5281
7231
984
3500
2161
4254
1053
5813
7899
7493
9118
6168
3423
763
4820
872
7803
1969
1901
2180
4701
7157
9995
6204
4454
7983
8379
7976
9959
9839
5613
8564
9795
1889
7023
1098
2770
3483
6315
6979
422
5075
6835
4378
7079
3647
7267
3498
6288
8965
1658
2936
9945
9184
3603
8871
8817
2040
1777
7713
9379
3205
5028
1297
97
3061
1399
8248
5477
7384
114
9829
3861
7618
6322
941
5807
3038
4212
5451
9722
3461
8612
4657
4553
6067
9767
602
1919
8198
9504
5851
673
132
7083
1305
3163
2990
5255
788
489
7324
1002
8026
282
8364
8630
2978
3669
6437
3435
4155
5353
8105
7905
7149
6428
7179
8962
3517
5753
1387
4202
6600
7475
4877
59
5217
3883
9592
54
3842
4134
4683
1225
8745
1651
6991
4696
2437
6091
8672
1171
6176
2736
481
1527
4434
6350
868
642
669
5908
7016
1810
6733
4874
878
6652
9585
1518
4933
4077
1078
7960
645
5496
8024
3157
1260
4389
361
6931
846
9821
5252
1482
2387
7916
7192
2362
5442
5882
7592
7499
7474
7297
9004
277
5300
1542
4322
1433
4934
4458
4565
4219
5430
2763
397
1973
3275
8426
9264
9478
6324
6229
4004
348
3374
7326
6541
7339
2985
1930
5914
5270
6951
7426
7552
564
7045
9479
2234
6675
5051
4138
2466
3899
2924
9847
197
8270
9490
3211
4570
9182
5308
791
9739
2503
4059
6170
7931
5105
311
5760
7506
5260
5422
2176
2205
7089
401
8428
6512
3467
6235
7982
1270
9646
3712
345
7839
9486
8961
8434
6372
5681
9360
6762
5848
4203
7204
8993
1395
7282
687
9367
9573
9034
3472
1332
2274
2780
6223
8172
399
1138
6326
9126
7263
8241
6259
4614
7260
1113
9066
8164
7389
6881
9056
675
1190
5966
4909
2291
1388
105
3235
7580
327
9356
7054
7602
1722
7529
6942
8804
4999
8897
7647
9291
9563
5267
5843
8476
9708
6139
2640
8607
3357
2031
1747
750
5274
6981
5495
7132
1807
7145
4145
8167
3582
3179
5054
4818
4558
4800
199
4214
1420
6665
4960
9146
3794
560
4547
6970
8900
8073
2809
9704
5033
920
1167
4211
8424
2157
1509
6368
8180
7209
438
3632
8427
6298
6592
1741
9923
9724
6273
2226
5987
6459
3345
4470
8474
2546
4628
9276
6742
4827
292
7836
6570
9216
651
47
844
5589
5628
427
1195
977
23
3199
9609
7100
5418
4720
5121
9398
5584
4642
9025
833
336
7806
9029
2553
4664
6226
2038
396
3922
2462
4964
5077
8919
3949
6581
6101
3484
1712
8456
2783
8377
1220
7354
4008
2296
160
522
3577
4342
309
1339
5539
7562
4623
2515
9415
974
1276
5820
6800
620
9503
5230
7748
2271
2002
1918
18
3657
663
1734
9634
2536
9057
407
5734
572
1855
3677
9918
7239
5669
8802
8656
1908
6572
4206
1517
8387
9727
4961
2614
8694
4662
5940
5905
3037
8969
3023
2061
1485
4156
6971
5946
9854
4391
6110
3036
2456
1326
8282
8296
4278
3847
8697
6722
2099
1172
1218
9823
6382
2588
4034
5153
5235
8223
567
7021
2652
3843
8701
3274
1812
3856
3229
9853
8726
9723
1444
4419
1157
9552
8293
2757
4550
9260
6048
8896
1768
4575
4948
9836
2708
4436
339
2669
8383
9363
4295
7593
4479
4192
4098
7673
9494
2147
8674
3123
532
4833
2876
1566
2521
3571
204
4065
1177
8632
8485
4593
6136
7871
9390
7344
4089
2714
5878
415
3634
486
8772
6465
4439
1055
9239
685
6632
8563
852
5034
2426
2370
2958
7264
7488
3713
4772
9044
8769
1797
4779
1540
683
3868
3129
9954
6911
2085
6500
2750
7947
3106
9998
6264
2545
6111
9339
4587
3776
4129
7594
8357
940
7686
783
7716
9174
9965
7553
1434
1860
8467
3080
3753
4653
7200
8487
1023
5205
7625
5795
8224
3887
143
3439
8752
5713
1586
8747
1819
2029
13
1508
2543
9869
9038
7738
8508
2710
4237
8159
6049
2041
2823
4655
1342
1603
8551
4055
6105
2107
1489
2862
7289
4548
1352
144
2267
6086
6591
1965
1714
1497
4280
6461
6361
3587
1998
4256
494
5783
445
3411
9331
6784
946
8948
8337
3675
5160
2568
3451
2576
310
9799
3116
3221
8182
7378
5553
165
6088
1247
192
9224
5520
5209
5089
4489
377
8776
9830
9630
182
2606
8046
1391
7369
2093
9106
7222
7336
8921
8243
3568
9297
798
3509
9206
2493
3262
5641
4679
2089
8261
9640
828
8867
4069
3482
2854
2076
636
7877
7371
5559
3502
3010
4893
4218
3621
7246
8613
3956
1057
2415
7471
3796
5712
505
9026
3934
2269
1609
2068
706
2414
5750
6868
6738
6028
7997
7681
306
737
9981
5450
2391
293
8550
4555
6691
4448
3121
2155
2745
1441
9163
9084
5603
9625
7805
3925
4080
5219
351
4395
1236
8484
1239
1344
9561
7476
7869
7249
9813
5645
8346
5359
4451
3802
8375
7777
265
1315
187
6240
3425
6925
8711
2687
2828
9113
6456
2559
6198
2468
5667
2325
3708
5978
4872
2732
1502
2556
6316
2635
6286
9543
903
2506
9759
5676
1017
8314
8194
2897
8570
2550
7616
7528
71
3332
3395
5233
1288
5634
2596
4161
3222
3192
4390
3561
3025
9407
6603
3188
8924
7752
6538
8562
5277
299
1672
9009
416
6506
9560
3578
1679
7184
139
8754
577
7834
1715
803
558
6475
5113
976
7591
600
6039
419
9513
7266
5290
2272
5179
8445
98
5079
1026
3169
8152
2512
6523
6234
3477
2431
0
3406
6618
7104
7031
4039
8303
4375
8930
7087
6786
5459
3231
2689
3765
8631
1443
7780
3266
5511
3186
9721
4787
1169
7728
4072
2308
7450
6232
2743
7746
3313
9652
5646
8250
7314
14
4981
6927
527
761
725
5498
9277
170
9129
2575
925
4019
7220
6118
1231
9244
8829
8996
5629
6551
5361
6674
6359
7672
6155
8706
5814
5917
8594
4215
8335
9606
2014
4497
5719
8851
4409
7533
2815
5997
4144
2832
1837
3738
6544
8344
3311
5551
315
5091
1123
3053
9774
2050
4133
1317
3428
3983
4229
5136
9467
5040
8535
9526
1850
5461
5530
214
5983
2371
184
9480
9093
2731
3364
875
3429
453
6353
8056
4284
2110
4847
1285
5391
5432
9159
1982
3269
298
5369
7809
6611
4563
2987
1652
2884
2905
2775
9971
7359
3120
5137
6689
1103
915
1045
8124
3104
3866
4923
9986
3987
223
1465
6717
9655
2297
9999
1043
7017
2127
7702
2611
819
3315
3522
48
9324
1959
7091
2513
5663
8121
9636
269
7114
5146
6806
1614
449
9619
5544
1607
957
1003
9099
7183
5311
1787
9451
7281
4493
1992
3810
6478
7596
2346
7051
7622
5866
4912
2033
6256
8737
9306
4349
8230
2113
7122
5900
5343
462
6924
5368
8226
1071
5095
3533
5581
1351
9386
5608
4299
7898
9760
8022
3512
4526
9349
4173
886
1318
926
9861
9859
8284
8363
6850
2558
9086
3961
7304
8958
3692
1115
338
4673
2752
6976
6699
4285
8113
3729
6337
8742
2633
2746
3530
8571
5668
8792
3566
3314
1640
7028
4314
5980
6601
1323
4545
8955
1330
5509
8475
7207
3996
3045
3180
4220
2030
628
8554
5906
7820
8889
6579
2605
1630
9210
9938
9963
1092
502
4554
4325
3639
8673
9151
9144
6233
20
5189
346
9690
2643
9867
7284
9697
9162
1720
3292
7046
9756
5129
2580
5847
4054
5154
4388
5399
5508
2522
5080
9427
7522
3739
5284
4867
1487
6089
1744
5785
4037
9728
8142
1559
9067
9428
2869
5100
5350
9930
3021
5869
6057
8059
1459
1496
4959
6778
2500
5890
5448
127
7706
7994
6520
4750
461
8510
7300
1608
5922
5653
1615
8118
7632
7720
4697
5691
8255
7135
2298
6648
1696
58
3962
7900
4011
9006
9137
1286
5867
8136
6133
9357
6164
4440
5642
8128
7462
7689
6980
1309
6667
5976
3994
1835
3096
2827
4522
8365
2083
5379
3420
1278
4801
1915
8191
7527
1543
4394
9150
8998
9750
244
5789
1904
3947
3236
2826
6212
4645
1678
8403
5698
4348
7545
9751
8830
6044
3963
504
1619
1349
4117
5694
2082
6883
7230
4972
7924
7427
4892
7311
1094
8429
787
9473
1462
6818
6420
3986
3141
2134
6183
2930
1028
1650
9657
7128
7992
869
4971
1328
8238
1933
7252
6545
7902
7244
509
5415
2949
9713
1800
1376
2477
5844
9275
3198
5292
145
211
4105
3667
4668
6735
6933
6381
9015
5301
8057
7675
8608
6749
9879
5598
5737
8075
7663
7305
1749
7241
2587
3405
1909
3465
4881
4271
6403
7530
2330
7641
4984
3618
1251
3440
4716
1702
8336
2000
1475
3839
1313
8380
4012
587
923
5130
379
1829
3879
5446
8353
6811
9924
8320
3445
6360
9497
463
391
6582
8221
3174
3648
364
6065
6046
3455
9414
6829
9992
3693
6344
3018
4248
7817
1308
1229
8286
9461
3886
8981
9110
4457
4108
4770
1856
9354
635
1718
8158
4564
7661
8812
3409
8355
5533
8423
5256
6370
573
7385
6035
3027
6466
1179
5689
4496
1
466
1227
7481
1953
4024
724
9733
1183
5860
8575
5822
8203
9550
7918
3544
4438
1385
1245
1253
2709
2928
782
501
9290
212
2737
9758
836
2004
7610
7792
2036
5883
4471
7883
1411
5777
2092
5206
3927
1691
3323
7948
8759
91
7063
8034
117
1779
7097
4207
9250
1753
5298
9536
4405
9701
94
6767
2785
2791
8144
190
2799
8165
990
3154
7271
6445
719
2224
9818
8062
7502
138
3014
6202
6079
2369
1340
8338
9568
2213
9103
6834
1550
88
8002
5885
3570
6899
1471
9016
1418
5162
8196
3991
8643
2489
3507
6744
2419
7881
6514
5790
3293
9007
2631
7357
454
9489
5133
7443
5330
9746
5485
7130
4148
971
1632
2133
9673
6832
4128
2148
2079
4339
21
5943
3088
8541
4064
1423
3373
4121
3590
991
6880
6684
8833
8710
4157
9848
5658
4178
7500
7986
5025
9740
3316
2730
2909
5239
3650
1125
4475
8884
1009
692
6695
4305
5226
5579
5302
7697
198
2609
6921
85
2591
6433
6303
8032
5142
8271
259
1146
5491
6175
3537
2831
8399
7973
7288
9005
597
8361
9933
3213
2520
6874
4736
3190
7429
2035
6218
9358
7164
8133
2996
2252
108
8970
1457
2124
6815
5319
9658
2054
7285
3093
5389
5727
3131
7615
7858
6187
7569
7649
6516
610
5732
4824
5309
2392
5250
3398
1073
1007
8430
4073
5525
6651
8579
2657
123
4675
8033
8560
7108
8147
4408
4122
69
6341
6513
5780
8877
2
3098
9090
7767
5840
3623
4627
3299
3698
3193
9326
9976
6712
8934
3572
774
84
1306
1789
2220
2748
2026
2483
9094
6355
6038
5265
3974
5865
5749
4753
3334
5941
2896
2374
2610
1213
7325
9764
742
4335
947
7400
8690
7704
830
3642
9509
2685
4088
5873
3757
2045
3124
966
271
9453
3382
1188
146
7303
8798
5152
8528
1748
8885
2476
8489
3496
8987
3885
7406
4982
7964
5243
2444
3728
2080
800
8481
1151
4103
180
3719
8381
2342
2203
7946
1704
6411
5938
721
186
4442
8402
8891
1174
7049
6351
1873
6231
4273
1293
548
201
5523
665
4321
4201
5729
4168
9232
2078
8985
3270
3206
7813
3074
7845
8573
4245
153
5149
131
3716
2767
8459
2526
2008
8301
9423
9706
4895
5063
6075
7648
4844
5435
151
7437
7115
9534
7298
1698
2264
2463
5652
2454
4986
468
3202
6396
4667
7779
1369
9696
6730
3978
9969
2455
1599
8586
245
4841
4618
6824
1396
2706
6144
8421
1826
2626
5278
6458
2600
3003
5534
916
2653
7526
5590
7076
1360
5921
1825
1927
1738
8837
4413
2077
6082
5186
883
7206
6249
7432
4938
135
3178
4079
1561
1954
9749
9491
9908
8163
7020
7573
950
612
1336
4406
7682
8312
3785
8048
4326
9435
474
3090
1897
8511
7174
7757
637
7247
2263
6872
5046
1316
6106
8438
5924
1752
4003
6131
892
3087
4491
3737
8060
6706
9464
7970
8265
8923
8087
8117
2218
6647
6365
5819
9374
2088
209
2053
518
627
8663
1431
2400
1132
3460
7014
3997
9744
5724
7218
5287
1936
6005
6380
5650
7490
6243
1160
7155
7756
6029
2432
7848
1075
1481
8836
7162
1025
3160
3013
3940
8753
4102
1643
8156
3778
7007
3079
3954
2199
7815
3806
6728
5920
7205
1634
1118
6801
3820
1445
7798
1730
9128
1840
5855
6151
5861
1570
8561
4492
9835
7769
7847
6142
3304
7927
4323
9096
9272
2915
3258
5227
6856
2065
7496
1700
4799
8800
5406
2284
8324
8358
5725
895
8523
8130
1016
6714
4407
3414
5648
5708
4607
5970
5990
1685
3718
5150
7583
3575
1547
4286
2938
3017
5975
147
6654
1786
678
9898
2012
4879
4347
8393
176
975
4083
3938
8498
4777
6056
2115
6782
9190
8052
2667
5679
100
1204
6495
6258
8870
6553
2839
2144
726
3001
7967
9070
2039
2441
8721
1176
7040
7112
4868
1987
2299
6663
1070
9042
2327
6446
9666
7404
5294
9342
9643
9874
8014
7407
2164
545
8150
7071
1735
7966
5098
6032
1892
3308
3743
2047
358
1874
6945
2950
1784
5102
6283
5070
6027
4880
9729
3376
1617
9508
8725
7639
5276
8784
5705
1980
8205
8450
6165
7524
8515
8405
5042
4328
3118
8378
720
122
2581
9213
2072
8019
3948
1573
7984
8513
4729
6642
4804
4370
5005
3217
4722
3166
2954
1682
9188
656
8446
1150
9202
1771
6282
8857
2847
4029
6271
9107
6444
674
2104
4850
5175
7539
2384
5128
9220
2820
3047
634
8114
2186
2937
4263
4367
1870
5800
6610
2292
9318
7892
5409
1216
442
9222
8720
3958
5178
5035
2015
220
2094
408
4537
2566
8085
2625
2800
2956
395
2289
4119
4606
3629
5441
8809
3854
668
8040
2789
4485
7962
5778
4422
2901
9814
2188
3008
4302
4649
8178
2565
9361
4228
5449
1085
5352
9124
9115
8589
5332
5229
3665
2574
4180
7955
3019
8646
7123
4977
6696
5082
9653
5214
2890
5863
3545
5382
5939
2145
8883
3436
5183
1466
7323
5775
4130
3384
4463
9271
9462
6013
6993
1223
1867
3030
3902
4951
752
9336
2637
9597
1389
9060
1436
647
5193
5811
8233
9651
5935
4710
7629
3800
8259
5919
2649
8081
2861
8179
8448
6521
4763
1232
7210
1124
9223
7912
472
2087
6214
1600
672
7109
8805
7106
9803
6853
6060
3139
1037
3389
1424
2333
2102
8444
2805
4410
3897
7086
4766
6487
7797
4577
3271
6492
4765
6915
9806
9650
425
5685
2403
849
5336
4107
3616
3430
9977
7137
1479
8160
7701
39
2177
6313
6128
7037
3427
6676
4353
8808
9465
5493
8092
1202
6059
5425
4678
7867
1084
9878
7571
9569
1604
2733
1158
5460
6686
7729
9265
2194
2666
7666
9252
5007
8926
3362
6034
1883
8544
1674
9125
7637
73
6536
1135
4435
6984
3562
5196
2311
9683
2979
9185
3515
793
3208
7190
9394
9161
8887
2505
4242
5578
8803
1597
681
4334
7088
5112
4036
3725
6905
9793
2411
7085
2051
9670
8997
2484
4784
3593
6586
3573
4965
630
1611
5743
6040
2984
7633
3944
4817
6281
7674
8359
6274
1058
8793
2422
7150
778
8864
159
7949
4184
1490
2754
4261
6062
2304
8944
2541
3330
17
6137
4487
7301
7518
9157
3795
3342
4756
2407
2479
1038
2838
6399
3064
2651
4137
4010
1458
5195
7441
576
9313
9506
9082
4843
7645
4876
646
6457
4127
3249
312
4171
6918
575
5331
7589
3511
7837
5096
7786
1522
4525
3733
2243
6777
9321
4794
1242
4672
215
1463
5808
8333
8097
4861
2066
1922
8968
514
2046
4043
3915
2913
8027
7478
1999
231
4995
2613
3195
284
7360
4387
5597
5141
5439
8437
9476
6534
7156
2514
4333
4634
5417
7764
9315
9890
1010
4500
6764
8499
9641
9905
7124
5413
4617
28
8601
6583
6808
3668
996
2655
8247
7998
3924
8782
1545
7057
831
9145
6781
6825
3259
827
2974
3277
7944
5945
5859
3655
9777
4660
9287
882
8847
5644
4481
6887
8177
3549
3615
5355
3985
7991
1012
8952
1592
1937
6672
9912
808
3836
4769
1648
2200
487
1275
3547
8028
9255
74
696
4819
5965
8881
5204
614
555
805
8410
3312
83
7830
4890
7080
3523
5928
9694
6250
3797
1737
1667
3880
9507
1880
1034
1044
7486
8591
5151
7875
6120
200
4462
7332
137
8374
7142
1501
365
1314
867
2255
9985
9936
5739
7425
4636
7873
3367
4529
4126
7861
1887
5354
4822
8127
7158
3732
766
2064
6775
1256
2357
3390
8664
3060
7315
464
9556
6577
604
1836
7548
2347
5120
9364
3462
2228
5740
5159
1558
4641
5148
1589
1790
7283
1145
2946
6760
4166
1153
3834
3055
5123
3905
7575
5779
193
9416
3525
7273
6020
1931
2801
3026
1235
4670
5936
5857
8066
8330
5457
3337
8329
7294
3855
6414
7665
7819
4823
9012
813
9864
2604
536
8735
7290
7621
3921
9237
8874
9575
6245
845
5991
2615
834
2152
2290
1062
1683
1562
8300
356
8668
9549
7005
5492
6847
3746
5326
9770
4638
7827
6402
6813
8354
5465
9117
5593
608
6896
9674
9915
2531
961
2396
7445
3837
729
5565
622
2055
4808
8853
8107
3418
825
2237
7195
3768
7094
8443
5555
7656
5018
1097
1400
7932
5156
9472
9711
7009
6432
8931
2401
5244
1483
3471
8698
8907
2607
5434
3137
8686
6878
2310
1846
1310
7237
603
111
4341
6263
9448
4957
1226
8479
913
6716
5874
8911
7448
3734
8512
3024
8322
2681
6045
8068
8030
7293
5942
4150
2277
7452
1054
7461
7919
3889
9927
8929
8347
6116
4791
6448
880
3379
191
2499
8572
6210
3234
95
796
3303
5773
7567
6287
6957
801
2911
4478
8283
2719
7024
4373
7654
9849
7258
4247
51
1731
1572
6010
6217
2117
2343
2048
8760
6791
601
1201
1168
7812
3084
8311
8116
8469
9621
8846
871
5752
3660
7627
5027
6292
6797
3809
8761
9311
1386
6362
221
381
7127
5414
7043
444
8618
6994
5893
8553
3107
3832
5473
2160
9822
992
5314
4780
5592
5029
2845
8197
1781
5083
6646
6108
8162
549
1013
9540
6392
4711
9179
5283
4988
7802
8595
9564
6308
7397
3867
5956
9054
4441
2935
9013
2406
9245
751
7644
4182
6511
2438
2425
8658
5804
9133
8567
7458
667
4336
2842
5958
4889
2712
5341
1684
3913
3670
1673
5770
4061
5427
661
6505
2446
6546
7794
5317
2803
6329
3263
8340
1130
6662
7860
927
5115
7688
8436
607
251
8153
8478
4194
7653
8678
6472
7624
2197
9205
2933
6158
3711
8143
811
8687
6852
469
4704
266
8069
5362
3289
779
5631
5596
2572
4482
755
1014
1832
2971
2892
6522
296
838
510
1675
8569
582
1500
8780
6941
344
7353
203
4179
5751
4690
2639
6347
4350
2918
848
5238
7178
6135
6533
7956
4569
3596
6276
6977
9850
6087
7334
7544
32
8681
9037
4595
5799
5510
1531
3631
6497
7307
9988
2722
7933
3349
7542
1141
6186
4268
1205
520
1116
3643
7173
5373
4884
3853
367
8208
541
4994
8628
2779
8559
9169
3760
8991
4853
5619
4703
1415
5107
3257
723
6855
8956
7640
1187
2185
741
9660
7501
4834
2647
8816
1237
3586
8616
9808
1364
2389
1410
7804
8552
8215
9639
1838
5626
1429
1945
1507
964
1878
1194
1688
2947
6848
6107
5202
240
9212
3085
374
6621
5706
3557
1491
194
9804
4928
660
516
2759
2397
1821
2232
3741
7257
5401
5638
8287
2136
3814
7188
2941
5076
2677
9121
9295
9991
5748
8605
8702
9698
5877
5655
1594
3396
4924
4566
382
8049
119
5837
5894
2673
2324
7709
8372
166
4911
3606
1557
6766
1104
4416
3278
2211
3705
2850
2018
7517
6325
2961
8746
6408
2621
7586
6756
9172
2594
8651
1869
412
4743
8488
7403
3290
7538
3714
2214
909
55
1008
8440
6126
1656
928
1209
1773
2428
1027
2011
5633
4177
7060
3112
4671
1520
7939
2339
5285
1893
1032
8574
2870
332
898
5992
999
4232
353
526
3086
9781
6645
1039
900
8641
3594
3127
3073
5850
370
6174
254
2707
9715
1513
1647
4503
4374
3400
1642
8592
4635
2103
8806
994
133
77
7662
8744
2965
8878
3510
5577
9807
1956
2101
7394
7118
2962
1505
1620
1367
670
5711
9447
4963
8657
5108
1170
3971
1319
6447
7160
1666
3707
6580
2747
7213
341
3541
9681
9635
4715
8854
2957
5041
731
5759
757
6171
355
9578
9046
7600
8624
4169
3912
3903
618
8199
6388
3871
2864
3503
5258
9378
7169
6405
3534
8898
1233
2307
911
7199
879
2661
8218
1241
9644
9871
8565
6196
6419
7479
6597
3605
9613
5048
7864
2306
8262
2703
9010
1623
7890
2202
3917
9228
4520
6556
7226
3967
1957
9000
6838
4483
9307
6504
5192
1984
9233
5388
7469
7739
5482
4346
6892
2010
2821
1902
5337
4557
6073
9445
4030
1093
2692
8082
6269
4191
8901
7893
5513
3710
9873
1380
7286
9296
5585
9412
6393
9659
4377
2398
1994
3007
6061
5213
1200
8801
5454
4901
9460
890
8080
1325
5011
8050
4903
9403
3784
6820
9928
1133
1660
3122
569
6873
8882
303
3640
7634
9951
6054
4639
2867
9181
9132
260
8505
3984
4726
3006
3715
5549
5339
9572
9956
537
1228
4515
2496
5322
3307
8976
6490
5468
8332
3848
7532
5838
5621
4594
3138
5989
6997
3438
4806
1486
1165
579
6817
6746
9888
8840
289
6637
7159
2491
1472
7605
2345
1379
1935
5203
8796
3241
4223
1528
3767
5912
1088
7727
9944
943
5721
104
1785
657
1574
6844
4802
7090
5044
9018
5191
2578
8457
4183
9616
4035
1583
2475
7952
6713
3968
5340
163
6839
8058
2940
9532
1455
1742
3859
978
3495
8621
2388
8615
3497
9761
5762
3932
740
2207
9196
4998
4967
79
3162
2836
8129
7365
169
4385
1181
792
5710
9421
1580
2108
3916
9798
3012
6914
6406
93
8599
7897
9832
7789
6477
8940
2418
4153
5823
1048
6421
5429
9638
1639
5363
1627
6859
6625
3815
4312
8609
5428
1745
5741
8927
6081
7402
1699
4632
9059
3937
6190
3933
6439
3504
9449
3901
6705
482
6021
1605
8302
3567
1468
5605
1065
5522
475
7564
5421
3176
6346
9095
9119
5670
5087
4318
8316
6982
448
3613
7525
1587
2922
1499
866
4199
2331
9270
5464
1036
8463
8763
1921
6798
639
732
1716
6377
291
2704
8076
2495
3976
3490
7582
1692
9656
4303
2003
4260
297
6369
5163
7346
9824
9772
9855
540
1567
2151
3701
5436
4288
5126
8070
8638
6134
4939
4025
9566
2379
2834
4611
3822
7460
7041
7787
7391
5688
4865
5886
4115
8855
6025
2865
5930
5707
3225
6449
8719
6907
4417
5736
8652
2465
2377
2772
8786
4513
8251
1086
8578
9962
3286
5964
2037
272
8935
7292
2701
5842
7144
4290
8064
235
3453
5680
3054
1196
3161
3527
3874
1261
3980
7942
5172
248
2235
8683
6726
7856
8549
1590
8045
1421
9946
1767
7664
4713
1796
2560
773
1641
7232
4052
6995
9608
664
6627
6854
2262
5968
6631
1598
9790
5858
9003
7165
7229
9741
7568
9678
2697
1553
4112
816
5618
2165
2983
4790
8708
1022
4521
7062
2111
2721
167
789
7808
7171
9278
500
4885
1664
1847
8170
9273
7208
5960
9692
7595
9459
7064
4507
1794
840
1425
6869
1805
9418
5490
6948
4738
9035
3039
6535
9254
5742
106
2109
9990
278
641
7646
322
3322
1516
5116
4200
125
8650
7101
5466
8832
1072
2921
6937
1727
1448
8055
6752
2963
2305
5140
8892
4429
6410
3521
7719
8269
8386
4523
6097
7141
6003
5601
9019
4198
4935
3694
8514
66
3818
7438
9335
1061
7327
414
491
9582
9397
6043
7342
2761
9282
8455
7523
4894
4123
989
3598
4276
9215
1595
5158
5210
1090
3320
7126
2191
3177
6104
5487
8433
4551
2360
9352
3388
5996
7535
3514
9544
9745
3773
8692
5654
1478
6963
1939
7414
1498
5871
2970
3799
5542
6109
2159
7001
1393
2690
3391
7588
4630
6493
4078
9682
712
6356
9051
3686
873
4571
932
8604
6794
222
7901
476
1470
3959
6070
7913
9055
9862
2994
9247
7092
2516
8640
3348
8779
7299
5948
6291
4292
1941
6244
2494
9734
7221
7377
5662
6956
9089
1844
6776
2283
5008
7611
7217
2795
4466
8245
2590
1162
3078
7015
5934
4989
6860
8992
6022
485
6614
2141
1894
8873
2230
6441
7547
4781
1414
7203
340
3209
6866
512
275
4411
988
2554
1280
6697
2260
1432
8863
679
5931
682
4050
1881
4647
7925
3633
4116
6469
9496
7852
4767
3449
68
8912
659
4619
5469
6064
9913
7714
3276
5810
400
4604
4383
4910
1839
9593
1862
9071
2190
7331
9661
9590
3846
3620
2119
2573
5627
7380
1446
2675
443
8315
6525
9156
9558
1354
9525
4509
2270
4746
9450
9628
5026
815
3591
2843
3135
7453
7372
3117
447
5481
6763
8454
1211
8368
4858
5695
8741
9700
4535
2509
8134
7153
6225
9863
4962
5767
2316
261
7374
7138
7774
9665
3771
8959
2998
5570
6884
8728
4136
8254
8953
2593
2903
644
929
8822
5757
2683
3862
295
1019
6199
6197
6715
9391
4825
6830
1373
9949
6427
6236
7826
334
561
611
2527
1686
5423
4345
9261
9900
7472
9484
4005
2225
490
1743
9020
6470
9303
9047
1563
413
7768
8937
2238
7026
5845
9343
3727
8539
6379
2982
7113
9955
1654
3975
4490
6224
2114
8862
2421
4074
3801
5020
4974
1680
6729
9041
8989
7395
178
2285
2562
6367
1347
2154
493
7556
9429
3726
758
4149
5692
7321
4042
7668
3691
4626
4788
4576
2619
4782
1266
3965
4443
8135
2223
4111
4428
6159
5747
6685
2195
1618
5467
5131
9108
2645
1968
3416
3227
4474
4174
326
363
5402
7027
5398
195
6959
9765
8522
6085
9901
4082
6416
233
2073
7555
7607
3494
9872
8688
4816
2074
1776
424
6100
2423
5004
4898
7424
7945
5110
3881
8051
217
64
8466
6348
2684
7483
150
9191
7638
6952
9937
8902
6826
2071
6460
9279
7995
7519
1096
3827
5488
777
6386
1793
5984
6307
6257
2281
6278
9920
5704
5017
2187
6725
4366
2951
7855
5803
5064
8202
8894
9062
5420
1356
63
1662
7084
7810
5502
3296
592
5016
3327
1514
1371
5818
4600
3000
4257
6430
9495
5197
7835
7275
2738
6268
9719
4693
2976
6141
9801
2312
5853
1406
6055
433
8827
7698
5320
457
9717
2852
9766
3681
9218
1155
3535
7749
1164
3493
6132
8875
6130
874
739
6017
9251
3184
7857
7558
5959
6343
5377
5815
4541
8703
8794
3993
3833
6968
5774
1690
11
5315
6664
528
771
3252
9230
8472
3882
8547
2236
9441
1250
9579
8480
2629
6480
9840
2632
241
2280
9122
3960
1802
1147
1006
7139
6474
7470
3931
2735
3413
3831
2766
759
9819
5594
4656
9300
9547
1903
9305
7347
5416
4585
9972
9617
9104
118
5768
8102
4147
3363
5876
3272
856
3516
5455
6289
4267
27
2866
3779
6357
3896
8413
8366
1818
4979
4530
4015
5583
3489
2790
1407
7509
5344
7337
1265
2404
1991
7977
2383
8543
6320
1173
1018
3682
4665
5295
5953
2674
1131
5069
5247
5547
9916
4985
5569
5144
5411
3168
1585
7313
9381
8764
699
2198
2569
1467
1695
9968
9207
5232
7038
8977
2806
8585
1997
3857
8507
5303
5021
7454
2934
3955
8462
7723
1461
9455
7010
9299
6966
5310
2201
1537
580
6576
9385
9140
7366
5556
9567
7361
7390
986
9693
4916
1934
6692
8371
521
1858
7167
6422
6897
3979
6299
3057
7018
6154
507
8109
3914
9452
8431
37
5999
4856
9432
4213
9274
3824
4714
3992
1197
4401
5443
1525
3149
7468
5032
2988
7722
6084
9362
4464
5348
9123
4851
8845
5731
6163
8988
7350
9193
1222
6947
2182
7180
7242
4510
9131
5478
2751
8201
2774
459
3595
113
6185
8011
6052
3817
3838
7201
8916
257
6771
973
1713
2654
1210
887
9217
8904
9069
4208
9517
2868
6413
6272
8915
7484
3368
8419
6000
52
3635
3407
3347
893
4609
4236
9063
2716
5323
1912
6529
5852
8086
5212
6584
2755
7515
5738
6384
3581
4249
9187
1907
4382
3929
1577
515
6312
4562
8680
1312
3777
2670
3723
7740
4396
1264
709
9941
3097
8465
5101
6285
8879
9389
4730
1156
3076
9073
110
2020
676
5408
4499
3988
4725
2975
6822
2460
371
4567
3185
9668
2034
8308
4621
8740
919
4355
173
3560
910
8950
6748
6638
9712
4190
7943
9736
4809
1024
2001
9153
2699
8519
7069
7965
968
5059
9401
9885
4785
4026
2899
931
3470
2713
525
6858
8653
6462
7886
690
7442
6333
5410
4732
5567
9877
9302
2563
4006
3950
9545
3070
3628
270
4661
6988
586
479
6703
1081
1464
9584
9524
1100
2288
857
7032
6549
3506
7440
6438
3068
584
5985
7362
4970
7576
7161
3181
9958
6898
8546
6590
9139
4430
5907
8277
6566
9846
5166
4845
9686
9893
2771
8171
1710
128
8637
3804
437
3196
9838
5881
2464
5797
5106
2859
1914
6519
4659
2183
4432
9098
8811
4221
1320
5687
7579
9420
6846
5595
4495
8214
242
3748
4633
4700
8597
9779
9738
8973
738
8425
9203
9615
3029
2686
218
4359
9789
7581
3690
4975
765
9284
2142
7212
7198
2410
2146
3569
5620
3995
7981
120
1159
8886
9737
9327
6774
7129
4014
8382
7433
5324
9294
3608
6680
75
5787
8994
1368
8518
6547
2334
1876
2314
2126
103
1757
9160
7598
155
7306
4930
6071
8412
7296
6923
1304
1848
1184
9298
6550
5696
1076
4381
205
1665
2007
4666
595
398
6770
1042
3336
5185
2106
5313
102
5586
2219
3951
1362
6001
4473
6861
406
5347
5699
6598
6636
432
981
9345
3401
5198
2829
4519
9097
335
734
1438
9598
2459
6588
4941
4821
6698
4832
3624
5769
4674
4516
952
1274
9953
8483
4160
3150
7225
9337
7551
2105
5563
4468
8088
8304
7182
8169
6153
6792
9347
4723
2792
1799
4304
6789
2251
4835
9221
2672
7177
1413
6042
1694
1257
7073
907
4154
7853
4070
8925
9710
7821
9355
9732
8331
9705
8895
1711
936
4329
9142
6015
6510
5550
2810
213
7477
6201
3918
3706
1772
615
6166
7261
9909
5404
331
3819
1708
7825
5345
3059
161
5370
6753
7053
7482
7375
9891
1397
9226
4240
2906
116
8972
8281
8504
2070
8071
3158
658
5700
1512
4046
7270
8041
770
5349
9477
8253
6146
5500
7561
6031
4450
6246
3969
2329
7316
2914
2337
9925
9100
2309
3851
9510
2835
3473
9471
9253
4944
523
1248
7751
8295
5111
1751
5218
3717
499
997
8951
6293
1868
7287
2570
5816
5437
714
3215
5257
7356
6723
9787
2886
7959
1442
2873
9309
5093
9392
4601
3419
1480
8527
7170
686
283
9947
7761
6033
9960
4859
5944
6761
1384
9359
9516
5796
3790
7446
6916
7099
3214
3153
6173
8596
2069
42
2723
7988
478
4864
8452
3952
8342
4512
2472
9229
2273
6412
1121
3679
5515
6374
9259
4402
101
314
7279
606
7996
6479
4561
8025
4453
2246
6238
7676
9978
3300
7680
6701
1813
9454
6962
6129
7075
8675
6242
2781
1635
764
9906
7601
9576
3239
6177
5616
5879
5275
1993
3617
141
4734
7048
5862
5170
9077
4106
4919
8945
5426
1544
6400
9088
1541
6602
6376
5299
4233
8713
2624
571
4637
8824
8963
9173
7364
9841
6498
7559
822
557
6585
5528
6833
8192
850
2794
9322
5632
9425
2125
8458
8999
2005
4216
2192
3218
4170
7929
4514
5463
2618
2409
1015
3552
9802
7590
1871
3584
24
9065
4047
6890
914
7971
837
6575
9409
8120
1346
5288
3755
380
982
1140
2173
7322
3066
2451
7878
8619
9843
8821
6294
30
2222
7067
6987
9446
4093
2049
6893
7745
9433
5138
226
6734
6152
8715
5327
1890
7382
5635
702
6967
5786
6821
917
3674
7694
5506
7707
7650
2413
4142
6613
5529
1127
5305
960
9833
2293
5431
5405
7628
2567
5333
7930
2295
1301
3264
3002
6489
9022
4762
8905
4090
4020
2229
4447
3599
5325
3280
980
8031
8941
654
6327
5470
797
4330
3253
2547
7678
5609
6904
7000
4143
2265
905
1891
2057
3659
60
3331
4252
1254
6640
5575
3099
5047
9312
6335
2081
4476
7061
9375
4469
559
6681
2871
3433
5952
3324
5222
5657
2399
9562
8012
4914
6906
4620
5615
9438
3105
8530
807
2254
4210
1833
6836
1766
1192
375
8758
7799
8280
2638
3685
3610
5971
1923
2233
7065
1670
258
4368
6787
5190
3487
6974
5225
3863
1534
2786
1439
1405
3103
1958
9539
4744
1279
1503
7102
7050
4110
6161
1853
2813
3554
3658
2168
8256
7512
8525
7566
4560
189
4045
5717
7669
8696
1374
6724
4807
6074
6431
2249
208
3187
9487
1422
2405
6795
8730
790
2729
9931
1978
987
9021
1626
9195
4501
2682
2129
5071
5576
7068
8491
4685
2668
1964
7408
3412
1536
8453
1087
7134
9851
9058
1180
6788
4776
2525
1782
5066
855
4945
1778
4511
2373
1063
2367
1029
6145
8004
3329
3759
9886
6530
8350
45
2169
8093
8065
3031
5764
6239
2808
4654
154
2184
2544
3488
511
2529
7152
4615
5444
9896
9083
8699
959
405
6658
8850
2348
1321
8000
8880
8496
5651
7999
1401
998
3744
2131
6635
9197
7434
972
6277
368
2720
8279
979
2718
5338
4100
3244
1215
6731
2888
7703
1986
3450
583
6649
4472
3981
5937
7604
2128
7269
8654
4371
6321
1955
9405
6349
3478
5665
7844
4294
6739
5868
9857
3152
175
4467
9993
2508
5612
5286
1949
4803
1417
6986
5084
8323
307
497
2627
8095
2315
768
234
2622
6023
7338
6451
9553
7814
6323
9967
6123
8266
2231
252
3891
6569
7909
2189
7154
6673
8471
5892
8306
286
1047
1822
8729
9778
6606
6016
3319
2945
3250
4918
8831
4163
9033
9755
9112
6508
8582
1564
1928
4071
2636
1898
4033
3415
762
8797
4162
2676
5013
9474
4494
9725
9211
7692
4001
8622
3942
232
4717
5723
142
7655
4728
4946
2952
8852
5058
1357
5981
5720
3228
3394
7531
7093
26
6910
1783
745
8614
1392
7850
4792
524
7843
4629
9926
7879
4086
3043
5039
389
5280
5568
2571
2891
4613
5055
6503
4605
519
2549
3873
6867
2470
1290
7465
6426
3689
8768
2908
2469
2968
6297
9919
8815
5998
772
9369
7116
7265
9842
9542
3559
6679
6484
12
4146
7078
9771
7800
7215
2485
7111
50
598
9828
4032
8139
5385
3869
5024
7082
2582
6117
2788
210
2478
8557
6946
7785
1341
8468
8903
2849
4648
6339
5969
9826
4592
3144
5887
8659
5207
4362
7392
5728
3982
9436
2630
4167
9837
5378
6179
7563
349
5371
5915
7771
7013
8003
38
9632
5718
922
9256
6828
9730
7272
9695
9262
7693
1109
9583
4590
7831
2969
9899
9773
9240
9754
7684
6509
904
25
1272
7103
4905
3524
5019
832
9087
9546
5135
930
9149
3444
2282
9684
4691
3372
3884
9914
6253
2814
1538
7253
1447
6886
9757
1709
7832
9894
8115
5000
3201
3355
6950
6156
9081
2874
4539
7754
6181
8495
3143
8407
6843
5602
5266
4771
7436
8216
369
3919
4552
912
2860
6862
9102
3219
8138
6996
324
2130
7903
5932
2372
6557
1990
7733
4361
6539
6342
5690
5864
2623
177
7449
5536
4883
553
2217
2138
5484
8538
693
9419
1519
6051
9320
2658
9627
2753
4243
5015
8556
9280
5127
7227
7280
8042
9834
1944
4813
4866
9201
2063
8957
5809
8441
728
9970
6069
888
5527
3736
4259
7310
1728
5974
1419
263
1707
418
8273
6476
5611
2816
6913
7398
864
718
6779
7685
9325
1830
4365
6050
3678
605
9180
4612
362
4007
5911
8848
2044
3191
9052
9664
6938
7725
707
2443
5134
417
9511
3829
4745
8577
1882
4658
2717
1452
6655
6831
851
2764
7276
4400
1345
5623
4309
5716
5180
9663
599
9637
2612
2798
4943
7572
3022
8021
5643
5949
1526
4599
2727
366
653
5167
680
9127
8173
3352
4315
896
1584
219
7910
492
3911
8516
6668
7950
6633
7358
1759
4761
6047
7687
388
5903
1484
8398
4181
671
9483
2006
5139
4316
1551
7904
281
7731
8268
3441
9177
8781
6567
4488
995
3454
2427
3476
392
4193
8774
8506
2501
9742
9017
6053
6014
5037
6687
1284
7766
4978
1099
1913
5962
3159
6587
8420
5806
2511
1961
8204
5056
6169
533
4976
5262
4707
6626
3457
5812
8521
9865
4465
8704
1331
6332
6759
9400
6932
9064
6423
2665
3282
826
7887
631
949
9512
4751
2777
480
6928
5188
1843
8339
1582
1863
3492
1450
7058
6208
6094
9171
7399
4915
352
268
1295
9595
3604
588
5870
7550
8825
1996
958
4480
5805
3872
4445
3803
3977
6455
1149
8148
8391
2341
1069
8145
1294
321
6909
1144
3052
4354
1616
1606
9649
1230
1663
2492
8876
9505
6442
3065
9208
9008
1134
8909
3421
823
9785
4686
5471
9831
5909
9581
3769
3197
5351
5880
3194
1460
6006
4838
5558
1852
7012
4189
3957
1492
4053
3267
2248
3082
2287
9061
7349
6330
806
5821
1717
3840
1875
6255
4854
5649
82
8636
1327
9439
4836
2910
1382
6605
1762
4369
4631
4596
6228
6702
609
3148
2863
716
4344
8671
5165
7320
1068
3170
9929
8263
6661
2889
1511
1687
8788
2955
1763
4538
7540
7224
8933
3644
9028
9219
4652
4262
4857
6666
4038
2132
4239
5677
2279
4870
8587
2402
56
8307
6531
3265
3371
8814
5396
3930
3518
3875
6127
9614
908
6518
935
666
6961
1940
1224
8397
5236
238
1473
33
3898
5875
7614
4699
2538
9039
1126
8593
5754
4068
2616
8119
420
3295
7608
711
7211
496
2394
3344
3040
8980
3326
6985
8090
3338
7277
1334
1529
4283
5659
8954
1435
8611
5683
9812
390
3294
3780
6650
1033
9989
7240
2361
5824
7974
429
237
2991
4226
6140
9101
9235
3835
8734
4811
1631
3283
8168
342
1951
5802
5329
6990
1408
842
9917
3034
9288
3317
3255
6670
530
3318
8044
7928
372
5
2688
4444
5673
8373
428
4958
5119
2313
6072
8477
1402
945
7202
4360
6721
2893
316
2742
5360
9498
8633
3485
4449
551
8015
7352
465
9384
9328
7044
1307
1510
4477
5081
1112
5982
3627
4908
9897
473
3050
5771
3614
4815
1649
2452
9605
5456
9987
7008
5656
2245
8922
9050
3365
3505
8217
1243
8063
1724
6707
6595
6719
8276
7036
8149
5995
7328
891
8856
3622
3973
6009
5365
7504
4364
4528
6700
4942
354
1324
5744
1857
9880
4340
7355
8986
3480
1101
9667
1535
565
8936
6391
5074
2445
2458
441
8920
3356
9341
581
3212
3609
9703
3475
3990
5173
8834
3684
3812
1669
6296
5194
3224
9442
3446
8819
1555
3301
1920
3042
2663
7430
9310
7880
3526
7840
4222
1193
9410
5168
4534
6221
6527
8716
3434
8888
881
5640
2434
6200
6732
4973
5817
8193
2650
1049
7917
8435
865
4966
8389
4075
5540
1610
9502
7584
7002
2412
9580
8155
9266
7444
8738
7914
67
4317
1203
4225
6917
8536
7318
8210
8749
6076
7926
7543
2350
8584
7059
3399
9170
7888
3254
5972
5639
552
1214
6751
5306
7245
3431
1899
7717
9676
227
5249
5376
8542
8756
4204
3735
7373
9481
2601
4313
3811
2365
3387
4983
7348
9176
202
853
6507
156
4282
8718
8229
662
2009
7824
6066
4062
4991
2589
876
318
9134
6219
4164
7862
9942
7405
3888
4573
5746
6011
7677
4694
8859
6149
8520
5888
9334
4702
5664
7121
4709
9049
6450
2363
386
7413
3607
2382
9687
8843
818
956
937
2853
1050
3032
8765
2724
3761
5412
9285
8932
730
809
5988
7696
902
5916
4293
4066
7896
29
8723
9555
1343
4531
8362
4415
6802
3041
6004
8799
1938
6958
5899
1693
6024
3563
5397
6184
7396
8449
4917
5582
7236
3100
2440
1814
7985
3340
9351
5546
3011
1579
8486
9642
8893
1067
2319
3243
4754
1816
3953
4300
621
1358
7376
8473
5531
7025
6578
9948
4424
3083
1108
9735
5557
6440
3109
613
2143
3756
2877
6113
6863
403
3923
1136
2275
2912
2090
6227
9078
6690
9699
3486
6741
6443
4017
4152
1638
7865
3335
3589
46
9350
8771
359
5480
6677
3134
7935
4798
1854
5486
6560
4842
1689
5407
2664
9338
2993
2997
7863
3580
4380
2216
9501
9031
2992
7940
3724
7747
87
1217
3964
2804
7302
3858
1721
9875
2318
9527
9225
5697
8540
1834
1353
9348
7110
7807
3663
3119
1207
2948
4996
3935
6093
8326
8684
4969
4888
3519
4141
8461
3291
3028
921
7254
1774
250
9014
503
3542
6375
6083
4392
6870
8995
619
7196
3108
3468
2121
563
72
3443
820
4092
5758
8679
2744
7363
1350
9466
3046
1932
8099
9604
7492
7447
1262
4264
3612
9314
7613
2818
6334
9591
8036
733
115
1329
8108
8146
1268
4101
4828
4158
2881
4324
376
5672
8406
5366
1755
7599
8778
3646
1970
2323
1269
3641
7570
8914
1289
5926
8642
9424
9241
4132
4992
623
9249
1303
5675
2502
3908
4644
1322
5661
7035
4185
2258
6641
1795
8795
944
8576
2966
7679
3844
5043
2247
3246
821
6528
3242
7657
6793
2158
3240
9775
1943
76
5826
7987
4518
5521
8625
5925
3989
3426
1102
6805
4936
1929
9143
3248
4258
2075
1221
5157
769
3284
5358
301
9820
2711
8186
6378
5772
9521
22
735
7136
2250
6148
9135
1764
4536
1079
5394
1629
4546
2659
6711
2662
5614
7612
2980
2473
9935
2356
2208
7762
9105
53
5375
1244
8828
9036
1337
7077
3501
2517
8785
9587
3656
8942
3740
6599
7508
1988
529
703
8305
2242
9531
4583
7368
1198
3155
2385
9333
2648
224
5022
2510
446
8079
3774
4196
5447
5693
4459
6473
953
4906
7234
2017
3172
3499
2178
4954
3386
924
9080
124
8984
3377
5571
9983
9469
7828
1967
2765
2539
6122
7833
228
6639
6189
1064
1298
7133
8689
6385
3671
7715
1378
477
3540
9024
6619
8061
1549
3210
589
593
1238
9248
5730
4356
7148
8913
1206
5014
5554
7004
5268
81
4597
4306
4737
1659
9624
9227
2416
4829
1494
467
2705
2586
4351
1644
1040
1191
3245
8667
8842
7168
7308
4234
7345
4114
5913
6540
3764
8200
7980
3203
9186
8767
2206
6845
6526
1212
4768
6301
136
4878
1628
938
80
884
1296
7782
568
1823
5532
4624
8580
6284
3075
9934
256
6295
7718
8966
5954
8290
4412
3102
9548
1576
7972
9168
8707
6404
4955
8899
9068
9032
8185
6857
7233
8100
8665
1273
4265
1851
6623
7541
585
5182
5419
9805
596
9602
5884
4572
4706
5253
2179
7894
9458
7907
2920
2013
3941
9404
9782
6561
7251
9158
6615
1769
3273
6390
3781
7537
1804
7790
1338
1900
8297
4873
3828
6593
3865
954
695
1975
6659
2518
328
1427
7248
1252
329
2797
5607
4990
1950
2878
4862
7011
2592
8917
2694
4805
9371
8267
6090
9111
3101
3782
9365
640
3864
4044
4094
9810
6934
9570
9434
6215
1515
6363
5001
44
9783
2837
8662
1263
7578
6036
1495
7597
8005
7055
470
4414
3946
6628
172
49
8629
9154
4060
6634
2597
4688
4139
9528
8098
149
5117
2523
591
1560
948
4018
9858
1754
3183
7415
4783
5537
9860
3233
8415
9876
847
8211
4796
5045
3550
6063
6340
3789
7606
4900
899
9791
6891
650
4947
3906
2620
3588
2442
7191
2166
9792
7609
4731
4403
6304
7934
6418
9685
6653
9688
1886
404
1624
4897
8787
1302
7734
4508
7936
4544
7238
7176
7744
7923
4922
5475
9629
9902
8946
1000
5497
3469
1841
5220
6929
7990
8502
3115
9396
9784
3306
5910
3637
2024
4244
4896
9747
5312
3720
8938
688
934
3058
7711
1971
546
5904
2846
8503
8649
6727
1355
625
5242
1128
1383
9586
41
7866
2882
1398
7626
3513
9164
4860
8823
162
7416
458
9620
802
78
5682
7163
3652
1219
5841
7721
1074
6383
2386
7006
9267
7420
5201
652
8010
6973
3654
775
6517
9
3422
157
6191
8219
814
8617
6300
8531
9966
255
2825
2317
5155
3126
7585
3638
6078
2642
889
1849
2059
3793
4186
1366
9675
1596
5215
4041
8789
8943
5248
2181
9045
4764
7534
7763
225
3383
1806
5829
4357
4386
8352
6417
933
691
6338
6783
6160
1476
4433
7741
1556
6018
8225
8666
5002
8310
1612
7671
3146
9577
9514
2408
3067
6266
8321
4002
2739
4398
748
8835
2430
7778
317
287
2960
4589
7034
4524
1677
9072
2153
2204
5384
8676
3033
1107
776
9043
2787
2149
7978
9852
993
8813
4238
7652
5977
2608
2335
6769
3341
9654
5552
276
6773
9114
7498
2261
8369
9166
7491
9887
3597
9984
717
2253
2532
9074
1554
6371
5791
484
1815
854
1041
2098
1820
4022
216
423
6157
8861
246
285
5947
4747
92
1523
4937
2822
239
1281
7228
7495
9485
9599
1884
6954
8626
8983
1942
5273
9769
9557
535
1828
860
8820
4752
8007
9932
1911
5176
8566
8979
4953
4927
1129
3823
134
2585
2602
7726
9500
7735
8187
6319
5073
9922
7456
9910
2135
4197
8094
9319
1011
6683
6949
7256
5440
1030
9493
8695
4705
6026
4363
3370
2266
9559
5181
5828
3909
7958
1454
861
7417
9200
421
4091
3481
2256
5307
3754
1277
6622
4109
2939
1361
3904
2519
9492
3907
4586
8762
1291
2457
6877
3662
784
7467
3574
3091
7186
4741
4724
2355
8396
1729
3583
1001
4099
4651
939
4205
795
3051
4997
4584
2698
5006
9138
2564
6747
3268
360
8154
1960
1861
7732
8404
8008
4891
5624
7370
4748
7423
9443
6435
5372
7773
1375
7379
7105
3539
1059
3094
5264
6810
6708
3397
1186
9743
2577
8750
2150
8949
9440
6387
8327
6395
5993
1578
230
7081
9372
8236
2480
8739
1732
5918
4852
2773
3816
7412
2695
8866
7823
5231
435
3072
4051
1416
2715
6710
1591
6345
9672
7822
7724
6222
7891
4795
498
109
7107
1046
7631
6471
2671
121
1348
5085
3821
4814
4097
2977
5548
4740
6849
9603
1859
3281
2929
6453
3807
3972
5169
5263
4209
1733
2221
5839
5798
1333
2481
7250
2116
9939
4176
5289
6785
196
6092
8083
6694
1111
7868
8705
2349
2140
9515
436
6041
8161
5424
9332
5279
749
5765
8416
9845
5923
7096
2749
6425
9468
3877
6564
7874
7066
4461
9623
5208
8227
7941
4125
8501
8731
1504
7708
2693
2019
7560
8101
839
9907
6167
4009
1885
2433
5702
70
3130
9537
8394
8975
508
6607
5763
2603
4397
2395
4104
970
8039
2112
985
4721
4887
7507
6901
9340
8439
1390
7513
394
2734
7451
3360
7750
7770
756
8644
4016
9551
2268
5671
6964
8343
2898
1756
8328
1917
4013
9136
9422
6571
129
357
3683
343
1824
7125
2241
6912
7975
313
2552
1539
243
6807
2209
7554
8212
6124
7536
901
320
2100
5164
4739
3458
5009
4505
9079
4733
570
6454
799
5090
3770
1080
4332
8411
3167
7003
2096
9752
3528
3408
8432
1552
8634
3171
6494
4418
8228
5580
6616
4774
2332
2027
6814
574
5061
3890
9957
1091
9647
9882
6336
3673
6743
1120
780
7388
513
6563
6306
9393
430
6216
8660
4839
4925
4135
6740
8906
6099
9530
8810
7882
754
1240
3005
8110
16
1271
5223
7915
1287
9952
3841
9234
130
3645
7497
3943
9408
8037
6532
2482
4646
965
531
2561
8490
2021
5476
8990
5393
5010
4622
9199
6280
7431
710
1119
9707
8288
5574
9574
4949
7772
4719
8727
2378
1962
550
3069
5503
3378
9523
8982
4921
8447
1426
2286
8111
3531
6008
4446
4956
4151
8249
1905
753
843
5118
3592
6657
684
5390
2902
6366
7758
171
5246
5726
3850
8682
746
2352
6002
1234
7166
2932
2344
9120
8627
5895
2487
6415
8242
7
2548
7278
3175
8422
9194
319
4950
1966
8568
15
7319
8181
4307
6290
858
10
305
8722
9964
2060
8388
9189
9626
700
6554
2016
1546
6209
5933
6188
4846
1381
3223
983
5684
7784
5524
290
3256
5957
2726
9209
6220
3147
2163
8470
3892
6260
2488
8700
1989
6999
7623
7793
6211
9776
6328
4427
7968
9518
4913
9645
6629
3015
1469
2595
5564
6252
942
2175
3532
3703
7760
2702
655
1671
4952
7516
8246
1082
4837
3156
2598
7937
4840
1947
7312
1122
5184
4517
7030
7753
6969
8390
5030
5630
7387
7503
8818
488
1770
7742
9677
6827
5514
1137
8600
4113
7938
4929
835
2824
5241
3354
8257
7181
140
9344
8639
6608
7214
8184
3798
40
2848
6275
8220
1451
3876
8635
5472
9373
3251
4532
1736
4786
8013
8537
7189
4533
483
6875
7510
517
2120
7255
4120
2338
6803
3775
7489
5211
8418
2900
8174
5986
8
697
8555
5504
3742
6757
2972
4608
1613
8414
2354
6147
4287
8188
8777
5328
1661
4297
1105
4289
2530
9399
626
8603
9904
7816
7072
6885
1139
1896
7743
3752
2944
8356
9648
1645
9571
3538
2172
7730
7791
2524
5588
3653
5560
6780
2927
534
8237
5666
2436
8844
7194
7699
5200
1622
7117
2768
8661
1175
8001
1335
877
1775
2022
2210
7922
8089
4195
3860
2784
562
2259
3151
4376
2032
1117
2875
704
542
288
5784
3140
8096
8141
4810
9198
2830
4899
1437
1477
3128
3049
9762
8126
3699
2453
1780
2725
6930
9718
7143
7737
9292
870
6407
9689
3
5187
5961
2156
3751
6030
4793
2212
7854
1051
3548
4549
1524
8869
8548
409
6879
1963
9610
4698
8370
8016
5458
7781
3900
3666
4269
9996
3287
9413
1895
4676
9709
126
9368
1456
2447
1565
9457
6354
1952
4358
3805
8054
4084
3261
4187
2857
3813
6464
4027
7895
3491
2841
6919
9535
3939
4757
4680
7775
8122
8258
2420
2986
7381
5776
6754
2644
7274
7829
2118
2904
2533
4291
7776
89
3702
5573
6620
6195
9323
7849
3145
8693
5604
8442
2880
8655
2628
5381
1761
8319
633
1925
9633
8770
4540
6262
6876
5335
9529
8298
495
8176
2691
7473
8043
7691
5445
566
4886
1726
8400
434
7921
4682
2679
7019
6409
4669
8492
5660
2351
3602
5224
5606
8131
5793
2819
274
747
3020
7401
6864
9258
6162
7565
4849
7418
4028
2762
8195
6678
5031
5794
6172
4650
5221
6842
6745
5086
7842
5600
1568
5825
3758
6279
4502
7818
5067
1697
3928
8272
1154
9589
8712
6007
8598
4067
6796
6119
3351
6816
5517
2257
3826
4602
1888
1548
8278
8736
2579
5334
6643
2776
3792
2741
7330
5321
174
4625
6103
5538
7783
3464
8317
3551
5856
5715
1311
3543
7953
7574
5174
247
8018
9430
2139
4379
7617
7801
62
2656
5835
7480
3260
8791
9884
431
3164
8334
5403
7411
5854
3601
2417
9286
9950
5801
5979
6837
8545
9370
6270
4056
9662
3926
5269
9612
1681
8974
5501
6397
6960
6943
6193
6926
7838
5761
7333
2812
1409
8908
4578
6975
7235
4274
4831
2498
8529
8376
6902
6935
2340
6888
2467
5499
6098
3936
2461
6398
9716
5452
6736
5023
323
9889
4643
6851
7736
5967
1106
5647
7494
3220
2811
112
2450
3845
1095
5755
1625
2534
5125
7098
7421
6248
3611
9377
817
3791
207
2760
6331
5756
1636
841
6434
451
9541
6537
863
1161
3113
6515
7343
9816
3165
9994
1493
7410
5505
2276
918
294
7409
5733
7851
7759
455
715
3077
9794
7131
9281
1143
8285
262
181
8006
7029
8084
760
5380
9881
4338
2769
6058
183
4235
4188
9825
8260
8838
8274
8939
6983
9243
8620
5261
7670
7422
2303
9192
6468
3625
7705
2660
1621
9269
1879
4727
5701
2907
736
99
5132
2366
3463
7630
4812
7885
3424
5625
7700
2583
7796
3878
5929
2796
9238
2056
2336
8183
5637
1906
7954
6790
5891
5400
556
4718
4498
9817
2923
6562
3893
5374
3375
4760
7291
1060
5745
4598
9679
8858
6394
5535
3788
9257
4095
6068
4399
4789
8409
7317
1910
8967
1655
1363
6737
9600
6436
7383
6558
4640
6552
2989
6908
2043
5591
6125
8748
36
624
8757
3529
6491
5364
4987
3966
9866
4456
1676
4907
9076
3763
3786
9911
43
2364
9417
1926
8610
7367
6496
9522
9330
4431
4049
6311
9304
5316
3071
6488
3297
8349
2353
9395
7309
9607
9601
5541
2497
6596
3626
3353
3385
649
4875
8209
9165
1005
6704
1292
5318
6389
955
6213
2328
9815
4021
6012
4932
5094
701
8971
8755
6114
5049
1723
3321
9788
5072
1701
6247
9811
9786
8408
8910
9974
7172
7140
781
4426
4230
6267
9027
2424
6102
2215
2435
8232
8207
6998
3447
8275
4384
6309
5832
3359
4742
6358
337
3565
5901
963
3998
8928
2490
1453
6882
7683
2879
6543
7514
1593
3600
3309
6314
8091
4296
5342
5561
689
1803
8074
1506
4940
6573
5078
8291
8606
5951
4759
1827
7259
6502
8166
3750
8841
2678
3432
4255
6559
1403
722
5251
9383
3226
