7301
7144
6683
2015
7853
7725
2737
2604
1535
5748
7213
2641
7526
7974
407
9503
9891
4740
4952
3841
3765
8708
6519
7735
9315
1806
3653
3415
3741
4231
4497
5985
795
2794
2467
4254
5563
4112
3476
8235
6882
4403
2295
7125
8994
5607
422
8373
465
3229
8864
2766
2483
2845
6591
2297
2020
8361
860
29
5982
7933
2073
5082
9192
8610
2442
9490
3801
2301
5346
6715
6207
1158
240
5714
8289
5134
2962
4017
3661
6242
9381
9062
304
7440
5573
9906
6839
6461
1563
1576
6929
443
391
1040
5509
8923
8279
1914
4373
2513
7551
3113
6862
5235
3998
1520
4438
6482
5427
7617
987
5892
9420
4181
6498
7640
8926
909
689
4566
2710
6378
186
3006
1330
1856
501
7064
9708
2628
7189
2388
3024
5583
5492
1066
4374
5645
5788
3790
268
879
2229
9768
9142
3409
1111
5376
5293
1076
9034
8561
6990
8938
9662
1769
5949
2749
8895
5441
7431
610
8056
4278
5951
5931
1693
949
5238
9686
1464
2534
1648
9018
5411
1363
4946
3281
9572
8613
6561
6557
8063
9722
2806
5365
2752
6002
1906
3374
8744
8005
2893
352
996
4950
7459
2235
5289
6845
6793
8099
9096
3938
5857
4714
3855
4379
8724
8225
7321
226
7668
7361
7382
1097
9777
7096
5887
3105
4401
3555
2720
9516
3943
7554
8729
7649
9459
2627
7608
8259
8425
1773
9266
5542
5544
2218
484
5340
2546
836
3423
3373
9877
3534
3107
9614
3267
9904
8054
8567
4651
8616
547
6341
2810
3291
3592
2034
3747
1092
8328
5560
6956
4746
1328
4958
3575
2296
7372
1574
7388
4184
2202
2464
6259
8648
3131
5453
8399
4978
6835
7328
8098
6805
9916
1466
5586
6179
9439
6432
9119
5671
2943
6563
4787
7472
3285
8988
8376
946
4987
8945
2755
5469
531
4638
7902
9853
8465
2088
1788
7258
7654
4745
1362
2105
8578
4701
235
4067
7695
9867
3138
9085
2626
5839
4398
4359
1624
8028
2282
8415
2456
3506
6335
2901
3754
1702
9566
5771
8379
19
8142
1904
3824
7838
1647
7533
3279
1919
4994
8438
9235
1494
5568
5540
8036
3702
94
6252
1642
6124
781
3345
4099
7148
8531
275
2813
8964
7603
5871
8584
9815
2633
5924
3487
3892
8396
8428
5742
9162
4577
9246
4769
9724
9664
8389
6442
6825
7470
8754
7773
9071
8603
6755
3590
3669
1924
5498
7597
3968
5179
3188
9038
7815
2740
9422
8164
6627
6476
2955
9244
2373
7326
2165
6189
259
3469
2961
6475
113
9705
7101
4381
7765
9847
4182
1661
5380
9046
9
4105
3647
5658
3294
7973
5826
6618
4715
5954
9431
6779
6160
6328
4514
4837
9819
6864
8919
2463
3859
3994
8173
3761
9223
8237
6487
7572
7498
9684
1164
7601
2840
4749
5105
5396
6698
1579
5490
7664
3995
1216
8231
4144
2732
8911
3452
3332
7434
6905
2855
5669
5177
8420
4711
6196
5552
2060
748
6342
7586
7967
8635
8140
8131
8682
2510
7087
9489
5676
5175
9293
5760
9232
4882
6531
2608
3358
5480
2018
6313
5825
8956
7435
4688
9978
5619
984
9784
5679
9346
7433
91
5223
1285
480
7076
6127
8474
4204
9288
9910
1949
4120
6745
1956
4057
9824
9260
6057
1770
9772
8917
1299
9386
872
9633
9456
6776
2756
7550
157
5626
3214
2530
9715
7175
8430
9052
287
1662
4560
8533
9435
9101
1690
1606
9278
4351
4251
1255
606
4747
5336
6082
1785
8967
1074
175
7065
5324
6045
5367
6471
1989
7349
3421
4843
7054
8240
1958
9172
2545
8837
6664
3511
8258
3795
2735
6719
1098
4150
2793
3276
7019
913
8730
486
81
1102
4924
1268
4705
5882
1342
9946
6216
5489
6493
3037
8298
5595
5698
8794
2243
3914
8335
5528
6730
4130
7355
424
1659
6344
2819
2098
8658
9474
9988
2302
814
9997
7615
6572
2791
9736
1297
9661
6337
4585
2068
6236
1501
420
2694
6387
9356
4494
4368
8446
1952
965
5474
2650
5818
9432
4586
276
9261
3106
5912
5796
7674
7585
4596
9745
4297
5779
6999
9084
4193
6235
6234
2844
1270
1069
5699
5878
5101
752
6574
8502
6349
3639
302
8059
3344
3258
1673
9932
8134
1667
7845
5893
541
4680
146
54
8311
1229
4096
3577
894
7306
5684
7637
5300
9335
5753
6295
800
22
6600
4618
635
7516
7922
1163
2320
1844
290
1900
1828
6846
5408
9434
3410
5338
7651
3999
7686
2438
8159
1818
6665
2461
3232
5904
5961
3536
4524
2696
2565
7209
3520
9830
3733
3008
8250
5015
1314
3585
5115
3858
8824
211
6605
8342
2344
6148
6897
7850
8654
8599
9576
9545
8791
9980
6485
16
3227
9207
3689
5022
9026
8762
1813
9698
2285
6629
9943
8339
7523
5261
7589
333
6083
3533
5277
4412
7759
2998
5329
3997
59
1622
1627
3637
9342
2909
1507
6059
311
2308
6570
6212
6496
942
2914
6449
93
3599
4875
543
6954
3594
565
343
6638
1707
3166
6514
1517
3546
8535
6232
3225
3440
128
7104
5485
9581
3561
8001
6926
3289
145
2980
3587
9125
3600
8663
7485
6614
6058
772
9263
2185
7245
5511
7411
7194
8935
3331
7500
2053
9723
5073
107
2989
3692
8203
1243
8489
8514
7950
562
1613
4752
6239
2596
6157
3027
7292
8243
5311
1596
4005
9185
9393
8675
9040
2655
3515
5789
8045
2100
4214
2518
5001
9300
982
3971
8171
6229
1246
9143
7938
3257
2709
6414
3601
7748
5847
7114
5683
6035
7333
6021
8458
7252
3593
3049
1718
2492
809
3066
3881
3802
4416
3979
2028
2092
6323
1917
8359
3000
9539
3952
1791
5737
2122
4139
2760
3117
515
7227
4489
47
5780
1699
1230
2999
5729
67
297
2981
7462
5170
7890
6894
4717
2536
6630
2425
6590
7818
6914
8932
7419
8032
6612
8460
5543
7612
4199
9279
4932
2379
9031
6003
7068
2916
5551
2330
4902
6628
7020
9060
4287
2444
4694
658
2987
3171
9461
4220
4050
4540
664
4481
6653
7140
8924
4906
2832
6391
1845
9286
9072
5214
4129
4483
4648
8252
3516
9787
776
4229
228
1439
445
9712
3099
3886
3768
5990
4467
101
3947
6395
2480
1879
9623
9383
2582
3927
6065
1113
818
708
5486
4900
5791
7678
6404
4993
364
8943
8742
2503
2176
5239
889
9043
4742
8202
6208
6048
7226
3834
4133
9353
9380
2147
2447
6435
8033
1026
9068
2680
3422
3583
2351
741
1068
8920
2767
3630
6558
5697
4044
9551
9913
8628
1815
8896
466
3312
2143
1118
8886
3785
7351
1073
8695
6860
597
4332
7381
5935
8072
222
944
2089
6884
9059
6173
1943
9878
9398
1941
6307
9636
3571
6473
1820
9779
9855
203
7199
6415
3245
2431
8172
1726
5777
6822
1291
6254
5778
6060
881
6941
7384
6921
581
1974
6642
2748
5007
2065
3318
4169
9817
6033
518
8940
732
5465
9452
8350
9531
8820
8255
5701
8217
5461
596
7017
4244
8621
1373
4734
5863
3696
4992
2946
6317
3513
739
3814
1528
1963
775
8111
2299
8476
5651
8141
5956
1720
6792
7309
5647
2908
7593
5143
463
7342
9167
2359
4555
7095
7476
8825
4860
5120
6913
7519
3226
3251
4963
3181
2782
8539
4943
5306
7685
278
9609
717
5094
3854
7378
3363
2013
8739
841
7224
6826
7855
510
750
6080
5349
9140
7161
866
7407
1453
4290
5943
8327
354
451
7747
4880
5333
9837
4725
6980
5081
4152
6007
8061
5089
7799
3491
5986
4815
9555
1046
2349
498
6815
5859
2279
1894
737
6279
2667
8704
7018
6460
2365
8882
8347
8236
7643
6291
6968
7907
5068
1614
4889
9911
4643
3419
414
2236
8182
4058
637
5787
4289
6983
6267
3353
1372
9776
9025
7756
6334
2717
4956
7223
4907
2730
7985
5997
6265
1923
6316
5538
9065
6444
6277
5503
8003
5513
387
461
9774
1211
5749
855
611
7839
5257
8670
4327
5585
1028
1722
5517
3426
3065
5507
2000
7867
5392
2266
2841
2559
3372
8999
1085
1531
6371
7425
6652
4537
1003
8095
6005
8155
4588
2329
9986
8435
9714
3408
7044
7437
6938
9998
9770
3211
7870
440
7370
5232
4721
9141
1886
1437
8625
1783
5571
6203
9778
9785
83
3588
9994
4365
7708
4773
1875
1283
347
7314
1025
8251
6551
7582
1178
4427
7262
4093
4851
7901
9445
184
9099
2414
9959
1360
9854
6577
8801
8712
4318
7909
2469
2401
4929
8527
1429
3453
8850
1166
5318
2785
3635
221
106
6126
4378
2638
622
1566
8333
9213
7164
9805
9936
8990
1115
5497
6681
4117
1152
1852
7647
2648
9283
6072
8515
6893
9816
4026
2896
7883
8292
218
5963
6831
9803
7662
8064
4522
3090
8398
8907
3708
2941
6675
6116
9003
5926
5914
6705
9637
5836
172
6286
7469
6887
9897
1225
4235
6881
6305
7679
651
2475
1412
720
1723
7784
7515
1935
3797
4532
7023
5581
6333
8068
1190
7029
3633
4284
4771
1461
672
6663
5187
3185
9984
48
8356
3109
9158
3842
5650
5009
39
8986
7056
8245
6586
7826
1831
774
4944
1733
9134
9404
2774
2400
8965
9554
1081
842
1235
9617
9336
9518
3406
1104
8007
1356
7220
4276
5033
4646
5445
931
5953
4308
149
4793
5672
6651
1128
4061
7873
6589
3806
1145
5870
3199
6877
4147
4033
1691
1353
4314
2220
7606
5209
9893
5945
3100
8629
1834
3483
9907
5428
8329
3349
1771
9764
5114
6389
3093
3335
1833
7684
625
4942
9053
1685
2406
4683
6296
1359
3431
7673
9368
7348
2355
1258
6215
1002
2838
6001
878
5316
5831
5420
6360
7660
6684
412
903
9905
8301
2055
2929
6660
4422
2474
6580
7397
5886
8822
3724
2661
5835
5584
977
6362
7295
2491
4918
6759
1149
4466
2890
479
3237
8027
8308
9313
3034
2208
3556
89
2992
4239
3110
1428
344
1133
7994
808
5297
8065
8725
13
9209
2951
4207
100
1581
9467
9181
3198
7630
8933
9672
5126
4100
1869
4252
4077
9479
3324
492
2029
4241
6853
9045
148
9843
4739
7323
8903
4559
3094
9433
9437
6158
1639
7963
3080
8957
3033
3466
5282
17
1968
368
5174
6619
6516
4629
5458
7039
8354
3659
6505
6135
9758
1411
3046
3385
1370
7401
9318
928
9136
767
6020
3503
1896
4996
9858
2591
2937
9322
6439
8117
4038
11
4154
2094
3976
7943
9296
5111
8290
7048
7724
6859
7740
8199
5921
5374
3578
1626
1745
7934
716
1891
4804
2988
6762
5700
7605
2326
3256
1994
7531
7246
6979
3098
6356
4601
4551
4477
6562
3857
8876
5088
1496
5687
5890
69
5373
3011
8976
1657
4002
9674
1470
1137
1379
9153
6499
504
9473
2128
8401
552
1409
4972
8309
4037
7150
2662
1306
8230
3728
9169
2402
9834
6079
6750
1605
8348
7468
2141
525
1609
1982
3162
8566
2642
2110
377
5731
4275
452
6155
2809
9030
7297
9135
2074
524
7964
3209
3713
7877
7414
155
6319
8936
1717
1344
1827
8770
7692
7004
9864
1398
9180
6641
7182
5130
1525
7067
8143
3538
640
5518
9219
2947
7452
3296
3063
4488
8466
5166
7439
8188
8470
6538
5358
6688
2195
6369
3915
8444
6151
4534
9222
4476
7856
4115
5846
1538
8223
6161
8077
2671
2570
1793
3625
1586
4126
5578
6967
1561
6726
9274
3869
8793
585
3368
6106
4319
7590
147
5473
7874
8998
3278
5508
6419
8102
6526
9560
2281
5077
1766
4132
3627
1057
5446
9571
3234
7093
5472
5782
3020
8540
6891
2023
2044
2882
3643
7229
3505
6645
3081
5917
8388
5570
3987
566
6009
4518
8043
673
4600
6734
6326
4877
5301
1460
4385
8910
5221
2508
1735
1418
9155
2040
2964
4324
4912
5609
6302
5407
2096
5694
6446
5666
5885
755
4634
267
6525
2600
8010
7992
8094
8983
8892
4446
4754
6373
8979
621
1796
7802
2963
7099
3784
8484
4060
9196
7041
3852
9378
4862
1338
6874
7169
2346
3640
3314
2125
3843
682
3955
1903
3837
4774
9130
8302
2573
2933
2646
4265
5516
3517
3061
3597
3903
7969
7494
3820
2847
3346
3036
1261
6361
4990
5636
3048
5183
8576
5572
32
8814
4630
9429
6568
7910
8955
2093
6923
6976
2027
5710
851
1874
64
1159
9173
1088
476
116
4106
1865
5512
365
9565
9945
8343
2562
1448
9798
8937
6436
3446
1898
4936
4219
7941
848
7573
8508
6469
3124
7713
8513
642
4030
5448
5895
2080
3828
6791
1950
1062
2683
3990
306
27
535
4660
3549
8643
671
8751
3522
4455
1237
6764
5242
5980
2434
945
1264
1513
9826
4247
9159
8091
2538
7466
754
7000
8696
681
6602
2516
9184
9519
9902
6936
8257
5364
9089
8706
1485
8941
9650
2769
1125
5820
6522
6565
1059
2177
4830
4091
9747
7694
7415
2644
9721
8112
9064
3693
5055
4163
4043
8713
5305
7338
3270
1005
3936
6738
5654
5059
923
823
9940
7409
9253
8480
7600
9054
1134
7110
4486
9215
9306
899
56
1001
7697
7790
3985
9881
4356
7145
5471
5065
8657
5785
6898
4298
9468
5370
713
960
5637
2598
9391
5900
4083
7078
7269
8773
8526
7527
4354
6828
6702
5385
2691
6598
5526
8517
9969
9210
2361
4662
3263
5047
7750
7007
7860
5173
8025
6077
3284
1732
4006
8253
7146
4131
3309
902
6421
4078
7311
6261
8769
4609
1376
6367
5332
929
9407
2974
8893
3272
46
3019
8412
1217
2153
5784
7743
3811
905
5377
2624
2574
7872
2148
8197
4471
2084
8878
9958
3873
490
4970
6049
4119
1304
3504
142
2637
4779
7366
3808
1641
7276
8483
4270
6771
1721
63
9586
6167
1142
787
6906
8981
7336
506
2674
3500
7345
7358
2423
8254
2645
398
3341
797
4554
6071
427
6958
9638
279
2213
1889
5219
4664
299
7188
4070
5908
3152
2070
7737
798
3477
4931
5801
8860
5363
7915
273
5936
1510
1171
6382
8338
4479
9202
9472
4018
6218
8022
7920
1632
294
9401
1253
4059
4525
1381
4104
5060
6677
3956
5176
1114
2692
7789
9345
9160
5462
558
4474
3488
1789
247
7051
1897
7016
5605
9967
503
3684
8448
1774
2544
819
7561
7436
4550
7266
2923
9502
8191
7535
2006
5251
9634
2072
189
7511
4890
4198
7727
5969
1792
5057
7581
1479
2258
8360
7803
1782
8745
4818
4846
1556
4959
3042
2681
6982
6204
7751
6996
5034
8287
52
3777
3405
4962
9369
9312
4034
8545
4414
3484
4009
5984
8423
1908
4206
2509
3499
8015
6790
5086
2718
4210
2292
8799
1961
2664
3641
3923
5977
7481
3518
8676
7683
6405
7375
9654
8080
4062
5561
1194
9961
1645
3576
5467
9702
1180
5939
9057
1382
7882
1119
5304
8715
2631
5876
5745
1643
8221
8880
1195
551
8914
3402
6856
3097
7357
532
1492
7171
7928
6635
4805
8486
8355
6489
3874
8367
3058
2751
326
7957
1391
7183
6537
998
1129
2317
7958
406
3937
356
8410
9198
9291
891
5992
6275
6447
2970
2134
829
9170
1843
2656
9658
5772
6609
7805
5393
3973
3077
5582
2118
3030
2267
2920
4673
3306
4871
729
9270
6314
8761
7734
7653
7109
2433
2548
2881
2393
9996
7837
4593
6257
4222
323
4387
2245
1679
9797
9944
2315
6814
8845
5299
1772
4234
805
6545
1388
1348
8291
5102
1120
5483
6132
2489
8694
3275
3652
9957
6147
2592
7996
3277
8391
2498
9860
3330
2439
2524
1438
405
1611
8568
6644
8429
5752
7520
4820
2697
4360
4320
96
9975
2805
897
3965
9639
351
4561
1132
2639
5875
7275
1881
388
8970
6377
1228
802
7191
5987
8888
3239
8582
847
9544
1010
967
6268
3756
4552
4786
5272
5519
9808
3411
4011
5629
2300
188
7119
9056
5245
8732
694
994
3118
450
8084
9786
5608
9528
570
1715
103
200
256
2395
8995
9844
2408
1316
1426
8212
366
7118
9405
7721
7238
8559
2222
9457
6315
2837
9656
7880
8402
3524
8419
2419
1156
3930
6034
9251
6091
2255
5098
2535
7929
2102
1055
6583
4128
5841
5414
550
2703
6166
8262
4496
277
5705
1973
4116
5041
110
7032
4764
9632
5172
6778
1542
7965
6381
932
9121
4637
1640
1681
8330
4813
6661
3793
1644
9533
5053
6383
9559
6374
8865
6027
1455
2488
2353
472
3621
7670
2807
3948
7043
2688
4674
2783
1212
1694
1205
6029
1497
804
6940
261
5401
5014
7176
9833
3720
6177
177
8256
2514
3018
8946
7247
8180
258
6986
858
3525
1570
449
1027
4628
1654
139
8875
8673
6546
9349
2583
2378
4024
7204
5180
9792
8271
773
7430
4393
8443
4443
6973
617
3783
3302
6693
1536
266
431
7935
4160
1109
9051
5360
1056
7543
3304
2903
5382
1601
7195
1421
7210
901
6134
7787
7396
6063
2695
4836
5224
1823
4961
4344
8020
1544
6423
7350
7206
5148
7866
7105
7243
5152
4028
3201
5307
8847
2340
1775
8553
3789
538
5046
441
7445
2711
2004
9164
5384
9480
1244
3436
6582
8504
7008
1263
5574
9608
6617
3041
6397
3897
9589
4358
3053
1944
55
6401
7180
9574
8930
375
6883
7783
2879
1
2071
7179
1422
2170
9814
5005
5894
8569
9426
2394
9395
3736
8346
8052
9451
9937
6623
8455
7659
1658
764
5075
3005
1045
8424
1506
9010
571
1084
5241
8153
5460
3596
1032
4621
7624
7657
4776
3348
2031
72
1997
952
7875
7308
9205
4788
76
4089
4103
4315
2839
9601
8040
3329
9600
7687
973
3262
5994
2609
1042
2693
164
9042
8218
6311
5250
8374
3218
1288
711
9735
2484
1780
9190
3658
2843
7537
7667
2174
246
4025
1493
4581
5287
2334
1710
3078
1126
9622
8119
1290
3875
7009
590
9370
2228
3180
6720
4375
5837
8393
5021
9607
557
9793
7512
4538
1649
7820
8544
2532
5011
2930
1675
3544
1524
3480
9366
9032
951
5295
4539
8106
4400
6807
7228
4778
1686
7976
7719
4194
2945
3604
1238
7270
4217
2412
1050
7894
9115
8870
8306
5792
9755
2669
2611
4085
6429
6200
7785
5738
6017
7779
9079
7400
6895
7998
2824
7956
9693
5898
8520
7763
545
50
1354
6407
2764
8551
5234
8631
6686
5930
6087
6579
8665
4123
6610
5736
3676
2698
4872
1951
5225
7165
4908
5822
2846
8048
8548
9376
3044
6019
7207
6789
4
5677
5854
3092
2276
5004
8228
2906
8562
4616
3486
1006
8227
8469
176
882
44
5317
9290
9105
9066
9007
5276
4036
7234
2715
9703
9350
7257
4423
1858
3579
8495
9221
5355
5252
1355
2684
5345
6512
5941
9390
1311
2011
698
2727
9424
8856
7795
3913
7517
7374
3946
6672
8114
4372
3905
3688
5968
2803
3355
3273
9428
2099
3636
1548
9604
207
796
2187
4170
1176
4088
4792
966
8408
2345
4508
4636
9271
3407
8242
3102
7467
5125
1503
7129
8406
4854
2606
1361
1292
2184
8597
5929
3377
180
7395
650
8834
7215
6987
5761
5244
3111
930
5974
4531
6004
8832
4355
1682
5874
2499
6162
2144
6165
1030
8498
3750
2993
1420
4012
539
3479
7035
1014
4802
5496
9926
1008
8891
24
811
3200
2743
8449
1664
6504
8627
2515
6290
3554
7281
8969
6119
3115
978
8846
9626
3704
5405
5861
1571
33
7988
4947
8317
6527
3803
6902
7939
270
699
9580
3722
7917
3238
5860
5294
7177
2164
4732
2376
4689
7851
4967
7576
7115
4509
3519
1041
3132
7130
6595
5285
3397
9166
2525
1932
1259
8485
3339
1663
3958
478
5044
2050
1252
2678
6794
5717
6507
1978
8284
704
2140
4640
5379
6925
5555
7569
2058
264
9849
3085
7131
8454
6662
8901
4521
4462
1416
9573
6240
3945
9050
82
5590
2572
4475
8210
2
3940
8622
6555
8451
4107
1254
3890
659
6105
1456
4367
9082
6754
702
4487
8211
3468
8557
3953
5970
1839
1188
6992
6245
2178
4364
5449
2180
1335
2912
8528
6006
8913
9593
318
7021
5775
2652
197
5692
9015
66
2231
962
8727
2523
3832
1323
4261
298
1239
3695
4156
5184
2677
2271
6597
6149
9592
2511
2254
5192
7731
916
9258
6044
1794
121
4187
6026
7471
1826
7666
9365
3393
582
1394
6932
4503
2522
2747
9481
8859
5203
3757
8853
6863
1277
9827
4255
3333
6657
4659
2008
4258
6875
1067
2001
7982
6233
2478
9598
7717
7124
2119
5198
6892
2649
8777
9264
5911
92
8074
846
9841
8633
890
2868
6994
4301
5362
4512
3336
4781
5827
9783
3548
8583
6930
8987
8204
3163
5431
6303
8717
9619
4741
8783
9128
7055
3821
5975
1475
3563
4015
7304
521
5443
7983
4870
3095
9788
3379
8748
6581
9323
8365
3072
4884
6090
8618
6959
5079
4336
8160
3184
5706
4492
6327
7972
8031
1740
6643
723
4495
9363
4473
5940
8265
8721
9231
8336
2264
2666
1248
1835
3155
3944
639
5211
6202
1414
5279
1569
8688
5267
408
8855
4135
1512
1743
9013
7391
3964
575
8073
3129
3982
9874
5040
4242
6412
3920
7163
8644
2059
1424
2928
8021
2741
845
7002
8319
4997
4202
9379
6062
8680
1646
8185
8349
9073
9343
7632
4824
9465
6131
3701
1201
3716
7834
6336
8792
5320
3141
3980
1708
8090
6782
5545
8639
2665
6061
4418
4064
1364
5093
3966
4954
5856
7404
3202
6338
1317
5657
179
5419
2418
5182
9691
2311
493
7465
2744
5383
9832
8304
8166
8431
4054
8756
8805
6872
3274
7746
674
2336
6430
6840
691
2895
4183
1208
212
3413
9016
1887
6849
1859
6786
6616
5800
3644
4582
3581
5708
2009
3788
7847
3448
8538
7197
602
8626
2968
2585
6733
3877
7010
1340
2599
6523
2816
3850
5824
1202
3343
9178
6888
7318
6922
1108
2471
2404
6603
18
8457
9240
6450
3975
5693
1483
3731
2742
1112
2069
5451
341
4670
3755
1728
5755
4294
7549
3395
5527
4391
6766
4981
3799
6491
3778
8677
7524
6739
6288
1210
5823
6330
1847
79
9991
3438
6111
9627
9530
567
2801
7365
8115
5660
8609
9406
4405
7254
706
5386
2936
8093
8229
2230
9004
1983
1737
5231
9666
2825
7844
7891
1767
783
4353
2520
1374
7652
3297
303
1459
1502
5565
898
7457
7575
2173
4654
507
4895
8371
5879
712
1209
7340
1529
8497
7392
7369
7208
4350
9154
9314
8186
5575
8809
6075
4407
5142
4245
9537
5169
40
8411
5281
6912
3369
8167
5946
5562
8703
3108
8503
4136
6000
5054
6963
9104
7609
9492
5834
3192
9577
5274
861
727
5116
1154
9176
1265
4196
1676
2250
2759
1878
9546
1160
584
3591
292
6028
3210
7268
2889
3492
3537
768
1505
98
7607
3617
8634
6880
2673
4869
281
6761
7324
4748
5593
4453
7671
7495
6772
2149
9896
5314
9175
4614
6760
5922
1635
5030
1960
9321
3646
9933
3547
253
1054
6186
3268
34
6246
3969
554
3844
6865
5229
2139
5265
1009
2037
3334
8239
2983
8011
8297
7807
8372
5220
3670
8261
2116
9146
1930
3746
5944
7930
7528
9750
9020
8070
9357
5366
6118
9436
4447
5240
5010
7782
5008
1559
7014
1478
2956
2558
2792
1287
9543
7058
3521
3428
6380
8900
8647
8592
688
9440
4080
8948
9653
6038
9049
3087
6023
6010
5323
7449
9488
4578
342
8124
4498
9496
4399
3706
9108
9028
5557
7940
7613
5045
7112
1762
6747
9427
4557
1011
5830
8187
5003
353
9006
9227
2409
4323
136
49
794
6735
3260
5413
3622
9448
2169
6566
2729
6933
7253
1808
6266
181
2734
4695
399
7236
2048
4789
2016
7187
803
4101
2745
8222
5013
2935
8807
8558
5031
3776
3763
1192
4945
2233
9532
5312
3485
1385
2938
3673
225
652
2286
7949
8857
3482
6655
8152
1207
9118
7702
8816
8127
1987
8997
5074
7808
3361
1280
2374
1170
853
7190
367
7610
1587
1175
9782
2494
6934
9156
8982
3904
5243
1754
6013
8606
1600
457
7769
8598
7249
6806
2472
1286
6632
5685
7074
509
2263
8678
7565
2435
2189
2926
2183
4331
7244
1473
191
5966
206
7897
8370
9139
2580
9731
6217
9914
1942
1296
62
762
7033
1504
9144
8380
8272
8178
7801
5072
9265
3197
6357
2291
7483
9450
3762
7212
7852
8325
9909
7070
4286
265
6226
2954
9466
2724
612
404
4032
2019
3119
231
2623
474
4641
1880
3182
8884
5153
9716
308
8530
8763
5296
5457
5899
1393
9446
7704
8238
7403
4676
192
1915
3449
1971
3870
1945
1790
1895
9230
1399
2217
8300
95
993
7037
686
1484
8422
5359
9367
2277
8316
1274
1753
7211
9294
555
6110
3176
4617
5849
385
9277
3252
3235
5309
1423
6426
393
3901
7453
5456
7410
6037
8549
4419
5937
7287
485
6213
6253
4277
6743
599
4623
338
9310
7363
9645
8735
7274
7680
9273
4439
8958
514
4311
1558
6795
3236
5601
7443
8113
2290
5502
5026
9187
5291
2504
5398
1407
5740
6777
1668
8322
2849
6637
9981
2775
9195
8055
2437
6142
6564
2384
5247
4852
8147
4282
5662
2619
2636
1552
7720
5248
7552
943
6500
6287
1625
7578
127
3562
594
4007
1976
979
1764
7530
3299
2017
6047
5703
2192
1403
5722
9257
3810
6852
8382
656
5993
4791
9642
1267
8193
9131
1523
8552
7948
3050
8522
3831
7984
4224
4980
4428
6552
1071
5113
8133
3649
5255
9612
4053
1336
9615
1992
1692
5020
5438
6536
986
7264
6318
7094
6375
2041
6513
990
8702
2817
8588
4905
8219
9610
938
843
4595
5155
4390
4647
921
9890
2836
3416
6206
7700
210
9591
6238
1863
5
665
6014
1487
579
4376
8500
7196
9087
2900
8869
2107
1266
2733
433
3371
6534
3456
4759
4915
7289
7042
7279
2552
9625
8511
1124
135
3091
8961
7859
6518
2024
9680
6578
6837
1621
7367
9506
6838
1975
7219
5664
8008
4863
9364
6368
7689
9807
9120
6255
3356
8652
5397
705
1377
2199
5614
5167
6511
9236
3400
6422
9526
2986
3896
1689
9449
8944
7752
8734
8066
4071
7442
3512
3432
319
9520
4048
5043
1802
1905
7631
173
9552
9091
2773
1271
7768
4192
937
2529
7733
4782
1866
724
8866
3443
4984
4809
125
1934
1242
9384
6031
7286
7504
6133
3872
6089
589
6870
9568
3629
6678
7701
6418
5284
5550
2997
9596
8602
6282
4597
8651
1467
3981
4724
4511
6833
9186
868
9791
4227
1138
6100
2061
4499
6889
657
7596
6767
9470
5750
1671
1948
904
3792
8636
4976
5547
7616
9534
349
6879
678
3096
7832
2539
8310
5713
7563
8534
6728
4718
5200
468
9818
5950
1803
8579
5730
1704
683
4149
697
1522
7003
7738
8779
533
9455
2959
71
5774
1157
2595
2985
4635
2584
2921
7672
508
5510
2113
8974
4726
2383
4667
8453
5883
2314
6370
8475
2109
5399
9734
8246
4713
3558
2298
4768
7776
7259
1086
9962
5559
8062
3191
5915
8563
86
5185
7307
1912
8426
3389
6611
833
1651
6509
1850
1093
5315
4143
1776
701
2578
2067
3584
6385
6548
2904
1804
9329
2194
1779
7648
2571
6231
6042
4179
6358
75
3959
288
4370
3158
8046
7344
4903
7710
2891
1049
8439
6413
964
1591
925
1186
2798
9214
4167
6420
162
1921
7097
5959
7168
9484
1807
1471
7232
7417
7796
2142
3412
5028
2186
3933
2161
363
1173
2014
8276
2569
6433
9993
470
3303
8332
4886
1573
3215
6163
9753
7329
9344
3315
6866
5108
6363
8879
7604
5995
8405
314
171
8488
7346
8887
918
2303
954
8960
6687
1281
9114
1549
4543
2275
3067
3120
9201
3613
7841
7955
1797
8767
912
5424
4844
9744
309
3738
1809
5112
1819
1498
738
9188
6364
742
8828
6774
1326
7797
5850
4697
7477
21
2772
7081
4417
7529
2911
2917
6497
2651
6800
9023
9781
2441
5347
3287
4110
4529
152
4828
9029
985
9594
6480
126
1035
1868
9417
9742
8492
8192
2704
3710
2830
7160
4762
9865
8381
2883
8966
7788
6640
4619
8390
4472
6274
1247
8953
3021
782
2205
9200
9606
9903
9801
9282
4733
1578
390
2387
204
5639
6799
1739
4834
4262
1392
9921
7588
6156
7827
4864
384
6624
8205
8181
685
3675
1387
1435
8580
2777
3212
8206
4031
2602
2101
2590
9836
6262
837
4602
165
5032
6515
6541
7201
7057
522
6714
7857
7075
5351
482
8296
8664
1404
8975
981
7661
5798
7450
5536
8753
3028
6646
587
4397
5325
8108
4442
2052
5901
4855
9839
355
8496
5606
1765
7316
6193
9673
5099
852
4326
1980
2079
7536
548
5002
4386
2368
4951
1855
2931
2781
2221
5998
2842
6689
2927
1106
583
7237
5129
3160
3009
956
7423
3442
4468
3424
163
6403
6354
3700
2588
9193
6248
1339
3040
5652
4530
8716
3350
5160
6713
3
6138
6225
4849
2835
2077
1597
3611
2976
178
3809
5070
2249
8899
7566
4383
7971
2278
2338
2864
2831
7428
5577
3015
2261
6107
3463
4228
1197
8789
3839
7966
9866
8463
1378
7525
6178
4086
8927
9487
8601
3557
3064
5865
3142
624
5147
5381
7133
6960
999
4065
9585
7754
9804
9008
922
8145
7587
7544
6443
5721
9285
5862
3435
7833
2380
6122
8771
8723
6798
7538
2112
770
4211
8069
3612
4608
8813
3991
5061
8130
5083
5025
8299
8105
6857
2150
2978
6753
7863
4653
7379
693
263
4363
3203
3775
9964
2274
4684
289
8226
2814
8473
844
336
8013
4335
8841
6438
1519
5280
9879
3445
1276
7031
9796
8872
320
1916
4348
2381
6185
3055
6386
2601
4548
7749
2853
9667
9982
8394
2155
9086
12
8661
6150
1463
305
1615
3013
1319
166
194
9189
4426
3861
6692
3069
6908
3992
9739
6458
6607
8362
5843
4703
1425
5027
5213
8049
3470
1080
2568
2306
4302
9027
2594
5522
5262
8353
6299
3899
5122
5463
3501
5090
2166
8672
810
5237
5217
1488
4209
7225
4004
3292
3122
5104
4435
7091
413
528
8023
3173
9276
1680
0
9894
4817
4798
8075
9550
2850
5903
5762
2613
2323
6847
8868
6114
4177
260
6695
2181
666
6081
1805
2399
1842
6708
6827
8570
7556
7480
7438
5612
6306
7501
3734
8710
3846
9536
1352
4168
4868
1107
9889
9908
9700
3771
3060
3660
806
1151
331
4272
419
8980
7217
5484
3983
1293
7310
6918
8481
3912
1757
8596
2333
2012
4377
6970
2905
3150
7448
9014
8897
1999
1110
4309
7650
112
9382
5535
638
1406
8174
3829
8285
372
728
3787
1582
6625
9048
4925
4898
4797
790
9578
4141
5525
5135
3986
9510
3988
7288
6539
4807
9628
6716
8198
2643
1182
7499
6854
6069
1933
9298
7352
4610
4624
9100
3509
9387
8214
6039
3697
15
5767
5815
7705
1812
8165
2653
5889
5907
7086
4185
6139
1970
4330
418
7830
7744
9117
4909
3830
2821
3403
4280
8037
2197
4250
2313
5569
1432
9259
3493
3871
6821
874
1562
3774
1669
7305
7560
6900
9262
6927
6946
209
5488
6350
2219
9762
6251
9685
3773
7819
2137
2039
8632
1890
489
3880
1279
2327
520
5131
4124
4649
1408
131
1755
8823
2154
7804
4940
5864
7557
2977
2436
6205
976
6727
2057
7691
8685
9521
5566
7831
5249
8555
8693
5149
2397
5124
826
7881
6985
9478
3305
7514
201
700
1653
8035
5078
5339
6633
262
5071
4164
2632
5675
8168
6694
5533
1995
4408
3057
7599
3161
7730
7083
5848
9022
1181
4451
1926
8738
1490
9775
3690
9802
7157
5891
8085
4607
1911
3186
5278
1351
5704
9224
8915
5546
7591
9584
3016
519
8462
5746
6939
9311
4750
4888
9226
7878
9989
8241
1594
6943
2010
7059
2617
8707
3295
4171
1037
2527
3073
7214
4693
5259
9081
6125
5236
4533
4631
3088
7062
6292
2670
4896
7861
4464
4723
6971
7854
4707
9846
5352
7932
5216
8827
4957
5067
35
9408
3876
2763
4799
1450
7884
3632
6104
5378
9880
2063
3618
2468
2948
4035
6352
7405
5132
274
5107
1200
6379
5118
4731
6495
4955
9588
6210
4594
2770
2179
9512
8268
8764
2672
8244
591
1095
6269
5206
7655
5646
3301
8641
1343
8646
4074
2273
4730
2487
3541
6101
5141
8839
8157
5648
9423
3364
6604
2337
7757
2451
8877
8519
6710
2364
9418
553
4445
5967
812
3222
6095
1630
5273
7149
5387
7722
4850
7383
6947
4081
4279
6129
4845
9882
5948
1078
5786
5165
6696
2848
8263
6731
102
757
1913
9761
7373
137
1307
5896
2589
8154
2716
5076
1308
867
7924
7786
467
5521
5227
3712
940
2103
6076
394
9616
5720
9701
7980
7154
9915
577
1023
4572
3949
5621
3564
2415
5162
8619
7693
2470
1089
684
1853
6890
3748
8871
6488
9211
252
9074
1193
6228
2622
9511
3362
6467
2126
409
8433
7484
5962
9751
30
9704
5858
9790
371
5049
5811
2212
6325
950
8079
9228
862
7989
7084
6408
7914
1052
3429
2708
8017
9875
8705
5756
9017
7876
4881
3628
2214
2700
9206
7025
1877
8925
641
5422
7778
7849
7927
3545
3146
9174
9469
5298
1848
9595
8158
7022
216
6294
8571
1817
2370
9558
87
5567
5288
2797
5719
5668
5711
9410
6270
2554
1860
885
4237
7421
1357
817
4698
3672
1065
4642
8962
2328
9129
1545
5019
6706
7282
3439
291
9871
972
1117
9355
3707
2450
7893
6620
3323
578
7241
8691
5254
4937
8103
7953
9477
6758
3498
5615
9603
2268
1275
8395
9730
4480
1698
3863
4046
293
6169
1384
4406
1004
8667
1368
4935
2025
3495
7285
2952
1786
3531
1557
9497
5537
4273
3978
3794
3772
65
6818
3951
1902
5084
473
3687
4295
494
5902
7399
1841
6596
6763
2462
2967
223
2200
8407
4322
2776
857
1588
8623
167
8232
140
5640
497
1854
6283
51
4140
6593
709
7823
6281
2934
6070
2537
8326
4345
2796
3849
1395
7508
4801
4988
7602
5439
5416
7888
4933
4341
7547
4790
1603
3894
4679
168
8692
2396
2449
6184
6130
5482
2458
5927
733
3730
7568
1787
5475
2157
8505
6851
1322
8790
8132
382
2859
1666
9494
751
4072
6769
1013
8709
4928
4866
9447
2253
3638
7173
2811
3465
5350
6955
2424
1822
6724
9707
3342
153
7780
5531
3489
313
7158
6301
5872
2196
9710
8873
7116
7298
865
7986
1619
2501
3137
1100
4225
4040
1683
2597
3444
6916
4625
5732
8427
9829
5947
8630
2707
9657
8547
2132
6712
1233
3074
8620
2802
7492
3311
2533
9651
6394
9317
2828
1608
7034
9597
4914
8267
1652
8442
8649
8125
5388
7999
7813
4657
4535
663
8524
8826
9377
5972
380
5928
238
3455
2407
7904
4300
7313
5627
1222
1730
4756
7250
8874
7997
3022
6152
736
2563
5644
4737
3721
5855
5189
1920
9648
3390
4000
7272
3079
8086
1969
4603
1580
254
2216
1082
8169
5813
2367
60
9137
1884
4926
3715
58
4565
8681
6744
3230
2577
9728
4175
8985
5023
1451
154
662
1565
6919
8447
4893
840
3054
316
4165
7181
5888
6669
3375
1590
7296
6309
7619
3242
2081
7371
7506
4517
5215
7341
3917
6556
5493
9635
3475
6667
7828
7792
3860
9454
6298
2114
8774
4155
8345
1709
8989
5100
2191
2206
1415
4343
6547
7127
9412
4429
771
2979
1123
5330
5292
7446
9679
1481
9821
4923
7334
7848
4437
3357
3052
2500
6340
1742
1940
3961
5589
1612
7045
2702
4506
2658
8968
9421
9058
4312
2496
7574
6388
1598
6654
1347
5696
2690
7987
5144
4283
5096
2429
968
199
7052
7082
3367
2026
8320
7892
446
6520
4666
6910
7959
4632
5635
5139
5036
9861
8679
3735
330
3705
7186
6053
2812
7954
3893
7545
7424
111
4822
6530
4268
9090
1161
1215
124
4215
3473
3888
7558
4197
7080
839
513
2731
4969
2363
5194
6187
1191
4526
6647
6768
3906
4158
6679
2586
9147
2800
9602
5195
9483
7458
190
8148
7277
2207
9579
856
2002
4763
4564
4191
5725
7330
3932
2757
816
4709
6858
6756
3586
7454
3216
8674
8731
1300
5794
4248
3619
379
8334
6372
8772
8778
4095
1405
5709
9900
7614
9671
9098
3542
9415
8175
1122
6300
215
5520
6043
6322
6844
9397
907
8640
6691
9339
415
5190
6457
3838
4604
7006
357
8689
9280
8858
8196
6222
3614
3320
4108
8104
4190
786
696
325
7638
3391
6410
3685
462
880
4425
7479
9883
3496
3760
4800
4696
975
5869
1781
5723
4137
2919
460
6260
4505
8179
1655
1367
6718
7113
3812
8004
2354
2884
784
1445
444
8803
8806
2459
9441
3805
6406
2736
4172
8331
1036
9682
6554
3168
6988
6540
1031
245
4148
9569
9331
3114
9460
9931
7422
3942
3818
4605
648
3266
2820
6346
9078
6345
4055
3767
4213
5466
1991
9920
2135
3130
7030
7444
2971
4938
5617
1269
4663
9522
3679
1553
2375
345
9754
3934
9977
5554
8312
3898
4138
1583
6671
4023
9515
7293
8537
5867
4145
1350
4068
516
6707
2866
3269
1153
9396
159
1150
3725
8916
6237
934
5897
8487
7474
7896
7359
517
4001
3889
4839
4528
7918
7046
2146
5037
115
2723
381
3382
5797
2237
7942
8378
3732
5715
8146
8468
1572
5960
2575
542
5754
2679
143
1499
3145
9299
6393
6351
4821
4329
251
2203
927
8851
4079
9631
9035
2856
8269
5624
9138
1477
1623
9965
8829
9741
3217
6984
2430
2265
4865
4794
8041
3595
2862
2159
7677
1294
9055
9549
9245
832
7712
25
8947
7098
4178
7698
205
8781
1155
1901
3187
7490
9083
9562
7766
4977
5743
6871
4930
8650
4563
2188
4292
195
9508
1931
7487
9301
7742
6465
3682
2270
9934
9076
5335
4465
1358
7707
5795
3288
4598
6915
2540
9281
3813
3758
6051
1551
7895
6451
1419
5042
8434
5810
7912
4556
9621
8766
7337
5807
38
7061
5253
8607
4622
9163
630
7952
8656
3420
5233
1977
669
3742
4458
6608
8321
9886
3157
4063
2390
559
8842
3354
8863
6668
6273
2871
9442
5266
1312
7205
822
2120
7069
8058
3123
670
9765
2416
4949
6068
4579
2753
4633
2550
7977
3623
9611
2913
5258
5308
243
217
3908
1607
3010
8666
7553
7926
9358
6812
1094
5409
7147
4710
6398
5808
3089
1091
7174
6088
9341
8894
2634
777
8662
8386
5230
3686
8574
2358
283
2924
4547
8852
1867
4076
7726
5592
5765
6997
4917
3910
9538
227
2403
2259
5429
8414
2640
5938
3178
7764
138
1509
6542
7060
284
3931
437
2995
8472
9548
5591
7562
1167
4146
1936
6250
7092
6097
1389
5783
2042
8741
1236
8747
1725
7053
6343
8890
2557
6102
6836
6211
1064
5052
5594
4879
523
8019
5523
1447
2163
5649
1131
3606
7271
4166
7368
6103
8369
9690
2877
8922
3909
5095
3246
7584
9482
9340
9499
7669
350
5667
731
4369
4333
957
2477
9362
3823
2834
9771
4583
1038
5504
483
8699
7718
2566
5087
5600
2215
2701
9220
4584
1696
4361
9208
3047
1592
6483
7117
1540
8
7496
2056
604
8314
5611
8952
1474
9641
2738
6171
5905
8107
4612
6099
3462
5256
675
4568
9992
3605
633
2521
5138
3384
9504
540
3895
9036
7152
5799
9706
1043
8720
8293
9375
5394
2795
3447
3825
1162
6192
9123
3972
2151
6682
2705
9737
8501
4056
2687
236
2689
430
3143
6742
5171
6592
7339
1870
1768
4134
8477
1677
6339
45
580
3654
4964
104
1568
5064
7729
8397
5916
3308
3101
1185
7426
213
5881
3744
9414
877
7015
6227
4469
873
1136
7665
3401
4546
4816
8595
4687
6575
1965
6348
8812
7406
948
4704
6321
8163
7714
1177
7235
924
7159
6775
5156
4819
2248
6486
7239
7142
1320
8432
8843
6285
2618
5406
9203
6456
4885
690
421
869
2593
3878
6074
9733
8081
3645
7
9168
876
300
9319
2003
4218
5356
3523
3169
348
1939
1998
2066
9047
9241
8303
386
3319
9373
1628
4186
5199
2502
6434
4310
1801
7916
6025
792
2062
8833
734
6359
4735
150
6041
6957
512
5757
2942
8908
4831
6670
4253
4901
5633
1830
4424
6823
6972
2872
5596
8591
7079
2440
61
9972
6801
8313
9044
6331
1141
1857
6304
989
2432
1468
8184
4991
4111
2815
5164
6666
2910
958
5321
1321
1029
3650
5597
193
7781
2788
7387
9113
7682
3399
3014
9002
4892
1810
4016
8659
7049
3753
5964
4672
6459
9800
2234
7825
8698
8542
4644
396
6650
7899
7136
7656
4161
3007
5686
5109
2789
7265
6390
2685
6673
8775
7886
7800
6978
8109
9183
7141
5919
3862
3608
9498
9320
1024
926
5851
9795
7315
1777
4825
362
7736
9811
6466
6748
8233
6770
6867
3153
5691
5389
9825
677
6962
9887
6164
1220
8728
7072
2064
2682
8437
5133
5283
9990
7688
3939
6209
8992
9794
6067
6873
2887
8123
4803
2210
9857
3298
1560
9252
854
8590
661
9500
7461
6214
1729
8083
9308
1727
3194
2347
8280
9862
9295
1533
1634
1060
2607
7814
4127
3134
9688
9041
8014
9547
5286
7036
3029
6120
3231
6576
8467
5620
6878
6690
9752
8120
6188
6951
3039
5505
4562
6948
2129
8006
3139
6911
5690
7325
6784
5689
1489
8883
1593
4999
9254
1758
1964
9872
9699
242
6365
6015
1063
9385
8387
6284
4449
6809
9709
6036
9157
1724
991
4066
2305
133
1602
2460
7770
667
536
5423
2587
453
3977
3570
423
8749
84
4520
1083
7261
4094
7463
9039
6018
10
3290
1990
9799
4998
5016
6788
9663
8996
1301
8128
6117
769
2957
8565
9237
5319
3974
4727
2428
2699
8736
645
7290
4238
4482
4014
8564
8949
4811
6850
9303
9899
361
3254
971
7887
3208
8368
7218
1219
4226
875
8546
4441
5442
6464
3104
4205
4304
1567
8746
9692
1748
2083
5270
2343
1595
5369
2746
2721
5655
3615
9133
6945
3996
3817
9759
2043
2616
7012
3205
5066
3681
1148
1442
3816
7658
4389
7518
1985
26
8318
6113
618
4008
5110
7798
7362
8282
6312
1993
3430
4681
3779
6949
8737
1981
4410
9590
4485
5039
7260
9095
5991
5271
1888
4856
970
7291
8375
5910
9505
5553
8026
2304
9151
4321
1333
4927
8760
7128
3321
1430
8121
5421
9923
3683
332
120
9348
1516
5063
953
1454
2726
3711
9713
6989
6931
4022
8344
4357
1019
1434
4039
2579
1397
7777
1457
6711
7741
4542
9823
8286
7919
2193
2657
1840
9109
6585
7594
3159
90
5866
8821
1979
5868
9850
6297
8758
8450
3984
3993
2869
7066
1184
8830
1638
8324
3919
2348
9938
7255
5302
1928
4223
1127
6658
4570
1629
5161
9851
1967
1656
8939
8959
8278
4159
3607
1366
8765
2454
3464
1637
438
3204
2145
202
8593
4691
1778
7642
7416
3196
2725
1584
6271
8594
6981
6659
3213
3481
5006
1332
1433
1966
3328
6533
4305
7138
7335
5829
6219
2517
2965
9695
3164
5018
3535
8776
3247
3694
917
8782
359
4396
5707
1811
668
2668
4249
2528
4857
2713
5816
7475
7564
8951
600
5476
141
8840
8404
9233
7690
8358
4838
7427
5828
1087
4233
2750
5344
4541
1618
9570
6050
5631
892
2886
3478
7132
1701
2960
7386
3338
2051
4010
9870
8392
8000
4806
3190
315
6886
5103
8464
6811
4257
4810
4567
2005
4873
310
2804
5549
511
6320
3662
7758
8509
8418
763
4288
1511
4544
6746
6011
9061
6503
3179
7921
196
6078
8366
5391
4897
8337
3781
9676
9287
4271
5988
2603
4097
9179
4293
9444
7390
9613
947
7231
8585
376
7824
9840
3183
5803
6841
8921
2262
9132
2519
609
3922
827
5539
9305
8264
2857
9955
3655
7408
3031
6463
6181
9949
2858
5163
4767
7817
2549
7441
1750
5178
4668
5925
5154
2131
9402
9307
7273
5973
1554
5819
6594
3380
8491
1816
1139
8668
7944
1836
7675
119
6749
2091
7509
1240
5468
8798
4883
660
3560
7541
6521
3680
282
8248
378
569
1508
28
3918
5751
6355
9116
830
8110
8071
1278
1712
7623
389
4920
5744
7135
1741
838
6553
6995
9124
1007
9954
280
2021
6588
7728
8795
2319
7868
2123
7505
8690
4829
7139
4738
3253
5923
1763
5196
9067
3264
5275
5727
4440
6376
9272
2754
2312
5840
8902
3543
9438
1674
248
2045
5853
3233
9746
8684
7123
5989
4306
8525
4549
9868
6293
2398
6550
8194
730
7394
2389
4285
1986
2497
9324
9513
8849
109
7332
7156
392
3963
3866
5371
68
6573
7755
9527
9838
9740
6901
8305
6529
8506
2443
4627
7242
8844
9835
1130
8898
2448
8804
134
1396
6141
791
6128
5541
6144
8541
9191
4470
43
8993
9963
563
3427
8931
9019
687
3313
3310
4995
1716
4501
6175
4699
6455
6723
1318
286
8490
9330
6191
6396
2391
1734
7107
6904
1257
80
4812
7681
6468
5417
7946
1449
6454
4626
1413
3717
1458
3035
9649
725
7812
5515
2860
9683
2117
208
5616
3960
3868
9430
4045
5638
760
6785
5733
568
6032
6146
160
9976
57
3709
6445
411
7256
3800
3347
914
7706
1925
2224
646
6817
2852
4719
6427
6197
3002
5623
2531
1231
3127
679
595
327
3351
9359
3340
8752
6697
2371
5918
2106
9885
7488
5354
2121
6797
3928
1048
5091
3316
4266
801
8089
5029
8351
2377
726
2133
9766
20
2663
7936
1824
983
9828
7570
4113
9675
2991
765
5181
1711
2272
4826
2479
1959
454
7047
8078
1260
3454
7503
1401
2827
4459
8162
5158
1521
475
105
9884
8340
3128
5501
8543
1033
2318
7502
4716
915
5205
8400
1684
1984
6544
5933
7793
3529
6993
5965
895
8671
3059
1172
7947
3726
5978
4121
3174
4589
4516
5452
7027
7931
849
9928
5000
2466
3786
97
132
9848
4708
955
4777
1189
2541
9476
5983
2576
4162
8700
2108
3366
6112
2758
7393
2284
6622
6869
269
3569
2087
6613
6656
8600
8617
9711
1719
7968
1871
5168
3840
6559
6569
7493
4613
5208
649
537
8341
8978
328
3076
5773
1547
3664
1090
1885
3885
7278
6431
9256
4650
3307
2894
224
3749
417
5580
4500
4444
6153
9309
5747
620
1096
6170
1315
4853
7816
2660
3957
5430
5062
2765
5728
7489
4029
4174
6417
4702
3461
144
2294
992
1851
7771
5673
373
2925
6182
7162
6086
3144
6123
3891
692
7284
2620
6276
7539
5764
487
9970
3665
7995
2902
761
8743
4409
322
3112
1044
5146
933
6964
9501
7636
108
2953
6830
3286
2420
8669
3714
4404
6243
1846
5769
2392
5410
1417
574
8247
7327
2138
3989
2505
7451
9748
8615
5436
6974
1187
1564
2861
607
8177
8207
1759
735
7567
9738
3001
7862
3666
3467
8867
1017
2932
527
6490
4281
1204
3589
4142
3070
2790
5909
9873
8002
6244
329
5659
3293
1482
9509
8516
6636
1147
2158
8733
5661
3394
6258
7200
1324
7521
7871
9763
8768
4878
7908
6819
2386
5758
8589
4910
4899
2958
9094
187
9809
2885
5618
220
477
5361
5097
7991
9859
6803
3691
6528
5375
8294
2675
70
4758
744
2555
3228
78
3826
5207
9720
4502
9756
7620
374
4904
285
8060
9773
4706
2417
2260
9111
759
5395
3459
2610
3271
5634
4700
9333
370
8885
2761
2226
5957
5726
6752
8195
5035
8129
3884
1105
6787
9618
2899
3620
785
2316
7040
7088
6154
5656
8101
2722
6016
3472
1534
627
4686
3567
7767
4366
1821
9620
2888
7644
3847
5415
2082
863
229
6824
3752
4020
6729
255
9810
5228
2686
5159
5688
7108
4347
564
7460
4573
5681
6567
8047
8260
1665
3671
1431
7663
464
9411
8811
271
4989
6599
8612
7216
9204
7482
4394
6700
1541
3189
5085
3125
8862
5368
7806
4576
7013
2994
1179
8161
8991
6810
6024
2446
1469
6535
9347
2630
7846
2553
5331
7491
9409
9127
5558
3867
4592
7951
549
2897
8819
1245
7889
7716
3255
2453
1761
8216
499
647
1749
9599
2332
3723
4755
7248
3902
3135
9425
8759
296
3929
7172
9927
5643
6052
4274
6944
3815
3911
4887
4230
2190
6631
5455
593
1000
5663
3434
3280
6470
4784
3530
8499
6
9325
3740
2714
592
5625
2973
4911
6247
1575
4795
2086
3045
6136
9966
4027
6448
9925
1232
7100
4671
5833
9999
3154
3084
961
6991
7456
9354
434
8512
2614
1427
5913
5739
8456
3325
9001
8971
3023
7510
8249
9249
1224
3359
4420
1337
8024
5524
3392
5534
2786
5264
3935
2778
6848
6648
1313
8138
9112
3317
2269
6199
8156
428
6400
936
5873
9514
8295
3360
7925
2625
5212
1289
4823
935
9640
2366
6717
7193
835
703
740
1798
3609
2032
4157
9822
4098
4841
6201
5464
5426
2445
5906
6587
9983
5092
722
9077
2413
416
2182
3580
4411
2762
4656
3925
1140
8697
42
8234
8954
9360
4346
8645
6965
1636
3833
3582
5920
1284
410
4291
4243
2465
3261
8784
2659
3532
7385
7794
9462
2240
237
9540
9458
6008
2922
9689
7413
3743
7312
3856
2242
9248
3083
5337
2227
919
2863
4827
9152
5971
2360
9352
9942
500
2201
5246
9243
7979
7911
1947
8275
573
2244
6180
8575
5313
2851
7143
435
7732
4049
743
3566
5641
2822
4478
5814
9842
7071
2232
4751
1876
14
6428
7676
9400
8009
2949
7745
5136
2833
6012
3177
4922
7618
4939
3071
4507
753
9225
3025
2225
1532
2241
5613
1864
7945
8176
4195
6924
7760
2341
1849
1346
9561
6813
2172
9960
4313
6109
7011
397
5433
2870
5587
6168
586
572
2612
7634
8653
4894
8529
7960
4188
3148
1706
9863
588
8122
6506
807
1476
3703
9971
8038
7102
1144
1620
4859
8973
130
9443
502
5770
2076
3460
9388
3490
3337
2357
653
3140
3206
6639
8560
628
7542
6606
3195
6263
1375
9968
815
2289
2915
5599
7625
9177
8459
5506
9694
1899
9297
6903
7937
2982
6278
3574
1882
2049
2818
7028
3220
4729
3502
3441
1380
1440
8831
9780
9197
8687
3240
2054
426
1996
1687
710
721
9922
1907
9646
9930
6861
3924
6145
5310
36
1838
3631
4775
5425
859
339
9250
4052
9665
7858
871
1015
6907
1495
6560
974
9678
4966
7073
4814
6272
5123
4575
9820
3674
4661
4840
5058
616
2984
2768
8183
8605
4736
436
4678
6176
3656
6478
4269
5260
6950
8087
7106
5852
526
9088
1697
8577
636
8082
7699
7879
4051
2152
5024
3398
9575
4504
3552
5450
6621
6961
9951
7835
4973
4587
9567
3381
402
619
5119
1196
8377
5809
249
4979
5127
233
5735
1543
8307
758
3387
8016
6022
4490
2975
7990
9394
9677
1751
4431
780
900
4342
7137
7251
3568
8135
5500
9643
5604
3751
7320
6484
8215
2171
8170
8137
9093
4574
2939
5210
7532
8518
1825
6437
3769
1386
9659
8493
9268
1703
3417
9080
6942
505
3819
2799
7723
5718
603
3038
4545
7356
4515
3950
8581
6477
1302
6221
3147
340
3494
6816
1305
8190
4384
8209
214
9107
8384
5202
6046
1604
9463
7869
9491
1744
3149
9918
3017
334
676
4861
6680
4264
9106
1946
7696
1079
6096
5802
5884
9171
2780
9145
4260
8352
2362
9813
5056
2307
8200
4069
9097
369
2252
3848
2676
9069
7822
6740
4201
6409
3551
1169
4848
8638
7905
7283
1072
6472
8445
8719
1883
6416
6224
7005
4153
182
4960
4337
7981
5674
7709
3418
3103
37
2990
5579
7089
3539
5412
8802
1988
5434
8151
7429
1061
6329
4639
9024
778
9587
4921
9901
6584
5117
6804
8417
5440
2621
9182
6115
9582
1462
1514
3624
6324
613
8904
9939
8909
7077
8092
2257
2038
7303
9000
2966
5942
3370
886
1295
2808
9267
8786
7322
4832
2556
6685
6783
4402
1452
9563
2969
5805
9328
3651
4122
3663
5481
3075
6966
745
5821
8796
7120
5702
4983
7134
8787
5724
2482
8556
980
1892
1249
9952
9326
3668
680
4519
3572
2493
3528
2175
99
3727
4835
8854
632
8611
8532
906
2293
1251
7739
8785
8536
883
4338
7122
360
1221
7761
5712
6508
4461
5268
9655
9718
9743
6885
4968
4867
2542
7026
8918
1329
1402
1051
9956
6722
5532
4934
5999
1555
6501
8722
5151
2035
5576
2198
2561
3526
2022
2251
1633
447
2826
3719
7050
2127
6732
7343
2287
7555
9953
3219
4151
1206
6159
6411
1218
4606
556
884
9247
2867
4975
7126
6195
5121
997
8018
9011
7715
911
779
3086
2124
8550
6098
9973
4448
1101
9212
6876
4720
6198
2876
9767
6066
6174
1441
8288
2490
7840
5432
9845
788
4109
6137
8044
9005
988
442
8861
4421
432
4232
5459
8750
4796
1146
5106
4590
6474
1135
3921
3265
561
9749
9033
3241
9485
7024
908
3259
4772
7559
9063
3012
2075
6084
7111
1617
4325
1070
7299
9234
7639
4432
8224
6230
4974
3126
2481
3804
8906
1039
4558
4084
766
358
7001
7331
469
335
8149
3853
7829
3458
3326
481
4847
1349
3156
3766
8363
8726
5499
6121
601
23
2256
6842
1800
1227
3250
7978
3565
3404
169
3648
6140
920
8478
9075
9217
3737
41
2547
3527
1746
9769
7412
615
1303
598
7402
4615
8042
7178
337
6725
3450
6143
5303
1341
7611
7885
4913
2581
8608
5838
8277
1955
8281
7364
4760
9924
631
7263
5952
831
6920
7294
1203
9229
8440
3598
5328
6064
1678
2972
4042
850
8984
1695
9486
7628
7842
1371
1075
232
9719
7447
5804
2507
6280
9660
3962
4388
4591
9269
3573
1480
2784
4413
4454
4246
6054
2421
4173
4299
1446
7302
4780
6832
5137
3759
6808
6030
7821
5322
5958
2322
1527
6310
6634
9624
963
9371
1927
401
2309
1214
3907
3616
4690
6953
2085
6190
1491
2865
6736
321
4571
9898
4665
1234
1954
185
491
2162
7791
5716
1837
3175
8624
3677
3699
7775
5326
7354
2335
2104
3667
3474
7432
6773
825
749
959
6703
6751
8929
8213
7646
2160
5353
471
9239
6452
4685
239
7522
614
4415
6308
3739
7548
8808
8270
6492
9475
1688
1760
8100
1660
4783
2209
5610
6549
5222
4652
1873
1909
1298
9351
5776
3553
1345
8012
6347
1143
1022
3388
9852
2321
4675
5495
1752
7166
3300
4982
5012
7975
7635
7486
9523
3082
88
3433
7398
2543
9987
3327
1784
5934
429
3510
9070
3610
8494
5996
7809
8461
1515
3365
6855
2771
1713
1530
8139
5842
3718
8096
1922
3414
6289
1705
8701
3172
560
623
8835
7085
3926
9103
7167
5603
995
4761
3835
8413
400
1226
6709
4891
629
4047
1310
9148
6601
2356
1099
9495
3970
3116
3967
9912
5197
5741
1747
3796
6780
4785
4019
7534
4611
7317
9292
4916
9669
9149
8452
9403
5494
4712
4456
1077
8740
6615
5188
910
5548
6796
7267
5632
4434
605
8788
183
4392
7376
799
395
8977
4267
2033
9161
644
1799
8942
4382
7380
2615
4965
7170
1957
8848
2372
5069
2476
4082
4722
4986
2787
5622
6517
824
695
1910
458
3882
6674
3451
448
1486
7622
7389
3729
4569
2422
5341
8283
7121
8637
864
8660
2629
156
4580
8383
1546
7473
3602
4216
9681
114
8818
7626
5642
9372
4090
5478
8836
6332
6256
4395
6765
6843
8053
9525
6896
4021
6510
4317
6481
887
8714
151
1938
4743
5204
8421
1631
5372
161
5201
5334
2560
4073
5479
5682
2115
3026
5404
4208
53
4102
793
939
7184
1585
257
7864
1599
718
4003
896
6366
244
8030
383
9524
6108
5602
1472
7513
5981
5447
2426
4328
8757
9416
3550
1273
7203
2473
1174
2495
2567
1670
2030
1444
174
5529
1168
4766
3514
3770
4858
7961
1937
834
7633
4075
3003
9542
5877
3283
2090
8905
1795
2712
2167
3224
3170
820
5793
5226
5556
8797
1518
9856
9652
3508
9021
8315
2878
714
6040
495
5048
4430
8950
3221
6384
9199
4203
3954
2654
3249
7464
5403
3062
6626
3032
8479
5145
5880
4457
5400
5418
198
7836
2605
4645
118
1020
1736
2168
1861
9012
9806
789
9361
8097
3634
8029
9337
158
5766
2223
1262
5768
9110
7221
2829
230
6194
1500
3678
6899
7762
1400
8810
4948
9583
2047
4765
6172
5588
1018
747
8523
2007
129
5038
4682
8587
9644
9917
9507
7903
2204
4770
9389
6424
2875
7898
2339
1272
4180
3068
6701
3386
4221
317
2526
9895
8815
7906
1021
5269
7913
3603
4263
2246
5845
7360
6479
6868
828
2211
3165
7772
7645
969
8683
1526
9985
9647
4491
1756
2411
7155
6649
3207
2325
3322
9165
6441
3248
5454
5470
2880
9950
3827
5665
2486
5348
7418
7222
3352
8039
7185
8441
2382
6721
7621
2427
2283
9238
7420
2823
6502
7595
7192
3807
9670
3698
6494
1213
9892
6917
2288
4041
8482
312
9284
2239
4436
8718
3457
7703
9564
3822
6699
2280
3193
6093
6425
2078
941
4450
6802
5487
5670
7347
654
5955
6737
4513
74
5530
8510
8364
6704
301
8507
4303
122
6571
3497
9122
5759
4371
3507
8642
5290
3559
4125
5017
9399
6249
5844
3900
4757
9541
1223
6834
4380
8912
1738
3151
8067
5630
7153
3798
496
7103
5050
3396
2036
2892
6935
1334
7198
546
8572
2385
9717
9493
2854
2247
756
1537
715
8686
8800
3223
9941
1199
7579
3378
7319
8573
8118
5812
6402
813
456
5680
1327
8266
6085
5444
8755
4236
8403
5781
6353
117
2506
8385
4484
643
6820
9413
8711
1103
1116
9334
6440
7540
1365
8554
2918
5191
4599
3056
7571
4523
9218
7962
7753
4553
1862
9471
1058
6055
8051
9453
73
5678
4808
9556
9529
8436
1550
2350
5193
4876
3836
7577
439
1616
6241
6676
8208
2950
8471
2564
9727
9732
5080
1832
8274
4510
1165
2331
1309
3883
5564
7280
8189
5477
2706
219
1250
8889
5128
9302
9919
1893
8416
170
346
9009
4833
8057
9974
2635
3657
7843
9668
4536
7455
9194
5186
5514
2352
7063
1198
1589
544
5390
5402
6462
459
8972
2739
3043
3243
9760
4692
3851
6183
1610
5491
8614
2898
4176
6056
2551
3425
1183
5695
9464
634
4114
6223
2136
2457
8604
9935
534
3764
9553
9812
3864
9150
1539
3782
6969
1121
9725
8136
8357
250
888
9630
5327
6829
6264
1436
1383
1241
4256
272
9929
5263
529
2944
9092
8409
4677
1410
7090
7546
1731
7353
9037
9419
2238
488
5342
746
8521
3941
425
655
7627
4334
870
3887
6399
77
403
9255
6092
9605
9316
2728
5976
7811
2324
4212
1650
7377
719
3879
9629
5817
8323
9947
530
4985
7507
6073
4189
7202
4316
2512
3136
5653
1047
8817
1962
8881
5140
8934
5157
5628
707
307
5790
1369
7641
9327
9275
7810
6952
5357
2485
1814
9948
9557
1577
3642
7592
3626
1465
3383
3916
324
3845
9126
1282
1929
8144
4349
234
821
8655
4527
9888
9726
6094
4953
1714
9242
4460
9696
6781
7900
9304
4463
5979
1443
608
1256
4352
4092
4339
6524
8126
8928
5932
9697
9789
4296
7230
1700
6543
3540
9517
9979
3437
9289
1872
8586
8220
2111
9216
3121
8088
2405
6977
31
2130
4118
4307
7629
7240
1331
3865
3133
8150
1953
9687
8838
9995
8780
2369
1672
6392
7583
4753
4669
576
7598
7774
4971
455
5763
7580
4200
6909
7478
9729
1972
4013
9102
4658
6998
9876
4655
4744
4919
3471
241
893
5150
7993
4620
2342
5343
7300
1829
4240
2156
3167
9757
2996
9332
4941
7865
7923
9831
1390
6220
5218
7038
5832
3282
5734
4842
3051
8273
7970
7233
3376
2647
1918
8076
1325
6532
1012
2455
5435
2907
2095
2874
3791
6453
2410
2940
4259
2097
6741
9338
2046
8116
7711
4728
2310
4433
9374
1034
9535
9869
5598
2779
1053
3780
5051
9392
2873
2452
4493
1016
3244
2719
6937
8201
123
6975
4452
295
3745
4874
5437
8050
7151
5806
8034
4340
6928
6757
7497
85
8963
3004
4362
626
4087
