9190
9834
4500
2437
3216
9931
7082
9712
1627
673
5190
7401
8497
6238
4786
9122
3964
6932
3913
8305
3545
2017
8653
5979
8620
6158
2304
7220
8895
3681
3192
2737
4636
7446
3556
3939
2156
7100
7030
7885
2517
2831
5392
7215
4640
4238
7880
1147
4234
2177
6366
6346
4562
8010
3395
7494
2321
4507
6782
5159
9722
1991
744
9638
1392
4444
6524
2143
5678
4427
7305
2489
3976
2149
5573
6492
9103
9644
4437
178
4536
6180
3898
2724
2098
870
3468
6285
871
8227
1469
5468
6125
3421
6811
4972
3625
9193
8923
9674
4254
7645
2960
1750
7792
5753
5641
5232
7980
3106
5953
9677
9479
3664
7229
6310
2895
224
2966
1482
30
1863
4311
4397
3776
2910
5676
64
3422
1510
9589
1021
63
5713
7289
8723
7779
6485
6662
7671
5536
6242
5782
6500
9552
6643
670
4629
7284
1189
4253
3713
8823
2145
1807
753
300
7515
1095
5741
9055
2801
1858
404
4844
1586
3489
3778
67
2905
1135
77
6067
5513
2901
1857
1256
5530
7530
785
5082
1730
2826
5342
4142
5853
2209
722
282
7826
9394
1875
1419
9469
3481
215
9985
7551
9782
975
3121
7410
1972
4472
3885
5025
5860
9872
7190
8713
1317
4528
3208
5514
832
1914
9268
2252
4269
7362
1527
2106
7461
7983
801
4240
6231
1334
5811
5795
679
1816
6587
4237
1711
9719
9266
5295
5268
9021
715
4109
1784
3828
9016
6256
4329
5927
9852
2977
5450
1268
1276
571
9965
9643
9322
6051
8133
3810
8904
1770
2790
9656
6920
3993
211
243
9163
6699
8897
3455
7155
1039
9905
7326
7776
267
5935
5579
5293
3836
4877
3637
8419
5292
3268
7301
9166
2822
4581
7462
206
7841
1589
9160
9384
6351
1372
4315
920
1963
4365
8116
3229
9062
9414
579
2996
684
4525
8826
1923
8500
7534
802
4861
2196
1751
3236
7628
6149
5440
2414
1640
9351
2571
6342
1315
8610
7496
2595
7447
1329
983
4771
3762
6667
4275
6233
4261
7968
1007
5828
5951
3773
6826
9971
6138
5364
2809
8743
1134
1799
1493
4582
5628
6461
6334
4925
496
7121
5058
2552
5430
9077
6028
3722
9957
1736
5789
1455
7581
5704
7535
9001
5202
7932
4441
9672
3001
6169
1762
4291
1280
8469
4081
5919
9470
1421
3098
5880
2266
5467
8164
6752
9533
451
1904
3258
9249
3926
8264
8127
1451
299
1270
1846
5729
5543
567
4630
3586
5855
2386
4896
4919
2734
8585
3015
129
8537
1693
9073
4396
2928
9726
6570
1626
937
2584
7943
896
5784
7643
4866
9599
8875
8589
3343
4485
7689
501
1513
4646
7752
6489
7956
4535
2285
2527
9988
7390
6596
4838
9928
6206
1094
5533
4574
5098
9258
5937
3267
6415
9096
7993
2939
9401
1851
2962
4880
7454
4161
9911
2406
122
4491
9741
3336
738
5340
8418
5615
4631
9725
1954
9046
4277
4886
7641
2007
724
9683
9793
1686
4054
1643
200
671
5201
6621
14
2498
2871
2464
2277
8317
2074
7
4150
5111
156
1731
4067
2352
8275
6445
1575
2485
697
8505
5990
4327
5087
7257
9442
8404
6584
5788
5858
1204
8578
6705
9071
2956
7615
5035
1070
2788
1349
2839
2588
5898
8669
7309
223
2950
7285
5692
3484
8193
1123
3145
3402
5275
2736
4430
2112
9159
9457
9213
8273
3281
9435
3
6545
3503
1755
4539
2883
1947
8755
5845
8685
9260
3479
5179
8478
7906
7325
5899
2665
2596
1704
7202
3175
8308
2160
2436
7720
3034
3103
8998
9626
2528
7974
2603
3575
9697
3382
427
2562
2984
2661
4043
2457
3731
7330
3829
9808
927
8386
2770
4134
6742
1059
4666
4287
9655
6443
8129
3854
3406
2751
111
2184
8320
1713
6434
3187
3226
5472
7824
9843
5003
4782
5738
1974
2258
8836
4462
4994
4863
1326
7278
3933
6824
8846
1611
4881
7228
2344
2168
951
9290
3899
9805
8907
1828
1052
5176
8041
9050
7015
1082
3288
336
989
9583
3732
4001
1433
1821
1997
1697
650
4981
233
5255
8206
7191
5761
6302
5666
1779
1471
2388
2558
4057
7438
3832
1400
369
7344
5835
8350
7469
360
3702
4824
8069
5796
8007
4965
5383
7794
3154
2050
2796
5603
2035
6052
8223
9855
2424
8882
1568
2378
4358
5344
6655
5595
7902
2652
4148
9207
8912
8004
4276
1772
5808
1113
7965
1794
3551
5586
1358
9194
373
4549
4822
1440
8487
6237
3728
4509
3123
7441
5934
8726
1850
1876
4162
7939
5541
6854
2570
6958
8334
5394
6590
8777
9586
2959
8739
6810
8741
4008
6222
9336
3895
4774
8842
2444
4059
5501
2797
8645
2955
5650
730
5367
6344
9173
7214
3257
6820
7238
9179
2480
458
3019
1378
3180
5455
4829
5791
3735
5276
4198
6370
2205
6254
3675
1614
9590
8143
4141
9641
2241
2611
3474
5895
4128
4466
2506
8399
672
7208
3132
4164
7675
2691
3261
5231
861
4688
9292
1274
4062
1391
9830
2308
6436
3903
7290
7519
8002
6846
355
1989
3523
1870
7140
2894
1418
9395
4257
9061
2522
7625
3676
5873
811
4099
2220
4839
9245
127
7173
4085
8353
8254
5837
512
3029
3439
6487
1584
8241
1529
486
6341
846
3583
2608
443
370
8190
6171
2580
491
5169
2963
8406
6798
3716
3047
83
5724
7147
5766
6193
2421
8282
5126
6548
7181
3811
8989
8693
2657
9526
7518
6755
2618
9878
3176
991
8957
8079
1175
9551
6426
6732
7957
5175
8872
5139
6695
9009
9298
7903
4611
3314
4371
1534
4840
3115
3882
745
3780
1126
5924
4642
1474
6199
79
786
1247
2384
9301
3390
283
3357
3440
3543
6770
561
6764
6147
6033
3036
7898
5754
9309
4905
5897
1985
4601
4619
4975
1546
3340
7294
2311
9056
8855
2043
6529
7600
9588
5619
2275
830
2825
9936
6691
7594
8769
2438
2085
2486
371
2862
4882
2943
5512
1405
7553
958
416
5755
9770
5028
440
6743
315
4987
3998
1047
7700
2013
8050
1671
1210
612
7707
9317
7204
2678
7118
171
5906
6955
98
2396
5849
9742
3399
4174
4499
7506
9002
5127
1107
7928
4533
1855
3589
7544
5260
5354
3202
7819
7353
8408
7637
4894
530
8710
7021
1699
4530
4375
7649
5844
2104
2836
7084
1971
1867
4935
4546
4607
7667
5112
6639
1475
6127
118
2372
2577
856
7440
9192
7542
4228
5969
964
8990
5610
1533
5428
3199
9730
8720
6671
5792
5321
3645
9902
1677
1397
8053
9706
4710
4552
1340
4660
362
2886
9600
4798
2573
6830
1417
6682
209
3879
7398
1278
8569
743
7248
8704
3951
7509
5316
7782
2033
9445
8329
2322
621
4809
5195
456
4978
5584
9820
8288
882
1810
713
8771
3622
8300
85
9441
8052
4573
9698
810
6114
3213
8787
5327
2251
4445
6942
3593
9257
3624
645
5914
8574
2566
490
2373
1616
3687
3350
5234
397
2639
2349
7833
9609
9835
7426
4501
9853
262
140
3536
5511
6368
2539
5163
9574
4805
9898
9663
3599
6730
4812
6073
7759
3037
1083
2932
2077
1746
9873
7243
5188
995
1447
7122
4208
8455
7195
286
9492
823
1934
7367
4194
9238
9263
5870
1920
3240
7163
8735
6805
9509
2224
8218
4769
6560
4794
3559
2835
9518
6973
8738
4188
22
8960
7108
5105
4317
4478
5124
8178
7796
6842
4415
38
4625
6813
1637
7161
5616
2868
4064
1481
5150
208
8128
7984
9772
7806
3372
7617
7972
7545
6261
2053
2841
8186
9581
3697
70
2698
6954
3014
931
4814
3704
1050
9952
3009
1629
6098
5335
7873
732
4241
1225
5224
797
2257
281
9523
7007
660
2798
6592
4785
426
4204
4759
2631
9900
2395
1049
1871
4452
759
4517
6003
9232
9894
6432
4374
6247
2045
2757
5191
1504
1879
7697
198
7296
8622
1041
226
2192
4913
5525
7062
6533
5328
256
2693
3532
5186
8802
7713
9862
8933
4332
3310
987
4410
3125
9715
3401
6883
7602
6521
1243
9465
1345
4545
9448
6011
472
3763
6898
6444
1927
1029
1212
6692
6665
5298
9403
4283
6628
2186
8413
139
7748
807
6962
478
8481
2129
8025
2188
1077
4983
6823
813
5783
1831
1684
5478
8646
6610
149
4850
4653
4873
1765
7899
8187
1915
7485
3162
2625
2334
3692
5731
9132
2155
1682
4260
8844
1847
7907
9869
893
596
9960
8159
7590
3841
3225
6046
6916
2127
1646
1009
5242
6270
474
1707
3067
5879
2338
1176
7831
9496
7930
8112
7404
3335
7905
9365
2223
4092
6740
725
3384
6937
1868
566
2888
2702
9078
6267
6582
8256
3114
317
2048
9938
3365
6663
5398
6449
2494
2097
5245
7709
8291
5928
5973
1676
4970
9555
7307
2637
8146
1556
3432
2557
1569
8596
9065
9054
5962
2864
3815
5800
3931
3656
7634
9856
6700
3849
7136
1478
9559
5589
8958
1025
1617
6031
5474
1203
1448
9594
8509
50
7918
2715
290
8859
3177
6638
163
487
4853
7910
3277
6808
2254
2800
5804
1132
3868
2069
2099
2586
3887
3707
2151
402
8992
4151
3183
6009
6507
3304
6642
1748
2487
382
7846
6975
9844
3262
957
6198
5172
2299
8729
517
5626
630
4125
1787
4423
4797
6791
2222
4192
2425
9121
7725
3671
3204
1344
1415
3888
3408
9311
6961
8851
767
2442
5361
5654
2852
8668
8828
8209
1173
543
322
3621
4514
5059
2532
5607
9480
8910
7210
2456
54
4891
4730
6140
5852
5625
5423
37
5798
9887
9310
3587
365
8709
9934
710
3753
2081
5291
2172
3690
6648
1122
3295
2787
4638
2653
1501
4729
2440
6551
6327
6840
7430
717
7955
5270
5896
9962
2484
2556
5046
1562
3153
1719
4878
2789
3368
779
9880
7814
731
1385
7114
2146
5106
2860
8375
4219
1037
4876
4907
2023
5621
6179
6748
2477
4286
9826
311
8499
3424
1769
7729
6092
9426
1514
8928
6632
3024
814
2598
3148
7606
9924
2824
4325
6491
187
8283
2475
8874
3081
227
1968
7415
9743
33
4739
8000
7196
9530
3450
1086
349
4567
2369
5219
8474
8080
6766
5092
32
2460
6848
600
6407
7010
8174
1348
8533
4597
9028
2201
8489
5477
9386
6945
895
5036
8235
4722
7106
4484
4272
4503
1601
5405
1363
3185
229
9428
8943
8629
7034
2368
1866
4144
2408
6921
2633
6175
2016
6467
3655
9175
2867
8861
3049
3486
8572
9528
5862
8565
7335
615
411
3054
1446
8484
7042
2061
2413
3017
245
880
5820
5701
9217
107
8157
4658
6282
5311
8914
3207
9205
8158
754
7049
1992
5116
682
3108
9696
7762
3875
6023
3755
2011
3904
180
1155
7516
8470
6007
5667
5129
5908
9508
3672
8780
9854
3803
2354
6264
1088
7123
1266
683
8090
3292
9108
6163
791
6746
4804
4920
4537
5537
5469
9899
3723
2401
9125
1431
9896
4165
3639
6112
4836
3166
4498
7695
9942
1000
9225
6947
1545
2663
1213
5850
4856
3071
1658
9318
374
1788
6332
9512
3930
3736
3592
4756
546
2990
90
675
8340
8170
3765
2079
9460
159
1956
6631
9037
1371
2707
3198
7811
1648
3585
6706
6547
6142
9215
5418
1782
12
53
7582
6698
3513
7045
4420
5739
1700
5244
5130
6871
711
6294
2049
8395
9507
3143
6026
1034
1706
5057
9
1457
4070
1561
3487
4726
1477
2516
9984
1406
9478
4156
4066
235
9161
7964
5144
5544
1944
292
1035
4918
3590
1219
2327
2899
740
9303
9604
3228
2125
381
1236
6707
2685
8820
4864
5499
6831
7927
1382
6709
7394
2269
4855
4979
6356
3985
6712
5108
1566
2673
167
6400
9023
8880
8516
3160
9279
4297
7357
2075
1144
3342
902
876
332
353
532
4326
7070
7203
7856
7324
9941
9970
9304
9456
1127
6789
7111
1197
826
7978
207
1286
974
1690
9846
4082
8165
9220
569
961
8879
2511
7999
4711
6574
9289
8772
3839
3759
6020
8969
5067
450
6071
2832
1038
9259
3392
6424
7317
9182
3235
9275
7576
3554
217
4644
6765
6253
6396
8438
7327
3752
8237
9406
1622
1975
5557
9017
3475
2447
3241
949
564
6352
1383
1536
9540
6176
4303
5142
8027
1790
2006
3530
2805
2567
8462
4947
5583
9630
6293
577
1
4339
1054
105
5591
1117
9538
6735
8451
6775
1957
1346
6372
5594
4648
1143
9419
8728
6288
8131
7517
8683
8113
3571
1404
3580
145
5656
176
9032
8335
1271
982
918
2459
5663
2917
592
915
3345
7431
9051
2381
9859
4239
6827
8621
3224
5454
7614
6414
6576
7047
6453
916
3172
3206
1101
7032
1056
3347
2312
3378
5632
1732
4169
1071
4047
2829
1833
3013
2948
2034
3963
5337
368
5437
8821
2366
7638
9847
391
2564
676
5027
2030
588
4702
5391
8215
4045
9568
1695
3946
9838
4665
6367
840
5984
519
8687
1180
1588
2627
498
7127
9248
8365
2348
1184
1767
6387
8201
3789
4044
2830
201
8222
4111
2866
4558
6559
8891
550
6251
4250
8296
3781
2175
144
8776
2681
8361
9044
6838
1133
3674
2925
5122
590
4984
3386
1907
4053
8978
7180
9212
9484
5254
3638
8037
9688
1756
9595
1239
1835
7864
5726
1903
6604
9198
8036
9356
2549
6482
9505
6797
6950
383
6123
3607
2493
3669
6792
5193
1595
9864
8690
4825
1906
7076
545
4369
9344
6194
1359
3649
6429
6104
7468
3092
2513
5649
8752
2574
980
1386
5412
9721
8955
3708
2569
7909
3651
3793
9329
423
7008
2403
3858
6061
8926
7153
644
8213
8145
2139
787
9614
7112
3730
6141
3104
3863
9958
9576
9734
9669
2355
5343
770
1760
6697
8208
6554
1631
7616
3000
7074
5891
9867
7189
1246
2555
4827
1146
3683
3138
6558
1874
5560
7703
2846
5771
467
8488
7996
1886
3242
8580
2780
1055
403
9350
6348
7233
5916
5545
8839
3041
2036
3658
4009
8388
2024
1961
746
6406
3476
1073
8796
4271
9094
7240
9592
3163
9999
4215
9295
157
1187
2462
9111
8570
6027
7340
4121
8829
4417
6567
3686
377
1051
2710
4777
8793
7889
4186
5764
7160
7110
1733
6689
6192
6894
2237
7490
4475
2295
5563
5026
6867
2052
833
560
5960
9623
3387
5929
7266
4380
7183
4095
2847
8601
9884
5711
9675
1437
7503
8412
1230
2873
2747
8074
5259
8185
8503
2332
2647
6745
9876
5714
1865
1853
8029
6304
9803
6473
4915
9464
8191
9043
4086
1362
7105
8473
3038
5716
6762
5005
8338
9949
6833
6719
654
1114
507
5767
3164
794
392
4741
3381
8352
6084
9529
6532
9400
2748
280
6435
6401
9057
2784
1653
4928
6516
3842
3835
5585
5110
2418
9757
7264
2412
1615
430
4446
3254
2863
253
7306
1918
2979
6778
3066
4862
3312
5757
7858
7322
2689
6091
2725
8181
7897
604
624
238
161
1254
1350
1929
4504
2118
3896
2431
7536
2743
5305
1908
3919
2131
2072
6211
8504
5238
1456
4131
9522
611
5495
584
2536
5397
8931
3766
7279
2537
6483
2115
2111
9176
247
3648
3861
4098
934
1145
9106
3136
6769
1152
3618
7648
8619
191
4
6978
126
9964
7552
7888
7521
7417
69
3775
9247
8339
2879
5094
2159
6928
9437
9188
1806
9611
5225
3616
1694
4065
6686
7188
4259
9603
5708
7688
7135
3935
4262
2619
8592
2394
3881
2389
6301
7886
6181
59
2669
5567
4527
2174
2723
47
225
9074
4832
2303
5076
3940
4074
3411
3467
5884
5932
6874
8674
8644
5145
4464
9363
9139
2250
6901
3860
251
7848
6280
4273
8884
3375
1299
153
285
7751
2804
8682
5274
3221
3259
6274
3075
1438
4388
6022
7507
9169
5168
2893
9681
1115
5819
4680
784
1399
5209
593
7599
7976
148
5350
3459
7063
8661
9117
4248
7892
6226
6893
6433
7211
3932
1573
3232
5737
7721
6173
3272
4305
3186
4354
2613
82
7554
3734
8789
1240
6800
4172
7659
3022
6683
1620
812
9447
9865
1662
9837
81
9333
9148
2872
2130
8405
4857
2660
9921
701
4717
8239
6996
3821
7785
6381
6057
6272
2347
4378
5134
9980
6784
4274
4754
6539
8551
6720
7142
9385
6105
3955
1318
6640
5016
6891
3595
2430
2482
6845
2290
6886
2439
8130
4232
3412
7011
6575
3813
4676
9602
5352
8055
1547
3717
6969
3825
1717
5957
3010
3174
341
7453
7456
9451
6386
8397
415
8343
597
9461
1080
2559
4696
4073
5700
4728
4996
7908
4961
7437
7497
2247
1723
8520
1316
9816
2714
6431
8330
2238
5012
6296
2089
6410
6124
5882
5559
562
7450
7556
6210
3348
7237
4884
909
8747
862
9963
1930
5528
7583
5113
5256
3737
6465
3280
2271
7037
4520
7101
234
5326
6079
413
3529
1919
3703
1753
5246
9035
8547
5888
6099
8486
2496
8951
9629
2128
2709
6093
4933
1998
9953
9281
8902
4713
7857
5485
5306
5540
5657
1483
3244
5248
6019
7870
2891
2141
5060
3159
4112
8006
8368
2191
3987
8754
1156
4040
6873
533
1191
1464
4849
1726
8573
2208
5733
1044
1289
3620
8664
1781
9095
2302
9788
806
9436
305
9705
2929
9206
9433
4049
9408
8096
1141
8562
5441
9665
8401
2345
7562
8295
5624
9110
1909
6995
3380
7197
1599
2795
4955
104
5776
3051
607
4923
7543
3834
3997
3519
9748
9624
7868
4439
8415
8459
2763
3337
74
2755
1238
1129
3870
5062
3324
2248
7176
879
4543
361
835
6309
9740
5772
9080
4914
5552
3640
726
5549
8102
4634
3718
4168
3695
8062
7595
461
1032
7491
9197
8925
3802
7117
7060
2749
1623
2718
5157
7052
1678
2999
8044
763
6681
2387
9332
6543
9948
4335
1511
9102
7612
6598
6313
906
8382
5447
301
8659
7486
4542
4281
8490
3760
903
2638
320
3495
2774
5206
447
236
5461
7409
4298
7589
2927
7780
2231
8195
357
1619
774
3706
3100
6150
7413
553
5643
789
720
7716
8740
4823
6165
9527
3260
9903
6338
4422
6058
5675
9692
9376
9534
4845
8043
471
8647
4860
9252
9243
4183
7990
464
5446
7168
8940
8911
8372
4138
3538
39
5679
649
2158
1552
3117
6361
7548
6578
3914
7924
8285
4742
7253
7465
7066
2407
5520
587
4932
6711
4613
7389
2226
9708
3179
3362
1612
4145
6208
2976
425
8279
1011
1652
5519
5210
3266
8702
4997
5846
8932
6946
2729
1517
4201
2283
552
9619
3689
489
2335
9233
932
2849
8384
6857
6209
4906
688
7241
1484
7320
1142
4749
6872
2510
5640
158
4102
3293
7151
7961
2692
6780
7436
8976
3251
2563
9974
5940
8263
5318
9684
6912
4897
5158
3584
6899
3526
3429
6295
6900
1487
115
766
5384
6555
5414
9235
8775
7610
8416
1335
9407
7948
9994
4407
2103
136
7057
6763
6470
5317
718
1188
9040
23
7747
3027
8253
9392
2897
8238
7650
3790
4789
1902
3652
7432
8357
3678
6793
6630
66
2904
4223
2514
2263
8550
8501
4969
1687
7758
9910
2492
6721
1712
5869
8654
8104
9020
2870
6259
9204
5407
6629
4012
452
4154
680
4709
7982
6474
3155
9631
990
7584
1042
9265
3144
7072
4346
6794
4626
2210
3058
1022
7258
6069
5818
2940
4957
343
7660
1530
400
8281
6650
6108
7817
2294
4515
7714
6668
9532
6086
8633
3544
7051
4568
6843
9300
8410
9520
8719
8529
7337
3238
1169
6409
7772
7277
3048
3547
940
1895
3353
121
3767
3488
4502
2645
6423
8896
6714
8304
5606
1138
4205
3360
5411
4930
6795
2020
7373
2470
6989
1165
6133
7079
7201
3740
4647
6038
1701
2232
1820
4356
5920
437
4951
8805
4790
5196
3053
3541
6615
8577
4632
9186
9202
8160
7997
7681
7967
4383
6471
6186
3833
4155
3004
8803
4495
465
8784
2328
173
3801
6358
4510
7655
9026
7546
7458
9839
9378
6132
3626
1745
99
9907
9639
4870
5083
866
4830
4793
5901
8092
6388
1010
3630
4949
6421
6741
1583
2234
5950
5874
9383
9133
1279
3339
3827
1774
6096
946
945
2441
5797
8216
8977
1226
9686
9066
2255
2769
8324
4697
3410
4330
941
4939
9764
1856
7371
7093
6257
4982
7632
3667
6218
3910
9034
4609
1013
4490
4032
7303
2568
9895
4178
1942
2091
2656
2877
8813
1495
5781
2746
6495
4766
78
8194
2465
6481
8297
585
9783
8542
9495
7940
9045
4600
2686
6736
7679
7152
9170
141
2626
589
8268
7162
8795
3845
1813
648
4285
6195
8342
4580
49
5602
9234
8150
2162
9417
3837
4753
4247
9996
7480
6397
821
5018
3724
7788
4745
7222
4872
5683
5101
7696
8175
5936
4429
6806
7088
4487
3396
868
7512
2964
5856
6263
231
9883
7790
2202
4575
7557
8085
7555
1260
6509
1330
2679
7878
2353
1647
4016
6452
9320
7427
9420
4331
6464
2080
4548
4039
7904
4474
5608
9647
8835
2420
2758
7925
2578
912
6379
4080
3005
4353
2318
9789
9450
618
18
4143
1177
1837
948
3733
6512
3018
7787
6902
5300
8106
5277
7267
4061
5349
7844
9413
2922
7096
8148
9777
5339
8332
3857
9181
9515
7835
4181
9185
3243
7065
3906
8437
7644
3969
4031
3231
4412
73
2779
2140
6836
7207
8854
5912
3147
2134
6252
5904
9006
996
8250
9543
809
4096
2851
2
5941
3981
6605
773
3146
7245
1313
5510
5749
6077
1410
4724
1512
1427
7988
2995
6992
2310
985
1943
6656
255
9774
863
1656
7198
5133
1174
8446
6260
5045
8967
7293
2615
4903
8363
6952
9331
3161
2499
2865
3942
9913
3864
610
8695
6094
8568
9097
1633
719
8475
6850
1888
2356
8934
7541
7192
9119
704
6016
9486
4108
4841
8982
6887
5572
3574
6704
4959
8229
3453
55
8048
3786
6383
4572
613
6922
8105
4494
348
3307
366
6847
2992
4779
1587
7369
1306
5631
181
6504
6910
3866
7262
2997
1559
6703
8196
7067
822
955
4592
1814
9124
6439
1500
1528
8824
2040
857
1452
8267
7604
9690
9625
2066
319
2859
3044
4608
2785
9567
5523
8054
4352
2218
5464
2105
1181
5227
6298
7223
5162
2363
3079
7115
3569
9550
4883
7685
8827
9956
733
4888
8155
5271
4960
9335
735
4187
8494
5732
7288
7963
881
1262
4929
24
3566
848
6925
2056
1300
3631
1183
9531
694
3986
7773
6526
9313
3239
21
2000
259
8877
6408
284
5296
1572
2534
6391
4799
1370
4024
9069
7312
5817
5705
7768
1237
5356
9519
6399
7822
973
2476
6657
9348
5717
1488
1259
4623
984
2612
5504
3568
4244
3560
7239
8360
9338
3957
1962
2330
7504
8051
7586
1696
3709
3995
5138
657
6015
446
842
6646
3089
5756
5217
9060
5745
17
2816
7085
4030
2404
7094
7642
7370
9564
3318
1543
7177
1754
1933
1752
5521
547
8636
9762
8122
4948
2301
5570
6812
8204
9140
68
4576
9294
8887
130
8109
9689
3151
4075
9605
5889
1873
4424
7473
761
2490
7139
5132
4146
9992
9833
8615
4921
1369
2123
9790
8493
9443
1516
7443
4321
7652
8534
7308
3403
6739
4386
4231
3883
8519
5459
3222
7016
7598
3952
8856
4003
5269
7734
568
6498
7355
4443
5230
1005
2880
5507
764
1654
9617
2026
3823
7946
9341
5672
8243
1840
2703
7593
5786
1683
3886
7520
5943
2530
4555
4938
1578
350
5473
640
9227
1489
9695
9237
1618
7298
1338
7300
8153
595
3628
5976
884
2931
7095
7146
2270
9219
2385
9393
1832
3391
3030
4924
3598
9254
9429
3644
6971
3334
9147
7078
4233
919
6623
5597
3742
8849
4893
3072
6425
9209
3960
60
5952
7723
8972
2341
5848
1758
7559
3534
2760
9221
323
6779
9415
3924
497
1932
2445
4428
572
3141
851
1445
1466
9048
8634
608
5842
7349
2579
7795
8745
8993
7109
7526
6541
6183
3632
3929
5153
97
8670
4731
6106
5406
4333
2635
5389
7882
6440
3504
1893
8278
5691
8464
1311
6968
6882
6167
5590
9660
3990
508
3110
3373
7104
6897
2495
1848
6074
8650
8424
5785
805
5515
808
2732
91
2590
3846
1739
605
2060
8686
117
4787
5900
778
5233
4506
5939
3191
6566
5825
3847
1201
5302
5707
1063
8554
3727
7580
4344
9253
7400
8857
5644
8886
2643
4791
1979
6299
3905
7741
2726
142
7975
2028
3564
6
4801
6153
3317
1703
7854
9143
4018
7529
7002
2874
7255
9597
5709
3908
3074
3442
6216
9746
3848
5408
7482
5581
1305
7760
5981
414
7640
678
5165
1657
3665
2455
8042
7531
5509
7276
2272
6462
3011
7314
3878
9691
8883
6914
6024
9724
1465
7439
668
8260
7566
6078
3247
3694
3528
4314
1531
2012
5684
8392
8671
5637
8252
7384
1321
4871
4614
7797
8954
2397
3808
8480
4389
5802
1994
6580
1502
7386
5721
4200
7862
5555
6926
9758
3897
6659
775
3515
7896
125
3305
2082
839
5564
5926
5930
1207
9201
376
4695
9003
8528
5332
3253
2062
4476
3417
1380
6849
76
1485
954
6324
1357
6042
518
8922
9325
4382
1817
9794
4411
6696
2204
9524
442
5023
5433
3415
4899
155
8941
8843
294
2762
5039
9671
7402
9791
3614
9157
5986
5427
6785
6540
3073
7026
4707
7682
5569
4917
6234
8132
5034
8483
9369
199
4550
7036
6404
25
9881
8722
1373
528
6250
7376
7730
4176
2982
4943
4807
5748
1379
7379
1579
6075
9251
137
4532
3916
5719
5100
6082
9038
2383
7815
1016
7169
3712
662
2009
8258
6221
7525
5436
8606
8389
6647
2869
1980
970
309
4571
6355
1826
2682
6063
8746
4265
2239
4256
7061
7091
6896
8742
4432
2037
6980
9851
2515
7156
8067
4454
9089
8988
6965
9187
7620
750
6284
9768
8013
3647
7069
2119
5290
531
7395
3431
4953
5068
4459
7392
3673
9554
8450
4612
5698
5250
2814
479
8197
1045
4687
1092
8705
5453
9979
5363
2182
8117
8556
494
1609
5308
7563
2375
8057
3322
1883
986
2019
1948
6909
9841
9649
3042
6333
8038
4421
6626
3332
8594
9759
4403
1426
3223
7054
9545
4349
2340
1537
7987
5198
9827
606
3033
4185
7769
9812
7743
6506
9608
379
3320
2700
1515
6783
8199
888
4011
5980
4381
10
9565
2600
6550
5864
9714
7656
2953
8244
5604
6972
3524
6083
3002
8767
9352
6624
2199
5466
2792
9129
6316
7064
261
4324
2520
6644
1819
8662
9989
9083
2274
8576
9422
5921
3427
9423
5216
7360
4438
7574
4450
2101
6888
8825
1988
93
5170
5812
9293
6960
9657
5161
8383
4621
7020
1625
7829
4936
5793
3855
8358
7128
4649
5575
6889
6919
8156
2853
2132
6119
1894
9720
5315
8072
9276
9977
7361
3234
4033
5688
8266
1257
4810
6878
8539
8980
4399
6908
1768
6122
7090
504
7092
7363
7424
7663
7187
8433
3937
7953
8034
1673
9908
9377
287
2533
4395
9203
3099
109
3215
5491
8066
1168
1917
7339
9027
95
3527
6527
8255
8400
5839
6156
2296
6734
4419
1104
7597
7749
1015
1798
8396
2305
1936
2221
4041
318
6859
1655
3774
1208
9885
7753
6862
9932
1834
9421
6000
8032
6232
5378
1091
5240
1800
8094
1202
3471
1023
9760
9483
6398
9364
2433
2022
1020
8290
6097
6416
5743
4792
3290
2592
7989
9099
3055
8652
7393
2190
9269
4553
495
3394
8637
2164
8981
114
2842
3084
5669
8507
3150
1384
6145
4126
2088
3873
6505
6602
2930
6480
9553
4540
7346
6571
8220
6816
7929
2090
827
8467
7778
3052
9462
9280
788
1940
2508
1159
1468
6340
9537
5399
1809
5794
7838
686
6081
2150
6159
4513
1403
7524
9778
2365
4761
1323
4874
2154
9915
891
3757
752
2560
480
5071
7926
728
8366
5763
598
5601
7784
7914
4055
3843
4229
3581
6924
9745
9005
4586
5648
7014
4645
7501
3725
398
1234
6803
9084
2256
9342
5998
8894
8706
4235
5265
8261
2483
8064
4656
9749
5448
570
6136
9229
3612
5051
6670
445
3902
665
4788
6866
3064
1841
7770
4308
8876
7217
9200
8540
4523
5588
9438
3278
5947
8082
1425
900
1659
9616
9134
2890
384
9101
1100
4875
8126
5267
333
1291
1714
5890
7225
4615
7591
599
8640
13
5482
2108
4084
1576
8161
2167
6787
7840
390
4264
9517
3606
3433
2273
412
5280
2648
3601
2621
1158
6137
3927
9199
8200
7735
4477
8627
1602
5091
4901
2126
2672
6761
8832
933
1735
2651
8635
8492
8225
3059
1221
7331
9049
6034
3344
7511
1801
4101
164
1491
6593
4596
523
4956
5099
4701
8935
5184
7130
8098
1354
8095
3170
9116
8387
6821
7523
483
5677
2198
7254
9123
3613
5425
7124
8309
7137
204
2415
555
7172
647
9418
3579
6503
4366
2783
9536
3428
5192
3650
6317
5167
1267
3777
5546
509
4460
908
4171
4320
5577
6809
5867
4681
9866
363
2687
4684
8727
1450
1304
4512
9340
7565
1630
6694
2426
3389
4394
2518
6129
6585
771
9658
5596
5200
3491
8137
706
4203
8138
9018
1591
4734
2148
2597
9270
1829
8937
2750
1111
4723
26
5712
4355
1725
6563
4390
273
8299
5680
7451
9504
351
1939
8151
3435
4551
6938
9029
6320
9640
3080
3028
3949
886
4079
1777
34
4833
4944
4299
2920
5505
4698
3893
1775
2058
7275
7119
2722
3298
3118
6488
2680
8323
2466
510
9013
3900
3169
288
4908
9991
2314
9510
473
9973
9474
1764
559
5915
7281
971
5599
8119
5421
2771
4584
4453
4867
1003
410
9704
9593
2730
7422
5917
4017
3188
6347
6949
2228
5830
5983
1462
5355
7000
7103
6188
6645
7635
9409
4556
4817
8903
6403
5229
5085
7295
4751
213
1898
8045
7571
40
4129
5396
7631
2351
9366
4747
3996
4357
7175
9144
4117
4818
1780
4083
3619
3558
3249
1182
2701
278
7705
1476
9405
8700
110
6384
2911
8371
8149
5278
5069
2370
8110
2276
8441
637
7686
3820
9053
3570
8858
8595
5413
8414
8987
183
7959
9737
4848
6542
4425
6468
1689
6438
653
8763
6155
5314
8961
3680
1413
8666
9041
5249
8657
7847
9228
8938
4643
1634
5728
8773
687
2315
6519
521
1365
4473
3296
5279
1880
302
5803
1461
241
1028
1282
4246
6917
203
1458
5336
3982
502
626
2642
5710
2688
5137
5143
6486
6030
6249
5490
8434
1496
2478
2411
6653
5323
1824
4167
5762
1670
6757
9666
7985
3682
3287
5765
4561
8321
7912
685
2113
92
4076
6556
1744
9667
6246
3840
1227
617
692
5863
9126
8801
5443
5366
4426
1398
1938
4157
5964
2153
2467
4328
4465
4279
4942
9613
803
9353
1675
3105
681
4182
6329
1261
5843
4843
4651
9563
119
5089
3561
8548
1381
9717
4094
790
2278
6312
8337
4516
8316
2644
7252
3359
4748
9828
3872
9440
2307
6307
6146
9694
4226
2429
9362
8211
2055
1242
1130
6523
6189
5330
914
6513
1958
5807
3057
6223
8058
4714
7828
8944
7745
7699
7131
6774
354
5273
8231
2674
4846
6297
1685
436
9357
8557
9861
7089
6499
7572
4677
5146
3654
3088
7570
2102
2364
5618
6553
5999
2185
817
5470
9319
5226
5128
3284
5445
1877
4097
7428
2183
2695
8996
8833
8341
5093
3463
3363
8734
1507
194
1215
1245
1973
4591
2379
182
5872
9817
3043
6459
7050
8166
5878
8939
1170
3371
5838
8274
4159
2213
2479
4209
1178
8564
8259
952
9487
3316
7876
1776
7421
5516
6880
7668
3596
1497
7853
2937
3539
5553
3578
7199
9823
633
3677
2912
5503
4322
5826
5403
4115
2793
3506
2731
2971
5319
2658
907
8477
7915
9912
2974
942
6227
4560
9107
6004
9167
7056
4735
8817
4130
5055
7739
8731
8249
2280
186
6087
514
2142
4471
1351
4230
1981
7827
8152
9917
9244
1429
4377
5823
8147
7942
9361
6374
2219
4440
4654
6676
1102
818
312
9797
9391
5751
8605
1360
3962
4110
3094
5524
4113
2468
9491
3329
4309
2754
3016
2840
1688
7256
4588
6608
1560
4451
2575
6116
1624
721
2260
7783
1356
488
3936
7639
4014
4940
8429
5266
997
8262
439
193
7813
1604
9015
5008
6412
8656
3973
9879
151
4242
7941
4963
9707
6120
4865
8205
4934
5044
503
3327
6286
3818
9439
8603
1265
2892
2500
3496
580
6528
5038
5212
2393
5404
3133
7884
375
878
576
7297
4508
702
2694
7310
6202
2767
6957
244
6508
9467
1241
7569
7274
4652
6923
4733
1367
1842
8221
703
836
9940
5331
8962
4524
7336
6354
6679
4579
3205
551
5965
1136
9240
6090
5909
9118
5309
1017
1163
3629
7449
3300
4851
135
8819
2791
5013
9430
1287
5497
7474
308
8689
7859
8908
4292
8770
4118
5735
6649
4137
8232
154
7561
1852
7224
7328
3956
6050
4895
3248
4569
1467
3920
189
86
1198
270
8587
5218
2607
7138
696
2900
6200
7986
3785
1950
9802
9840
2581
2170
6767
8233
4401
2031
5432
4898
298
2507
2741
2114
2504
7182
6427
6627
8716
1057
6869
5702
8552
8536
444
7414
1498
4028
1285
2902
1508
642
9211
5498
9042
1789
8380
629
1970
8799
9059
9775
8287
6117
7799
192
6729
4922
3237
1395
453
5182
1248
2203
1058
2215
623
7839
1480
3831
6100
3308
2944
344
1387
4409
5282
3877
5368
9516
5283
9610
7629
9288
7334
1409
5518
2946
5021
7764
394
8868
2065
5362
8927
2392
2766
5006
4691
8270
431
3610
583
3907
4585
3800
9242
1718
9945
9889
8945
3792
2782
8946
6892
1231
8107
586
3473
7672
4351
5380
1434
2317
7803
4778
152
8510
841
3550
3383
3086
2117
7280
1249
4675
5877
7704
1060
4708
4661
6139
4964
4954
849
5612
3315
7472
28
4811
6418
8496
4368
7670
843
8426
5325
6825
2044
4337
9246
6568
1965
2461
4990
5235
2288
1103
7874
8163
364
5096
5334
9472
8097
6303
3869
324
345
1679
190
5609
3374
8614
2512
1567
5780
5066
5790
4089
4387
5665
9499
6918
5660
9716
3974
747
3977
1976
2343
4364
1759
7938
8046
2699
5310
6475
297
6600
7944
2225
3139
1535
3890
2207
9810
7916
6984
898
116
1692
1949
5095
8947
3082
1294
1361
1663
5592
3750
1390
9752
9446
6715
7035
9652
860
7006
1592
6025
6306
1396
8511
5562
5975
525
2576
5359
9452
337
409
7508
4721
2614
2286
2443
1097
756
5264
7900
5718
557
7662
1796
3273
1668
1206
124
9875
6243
9297
216
42
2289
3026
3531
3056
2968
8812
5768
8863
9463
3659
9473
1272
196
3039
5312
5011
5866
6405
4455
6244
3662
7802
627
8985
9744
838
6447
3477
8322
7342
8476
2808
581
8758
3116
8834
9514
9582
2881
4821
5989
454
7809
8915
2380
3917
7923
8393
6607
1681
2144
2978
2828
6609
6685
5629
146
9682
4376
7044
2967
8311
522
9513
1301
5431
9349
5251
3093
8035
7141
544
1444
6291
325
5834
7068
6633
8607
9807
8065
3197
3941
6514
7366
1792
8750
7564
2176
2954
8060
7302
9877
3806
831
3309
2001
959
2677
5258
2329
6997
9727
4288
5955
6943
6143
8169
6062
6557
4077
6039
35
6549
5822
9863
249
222
9151
7867
9154
5228
8379
9562
4780
1859
1393
9138
6450
5489
5171
7019
3944
5548
1999
9769
9137
5444
4470
3684
7270
8103
1811
5805
268
5080
5997
793
2799
4392
4763
250
1911
5285
3405
2488
1952
6876
4538
4718
2249
4557
9345
3700
6448
5289
168
6781
4136
5944
5752
7970
4133
3301
1946
4184
4834
8867
6451
8929
8345
1960
8
3602
4784
7651
8725
6693
1412
5033
8247
8442
2764
5529
2096
4885
9661
4869
5257
3289
6389
3991
9939
7866
4105
8251
2121
515
4021
9370
468
5861
6279
4196
6390
2668
1401
4313
7347
4020
75
7869
7818
5806
7481
1778
4767
9036
2898
4916
7605
2382
8226
5077
3063
9750
3565
7701
1603
2063
7973
9836
9636
3119
258
8463
4669
9650
4431
2970
6913
2923
6281
5913
3321
845
4093
1293
8779
8303
8524
2934
542
8173
4000
8830
1585
9250
160
4132
816
7227
205
6190
7041
9577
3078
2423
6245
6837
6182
3046
3418
9800
8543
5868
6292
4670
9525
723
2481
5037
8672
7391
2634
5040
4005
5670
5449
652
8370
9490
5261
5118
1106
5400
9710
4318
5213
8561
4534
7692
8435
2233
108
6095
7246
9959
2346
7184
3641
3263
1153
1353
4639
6666
1645
6680
824
2554
4594
7166
4139
3354
5381
5720
6375
6456
2359
6493
5220
2535
6184
9601
7568
1269
5351
865
6915
1680
6851
5775
9578
3461
6035
8617
634
3608
9786
8900
3050
7550
3419
3465
1062
9346
575
1337
3726
4048
9998
7636
7887
6677
9411
7235
2666
1336
8162
2794
7323
9909
2157
1600
8792
2326
5272
2086
7647
729
2029
8984
5580
6819
1273
9306
8030
5424
6357
5409
2594
7412
89
7837
1698
4122
8078
8356
2837
7287
2683
2918
9966
4436
4189
7623
1984
9541
8086
6594
3122
4992
9633
3338
8643
2712
7356
968
2449
9648
9284
2727
7952
9755
9164
8638
6999
3754
3130
8804
7269
9380
6135
3328
1986
6377
6328
6305
7116
7380
335
8390
4023
5801
8999
7077
6839
8848
3330
1638
3023
1996
8995
1665
4236
8087
5566
2073
7781
9868
3214
1312
6613
9100
9321
9753
4106
3286
8512
7727
513
4564
5824
8349
796
5668
8699
3928
4966
4384
7960
3699
6065
9503
2331
9587
3912
8508
2667
8535
828
9850
3077
6802
6089
5365
6959
7618
8680
4153
0
4693
3264
947
1069
966
4218
2739
5181
3509
3184
7750
9701
399
890
5636
6085
6963
2548
5463
3782
5247
2908
2952
6463
9299
2744
5387
3416
2316
5722
8711
65
7622
8994
5760
8866
8965
1924
8026
9571
3719
8168
8011
2004
5223
5155
295
395
4768
9177
5000
8749
4350
5639
9700
2245
8411
7678
7951
526
9676
769
8430
8118
3819
7793
7232
6178
2339
8890
2357
6224
1738
8391
3452
1651
6442
3714
2856
2319
1937
9404
1061
1742
7397
7273
5479
3968
6865
1607
5156
1941
5991
8997
9598
850
9085
6044
1307
3107
4091
7711
7669
321
6907
4013
2817
5526
8630
7470
2236
2819
8310
5847
9767
1030
6109
7855
4461
609
9747
1325
4090
7683
1642
6021
8056
6672
5623
7479
9222
8721
2189
5081
6591
1570
5480
6048
9466
329
7977
8123
4633
327
7149
5859
3220
7684
5496
8472
6725
8698
1194
3517
6728
7205
8581
7775
1008
9475
7283
7493
389
7013
1912
4034
1795
2076
7950
1966
9628
9092
6164
5742
6834
9296
8367
8518
7737
2704
331
3076
4258
2818
7710
7763
6287
3458
5747
3233
9410
9104
8012
540
8898
8403
6185
58
2728
2933
6635
6994
5725
6064
3182
4772
594
5074
7528
7661
7185
470
7861
8347
263
8409
188
8398
8919
4952
9141
1728
1053
214
3333
9012
1661
96
6072
631
1200
1639
5078
7039
3804
202
242
3367
1854
4210
2991
3297
3756
4486
475
4762
9091
960
9829
2585
3478
8936
7746
5517
7736
2993
4312
1124
8566
5154
6300
5938
3772
9337
2093
463
4058
5493
2938
9412
9328
7206
5810
7028
5568
5740
9618
3999
2333
9723
2696
6265
7291
254
6750
5174
5854
847
6420
2046
8765
7533
8648
2875
3923
5294
3758
2505
3437
2854
1594
8785
7810
8949
8517
8604
2526
2914
6166
3492
5358
1209
5052
8453
1472
1608
6569
7931
9399
277
7333
6134
5662
2650
1389
2601
4457
6220
4071
5376
1606
7178
3274
8373
4107
620
9416
2587
8959
3573
9664
2646
4511
6895
7992
3582
3817
4971
3711
8359
2916
1224
9906
9635
210
1140
953
246
2848
9733
923
4029
8628
7691
5123
5977
924
2416
892
9501
9052
659
7733
230
998
9155
709
603
2469
6345
8873
1264
8417
7383
873
1558
3306
9919
9546
5065
1439
3787
1492
4068
3441
2885
8660
4617
8681
7186
2540
9922
7164
7216
4207
8808
7378
1740
2398
3948
4808
6546
6863
6534
4433
9075
3425
9642
8625
7471
61
1808
3480
4826
8701
3764
5815
7249
6068
279
8293
9024
4854
5635
4828
2735
1889
7646
1205
9573
4627
8831
3120
8485
3230
4348
6070
9398
6788
4985
2855
4224
4668
2212
9489
8708
2620
5109
3364
7017
1565
3369
3070
963
7304
5881
5978
8468
2913
3615
7467
1196
8292
852
9969
175
5659
8234
1563
9136
4980
6258
7674
8930
2659
3134
6870
8598
9954
5613
1641
7423
2240
6634
4293
5658
3918
4290
5883
582
511
8183
1721
6277
5262
4977
1172
7244
2313
7144
4480
8381
8192
8521
239
9371
3366
8963
9098
4294
1887
8781
4859
5787
2776
6385
2014
5703
2705
5147
1084
4746
1449
7891
7022
5799
4931
7040
2903
2179
6687
5956
5486
3540
8033
4206
6322
8845
9804
101
9795
3358
8327
1862
6678
3283
8692
8407
8454
1861
9004
3824
6197
3852
3701
7488
5452
9662
4522
6494
128
3149
8101
8348
2107
3563
7311
1250
8230
1709
2906
16
4962
4087
4566
9544
3285
6054
1872
9347
1734
9011
9208
4123
1791
4362
2503
928
2122
2921
9184
5682
6986
103
3748
9323
9481
8906
9780
1352
535
7708
9967
7624
8271
4195
834
9285
11
7499
2051
7717
2361
5252
4802
2662
9388
9354
1978
1014
1328
4910
5166
4704
3413
7626
9381
3975
6654
3525
3696
4700
1420
1120
978
2195
765
9886
751
2717
4302
3954
6037
8005
5779
3549
123
8768
3091
6373
3691
1610
2434
1548
5115
8942
1797
7969
5442
3444
5687
5353
4858
5107
7756
8089
1157
6203
5419
4211
310
1131
3464
4042
3826
9687
894
424
7445
9570
5945
5010
8009
9088
5963
4334
3605
356
7979
9424
9792
9432
2432
1066
6768
6012
272
8871
1154
9891
6860
1823
7466
9367
9156
3045
6669
2529
9168
1596
1407
2171
7592
9039
9494
4593
2708
2591
7005
5746
5483
887
2038
1211
8314
6032
6219
8715
549
3548
2342
3210
4448
9324
8171
9951
6737
6376
219
7012
3814
2624
3124
172
5090
218
3970
7286
7425
7719
9901
7712
5097
9120
7830
2293
4249
3646
3494
7200
8440
6722
6747
3102
8091
3597
1298
6363
3212
9699
9943
7994
4605
6331
5103
275
1955
8558
6502
5961
2981
7832
3209
1408
6664
5288
6658
1913
8294
1822
1486
1509
3407
6771
2775
9191
2454
6987
1416
5104
6786
174
1666
6856
9930
1869
6530
883
9389
6161
3201
8905
8761
9756
2544
1019
1031
8115
2267
8791
3085
7740
3319
712
8184
6460
1783
4255
2298
1093
3385
6990
1161
768
8920
2896
2262
6144
5125
8806
1499
5369
4488
7807
9256
5622
9326
7532
536
1935
9566
2027
1012
4831
1803
6868
9183
7001
3746
8892
1067
8917
1422
622
6010
938
2242
406
7791
5905
1757
977
5918
5053
9471
4227
9818
9195
3393
5734
7654
9946
7894
6515
8018
8599
5814
3325
7527
8852
5178
6753
94
8447
5903
9226
1538
5730
4252
8471
3397
3851
7081
6773
5988
6380
2071
6335
8077
8538
8541
7004
9113
6321
7365
6029
6956
700
2367
739
418
8135
9178
7850
334
9771
8136
4483
3816
2965
3865
9093
2021
4852
1065
88
7702
9153
6939
9680
1151
9983
8756
1460
4879
4531
8822
6174
6760
8794
8688
698
695
1710
548
5542
4363
534
6818
6228
8177
8717
8778
8364
2095
8176
6497
3190
6276
2810
9239
8545
1322
8228
3555
4336
910
3925
6275
901
5671
5933
8495
9569
8246
1737
7145
3025
2124
3670
3642
6564
339
2181
1494
7852
1650
5527
4467
5633
8461
7372
3112
7107
1635
8847
4837
7537
9754
4752
9218
1324
3349
2268
5
1314
1309
616
1503
3830
4202
7935
8076
8172
8318
1320
6343
5871
1277
926
9368
2446
8377
87
911
7073
2039
3031
8217
5370
5750
1598
6597
6754
9150
4447
338
8008
1292
9180
9025
5538
994
3157
8694
2550
1479
5582
7933
5348
7513
661
6490
5030
9382
727
714
5022
9131
8333
6673
4604
4135
6157
5197
8100
639
8257
864
9058
5102
3097
3945
1079
304
5014
1040
7165
5395
4056
8696
4004
3003
2834
5587
441
6905
6369
2279
4974
6974
7242
1844
5390
8088
6501
6419
4268
5465
6852
4770
4160
9425
1453
1033
5833
9014
6496
2100
393
485
2786
5494
4072
3779
177
8916
6828
5876
1632
5241
658
1076
9925
3398
1526
8921
4340
4706
7102
9330
3275
7457
1605
9813
3663
6772
179
5121
2654
5203
6241
8733
8991
7800
5821
6162
9785
9575
8125
3501
5995
5324
7812
5506
1722
7863
8432
6552
2458
8328
112
9506
2538
9995
9961
7098
2243
6413
6941
3739
2059
8063
5284
1550
7922
563
306
6013
1901
2084
9857
9379
3069
8602
8559
1167
7459
3178
8059
1621
7588
7596
6724
4737
8546
7578
1319
4278
1109
8325
9702
7338
9968
8224
3219
4716
9090
656
7179
7033
925
6115
6877
5987
8632
5341
8736
3032
4775
80
6018
7816
5690
8376
4060
5699
2733
2135
1557
2935
8099
5050
962
4069
9591
5357
8544
5488
8023
346
1724
6518
8582
1802
3604
237
52
5207
4902
8609
3456
7416
1925
7766
6985
737
4463
4197
3512
7265
7120
6043
3797
197
7913
7585
3947
8811
2745
4307
9007
7971
3111
8385
2684
460
3705
2109
5388
7630
2337
8950
9224
3379
872
6807
3443
7843
6589
7540
5393
3446
3113
6993
1951
2452
44
3271
5299
6864
1048
5598
3462
6759
3341
6701
5502
4418
1376
1341
7871
6392
760
4177
2811
5931
4690
7738
4783
1251
5985
252
9272
867
8684
1727
5617
3798
3256
7777
3518
8068
316
9693
5031
2391
1860
969
7352
9668
500
7046
1303
9892
854
8458
4819
4559
1995
8865
4406
3537
4343
4663
9549
741
2531
7375
20
4391
7358
4998
1436
5457
8970
1263
5287
7345
3203
2284
8782
9645
944
1720
9806
8024
4795
3095
7477
6702
1078
5593
7919
7170
574
2214
4404
9359
9374
9397
3498
3921
8649
2765
482
981
5664
3448
2713
9282
674
1149
4221
228
4847
6289
5561
7937
8966
5744
2147
1660
3311
3270
6884
6953
8020
4225
5758
8301
935
1064
9358
1520
1355
4405
1043
7231
3502
529
4694
556
5982
6214
8491
3194
4583
6191
3430
8712
9277
776
2070
4479
3400
8070
699
6606
1128
3795
8040
6454
7315
4950
1284
9585
9685
5141
1116
7860
7657
5041
3856
8272
1148
992
9283
2246
3989
7399
8420
9914
5642
5185
4673
2975
6393
7408
3299
4744
6196
7875
4945
1959
3891
1074
2541
265
897
3109
6756
8678
6204
3958
6262
7936
4521
9114
7148
6616
8369
9776
7601
9146
2676
1214
3965
8154
3771
6458
7611
29
7483
5322
4544
5487
8277
5996
3434
3542
1549
7653
5574
328
5959
3470
8924
120
3668
1195
1705
9993
1523
9811
9751
1836
3894
1885
1773
1283
7587
133
8571
4740
4345
8563
5661
466
8901
9679
4063
6620
7129
9897
2197
8691
7945
4458
2606
9731
1150
3979
5968
4738
8532
9488
6511
3653
5693
8466
5829
5263
102
782
8968
4103
5208
9458
1990
2422
6266
212
326
1766
6829
3351
8860
8001
8482
3769
6430
1922
3822
2761
3460
6059
5375
6478
4127
5902
6201
636
6441
4813
289
3388
1532
663
3449
6066
5558
1295
2265
655
7995
7154
7031
8452
3983
4214
8319
5923
9990
1281
6323
1310
6008
6998
1255
8730
8975
2629
8428
3812
1001
1297
6777
45
3196
8774
8869
8047
314
6339
6688
565
6612
2005
7158
3783
9033
3966
8513
6103
162
2878
3984
6319
1881
6088
5653
5338
3404
5946
3447
8838
4175
6255
9162
134
5681
4570
5778
9022
7251
2551
6236
2300
7754
4689
1442
1518
1544
2985
1672
8623
1884
7757
8909
1667
1910
2593
7381
2636
7911
5001
7607
9821
3173
2772
635
2525
1805
5892
9149
2047
2399
8436
5243
131
4671
3101
6006
113
5481
9360
5120
5456
2169
6531
6660
7665
2187
5971
6572
8212
7003
7133
3557
2721
5851
5954
6111
1164
3370
6213
455
6931
2850
1244
274
9302
2719
4635
5500
1347
3255
689
1121
666
9809
4222
9271
7947
9539
7048
2374
2884
9860
2857
2390
6382
2716
8016
4616
8608
62
3859
8108
4481
804
6731
5571
6364
9874
7726
2497
8443
5966
8427
7086
3862
9929
8144
421
6040
1708
7690
8567
9933
5686
541
2323
5476
2018
7627
1593
9779
8120
8028
3749
9067
2309
9987
4995
3535
9396
3211
6611
6904
5304
3062
2419
3006
1139
1785
2697
2622
4007
4190
1892
4764
8986
9729
899
5600
1524
7364
7433
6581
8203
8351
7502
8663
5770
8889
2768
7359
7666
3438
9158
4909
6577
3961
917
748
5024
8818
4820
405
3265
8479
3482
7260
1024
1891
4712
6948
8134
8448
8979
6618
8676
6045
220
5347
4323
1222
8498
8809
2542
3165
3326
8457
3788
3666
1897
2491
6520
6977
3738
7396
4686
9230
8344
3770
2973
3129
6583
3603
6168
4006
921
5893
9703
4679
9646
8899
9976
6326
184
386
1332
7226
6101
5651
8425
2094
690
3698
2041
1636
3083
4719
2165
8527
2523
2194
7125
1669
6861
9711
2067
8790
7368
3313
2428
5907
7573
2291
4015
6758
303
8948
7958
7024
3485
8236
2833
7318
7742
1463
4361
5550
1540
5183
8579
7558
9072
9890
5475
5152
2616
3346
798
930
1253
6154
9871
5215
1580
1541
5605
1582
3959
505
9019
2472
9947
2876
7934
8022
72
8142
1490
4347
7027
9427
3510
5020
6350
4958
3457
3356
5777
2887
4359
9216
5043
195
1331
539
4166
2969
9637
7025
5151
8210
2358
6271
3420
269
1715
4372
8248
7560
7845
7038
1900
2235
5922
936
2609
1982
7313
2945
6055
8878
1702
8732
6394
330
6911
5236
8362
4306
4435
307
8885
3189
1288
1179
2827
3643
9572
7029
9315
6674
5415
5204
5438
3874
1435
5620
5114
2350
7434
2173
6991
4116
7405
7767
5972
6207
4683
359
3217
3127
2474
5865
9870
8964
4266
2972
1827
9127
6966
7761
2138
5836
2025
6362
3020
800
41
9935
8952
5377
3576
7463
2807
4482
4199
5307
619
4563
8121
4976
1882
4887
6636
6269
4088
8242
7171
905
71
15
5578
3137
7464
5827
2711
1443
8893
1275
4316
2180
8214
8737
2777
6749
1945
4986
5063
7377
5164
7194
3505
462
516
1793
1525
9556
3508
1296
5942
2451
7354
1002
1473
5222
6113
9670
2655
758
8553
9560
1216
1864
6814
4806
913
7801
1308
8651
3768
7350
1743
7134
5460
3193
7157
5911
922
2803
1364
8973
3195
2261
2623
8431
9521
6723
9373
2206
8667
358
5402
8188
4282
7193
9223
296
6318
9261
2064
8971
8888
1590
5696
1089
5967
5345
3323
8697
2630
5194
5885
9291
2110
2410
5769
5647
9822
8881
9927
2752
5017
459
3867
6708
4743
8526
5813
6060
9262
5135
8198
7510
3552
9210
5333
1613
1085
9606
457
4842
1125
7851
7603
8593
4449
5009
8039
342
7755
3938
1366
6102
2664
6717
3623
5329
669
6053
352
749
6056
6365
9819
1302
7385
2740
3635
7411
2259
3493
1554
4100
9387
2501
2742
8081
4036
1166
3087
4497
5160
8555
7706
9171
1804
6273
558
1343
9579
3693
3021
6944
829
1953
1771
4022
3657
6537
1290
9842
3909
6875
3128
904
7694
6353
3744
5831
7495
9584
6290
772
3838
7209
257
5075
4781
9459
1186
2640
3591
8298
8530
6573
3060
3252
7053
5072
8766
8679
4220
993
5630
6726
5638
6148
6751
3361
2003
9165
1916
1374
2402
7174
1046
4999
9287
9709
1185
6881
9848
477
7236
7825
3355
1574
8019
419
3871
6562
1072
7966
3805
988
3850
4296
3065
9000
9849
6479
527
4589
4289
3922
1977
6619
7080
9502
8677
837
742
9923
9978
6446
4496
5695
1522
9128
8522
3562
2675
7272
3892
6522
9316
757
7299
1375
9105
8918
1232
2042
8560
6727
4703
1252
4149
1571
5458
8703
4180
7143
9068
8378
1081
9548
3469
9497
9882
9784
4173
1171
2986
138
3158
387
5614
6076
3520
6535
2815
4416
7388
5149
1223
2949
6982
9765
1075
520
815
1108
3008
7579
7865
1505
9087
9278
2524
1825
5073
6622
874
4587
3302
8307
708
5416
7539
8744
3679
3636
6853
9615
7981
9918
5239
8616
3140
8864
825
7680
8245
8071
8421
2994
7949
9798
6472
9236
1377
9787
965
6988
9620
8974
4114
293
2083
3414
9063
5685
7487
2649
4442
6716
8140
1004
5723
5429
7113
2320
3745
1553
6172
7693
5816
4554
7893
1339
7842
799
2941
6014
8815
1551
5539
3567
9500
7023
8751
106
169
5857
3980
3794
9334
6466
1099
4505
3409
432
9142
7722
9468
1581
8015
537
6817
1119
8631
7420
3227
7221
6187
2409
2325
4620
7407
7821
6930
3171
8394
4720
6796
8003
240
7834
6002
31
5434
2915
100
2806
5079
6967
6885
6517
1333
380
7159
4800
1428
4400
2889
4434
5910
9255
5187
8219
6422
6929
6047
1890
7259
5547
9997
2116
5774
3988
5047
9832
7836
4379
7676
2926
8748
9449
2565
2583
3035
4816
429
9982
3472
9327
4280
1763
7484
5199
4152
7341
2823
4119
5297
4263
1542
9986
6402
2362
1026
4599
6804
2861
8612
1258
3609
2561
5958
3167
6230
4170
3511
9086
6586
2610
2448
185
781
8665
2821
7489
7261
4078
1716
506
1838
2281
7921
401
260
5410
3499
8465
8788
7455
3971
4179
3994
4758
4300
4692
9627
6776
8189
7998
4245
5736
7664
4547
9434
2264
4124
3953
4367
3490
4988
434
9673
2947
9920
7514
3967
601
7348
1137
2907
1018
705
1928
9172
9070
3303
4104
4577
7890
9402
5086
6041
8786
4217
7917
6983
8167
1414
6879
2671
1849
795
7321
780
8641
6378
8124
6126
7619
6981
4622
6970
2641
9781
5313
9926
4037
4946
4529
6417
8021
9082
9135
9654
4270
3423
4715
5385
1644
3688
1845
4493
7058
1921
2471
7382
5148
3291
6625
6815
6906
6205
8031
9241
5084
420
5417
554
4469
943
9972
8642
1649
2152
5706
1815
7460
4796
8302
2987
8800
7387
6675
9339
7731
8402
8093
6841
2417
2193
7498
378
9916
641
7351
5015
4641
2137
4989
7071
5435
5049
3853
2377
4628
4120
1220
8714
9372
7132
2545
4590
7872
3156
7099
1027
6561
7883
9482
5042
9455
6110
2957
4941
6336
6131
8456
632
1747
8075
4213
5565
4052
2632
4926
2360
2845
6001
3884
8586
9196
4050
4385
5627
9766
9305
2400
2166
6510
3276
1597
7547
6314
853
1112
8956
5064
4370
7677
7804
1899
9596
4163
9904
929
6599
1388
4973
7673
5992
9815
84
7083
1233
3553
4659
2738
3721
1830
9390
7075
5655
4301
8639
8591
8531
9498
147
6283
869
6476
2521
5471
4773
9454
4319
9718
4618
5887
2958
7292
4967
4732
6152
6661
3331
9799
2163
6976
3747
3784
6690
7219
7849
8014
2297
1424
4468
2858
3061
8073
3799
2502
1577
4904
2008
3880
524
8280
7492
691
3500
8600
4027
9314
1327
6710
5117
7319
5061
7055
6130
2216
4937
6579
2032
407
6617
1110
8759
7901
6832
1096
1087
3152
5320
5019
5727
9010
5652
5214
170
1993
4637
8313
9561
693
3181
385
6437
6835
4010
2983
1235
9189
221
591
2988
2227
7418
777
438
976
4414
9112
7150
2371
7774
646
7475
875
1368
9728
8506
8289
6799
2759
602
7476
628
3611
1402
8850
4755
2161
6160
4140
5970
4541
4251
1812
492
8762
9736
36
8618
9858
4725
2605
538
7718
2509
9375
7567
7282
4408
4158
4682
48
3376
3761
8269
2753
2838
9267
8718
2599
9343
3516
6240
8449
4295
6538
2909
1931
8597
6215
8588
2002
999
3634
2961
9431
6118
2427
3142
8336
5237
9735
3978
3844
9079
734
248
313
7962
2136
3533
7575
9659
3245
4727
1987
9130
2628
493
6177
2217
1967
3796
3096
150
4736
5994
7771
6371
2324
5070
3741
5056
3594
6395
4373
2229
4912
716
2980
6411
2200
3454
638
9632
9944
4662
3577
8816
9477
3660
859
8760
1741
5840
5029
8439
448
9761
8139
8983
9612
9064
5886
6151
9307
2998
5346
7271
6651
9274
7808
6951
6325
5205
8613
4398
1090
9476
8707
4518
6170
2778
8515
1229
7329
8444
7920
4342
7332
8841
3600
4492
6239
372
3915
7234
3546
2589
3514
9081
8017
396
5004
5253
8111
7728
8624
2054
9732
9796
2951
3617
7316
3269
2602
27
6801
276
7786
956
5715
2473
9763
5611
5948
5372
232
2942
6544
4602
4835
6311
3497
5841
9845
6477
7247
3279
8853
9444
6455
4212
3250
6934
677
9008
9542
578
8753
4026
1459
8673
2336
1969
5382
6936
4927
5993
2463
6107
6484
4526
7018
8284
1878
5645
2068
783
4341
6822
5674
291
4243
4046
8583
4991
8346
2453
9888
8814
433
4489
967
6601
4025
8798
3451
4993
3743
4267
4900
4667
9152
8240
6359
4216
625
4578
8306
7621
4002
5373
3934
7954
972
3521
7724
8374
2133
449
3131
2543
2919
1193
5462
8084
340
3809
271
8265
8423
8658
7478
1199
9621
6330
264
5576
499
5177
7009
8061
8757
979
4868
950
7715
5386
664
9485
3715
4664
7505
8862
4603
4019
1441
3633
3943
5173
3972
9739
5439
2450
7879
1118
5136
1926
4284
8807
5007
1521
3710
7805
755
484
1190
6337
7043
1430
3135
6349
573
2844
4360
5694
46
7698
7126
9937
7881
1664
1162
3588
57
5535
6890
2120
9678
1342
3436
2582
7608
8202
1411
5484
2287
6315
9653
4889
9825
2244
9493
9030
2306
1506
855
1896
6268
3282
6903
3807
3466
5534
5401
7687
5554
5426
5974
4776
1432
3294
8114
6565
9231
7613
6121
166
7798
4606
7230
4191
3685
8549
2087
5894
408
3426
5002
1036
9547
4304
9145
792
5673
165
8675
4655
422
56
4565
2989
6855
5646
4803
5508
1192
5759
3889
2604
4519
7549
2230
7765
1105
9115
435
5556
3007
9955
6212
3126
7374
4393
3090
736
7087
7991
6641
3911
8655
9814
2078
1818
2546
4685
7732
8207
51
1218
2813
6588
9453
1217
7744
9109
7403
2706
6005
6225
6308
9076
1394
6927
6858
4968
6733
7820
2057
7097
2178
9773
7522
8182
6278
5189
1691
4598
19
6603
1628
4051
4456
9174
8422
4595
5689
5809
858
9308
1555
5451
1519
8315
2015
7538
1729
2376
9535
2519
6457
9031
9893
1564
5949
707
877
8870
3901
3218
5379
7609
2802
5131
6933
4310
5531
5180
2773
1539
7213
3720
2010
9047
5301
9950
6979
4705
7059
8626
5303
9580
9975
6080
6017
5371
2617
8840
6248
2572
1786
4911
3377
8523
1761
8575
8326
3352
6595
820
5697
7343
8331
9558
7633
476
6229
5374
4402
651
481
2405
8514
5492
5832
7406
4035
6360
5048
8810
7250
5551
3661
8797
9264
8783
266
6790
2670
1674
347
1423
4757
844
8611
469
9981
7444
1454
3751
9634
4699
4650
8764
8525
889
1228
5875
7452
8502
2756
1964
8179
2282
4657
8083
8913
8276
3729
9622
9286
7167
7263
8141
1068
1983
8180
4750
5221
7218
2253
5634
3950
9607
2292
4815
8355
6744
2553
6536
7212
2211
9355
4038
2547
3168
9831
7658
8584
1098
6235
8590
1843
8460
6718
5054
7448
5211
8286
6217
4147
5088
2820
1006
3791
6964
7435
9713
4765
6128
3507
6036
3012
3876
1749
428
4760
1160
7789
417
2812
9312
885
6935
1470
7442
7419
3445
6637
2882
5532
5140
6469
388
3483
3572
5281
6428
7877
143
9824
3200
9214
6844
5422
43
5360
9273
8445
3627
2924
643
1905
4624
4672
2843
8354
132
6738
5925
939
5119
9738
9511
5032
3522
6940
2092
3992
4892
819
2781
1839
614
3040
6525
2435
3246
8724
7823
6652
7895
9801
762
8312
2690
6049
7500
5522
6684
7429
6614
2720
5420
8953
6713
3068
7268
4674
7577
8049
367
4193
4610
9557
9651
4890
2936
8837
5286
4678
5773
4413
667
4338
