9410
9158
6712
4940
5635
227
1688
1042
5462
3166
1124
4662
1736
9262
698
6399
4184
9226
8423
2456
33
6424
8304
3165
7773
5285
3048
885
9180
8216
2805
2233
5776
3832
1859
8789
5033
9248
9154
8412
5403
7750
2059
7939
4897
4219
529
4534
1847
5186
9533
5366
9129
7074
8874
953
4493
9580
6501
2467
7023
1098
8559
782
6212
8682
3618
9648
1352
9423
4630
7897
6068
3959
495
7042
6273
6729
7508
3033
907
2752
2446
4641
4653
7568
7069
3059
5361
3629
6175
6099
4792
3520
271
3672
9469
1423
5337
8966
1433
4308
4483
5413
9221
8774
4648
1441
7900
3838
7250
1260
5207
8564
2570
1442
9260
6439
1890
2161
7977
8770
2634
3211
6061
7080
120
2686
4491
3094
9930
892
9084
3183
3507
3009
4135
9418
9920
3554
4616
2921
4100
3515
2403
8895
9877
8229
9384
2434
979
8274
9259
8583
6880
5582
5819
9222
8603
6284
4882
7483
3901
9882
1787
7162
9225
5677
7155
2840
7061
5815
4914
4702
6145
3794
5591
4080
7481
8302
6156
7486
8656
6878
8981
7684
1746
9319
1469
773
1741
7639
2236
1967
5611
7149
651
8508
2847
3591
7455
3788
6738
679
9954
6218
6139
6512
4133
4442
8167
8072
5929
2490
594
8667
1391
1082
8549
1750
22
1549
7782
4838
2809
7848
4239
7888
8475
9906
3790
2305
4781
4761
114
7615
8062
7996
5771
5573
3255
591
4672
1978
5243
1838
8941
3153
5837
4449
4896
4665
5682
7013
6192
8
8144
185
7923
4552
8182
8407
5313
9799
7093
7503
2429
9249
9403
2132
4141
8409
4751
4535
7909
8207
3129
5726
5629
8910
7005
6171
4844
6592
9605
9515
7412
3079
581
1175
954
9504
6668
9334
7197
2106
48
4743
4950
2379
8890
9484
5064
824
8782
5778
6715
2155
7458
73
2561
5604
81
2711
6036
6829
2564
5319
826
6332
8747
7308
5912
3228
2912
4892
1639
1321
6909
348
1193
6536
6414
4331
9800
192
6301
2008
6652
5858
6968
8488
9621
4406
8461
5539
6974
3557
6952
3563
3366
1753
3579
7506
1860
1374
9604
1580
4831
7135
3775
855
8048
4757
3173
5044
1619
6719
4612
993
3075
5729
6932
2194
1716
9388
840
1091
8076
438
4767
2247
184
1329
7500
5117
9617
8757
2815
189
2801
6255
6296
6733
3312
7576
9174
7359
791
6366
9022
7429
8556
7046
6365
6170
9301
2185
8767
7087
1915
5489
6104
9380
3369
4092
7799
7420
7068
586
5889
1810
9652
3773
7858
493
100
4177
116
6055
5265
1995
370
8775
3903
3380
2062
7573
1206
4727
4720
4725
2027
3892
432
9470
392
2872
8262
1532
5114
408
6832
145
9848
1395
4623
6836
4010
3276
828
8011
2990
1447
3198
7495
2661
3840
3295
262
4828
143
9762
7186
4200
918
1686
4104
4282
4063
8883
4238
8780
5553
6736
263
7549
4285
1482
3909
8900
7066
6258
1627
5748
3709
6551
2399
4131
9872
2484
7340
8428
2967
3735
8686
1285
9287
8351
2969
3570
1008
2202
3352
3604
8946
9933
3227
9284
5664
5397
5279
4536
9631
2411
5238
3968
9378
2899
4408
7459
4216
7787
514
5123
4107
3686
4248
6251
3011
9007
6970
2443
6861
8326
4226
775
4354
3812
9527
65
5937
8019
661
7370
2532
4097
9441
1891
583
3373
228
1886
2083
948
5497
4943
9704
1754
9294
8723
1032
8331
51
6028
7426
7602
4372
8084
4136
2242
8383
6220
869
9391
8914
2255
5522
9692
7934
5191
4210
2842
5202
7849
3199
98
3575
5084
243
4106
9531
7436
6190
8857
5670
4444
4264
9694
5011
3678
7669
3923
9616
6811
8691
3655
211
7853
2973
2956
1402
1775
9995
2548
517
4522
5501
1523
21
6965
1043
6138
1801
1169
9570
7730
2970
7538
7403
8339
3294
2241
7475
718
2655
7911
9514
4028
8171
8712
5586
6647
3433
4352
1236
8675
9610
1518
3223
6303
9274
7965
152
1877
5055
4202
3307
2803
2722
7726
9711
1624
5616
1132
3811
1705
593
9726
9062
5115
2579
1437
8803
8100
122
5567
2394
4434
1464
241
9524
2279
6992
7452
9296
841
2849
2897
8185
214
9649
9027
2007
934
2600
5533
8317
9731
6794
2088
4394
1918
4464
2974
9776
6558
5154
9890
4199
4525
1453
2947
232
9710
5052
5962
5254
4166
7109
9164
8489
9564
3859
8356
678
1675
7908
3438
9980
2435
9
7983
3696
1219
1035
9374
2808
4382
2922
45
251
4640
1816
1852
817
1962
6587
3898
6582
1687
4480
818
1040
7288
4326
2163
1067
2419
5969
8512
6918
465
261
3443
6442
9599
7949
1887
5507
3511
1302
2493
9902
3852
6823
6723
2753
6953
7143
9130
3778
2288
6183
853
7295
4735
1700
4019
6441
6793
9430
4470
328
540
2826
1066
309
5806
881
8086
6149
6298
8421
2048
1871
2216
226
3823
5428
2746
5515
3195
4318
1023
3682
1328
4904
2343
8891
951
9542
3041
5284
369
6396
1238
7764
5058
7224
8279
8028
3447
4278
4471
3560
8155
5861
932
5080
1173
728
6895
7728
8386
4190
9426
9756
6640
9464
3058
1261
3826
4973
2029
7439
715
9452
8159
8985
819
3335
5362
6408
1958
9333
6168
6827
1214
909
5926
9997
1069
3076
4709
9376
9206
7515
7823
3598
1459
5338
482
1799
8815
9171
2270
4259
7003
1308
5900
2948
9109
2168
7850
9609
2264
1307
445
9682
8977
6334
8917
4271
2547
2466
3028
9970
6050
1821
9775
359
4206
4988
7322
4015
466
2332
9208
3905
2737
393
6644
6615
7444
7192
2728
1133
2793
1768
6485
6815
4499
7869
5119
1739
1839
9850
1474
9676
3282
1870
7873
5606
8769
6006
9290
8248
2323
4446
7681
2846
1431
6495
3141
2021
7881
3660
5133
5599
414
6056
2075
4530
872
3104
3743
3047
8963
7810
1465
5854
7705
8040
4913
4175
6584
3706
1702
3921
7954
8672
2102
1247
4579
9070
6243
6288
8134
6386
5150
1421
1325
6444
8732
9666
5012
3953
304
4723
4629
4718
4181
9783
1473
9792
5193
680
2149
1078
6654
6766
3346
5185
1720
7451
9393
2723
1348
7220
800
5161
7608
1041
118
4989
3983
4747
92
3671
6561
2916
4867
7177
720
2109
6805
1757
4463
6494
3130
4117
6591
257
6012
1460
7969
6480
1439
4585
5199
4889
4673
3221
9216
8288
433
3824
3893
8198
750
7045
1290
4021
7275
1826
8153
768
1113
2613
4891
8069
3656
260
7196
3791
4258
7175
912
898
1980
6854
6767
7383
4905
724
9344
8238
8951
3385
5598
9153
3267
6320
3521
7609
8572
1403
9141
8948
2453
9917
3390
3668
1028
5603
3174
3421
648
317
5300
9939
7036
7662
3749
5107
7199
3465
4597
6951
1898
497
2659
8050
5985
7283
7339
2479
3643
7922
7784
652
8032
8790
5986
6686
848
1405
1993
4287
7154
8174
8335
7092
7592
2016
920
284
4289
7887
5249
9152
1364
4121
7089
5007
3978
7528
90
5691
9846
5067
1139
2298
9394
6276
3761
1730
3239
7644
5215
383
8172
7605
500
5645
2482
1764
180
5479
3561
6787
8581
3494
8975
2786
3927
4070
4658
176
8850
1645
7141
6310
4857
1006
8012
8464
1299
9600
1425
6993
4883
3497
1721
2077
8277
9835
9607
6419
171
7691
3205
6326
1646
9059
9177
1422
6279
7877
3536
6800
6839
4261
3180
6113
6737
4053
6280
7222
7593
4191
2896
6359
3621
2500
8244
4545
2527
5641
7975
5875
5600
5137
5788
9771
7951
9420
9359
8752
404
7947
7870
4389
6789
5925
4294
7320
9250
1780
926
576
3878
7766
2658
34
4926
5821
8618
8867
3733
1255
1539
1713
8793
9732
6274
5903
6714
3530
924
1924
9519
8099
9563
7614
995
4014
4512
7953
2540
9825
3274
3548
6214
6892
6937
731
8616
6282
505
1548
1817
4875
9658
2244
2595
781
5942
5655
1782
2884
5241
7026
9663
2989
2542
9004
3855
5648
8254
417
7978
8345
5734
7963
4676
4731
3550
9214
4872
5034
9267
7293
4868
2596
2676
9921
1415
5054
1791
3018
5145
2111
9858
2297
2428
6518
6250
5439
7358
5252
5848
7718
7544
8515
2000
5701
592
9699
1690
2945
9466
1605
140
4985
8474
4317
4551
5673
8540
6462
7498
3498
4836
6717
3281
2291
1874
405
2436
6045
3756
5718
3017
8014
1414
224
8307
61
7839
5502
906
7666
1192
7924
2346
6798
166
8387
363
3107
7182
2278
279
7646
535
870
285
8187
9810
9667
7072
2946
8236
3325
564
242
8720
3389
2681
2920
5005
307
2554
9992
6114
9796
9573
7748
6221
1737
2656
4613
9505
5990
4841
477
4721
3243
3480
925
3916
9187
5589
9611
478
1438
207
8756
6227
684
1596
7441
2099
301
5646
4267
8038
6275
9700
8130
7938
5393
3085
8650
6224
9654
7256
7956
7488
8222
9026
3701
95
8295
1990
7368
4678
9195
9161
5909
2957
3146
8865
3470
1292
6967
2361
5757
5417
7757
9697
4871
56
9455
7610
4307
6181
7598
9162
4309
7274
4412
3169
8083
7729
1311
8455
4995
3501
5768
3132
8209
4249
5157
371
3976
1479
5959
341
1974
5373
2718
4958
6143
3922
9841
1190
9583
9232
8964
3880
1576
5825
4705
8029
9123
9049
7543
3585
1755
47
2944
6868
7479
813
3876
5936
4873
5842
8437
7731
1417
9765
4636
5495
2183
5580
4622
1578
3545
3462
2610
4890
7237
7325
5182
2268
7656
2573
7313
3260
5317
1855
4008
5755
3572
8267
8599
2329
5325
9798
8669
2981
6270
8408
511
8627
2617
4594
5177
977
6515
2992
3745
2736
326
5255
7212
5559
5399
8168
6690
4966
5964
9642
8953
1738
8224
1334
4346
7200
7920
5732
3519
8901
9672
6067
5896
3049
9356
4834
9326
252
5883
10
9298
2574
3181
8192
4796
9912
3700
6344
1513
5453
2071
935
8093
8765
8009
9717
334
7781
4918
3437
7727
7546
4349
9797
4567
8907
7861
9885
6029
2211
5714
5849
9721
4411
7134
9122
2612
3797
8996
1177
3912
3615
133
9244
2069
8220
1527
7054
2709
6600
9251
6265
5346
7521
1849
2409
4115
7160
7579
6278
2707
5475
9010
148
9266
7563
3105
9339
2140
1963
9096
5851
236
7140
7940
5920
5451
1044
7670
3627
7868
5869
7387
938
4532
7997
712
756
5727
8663
4453
387
1475
8983
1507
250
6896
2852
8441
2670
6532
7473
6916
5148
4350
6700
374
3188
9067
8887
7702
7542
7331
5082
526
2126
2794
4598
2339
9412
5911
3159
8090
2704
2129
4311
8567
5478
1583
4656
6779
3399
8873
4265
3481
1179
4804
7302
9675
7555
4204
7185
6015
754
9857
9793
5534
3245
362
9179
167
3721
1677
9782
7492
5149
4578
3031
618
5112
5297
3063
8678
9421
895
8961
8601
4925
5450
537
5518
2294
1940
9893
1004
9131
963
5523
916
8178
8270
6141
1588
2081
2824
7588
5597
6409
5818
7723
7380
1910
5679
6352
5728
5127
8862
8655
7033
7813
7556
7659
7292
5542
9190
3299
6526
1386
8361
2337
3244
8624
3374
4909
5106
542
8626
3431
9211
7047
7572
7680
1367
2051
615
9966
3985
7534
9905
5910
3479
7078
5459
5996
8824
1039
2391
2167
6451
6870
7804
4041
9303
8809
9297
7658
5705
8560
3793
7737
3413
3086
6624
4005
9581
7418
1104
6358
1128
4415
3565
5652
3057
3361
7899
8332
7132
443
9990
7480
2844
6530
287
539
4736
8306
5939
9901
2123
3646
1243
9772
1872
3945
4087
4068
1262
8124
2764
5331
1245
2998
950
2520
8064
1949
6327
914
1385
2978
7499
464
2277
1045
4231
4048
1312
598
8067
891
3896
1273
5109
8533
6123
3370
5546
9163
492
3305
8823
2423
6850
6639
4330
7687
8835
9714
3032
5016
2625
16
1869
197
8701
2249
3229
5014
903
9480
928
3096
2326
8462
3940
9299
6601
9309
4329
7967
2593
400
8639
8820
5817
734
8596
1286
7169
6024
3103
2098
9897
3875
3873
9086
2207
1770
5099
6380
4227
9956
5422
9458
3144
5043
5994
2687
8885
843
5056
1965
1344
4151
3263
2880
787
4156
3167
4375
7219
7225
7513
2766
8708
3136
3907
5111
528
2512
3628
4774
5700
671
337
8432
7741
3197
2572
520
5808
774
1025
8660
5968
151
4939
1564
8194
8673
3999
4768
2715
1366
3323
8987
7377
7842
3981
955
8471
4533
9370
134
8967
8268
6795
7671
1163
5335
1804
9495
6806
2416
9833
6271
3739
4619
1087
6534
8232
8505
987
3785
2779
2594
694
8947
6557
4201
6593
3491
9349
4601
1407
5025
7789
691
1218
863
8897
5281
5601
1823
6581
8196
6698
5795
755
6694
5966
4554
8088
5649
9269
6796
6307
796
3185
5282
9173
3026
3722
5029
4145
296
3425
86
5063
9411
8289
1727
4469
659
7145
7974
2533
7337
4738
2254
8091
5633
5214
2135
8546
4686
7834
5425
2474
2908
3919
9855
1497
1129
2757
913
1866
1669
8150
4390
5122
2397
3918
9104
1909
9763
6707
4528
6362
6847
3657
8762
4816
269
3566
39
7698
6071
416
2349
6960
1111
5409
7752
2531
504
5072
9061
5189
7982
3801
5657
3051
3408
4564
4677
3062
6290
9358
553
9037
6835
1649
4592
425
1249
1397
6743
1094
2506
4321
2646
2937
3839
527
4975
5004
4710
2642
665
2178
7210
6121
1538
358
2551
3584
2146
9856
6762
4970
9398
8000
7574
6404
6008
1956
9046
1633
947
7962
5508
9338
7215
1209
9715
2191
8225
4589
2875
2198
2790
1989
4835
727
5496
2431
2267
8022
816
248
1707
2544
1484
5461
4817
3707
213
1541
8336
6277
8920
8398
479
2025
1065
7289
8240
7158
1056
730
1106
9958
3632
5796
3781
9115
6834
1357
2451
5930
7704
6744
3442
5619
2390
6103
1063
4773
8563
5744
3605
485
4129
1021
2982
3108
7631
2550
797
6021
2057
3527
5130
6337
8592
7743
4617
6646
2073
7390
4013
7510
6411
312
7905
573
5205
6658
1335
2654
4670
1777
4062
4031
7357
9587
8427
2410
9766
5322
7071
9507
6727
5745
9076
8490
3943
2480
9233
3207
8903
7815
6185
4851
3844
7264
5396
4251
4744
9322
1314
4742
599
9295
9475
5236
6799
6804
6771
7303
709
536
5411
4274
1846
940
240
3219
1529
9135
3121
1593
3012
7772
4745
3464
4521
121
6589
5290
1208
1005
8646
8810
7365
439
6824
8680
2951
486
658
5062
6516
9639
6531
7827
4829
1553
2877
1350
7229
7968
344
7183
5378
7034
9207
1201
2672
8514
5764
2587
8265
4426
4680
5138
4237
258
9636
9150
5624
6598
7002
4148
8524
8208
112
7621
7062
8640
6517
4440
9016
5225
1331
3192
2513
2628
1288
3631
5108
1498
7239
8881
2476
5057
3568
545
3328
3241
5536
3492
4304
9336
4435
2179
6443
8133
1138
4568
9138
9656
5048
2045
6469
3846
4452
9867
8046
8938
1984
6238
8878
7258
4167
9345
6648
7771
5102
3092
2457
4379
2122
8980
4153
2470
8838
7866
8290
3113
3966
9866
3574
6236
4096
6440
4976
2850
8853
183
8179
6679
8658
2961
2811
4393
1410
6691
1080
7307
3242
6634
6812
3777
4178
5699
7309
7494
3861
5103
6228
2308
638
8612
3123
7271
9550
3599
8400
9818
9844
8568
407
6478
9085
3218
1971
1511
6051
2274
623
1250
1685
2502
3552
3946
6405
8294
4196
8087
7833
9949
2599
7123
6571
8742
5437
904
424
5543
2227
4447
3871
399
4417
4518
4127
4560
4832
2640
7106
9386
7438
626
5023
6049
2678
5844
8970
4626
4885
8152
9989
2200
5333
9371
6641
8526
802
1365
4826
6388
9431
390
5184
2283
9015
2040
2586
4170
1462
3179
8096
6219
562
5306
6590
8991
5774
2094
2005
1691
8310
173
7270
2327
7529
969
6256
5257
3268
1458
379
5429
5594
15
6570
5981
188
4027
3353
1436
799
7209
9597
422
9751
1503
2633
8749
4541
8390
4877
9554
391
6283
8297
4299
9540
2832
7006
7086
7431
113
7133
9647
3914
6955
4319
7805
4542
9217
2263
5251
7465
2900
3630
4085
9689
5188
8653
2421
6983
3355
4825
5469
864
7065
2272
5541
8058
7603
2406
6101
3942
5327
4593
2378
1170
2576
1985
6750
1827
2871
7971
9829
8801
7247
7497
8045
7818
2702
5486
4719
7248
7907
1800
8846
8053
970
2977
3683
9918
9952
4054
2903
3588
7117
7693
9593
6000
1725
777
5377
8986
2996
1145
3252
2056
6001
2312
8625
9456
9678
6718
8121
360
607
4457
5294
8937
7569
9562
9725
6075
3897
9935
7872
8074
9640
1304
2038
4803
2881
6207
3109
7636
9188
897
6338
1954
7837
8552
3993
7855
9785
9982
6549
835
8668
7041
2366
2097
6315
3664
2552
7990
9276
6232
8521
4026
6888
9488
7944
1476
8205
366
3517
5880
1071
6956
7376
3450
992
1599
1926
7611
8877
8436
3111
8140
3842
1696
4075
9453
3124
8362
6499
9806
8830
1396
2750
2775
8395
7489
2066
2860
1848
5330
5982
6665
9487
8230
644
606
1945
201
474
5401
9585
2928
988
8063
6108
6609
1323
7482
7935
4296
6710
2243
9402
9499
1303
4122
3429
6746
457
4951
5093
5867
1426
567
6169
1289
8913
3080
3613
6819
8109
8919
5329
9881
5264
6267
302
2104
6487
3751
9364
6948
697
8373
1805
3193
2934
5364
6770
4922
8641
6474
7150
6885
7959
9422
6044
210
5922
9231
7883
5605
7628
2831
9304
8519
2535
3036
8215
3318
2086
5387
3038
5521
4451
6325
9916
9312
103
5404
4523
8227
743
2855
4023
3061
177
57
9773
9975
6210
8942
662
292
8728
2231
636
2030
6673
6915
8894
2682
8397
1845
4042
267
6913
4982
3436
1925
8429
3160
2137
657
1618
2739
811
1454
6817
8424
1923
7314
6295
7201
128
3963
458
3339
6475
7336
8175
1844
1301
5891
7706
9802
4221
9017
7088
6830
3253
1022
2341
1225
5358
4436
4607
9278
9671
4043
6195
3091
7654
9512
1327
8200
7780
9718
7257
5958
1751
801
3652
5136
7396
1595
8513
1587
559
1060
2196
9541
1283
6266
3601
491
1031
1973
982
2084
9474
2662
6040
6693
2783
8693
1920
3118
2643
5235
7629
3757
6725
850
4971
6022
7682
104
6904
356
5749
6065
8531
4060
8355
4098
6017
7879
7892
5218
8311
827
1521
4707
8898
7137
7125
2954
8030
1496
5642
6900
50
9874
975
9204
3384
8598
2867
8284
9193
9230
767
6467
9696
1122
4968
7130
9680
5176
266
1901
4693
880
3296
6005
3867
9713
6316
9437
1130
2208
4082
4000
4571
5799
5412
3762
9060
6603
3468
6976
5570
6371
1795
332
6333
2878
2997
1718
9899
2629
8831
2306
8786
8223
7891
9619
230
4253
3741
4225
7623
1085
6072
1320
9651
7632
3279
3469
1114
7661
2904
9408
5631
3089
2864
9938
9270
4343
3034
6391
3030
7520
4651
6118
4344
7502
6350
5087
7142
7304
9749
9243
7254
996
2335
2159
2222
640
8783
4357
1851
3495
1712
5424
4045
7663
8504
8994
9641
8487
9436
8724
8525
5077
8876
7599
7786
4185
8142
2865
6453
3592
5250
3097
958
6674
7205
6497
2469
3039
2395
5484
8199
5871
1793
4277
4901
5299
265
8085
4788
5742
4458
5690
1818
6716
6661
4600
875
4543
8177
2417
9831
4400
986
8707
9691
8988
4443
4879
9842
3283
5069
1977
3178
3559
2534
3883
8188
283
2235
1689
9450
6650
331
1957
5209
3066
5039
355
1075
1184
1765
386
3327
5901
4369
7022
5834
3949
590
4
5807
6222
3204
281
2698
6465
9215
5318
6586
6234
401
2392
8283
4362
7566
1494
5332
9791
7716
3997
8115
8392
9373
2389
9500
8189
2523
961
9280
1079
6628
1586
7554
1084
3387
6289
1235
2381
5630
862
7871
4152
7652
83
5443
9148
4687
3114
1896
8562
8776
2485
5260
7269
6616
4615
9891
4701
3779
3027
3784
2138
5295
6505
427
9212
187
3746
4858
3000
6568
5838
8648
8944
5071
4876
6281
1715
2362
3931
2054
6455
7800
5410
1103
6844
7059
8570
1653
8791
5702
5754
2818
6090
1582
3217
137
3158
9447
6161
2031
7942
9608
1928
8859
1697
1903
5078
9908
9558
1072
6782
8608
2924
5892
8886
6370
2455
7434
9316
8795
8585
3360
3344
2369
2101
7719
8802
1972
6508
5434
8056
5274
4990
7301
9478
481
6705
3333
1239
3171
9227
7961
2219
5717
4034
9223
7841
2238
1259
1451
6031
4722
531
8466
6683
8243
233
8135
3531
6980
2677
9237
7096
9733
2986
4371
1230
4620
7375
8806
674
2091
9019
1620
110
9194
6010
7018
4667
7008
7297
5030
3441
5128
2342
5878
8630
6003
2950
4621
7052
1092
9238
4945
9942
5583
7405
5120
1159
3135
4466
440
4024
1843
8454
6986
3155
6069
1767
5164
9669
713
7038
9646
3409
5737
654
3950
1912
5289
1234
6753
4596
7582
2614
6381
8643
5427
7808
7028
1723
1592
634
5492
6669
1116
2648
1265
5548
8960
9368
8851
60
8819
1673
1601
2581
6849
6636
338
7118
6833
1181
6340
2848
8217
9428
5283
5561
823
2447
5171
5223
4515
1783
7138
2909
1291
1533
5678
4044
107
7009
8892
3298
7584
7127
9896
1853
5761
5028
149
2664
153
621
1274
3717
5204
8186
5562
7885
6449
4806
2433
8510
8657
7565
437
7564
3860
1448
8995
1070
6291
1762
5676
3310
8619
1760
3987
0
8264
1575
7014
4684
3112
8502
5713
8309
9005
6252
9089
989
3704
5813
8696
8915
7678
9720
1875
506
9300
9937
6540
4303
2684
7276
6611
4776
8320
6699
8604
4233
5068
4489
1001
711
945
7703
2209
5991
77
1566
2124
7648
1642
9788
1037
5348
5349
9074
1351
7161
6877
58
1171
2026
6115
5551
7829
9509
4163
1379
102
8685
203
834
2340
4659
444
6261
5151
7754
5665
6821
4101
2536
5697
8517
5983
1656
806
4016
7423
82
8837
5801
552
4801
4046
2680
5948
8377
1893
75
4086
5096
5480
6226
1279
8716
7651
8349
2001
295
7461
5797
8004
3895
5812
8558
5882
1322
9784
9803
4516
247
7384
7477
2895
3
7011
6745
8318
5779
6020
512
4584
3309
6241
3640
7223
7399
2705
7901
4437
8692
8807
2578
9664
8352
1815
5036
8278
6763
5192
611
6622
3378
3232
1318
9028
4409
1450
7085
5784
3587
4818
3544
9660
1136
838
182
1427
7950
7050
3964
9043
6014
9557
1478
9443
8912
8312
7941
4130
5227
4223
4247
4779
5544
2845
3847
6018
550
4827
2866
4262
9286
6311
7896
7527
2635
6928
5517
7854
8231
5125
2641
8347
5846
1149
9137
3694
7505
9066
7575
3334
7173
3567
3273
7398
8721
1615
6
6198
1300
8162
9965
4974
9813
9102
8169
4055
8101
5564
7476
6876
974
6217
3293
6842
27
9628
1966
4729
5326
5923
5549
9777
8393
6247
563
8573
6759
1806
5372
1942
105
2671
9687
1514
8005
7674
8453
300
7552
4276
9615
4142
6233
3338
8962
5430
572
9279
7019
1567
2355
3483
1550
3162
9728
8235
9245
4746
2396
9169
2157
9840
9404
4586
4861
4004
8482
6545
5747
9565
6119
2022
191
8698
2049
4739
4813
2413
971
3496
9377
3237
6631
8071
1952
1346
9819
398
3502
7511
1281
7432
6504
601
2118
2055
5514
2538
7282
2289
2360
4492
2239
9740
1147
3488
8061
1468
3290
741
9929
814
3154
336
8047
8498
1797
4603
9446
6765
2371
7746
1341
1803
3240
6363
8388
2941
3006
9973
1544
7594
1256
2372
8257
1491
4388
8098
5230
3899
4384
2351
2116
6477
7917
4171
6920
5531
9650
1666
9865
163
3308
9460
7665
858
6595
4894
4176
5142
6007
5482
6728
3776
1509
4081
2665
4355
6539
2966
4527
978
4263
9552
8613
620
9623
4643
9346
9425
9362
2042
7039
6792
9978
9523
6961
9940
549
2440
9058
4067
3645
9914
1542
9963
3321
6016
2282
1191
2113
8391
3117
6047
7163
1708
1883
9613
8989
8118
194
3326
7354
3002
8419
8485
2024
2013
291
7811
9128
3343
3098
3988
2906
9395
9108
7004
8241
7822
4538
6621
1272
8832
5663
5245
555
9739
219
1560
4706
2052
9860
9737
9538
7286
1577
9048
9120
7928
8316
4839
5792
7634
3439
1093
6389
2041
3081
7345
8193
6093
7178
7852
6242
8342
5668
2690
8252
2284
6562
6569
2300
4484
5980
4682
4037
3013
8483
7
4837
135
9489
5010
1196
1789
3271
4373
97
2281
5581
4066
1858
7531
4733
1769
4546
8364
3541
6862
5988
7165
3641
431
85
9401
7700
6489
5309
1594
9254
1657
8719
1643
6529
4869
2717
1186
4410
3314
3021
5147
7450
1630
3711
8410
9915
1551
8128
2114
4125
8554
1284
6922
4291
2454
5408
3246
7263
365
5431
1680
2053
89
6875
7388
8939
6940
2759
9114
9462
8744
129
9987
9662
515
9324
1953
2387
2304
6997
9824
2352
523
5593
5490
521
8879
1660
6874
8772
1151
9021
3825
7218
649
2459
5021
7112
9361
7116
1051
1983
4421
6471
319
1813
6430
8203
5558
1934
1841
5206
9830
689
887
3798
3262
5647
6969
1487
1546
1905
4661
9986
9481
5956
7981
7063
7699
6566
5467
4475
889
4691
6002
4907
9451
5654
2065
4180
2795
2438
8868
5339
5247
6416
8213
5613
1900
5169
6749
7139
9242
4337
2228
8687
7755
378
805
8518
216
837
9181
7425
17
2261
5
2333
9719
245
7561
181
8955
131
4957
3765
9625
3145
4322
9513
1710
2800
2258
1101
4306
5035
6343
1012
342
513
5269
9961
8280
3692
6323
8610
9525
5504
280
1131
2778
2303
7557
614
6331
1857
2823
7147
6091
3302
5385
7913
578
8165
937
6488
9764
1752
8957
5860
2365
4880
8597
5823
4460
7179
1922
7176
1520
7048
6159
4361
2488
9828
7342
2377
4348
6741
7539
6939
2184
1123
5739
9535
9693
2171
9189
5017
4783
5653
2741
6756
8450
5168
5870
8709
8451
3802
2108
249
7100
3728
3074
1399
9014
2331
3225
3046
9757
4886
8158
5894
6112
2256
293
959
2514
6248
1143
4033
7714
8092
5216
5961
6225
7351
7362
6237
9068
5110
1879
6082
8486
2583
1703
588
6415
5160
3269
8103
7128
779
2556
1881
8440
2489
5793
867
7060
2271
2063
4347
9311
3251
3261
7067
4077
6788
3395
6550
7343
2357
8864
7616
8372
842
2350
4775
5992
5509
6174
8411
7514
3455
6872
726
2984
2110
5134
783
5323
6208
2487
4183
2170
4674
6392
4750
8893
1233
3001
6802
3805
5711
4771
2314
4540
4018
8389
5730
7414
489
9275
7936
8702
8001
5552
9924
9459
8184
2197
3995
4007
1020
8637
2141
7929
2150
5847
8839
5222
1354
7266
877
6958
3407
5315
6507
8239
4433
9875
5353
6126
719
7541
5493
5226
7717
3637
7537
9255
4168
1932
2407
475
3233
8781
894
3424
1862
4334
2295
9768
2604
2525
6506
8382
3654
5887
299
7992
426
7970
8805
8256
6791
9406
6349
1850
5301
246
2964
5183
8537
3647
8300
4608
6054
8195
1172
4604
5907
2037
4949
3555
1781
9729
4797
8729
608
508
7796
4526
9574
6063
3474
4050
2064
2318
397
949
4164
3401
5688
5050
4288
5666
9036
5874
5388
3869
5569
2714
2420
1009
7299
5667
64
8826
2290
976
9203
8705
6194
6176
7346
8023
1590
3979
7739
2858
8026
30
4550
9808
3529
9568
8871
1176
6525
7740
2799
7491
4625
6973
7709
2383
4504
3254
3139
6164
8727
3602
6567
1064
7946
6110
5715
6240
7020
7820
8025
6687
2777
968
696
6292
721
1083
8112
6709
5342
1337
8375
5577
4965
7930
5334
6740
6580
8666
7695
4753
4566
5129
5719
306
170
3807
6708
1824
5938
9953
676
8683
5830
9760
6734
8644
6129
3697
1241
6931
4279
5568
1571
1252
9006
5047
5993
6057
4559
3819
8493
703
7657
4108
6996
1794
8973
7725
6213
656
3194
9814
5454
8834
7146
3680
6943
4948
7952
2898
9282
8779
5940
865
8565
1888
6421
169
7547
9031
6711
5187
4547
6374
2892
6906
7102
264
4749
3760
5244
7198
5031
2374
9518
5617
4404
5924
4119
2767
4847
7692
9327
2592
5574
4494
2667
8932
6080
4208
7446
1013
8249
3649
235
2427
146
6935
1943
8202
4217
4934
1223
7318
5899
69
4368
3419
7768
4859
8949
5081
1134
2496
6425
5159
9213
6066
5278
7840
1668
8896
469
538
4418
4977
1756
6783
3747
2367
9444
9486
5298
4353
901
8617
5384
6513
9983
7466
3806
5500
868
3558
4900
3524
9546
2498
8246
7720
1205
99
8370
9240
7261
471
5296
456
2835
2585
7587
9427
4874
7097
5180
7712
7203
7707
3990
2120
3499
5970
9843
8460
5394
6400
5414
3736
9496
2598
4654
6597
6886
6167
7335
3354
9293
5571
7931
1467
9479
7409
1146
9191
584
6730
7635
7379
5680
9950
1543
9849
7294
78
6649
2758
5094
1625
9909
384
5449
1745
4508
5627
6367
4931
6447
8418
5505
5967
1342
2817
1626
9705
3116
8360
4035
8818
9556
639
8817
9035
1194
3382
1628
6074
9931
4445
8534
4997
4073
8036
4650
2734
7591
8269
9750
6706
8982
551
4138
9770
4791
1081
3084
4022
7024
4539
5952
6676
7775
9435
3266
2666
8286
6245
3742
558
8544
2393
7867
6659
5271
1095
4819
1455
7395
3770
8157
3578
1998
4423
6556
3549
1443
6963
297
9945
4240
915
2773
7903
7202
5100
7411
4179
8933
833
6209
5810
7825
5098
2938
6089
3814
5659
2107
627
2925
7213
8417
5288
2834
8233
8480
3138
4161
5519
9429
8043
3767
7783
7104
921
3069
4438
1531
7273
2142
2862
4193
1029
244
7408
3010
2537
6853
5280
6855
541
2472
1488
846
6347
1798
2729
3265
7618
1584
5780
3731
5345
3083
2511
6828
5341
844
8777
5528
5634
4295
1535
6910
7428
7462
3947
2460
4255
1226
692
7819
4952
376
9863
1975
7401
798
965
9886
2980
9317
1699
5229
9134
6977
7803
4254
4290
6816
7778
8044
2505
6470
1790
4340
6486
8413
2631
1608
6300
4590
9133
4079
1202
2491
1811
4146
3841
8855
4960
3714
2879
2100
4147
4256
2186
4575
1692
1413
4850
8918
4759
402
9941
3635
6907
757
557
4912
6891
6626
4367
794
6431
8872
6496
327
8219
9567
6146
7319
5324
7181
6034
1269
4614
6379
3835
2301
1740
9684
3287
5312
1220
9182
5687
6096
2221
3248
7044
3216
708
5026
3420
6305
1296
4057
8459
5256
5765
4089
9561
1280
2220
8308
3890
9098
5438
4786
451
2745
3311
9332
2691
5811
5452
5722
871
8854
1591
290
2504
1512
5725
4946
4766
3690
5447
8527
1420
8956
4777
8600
8759
5816
716
9092
6944
7095
8446
6461
1744
4811
5210
3955
776
7356
3371
7400
4236
7797
5753
939
3782
3874
4712
4790
7788
8363
8731
9310
6845
4250
4011
5709
1349
1726
7802
6030
5803
1840
5483
6704
5418
9463
9851
23
1370
8055
5943
7382
6154
91
8365
2605
5440
7464
9900
5435
5302
3669
9239
8114
4784
1856
3675
7617
9328
4987
3906
3391
7595
3379
1003
7526
5708
6599
2890
2497
350
2336
6722
1812
4154
6751
9778
7157
6942
8145
7469
5692
5767
8435
2748
8113
6945
999
8840
5824
4848
1947
1373
5639
2338
9981
502
1863
6755
6660
5976
9106
1257
687
9440
396
8978
9258
1917
7025
8551
9591
4252
9820
2014
803
3148
4563
9571
2404
7620
4110
8481
9219
1505
7373
3356
6111
2999
6887
6809
1382
2402
4293
4983
4214
2560
2095
8822
1229
7440
5124
7985
7238
430
8089
6903
9903
6966
2478
4455
4305
9321
3487
4059
3456
2660
6032
8614
1242
8212
8908
6202
7460
9895
809
3980
6009
6429
8353
142
3082
1631
8319
1528
2713
4591
3737
6172
7290
1317
3189
9834
7673
7367
1623
9708
7151
9553
9853
2798
9246
196
2588
6373
4809
9369
62
9892
8120
8532
7415
5945
2812
8811
2368
3975
784
5292
4955
7284
5126
3035
7559
5638
5139
8402
7126
4979
7933
9040
275
2085
7545
6666
8379
8535
3661
7077
2058
5277
9033
2797
5864
18
9999
8952
2090
9746
3190
1970
2296
9517
3685
645
421
3301
1310
1061
5997
6873
8148
7655
6858
9579
5820
1411
8979
172
3270
308
7672
1747
41
343
5628
7585
6177
2248
4930
9596
59
4501
8416
7987
1670
9306
8589
5537
942
9964
1016
8679
276
3412
2121
9815
9139
571
8078
3110
9050
7300
7099
5850
2252
4755
4938
856
6760
6672
9661
9379
6272
6552
7642
8621
9804
5588
8711
6464
6203
6925
8827
4072
2522
5932
8751
3958
6560
3005
7553
3870
1650
68
5042
6987
8579
9635
4919
1927
1152
8146
546
9977
9094
641
274
3882
8609
878
2067
8077
6293
8557
1046
9023
4884
7393
3670
7751
9962
4003
1390
1409
8930
5079
4392
7536
415
9449
3272
4906
8496
4401
1734
5832
9807
7976
1607
3820
5790
7501
4703
4246
7562
1621
3525
453
6387
8197
2910
8674
9093
3538
8323
5389
6629
5984
6544
1500
9805
8748
5662
2078
7876
8237
3201
2837
42
8734
9685
5024
7581
9323
2217
8541
7326
905
1661
6438
9381
5612
9532
923
5457
738
6287
2959
4338
2785
2553
7445
5735
3573
9968
8753
4529
6385
6322
8291
1185
7522
6321
6653
1456
4923
3278
8470
2074
3163
9922
7826
1563
2976
1477
7732
8710
6702
4374
7338
6843
2035
3319
2384
4051
218
6979
6309
3888
1118
4459
4399
7734
8697
6223
8909
8057
3970
5027
1935
9167
3961
8321
2589
7079
6098
7641
9747
9271
6959
3881
423
4213
3810
4748
3297
3658
7694
4595
6377
790
603
2061
3973
9996
4335
733
3147
7606
8251
3967
335
5672
2905
2415
5974
7774
1246
4241
3991
1167
9125
2644
6559
5898
9947
7056
6697
7893
1086
361
882
5886
4378
4162
3288
7291
2158
4798
2683
480
6130
7413
812
7267
683
6934
7998
353
3489
1398
1955
2701
8015
4782
3608
9614
5233
6576
7043
5625
7457
5703
333
6999
2425
5488
7090
7660
3119
3324
2679
4959
2009
9024
6585
3007
9318
5888
3143
9175
6253
3359
1014
7076
1558
7416
2087
6402
9483
452
6546
3862
8147
2792
9927
6692
1609
7057
4941
9548
7792
4972
6607
5535
9382
8935
2627
7630
8576
2265
5320
8346
174
9409
5671
3665
9653
9155
4064
8520
8638
3948
1655
9779
9107
2234
4342
4427
1401
3340
9101
6095
9350
6328
1636
5141
8430
8764
2375
9119
136
8385
7075
9314
1492
2136
8439
1557
3357
229
4772
3569
117
9454
3723
2130
4992
9888
1772
2275
3137
2708
202
7272
253
6345
8631
8472
1681
4815
7156
1510
2310
9264
5074
406
9838
6627
40
7443
9576
9862
8132
5392
3367
1732
8922
1778
8555
8350
4047
8501
9018
762
4562
5175
5752
5468
2313
5060
3800
3766
1253
5853
9864
8445
3611
2873
5610
5904
3377
7374
2152
6579
5203
4488
6856
8700
6064
732
2348
7265
8580
316
9472
311
9569
2721
9396
3509
254
5347
1502
752
4038
3493
5782
9537
380
1997
8507
3322
7249
8671
7073
8325
5636
4332
5995
6184
428
5365
5759
6437
9199
6883
8726
8107
4058
1048
4820
1568
8042
4647
8856
6645
4671
5979
3478
9884
3755
9034
8741
496
14
6524
758
6511
7136
2262
5615
6084
3209
9289
7898
1148
9099
442
38
3933
2822
1907
1902
6426
8553
5143
6259
3486
4395
2189
3908
1251
2492
5545
9348
1137
1412
8367
2744
4432
735
4257
6445
4544
4758
7421
9677
6011
9308
6894
3093
8201
2154
6637
5908
2874
2558
289
4853
860
8476
9097
5791
3286
8634
8808
761
1606
321
3902
9041
4770
5065
7807
4888
8998
2700
3406
6078
2147
4302
7278
1102
8884
6991
8649
6244
7960
3213
1068
1493
6831
455
9984
3050
3750
4020
3758
3289
4576
8523
2006
3072
2883
4519
7710
108
1516
8211
5458
3410
6588
7328
4866
5841
7366
413
3115
9081
2994
2651
4986
5213
6514
8443
5194
9627
7016
1027
4229
5661
9143
7110
2692
4698
3055
4424
9432
6866
1684
804
19
2320
3929
9821
4061
1515
2838
5526
8959
5355
5822
5172
4510
8136
5944
5978
4646
5471
1982
4207
705
4953
2260
6390
6070
3532
3818
7918
9117
8444
4708
825
4105
4849
2213
7676
3285
1683
4609
2647
560
4056
7442
5350
507
6249
9868
5866
6502
6435
2359
4558
5423
9118
1597
8738
6188
5965
1658
26
1088
9490
5391
6768
8333
5261
8458
7647
8245
530
3936
6671
2923
43
3226
4498
8468
9526
4272
5928
9809
8665
9698
2293
6573
6696
6879
2439
9854
9439
3099
9738
7607
9340
9434
5614
1198
2632
4688
4632
4325
8945
3659
7081
3125
139
516
5405
4830
3956
7120
8784
1010
9335
20
8021
7350
3471
9305
9069
2563
6780
7164
9745
7832
3913
5444
2615
4602
7298
510
1897
9082
1195
5368
5955
5344
3448
3504
6137
3989
4669
9178
4697
2043
9767
1682
4456
1244
4711
9087
8506
8976
2192
1381
4524
7533
4689
5002
1906
8863
3416
5433
1371
7435
9055
2630
7937
1333
1651
8070
9501
3768
1440
6152
4102
1534
617
7921
9887
6962
157
8075
7685
9438
9673
2688
4863
7519
1227
9220
3210
13
7865
462
7058
722
6989
3292
6786
217
1383
5770
8689
3332
4517
9598
7736
7204
2380
206
9991
2002
4172
2841
766
2577
5914
1709
8242
1210
4158
8718
9588
5426
2354
1659
899
5008
8420
6857
5913
9030
9159
1015
7487
1404
9285
3900
2638
7690
9789
8528
3727
7187
318
7560
1432
7856
3316
2401
3539
7484
2590
7447
5695
3208
4741
866
7895
650
150
8272
7667
1825
5881
3804
3065
6452
1100
3612
7535
2442
222
6921
9944
6490
3259
667
5258
6186
66
4814
6094
5798
5307
9644
9366
6926
3152
1555
6165
7471
5751
3710
5070
5356
4679
2162
3215
5934
6446
1766
1144
7233
7776
5395
3938
2317
973
9088
3275
164
349
7675
1212
1240
5487
288
193
980
212
3971
9079
8606
2774
3827
2935
3423
8477
6153
9494
6353
7407
8586
5951
8394
7166
4932
6617
1089
4189
8313
2917
2103
3663
7334
8354
1161
1077
9186
725
1867
4690
6476
1481
6053
3505
4215
4192
8605
3666
2414
3915
2914
7184
215
4910
6852
4511
4482
4001
3184
5781
2673
8457
9365
3472
7711
4187
5131
3562
9951
410
3930
7084
6060
1735
4785
4425
9670
6846
4292
6924
388
745
4366
3405
5354
8622
2738
1758
9578
830
6726
3729
1785
760
566
3513
3402
5178
123
8035
570
6554
8422
8792
4724
55
729
2020
8143
3365
2886
1270
7437
3060
3358
9703
3231
8007
9445
6432
785
8414
1109
985
6027
2175
8703
9502
6482
4144
1057
6397
1388
930
7790
1641
3891
7015
2804
2763
2223
2624
2697
2518
8137
3150
5740
1058
345
1644
9288
1424
7708
2408
672
2004
9545
5557
2987
6984
6204
9265
3864
9979
2226
9052
1356
2471
704
4860
2215
9012
7144
4628
357
3941
941
6889
746
4956
8160
2286
5262
9045
4666
5421
2782
2319
7619
2988
325
7226
7862
1961
1941
2694
1614
9620
9634
5089
5772
3044
3067
1672
8287
4363
1749
9331
4793
1612
4663
1733
4235
8607
9743
2636
6037
6610
4503
2356
5407
354
6623
115
3284
7268
3134
4381
1339
1861
3932
8788
3514
6905
1948
7643
6981
2674
195
1332
8016
4194
71
1632
6528
1884
9822
9744
1182
1828
125
7053
3457
7341
8588
8163
9252
3045
4495
2131
4639
4301
436
8080
5398
3593
8431
1835
5390
3843
1565
175
7518
2639
5750
7824
6613
1463
8584
4212
7958
3230
964
2096
2245
476
9582
2580
8993
6688
737
9493
8642
3822
6748
4704
1854
7715
7040
8931
6813
6357
9668
4029
6882
6317
8503
1026
3651
186
9020
7252
3428
6299
2398
5555
6988
5607
3542
9417
1574
6537
6533
6420
8149
3220
9686
9383
9367
3644
155
3688
6417
9880
1237
347
7037
3064
6173
3622
3414
8972
179
2888
1355
2972
7966
9112
8447
2735
1938
6742
6930
2344
1490
2870
5040
9955
2364
2193
6329
5240
2768
7170
2827
4300
2765
8737
670
6503
3849
3540
9201
6971
5787
7638
7236
4137
7404
3868
1183
6774
9559
4737
3582
9594
9606
4683
5015
5802
448
4822
4416
4468
2507
7468
6458
5101
5669
2915
8670
2322
3586
9506
3595
3935
7816
8699
9948
6454
5481
7180
6308
6664
6166
5675
5724
3510
5707
9054
1343
8396
1638
3250
3453
5477
9544
5872
681
5794
2814
3249
6260
1792
7493
3925
9416
753
1200
4908
5253
8369
3691
6564
736
3342
8253
4842
7540
7989
9932
204
7255
2603
8950
7890
7613
9400
3073
4159
6695
9170
3430
6964
4273
5840
998
1552
2190
1581
9065
2761
3957
154
3203
6790
1717
5051
7919
2385
2003
7454
8875
9626
1353
7316
6735
3388
7649
1264
668
6304
5712
1921
8275
7195
6180
707
5445
3590
3368
845
554
4734
4220
1360
9320
3214
4174
2266
6773
1579
501
5305
4569
579
4899
8250
4565
8943
4286
2302
4049
6635
8681
8403
3600
859
7889
1842
4808
5857
6457
4345
1160
9889
6995
5862
3212
7111
2719
3400
1562
6436
2509
7352
9077
8825
1569
4967
3633
1729
8684
9753
6638
6713
3336
351
5369
4310
8852
4009
5590
5511
8800
5902
568
5363
5876
6201
5809
1054
2601
7637
2182
2180
3813
9091
5400
420
2868
6838
9080
7329
5276
1358
9360
561
2971
8849
2861
6384
3466
67
5935
4916
6484
4574
2330
3264
5105
2706
807
2885
4280
9477
2321
9674
7650
1297
273
8261
9389
522
6840
714
4887
5710
6509
6578
7168
1987
8176
5921
1019
7756
9534
5554
5197
6781
8654
3858
1127
29
4996
3490
5895
3258
4752
132
8760
6460
2206
8125
9165
1988
3715
4780
769
7759
1126
9352
9780
532
585
2499
6019
6778
9399
6752
3848
9630
4961
4795
2515
4668
3695
3126
9183
4188
1416
702
44
9166
1784
2023
2450
76
6807
3512
9845
5855
4917
5221
52
7171
4962
239
5066
5001
9072
7402
2776
8620
3786
6757
9786
9781
6144
873
487
946
461
3952
8301
7240
8902
1267
8234
9009
3156
4461
1559
4717
5681
9536
8746
8260
2430
5777
2557
6257
7777
4728
1776
4111
472
367
6131
2526
4467
1112
8629
9702
5165
4157
1154
5693
4091
4316
6985
4118
1629
9787
2448
2901
1340
3394
9601
278
1517
8010
8940
2011
7091
268
631
2164
3681
6151
723
3475
1711
36
3589
7353
6732
4454
7753
3887
8343
5190
7532
394
238
9823
8433
6606
5446
3965
8594
9315
6522
8206
6685
943
7567
4895
717
1276
1232
6929
5113
1895
5293
6633
7664
4260
8298
4789
653
7973
5170
8715
4370
8690
600
821
9029
3415
2494
9313
4618
8358
1378
682
8467
5971
298
8031
1714
1779
5989
8110
3974
1647
1368
2789
6073
1470
2821
8743
5473
5741
6492
6863
669
4765
6731
2212
277
9387
5746
8754
3556
6042
7994
6211
5879
4833
3763
1992
710
4509
2203
8911
1268
7814
1033
35
8079
6914
5520
2770
3411
2979
8322
9192
8635
879
3998
1937
2781
5162
3024
9575
8456
5789
2621
8013
4696
6548
5578
2975
8628
6946
3191
7686
4364
3222
2543
994
3924
6689
6376
6758
9859
8785
381
8761
763
4921
2716
6772
997
9734
5805
5155
2699
4681
5637
8027
6978
3177
4778
7733
9160
616
1384
165
5977
4203
1197
200
4611
9974
8796
7586
3580
2412
3857
2893
313
6619
6268
3752
5181
8073
2733
7860
1603
3392
544
7001
6538
2568
3351
127
5340
5132
7251
6563
2127
9414
2991
9551
5336
5314
8366
1165
9907
3396
7912
3603
9198
9690
6848
896
8833
3884
3280
4430
5529
9904
7333
144
534
5013
7070
1222
8151
5343
4878
8051
4490
2050
5263
7847
7874
6369
3022
3616
2622
5118
9261
6990
6662
5733
6189
929
3482
4605
3397
5540
4376
3234
3161
2176
9415
3617
5915
5743
3317
8129
315
5173
2188
9491
793
2749
5311
6264
6039
2876
6294
2441
8542
2524
6724
9113
4762
8039
7738
9492
3019
1986
4936
7124
7253
8315
8706
6035
5432
2224
5827
2516
6136
1298
5092
9337
7859
3331
5609
2856
9741
5485
4268
4954
3753
4030
468
5998
2657
6881
1939
3460
9283
7007
9355
8936
1834
7770
7512
2172
1295
8105
8905
5022
49
8499
7190
739
138
3467
7391
9510
1107
8813
8434
1788
2165
8271
5476
4132
2623
565
3142
1536
8380
1430
6269
5685
330
5550
690
5316
1038
4173
3186
3992
6342
9025
6720
7064
8745
847
3716
3724
5382
1211
8052
3393
498
6769
5152
5897
1832
5232
9442
9257
893
6382
2405
3090
6837
9508
1099
2153
1664
2112
9911
9730
4397
8041
314
403
509
225
7030
2762
2240
3607
2740
4485
6092
9385
5775
5466
2993
8008
2486
7189
9083
6120
6105
5763
2160
8081
2787
6178
101
8997
3713
1178
3128
126
1108
2839
8276
5585
4109
4740
1215
1282
7221
3376
231
604
3341
9071
1499
6361
7406
4284
4006
5045
7596
3168
2461
6128
9643
4481
5208
141
772
3176
3815
2
7668
3364
3534
2582
3581
7683
3703
1309
3606
6033
2517
6565
6912
2932
5918
7323
4328
8478
3719
8695
3576
4486
8704
3984
7851
7227
94
3780
8221
5357
628
3522
3020
2503
3543
5370
990
1864
4855
3187
5144
5873
2731
6632
3910
3734
272
4420
5833
7348
2458
5328
7580
577
5420
6285
9883
5632
7679
8574
3636
9100
6642
4756
9057
2082
1062
109
6428
2637
8561
7287
5592
7129
1338
3679
2562
6254
4476
7955
7882
7577
7344
1141
6179
9176
4937
4699
37
8442
9011
3546
7228
5566
2626
2854
8739
2652
9928
1073
2889
4140
5239
744
2445
339
1047
5786
8166
209
1389
4692
4039
3730
1719
9795
8593
3772
7993
1429
3476
3866
7791
1207
93
28
547
9047
5644
1217
1486
7262
8303
4403
5622
9972
5246
2521
2345
9683
7000
7216
2463
9712
385
3787
6574
4076
5905
8787
962
7107
6643
2742
2510
5231
3894
6575
1991
5856
3769
983
6923
4407
7517
6314
3040
6206
119
2933
7478
7327
5472
2549
3972
1275
3077
4356
9790
2611
9347
2919
5201
9145
1676
5116
2134
459
1786
3677
4846
5224
7332
8123
4695
2068
4414
6355
3461
2695
1504
8763
9549
5351
5380
4685
902
4071
7055
435
7767
5769
1030
6784
569
7760
372
6133
1313
2539
3939
4315
8632
6346
2174
6085
8677
666
9520
518
2940
8102
1495
9595
589
7945
4652
3834
1052
7113
8017
7317
1224
3684
2452
7600
8615
2769
2755
5835
9898
3759
1121
4821
6147
9205
411
9392
9618
4069
8814
2316
1951
4114
5656
5018
911
2650
5383
6684
5463
9002
9465
9127
5503
4929
1189
2119
2199
4980
6023
3789
9341
503
4419
4477
4898
4093
6820
5960
5499
340
5829
7217
4472
5073
635
6046
685
643
5374
3304
2802
3518
6013
9218
4660
2070
6867
622
2813
9736
450
8676
6605
2201
4582
1964
9413
2936
9624
9325
7957
3053
1347
7809
3626
9291
5814
2939
9547
1674
6142
5140
2519
454
9200
1602
3506
3577
7831
6801
852
2591
9589
6058
31
8452
1187
2015
664
3023
499
6383
7172
795
4924
2669
5760
1336
3994
1868
4270
1489
8344
548
5456
3533
3831
8492
7884
2949
5375
2645
6375
4500
5083
6479
9592
7625
8924
3004
9852
3398
6682
6235
2528
5196
8024
7793
9329
6890
2370
6134
2204
2983
3386
7806
1994
6086
5720
8173
8758
3934
2483
2218
4169
3078
9827
8006
2820
3291
8804
1671
9709
2653
6048
6553
9042
2859
780
6957
4428
8139
7103
5304
1287
4383
9485
4386
3816
9976
742
9448
3642
839
7571
303
4095
3362
4963
876
1572
3851
2475
1394
1946
3667
3850
7801
161
2784
9039
4478
8305
3872
8049
5037
3459
7259
373
910
6897
5758
3300
7211
375
9584
2619
1376
751
1667
701
8578
2907
8491
8652
7277
4675
5973
5506
8990
7448
1678
5704
3418
6577
9923
4002
158
8548
5865
3863
991
3951
8582
5275
1931
9516
6418
6594
4439
5167
6825
4802
3650
8870
5623
4186
2205
1748
2696
4754
6182
7817
2125
5053
5785
5465
1076
368
1819
6472
5237
8888
5097
5442
1445
2810
3235
8210
3625
4581
8170
3986
6200
1036
9801
7206
2092
3977
6463
7677
1452
3712
1216
4405
8928
8259
1930
3718
7246
4398
8661
6341
5386
70
4856
6107
6754
8816
8799
3996
3865
7742
3329
9032
9354
7910
4769
6140
2616
6124
1959
205
4448
4799
1701
1024
5524
3315
6721
1796
1174
3551
8141
4134
2080
6433
8768
9659
7558
5927
4243
9638
3101
927
5919
446
2608
9722
2210
3444
886
4587
7188
4570
6360
9457
1830
5893
8059
6087
4942
9688
5038
966
9078
9861
931
323
3247
9372
6450
419
8714
2334
1294
4124
6318
2105
6919
6677
3070
1706
8664
2743
1156
1976
8095
4824
7999
6535
8037
8401
5626
8329
9878
3828
8882
1213
8925
4840
8131
4645
6859
5906
9925
9774
7296
3886
8258
4807
3508
5248
8547
6555
2663
7749
7927
2828
5200
3796
1377
4377
9196
4852
956
6491
9461
9994
1604
9758
3149
4312
1540
3404
9008
4845
1446
7369
5166
6901
7894
7430
9292
7758
8969
6196
1836
2347
1996
3157
5448
700
792
5584
2089
7152
9946
3477
8511
8066
5575
6081
256
5512
1911
7232
4084
3754
9590
765
8736
9210
434
1392
900
4012
2712
5651
4881
6917
2145
6302
748
3172
2703
9919
4120
7551
8921
449
4763
8773
4112
7601
2257
87
4864
3904
8633
7830
2780
1573
4323
7017
8590
3485
3836
5576
2230
199
1598
8733
2754
890
5228
7311
9679
5525
3928
1999
2571
1969
6216
2930
908
7762
5460
2285
7119
610
6543
8465
1199
1743
1807
2727
2039
9529
2529
4649
4823
1164
8341
4297
8999
7835
9197
5917
5310
6410
2032
4642
1011
11
9761
3619
5954
8545
7422
3969
3446
8516
832
9936
3699
1316
3535
4514
1053
6297
7878
4573
960
8636
2836
633
80
2046
4269
1808
4198
2473
3014
5085
1814
8965
6459
519
7035
2952
1162
7713
7121
4232
79
4222
9281
7763
2751
4610
4429
9126
6076
2913
5086
3698
4606
9586
74
7207
4320
8794
9629
9998
3052
4981
5999
6155
4313
8296
5773
4732
663
5135
3774
198
1722
7027
815
7915
646
4927
8033
8404
2250
6764
3088
4275
470
5527
7744
4580
3029
6135
6246
3693
849
3917
8848
3528
688
5049
967
5287
3553
706
8984
5890
7385
4655
6306
7194
7167
3432
2618
3350
8569
525
3372
6851
1704
9151
3624
5640
7914
6263
9235
7485
6898
4160
4928
488
5272
4314
5242
2960
4637
2373
2541
5195
1361
7701
2444
2144
9149
7769
8880
1545
630
1096
4333
3845
9723
3120
933
8651
5689
7828
3638
4520
7984
7082
429
612
6083
8495
3015
5694
7838
2139
9530
4715
9056
178
2424
2072
7875
1530
8836
3732
3206
1221
5321
2887
1319
3571
7214
5843
5831
5220
8122
1913
3427
2882
7083
5217
2843
5756
8974
695
2251
5266
5608
9003
5441
2173
8688
9473
9665
4947
7427
5658
2148
6394
8449
8338
1820
9103
5059
9090
9817
7795
9522
2807
5706
9156
6523
483
6620
2833
8327
3720
957
8992
5020
2668
8923
237
524
9539
7241
7159
1050
5498
286
4915
9572
9353
9272
5532
884
9497
4487
4298
7105
9273
2545
2995
8463
6510
2093
2894
1889
8180
3674
8934
5565
1055
6088
9277
9268
6395
7347
5268
9116
2449
4155
2376
6865
4197
1419
4994
5436
7548
3725
8156
4794
1556
6777
8324
3175
7722
9053
2028
5212
2943
8328
8438
9794
4644
25
6412
1408
6434
2468
4149
9543
1372
5721
6651
6097
352
9000
3330
1908
9063
147
6675
3306
8371
3303
2830
6372
5987
5516
6354
2958
8381
1293
7245
1637
3837
24
8750
8577
6608
6262
7094
8138
5884
9209
1375
1254
8571
460
2819
9132
1831
632
6814
1809
322
4391
2276
1724
3484
7583
1802
7371
8469
4052
2462
7745
3133
6663
5041
8002
1654
8927
2791
9847
8829
5957
2495
4933
613
2328
7321
8845
7721
5000
8068
5474
5800
3687
6059
8812
6231
7697
9471
4577
2195
6079
4944
4441
2566
7926
2012
5198
1613
2760
595
6319
9144
4553
7114
2911
1979
5259
4479
12
5381
6336
9701
609
2307
7490
6230
4040
6583
936
4634
6972
1635
6393
8426
874
46
3257
5234
4556
3349
9602
4800
3054
6038
686
7049
1330
3708
8659
1519
4902
3008
575
1616
3224
2269
377
9124
8530
9934
637
4805
8018
6286
9724
2756
5579
8971
5650
4920
9013
1266
3662
2851
6348
3609
1345
829
8611
4359
4694
4496
5267
8926
7524
8929
6810
3620
9735
3170
5402
3202
5308
3196
3648
1155
9168
3347
3808
6998
6335
6324
673
9876
8797
9832
3068
8119
6466
5572
5963
2353
6162
1761
5156
642
8778
9073
6908
8357
1204
9247
9566
3277
9397
1981
8299
1600
778
2388
3885
9645
4935
8843
2315
4984
5371
9424
3337
857
7932
5464
6401
3564
8034
4090
3623
6205
4094
3320
2685
5698
6407
6899
2508
7101
2187
6191
7645
6657
418
8473
9967
543
1326
7021
2422
1359
7902
1180
5660
7836
5270
3830
9419
6655
9136
1369
574
6239
2156
4358
8218
5547
1547
7392
1059
9503
7417
4549
441
8968
1554
9236
2010
9146
6670
6680
9302
8127
5826
494
1157
6860
2036
2530
9555
1508
2869
484
8097
6797
5088
5556
1919
3653
693
7844
3962
3597
8899
4627
2280
8374
4360
2034
1305
533
6826
952
3547
4036
9969
1610
3702
6199
8755
7010
221
3100
2726
8494
9612
8722
7153
7306
8587
5736
6520
5455
4422
1203
1524
4991
5273
2931
7360
8348
3182
9343
984
1120
5158
1393
822
6187
8314
2985
190
4548
6747
4865
3516
9234
9957
8266
8798
5683
2237
5513
7310
5621
9960
6122
7597
9390
7948
4228
1773
9405
346
1880
7612
6423
9754
6160
7624
7857
1774
8730
8866
7986
8844
3634
2181
2965
2806
2246
5510
9993
5723
7761
5845
1135
9157
8104
7305
4787
2620
9742
3449
3879
4638
259
2418
2584
4812
2166
3639
7653
1537
8543
7449
270
6572
3056
4365
6403
7633
9603
3375
5596
8376
788
9241
4714
6116
5146
6625
2464
1648
2229
1418
6456
8958
3445
2788
8448
9482
9716
4870
2177
9873
1387
8378
3434
8841
4244
2602
8725
2953
447
3537
1483
1105
7281
8591
6947
3454
7886
1640
7906
9044
9038
4402
3016
7029
6808
8228
4764
6077
8536
7394
389
3795
8117
6356
6498
6052
1472
364
2299
6547
4128
3937
7916
208
2863
3238
1892
2232
4103
7845
6949
9498
655
7530
4150
1950
8330
7846
463
1873
5731
2772
3345
124
8415
5950
2675
2400
9142
981
6215
7496
7115
8226
4126
7244
7988
2968
2133
6519
5859
9064
3164
2259
7280
1457
2287
2955
7991
3106
3523
1822
3403
9959
4635
1885
854
5852
1166
5494
2546
4143
5643
6163
255
2501
4903
5738
5095
4116
587
4631
7108
1833
6106
2730
6229
6822
851
5783
3381
5061
4074
8717
2060
3200
9910
9657
5804
7453
9913
5174
9330
8126
32
1916
2273
4195
5076
4999
764
8263
1007
9172
2477
7785
7378
9985
3792
1960
647
5091
8595
6062
8645
5863
3803
8082
6150
4599
9342
8847
831
1231
7372
1158
473
6100
8821
3503
4588
4506
4465
7688
7509
2796
5839
8204
6500
1968
8842
9051
6775
5563
2891
3383
5674
3944
5762
3854
1480
2017
5406
1617
8020
8566
467
8694
8916
7689
3236
2214
8509
3043
6330
5686
7234
3833
8094
9707
5075
4224
7507
5836
3817
810
5560
9202
8662
9879
5379
9748
6701
1168
9759
7364
1306
2386
5121
3954
6614
1904
1698
4281
3853
1506
6884
6117
7231
5006
789
4065
6109
2117
1263
2829
9560
2559
8337
6368
6841
9263
7355
4474
4624
8181
596
7386
660
1466
7943
6739
5953
4431
1435
7433
7208
8906
2606
4862
2358
7843
159
8539
106
8550
3783
5946
4969
1150
7349
3705
5828
8183
2609
9105
9511
8273
53
7864
1622
7470
747
9622
7735
54
1228
7525
3451
4854
7925
1899
9971
3610
8247
7472
7419
4998
320
5933
919
5587
5916
9894
4893
5595
6312
324
1449
6982
1663
3087
6378
7979
2426
4083
7980
3435
7794
6351
6612
4017
2926
7516
9871
1018
4531
4032
8858
3926
9816
9111
7504
7315
1878
4657
8479
4557
4380
6630
2143
6448
1400
3426
8735
1679
8164
5090
6468
5219
6602
1522
7279
9147
8255
7191
294
8828
3856
582
4413
168
9988
3911
7467
8292
6950
7604
1929
7122
3821
4385
6473
836
160
7397
1471
4211
8003
7972
9307
1731
2693
1119
6132
8522
1271
8154
3122
1894
5618
4230
1188
580
3417
2649
6313
6125
1933
4843
8713
4633
2018
3960
2816
771
6413
5877
2689
84
4473
740
9870
6541
7474
156
5153
2555
8191
8340
1117
675
5949
4327
3829
3422
1434
922
7622
2720
629
282
1665
1652
1585
7570
3363
6936
1526
7174
3452
7821
8425
4716
4218
4497
6364
883
8384
2253
6493
4283
605
5975
2019
5538
597
7324
7589
5766
8529
1153
7627
6994
4242
7812
8282
9185
4139
3526
3673
3809
808
770
8334
1074
6761
3748
6954
1634
9681
4713
9755
2292
888
7995
4339
1694
8766
490
7031
5376
2079
8405
1876
9655
7363
4099
1485
8359
5470
6656
329
2962
7230
861
759
1662
9521
4123
8285
6785
8281
7463
3025
749
9926
2128
9228
7330
8500
9433
6667
9229
9256
6975
6193
6938
4245
2432
4555
2724
6933
8399
8484
9811
6157
4507
6521
1428
7724
1461
7051
7696
6025
8190
5352
1525
9752
7361
2047
3740
7578
9769
9375
4730
1363
3764
2747
7235
4450
2465
7880
6941
5696
8860
5009
5359
4462
8740
1728
8116
5530
2363
8108
1695
3037
917
9140
3071
5032
6542
9706
1759
7381
1034
9184
3594
4324
1140
5941
9095
1110
111
412
2076
9943
4351
3131
7242
6527
4583
4209
8623
5947
1589
3458
9839
4572
3583
4182
6803
4664
3095
2481
6596
9001
2771
3799
5885
2311
3003
6026
1362
9727
8214
7131
4726
9836
6604
1049
2325
3877
1002
5491
3348
624
5104
4234
2115
4078
4088
1258
8538
8368
8575
2725
3771
6618
1142
4993
4964
3596
7765
9363
9224
6043
7032
6869
4810
619
4513
2732
5416
6339
3151
1837
9407
5046
9467
1277
699
6148
3738
4760
1501
677
2225
72
3726
7626
2569
9695
3313
1097
1115
6422
7747
2565
3689
6197
6127
6703
6483
3042
2857
9476
63
1570
1380
8771
6481
2963
7456
1771
2309
625
8861
9632
7193
4502
6004
6893
4387
7260
7964
7389
3889
3614
1829
9837
2169
395
4341
1090
3744
3473
305
5179
4025
8954
3982
6041
7012
2382
310
6776
3140
7098
5415
5972
88
2853
1561
8106
382
5291
9253
6102
9468
5360
5684
8869
7863
2710
2033
1944
1406
5367
4205
9577
1444
223
1324
8054
5019
1611
4396
2927
5620
3920
220
3256
1000
8111
2607
1125
4911
6158
234
9121
2437
1742
7779
96
6911
7148
3676
8904
5286
3102
7285
5931
409
5602
1248
8889
6818
820
3463
6871
1936
6678
5163
7798
2151
4505
6681
7590
556
5211
6864
972
4561
5419
9351
4700
7904
7640
2942
786
5003
6398
162
7243
4537
8065
9637
9812
6902
1882
3500
1
9075
2324
6406
6427
8060
1865
8161
1693
5868
9633
944
602
7410
1315
4336
8647
2597
5303
4266
4165
2825
7424
7550
3440
8602
6927
9869
130
8293
4978
4113
2044
2575
1763
2929
1278
9110
2918
8406
8497
7523
5716
1914
3127
9528
2567
2902
1017
7312
9826
9357
