7244
4392
5149
2397
5476
6573
4085
6081
833
1204
489
7552
8938
7706
8944
9156
9205
7968
3150
9014
4841
6687
2463
4677
5898
3155
1069
4851
7664
9678
3650
6956
9700
5714
6547
5182
7232
7109
703
9864
5761
1421
7741
8055
9932
8930
472
1236
2347
2669
6243
4348
5077
2605
9268
7096
6848
8293
9855
5993
7002
9660
1340
532
4695
8932
8598
3576
8431
9474
6509
818
3103
7494
400
9421
9188
5400
6145
422
5019
8490
6516
7105
3741
8291
3800
4160
69
2782
7669
6692
4729
8057
4834
1806
9166
5192
1880
2185
2345
7906
9410
7893
3128
5804
8759
2443
6051
6854
6046
1203
261
4726
6552
1228
9397
2571
7266
3869
3472
7779
5330
8975
3146
4690
9413
9563
2627
5151
6359
961
7068
3837
1817
8783
3403
122
5085
553
9081
6774
2034
5254
8665
6690
7170
4483
1398
826
1155
9641
4185
3421
2730
4014
4106
4372
8795
6666
1652
6830
6996
1519
7478
9160
56
6640
2984
8299
9969
5864
203
9662
5658
6793
9023
1003
3037
2340
5985
3761
3218
5435
5742
5844
3748
312
7910
4370
9484
7261
8525
1009
4837
6083
735
75
2784
6463
4906
5909
8201
4310
4957
4675
2418
6734
4222
4200
82
3296
4540
3362
2677
6634
6613
9386
1404
3434
8194
5287
2923
5719
3604
1576
7514
696
5923
3508
2888
8045
2728
5562
9748
7863
8471
7799
6752
7610
3847
5583
5732
4189
8618
474
4916
3669
3164
5226
8768
8687
1933
5834
4495
1034
4472
2629
8949
9943
5813
208
491
5839
9666
4367
2429
6474
291
8075
9966
4534
199
1359
6007
7202
9667
6905
4289
2431
2479
2425
2241
7984
8272
5129
7408
1455
7251
764
4628
1248
4899
4293
7324
2666
7213
6746
3967
4391
1347
2624
3686
8704
258
4355
2333
8499
18
2679
3483
2920
4522
127
870
5653
6226
9699
1240
858
5936
3785
6496
8158
5299
9679
7343
5699
4481
2689
9243
2887
9985
6590
7839
2225
6632
417
5765
2737
9879
5633
1108
9805
2959
823
6750
899
974
4666
6334
8879
8403
2575
1819
7276
3711
3901
1481
9419
3298
6561
3630
1270
1355
2370
8604
9875
2772
4422
9316
7739
4373
1843
5870
6912
4555
4895
6593
4619
2740
3334
3790
6810
7207
6808
124
2276
2662
2159
3330
2059
6576
5684
2715
9541
2733
8873
1585
9950
7585
9232
742
8625
9287
4212
1882
8803
8689
73
4730
1334
1187
5600
247
165
2457
5997
7989
2320
441
6053
3057
9379
1449
7513
3482
4425
5006
1859
9462
1861
4492
3436
7314
4172
1777
9372
2049
5781
804
2458
4224
6352
4814
4178
4844
3622
5297
6069
5591
8976
6860
4590
5409
6974
3486
4954
9041
5065
316
3949
1170
2658
6520
4395
8110
9931
2786
5306
2713
3319
3689
1012
7220
1650
2839
6158
1376
4949
2837
6737
9803
9426
7883
7911
2641
8953
8669
1770
9382
3778
8995
9122
8453
8561
3091
3077
3964
4794
657
2379
8178
5790
4893
4802
9471
2220
1503
7641
2924
5865
2893
4331
9507
8917
476
8414
1416
7365
7980
1983
6539
824
6181
8788
4557
97
5005
4435
259
9201
2732
3417
2473
4550
5659
7446
7711
2254
501
803
2848
1365
6735
2270
6908
510
1742
7150
7139
8521
3839
7999
4958
512
5362
4170
7545
7536
1410
1614
8516
8698
6074
7008
4691
2865
1418
4214
5816
9481
5577
3386
2748
9447
6338
9535
3872
7210
7420
9458
3025
1436
3725
3280
9570
8159
3646
5183
3792
4346
5070
9973
1994
7195
3369
7183
8677
2523
4774
2491
6980
332
1960
2573
7551
8006
8492
1109
9885
457
1129
3825
7617
9835
5028
8362
4475
6888
8363
8531
1537
9669
9978
8117
5316
8421
5107
1160
3443
8674
2169
5886
5563
4562
1313
671
398
255
2130
8099
9093
9303
429
9526
355
2181
1691
9842
7820
7830
4421
2771
7772
4928
7843
2031
6410
4169
9736
5056
8423
6440
1762
7554
903
6321
5092
2268
1432
6543
3708
4633
8861
1107
6800
5696
444
6470
244
1695
9948
5188
3759
5466
8409
8268
3495
3682
5665
4994
1061
8596
6627
7515
4521
1567
7015
9459
3891
2951
2000
8987
7434
6764
7359
6058
3246
3068
9635
7593
6901
5556
4796
6809
6130
6072
4025
4723
566
8963
9843
2611
9390
2445
9095
9001
8725
3347
3519
2544
4580
4884
9530
1557
3311
9304
1156
2983
7435
2125
4564
5202
4656
9210
8447
7366
8450
9979
2682
4500
866
8195
9971
4201
3156
6193
5257
7072
7574
9664
6467
2845
792
8381
8399
7850
1662
3671
8638
8438
6342
7817
9601
2501
1213
2091
8610
4493
9999
7908
8035
5444
3267
7318
3085
3664
1968
5222
9054
10
8565
1056
5503
5102
963
8900
9128
4880
5992
5196
9863
3596
6528
4249
9407
1530
2271
4220
1665
7599
5078
3453
8168
1267
8811
1279
7431
7901
1710
4661
6727
5807
7725
5921
5602
8393
960
1643
7657
5531
7264
8355
7351
9473
6205
5999
9040
9729
2070
3685
5874
2215
5599
7560
6484
539
5847
8616
4312
1057
4813
9051
7696
8437
2562
7834
447
7479
5343
1644
2197
6038
7853
7569
1487
5335
9958
7057
3244
108
1522
3002
1322
3559
1756
4811
4235
4558
9972
1138
7035
6744
7746
6756
4317
9622
111
7106
5027
2257
7852
9388
8472
8105
112
1984
3549
4986
1852
5501
4768
7419
3393
1013
8349
3888
4035
4387
9763
1027
4602
5012
8040
1923
685
7809
5535
4338
392
7668
7767
9094
1026
4720
1272
8167
135
4827
168
3228
5431
6645
8493
7146
5560
4875
5748
2508
2231
3710
2926
7952
8485
5140
4016
1388
9112
1876
8829
8750
6008
137
1389
5356
8479
4309
287
6922
1465
610
763
6783
8443
504
2109
2995
4920
8039
2941
39
8157
5191
3520
1750
8818
6943
9389
3582
4664
1466
9518
7085
1305
142
1664
6652
4636
5360
2996
4250
1734
9062
2051
2048
4584
5482
3981
6916
8851
113
1672
6899
262
5146
3364
3603
7787
5643
5730
2900
5581
3151
6350
6586
6133
9354
4630
205
9983
9220
7416
7331
4982
9744
2229
1512
5278
1097
9441
7637
3122
7313
6672
8358
7567
4117
3617
8824
6831
7019
1955
1318
4381
5764
6550
8315
5071
1929
4797
4715
8660
4402
9527
8964
5385
4833
7292
6066
6060
4858
6674
9254
9960
6173
2095
76
1755
8366
1590
2494
1972
3735
8913
1580
4294
1687
3886
8901
6549
7108
3377
7881
104
6027
5872
4349
1007
1736
1940
5097
5572
3180
6567
1966
7523
4601
9892
1713
7027
6826
6337
6024
2668
3532
3114
9463
5820
9508
4987
5996
8211
5193
4967
5673
3338
4068
8684
3297
5425
1694
1175
9119
533
2694
3080
1771
5511
9132
8744
2537
8726
7870
9331
6065
7949
6052
4263
3193
4718
7227
3216
2217
4396
2438
2451
3084
1524
7122
9630
8715
2572
2291
7497
757
8573
492
8919
3591
3139
1663
2044
8236
2586
3677
7468
8558
581
6813
9520
6178
5917
9780
5773
1301
1443
8482
5586
5566
3982
1002
3236
3230
8635
4869
7504
9478
5307
7243
3501
3360
4735
188
5141
2477
5797
9760
4379
6900
6063
8733
2860
5033
5284
2261
8377
7376
8718
6483
5285
7379
3859
819
6589
8843
3118
9683
3433
7229
1891
9342
7079
1385
4
3437
2341
5595
6895
6633
3201
4577
9936
9592
2067
7277
5355
5244
8335
7793
3890
9562
5679
3653
2415
3196
508
6282
268
8716
8301
3712
1844
4477
6598
3700
5576
5259
9603
1326
4963
9417
1910
7259
6094
3843
4576
942
1405
2710
519
7990
28
1169
450
4203
2763
3152
4520
2381
3023
7645
1087
3768
8912
4848
9063
1763
5606
8229
6845
1964
6644
8994
3889
6245
6884
5252
6519
3172
6776
3062
5218
8526
1360
6564
8003
9897
4836
3827
9904
7948
3567
9056
5661
6006
591
3260
2680
2495
7918
3052
5332
4769
1718
1454
4790
3271
6241
3450
793
2649
839
4600
8645
2838
9325
9167
3291
5686
3205
2400
9691
2471
3573
5766
3642
4012
3071
9544
1218
9399
8424
6897
6953
949
887
595
9211
7954
799
845
1914
9260
8676
4469
3780
2558
2202
9536
634
1293
3320
3993
6341
3561
5955
1417
4494
2327
2576
1268
5475
4071
3475
7297
8155
7004
3154
773
4438
7792
5777
1918
9238
5704
7702
4439
9186
2024
1600
1952
3202
6457
6898
6460
4093
2678
8151
8630
4099
6574
5525
5710
3006
9087
5806
825
7405
2316
9701
4672
7770
9746
367
9519
7509
5953
9768
6581
5527
1226
2697
6237
8487
2142
9793
8254
3499
876
6357
3985
1105
7849
1113
5352
998
1980
7491
7616
4980
590
7679
761
5970
5545
2720
7050
2931
3363
1271
250
3829
3656
3061
3123
2834
7357
2661
3522
7603
6477
6164
6499
6040
1618
2578
2213
4273
8892
9492
3081
1883
4407
6373
8104
8950
4764
9531
3760
9257
2812
6016
7397
2868
9136
1716
2600
8307
5739
3277
7747
9120
8197
5455
3055
6759
5837
5414
4108
4437
2365
779
8812
6405
945
1229
6151
6548
8484
3468
5712
1840
1112
4714
4127
5774
5349
9189
3815
4311
7026
8230
5235
875
5989
1427
7340
1673
8810
8220
485
6823
3730
2289
8209
1802
6925
3017
2944
6442
7889
341
495
2243
9298
4819
6092
5798
6683
8601
3418
7188
4196
4243
265
5470
7978
5734
9416
4728
6745
2288
1803
9816
5407
9172
3804
5232
4353
6105
7456
1085
1812
6114
9714
7534
5860
2281
6638
7727
4277
7391
8084
2414
8840
7127
5817
5283
4323
2398
6763
5536
3113
3160
9091
1669
2315
5190
6146
3390
370
4225
5148
4486
933
9854
9196
5334
3707
264
769
2962
641
1991
3660
6933
9326
5512
9282
9493
383
4842
9693
3089
4241
6649
2380
5506
7299
2664
7011
8251
3610
8436
5940
8462
7624
4930
2988
8384
6828
2855
5179
2788
1623
3315
7319
3877
7892
8144
197
8440
7246
440
9613
1099
1094
1445
2427
4711
4517
6222
5601
5471
9534
9064
1847
2338
3179
7133
7670
2619
9953
362
7501
5388
4303
274
7112
5379
2871
5977
7400
4629
8825
1811
4688
4973
6951
6453
8721
9368
8461
7600
6191
5669
730
269
5893
3272
3966
4914
1274
3420
4556
7549
1311
1581
2698
9625
910
8893
6045
7094
8896
1951
1147
236
754
820
174
3938
2787
5499
9216
7128
663
5691
3675
2816
2322
892
2660
1323
8093
6818
4739
202
7665
4847
3920
4046
9256
9942
470
7631
6768
7707
6298
8680
5390
1798
1379
7263
3714
9593
4198
2655
132
2042
2960
9663
5321
5662
5336
672
5171
4654
2432
4116
8068
655
405
6489
6949
2820
8848
8365
8367
929
9018
7168
9954
1839
3013
3140
4257
5452
5017
9361
7384
3907
8316
5889
9295
2674
3865
4300
7810
4230
3954
8463
810
9100
430
7929
2298
2446
2131
9614
211
423
8372
5792
6432
5558
2761
4449
3493
857
6449
1738
2528
2449
3752
2884
3042
4470
2366
8469
701
3503
6000
1879
4341
6612
2245
5464
8419
8751
4685
94
5002
317
7014
9225
7848
4961
2284
4389
1773
1353
2625
6537
3234
5513
8406
1235
6873
89
5229
2612
5932
2798
2154
8860
1543
9944
5720
6719
5378
4282
9795
1692
4354
404
6033
3821
375
3275
9431
5210
16
1985
5211
7023
692
354
296
8390
2188
9110
3612
6928
8245
2087
7784
8451
5281
4523
4176
9722
6411
8428
7322
8024
4491
5273
7181
7684
5700
1934
3757
9547
4997
6882
4744
8276
278
5772
7463
9025
4414
234
2303
1065
99
973
3822
340
8282
14
4125
5791
1136
6068
9359
7306
9620
4397
4950
912
9706
6748
9109
8578
8397
5672
9893
4942
9053
6911
3782
1453
5671
6444
5507
7247
8206
8717
2518
8852
5605
1433
6631
9709
841
3968
5729
6406
6771
4217
7811
2371
7392
3342
9910
1942
1442
8600
6354
9141
6396
7937
2422
734
1895
2642
7395
2692
7466
270
3189
7826
8914
665
8629
729
8333
6866
1799
9218
7782
5488
5144
1629
6681
6894
783
5003
1610
9491
3853
263
8241
3041
6563
6281
1396
7845
9197
6224
6989
3047
9648
2744
8723
348
3212
8593
2975
1077
2050
1354
9251
3523
2132
8382
2876
6125
5912
4544
1260
5449
8614
1474
9293
579
2081
6736
2405
4456
6653
1195
8223
8444
1772
600
3773
7337
7046
358
9938
1549
5526
6417
1119
1158
6766
6867
121
7926
840
9821
8255
9393
6377
2363
8656
5142
4467
8374
2469
9418
3220
3908
3645
4826
2731
8546
1387
567
2952
4698
2610
1496
1949
6858
8065
5168
9117
8654
4831
1092
9552
4782
2711
6101
7148
4863
5580
3098
4129
2905
940
2110
9443
1315
9048
7584
6200
9589
7521
2981
1702
6021
2111
7212
7530
1351
9924
9591
8708
285
6887
4121
7604
2454
3546
5212
9704
9329
1619
9696
1797
6286
7916
9476
3243
3402
4097
5137
9019
433
5277
458
2360
1317
4075
6197
4503
9799
3942
1820
9365
5635
7654
5900
6963
6389
5918
7488
6739
2695
9364
7692
3732
6604
3496
8934
3448
3415
2814
1935
7663
8875
2350
5061
534
2650
3724
1639
2306
9786
4734
4135
7582
9829
4984
233
92
248
1350
3905
7080
2953
9751
2377
4386
1913
3195
506
925
2901
7305
7748
6344
4625
3810
3133
8634
2129
1162
3116
1675
807
2200
2780
8658
4850
7675
6247
5648
8080
3480
3253
3921
4183
8418
2921
2464
6817
3247
481
6202
5721
915
1400
9503
6129
2487
2264
1911
2974
8056
8400
4478
7237
8763
9277
5745
6961
644
4227
2302
9375
1704
6395
3161
9467
4662
1211
4751
4539
5339
827
4535
7660
9852
550
6841
2690
3064
9602
1795
6753
3928
3254
2096
3317
9158
2947
6541
2673
4889
6988
7235
6132
8273
6013
1659
1076
3776
1822
7950
7164
2857
9402
1383
6615
2601
9922
3960
465
1737
5176
305
9464
4307
844
1237
222
6571
5206
5009
1144
3408
2591
5020
815
3884
3101
2331
9444
744
4701
6402
4519
569
8000
3466
6530
7315
1793
3919
9765
9335
5437
6206
6815
2209
8690
7367
3221
2478
4336
6364
116
3716
9161
2729
9085
4023
9800
2741
5072
2012
8572
923
2155
2567
5540
7458
5723
9681
3273
724
3704
8753
100
7223
7316
3914
4284
4531
7505
9288
4114
8058
9872
9840
8991
8143
6159
7499
9716
6374
84
1252
7708
5333
8277
6676
7411
6274
5815
9437
668
4465
4100
7728
5515
4939
1429
5867
60
4210
3738
207
9684
324
8923
8790
1437
4048
6452
6020
5082
5465
360
6475
3072
9682
8435
8343
5069
3462
7166
1299
8321
4713
7269
8284
5376
9384
7736
4193
4505
6382
4756
3410
2236
8969
7774
6308
7733
9561
4568
9815
682
4306
8066
3181
9778
8960
5258
3624
1646
4745
7540
2998
2353
846
8627
2139
9263
3171
5880
4270
8870
239
5902
2551
8441
8478
7847
3894
377
1406
1456
6353
7349
5468
1555
9313
2011
4064
3731
2647
8081
1849
2107
1345
919
4134
154
3548
8693
1191
2279
5987
6812
6320
7467
9732
3455
4877
7005
2401
6970
3775
6606
3198
4853
517
214
2724
7486
6369
3729
615
4956
1698
8169
361
9579
8062
859
7114
9556
2186
8460
3361
3770
7723
5051
6979
7156
4447
7601
6292
1032
5854
9482
1792
7718
1001
313
5311
6043
1419
7927
1529
719
9373
3070
1724
5448
8325
6301
7219
863
4623
8736
6871
6075
2047
5557
4279
7073
5758
3502
8895
6592
5080
2990
9951
320
7423
3651
6596
583
613
6914
8641
5441
4771
7089
2314
4872
4537
529
6106
1309
4265
252
2061
179
3028
8592
7609
7490
4009
6864
4281
9219
5677
5694
9403
4742
8588
9627
5975
5862
2358
2825
3690
6029
8347
5589
542
3930
5597
4897
3395
3067
9200
5579
3751
2603
4464
4585
7764
6553
7737
3147
9106
8426
4789
6443
9903
3885
7983
9981
6293
6142
5109
6896
1128
3803
3601
9446
3481
9754
7900
6907
9705
3215
7891
336
8916
6196
1319
2334
1932
2631
1715
351
7055
4159
8620
9097
743
4689
437
5682
6316
448
4934
331
7407
966
4445
5564
8554
8009
9131
6057
8467
2321
9797
2468
5945
8857
7798
8765
6122
767
2634
1222
6084
9956
3990
2178
5197
2585
8439
7278
9832
2584
4809
8866
935
5926
6878
2822
7498
4703
4173
4248
8691
982
6647
4007
8311
7144
5167
8146
3060
9174
7635
9967
1504
8124
8743
7061
2546
9848
2205
7010
1510
725
5340
5124
1287
3018
6729
1628
2989
9280
4787
3979
7844
7644
7252
712
4786
6012
9876
5276
2615
6294
4840
4645
6709
1257
4643
2712
699
4429
7
1528
4910
1699
1122
5154
9884
4575
8174
7341
5944
9175
3566
7719
3165
3683
4162
109
9794
1805
7092
5440
8609
6277
3190
8037
4074
3563
3463
5156
5301
7441
3300
4898
1285
4996
1227
4258
3616
9152
9270
8911
9250
3009
2505
5825
6575
3944
997
5911
1967
4052
5711
2894
9327
3231
5266
344
9153
9849
993
6433
2696
8958
2617
948
8984
6931
1276
2707
8992
2325
664
5713
266
8412
3743
9894
3406
5674
6140
5938
8237
2801
9203
7835
6874
9515
5784
9353
3209
3879
9542
585
5112
2872
7997
2090
800
2153
3922
7383
7742
5351
1592
240
891
8833
2239
3279
2898
7175
7333
9896
6383
8298
2882
7547
5539
2657
8181
9594
6430
292
6424
1134
5760
397
4588
2482
5373
5371
5907
1961
4631
8370
482
1019
6261
6284
7437
6233
1706
9919
4959
6935
5641
8740
379
1774
5593
5089
7781
3452
2757
3915
7347
1131
6694
3011
3034
1780
4362
5384
467
2964
1507
2955
5578
5338
8778
8574
166
4344
6413
3076
7875
4779
133
1823
1118
7846
5833
5983
669
6787
9366
4740
6872
7666
5963
1420
3649
7233
4211
6228
1868
1391
5479
8329
6018
9887
628
5509
9176
3339
2651
454
3083
7525
2253
6572
496
642
3525
1501
3813
9761
2971
2595
4416
5054
4206
4780
8405
5786
8672
8534
9934
5919
8511
6985
8586
5986
5138
766
2242
2286
6540
5689
2389
161
3248
8636
4077
2027
11
6198
4165
7390
1656
4868
7958
3396
6230
1288
6461
2216
1937
9187
3806
4479
9725
4144
1058
8855
1620
356
1239
6157
7649
7217
9286
9756
3401
1206
7581
1834
6039
64
3268
3794
5787
6502
3598
4066
7594
5255
345
3844
189
71
1554
6651
4874
8649
7788
7879
6942
2274
8098
7307
9245
2029
2589
9636
8832
1457
5387
1497
4925
9363
625
9233
3589
3840
2367
9911
4426
5905
7172
9796
1459
7262
4670
1550
4110
8577
7804
8446
6743
5161
694
2856
4524
2023
6204
1928
5023
51
7051
2411
6380
3557
7115
7695
2195
752
9149
3796
3318
867
9604
1869
7886
5738
7480
7053
4712
8587
1593
4754
7890
6455
8650
1615
8579
2614
549
9559
7673
9772
4441
9565
5427
7621
928
8951
5968
4017
5364
7970
4406
5462
9350
7433
9227
7161
2889
4213
2246
1609
6881
2810
3048
5263
3176
8834
9809
8773
5422
6318
7998
7674
2937
62
4699
57
5366
808
4380
5935
5984
5386
9125
3636
4635
7209
8640
1586
8909
9183
987
3857
4530
196
9429
3866
9540
8122
6110
6250
5621
8883
4238
4287
8326
176
9557
9358
3718
4450
5565
4409
7819
7138
7967
6861
8172
2113
2259
9906
4594
138
276
1757
1654
9177
4199
9637
2936
2735
3107
8988
7344
4498
280
6275
861
9834
8968
1123
9845
2293
5052
9511
1856
1020
992
1043
8395
2163
8769
2078
8731
1846
1564
7427
981
7882
3078
1220
5447
8877
8458
598
8401
5697
5951
2559
2244
2344
913
1038
3953
4208
3599
6166
3357
656
8528
9749
7009
2907
6614
1894
838
2622
2604
5
5547
7812
2968
2174
4892
4612
6273
2013
9339
4195
8657
9071
1064
7561
4770
7538
4163
6014
577
4651
9096
6210
7287
6386
4878
2726
4405
6758
1599
8746
8292
4543
8162
6579
5614
2417
4484
9553
2762
4020
1089
8752
66
1263
6950
568
7100
9017
5236
7605
3978
1634
3353
7715
1938
4145
1746
5920
9154
4940
772
7960
4917
4660
5083
4167
9016
2036
5808
5775
9070
7529
7541
6707
9055
1845
7204
9357
8989
8517
9483
4076
3972
8670
5458
941
419
6603
5498
9555
249
1595
3206
1145
5891
5035
4515
4382
487
5842
8937
4179
4861
8234
2902
4202
7016
2659
1278
7145
2394
7537
5853
2859
6962
7116
755
1375
2368
286
5314
2796
1230
2703
976
4448
3239
3793
2437
3854
7823
5885
6635
8946
9336
5612
177
7858
9861
3007
8442
2149
8271
6583
3965
8567
2878
9409
2864
3095
8859
2001
5660
1104
9135
8571
5239
2104
3541
5405
1749
2794
7912
2570
4641
9723
8611
5571
7961
9551
1624
6693
7258
5421
6431
7257
2632
9804
141
8219
449
6025
7406
279
7571
1627
4153
3619
7751
2382
9209
6754
7625
678
9067
2503
1636
6703
9638
776
9738
1720
1392
2160
2626
7214
654
9046
372
159
1655
6805
9907
3492
6289
6141
6497
321
9668
3090
2849
2858
5952
8639
3287
1626
3293
3819
9787
5757
1569
6749
52
8945
8681
2540
4879
1677
1286
4390
5584
5749
8714
4113
8501
2510
7591
257
880
5045
9689
2869
6055
921
5225
139
4073
9248
4377
7007
9878
2074
8697
3409
8283
4901
8306
5268
7640
9434
8083
8508
4256
8002
1545
9766
6456
7135
9721
7006
8801
3931
2019
8846
5849
8535
7671
6611
6621
8270
1469
5125
8280
9775
8839
1091
2994
8001
315
8986
1828
2203
5295
1234
8310
1223
1256
1513
3354
9408
337
8496
6780
2420
2958
5453
6761
5878
4275
4264
129
1304
1836
3933
1837
1096
9647
9968
2336
6978
2233
957
3340
9037
8819
1602
3529
7992
5937
1500
7730
8737
9688
1441
1231
5630
2323
7231
7964
9398
9588
3454
3169
8497
1661
3343
6218
7097
1904
302
5793
8051
8077
1525
8933
7386
2349
3758
4364
7325
9066
4857
8033
7409
2062
7345
7722
8786
6529
8947
9362
2466
8459
4337
1653
9475
1283
1005
2541
6712
7415
8599
3867
4696
1962
4578
3833
9371
7401
2851
1470
2549
8038
5538
6523
4738
6890
1464
9964
7704
45
3183
2563
3957
7180
814
2183
2672
7285
2041
8287
9745
6997
3174
9947
6257
4197
5882
5972
906
5645
780
9940
1853
7966
2232
5274
4102
1598
4043
8920
9859
5778
155
1280
4446
9652
850
2351
7869
9504
9139
4276
3600
6740
172
675
2361
7769
1944
3574
9010
4092
228
143
3577
8332
6679
5596
4003
3240
4070
5420
0
540
677
8113
9529
8935
2162
6659
7974
2790
7658
27
7130
7691
7800
6042
3157
8
4610
8739
7851
3026
6365
502
9241
300
2045
9825
3524
5308
5094
5105
6558
4175
3079
3996
6339
8865
9913
4639
3860
5267
226
5906
6458
8527
7454
7154
8216
2190
8787
9147
6240
9808
9750
4953
1827
5213
9267
8101
2352
2940
4368
4205
9939
9792
1399
8965
7955
2136
9925
1310
7098
1086
1789
2434
425
5548
1993
8727
9888
580
3783
7470
237
620
3560
7963
9781
4966
8257
909
3323
5412
78
8338
9741
6306
7483
7199
8878
3673
9006
984
7134
4069
3383
6269
6832
564
2554
6545
7158
2550
3485
5185
37
8215
6118
9731
2167
9918
2973
9088
8108
6960
235
7814
1978
5207
5508
1642
9505
6802
8235
5240
1292
5946
5747
9009
6279
938
328
5227
493
3709
1394
403
7387
1535
5173
5060
5368
686
7572
9988
9846
164
9262
865
3106
6685
9008
2976
3391
5359
8974
7381
1582
9694
3578
117
5098
2815
4411
2082
2063
5856
9921
4299
3431
6820
6351
914
2504
8626
3039
7288
1838
2103
599
4313
2925
7119
5323
7705
6363
3125
7928
7943
7461
8047
4743
4507
1269
8448
213
3137
8340
6868
2716
6030
9284
297
6514
828
907
1981
7732
3251
4320
3788
4328
3595
9895
2456
5771
1608
8595
3229
4369
289
9082
4436
1174
9883
9234
5897
2488
1363
7036
1767
5980
6618
6195
693
9246
6156
3728
8092
4095
9578
5736
8050
8388
4375
645
673
5430
6566
4634
2140
6705
1184
2583
7568
9755
643
6107
2035
6851
9867
5763
3585
6688
9651
3219
6536
2522
2114
9427
223
3473
6165
3138
91
1201
6213
4752
4418
1676
691
7090
3608
2277
5101
2255
2304
5835
9993
3513
6847
3898
13
7271
3435
862
1321
2066
618
5703
178
4098
6724
6532
9631
2892
587
513
6926
6987
6348
4315
8165
6190
7205
6313
8623
6235
6414
220
8187
8712
9387
878
246
4960
3873
5177
9144
366
9202
145
9356
7615
6358
8078
8993
1717
2970
4031
788
7864
1851
661
6948
7369
1364
4637
6249
6915
8336
8899
29
2830
2795
2883
7871
6073
8550
7579
2430
5603
9657
2709
4838
3509
7206
9235
9737
8131
516
8404
8345
1865
7265
3569
1483
2831
3940
1435
6394
4305
852
7081
342
1221
4030
1748
4308
3586
446
5931
6436
8548
9029
8564
9499
6650
536
4339
6471
5666
1265
8872
7802
1390
4065
7222
3625
9739
4154
6317
6569
7052
6408
684
3909
3925
2770
8952
4680
8102
8823
7825
273
4800
7988
4551
5044
8364
3817
2863
1244
6345
15
943
4096
6138
7578
9283
8285
3350
9773
503
8996
3564
2799
8822
3423
1290
6929
5805
8240
7919
1556
2141
7193
5118
5494
4995
3531
9374
9712
7876
42
7329
8202
4036
1093
1489
8213
9970
7642
3430
173
3880
7888
4453
8204
1572
798
777
2093
8927
4103
9258
8260
5959
8897
4271
1343
4763
1325
1781
218
4815
9549
4579
1125
9034
9315
8874
3774
7198
2412
2071
6154
3526
8915
6183
5304
9546
616
596
6297
4089
3387
855
3807
7682
4998
3309
2448
3697
2704
4209
4747
9569
8603
1460
9881
1597
8682
8702
8890
6143
1164
5553
1924
5947
6512
7909
2736
1219
6903
8971
8449
1523
2100
9164
5651
6715
5042
560
5570
7832
7938
535
7147
2980
9769
4591
3194
4951
1192
7469
7054
9300
6827
277
6791
9649
8545
2037
6116
9321
2639
4261
5532
428
9440
1327
8955
4653
5131
3043
8836
8070
8180
4985
3252
2702
8779
4554
1023
2204
198
6730
5486
9146
9512
232
5328
988
7389
4658
4360
3036
204
1583
5521
1486
5881
3153
2879
6498
7471
8415
5433
7404
3413
8429
7920
8238
7598
5008
728
5969
3721
538
522
8880
737
3816
4119
7703
8798
3184
150
7555
2870
5690
290
9874
5675
8152
5084
469
4324
4124
7382
1521
1349
6636
2593
527
886
5514
3046
1997
4118
1810
2235
6880
5979
1046
531
3487
3795
3019
4365
7596
4424
2609
6700
4283
5172
8793
3893
3676
3787
995
4883
4158
6932
357
7612
9299
5667
608
4180
2687
8394
7363
1030
5090
952
7449
6643
2086
8302
7766
6325
8979
4865
5195
6368
9049
4420
544
6876
4356
2499
1860
9059
5832
6429
6327
5064
8507
4567
7996
6079
7712
4806
627
2972
6713
4139
5559
2462
105
8853
53
4640
1667
4318
8186
6169
4452
90
576
4528
1431
5394
9610
2880
4340
745
5649
9130
6376
5230
8827
6952
6769
2496
2683
307
4999
1173
6370
3446
4824
2633
4856
1907
2310
571
3001
4642
4434
1413
6174
9908
9007
5068
2376
4757
548
4027
3416
6757
6698
570
9032
1143
5103
4583
6215
3734
3946
1969
2991
7208
5157
6022
1380
5031
3824
5957
4171
2809
3937
7655
4615
6135
3000
2618
6521
9355
9599
6904
4423
1854
1768
1010
3370
8802
1215
7714
310
1705
9305
4870
7726
971
2263
2374
8713
6801
1324
4404
6315
8700
5746
4737
2175
8646
7228
2670
7566
2914
6329
7274
7429
3571
8906
1927
5325
4725
5523
5104
5461
1168
3904
3602
1686
9727
6798
5443
3659
7289
4143
9814
2592
9020
7160
9516
2742
2967
2214
4932
711
412
5310
2342
6637
9577
3926
7905
4731
9743
7512
1922
1135
947
9115
2228
4485
8597
3108
43
3570
2832
8140
9344
7474
6420
551
750
7443
7394
7838
3027
958
9411
3163
1645
35
2193
406
6533
9642
726
9753
882
8770
3063
3858
7924
4549
3658
5134
7358
3744
7508
8902
7724
6609
9909
4546
85
3828
5300
3936
44
5265
1579
4156
9806
1511
2818
8581
953
3527
3381
8696
5013
5914
5537
9111
8160
8264
3555
3605
6473
6669
7117
426
4795
2399
1451
7238
4334
4044
2009
9133
8212
8128
9596
3638
7496
3952
5116
7058
6675
3232
2638
9521
7312
8259
254
6064
9033
7218
9400
9572
8454
816
8154
629
7765
7330
6710
2126
5469
1884
9279
1877
3192
330
8583
3327
3874
4891
5256
1232
6542
4251
9917
4803
9217
5344
217
4490
3755
6534
9351
4063
7794
3162
4240
6343
4177
9213
3258
4621
6794
2250
5053
9294
1266
6510
5091
7348
2497
1047
4088
4791
1060
1765
5812
9898
6268
6209
5342
9949
3073
5181
2912
9856
2776
5752
9619
7930
5678
8943
2025
4975
2881
621
8275
4983
9991
8107
5861
7607
3032
4622
1346
5943
9171
9385
1870
7024
9030
3753
6667
3249
7894
6701
2068
8575
2240
4650
1362
1484
7981
6117
922
2329
2137
4417
4059
4252
387
1006
3303
9436
3969
9618
5382
4408
1660
2547
6722
4001
6630
3515
6177
2046
7178
4915
2875
4644
695
9665
6049
6288
8585
8425
1701
4992
2846
8042
3511
2280
1649
6128
8136
1127
5869
9574
8940
1547
438
9710
3786
990
6580
3929
4301
2407
8416
8023
2282
2467
7069
5320
6728
4671
9317
3058
5059
3003
7062
4684
1566
8153
415
6399
8085
5845
2899
5638
832
6155
7438
3633
2064
2292
4888
9296
1277
3739
3518
5408
5402
9075
4431
6036
4871
242
9435
3214
9103
4233
6360
9003
9058
3312
4347
9889
4912
5779
4104
7123
6977
9586
175
911
3737
3975
2802
2278
1707
5497
8274
2919
2166
9289
9307
8568
8356
1804
1212
3225
1945
9982
7786
5967
733
1728
2532
3512
877
5767
1161
7295
6556
7482
2452
7253
7628
1178
8266
2644
860
3535
5186
5802
8653
6127
9084
1830
965
8005
1067
9995
8138
975
5199
1415
8019
758
6330
2364
9330
8977
7492
8433
1282
212
4663
7653
3203
8173
2006
9395
3802
5950
8686
7082
9920
843
3623
6554
2890
1874
9204
7339
160
7757
9624
1022
589
6721
6560
994
9992
7828
9343
7245
7681
8060
9597
7095
8503
1515
6276
9468
4514
7738
1784
1878
8474
3722
6658
3626
3971
3777
5634
3764
8069
774
7749
7957
9098
1872
8475
6816
5341
7049
8200
3772
1508
9242
3024
2355
3927
7475
5041
3316
8059
4466
3255
6781
8869
5011
9116
1889
9941
1261
3745
8351
5166
3809
9222
389
1409
9489
1753
9214
9239
2688
7887
343
4192
4559
9495
1617
6785
4228
7280
7831
4109
5288
2287
8541
5016
3368
4979
873
5961
1352
6959
2283
8926
8115
334
88
191
1084
4605
9306
9692
3008
8738
4385
4223
1896
3289
6779
5043
2781
5756
1509
6619
7086
2388
4829
275
7824
4302
7735
9401
9533
6584
1073
1998
5868
8369
8249
1533
3537
4480
3044
1842
7613
3389
6153
894
7398
9226
4750
4060
5411
210
7511
9445
7355
1403
2348
2493
3614
829
9980
5160
1193
9068
6160
4419
5607
260
8088
4295
2043
3565
3414
8560
4182
2749
856
3045
526
2646
4148
460
6889
5062
3111
7940
5123
7336
3726
4921
7698
4237
9404
9734
5348
6416
6384
4566
5250
9886
1110
5155
1424
424
5518
5715
4627
1648
9580
6023
7375
1029
1630
8791
5399
681
7734
461
7977
5039
4363
3217
8540
4457
3575
1956
9677
4131
1575
1709
1908
1570
1049
9868
8456
241
2948
5264
4184
3478
5234
1066
5312
7758
5801
5457
2648
125
662
6102
1242
4825
6842
34
9113
9124
1651
3715
9341
409
5029
2506
6597
7364
4321
418
741
4006
1296
8193
1647
5419
1247
388
6113
1759
5615
7187
3313
5223
3141
1833
7428
295
1198
5429
3550
8132
6788
1518
1408
5380
5502
5520
6085
3609
1462
3005
6993
9650
6747
5695
8079
1393
9946
1568
7153
8375
6378
2950
5231
7453
9367
9011
6264
5119
3121
9945
5568
4002
8555
8905
2010
4830
4398
4529
5629
2803
7833
1446
6940
8997
7865
8327
9726
9871
6356
2525
6312
4350
1369
4128
8939
2516
8845
5821
5403
9102
4832
547
5426
806
2016
5933
4242
3326
5976
3746
4849
1275
3507
6189
7539
6401
3411
3388
1328
2433
8771
5965
8990
364
9349
3471
4168
3069
7868
2719
4403
4022
3856
6829
1414
9524
980
5353
7822
7018
1371
4682
2569
8434
110
3648
2124
5668
2020
2769
5644
8242
6256
3808
2328
4204
1611
1539
8130
7951
6366
2824
1606
8584
7281
22
7192
102
4941
9346
1163
8785
5040
7535
7795
749
6090
8566
6332
1688
2208
9833
4733
7104
2699
9715
1165
605
8116
7580
5871
8290
6087
5369
414
6891
1552
9454
4704
6835
9281
6047
7662
9143
6037
5030
1740
7074
7465
2853
1791
2965
83
3977
7931
8863
607
4697
5619
2613
5799
3530
7602
7659
7303
7841
8544
2386
927
9184
6623
8948
7520
9839
8970
4573
7857
9168
4266
6150
924
2997
3088
5477
4862
8149
6862
7403
3010
7056
1180
5960
2060
3365
7093
3352
9798
4351
4359
8821
6695
2807
5587
6208
6525
6299
1747
5994
7294
471
835
7856
7131
6248
1888
1477
4533
1395
7040
1758
5785
1498
384
3628
3134
1996
7862
1696
2439
6582
6400
9430
9461
2436
5590
2588
1690
455
9498
8288
251
7224
636
3948
3568
6625
3119
5034
5456
9247
7430
8199
2751
7067
8542
1534
6954
6305
8189
9645
2515
4596
7720
2362
8028
2296
9380
4101
6203
167
8344
6319
6918
6893
7750
8777
8796
740
2309
5203
5617
6244
4304
4694
3835
5988
9228
6716
8318
2156
200
1033
7436
8320
3762
79
1100
1741
6121
8800
9646
3670
4667
7310
6663
1044
3876
9571
2548
3767
6819
9747
8856
7352
2272
436
3717
2032
7448
9656
2819
4919
6095
8590
1031
2424
9000
3167
7444
7533
1106
1208
3637
170
2529
2294
1517
7606
3516
8562
7462
7745
9989
5656
791
4570
2560
6500
2808
3126
2223
158
1302
4860
6071
8121
7962
1863
7044
9621
8710
2829
4509
2608
350
451
6821
4788
4455
6921
7629
5337
5624
4231
2106
1004
3292
3723
3310
1488
1714
9703
9192
8756
1959
1368
4896
4086
2538
8017
6488
888
8703
4000
1083
9566
4111
2290
7899
7484
3346
156
144
1638
5472
6511
2421
1902
4285
2999
3477
7317
7272
2182
3934
3497
8828
2476
6885
689
2821
1370
6738
9961
8663
7543
4322
9173
2963
8553
5922
17
1808
9163
8417
346
2777
7877
5317
2008
9378
7065
4004
7464
9828
6005
5585
5924
8556
1177
7110
8267
8286
619
6726
2954
6479
9880
7360
9522
5575
7194
33
4609
369
4908
4461
5450
511
323
8884
6670
7286
8805
2597
3117
537
7157
6061
8398
1926
6538
1473
2783
9278
1072
5981
9439
1594
5533
9598
1976
498
6834
147
7553
9994
8064
2108
5093
427
7350
1640
8473
6588
5551
4081
7896
8402
162
7544
9538
3703
9997
5890
6646
5588
5776
8357
5159
7885
311
5162
932
1262
9060
3536
7956
5165
5822
8231
8858
3916
9826
2393
9813
1478
559
8087
3627
2395
5642
1782
8210
1621
9369
2038
4929
5810
2929
979
8762
4852
955
3233
4926
9460
3182
8411
9302
7328
5126
1920
1744
9230
2384
4207
2513
5432
4778
6447
6984
3583
6565
3674
8312
811
7650
7476
4244
1562
5939
8632
3763
9134
193
9785
7627
5260
3135
715
2105
5073
5654
6767
3562
6836
1735
9817
9455
5582
3093
2392
1397
9974
6936
5245
3797
365
5717
4107
1641
3382
5687
1745
3065
6048
2904
1428
3528
6641
8127
6789
7216
4606
3096
8922
9043
7165
9271
6741
6508
9850
5305
552
5220
3962
6599
890
2058
2337
114
9266
2966
9862
2275
985
6340
4132
2842
352
7934
1831
3692
2982
4194
8706
9042
3789
7760
3587
8317
1074
8342
7570
5354
5727
7985
9869
1224
1197
8150
6225
5184
3337
1146
3754
9986
1986
2636
8148
7626
1622
8519
5780
5398
8014
9820
2072
7678
4489
8747
4592
9259
9028
9916
554
4707
1786
4474
9190
4581
5544
6019
7583
7687
4045
8119
2693
3620
7639
5302
4560
5550
1721
2161
630
9099
6482
732
6375
5026
6967
152
6994
4161
32
2933
7587
7563
2312
1607
7176
2500
1181
9685
8445
4024
6792
1711
2118
7066
8183
4262
2134
5916
6076
1683
2198
908
4904
5133
2607
7370
7230
5485
8041
5683
6720
9024
1790
2656
2002
8420
1402
7597
30
5505
7855
3476
1068
7388
7611
3328
2455
1887
3467
7633
6004
9957
1448
5701
5375
2552
6591
836
463
4280
12
6742
6657
7614
6969
9
3551
7859
8742
3227
7763
5663
4291
3325
1253
9127
9890
8520
5438
2177
5896
7418
1357
1080
9628
5901
3629
9297
2326
6494
5743
6272
6032
8774
9157
9543
8096
80
8780
727
7242
5836
3694
6170
8981
293
8838
303
5058
9675
7075
5296
3127
2117
3376
6304
9623
8341
3394
4611
8488
602
58
1337
5744
9560
4366
6259
8842
1813
9322
1475
709
8300
3170
6111
3440
1494
8246
9539
8918
7432
3719
5415
4542
5974
6732
6629
7873
7903
3038
1039
5079
593
6478
7125
9733
7619
373
3102
8671
6252
3412
9333
8662
2123
3781
7030
8067
7282
8486
6287
6302
3970
6678
7884
9107
2961
4783
6610
9291
6913
5830
4681
1635
9791
6770
1463
8730
9494
9199
1901
9309
6393
8323
5036
4820
8129
8797
7898
6251
7861
3379
5910
4948
7972
8063
7250
2391
7162
3460
1166
5214
459
6673
4122
180
6387
6171
1815
9860
1680
2005
4146
2115
8239
8142
518
1892
9465
4586
7396
3991
2187
5884
4823
3540
3210
2301
1485
65
3284
2085
6600
6385
1434
9044
4971
2055
7495
4219
9318
6677
4345
2517
1679
9912
660
8754
7302
1751
8004
9612
9392
2080
3269
9352
4924
9340
8294
3643
8477
7091
8622
8734
4828
1708
996
7969
8214
8985
4444
4229
7854
5655
2758
653
2885
8719
3004
639
3479
267
7196
23
2267
4553
7672
1259
6152
7700
2635
6372
3425
5114
9568
3489
2616
8888
9818
9680
6441
4708
6490
8767
1133
3923
710
1159
3834
7518
8547
3399
7413
3695
6050
5877
6448
9952
3029
4236
9376
6438
5708
4821
6702
1685
5120
1103
7953
8392
4473
3814
7685
4748
8809
3012
8049
7321
7417
4400
1115
6765
8666
6995
184
8061
7836
443
3432
902
9500
61
514
6435
131
6234
3505
1864
3204
3299
7680
4793
411
9151
937
7255
2502
4412
3939
9865
3652
7361
6397
3892
8602
9841
2435
1684
6097
5417
8208
4855
8379
1422
8188
3094
3864
3749
7944
6838
8465
4526
4717
4775
6439
1787
796
2157
8221
3579
9391
4687
6772
5474
6419
2180
5066
7275
6088
5178
5099
4147
1188
2238
3902
6699
3444
2390
325
5331
4440
721
7296
1366
8673
81
6466
306
1761
6945
1196
8278
2823
7155
3989
8031
4140
5251
8983
8112
2760
5327
1565
561
601
1671
2356
8480
4937
6976
95
8020
9930
2843
3449
9012
4079
2030
9708
3397
5927
8072
3356
8303
2307
1386
603
2866
1826
6939
2667
7048
9838
4094
1225
8580
7925
2083
1898
3451
717
7412
768
9420
5481
1719
9984
1241
6017
5929
3378
7994
4659
5076
4138
9026
8615
8010
8163
1150
2408
9453
4885
2065
4765
163
6717
565
4502
5219
7290
1919
797
4945
466
4767
4468
5467
5424
2486
5413
2957
6100
2211
333
9523
1832
5759
1574
8607
7101
4342
8383
2470
7922
7371
2897
3765
410
2442
4532
7118
5389
6920
7493
2184
4947
9584
6513
2158
9720
40
8659
5442
8530
782
434
647
9963
7203
1264
6568
4040
9021
4151
2775
9858
8371
9412
1974
8022
5855
751
5292
2706
8359
3841
2410
1858
3504
9718
9609
3913
49
9851
968
1505
50
8258
4115
1255
6946
3345
6392
4325
2146
4186
7690
3241
7575
5990
4933
7473
7991
2249
2514
1190
4388
3185
2056
4253
4487
6689
3050
5754
9719
9830
5205
7335
1361
6605
6236
648
9567
6968
4254
5106
1577
408
7897
8309
7556
507
9528
5636
6255
8125
8776
5850
9488
3820
1561
2207
2524
9423
2039
1440
5782
5888
8134
2189
7546
2722
2930
7291
702
2318
1658
5309
5484
4471
3517
9198
4335
6923
7459
5949
1199
4923
3491
6775
3348
5818
7087
9236
4972
3020
7762
1818
2369
9047
9383
9824
1965
3087
7020
9634
9836
4042
1384
5096
6194
8813
8007
1183
8289
5487
3667
8961
9690
7372
9711
7907
9142
2234
5574
6070
4218
5117
8261
5796
8308
4430
6434
4582
9185
541
2073
4676
1316
8617
1541
2484
9396
3208
9045
3351
8998
2844
9104
6691
5803
3104
9509
4286
1578
9377
4561
8619
7562
6300
4962
9207
1111
7731
5216
5163
5459
6642
96
9193
9264
1925
2419
3270
801
4618
7796
3875
5958
2450
5620
1893
4260
5324
9933
6706
9643
2040
8882
3261
5626
5315
395
1722
1082
5840
8532
1258
5904
7064
3720
1308
3983
8296
2052
6696
2778
1273
2135
6041
6266
959
6099
7500
931
1209
5249
5439
528
7485
2935
5086
7923
2492
7519
8192
5594
9606
7039
6464
9866
4569
7234
9449
5857
26
157
5358
9812
9977
7071
7548
7801
1821
4267
8864
5652
5446
339
9089
8552
1015
4062
1573
8538
6187
3469
5930
594
8074
7129
8522
2553
9370
7778
1090
6124
7221
592
7775
1467
8886
1458
6379
9902
1045
9581
5549
1809
3799
9611
9857
6119
8094
5322
5725
2891
8228
4652
6199
3987
6212
6459
2555
4055
8089
1254
640
8408
1468
649
575
6852
227
2165
674
8265
9776
8518
1973
6607
9752
6390
7935
3959
4496
1536
5357
6285
7818
1243
6917
978
5392
4572
6290
3956
2945
2977
5048
5831
5991
5899
3075
650
3698
2568
2993
6934
6883
9583
4638
3986
7022
854
2179
8735
3173
9573
3736
2681
762
8353
883
7043
8090
9269
230
586
7932
8457
2498
5709
3702
4316
1948
8817
6407
5827
5534
2192
6216
368
716
4655
2992
6492
2530
54
8498
8613
700
4221
5698
1202
5491
8764
676
6220
5524
6246
171
3855
4867
103
8608
3973
3372
7993
3514
284
9162
4329
2152
4082
802
7047
5194
3199
2099
281
7866
3223
8806
4399
119
8044
8831
4458
2007
3641
1412
6958
574
9206
1312
944
3115
9129
294
2938
9118
6927
7976
3655
6551
5664
68
9114
9472
8954
4497
6825
8011
4499
8253
1154
2054
7236
4902
1941
5361
4614
5242
1723
2237
1989
1939
149
4599
2511
1016
5616
9337
2196
5135
6077
1916
790
1553
1101
4510
8135
6587
3278
8196
8816
7689
1450
2260
2645
8016
638
2199
6655
1591
2987
515
5319
1055
7647
3341
1693
2565
3112
8841
4845
1954
1915
2480
2509
9742
3488
59
3404
3756
8185
7107
7174
9311
7241
1584
1769
1657
6162
2375
2033
3305
3870
5055
4907
5702
1909
5460
9022
5063
970
6877
1800
3945
4799
7450
8114
2946
9290
4822
6648
5762
555
2906
9332
9178
6501
3457
3385
1703
7320
7528
6347
1377
86
5313
206
8319
4508
6601
5783
8166
3606
9717
6807
2404
2800
2212
2598
2753
1186
8898
182
4649
8250
3470
7754
6311
4278
6381
1731
8205
2387
7522
1551
2116
4759
6762
5879
5049
4709
556
2489
1452
4428
1931
318
5528
8464
7677
6526
2485
8086
7399
1332
24
2147
2403
2956
7837
8536
3572
6231
1205
8589
991
4700
8844
9208
3286
2797
9658
8807
708
3074
9039
8973
683
7620
329
7933
2127
8868
4357
9292
934
6214
6846
5262
8633
8396
9615
6120
1559
6062
349
6879
1358
5657
9608
301
1336
2378
4964
9320
6628
5110
7240
5001
9301
5215
6136
5737
6531
6518
3344
626
3015
1992
2671
1121
2077
4974
4810
2637
6219
5087
6843
3678
5978
3405
3999
8792
3881
1632
2691
8631
747
7917
8468
8466
9479
3684
4536
1025
3175
1785
8854
9324
371
8928
3654
4112
3845
558
6437
5569
7516
3644
2928
3447
3131
3597
3375
3846
893
9632
484
3878
7646
4574
2773
2774
6421
1130
9517
4216
7638
7813
753
6559
5650
7377
8794
3177
123
5037
93
1499
8029
3494
4527
1807
6517
9448
1151
1338
7697
3547
3766
8729
8387
3158
25
3861
382
3662
9348
760
421
6535
1712
6265
3422
6697
897
4460
8171
2916
4459
5075
6506
4141
8224
7088
4646
6975
7776
8281
1733
5598
3188
5018
3424
8705
8642
9926
6919
5541
2354
5915
4710
2121
9914
7042
5115
386
2833
3105
1251
4597
2577
5623
6491
8324
7693
6134
3640
6103
3384
5627
5395
7402
4657
70
6930
6361
431
1245
3665
5705
4019
4969
4191
8432
6188
8664
2092
5174
9092
5416
1070
809
4864
9169
3166
8908
6524
6850
1953
7451
3124
5233
9240
5522
6708
6031
842
4693
5473
7874
376
1289
805
3262
1117
4290
3380
4080
1078
588
5180
2927
1035
7099
831
6784
1801
5489
6656
9915
4142
7773
7526
5755
6335
1142
5478
7759
4358
4005
8956
46
1172
1963
6109
9928
4157
7783
5637
87
6602
1167
3801
3706
8505
4296
7878
2854
272
381
2164
5956
6799
5809
1124
2767
6185
1835
130
7941
7152
2542
2911
7982
8427
3592
5293
3899
7965
5552
8455
4943
8233
3266
3903
8758
7565
7643
8741
6011
5139
8137
1875
8314
9223
6328
9905
4011
4451
5170
1752
7651
9229
6999
6056
8668
8073
9644
1207
4084
895
6966
7215
9550
7743
8109
1438
5303
8694
9811
8184
3590
7279
6207
5604
6139
5108
7440
986
6711
2402
6863
5622
900
2423
2521
920
8678
2531
1102
722
4041
1689
5345
5928
6839
3666
3051
6814
1682
4922
7860
2151
1520
6028
3826
3
3200
8262
8699
5750
140
8724
3521
5010
2475
7334
2579
8637
9031
1950
9137
7753
6686
229
1000
1037
7121
3883
4053
9545
9191
7353
7177
7028
3812
2004
6148
6639
6426
4801
8026
2256
4913
4376
5434
4050
1444
5208
3031
3059
7729
1729
1423
7717
3543
2721
475
748
8862
8103
1098
1548
347
8179
2602
2663
4378
705
4976
4991
4918
1088
3159
7807
1214
2465
4665
7452
6620
1373
5971
1612
5610
9457
5676
3868
1743
4620
195
2587
9600
9935
7895
256
77
7136
1990
6270
4512
9182
359
19
3911
2727
6487
8936
6462
2120
7979
9480
6664
3613
3639
9783
5769
8013
4298
6404
2630
2226
4056
9078
1132
5716
9582
885
1867
9900
9080
8034
1356
8533
7829
7527
9673
523
6626
118
2943
1754
2459
4686
879
8789
4552
7163
5631
785
3224
2599
8722
612
1605
6104
9525
38
7721
9285
524
9328
7078
7457
1491
9975
6944
2862
4314
2949
9891
7683
9929
3661
253
4259
2472
4603
8692
7300
8263
5542
1995
6015
9789
9639
8647
3533
4181
5329
5271
1011
3631
5866
98
2918
8539
1603
3961
1936
1075
7913
8766
2461
7945
473
3335
2122
8543
4773
7000
477
5680
1766
2985
3429
7590
4839
3322
2755
2675
697
3584
1194
1531
918
1588
9659
6227
7936
6840
718
4648
1730
5032
3910
1200
4239
3304
1008
7184
2580
2917
9959
224
1943
5998
7455
4255
8380
6947
416
1249
872
3129
3863
8885
7622
4415
2079
8244
5350
8495
1372
7167
4028
1739
2708
1348
7694
898
1912
4029
609
3918
3427
5367
3054
6833
9121
5294
6137
9414
4881
3994
5187
456
4327
4326
6892
6098
1476
4727
7595
5145
8891
1014
1947
3301
8728
9996
8514
5692
1982
8881
9057
4812
8980
6418
1210
7308
4174
5436
2743
8695
5372
4927
4886
2574
6991
2590
3950
6355
4374
8651
3688
500
8732
304
7973
7191
670
4330
67
7380
7270
2805
8048
666
6044
271
4873
2144
889
9170
3852
6291
707
7744
1540
4785
5169
5543
9697
6333
1977
7827
2474
7507
2764
7761
1063
771
5246
8123
3191
1886
48
2265
1333
5150
6454
1139
6937
8500
6450
4753
7378
1114
1378
4083
2640
462
1526
5224
736
8894
2097
2643
9676
7356
6217
2194
9076
7785
3285
2700
2150
391
1900
5859
7267
6096
4038
6910
7013
3438
8378
896
3148
8373
483
9823
9901
153
8569
4866
9415
4054
9077
3750
1637
1899
2319
505
6822
7489
3398
9510
3441
2101
5253
8570
1153
2654
3668
3283
2789
9513
1300
746
5841
1314
2582
8126
9381
6886
4401
4859
7971
5038
9274
1
9215
1329
1816
6238
4488
5625
9502
6594
3832
6731
1095
1921
2747
9490
8757
5647
2069
9764
9319
4736
5895
5728
667
9779
5733
7995
1988
1589
2357
8679
8170
7987
5718
8661
2119
9244
4911
546
8175
7151
2623
8190
8957
8924
101
2850
2053
7326
8470
7986
4126
784
6192
2909
8483
8222
5618
6982
9140
9654
5243
4058
5561
6507
2520
8966
617
7686
2224
2903
4513
1081
5706
7201
151
2759
5454
1250
6616
8218
6254
3222
954
7842
6796
8279
6869
9422
4846
6211
4977
5838
4504
2372
4541
7667
3687
3407
2543
2206
107
6349
9442
606
3458
967
5127
128
3988
1760
7618
9005
488
1825
3621
8489
6296
6998
917
4008
3679
374
8481
6856
9965
3355
2218
7768
187
288
2251
5377
3545
723
6973
6428
7045
7256
6168
5608
4702
1558
521
2512
8815
3142
9564
2112
3110
7197
834
9937
2332
4784
8361
420
6034
7632
6824
1975
4746
7017
3295
9735
5261
680
1668
2932
9730
3461
9338
7060
5204
2230
8921
6108
4805
3811
4246
1601
4383
238
9788
5326
2811
8141
7532
8871
7914
5209
2519
7550
8644
7577
3056
7592
7752
7947
8452
190
7623
659
6242
221
3392
3136
4758
578
5941
5282
4647
2359
2535
7149
1725
6314
9180
849
847
582
9771
314
7140
9740
5153
2561
597
6608
7249
778
3274
2564
9276
413
3308
2836
480
6493
3696
8313
5828
5495
4105
9224
4706
5391
3237
2295
6278
4548
9108
3035
3740
9334
327
5510
6723
3862
8198
3149
2088
5567
5057
3257
4988
2908
2620
1841
185
9433
6362
1631
632
5014
2628
604
6149
8784
9770
7816
2297
2018
8849
5768
8256
136
6391
739
8978
5913
6415
6182
4955
5883
7503
8352
9155
1906
8942
6262
9616
9275
3791
5370
2545
1538
9923
5128
794
6147
8755
1957
8043
8494
298
9882
3040
7126
8133
9405
6472
4613
7872
7120
5670
9061
6837
5198
5393
5592
5740
5982
787
7063
3842
1320
7557
6992
2300
3681
2210
2021
9255
5873
7589
9487
3465
2913
3097
2383
3333
6503
6803
5406
1903
2765
7037
6336
8782
1625
884
1897
2191
4120
6144
6427
6253
679
3851
2718
1764
4970
1041
2015
6010
9002
2317
4946
8008
5365
9079
4269
830
1040
4133
2886
4903
6777
7159
3238
821
7701
3033
543
3713
4705
5480
3197
3805
6972
385
2533
243
9724
2014
5685
479
3887
3747
2934
731
851
3742
7385
6782
2594
8182
9179
4037
7190
3186
7032
8164
4993
2084
2527
9853
7169
8529
3265
765
2725
3580
9496
4506
8243
8368
8036
8749
1495
2817
6445
1295
1048
3235
9273
3294
6026
7789
5111
7942
5693
4887
3211
5496
8391
5081
6957
622
181
7777
6546
7143
1149
1018
3049
1493
4188
4632
7573
1071
8297
499
1367
9759
8591
3474
9469
6704
225
9626
8139
1189
6089
6870
2739
3932
9272
4247
1335
9195
2102
817
6186
353
442
453
9672
9605
2481
572
6981
6755
8015
4760
5346
7301
5789
5298
4072
169
9212
4608
6167
4944
7293
3256
9485
9575
7447
6003
6307
5735
557
3144
9050
4433
4010
9640
1171
8814
4245
2490
9394
3030
4876
393
4587
7946
3459
624
9873
215
5130
2028
7260
41
1502
8350
9105
8537
1596
494
5948
9955
8385
3053
956
4669
9477
7608
5517
2867
916
3941
5025
5819
1587
7506
4015
5858
338
5143
4732
1532
3974
2416
8624
905
9052
4432
8054
7840
7699
9347
3259
3307
2841
4136
4781
7113
7179
1246
7362
3906
8606
2017
2483
4319
1857
186
3373
2262
4674
1946
74
3705
7710
8504
5942
6718
9265
8337
4673
786
6853
5410
5925
972
8799
6
1298
1776
9807
8941
7076
2969
8247
1616
698
3484
7077
5228
2247
6035
5237
2330
1426
6790
6875
3615
1850
3066
631
6324
7103
4678
6346
9998
4808
6795
3556
5934
8513
9777
9671
3226
4078
5824
7327
7283
9452
8176
5529
5646
9231
2556
6091
5726
6123
6671
401
8389
9702
5007
6941
6481
2750
5848
7716
5000
8304
9252
9617
9165
1999
6857
6078
209
1407
7709
1482
8701
2738
3552
822
3367
7959
3245
1848
9035
8203
2596
7524
5047
5894
1062
1053
490
8559
530
4900
8331
4333
9456
9150
3242
2258
1182
31
183
9558
4268
4166
4026
795
6859
8551
1303
435
4034
4776
9069
20
7652
2566
1979
7393
6680
525
6002
231
1382
2942
9072
6938
6902
4607
8339
3581
9159
363
1726
5095
4716
4234
738
5247
8549
8071
5067
2877
6797
9501
6303
8348
4894
2840
7211
4952
848
8491
1281
3849
1297
8512
2219
3100
5201
9554
4816
2685
3779
9015
7821
6480
3871
2145
9802
9038
813
7001
3400
6469
3442
3935
5291
4442
1987
2170
8563
8100
5770
4792
5490
1152
3542
5829
3168
4352
1176
9629
3823
5445
2756
3538
8655
3657
6176
2057
7815
3419
1516
999
6660
5200
6175
2343
1958
1141
8594
2441
4033
5217
4047
646
6295
7102
1079
8032
7487
7012
4843
3510
8667
1137
7200
3281
9221
8191
8628
7070
6086
3836
8330
6906
8830
4563
8030
2269
3900
3534
3733
6624
4190
6990
8305
5962
3288
2308
9532
869
3178
1873
1674
7414
9877
8252
6082
623
7445
8707
2076
8685
7517
5404
2171
3680
3691
3213
1284
6093
6422
9101
720
126
584
7477
3022
7182
9687
3984
9686
6505
881
930
1120
6059
2409
7576
402
2426
5289
3924
6163
8145
2684
2791
9782
9831
9655
4595
2734
5423
8929
4384
6161
7239
6806
4051
432
6725
8808
7808
1778
1779
4616
4978
868
8688
2173
7111
5428
4938
7304
5876
8156
8720
4427
2252
47
5136
8999
4343
8847
4719
8410
9065
8413
1294
1471
4835
3132
7311
6804
2346
1571
1796
6131
3897
6964
2922
5492
8652
2248
6009
8931
9310
1666
2313
6388
8118
9590
3848
1341
8295
4454
9822
6562
4292
3838
8386
2835
8648
3963
4968
1514
2176
478
7510
2299
9438
7185
5396
969
1775
8334
1021
6115
6271
2285
4545
837
4091
1727
5995
9027
194
5681
6955
9870
7771
4274
399
4931
3995
8430
1732
5611
5021
5238
7880
5843
5374
9261
9090
5530
7421
1051
2305
3329
2133
7713
9450
7059
2022
1871
5189
5688
8225
7132
445
3539
8524
8506
8612
3632
2428
6965
7634
3456
5846
5397
3145
3082
6229
8904
6733
5903
5383
1527
7542
4130
7268
1116
6258
6570
6371
283
2581
5823
3207
1157
6971
9819
9576
6409
8711
5632
3130
6773
8422
8972
3276
6486
611
6595
8207
4798
633
134
1604
4981
8328
2827
6495
452
4021
2221
6811
6403
55
2754
7021
1233
8962
8515
6527
7588
3445
9312
1697
4164
9123
977
9774
3428
7425
7226
1560
8876
3464
6844
7791
2986
3947
6585
6322
9784
5788
2089
9927
3359
4272
5800
8820
1788
3594
3498
7803
9036
6367
5973
1307
3980
8982
9790
7342
9486
4361
756
2201
6201
7790
4463
2557
4525
6504
8621
6267
5275
5546
3818
439
5046
4772
5887
2874
9661
5500
2138
8772
4741
7904
1339
7368
8177
6425
864
6263
939
6555
5504
2128
5122
9595
2806
2227
8027
8576
6232
4410
4668
5280
9707
9323
5004
5147
6112
1054
6714
9767
9083
5731
6239
4817
8761
8748
468
106
1563
635
9976
3109
2168
9695
2873
2621
8106
8804
299
2507
652
4288
7142
9237
6179
3099
8959
4032
3290
4547
1306
7939
3588
8903
3955
1885
1430
4989
6515
2723
4965
1479
6485
7083
3264
8889
308
120
7902
8760
1447
8095
6924
4761
8147
6786
8217
2766
326
7439
6865
6323
8052
3693
2665
6054
5463
2148
7676
7806
9837
5795
2460
9466
904
5863
2779
6778
7661
9962
8376
2273
6067
4501
2453
9607
6544
7173
9990
5964
7031
2910
3358
1439
3506
5851
3958
5875
7029
614
6661
5152
6326
3672
1824
3021
2768
2385
216
5132
9548
6331
5100
3554
2098
759
380
7273
5628
4149
3332
2444
8837
6986
1881
3490
9670
2003
3500
4909
8476
8012
6001
3306
706
1490
983
4057
7309
4905
5519
1291
1930
5640
4882
2686
7564
6909
8925
9470
9847
3366
3371
5483
2745
964
7171
2413
4123
378
219
245
9653
148
1890
7636
8509
486
874
3282
2075
7034
4067
7740
7688
8161
5707
4393
5554
3912
464
21
7374
9406
1480
4150
4990
8826
1783
9827
5908
4443
63
951
2813
2526
5609
3331
1472
1148
8025
8053
3647
6522
5826
9148
7141
4152
7975
6476
5418
2861
2752
3943
8226
8046
7424
6423
7346
8248
6849
2534
4722
394
871
8111
7186
7460
7481
1681
1700
4762
1678
3951
3895
2847
9497
1179
5121
6577
7442
3314
201
4571
1330
3263
8018
637
946
1506
5555
1866
2406
9013
2895
2
563
3635
8082
1381
4565
2222
7323
7038
7502
2714
9194
146
1036
2396
9698
1411
714
4232
5113
7137
3611
4511
9424
7284
7189
1829
2701
9633
7915
2339
8910
2717
3727
4371
3992
4018
4137
6260
4061
3374
5272
9181
36
1613
4683
509
5088
5892
690
2094
9073
9451
4413
7298
1217
2828
789
4155
5074
8582
5794
8907
5270
5015
1425
2852
7354
1028
5753
9360
9987
7921
4598
7332
7586
497
1126
5175
7797
7248
4476
9506
2652
4936
9810
5493
7656
282
7410
1185
5050
3086
7254
8675
8967
4090
4755
1970
901
5401
3593
6578
7426
4935
2266
4692
1140
8835
3143
4749
7558
9537
853
1862
2676
322
7780
72
1042
4013
5639
9899
3634
3349
9713
9253
6280
1374
8091
7756
4593
9801
6665
3014
7630
2143
3336
5241
4854
6412
9762
1794
3302
5724
936
192
8021
1216
3553
6309
3120
8346
4589
3321
8745
2606
9758
6180
3618
8232
9844
4818
5573
1052
1633
1461
4332
9126
520
5381
5318
8360
3882
5164
4766
6684
2335
5022
4679
3701
2785
8709
9514
5363
6126
4087
9138
1050
5221
396
7867
4617
9004
4518
2978
3830
658
9249
1917
8781
1401
5248
1344
5954
926
8354
3699
687
5024
7373
3016
2026
9425
3997
8887
2539
989
4516
8502
562
1017
4807
8850
4482
407
8605
1492
6172
4804
7041
9757
115
6617
9428
7422
1544
6855
6751
1546
4462
3976
9587
6654
545
390
9432
8097
2746
9086
3831
5347
2979
688
8510
6557
1059
2896
5269
6760
3663
2536
8120
4226
5722
6662
2653
309
6465
3769
5451
7084
4624
1542
5158
7805
7559
4604
4626
5290
3250
4890
7124
651
2826
2324
5279
6622
2792
3558
2804
6221
4394
3784
5516
3798
8867
6446
2172
7531
4538
3607
770
4721
2311
1905
704
4039
2373
812
7225
7472
6451
3324
8683
6983
2915
8322
3187
8557
2447
1331
781
9674
6080
9345
1670
8269
573
3426
3544
950
8523
5286
775
9314
9585
3439
5741
5852
6283
7648
3092
1971
8775
2705
5751
6668
5613
962
2939
3896
4297
4187
8076
1814
713
6184
6682
9308
1238
7755
4777
7338
7033
5814
7025
335
8407
3917
3771
4724
8643
7003
1855
3998
3850
9074
5966
6398
6223
9728
2440
8227
1342
1024
6468
4049
319
4215
2793
6310
5811
9145
