9766
7212
1150
970
6506
5209
1865
3491
9368
3087
3235
126
5248
7149
4787
8086
2096
1237
2405
4689
5427
7681
5351
4550
7068
9590
1596
4480
4451
6078
4963
8633
2021
938
9266
8955
2214
3193
1791
3851
2268
2010
5739
8986
9631
477
8859
3290
9769
8346
6284
8025
9342
5953
2503
1004
4429
902
4760
4767
3032
5986
9847
729
4843
4526
1321
4367
9666
5148
4739
6228
9139
2758
6282
7546
6332
3794
9795
6174
55
1692
2434
3050
2880
639
6708
1595
3214
6192
8605
3793
3455
927
8993
738
1862
3772
7310
5843
6837
9325
1728
5864
785
8446
3204
4281
4941
3445
2948
1196
9353
5819
6786
3592
7320
6676
3037
3339
1907
7624
9630
4285
4549
5486
9602
602
6523
8018
4592
835
9790
9373
5757
5064
1806
8504
5471
4714
8122
8292
4833
6825
3028
7076
8495
7710
8223
7545
8937
1387
2185
7469
4815
9194
1425
3252
3605
3607
280
1273
1123
4180
3495
3585
9363
4570
3391
1626
9925
3351
6551
3233
832
840
1104
5202
6401
8817
4502
2364
4259
1781
2407
1997
8895
1422
499
1256
1345
7367
3514
6455
3754
9400
3143
1261
8056
7420
2478
3736
9752
9399
4226
1890
5996
2890
7856
4477
3516
5218
7412
6213
1532
2462
6815
4516
8005
7891
7478
1074
3901
8795
5649
4497
9798
5185
6372
1808
2500
9091
2759
612
5138
7117
8125
6034
8024
7305
3593
2775
9744
7154
153
7725
8091
5290
3352
6809
1585
6880
5965
5413
2676
6828
607
9234
8036
8664
7666
6604
5627
7465
5561
1181
8077
1770
2841
7566
4378
4745
4567
6436
7685
811
7582
3270
3538
9042
3287
2213
657
6818
5778
2530
6341
3863
2686
7864
5804
6875
2220
3415
7809
1739
8951
240
971
9022
3508
7529
7708
6019
5433
2783
9636
386
2894
7479
2117
5205
1534
3637
5276
1961
3770
5591
418
6331
4873
8213
7713
8794
4536
7036
8004
6375
8630
7220
2058
8138
1992
9619
6747
4332
5182
3696
6941
5317
1925
8414
4214
2383
2717
9800
2639
9903
8954
6215
2212
8420
2858
8201
4343
1172
8480
7012
6873
6067
8729
3245
5262
3202
5507
6504
3645
2821
7751
4924
9916
9315
9415
3334
5297
2165
7676
9745
1695
2037
5906
9671
9265
5097
4146
3824
2113
9411
2413
2924
1426
2469
7866
7699
9274
6381
7203
1893
1008
2088
9522
7161
5274
9681
6072
333
9507
137
5947
6310
6612
6703
7946
4505
4712
7082
5546
9657
7556
5260
7009
7592
8257
5054
496
4172
2612
4875
5263
7995
2524
771
46
8587
3284
276
8572
3091
354
7122
53
5615
2610
7244
9153
2452
4746
724
7214
6988
3980
434
8207
1511
3273
5266
991
1086
4199
8557
6020
1627
6080
5517
6479
6948
8487
7092
3900
4457
1014
4209
1982
2337
9708
4950
5852
2736
6050
5132
8774
334
5197
4461
4553
7770
4310
5674
2970
9228
8386
5166
4587
9729
9823
2722
2048
9740
8882
7308
4205
7311
5101
384
9647
7437
6731
9500
460
2823
9250
9623
718
2727
9920
183
9298
5154
8518
4487
4981
6303
4939
9226
4046
2453
2656
6427
220
3470
5357
1923
7673
4855
8263
5692
5421
8385
7248
4852
4994
7607
3332
325
3138
5118
2916
4744
3816
1258
2144
4665
7786
4530
5989
3152
5687
807
6692
1248
5402
6170
7152
2202
3738
5400
9175
6217
1861
2276
4507
3400
7018
5401
9890
2270
1384
3501
6157
8008
3880
4201
5096
895
7313
7241
4545
7250
8029
7385
1032
9618
2650
7610
6196
3993
6514
951
3553
1714
3764
9859
3163
97
2798
8433
5848
8978
3060
1651
7936
7221
4203
2046
8550
3786
8233
1229
8080
7846
4808
8079
7765
9232
9158
1717
1697
5162
326
3311
9656
1165
7079
1332
9593
5072
3548
7369
8733
8558
7360
5643
668
7659
928
9307
4307
4893
8070
8182
2318
5970
1203
7439
5832
5497
427
7041
3130
39
2640
999
3191
8396
5653
7129
1950
1492
1356
2408
4227
1340
2148
8268
9331
8271
3377
2896
9492
5261
9943
20
2124
8926
4846
2201
480
6452
2820
3474
1954
710
8109
9078
1570
5840
3631
4910
9819
5307
652
7054
2039
8439
3425
1691
6241
4851
328
7675
6045
4273
7797
698
9985
7977
4630
9141
6794
5711
1753
4844
6496
5115
8136
8801
3691
1310
4054
8716
1383
3125
4301
3791
606
4609
2920
6246
5126
2152
5943
436
7746
1019
5923
9587
3280
8159
3046
5650
6099
6561
5931
293
8799
2242
7753
6650
3223
1076
6998
4927
4943
8108
8328
6723
8863
4397
3161
6152
5783
2163
3595
5599
8870
7657
1679
3393
4222
5121
9024
6569
3372
5551
9975
4499
381
6700
5933
6741
8354
9381
8218
7363
7782
148
5814
3278
4648
1027
1423
4083
7429
41
5693
5436
794
2873
6021
8202
7802
2654
4911
2681
6740
8090
8771
8942
450
4240
2967
8195
4283
2557
2853
9046
3799
5128
9128
4417
222
5887
7510
2484
3557
1649
9758
3466
1661
1224
7256
1476
664
9883
363
9256
713
7538
6469
4858
8534
2118
1389
8559
5395
1482
7985
588
5683
4623
3782
72
4770
2861
6781
3041
4640
8905
5741
4188
9356
4605
5499
6648
1190
3910
5891
1822
3708
1473
6225
5974
9774
6552
7109
3760
4747
368
174
9864
7703
1870
5751
4617
8483
1737
2694
4974
4435
7312
7016
2377
2395
8531
7806
775
5149
244
6
6351
3325
5861
786
9802
7822
1849
2106
998
2038
5143
3640
9419
2116
2291
6223
2928
4805
4877
7064
6799
6517
1518
3566
9005
1618
9742
2127
9465
116
4813
1900
340
8377
9071
2246
3923
6674
9835
4419
779
5199
4849
4091
4187
1971
2287
7166
6472
819
866
6105
5941
4647
6722
3189
7781
2643
9109
2103
666
6663
4241
6023
471
1782
8198
4734
3763
9645
2472
5534
5217
365
8877
9416
3475
3085
1569
2677
1169
6929
3000
4551
4644
7200
8228
4573
2662
8566
8775
3784
1563
887
958
3726
5332
3437
5772
7615
6337
3507
1541
2971
2550
6417
1316
9262
6596
4706
1338
9736
5866
4914
3227
8500
2703
8785
7696
6355
7791
1655
3673
6226
504
5545
5715
957
3972
2837
6095
8828
6649
2139
7442
8713
8250
7448
4850
4220
9625
443
4409
2874
2589
9201
192
9163
9611
3921
6253
956
9105
7321
1444
2991
5335
5057
4931
1377
7732
1166
9469
7586
6502
8983
6939
4265
6321
6160
7517
6013
179
6684
5016
7224
5060
4892
7792
8738
9571
1546
2215
4039
9675
22
6838
1388
4809
4659
7236
1498
4584
1786
6210
6853
2946
377
9359
7572
9709
533
7989
3521
7501
227
3275
8285
3522
9023
6885
7853
2412
6677
7484
8913
7849
7020
5677
8360
4037
8190
492
4891
4992
5846
5053
563
7394
8282
2712
7358
1785
4980
8095
8084
6294
2641
7639
5180
6896
7284
6267
3262
3171
1542
6158
1591
5881
7361
3361
3336
4253
4066
5964
9542
7912
2593
4237
2922
7017
6136
3837
2859
1365
2753
547
5500
6508
8452
4360
6047
2184
7759
4130
9986
6114
6389
8291
3949
5720
5606
2561
5496
8533
9942
1474
8606
1129
5336
8876
2817
4687
8073
5914
1339
2544
5215
7868
1608
5797
3964
2629
4440
5328
1274
7720
9248
992
4637
3026
7030
8856
9289
4089
9011
9949
6521
5925
7021
4393
3852
2725
2808
262
543
2843
2773
5187
1682
5809
3959
8115
542
575
5456
2777
2927
4159
4581
1773
9889
9361
2596
4631
9909
5094
2851
9083
4108
564
5316
8440
9114
9977
400
3643
7063
7928
648
3819
8953
9855
4434
9601
2528
3113
3675
5344
6299
6441
5347
3541
553
6983
8276
6459
9907
1668
2115
6387
1650
2975
4399
8017
398
1973
853
1313
9007
318
4831
3697
4065
9018
4953
9723
4351
7411
4560
2849
1282
392
9945
8888
5924
8425
6129
367
8187
9472
4471
3038
47
9323
5382
5299
208
7287
8119
9462
9300
8058
3199
5488
4385
4231
1232
792
5195
140
4836
266
8059
6760
3198
3132
1589
5265
474
1293
2937
8773
3927
4908
7105
8645
1828
5146
8130
9414
6616
8491
1208
8222
7427
6421
7593
1249
6979
7816
2277
3016
4063
8826
7799
9843
2579
649
6804
6147
4764
2695
2747
5447
9249
7477
5539
9369
9892
5258
6398
7381
5724
9014
5404
441
7285
583
1501
4670
7209
4522
5736
7288
4555
7157
1286
168
8116
7845
6714
7375
1054
7464
2234
9687
9905
4080
3840
6724
7199
9267
8071
1996
3818
5668
4212
8429
6572
2613
9166
58
1873
4569
4594
9380
6362
1577
3912
4324
6611
2716
8883
6639
1003
131
2767
274
5179
536
5566
7841
616
7324
1838
2145
7821
9768
7231
9463
7102
8991
8707
2766
9520
989
7632
3388
9357
2887
4602
2688
261
9537
4508
1080
3406
7472
943
8225
7217
6171
9727
320
7523
5100
5123
6505
5833
6918
587
9036
5189
4182
9327
9002
7548
8584
4406
5035
1969
3965
9290
8779
4314
1972
716
7348
3896
8469
9810
9915
2539
8601
3427
1924
256
1881
8193
3480
4197
390
8147
6956
631
8661
4008
1202
1621
6207
3142
1145
6265
3591
4085
7978
6903
6680
6694
2206
9815
4776
267
4464
9338
2801
2708
2742
9252
3440
6644
2253
634
4865
4208
345
8528
8067
6779
379
7228
8798
830
350
802
2622
6951
8689
7058
7352
1033
5245
7649
4216
872
9781
6606
1568
7911
239
9992
5536
2906
4030
9087
5698
5685
6224
7147
6237
2532
9074
2040
1706
8541
4702
1177
8867
2351
1042
4347
4308
4366
4664
309
8808
7563
8331
7931
3524
6102
3285
882
6770
617
2847
6352
4304
8315
200
5583
1712
9104
1363
8959
4595
1866
9066
9884
5788
2370
1185
972
3652
7694
8706
8843
7585
6046
9865
438
7434
7824
218
5099
4520
8979
4919
2073
3441
2439
1994
6096
6323
9756
2776
6298
3365
6578
1288
6474
3373
1161
1097
8970
7609
9349
3940
2730
1119
9669
6525
3755
3145
6393
7245
8302
9741
1836
7783
7304
3887
9264
7941
6814
4632
3220
4576
2942
890
7906
8639
7088
8382
4529
3409
747
281
9081
9547
7736
3731
158
4356
5994
5737
3994
2052
3179
5312
8436
1765
5934
9030
7661
5174
2862
7631
2444
601
5525
692
7723
3620
3843
8323
2765
7979
2653
3210
7654
6187
8064
2852
2607
5270
9753
3856
6635
6841
8376
6580
7587
8133
7116
685
4178
8929
2308
788
23
2748
5023
3789
2527
2399
52
773
3750
3194
7662
2262
8861
4589
6851
1635
1504
859
7135
4678
8135
7532
6685
2771
6792
7433
1721
8152
3343
3761
8823
6430
9953
6624
2122
7557
8049
2729
5422
6326
8510
3671
4707
1601
9354
8260
4033
7575
9866
8061
6467
816
4156
7252
2429
2306
2470
3128
2709
9429
6732
3509
9658
7844
2389
8235
3551
8940
8409
8482
7888
265
8363
9936
1347
5250
6116
565
8248
1880
1194
5325
8746
3903
620
5167
2502
3206
4704
6863
1452
5742
1599
1449
9762
5979
936
3919
9013
5747
806
37
9894
1520
8185
776
5733
9020
8014
4034
2238
9696
4357
2313
2634
1396
4979
9966
1275
3700
6531
2388
6935
8591
9799
1142
7671
5803
9402
1772
6179
5367
6260
1110
5690
6787
388
1447
5147
5930
5885
2635
3981
5256
793
3841
4987
9791
8078
8428
2016
723
4303
5929
6134
5726
2939
9933
9320
3452
5748
9466
5893
191
3835
8339
3614
2358
6255
514
7817
8508
5087
524
5752
2019
56
7454
4411
9107
4806
8939
7445
3111
8590
5358
9291
1479
4674
899
3519
6547
3785
3895
9642
1775
1175
1735
6091
6833
5874
4289
7019
4160
7917
9608
544
4224
4325
2404
9334
5513
6691
7551
3838
1198
1646
6850
6370
8498
766
8611
5346
2489
8378
3039
1186
1385
2611
9911
9246
5559
6466
3105
7225
9398
941
6922
2824
700
3712
3098
8398
9516
2075
5031
335
9578
1034
7531
5048
238
5181
9147
4635
9049
8597
8855
2962
7680
1696
4558
9979
9170
8230
1660
3985
6278
9750
8890
2065
2091
629
3635
5868
4134
2322
486
5135
8617
642
2443
8562
3968
7739
9189
9057
1470
8721
9713
621
1057
1098
5392
8186
7053
8286
1885
3622
8960
8279
9135
3052
2757
4482
4988
2235
8784
4117
5838
4810
82
2249
3530
8691
2420
8966
317
1151
8623
7767
2723
2879
1891
4050
3465
4168
2506
2162
4463
6820
7205
2053
2575
6780
9732
1427
8069
2938
1654
9984
789
6503
8368
3398
4735
7005
1704
4789
5679
8750
3498
5718
6295
9218
8481
2904
6817
7758
9544
3071
7211
6535
1207
3231
2126
7376
5636
3506
7619
7077
4153
3570
2844
6053
9948
5033
8157
1960
4177
8693
3149
6097
7111
3170
9319
9764
5773
4935
5888
4009
7554
3228
5056
3613
4032
5440
7072
5505
8411
5036
6669
4651
6026
6356
1247
9612
8265
2330
8307
5768
7974
2090
4533
5942
6377
395
4736
6475
585
7611
423
1330
7181
9523
1733
5940
7796
1146
5014
2929
1705
2966
7301
5895
9478
5664
7035
9004
687
7843
216
9888
4769
7583
704
7307
5699
1766
5576
4723
4075
9841
8120
5915
7541
9967
3743
5696
1096
9900
2095
5812
182
5213
3081
1393
8358
7562
5387
508
4186
209
7378
9436
3240
5298
5117
1241
7399
5573
8171
4985
9404
6073
9818
5124
7769
2061
9458
9154
5091
636
8756
730
5207
6317
993
5022
5111
3153
6057
2109
5071
1829
2754
901
7598
8957
7948
4450
5434
3346
295
2770
9145
2510
4365
893
9077
5255
4942
1517
1715
5787
9718
635
38
5688
7495
14
1291
2892
7110
2546
184
3746
614
6541
9633
3806
1757
9533
757
1376
15
8734
987
6940
4020
313
2483
4874
7509
9183
7500
7177
7526
6989
5337
7998
2208
4162
4986
4244
4267
3342
1625
1024
6286
9126
4845
3504
528
4876
4169
481
9627
65
5272
8151
7831
6483
5026
2719
6858
71
8624
1213
431
9845
2248
9468
8442
2978
6161
7261
3578
9649
9413
5549
7892
8449
5125
1188
8191
7728
4869
4885
5839
5225
8620
949
7025
1918
1494
7763
6071
8034
6199
2745
560
4070
2085
7226
8610
567
3682
5198
3598
1472
9345
112
7859
9229
8765
2059
3485
6752
9926
2295
338
6151
8582
6342
106
3654
9733
6978
4239
5353
5203
2831
9664
3464
8712
2816
3053
2908
5564
8934
6368
9485
997
3216
7080
1157
7073
6912
6164
7560
4642
7387
4327
9263
248
2609
4488
6992
6444
3798
7115
7855
6454
6576
3685
8156
5697
5352
8965
5782
451
2317
1215
7413
4018
6577
768
5790
6450
9339
2290
7815
5398
7561
1051
9502
6920
1913
1666
1305
5580
9224
8652
5823
6720
6848
6980
2813
688
930
7255
5359
294
8209
8192
5006
3847
3600
3397
8686
5704
2458
5061
9459
3956
906
3477
3266
8755
373
3765
4671
1238
6553
7206
4913
7346
760
1536
4027
2222
9877
1149
8893
3911
1199
9811
57
8003
9286
3045
5585
6857
1052
8438
7876
1495
9207
3639
3215
535
9161
2092
4779
5254
5345
3456
4512
2952
9366
8958
5896
8501
674
7544
8022
4583
3860
5702
6238
5017
5219
9098
9869
4074
9786
9573
7223
3543
9557
2762
9304
4641
9434
4251
4004
2028
5973
1998
5397
4761
6374
2433
911
201
6268
228
7704
8332
6252
8110
4568
8167
6867
5877
9406
9284
8404
1935
442
6599
2697
5912
7644
7643
2701
5889
4290
4176
6947
33
1965
7435
4803
9991
6670
5567
2475
5725
9893
9552
1613
6410
7410
6871
7473
9223
7100
2409
2633
1574
3779
5913
1758
8318
6301
6292
6591
9287
7964
6273
6540
6132
3878
2700
7070
9955
9410
9694
3307
3492
561
7638
7635
9475
6959
965
7935
9177
8663
3667
5626
147
5300
8741
8114
3264
6632
9132
9408
5899
2647
7630
4396
5164
6802
4119
5955
7297
1936
8412
4842
9754
7997
7356
282
1491
3680
9385
4326
9747
1424
9688
5759
2269
6188
9731
3547
1428
3769
9700
1830
1598
4023
1496
7222
6545
8379
3064
6025
4028
2679
7336
8548
6608
4069
2950
6734
4899
9525
414
1894
8544
3096
7121
8579
7010
2600
9178
5385
4460
7804
6004
251
7112
372
3844
4340
2217
955
2426
888
848
3646
5556
5807
1016
4866
2427
7213
5437
3699
1837
9640
3208
8996
9956
7039
7267
8124
5916
752
9032
5114
4922
7106
3137
2800
6511
9237
7871
2836
8134
814
6840
7084
8747
1519
1643
1442
4598
7323
1343
4685
5414
9981
9397
3615
9858
8137
1419
347
7087
6556
4254
298
232
9569
6842
1244
7396
210
4079
29
8694
8231
5161
7519
9285
1117
8649
3136
5553
1807
7249
8749
7727
9179
8476
1021
9659
4025
8519
8374
197
4213
7431
9452
369
1431
6203
2983
5407
2020
7295
6582
3387
9650
937
3180
1752
4192
1005
9391
5067
2907
1072
5377
6969
143
3263
3151
1877
1412
5268
5738
8341
5208
2314
4546
1776
8304
8063
6204
5451
7724
5438
4795
9335
6976
5745
720
6395
3539
9489
1041
8862
7343
7772
4788
7842
3407
3195
6767
558
3237
964
1892
9351
6081
1901
194
1556
8131
4402
2793
149
2362
7981
4698
7629
1049
8026
8681
3447
1611
1035
9692
6527
3655
7286
2218
7700
5954
2226
5654
5870
7527
1139
302
4797
6173
3079
715
9121
4143
8164
8217
2360
4475
7183
491
2959
4093
6340
8949
3555
9568
8413
4238
1287
9990
5247
5749
7219
9803
5959
8391
5944
4925
2833
8748
641
2914
7622
2481
1846
4898
2987
8511
2141
892
5196
5666
7383
7738
5873
2549
8074
4483
1681
8490
1513
1561
3908
9432
5721
5590
6433
2595
1178
3333
2074
4211
5785
6314
1490
5286
6772
4872
4302
4801
1358
34
1824
1292
9995
2446
3505
4204
5856
6447
7698
6125
5950
3997
1355
2060
9239
570
5847
9918
5509
1386
4511
7688
5487
1455
6065
8242
2848
7881
8812
2732
8264
4945
5032
1465
4690
7750
2011
4944
6269
827
7992
3720
6137
3433
1917
1612
7340
2187
7577
1847
8791
2955
5150
2799
4355
8547
1699
3230
4590
8087
2666
5012
6876
3527
364
9662
4669
3486
9973
402
576
2062
70
7137
2621
1361
531
8739
4719
1528
8880
5604
5420
5863
8252
1548
2934
8474
3934
6426
903
9186
470
3363
1317
3478
1148
4179
6806
9301
407
4539
8512
6037
2921
6110
2628
3952
5081
2474
9572
2741
875
2105
6221
1487
5960
6705
4710
3305
1802
9564
4990
682
9443
8236
7926
3828
1362
650
2573
1122
4479
8642
9927
8896
8842
7052
6482
2973
1778
5746
1724
4778
3002
6402
1947
8388
6056
4114
796
2064
4481
3666
7980
6601
1026
221
4299
449
2842
1417
9054
1116
6584
8153
1554
4382
9006
2146
3494
284
2888
4634
2036
4295
2198
7316
6656
3612
3542
9454
2514
8013
2486
5946
4336
9157
1999
4955
540
6476
9279
3946
4503
6138
3958
5461
2421
1460
8919
4904
8266
981
6570
3
9039
931
374
6077
4001
475
5628
1077
5049
9904
2008
6002
9151
874
1060
3116
1334
4729
9579
2533
7148
7026
7074
1743
6603
9143
9447
4113
3281
2587
7033
21
9515
2027
3859
5676
1811
2779
3481
7656
5816
3443
5412
5076
4965
8392
9978
1001
225
8348
554
6235
5450
8466
6405
9016
2951
3686
7031
8371
5921
356
2537
4612
2910
5958
2875
7034
1065
7599
5188
9980
2958
3719
9217
4540
4454
6560
4140
4995
2034
884
9019
4524
3207
2005
5305
6219
5077
9498
8878
8389
8408
165
9333
5319
4184
4588
7595
591
5230
5775
7419
8536
2334
4126
8459
1187
1225
6671
2178
2350
7425
1200
2114
2063
3259
2082
534
6964
2280
8907
6900
9816
7597
3010
78
4217
6439
7357
626
9793
389
6068
1857
8581
2636
8704
3829
2977
1883
1720
1281
894
2153
3904
1722
6289
6801
6194
3359
3825
5326
9176
4756
7296
6409
8719
4765
9697
8001
9302
6602
5647
6954
8711
2505
1981
7918
4428
6664
6658
9215
7937
5625
5502
5280
917
2702
2553
3875
3802
7550
8619
3213
2871
769
7525
9456
5700
5045
608
9944
7119
6271
6897
7081
8858
8364
9093
397
3160
5349
1966
6634
944
8155
4618
8634
163
6254
5193
1609
8643
8444
3749
8665
4229
6083
2380
2431
6927
4234
2993
7113
9705
245
1209
571
1777
4705
5406
2969
2900
1484
1299
1503
4078
3019
1683
4743
1667
237
8370
7521
495
8598
740
1168
5233
6571
2390
1325
4800
4364
2352
3442
2221
1216
1463
5419
9592
8096
7823
4371
8977
844
8626
3403
6659
515
4728
1489
9885
5597
8744
2563
9555
9531
8479
7099
1978
7996
8475
8181
2515
3556
4766
3575
4122
7558
7097
2256
8650
8751
925
8659
8575
1914
2668
7836
9343
1429
8196
6425
691
8160
6361
6755
3725
3119
9868
7430
3502
5710
6575
5872
8614
2707
9084
3139
9487
6175
9253
2293
5055
9199
4578
3181
2870
1565
5088
8112
7107
4547
3529
5424
5630
7762
6390
7768
3364
9792
9923
445
8818
6686
9896
6860
1749
3313
8494
5633
4894
8847
213
9789
3253
4138
2931
2480
2804
5592
3101
2619
2224
2078
152
5680
6458
2239
8432
9610
4276
5498
3092
9567
4991
8226
2136
3632
4498
4673
7326
8489
3983
3992
590
9722
6258
7528
2400
7263
5289
2494
4572
6309
8293
1411
6655
4236
7628
7719
6428
8128
3497
8239
7552
5728
3380
3865
2343
6715
9560
5919
6017
8524
2031
3947
9807
1825
9638
4095
5727
4870
7692
1976
4733
8790
6498
6548
6592
257
7672
9850
9352
4322
3768
5252
8288
9553
7863
8924
3718
3576
8827
9051
8912
3702
6698
7011
8560
1390
7835
5987
9528
1665
4742
6029
7707
6542
746
4390
2692
1048
8849
4384
9165
3490
6800
2312
2182
1831
8726
9950
5334
5243
7983
2811
459
4668
2728
1985
3126
1833
5837
7825
4115
3055
9738
4962
2682
9496
2071
4474
8219
1686
5902
1408
2366
9101
3854
8690
3676
7468
8395
7539
9796
4252
8330
5354
9455
4221
8573
4971
2316
8793
4864
3356
562
5240
896
5622
172
2045
2704
6234
3401
5009
6107
2281
5221
9726
9921
9364
1400
337
4814
6982
7400
9324
4441
146
8766
8043
5695
3306
8044
4868
1928
6712
286
8356
9208
6657
8994
3312
3347
4262
7424
2857
4627
26
9294
7776
8361
45
7422
1938
7543
1144
4628
1987
3376
4167
8273
9372
5394
3330
1853
3124
1769
3078
4697
1153
1718
8397
410
7319
8838
3752
4287
7391
1295
4337
2945
9430
380
5600
1747
1289
5732
8708
9615
2980
2299
2545
4624
4860
2608
3186
873
7466
5815
1581
2236
1939
4554
424
1333
2440
3083
7392
2511
5624
8453
7828
5480
9597
1564
5734
759
1841
1087
4643
7335
4758
940
9972
1687
8499
5220
9467
4926
9441
2705
4822
9303
8916
9637
1945
8527
855
9641
1774
2655
4067
8735
597
2183
7240
4930
9801
2941
5466
6146
4755
6005
5834
5629
3810
4521
924
599
1184
7820
1896
5015
54
3909
9891
7617
4269
4492
7667
4611
9099
8730
9836
5020
9358
1218
2315
8687
9001
1790
2173
4455
736
5911
7589
640
1633
6304
5824
7663
5563
1937
5639
3338
7963
4835
8197
3866
7347
1192
4218
9538
1085
3976
6358
2070
9370
8303
6830
9160
7827
2796
2498
5460
1346
7620
1859
2522
4633
4563
4106
1566
4446
1868
8542
9395
4653
6739
5789
4190
2243
2076
7118
5229
5279
6130
4957
8846
3072
9362
6180
6985
7103
3678
923
1312
679
6066
4058
321
8062
8800
6360
3337
9952
7184
2601
3716
3261
2751
9814
101
7709
4249
2335
7067
7752
7349
3185
8961
1416
3009
4323
6334
3277
2101
9453
5476
1909
7467
1392
8776
6140
1040
4639
3385
2382
843
1342
5474
6261
684
4614
4084
3340
3173
5842
4574
371
5851
1658
3107
224
1031
8616
1552
8695
6924
4754
6380
3658
1375
7344
1324
6211
3920
2094
3201
6834
9720
2856
2930
6784
6312
2986
4964
6386
3286
3690
851
7764
5391
8796
7994
7618
5310
9169
9490
1134
2104
2809
1420
809
5473
1796
6468
5430
8169
8740
7055
7567
556
7004
7279
9072
4889
2733
5294
6126
6499
5968
2247
1154
3751
8727
8321
76
5678
91
7238
4999
3812
1750
4431
1461
4677
4255
7146
6392
6111
99
9585
6660
8052
3297
8170
8445
6622
268
3008
1303
9276
1
4721
1886
6411
4610
61
765
3250
9607
6643
4649
7625
7902
214
2830
488
8884
5541
9710
2961
3267
8653
7139
9875
9050
8184
5011
1220
202
446
7265
2263
4599
9103
8126
8165
164
5468
3641
6385
6750
4433
6408
8012
2396
8041
305
2807
568
9340
1466
8316
7132
4557
2999
8789
5484
6519
6824
8367
5586
5605
2526
1931
7128
6728
9494
6874
4859
8641
7564
6490
9982
529
7878
3090
1108
8841
4045
9872
9048
9517
7251
2891
3183
9190
8551
7239
6588
2344
9961
411
755
6415
6675
1800
250
9600
9196
1819
3068
5903
5079
9901
6212
8612
7870
551
665
4341
7812
7967
549
4654
7735
7810
3710
246
8631
680
6620
4358
6949
3930
2087
5156
3102
5005
5503
1397
4535
6139
4275
9788
9776
9825
7486
4183
4194
2521
6730
6986
88
9581
2724
8815
3845
4857
880
803
3141
1929
6788
8399
9043
4042
9678
4432
7660
4977
9171
6197
8563
9583
569
3326
2278
5620
4544
6637
447
1784
1657
2336
5004
7574
2261
801
4195
3918
7302
2501
5744
3496
6769
6621
7171
5971
3938
7386
7779
1652
1957
6399
1344
6759
5552
7451
1480
1290
5830
6901
8944
6774
3589
1887
1277
3088
3308
117
7596
4768
7476
2812
733
4969
7502
322
4334
8840
6227
4458
8928
7524
5862
9969
4129
4415
5120
8238
7175
6495
4392
272
3033
5007
1143
9403
9777
2699
7793
4311
4750
7201
7127
7938
5417
3169
5712
370
1904
9283
5042
1745
689
9396
5302
6075
3024
4772
9058
1746
605
4060
8811
4068
9844
2664
3106
6970
6950
6746
7880
4616
9159
3950
7511
869
6316
8964
2379
5046
8470
8106
9191
3886
2520
4268
7262
1926
4762
193
5504
9702
3790
2328
9554
2321
1527
3787
5719
433
2196
2017
1844
4444
8917
7379
7969
1369
2143
5713
8456
6974
7460
9180
8887
6465
2467
8502
7443
2417
6249
8603
8297
876
7294
2049
7130
651
4438
7775
3451
4802
4577
7000
8985
1977
1664
7504
1984
6027
5780
1624
9717
9483
9080
9910
219
230
5595
8405
8768
1630
8682
7646
7944
430
9834
4403
7194
1863
4966
6735
3260
129
8493
5801
5776
1137
2292
95
5555
7191
2582
2186
739
2464
3855
2447
6968
8816
160
2227
4784
1226
8418
5876
1603
2468
9782
7289
4716
7338
8123
1242
1038
9428
2161
7371
3931
1171
2209
3036
4271
4663
1684
4783
1132
4701
8676
831
1013
3368
6562
2026
6489
658
1399
9653
4967
118
1968
485
5883
5459
4377
6557
4232
2051
2867
9116
4147
1915
1567
1109
2536
3672
1707
9376
5381
6424
2687
8117
2567
9211
8848
9464
3355
904
2416
5644
4486
3870
3848
5813
4666
7536
8792
3408
6384
9028
9227
299
952
9034
8757
1779
3324
8539
1025
7976
8628
9068
1763
6763
4041
1555
731
6513
3084
6719
6042
9620
9714
3159
9221
2555
1602
1688
3094
3581
7953
4097
2
9096
4476
2947
3915
3999
2069
6322
4722
6007
1850
1173
207
9258
6143
9804
1276
3192
2403
9833
9514
3317
7189
2000
777
1374
6891
7318
7803
4021
9172
2863
8443
1453
6232
8767
4193
1709
5183
3265
7198
7648
4330
1815
9634
7755
8868
6343
823
205
4580
772
463
9698
3371
2559
1804
2374
6962
5538
6829
9749
8246
5818
2301
6765
886
3282
8210
1272
7023
961
1481
2265
5378
6748
968
3249
3430
4946
6662
9125
6245
7234
2340
1136
8335
1106
5380
838
4250
1120
8451
500
2755
8956
8111
1418
6274
7879
3564
5802
8515
8347
6184
4230
5201
8039
4380
7840
7188
6518
5831
253
1189
3815
3813
5322
5531
3103
9829
7299
1789
8671
7457
7807
2326
1875
9929
9751
4493
278
2397
4837
7380
5537
2864
5619
4342
2535
722
1516
5575
2394
3176
279
8055
1637
4348
1158
5449
396
5184
2902
6266
8028
4514
4381
8431
7832
3268
2883
6812
9242
1260
7896
748
865
6214
1094
5859
8514
2419
4732
3623
8324
9220
5501
3348
8240
1725
9292
6826
136
7518
6738
6568
2992
4279
6645
1795
3288
7268
6243
673
7784
6074
8810
1430
3943
3080
6753
3431
9511
9026
2932
100
2448
2188
3907
2743
4715
4676
1959
7990
8353
6446
4125
2667
4248
905
9821
2172
7848
1910
9113
5452
7185
2013
6414
8723
5285
8777
4024
6539
8839
4625
1754
3988
9299
5309
195
3044
9321
9874
6618
3115
7890
7389
173
9067
2098
1702
2623
1239
7334
1741
1677
9930
7669
141
1920
11
1212
8646
5267
6666
1726
8450
7913
203
3627
8319
9748
4007
8752
2790
1111
4170
7613
4335
8158
3030
3706
8129
1445
9431
4105
5760
4448
9477
7986
5018
2018
7202
3960
2349
6256
6015
2721
1228
6457
1127
5684
3688
9119
861
898
973
6082
525
9379
3748
3978
6200
4424
3561
8648
5675
3663
8460
2671
6330
2368
4886
7372
5520
4972
5588
7160
7505
7640
5753
8910
4561
8803
6926
336
1012
4887
2002
850
856
94
2519
7837
9603
4525
3410
1066
4518
1047
8732
3868
8683
1007
8163
7003
5485
9530
4881
538
3905
6758
7290
5951
6117
357
7051
501
3414
6819
7447
3987
3734
2120
5379
5173
3467
2882
4771
929
8426
3074
2565
6797
8403
3056
111
7614
4973
8162
4781
3423
4794
8696
3473
2450
9584
8351
7885
134
9813
4096
5529
761
4708
1616
3271
2043
9728
6318
4682
1510
2346
4242
8546
5910
7867
9721
5857
6336
4090
448
676
3405
2568
5212
9167
706
7164
8094
3450
1370
6574
5431
2868
478
9947
44
5493
3341
6206
9536
4175
130
613
8920
6500
6093
7086
9989
8909
805
8521
4426
8000
5463
3892
9576
8132
2517
5835
7691
6016
910
154
7951
8320
1755
1135
5244
5616
3471
3318
4792
5134
5811
2255
9231
5992
7179
4313
307
9661
3659
4542
2347
9521
5283
4328
359
3881
4694
8101
3580
3683
5241
8175
7280
1179
2240
4086
2451
2508
7975
6422
6565
3984
5119
7847
2744
7499
4421
1348
2342
4861
4132
4110
9295
638
8243
6641
9851
6533
5366
1839
2135
4200
596
7133
9240
7382
7851
3360
28
2632
1889
4703
818
5458
9822
161
8166
6711
2056
1644
5104
7623
2422
3811
9518
3650
3065
6543
9958
312
5429
2042
2129
7954
1897
5318
2605
6789
4257
3097
6378
9435
2097
6497
9120
9134
3977
9504
5446
467
1736
2556
8604
3603
6044
8618
5608
9773
6432
1797
5584
7652
8538
9003
4564
625
2740
4296
4288
7737
3327
156
3893
9594
3329
9842
9015
7581
4466
9409
6626
1264
2787
4274
1235
5761
3724
8435
4405
6966
790
1576
5632
9390
8781
3715
1391
9919
5106
6614
6775
5681
9389
6925
784
2128
9273
1539
403
7808
6251
2080
1285
7366
4082
4149
2509
6883
8651
717
6376
4571
9433
8864
8289
1953
821
1843
155
4478
7761
4465
3604
4035
3200
8467
4824
3109
7811
9617
4124
6290
9546
7196
1036
9684
1669
3434
8215
4730
9247
4452
9031
1221
5528
2749
5717
2272
858
2746
2750
6264
6977
8553
6373
8675
1835
4596
3073
9269
3594
3537
3630
6477
3647
9848
4582
9110
3225
9378
791
2919
3469
2174
2915
6041
2167
8313
9809
4036
6363
6520
4686
797
4656
3728
3552
6718
2943
4934
1214
9913
4538
9044
7350
1878
6038
4412
2329
969
3248
6162
6156
330
3651
4937
2984
8517
2944
6202
5365
2578
8545
1622
3826
9621
9626
5251
4163
6195
9846
1634
3178
2885
2895
2289
9971
1798
2616
3766
4019
2279
4359
2363
2624
4820
1834
2538
4484
5257
6816
2482
6654
9446
857
105
3482
5372
5631
541
9826
9261
4423
1703
7921
9280
2576
6311
8660
206
1068
8199
8464
6530
2878
6456
4559
8941
9712
9535
9442
8019
391
3722
242
813
4316
5339
2835
128
9960
3479
4173
8434
912
3007
3873
121
2356
4709
628
7056
8997
6688
1381
753
9079
4282
4286
826
9371
3188
4321
4741
1443
7838
7813
1459
7388
6771
7716
133
9035
9417
5985
8477
2547
3929
2477
5890
4379
1656
6943
5786
3975
3582
3821
332
2543
5582
4109
3089
2387
6353
7452
4786
6587
6783
2603
3093
8290
5158
1092
4693
2566
9012
9719
3257
5295
6636
7303
5894
5249
9779
1398
8050
5074
2259
254
3684
7576
6917
4391
8272
5227
9388
1549
6907
5160
6756
3156
5356
4375
9937
7075
6810
5909
7485
5623
4312
3421
6473
8121
7235
7453
464
6849
2406
3190
4918
9060
3108
5303
6262
162
7982
3258
9509
1620
3219
1642
4165
8549
6296
4646
413
4517
7653
9873
5820
9994
8654
2373
762
947
3954
523
9421
3701
1944
1255
907
2572
3588
6036
3177
2810
7049
4345
7269
8221
8635
7124
9440
2320
5908
7814
1497
7450
8854
3567
3933
9326
5084
9439
8478
2606
8613
4828
2802
9629
8421
419
8100
1942
6965
9787
810
3059
263
114
1680
8430
4317
5069
3606
671
7991
4675
346
5817
7230
4098
6870
4022
4057
9047
1020
4171
6579
2050
1099
5901
4107
6844
5637
1061
7677
7050
73
8600
7155
3797
9983
4608
3982
8938
5569
3679
5593
6593
8804
3209
2994
1283
2393
1723
3375
6796
669
2311
8622
7743
3846
663
1367
2192
672
7588
7760
721
8076
9644
1882
9580
9951
5102
2190
4938
659
2525
5063
4840
1653
3850
6973
8889
4181
6652
6437
2805
4467
9715
1711
7390
3884
8145
9934
808
9862
8585
4413
6532
9639
4266
4260
1359
3518
8700
1395
2909
3459
954
3203
742
3389
8565
2960
157
5634
5589
580
6168
4818
9318
2571
3902
3416
5116
8990
1302
1451
5410
3488
1222
7962
4003
2714
1043
9089
9052
8314
2644
3590
6118
6653
48
6931
9591
3823
9308
6609
6919
7140
1921
7621
1502
122
8016
1631
1301
7774
7923
5142
5073
3788
1689
1760
9652
2454
7987
3374
2625
6590
852
1632
303
6745
2531
1912
8045
6638
1131
5095
4442
2872
5660
1009
4775
9236
4902
6148
9737
2130
421
2072
5070
7900
767
7266
7893
8441
7377
837
6843
1594
5277
4372
7428
7150
4373
2696
6913
3767
3573
9831
5800
8532
36
5997
4878
1162
8684
8640
3168
2822
8948
4133
9426
513
5871
1180
702
9767
3535
6996
5315
8936
9588
8824
4718
4459
7169
5764
4354
8520
2003
2357
7733
9205
4740
8051
167
7540
5388
5587
8666
6839
6942
6661
5880
4031
1413
3744
1478
871
1056
3562
2933
4445
6127
3872
1852
8946
5370
6052
5673
2819
1050
1337
3150
2642
329
7364
3694
4692
8935
5828
5984
9360
2513
3234
7497
7678
5157
4961
512
2845
9838
1441
6335
3369
581
2564
1547
9444
4579
4247
2466
8343
8526
366
6866
3042
9701
2138
243
3018
3525
108
339
737
9375
1372
2033
8540
2302
2645
5273
9061
7254
6011
2168
3565
9932
6782
8337
1298
3962
7141
7757
6743
2780
3781
2881
9238
9257
4120
9735
6069
7664
1023
897
5658
1993
1587
9501
921
2855
867
5010
4949
3638
8786
4565
2893
9138
5275
9539
5886
3942
5963
6890
5810
2581
2597
4111
1869
9570
3979
2093
7939
3608
3618
5640
5242
9760
8644
8576
9059
3833
5519
8040
8427
1088
1233
7922
7494
8180
4996
693
5841
7773
574
5002
297
7243
1414
4622
7407
7726
4437
3003
5210
5282
4749
3532
461
6707
7690
2298
1874
1606
5475
696
4720
4968
6062
1195
3035
9691
1911
920
3874
2637
1943
7158
985
1115
51
5554
4562
9725
8492
3117
6076
6048
2496
3353
8342
6449
6586
455
6231
9743
6524
7934
2698
8037
6012
6749
5723
2590
1022
9849
4575
3741
6704
2107
494
9882
3520
8394
4145
3737
743
3358
9471
4293
306
2437
6488
6349
8245
8714
4284
6984
9757
4166
3157
6999
946
3967
5
505
9195
2869
6154
8081
3144
3238
1787
6682
3597
6039
758
9108
8381
2324
3272
7862
8857
8234
4920
145
6431
8962
439
1245
4092
3882
4346
1964
3817
5238
4699
828
1535
2935
3350
1404
566
5482
3963
9598
4948
610
8987
8362
8657
8894
4087
2009
2504
487
8886
4823
3526
7895
5472
8586
3512
348
9150
6193
974
6706
2354
9384
4658
770
3747
7684
8462
5478
3629
1308
6189
9854
2191
2205
7229
5771
9085
8737
1805
3913
3795
2435
5041
16
7904
2818
781
8322
6558
1768
697
646
8262
7674
2918
5194
4907
8982
9532
9484
1121
5491
4830
584
4607
5426
4537
2461
4225
7040
7174
6109
7455
2648
9667
7329
3800
6823
7487
9329
1816
2257
8720
6961
437
4425
4137
3244
5821
7973
6287
8625
5308
9706
8030
900
6088
1694
3063
5469
6821
6566
7886
8932
9282
8922
9976
7440
9668
7293
1000
9924
3861
5799
1409
2274
6462
2658
1456
6008
5415
8306
6406
3689
5092
6054
5860
1176
5284
3133
6846
5411
5369
5495
3990
2485
667
6133
6060
8416
5375
5581
7715
6327
8860
19
215
9187
2815
979
5013
1243
3196
7798
1990
3858
135
1732
709
1138
1543
630
476
5798
393
4811
3418
1674
1898
834
3998
1500
2250
4198
6420
9336
212
8344
3221
4043
1673
4291
2133
3243
6672
3703
3438
7819
4523
2548
6911
2084
6878
5226
2177
6084
8097
9806
1780
5707
2430
1751
2735
6319
4751
6059
4064
5465
1505
5204
6549
5948
9963
9094
5330
2795
7227
420
7370
986
6640
5594
3222
7143
4807
4936
4401
5659
5993
9655
4500
1223
2785
4368
9998
6764
1628
375
4519
8872
9622
1676
3029
9040
6112
6697
8161
627
9255
8258
8068
8669
8902
557
1951
7711
3057
5050
1028
2079
7006
399
6242
2252
5333
2345
8571
2204
8047
6291
5151
7633
8407
4383
269
7159
8897
9964
9127
3131
945
8988
8251
6904
2207
754
7507
3668
5596
7683
5755
8850
5288
1794
841
5530
8629
1446
8722
1582
2499
1979
5957
5327
5577
5386
1084
7315
4228
2876
5961
9173
619
13
1600
6379
5655
2203
2832
9505
3898
7101
643
5140
2230
539
3331
749
2169
6754
7790
3172
881
9716
6536
8885
6955
1506
1193
3489
1821
9297
799
994
2223
695
5216
6347
7322
7342
9575
5850
5093
2216
9857
1486
2229
6481
6104
8529
7362
8615
341
8832
440
6501
177
3753
5236
6906
5169
9027
4055
4118
9968
7028
4901
7333
6394
6629
2471
2602
7292
387
8901
699
4774
8174
7670
4683
1069
8305
7858
5065
3247
5844
4532
4013
5003
5548
1545
235
8366
189
9673
3883
8149
6910
5234
8788
8869
5454
4394
1075
1727
7085
2066
3945
5565
2949
1089
5506
7966
6412
5665
9526
7942
3314
2488
948
8208
5853
8471
110
6315
1327
9491
6094
3197
3953
6690
2789
3619
64
4256
7919
3232
5444
5975
8999
741
9225
382
8509
9832
6630
1879
4333
5781
2659
5694
4456
4777
2923
5907
1930
3184
5024
780
24
2738
361
8679
468
6185
8761
6528
4305
4636
3462
7549
8375
7047
3517
6177
2473
8507
9204
6550
5904
3218
6113
8724
1421
311
8237
1058
8227
6009
9962
9155
9876
9392
3634
2111
2012
4320
6280
7337
609
4879
1300
615
5127
1437
2125
3449
7270
7516
3082
6325
4157
9203
360
1991
1607
6220
3642
6884
1206
7778
426
8027
8503
119
2353
9479
7204
8806
3461
9193
1270
2627
4127
5791
5667
3670
5663
3345
9906
6183
5083
74
8770
292
4073
842
1803
1827
3693
9062
6623
2541
6369
4294
4158
5740
8667
3147
9940
3633
4005
2029
4011
4593
745
7905
8930
4759
559
1083
6594
85
503
473
6222
1326
9073
3649
3601
5492
4895
1597
7534
1509
2375
2102
2442
728
2418
1614
6923
8278
9699
9133
5416
204
4958
5371
7195
2271
6827
4207
594
8583
9209
6854
1801
9941
4387
7060
4620
5767
9341
3224
8833
6522
6339
522
5477
701
690
7474
6975
996
1592
8422
7134
8891
6453
6751
5682
6120
6365
4139
2258
5396
9870
1508
550
4773
2562
7580
1062
5822
5701
3803
4970
7192
277
9665
1530
6478
5075
5059
4998
1788
6537
5770
132
1483
8655
7083
6448
4724
8607
4051
3569
1105
6092
4112
8365
2675
511
9840
5435
6283
9184
8232
9685
7193
9595
3404
7627
603
4103
7960
3636
7515
8513
3839
1252
498
3049
1210
7398
3412
7642
3499
3304
9805
9212
1311
8710
578
9577
5956
2264
6480
1975
6995
6831
5936
3729
6163
4905
5228
8241
5999
3298
5988
4468
4297
6791
1438
1183
8326
618
9312
7414
817
633
1638
9654
719
2251
879
4812
5762
4489
3624
935
1729
343
9495
3382
6464
7359
9761
2588
6275
5281
9111
966
1262
59
1698
8703
8473
5884
5078
9820
8458
2332
6302
5952
1986
5937
198
8568
7257
3757
9770
4825
8454
7492
7332
1522
7571
9473
9827
3396
3319
632
5034
6668
6710
2428
4278
7508
577
5342
6938
6305
9251
351
4116
677
7712
9393
6270
8340
1738
4048
8516
9724
2925
324
5878
9606
2283
7970
9142
6313
7852
2232
3154
4645
7096
2594
4014
1641
6024
2956
3924
3166
408
6768
6131
9867
3888
5306
8463
7418
3928
4821
6516
6346
2540
9055
3384
2134
6209
1845
9545
6595
5572
3792
839
8787
1394
8267
5341
5855
9268
6807
3013
8177
4016
462
5058
6628
2176
9374
4490
3310
5313
4700
5113
8299
7027
3944
9296
6100
8093
7242
7325
9775
526
7001
4350
2476
1114
6239
5453
4888
5858
2889
8632
4951
3891
6997
7745
6967
3877
9337
7374
4854
6862
5609
43
5089
6191
255
6679
2181
1759
1905
211
4867
8881
7071
732
3269
9288
7794
707
1854
1604
7395
9241
5722
8927
7272
8772
4591
6598
9146
5571
7730
8898
7641
8308
12
3100
9230
6345
8552
2166
1280
4447
9244
3062
405
1832
4785
4501
9886
8981
8148
5170
8325
2674
1219
4306
9387
6877
3533
2149
9674
7062
4921
6149
4798
950
3296
5540
6811
5875
1818
3211
5743
8485
5579
3054
2067
7687
5490
9086
7899
8144
1933
2877
5826
502
1405
8107
6087
5779
3226
6040
7686
2665
2331
5027
3320
7834
4408
7384
8782
1140
7470
4420
2159
1761
2402
8921
6178
409
7756
8851
4376
3120
726
8212
3644
5578
995
7404
8298
708
2782
2171
1586
1730
3864
5607
8821
9412
7197
1948
9635
960
4418
81
8975
190
4121
5635
5107
8383
9310
6687
3879
4672
9534
2529
9830
249
2228
125
5938
4681
9000
5364
6022
7961
7826
6418
5192
344
2585
5494
3563
4398
9275
2089
1640
9182
1731
6856
3617
6555
5068
2768
7170
1170
4309
7
3805
7215
2231
6534
1701
5614
4932
9144
3067
2972
6123
2860
6086
6993
127
9188
9355
4903
7397
6098
8968
3066
509
7956
4984
1045
9314
4010
795
428
4150
1659
376
465
5945
169
1615
2989
2438
404
4395
5021
9278
9317
9202
9707
2554
9704
6563
1454
5470
5527
8023
5040
6240
7298
6733
9879
296
3610
5836
223
593
6371
5935
2814
8971
7626
3069
1814
7542
4839
3717
7748
7417
3961
694
2424
2839
4629
7924
9938
6216
1081
7438
5145
425
8825
5039
3681
5301
4318
3834
8530
3291
9746
3560
4061
6798
8296
5028
5152
264
8146
6908
2781
8380
5037
8637
103
49
1690
5355
854
3146
9582
7603
5642
8555
4472
8692
8336
5109
2630
5376
5983
8911
8830
6909
9856
458
4053
6981
6678
7777
3660
2760
7530
8082
7162
5155
6617
1588
7145
6486
5030
2899
2838
734
9686
9486
9928
1403
6509
7408
3922
4713
8194
878
1278
171
5777
6205
4352
2774
159
932
6887
1558
5361
115
647
3991
1560
7282
7449
6702
9672
1771
3349
120
8543
4510
7314
1557
5806
3164
6493
2865
3579
8685
9216
9123
8393
8401
6945
681
6894
3853
2558
1958
5129
6079
4817
3628
181
5153
3422
80
4662
5729
9063
5144
6484
2211
3510
5731
9140
241
2441
6573
919
8472
527
6987
9996
7232
5331
87
3871
7328
6435
124
8220
3549
6308
3937
8709
6344
8189
4245
9136
5808
5827
6744
9550
8178
7971
96
1266
9082
3472
2083
5393
3110
5467
9076
7182
9808
1636
1064
1593
107
40
1124
2652
6701
5029
3503
42
2953
5481
6064
9021
4816
2110
8301
6651
6333
2829
8072
5363
2414
7771
7441
7187
3849
3771
624
2237
2371
5112
4586
1908
7331
4072
8065
8638
9614
6494
7569
6619
7682
196
975
3885
1540
1263
6994
1380
8021
1493
1351
3820
3274
3894
2244
7945
5062
3025
6944
2551
6350
2598
314
7875
2897
5389
6600
2068
4513
4506
8188
9100
7475
8745
926
824
3935
6108
3775
7927
6229
815
352
2372
7590
9512
1267
686
764
8183
3554
8873
5795
845
670
3021
7721
5758
751
727
2119
479
2512
3444
2300
8973
5348
3711
1467
469
6727
8760
1617
5897
287
1450
6010
4552
5917
4152
5510
2689
3158
7930
6354
8089
3515
3006
316
2691
342
5730
5133
510
9954
2361
8608
3664
8424
6155
6914
4136
976
7014
3167
8879
8141
8372
7573
3917
5019
9322
8899
6492
1619
9346
4017
7903
7658
6233
9797
9540
4983
2297
9680
8277
3241
180
6886
8865
301
6953
6470
2690
8819
1462
4339
9689
8373
9519
9784
4933
8255
7247
4954
1645
2245
2846
9117
1812
2580
1373
4956
8283
1562
885
2057
9069
8580
1010
7647
5521
6438
2646
5390
1294
5792
6581
3739
4081
10
4909
9974
8010
8287
6683
579
8923
6512
1251
5618
9957
812
4829
6244
3801
1529
4123
5766
1053
3121
7144
6324
9009
4469
3995
8570
9017
4679
247
2436
7489
1163
5141
9616
4362
3424
32
2778
7153
5171
7889
2137
3796
6471
1357
2569
4151
2769
7421
8523
3857
6937
7665
3804
8057
6785
8256
2487
9070
1044
4344
4416
3463
7432
1469
3705
8168
3568
1147
3513
6306
8914
9
5384
9880
5703
285
6159
7602
9311
1091
9695
2456
4717
8647
6673
2241
2398
50
1895
4826
401
5455
7553
9344
3426
9092
151
1903
3432
4374
7718
7402
2734
5601
9038
8753
9328
860
1523
5403
9794
2385
6822
6383
7959
3814
7874
9499
385
6033
8673
5754
7065
1331
8035
9305
9682
8015
6259
9946
4422
1336
8569
7345
7493
9609
6145
5514
3236
1538
8976
6899
2599
8437
6257
5613
123
3012
7274
5892
7264
4155
9493
9423
3321
5489
7353
2164
3061
4270
8627
6991
7795
1320
9106
1174
3916
4976
959
7601
1102
3914
5200
1329
1349
1152
1967
6934
9088
9008
3756
3370
4495
5448
5418
9508
9420
988
984
3742
2151
5949
889
2001
962
8053
3077
9029
4088
8754
4923
283
7482
4410
5661
2160
5239
2157
1093
8390
4414
6859
6893
8310
2794
1860
2305
9596
3058
4906
7273
4071
3936
1610
9778
8589
6835
1458
7123
9734
429
5652
9130
6793
4040
5598
1851
7537
2886
9137
7740
1813
69
8269
7253
7210
2678
2150
3294
3571
3897
5849
2828
7932
84
6279
623
2432
8060
7032
1078
6297
9677
4144
5443
8609
2455
8046
93
9935
644
2158
4404
5259
3695
5972
5648
3808
7578
7461
7650
3001
506
3279
3458
8284
2731
9529
5441
645
5794
2175
3831
7403
304
2285
2905
3970
8369
1128
2282
4407
4509
862
3867
6307
62
8852
4264
2022
2761
9382
3283
9771
9959
2035
9198
1916
520
8031
8829
6693
6742
1949
1809
7857
6526
7178
226
4280
9997
1559
5368
8075
229
3762
2479
1204
825
8415
4361
3112
6631
9450
199
5163
6726
2194
1401
2391
3411
6208
4541
1544
8054
9549
4947
6276
3653
86
1125
4804
4838
6443
7108
5338
9347
9097
104
1734
7007
8599
3205
2706
2339
8486
1580
1963
4261
1230
9999
5796
1227
8554
2570
9156
1079
6003
1201
4141
4142
5612
7057
7606
4439
9605
9348
2684
4952
5025
6597
7278
5442
3822
5570
7999
9045
7365
7898
4104
9243
8963
3558
4997
7503
6921
6277
519
1205
7045
1240
8455
8871
406
7801
1113
1499
5232
6121
6721
6288
5066
3254
5159
8670
1360
7462
7458
7645
9772
3413
3709
7984
5038
655
6957
675
2673
1550
3665
3973
9648
2854
7218
9192
5523
9785
6218
3661
7897
6990
3583
1629
2338
1932
7456
8658
9025
3378
6001
4443
5110
4696
2077
9565
2649
1436
6272
2965
4196
711
8309
4370
493
4975
8698
2465
353
9551
7754
5047
7186
5708
9365
774
7094
6916
8677
3316
9474
83
4353
6761
3951
1783
1820
8098
6166
1095
2763
3242
953
6320
6182
188
7608
990
4897
6485
4453
2926
2631
800
2170
6589
9917
787
2584
847
1464
7943
8577
4029
1678
1941
918
7968
8678
300
7436
5544
6952
2199
7046
453
2940
8139
750
2100
5854
1159
5409
8011
3011
7706
4219
6766
2193
521
4796
1995
3948
9711
9853
217
7354
9506
2014
9313
9488
109
8048
516
4515
6713
3162
497
705
31
466
8254
7714
611
9438
6030
6936
9566
5568
7780
3114
4164
3890
144
4752
113
8908
2108
8113
798
2660
6933
1856
7872
4940
1265
6642
2296
1015
1962
6328
1103
7317
2936
5550
8204
2142
7854
822
8933
5287
185
6717
5716
275
288
5542
8783
4191
8969
6625
7330
3773
4856
1507
7339
8561
3611
6777
4753
3625
9643
1672
8743
5805
7651
3540
1352
75
5898
1858
939
5483
5516
8200
1871
2577
3713
7208
3544
9075
7568
8333
4233
9424
35
5603
4791
4527
6613
1468
5735
142
2981
7258
3889
6646
4726
1341
1524
2260
2985
9561
5518
2147
2657
6946
2304
3758
1440
139
5360
7078
4102
8931
7741
9824
8329
2112
8596
319
8448
1073
4900
7471
102
1876
8259
9233
2618
8
6510
4667
9148
3127
323
9902
2685
8154
5882
6716
6230
3662
3468
8496
1182
7126
3609
2384
2756
5137
4349
5611
2713
7066
4880
4015
4077
3971
5562
7535
472
8697
4738
703
3528
4331
3957
1974
5051
7914
4470
8822
6538
8995
5172
4062
7091
5291
6832
0
9586
7090
362
2180
849
6396
3300
4763
3014
6429
5638
2233
8281
2791
589
7463
7744
9213
1268
1970
8083
7089
6031
5645
6627
8809
2997
233
5462
820
1328
3134
3022
5324
6150
5350
1767
3454
1055
8088
4531
4272
3436
8211
7637
1662
7490
5008
4099
1988
6615
7957
5320
8410
7701
7022
3723
4002
3745
9828
9513
9131
1810
3051
3020
3301
63
3034
8506
6061
7013
2491
2788
9852
7176
7547
4912
2348
2711
604
8457
5686
7907
6165
7216
5464
3165
4148
3357
6585
5080
7520
3402
236
5296
9574
8143
8229
9185
4757
1799
9168
7972
2976
6043
5829
9271
234
4223
2988
2604
8103
1648
9965
1118
1167
3599
7717
933
9878
4725
5617
5511
1156
5522
7805
3335
778
7190
6063
327
1353
8705
3129
4400
2784
4621
1744
530
8488
2359
6250
4619
8820
3076
5271
2552
1583
7877
2583
8918
942
5457
8334
586
9693
6778
9898
8900
2982
6930
2651
5269
7833
6085
9481
3774
9563
9437
3395
4436
1030
4601
7958
1246
2460
9181
2254
9863
1354
2327
6359
1477
8699
9914
4688
1748
1872
5671
7093
1250
1254
2586
8535
1817
2303
1382
6928
7955
7306
8447
8387
8092
1271
7048
3626
1663
7695
9562
6544
1236
8338
4131
3303
6546
4989
7689
864
5512
9377
836
4388
3602
9095
1623
1485
1512
637
6263
9407
9064
1067
7276
7655
7167
1902
8844
9646
4748
4076
4059
3698
3023
8484
5374
4853
5769
7920
5756
5293
2081
4369
5558
2200
7901
8769
2683
5405
9124
5793
863
592
725
3344
2032
4613
3295
452
6881
967
2492
8522
2825
6790
9041
8621
5445
1719
6972
67
5211
660
289
2542
3048
8384
6014
5043
7120
310
582
5995
4504
7341
7679
6176
2884
1955
3122
6895
8216
3354
532
7865
273
2284
5176
349
3939
2266
9860
1279
6090
6181
3315
483
6153
9270
3017
3621
355
5962
2367
7024
66
7355
7008
2023
9703
7138
1191
4315
1514
517
2523
1756
7731
1700
1864
1842
5869
7131
8312
4650
5879
3148
60
6397
8275
9200
8950
8359
9939
3584
1018
5670
4049
6633
4896
7787
8725
2534
4684
3707
6463
3692
7522
8836
8033
5206
2490
7947
2004
7860
5706
2964
5610
3476
2378
5098
8967
7734
2099
5131
8680
8802
260
2752
978
9056
1037
6032
6932
1402
2917
6058
8247
7168
1407
5321
7180
6423
6141
9548
90
5966
2592
2189
7722
4871
1323
4615
7766
9676
5865
3899
1983
8355
6905
4161
3531
7634
6201
490
1234
1307
6681
8009
9931
2617
4606
7702
3996
2086
7584
1675
1573
6190
5343
6070
3428
2963
7873
7125
8261
7104
3657
8574
4793
4890
4094
6366
922
8943
1063
4329
8172
1435
4543
8007
1046
4600
6115
8150
6487
7406
6559
7037
4101
7693
7950
7749
6879
5560
1100
8831
9405
2903
2275
934
2827
98
1211
7423
9174
25
518
6198
1415
1578
1082
6285
6142
252
9277
4827
9510
9988
7533
7259
2307
7952
6610
3217
653
9206
3429
4883
1571
5108
1685
4100
186
3182
595
8244
7559
3070
8984
7416
7697
3175
9330
980
9503
1670
661
9908
5399
6403
7309
4657
7829
5292
231
8203
8718
1671
6460
5001
6971
4044
166
4128
4655
9589
8127
5373
4235
9451
5656
8345
8593
18
909
7480
9839
5651
4496
9457
3669
3095
9599
2591
1590
4731
804
4243
2710
5602
9604
7015
6808
8903
7237
4494
3229
9350
8813
1906
2210
8406
829
7600
1980
5662
3830
5533
2195
4189
3941
6035
9780
2764
7616
7668
7156
6101
8874
7910
654
1471
6382
1070
7705
6089
870
2786
4780
3586
9164
1141
1764
6507
4604
2401
8807
9812
4000
7514
7742
3299
8357
5439
4727
4491
3366
8327
175
6451
5103
3322
5246
8989
1410
683
6696
2055
9260
2007
7207
1537
2355
9235
3118
8668
3383
7894
2459
735
3292
2319
1742
8945
714
8556
763
1584
7483
2979
6888
1792
2912
8032
1740
7850
7594
8797
4603
5657
6855
8915
7029
7446
1762
4916
2225
6404
5237
8564
2718
656
8224
6813
7069
1379
4585
3487
9306
2140
6902
6795
1306
8688
6725
6805
331
1531
6119
7275
8592
5557
6889
5314
3687
4292
4841
5543
2626
846
5223
3086
3328
3379
5932
5714
9558
4277
8142
5175
5408
2672
290
3255
2376
422
3550
6963
5784
2015
2155
8038
756
1257
9460
2638
1112
7800
7830
8672
2693
5920
3419
8317
6028
2663
4056
7401
6434
5224
291
9102
4363
8925
9543
7277
8002
6169
4680
662
3648
5763
2392
5168
4
2197
1314
5086
9739
9162
1160
6729
3289
3778
8280
7173
9970
2449
6882
1090
3174
2309
8974
4534
7908
1823
7883
8085
4695
9053
6958
2911
5977
6647
271
4389
1130
8419
9987
7038
6135
6736
8417
2518
8780
3420
17
3293
913
1840
4597
1002
573
6445
9660
2739
6407
5340
2850
2507
9149
6872
2620
5981
1867
8468
5535
5524
833
4154
3807
537
7281
482
7491
5998
3932
5264
178
1526
4258
7788
6172
9897
5621
6329
170
1579
8992
2797
8998
4982
9401
5825
6847
5976
2047
8423
1297
3047
1989
1432
983
5532
4135
7965
9129
8402
977
6103
9259
4528
3780
2720
5705
6491
2995
5574
8104
2286
1371
7142
7612
7605
4978
7555
3500
3559
3783
3140
1284
6364
1039
6667
2792
9065
9670
3453
1899
5304
6281
8588
8311
7591
2025
963
6864
3040
7042
3862
5689
6416
8602
7887
4960
6348
3989
1107
9690
1259
2288
5177
6709
3974
1011
1006
2670
8173
30
3869
484
3457
9482
3727
5428
2323
783
7246
7909
3966
8595
5926
2996
7043
6167
3448
598
6776
6124
7940
5709
9033
5646
4884
1133
5190
8952
489
8214
2325
5978
8904
8814
415
187
7884
2415
7459
908
383
138
8717
3809
5000
3399
1572
9293
4661
712
4449
4737
6461
3256
4263
432
7869
2803
7988
5547
7729
3735
2560
5928
9418
9309
8853
5990
394
3732
1946
4298
3677
5425
27
8118
8205
1368
5900
7283
7271
546
1708
9449
2024
4915
1197
6757
5980
8253
6583
2425
6892
552
7426
982
8249
8674
1059
6128
5672
5905
7291
6865
8176
3733
3759
3714
6529
2954
8759
5231
6695
8206
176
4882
9871
3656
7351
2369
9993
3015
7579
6248
6293
6699
3362
4832
2041
1366
1888
3955
7933
6515
1434
4185
6915
6567
2680
4626
1710
2457
7506
8762
1217
4638
7916
7095
5090
3906
5178
9470
2968
4319
4430
5479
7861
4047
315
1322
8731
7373
8274
8866
8972
2333
7172
5515
358
4834
2411
6960
9632
1521
4338
1551
6852
3381
3493
8497
9476
3534
2990
2772
3246
1164
4819
2030
7002
270
8702
3926
8179
7163
1017
2495
3386
8656
9861
2957
456
5845
2974
8352
8837
3523
548
6144
6300
3545
9763
7496
3842
6413
5136
150
3394
9281
5982
9445
7636
6773
3616
3075
7300
2410
5085
1253
2445
7785
6106
6247
7949
1319
4790
8636
9613
6861
4782
5967
1318
6689
3123
1793
5774
9152
6868
8294
4993
2131
7993
5222
5052
8980
7393
68
5641
7233
9683
1956
5044
5669
1029
555
3730
457
2614
2341
6049
5253
7789
89
9197
8042
4026
9480
3239
9222
1155
6006
417
9922
5969
6605
6554
3777
5130
7044
5918
7747
2866
8006
1448
7327
1439
4473
4386
79
7925
435
9115
9755
8350
9651
378
7481
1071
9887
8505
8020
4462
9765
9559
8400
1126
8140
9759
4847
3099
8525
3460
600
3004
4210
1515
3572
1647
2998
3536
1940
9628
5191
8349
572
9272
3986
1335
1639
8270
4485
5329
8461
3367
3577
2715
2463
9214
2806
2179
9524
1922
1231
1533
1296
3187
5214
6564
8099
8465
6898
2901
412
2219
7565
3836
1884
545
5691
5991
2669
4006
7114
5432
9122
5122
9254
4556
4660
6236
4652
1716
3027
9367
4928
2273
7061
6051
4566
1927
4246
2840
8845
6803
9783
7498
5867
1934
8805
3309
3439
8947
77
444
3302
3546
877
9425
6869
3392
1713
9118
7604
7405
2294
2615
8728
9332
4548
8594
2898
2516
9895
6442
2423
6737
2267
454
5105
3390
6665
7570
8105
9037
5508
6367
9837
9090
6440
3446
9817
2386
9881
5922
2834
3721
9679
9497
8764
3417
5139
9010
2726
1605
4862
4215
8662
1101
4691
6122
8102
9448
8834
7260
7136
2154
1553
4848
8758
4427
3435
622
5939
3596
8715
1525
9541
2493
8906
9556
6186
5526
7488
3587
9210
4012
4929
5165
258
2826
7409
5082
2497
4202
3674
9527
1378
6607
8875
1309
3031
8763
8578
2381
2156
1304
3969
9394
2737
9112
6388
5323
891
7513
3574
7839
4863
7098
92
6762
3484
9461
1488
1350
1457
5383
9245
3832
4711
6000
7415
8300
883
2054
1848
3740
308
1433
3925
1269
1826
8778
6419
507
2574
1364
3776
3212
9219
3104
9383
6018
3135
6338
1952
868
6836
4300
916
9316
5278
3704
3323
8701
1575
3876
7882
4052
1475
8537
4206
5750
9912
6391
3511
9899
3276
4917
7818
3043
6400
6055
782
5186
416
6845
8835
5362
4799
2310
259
1693
2661
7151
7165
8295
7929
8742
1315
7512
914
4174
9422
678
3251
744
8892
7444
5235
7915
8736
2365
7059
7368
5765
2123
9427
6357
3005
9386
3483
4959
2913
5311
1406
8567
3827
9624
5423
915
2044
2121
2132
9730
1855
4038
3155
1919
2006
8066
5927
9663
