2825
947
9449
8779
6292
3555
6563
647
5785
3699
6681
7826
6391
5150
7617
129
7476
4715
8258
4513
2578
7137
5953
9903
1894
3409
3012
7343
6048
9183
809
7030
5424
1764
7097
2003
4615
4784
8830
2992
5050
5588
672
7363
5486
7828
6138
3295
2440
4090
9249
4965
2205
5281
3982
9176
8078
3591
817
5789
2847
2370
7719
648
8757
760
195
3254
1341
6516
3300
5379
7706
7564
3345
6040
336
2023
7611
3783
8053
1518
6313
2615
8278
7141
188
3899
3384
6956
5243
5734
9907
388
189
3683
5667
795
4779
7743
9778
2576
3621
9727
6677
6079
198
4381
2556
4714
783
2580
7695
7056
7070
1123
9975
6399
6109
256
8107
4707
2223
3561
4095
4291
2756
2007
9152
4215
1838
6202
7687
3712
3760
2388
150
9925
7745
9918
1391
1878
4565
2783
8990
1091
5786
2906
5029
8987
1881
3971
9716
8407
6934
6415
8073
6334
4591
291
7128
3808
8031
9687
7373
9648
3945
3925
3806
5998
3452
643
4718
8789
7812
2394
3475
1211
7620
4097
2700
382
9930
8548
8529
634
8040
6243
8853
8391
9148
9722
8944
1909
6474
4393
1399
4419
6113
8668
8248
307
4646
3163
197
2789
7730
3600
3071
3612
806
9849
1989
2658
8287
130
2786
1774
9287
3269
5546
7775
3728
1292
8468
4966
928
608
2110
4342
9120
5873
6101
5287
1569
4922
159
4136
673
1362
5047
5208
2421
1644
36
5934
9275
4971
6052
7498
9911
7405
2272
5108
6985
1052
305
849
3244
5388
3672
5256
6189
6190
6882
1081
6343
2963
52
7522
1001
1159
4622
7382
2781
1836
1552
528
7927
8249
7642
5304
9147
7576
7145
6304
6306
2514
5888
7053
3765
4807
7865
409
1060
6579
2796
9993
7713
1295
6329
9501
5842
1414
6756
4780
2139
4112
2337
4224
1096
6847
5030
5043
7243
5229
1737
1572
2030
1225
4229
1790
6259
6098
350
8956
4882
3514
124
9574
5023
5133
3088
8647
3236
1673
9392
4776
9610
1799
9441
8224
2513
310
1816
8189
4961
7902
7998
8858
181
3342
2785
7668
8228
117
4463
7359
7746
6811
5670
2209
3169
9232
7067
6823
3932
20
4571
591
9097
3259
5417
4738
9011
5401
5904
6283
4183
381
94
3021
4635
6986
922
5408
3286
1478
3150
1069
7915
47
1444
815
9113
5887
4303
3066
9015
8601
9306
6581
4813
5136
4319
125
7285
3181
7178
7609
9840
9417
3694
8914
1655
8434
5512
2264
9442
7337
8102
8718
7080
4725
8367
3835
5804
2296
4562
2669
942
8921
7210
4439
3298
1357
790
5146
3654
837
6223
641
6332
3463
2109
2133
5468
2089
7986
8200
5814
4073
4418
7752
3039
939
1605
756
5216
4225
6782
1314
4332
5820
4792
1372
7544
3079
7201
2360
2474
6841
4942
1296
7960
3575
6700
353
8109
8388
9248
6994
4310
549
3483
7600
4789
9532
102
363
5301
5425
1794
8192
2685
4079
2605
8957
6859
2045
9080
6832
240
2788
3790
4234
3840
9784
1044
9559
6702
9349
7171
7899
2529
3305
6159
7939
5664
8542
248
6821
4586
1987
5415
1573
9233
5275
8285
7505
7728
8080
824
5076
7692
8069
3327
7267
2380
6315
5939
9898
3412
4708
7123
9411
7266
9099
5569
7962
3454
8634
5755
553
9683
9094
9708
3874
5772
4377
8880
8235
3366
4570
9731
2686
4703
7456
9201
3288
4477
9468
2117
2059
3097
9310
4293
3645
2863
5808
7398
7370
2125
8518
499
4124
2063
3348
3186
968
7225
2939
7090
4258
590
5817
7574
9872
4818
1311
9192
7813
6275
1204
5966
5577
5170
1587
7019
5104
2246
8042
4636
752
3568
4087
520
4558
6720
3394
8879
4682
1899
6438
9257
9111
9873
5370
7042
3601
530
1155
5545
9322
6870
7163
4453
9645
3912
3736
6576
1506
9615
9818
9725
6690
8279
2586
2966
5731
2938
6213
3064
8643
2112
6149
1436
6938
3278
3928
596
8050
2143
1857
4649
1502
4078
2270
6618
260
1784
1606
7947
3649
8969
7892
4918
472
9858
8503
8048
5658
2493
7061
3705
8457
6384
9802
4631
3025
9825
1593
7389
6289
7282
4013
199
1063
2976
3210
6294
8064
5443
6485
980
2097
7238
4248
1057
6894
9636
3500
2494
6044
3191
5608
5015
3390
9352
5615
5184
3260
9390
7879
4674
5891
679
6033
7117
8930
3724
1037
573
4012
2885
2738
2719
1808
3546
5732
2515
7680
4219
2278
8581
6981
9702
7376
1561
4760
8491
375
3085
9833
5864
8902
7198
1258
7785
8739
9789
4320
6873
6488
2845
583
4782
4539
4585
759
8767
5593
6624
6084
9582
9254
32
3177
3557
7486
3589
9042
3751
6932
4950
2849
3213
5677
1948
6797
7199
3876
8741
5254
1904
9188
1148
6993
6145
3726
4885
366
943
1059
1563
514
3845
9726
9196
4100
3123
9758
7753
6291
982
7653
3270
5088
202
9857
8422
7747
1947
8286
1905
8898
8722
9891
4265
9138
292
5933
6713
396
9433
9149
6755
3716
9341
3359
804
3704
2641
2993
9283
8106
8263
8354
3030
6454
2942
4826
9222
1959
3986
1100
462
7009
3287
1613
8905
4883
6502
3574
5625
8099
7048
7776
1134
7640
4914
6754
3995
3966
6625
7265
6479
1530
329
8350
2679
7808
1015
1080
7299
109
4802
798
3946
4537
666
127
3771
7906
3263
6264
7842
3116
6328
8996
7869
7240
3593
6267
9102
2773
1078
5509
6976
424
9193
6302
3492
515
6468
961
5903
2891
7583
138
4686
8385
7766
7631
3471
3277
3246
5525
7120
9101
4062
3617
8806
4880
5540
3564
2868
7462
7259
2165
1940
9875
3132
4974
8528
7213
5
5387
5438
8632
1150
2164
2324
8448
4577
8730
3206
1300
938
9145
9617
3226
8845
7088
149
3908
3105
3267
6739
4469
7269
1617
8988
712
8074
5554
7650
2228
5272
364
4145
8778
4507
3047
2415
7493
5892
2945
6475
2142
4218
3640
218
3403
9618
7880
547
8671
9960
8688
6425
210
4458
3119
7732
5423
5335
1291
2892
7469
254
5745
2291
9126
9150
179
1523
13
1273
3147
309
3325
3722
4264
6602
9226
1103
1206
3703
167
6906
7094
3820
3133
2323
3484
6347
9564
8583
6071
9950
5333
3505
4269
9859
1274
5189
8959
3011
8553
1102
3339
8250
8839
5171
3924
4096
2047
4254
8605
2663
3605
4626
8394
2959
2468
6210
7524
3146
3963
2671
9016
4412
6500
4944
3131
2185
846
8620
3233
6989
8573
7304
4270
2318
287
5917
5961
6420
1339
233
7194
5064
5718
2608
9887
1400
9997
8588
6636
398
1209
9738
560
5876
7587
8093
3250
314
6092
213
8606
7184
9405
4040
3549
3482
3419
9939
2754
8658
8975
1071
6570
827
7124
1459
6467
5813
8912
7386
6818
1439
10
3511
9750
1601
9178
1220
4433
3228
1377
5375
902
2937
48
887
9693
67
962
4543
834
466
9224
7656
2610
7202
2633
2356
593
2814
5690
143
3973
435
8103
8514
1830
1680
713
5027
8488
4334
1822
8328
6278
8352
479
2005
2828
9798
4598
628
3992
4872
9757
9874
3397
8955
8363
2971
8696
6632
9409
1708
2819
9371
4936
9212
9115
280
7224
7782
2115
894
2259
1956
4253
6970
9958
9127
4441
4830
6757
9428
2797
5856
9086
4832
3306
8755
8997
5689
8629
7612
8903
1975
2346
7082
8255
3464
6206
265
9929
459
7578
4125
1413
7900
9498
2485
3536
8621
8515
5572
7308
9959
3595
5478
7950
2652
8638
3698
2596
3361
6410
4259
7089
999
4187
3368
9223
2763
1645
5874
6233
3142
937
303
4953
2435
8626
2147
738
2154
1336
5832
8234
2290
2218
1327
8217
737
3588
9634
3008
5796
9812
2020
7180
7742
7166
2189
2194
2260
9877
1968
640
1698
565
2140
2204
6218
141
4975
7811
2311
8527
6134
8162
2058
288
4886
1404
2882
1682
3180
729
1949
465
107
15
2103
2350
8487
7106
642
3447
9592
8537
4354
2281
9850
1584
8574
6352
3915
9772
8344
4582
4213
6157
1943
500
4398
7093
5937
5563
3953
7013
4114
6554
2144
9154
6212
3334
9705
3746
3583
8481
1143
8349
8613
3901
701
5924
5345
2377
8842
494
4055
1393
6562
6671
8833
3788
2080
1508
1787
4834
1984
644
870
5663
2834
8764
395
4569
6606
4327
2362
6065
3238
6386
9000
9008
9735
5484
9277
6371
9827
2715
8599
2771
5890
7
3522
2213
4267
8545
4239
3190
1585
3248
1928
368
1445
4670
7818
9733
5919
8872
59
4603
6828
2122
5738
7739
3391
2696
4662
682
3465
5193
2231
3373
3438
4305
164
4605
6761
8072
5852
8815
450
4930
1149
8952
1788
2975
4046
2585
8649
856
5579
22
2398
1734
4621
118
6721
6032
9672
6354
5968
19
9749
4690
8273
7187
4315
7071
9461
9992
7830
8049
8676
8416
6536
8543
1705
6254
4924
2072
1611
2799
2052
4072
1701
3954
7965
5762
7958
4579
707
4358
9253
7725
7693
3360
9572
7368
6619
8641
5936
5089
9026
8831
3810
3550
6814
7050
171
6099
1640
8570
8204
120
9351
9083
5894
655
8190
675
6380
7164
1395
5224
5730
6402
5194
9747
975
8591
2736
6322
9344
7284
9684
257
680
4549
9043
6711
8002
1251
3569
2108
3439
5630
545
7115
9268
444
749
6665
9839
662
5535
9762
2505
8203
6607
3242
446
1433
5757
4174
2582
3283
4831
8535
1474
2570
2673
6760
6297
7973
8484
7988
507
7615
223
883
7804
9474
7635
6320
1394
9430
8578
4405
8464
731
699
1304
7433
2931
3668
3437
5110
5539
3675
7724
5839
689
5079
3301
559
6016
5257
6
3432
1184
3168
2106
2710
8907
1839
3682
3172
3280
5552
6219
3678
165
9
6136
7526
9627
9374
3822
2203
2416
413
1079
9316
6820
8531
955
6968
953
7261
5792
2821
8697
1165
1781
4357
2642
727
686
5396
4003
2776
3349
8272
1457
7140
9475
1910
8766
8087
1704
5013
6744
2940
2779
2459
5821
27
1120
226
1884
631
9562
9240
6880
1976
6393
3344
8642
7028
8356
7326
6724
7278
6273
2382
9458
8426
4233
9159
1634
6405
9525
3426
9837
6317
1650
7058
3859
2997
44
529
3237
4164
3571
441
7841
7740
1352
9377
1565
9313
1354
4445
7391
7508
2409
4365
5426
7541
6072
3126
3135
6411
3205
635
9681
4755
2369
995
7481
5367
5393
2436
9741
1130
283
3378
7020
4964
8855
399
2561
5949
2517
5760
1430
6245
718
6950
7291
8011
945
4071
7425
4444
8748
1743
9585
3316
2584
1328
5636
2173
1249
484
418
7098
4122
9983
4620
4518
230
6002
2804
2737
406
8123
1514
9473
724
9676
8909
1131
1013
1969
9908
3767
5011
6422
5791
6573
7572
8796
1137
3268
3357
842
8911
4547
4743
2385
4132
8586
8133
2625
1264
3243
725
4978
2988
9704
576
5364
9870
6443
334
2004
7129
6196
297
7821
2632
6893
9305
9155
2600
8693
5069
1105
318
6403
8210
9978
3559
467
5945
4800
897
7966
5054
4193
9946
1819
8115
901
5849
6288
693
4663
1806
8904
3644
5035
5897
3526
1236
9068
4321
5322
4399
9623
3740
1029
5490
8908
8159
4517
4655
2076
6780
4596
9949
2476
733
4461
4927
5086
1938
5431
5847
8695
2524
6817
2240
3289
7365
9085
3762
3338
5928
8846
2537
9346
4987
7333
2182
8504
3455
775
7400
2038
5209
1343
3104
8660
461
5970
6745
2979
5973
420
7325
7109
9658
2870
3537
2022
7793
8092
4329
7519
6269
3652
1775
2327
4208
2764
8777
2239
5675
5124
7771
833
5819
9967
2319
4144
9937
9811
7228
552
8280
3826
550
7480
7823
2265
5727
1953
4677
3319
9309
6224
7633
3054
9909
6900
5463
1189
8438
7122
3755
4154
357
9029
1406
7855
2180
723
6383
9292
3273
9217
8387
1978
8056
4778
1877
2707
7275
7477
3082
7473
4962
4162
850
7173
1964
3516
5126
2883
7121
7354
9165
9491
6764
8746
8315
1376
683
7502
5470
8145
1192
5123
5399
7920
4406
8152
4661
1735
5095
6017
8738
8808
4735
6639
4932
454
6073
7290
4827
8678
2800
522
2277
2464
88
4391
7159
9650
835
4172
6045
4287
8057
5614
9628
6103
8052
9368
1751
5202
6877
4421
838
4553
8886
408
6199
5276
3838
1495
9866
540
3731
7704
238
1659
9800
8884
6715
3965
5465
4102
2732
1449
9210
266
2501
8939
3170
4255
9076
5434
4331
5653
9688
6600
1017
5746
2550
5228
1925
1957
4638
7853
9387
8340
7131
8983
1195
3451
4300
6020
2934
1482
5564
243
2177
2371
9229
5231
9734
2574
3130
2051
1983
1677
186
7599
3048
3197
3158
2558
4529
6286
2780
9250
9504
3572
9826
3402
548
1615
2225
8449
9211
1349
6125
3897
1176
3309
3189
9575
6392
439
8625
7982
9598
3145
7748
9847
8556
8847
5858
3604
367
7608
5550
2958
5286
6008
4286
1731
2614
4563
1208
132
1205
7236
3708
5845
3758
6961
2889
2999
9106
9410
6514
8919
4247
7404
9862
1952
9450
7044
9066
5833
7255
3231
8264
3027
4637
8026
8791
497
9712
1138
7084
3038
7409
1765
4379
8150
1702
7603
4675
993
2227
1974
7412
3773
7015
1811
6440
758
7580
3220
9290
2315
6316
8602
5699
4913
765
3801
9036
9092
5344
6676
7448
4850
7922
3028
4733
3183
506
7158
7302
9528
1055
7293
3341
9479
9601
1599
3138
2735
7856
4438
2120
5678
6433
8682
6936
5188
4910
3166
6349
2009
2399
8724
2253
5168
3803
614
3207
7797
3037
8981
8900
8582
5726
9843
4893
8633
3741
7720
9034
4352
5349
5977
5446
3696
1366
4905
9653
1387
1427
1973
6373
9361
6768
3613
2367
4069
6497
7525
2954
5199
7557
384
6417
4960
9284
2146
2430
5414
5053
863
4335
7190
3900
609
9446
6486
9788
9932
4189
3153
4643
7854
1240
3453
7537
5991
4170
2202
5610
5075
9198
6080
9335
6226
175
566
1426
9515
3679
8136
5383
6686
9931
1451
5542
9315
6284
1864
6937
4211
4283
2326
8807
4016
7699
9543
4815
6244
5985
6077
1368
3383
2554
1145
8197
7560
5285
7348
1032
1126
8731
2877
320
4328
5955
1690
2472
9707
3343
7350
4717
2676
3387
7685
1423
6377
9271
667
6439
4739
5854
7162
7318
822
5071
8725
5347
1076
1861
2568
6835
5397
8033
263
4498
3551
3938
7832
8462
3281
7676
1124
8314
3951
791
2841
3815
6473
7528
6201
2546
8178
1429
1086
9164
7964
5307
7331
8055
6869
1101
4928
2091
8973
6186
1212
2262
250
7432
8640
3420
7661
1809
2540
7319
6908
786
8443
9033
9121
8104
7039
4271
698
9809
6494
9632
8865
542
8186
6097
2639
7437
8742
4528
3350
7722
1730
6132
8130
26
927
8085
1792
9588
556
489
1363
4083
9511
7223
4113
9503
8648
8066
539
8816
2384
4306
1966
241
6207
2128
1298
3804
5703
5394
9389
5802
885
7436
5072
8171
7281
4866
5147
2794
9483
4898
1619
2383
5925
4383
9325
6592
5993
1791
9880
9293
7649
3255
6680
5327
5412
1961
1034
5511
6826
4414
5457
7991
1912
4647
5008
5721
9901
7305
3832
1793
5736
8068
9713
3381
3232
9751
9168
4470
174
8439
9590
3502
2469
7320
2539
2387
5948
871
5268
788
8896
9998
9451
4182
3521
6867
2032
8841
8126
4279
1281
8132
3530
6539
5312
6830
6308
3436
9476
9465
9258
3040
4129
9867
2683
805
7492
5337
5356
1098
5681
9557
7896
259
2268
4642
5385
7422
1435
414
2410
7138
1769
9200
5566
5290
1511
2818
290
5659
6272
9587
6794
9796
204
304
6062
8184
2343
1950
8326
5357
5855
9987
3777
6726
5620
1780
6872
8318
7754
7393
9471
7170
3193
6398
5296
3385
2275
2266
7546
3498
7570
541
7595
6177
8355
5099
8664
1546
7867
6813
3744
9366
5249
3157
1142
4
6253
3108
3677
9842
9156
3772
7143
4432
8029
3630
978
343
4833
4951
3653
2589
3825
2220
3552
2195
9191
8686
7932
4368
1347
3527
2909
5059
1821
7652
7870
2455
4630
4388
9376
3885
1483
1201
7458
3459
8153
62
7909
7659
3386
5313
8736
8532
5898
6765
6988
4751
9057
9744
4032
5041
8450
3411
4542
4160
1512
8065
7182
4889
6362
6184
1111
9868
9124
6339
6552
168
6236
3421
2951
8458
9215
5574
5074
4576
112
4249
7466
5282
4645
2536
7287
4217
5932
3174
7625
9067
4371
54
4747
6274
6364
8431
9244
4308
9457
5368
4650
9603
5558
7429
5959
8720
6770
4999
4810
1188
4447
4471
7530
7893
7036
2762
958
695
427
6644
7205
6596
4925
5348
8662
1243
6630
8091
4094
2978
5175
9082
1424
9514
3279
4021
7146
1937
1915
3745
8516
5570
4245
1883
6788
3504
7911
6704
5530
8985
615
3814
8293
622
8795
7980
9534
3418
3594
7387
4493
5688
1239
5711
6815
764
2815
122
4728
4497
8524
4449
5809
1031
9260
1522
2811
187
1582
4759
9970
4837
1715
5905
569
8980
7908
9359
6905
4282
1050
9944
5309
4207
7295
8446
7800
2899
1608
4873
253
2749
2462
7303
145
8155
3831
9963
4080
9470
7381
9003
7584
5981
561
4038
3460
8486
9018
2214
6176
9954
9481
2902
9791
1825
6682
1455
2192
7161
895
9175
8547
6263
7581
2915
3332
5885
9889
7312
6222
9841
8960
7119
3218
2132
774
8240
2722
9021
201
1386
4367
820
5068
1946
4339
8213
5278
2095
2470
5500
2118
279
7511
8566
4196
9767
2711
5262
6312
9030
5455
3817
1039
2363
121
8508
2782
3429
8353
3057
2702
8086
7814
5405
2607
1567
9298
8501
5568
2750
7464
4199
4841
3884
7822
6809
474
8324
4454
5318
2105
1259
5514
748
1892
4660
3417
1026
1276
3400
6658
3880
3388
7390
7844
4787
8028
8061
509
8661
4878
6151
2519
3176
7294
7802
1152
8453
7851
2867
1885
5028
7763
2835
4786
3478
3203
2957
7206
3468
6990
7846
3185
6311
5213
2973
3374
1369
7463
867
5392
613
5034
3913
517
3534
9876
1758
2511
1047
4250
373
3531
470
577
9137
9753
2210
8311
3515
5952
2670
3009
5899
8173
6796
3517
1213
5447
8100
7884
1254
7279
6221
5929
9743
8538
1381
5851
1110
1226
9553
4938
668
6769
8918
1602
9181
1203
6505
5471
158
3154
1851
5895
6106
1303
8277
3547
3725
2069
9652
7092
8717
6060
6507
6977
2378
9673
1716
7820
3044
4861
4618
2695
2169
599
5697
4429
1668
3625
1095
8218
6324
5648
311
9973
3756
9238
5489
2523
2612
9619
4061
7277
3651
4854
1529
3878
2809
9436
317
2129
3974
9647
3749
597
3553
5557
8398
6767
3165
6490
1284
940
9364
7781
3590
8929
3473
9635
992
8034
7575
5303
2127
2552
3035
3182
1172
2742
2833
3988
1554
3209
1494
5720
9227
7542
7154
7031
5407
8978
7513
6837
6646
8474
5553
2862
9820
762
7374
9301
6749
7778
3641
5661
6049
6706
687
2538
3732
3707
4809
7789
2404
6117
452
8489
6902
8750
7057
5524
1589
6637
4531
131
6126
7157
2211
1826
9041
7072
8863
1741
3933
621
4092
1185
3234
2853
6904
2687
4166
5164
3401
8713
2904
6367
2325
2414
9815
5049
6852
4519
8837
2284
1990
7447
9324
5597
2726
5267
4741
6931
5573
6679
5253
7540
3074
6850
2073
9698
5251
2040
5477
2342
1117
7351
2896
6357
4748
6709
5510
792
2473
5825
6664
4945
2293
8801
9019
1309
7554
903
220
2250
7207
1114
6087
7941
6751
7815
617
8684
4600
538
8812
8799
6509
6353
8390
6697
811
5600
7788
7744
6716
1768
242
1714
2374
8567
9861
1265
9641
7345
3456
9589
1875
7081
3709
3780
2206
3235
4360
839
5122
1616
2534
7253
9780
8610
8341
2927
1089
4116
2086
5812
7083
8923
9530
9373
9920
2917
7418
3958
3608
1547
9093
7222
801
231
3805
9184
6178
192
2431
6511
6070
8637
2734
7274
5234
1813
4338
4242
2478
5308
2418
954
2312
2232
7784
2137
9004
4343
4623
6246
7216
3895
3538
8323
2516
8727
6013
2684
3461
3323
7772
8614
1880
3776
1646
6342
8454
2638
5280
9550
3195
7339
221
9804
9079
3490
1346
5628
8259
2724
726
7220
3779
5682
3266
9771
1222
2373
6046
5544
9331
6875
4005
7737
7769
4223
6119
1499
3032
9214
6729
6498
8873
1014
9270
9621
909
4202
313
5427
669
9560
386
3823
6531
4065
5461
8245
3446
301
2598
2413
9027
61
1402
956
9089
2597
657
2644
2593
2111
4169
4022
3861
1227
4989
4440
5125
2295
7341
6482
7919
445
1550
6043
2237
9990
7491
6748
8498
3871
744
1796
3114
1544
8536
8597
6753
1747
5365
2665
2832
7872
6197
3015
5710
7155
7045
9439
8455
7990
9545
432
299
7087
4828
9195
702
8345
8617
166
5701
8857
7898
9252
7316
2713
5430
3275
6057
2985
2535
8694
921
1914
5765
6911
3864
1797
7449
8915
3827
1054
8008
9730
661
8194
8199
2376
8941
473
119
5390
9337
7605
3614
6156
4536
7346
4840
3252
6496
2348
3781
6086
7297
7038
7895
9865
971
9356
3382
2131
8348
2689
5537
436
9049
6960
392
5521
78
7234
5271
5212
814
9766
7662
7677
7645
9166
5181
1318
1497
86
1761
1125
4415
2810
2953
2688
899
1862
5995
8792
8003
5723
4376
3881
9297
3493
3466
8940
72
3643
7678
7488
2573
2099
5749
1586
9105
6323
972
7022
8883
2229
5169
6892
5292
6913
7383
5261
1312
7972
5454
7211
898
3923
6050
3890
3633
9600
3991
1342
5376
1623
3494
3480
3340
8653
3872
6736
106
3067
6802
654
176
8519
6441
8195
562
2033
206
2890
3103
2357
6164
536
2381
8480
3330
9886
4205
448
8825
4847
9203
4821
9122
3846
6299
9724
1666
7186
3160
632
6727
6374
2427
7794
5326
1844
6360
6995
415
5155
161
7733
1162
7638
5065
1191
9934
3770
1604
4039
5787
7421
111
5604
4149
6858
4819
5433
908
3548
8991
8283
5063
7076
3787
6240
629
460
5017
799
7413
8160
1183
9499
7710
4665
5380
6495
8964
1556
8445
9307
5057
5504
5493
1564
4295
5565
5643
4362
3217
8262
9561
9594
1664
1992
4968
5848
933
6140
5033
9624
365
9677
4280
3565
4118
4573
4888
3023
4853
8108
7208
7408
3929
4503
1
4157
6654
8999
2039
8111
3918
2820
7883
1454
6918
9053
9871
7951
6489
103
6926
8876
705
5687
1075
6090
2587
453
9607
5576
9518
9485
2352
1652
8164
8372
193
1590
2548
5716
5743
1324
8312
5319
7349
6194
9864
3148
7651
9445
8329
4534
5674
4935
6801
3024
4908
2706
8471
447
8237
3091
4681
8149
3829
4252
2837
6787
6949
5093
5754
2429
4008
2619
1703
1067
6110
8507
5865
7136
9393
6666
5473
5005
3214
1496
3290
2423
1241
9773
6252
6865
3223
7586
9119
3257
5222
351
6997
4666
9795
9221
7218
7835
2731
9444
1083
3043
6951
1112
7237
1773
2402
9900
910
6857
2405
3931
5963
4991
1800
1970
4153
294
8585
766
4378
3848
1600
8014
9933
8419
1685
8584
9172
789
8125
8322
3667
7062
9554
8836
9856
1160
6021
9425
3002
9721
7060
7634
417
9895
6247
5532
1088
6081
2441
8009
4750
8870
6423
273
990
4284
2961
6779
3582
7500
1135
1136
862
9246
2690
526
2897
2507
4256
881
7011
2332
5676
5305
4808
1901
697
1027
9535
6451
5077
3121
7665
7910
4176
5513
8737
2812
1428
5214
1260
8669
3977
6115
3307
7407
6687
7217
7468
8506
9947
7085
2178
5501
6795
2908
6225
8800
8222
7176
5868
100
4178
6684
8558
2508
4349
1942
7032
3585
5273
2406
5859
2575
162
9123
977
7683
2533
5474
7967
4561
8037
3026
6181
8170
1752
1000
4492
5009
3053
6741
9142
7148
7298
3664
7355
8114
9831
2659
8058
1196
5844
4533
1334
2747
9179
7874
75
6860
3488
1683
1066
8946
3979
7618
840
237
5040
8951
6183
6135
5000
1700
6179
866
7049
4904
3441
3406
1408
651
4198
7453
1463
2798
5758
6571
3734
3896
1847
7251
6673
532
845
6390
4588
730
7428
6565
3084
1280
2008
3095
4559
7472
7624
7861
8465
2803
8337
9429
8371
3659
101
7924
6991
1246
9153
4139
7168
6298
7914
5589
7768
2698
623
4628
7040
3761
4575
3856
8968
4314
740
8723
9539
3230
6484
258
7817
3310
4375
7627
81
8690
1317
3081
2560
2489
1058
8020
9158
267
7257
8580
5325
3968
2569
7590
6621
6577
557
3663
7641
9264
4018
4672
4236
2964
5225
7715
7396
1182
6388
9242
6691
1367
3457
77
1224
4298
9529
946
7923
5983
8497
6142
8683
1854
567
3107
8226
12
157
7307
1333
6650
1804
6203
592
9259
2308
1782
7321
739
2840
1551
8753
4143
3972
4712
6728
2900
6629
5603
6416
8493
9783
463
3892
215
9497
9755
2911
9261
3297
9262
3501
7289
4845
2947
1570
2865
6910
7623
7497
4156
7755
1461
9808
8392
996
7555
403
4700
708
6881
6897
843
1891
8788
2149
755
769
9763
6114
5784
5958
3580
4775
5947
5314
5139
6266
8893
5538
1510
2083
3535
7169
1620
8141
2034
6129
3353
6428
8864
8232
8523
8479
8924
1871
6107
5974
7235
3824
6133
8339
2881
4197
6641
5719
3634
5768
3702
6131
8577
8856
9699
1658
9984
5976
6387
7286
6501
7532
7637
1041
1944
6838
6237
7358
3715
7978
2006
6987
196
7593
4165
9643
5700
249
5606
5107
8261
4812
8989
1248
5715
7416
4163
4711
7568
3867
4859
9821
2419
7052
7394
2321
6014
7250
8417
9941
2226
979
2894
9408
4609
8208
464
9540
6295
9230
1776
6277
4745
3955
2389
9109
8030
1795
676
782
3347
9948
3375
3742
348
664
3851
9173
2028
3161
9001
1348
7263
9976
3489
7055
6840
704
7276
8868
6750
8239
4311
690
8885
4142
7029
3179
1442
3062
8681
2019
6642
6957
4395
332
8470
6158
369
1072
7260
872
6884
9829
1805
4612
2172
875
4413
2024
9493
6737
2437
1473
4261
1727
5992
7249
6508
5879
8467
169
488
4990
6037
5497
5834
50
773
855
6437
1621
4082
1464
8291
2138
9552
2990
3714
892
4921
1446
2649
5151
512
8871
6359
1527
5377
7107
6124
6819
6519
9502
2043
9020
3285
6472
3092
1109
1448
4496
2450
7938
41
4041
8510
3128
7970
6633
2439
4227
8511
6580
4881
7378
1380
1187
6896
1492
5505
6465
4034
9527
4403
9717
6515
1720
4836
4214
4679
123
6409
4019
6435
2104
3194
7999
9326
9495
7165
2653
9369
9986
8790
5592
5320
3337
5645
8469
7142
9064
4480
8139
7940
3061
9517
8094
7360
7954
5971
3950
6001
2015
535
7335
5672
691
5830
6532
2740
6456
2135
4220
8663
5106
3524
4604
3628
570
5840
7971
8386
7833
1628
4846
3056
8463
6211
8347
8608
2856
24
5002
5578
2996
2167
8166
9416
8124
142
3970
429
3101
8116
9583
5167
377
5198
58
3431
4858
4524
7075
8035
8965
2433
2151
543
1470
391
8046
7406
5131
9141
5826
4540
1028
8709
219
4699
7403
716
3646
886
5551
2848
7558
443
6285
7442
5666
7981
5744
6214
5529
6449
3445
5173
4985
7877
5647
2079
1118
7494
4086
9883
8715
1326
742
1146
2623
3833
224
6155
4749
9487
477
5210
5244
1837
4356
3369
4341
1279
6888
281
9213
4053
5045
5665
2880
7579
1859
3877
4340
7707
9037
3796
207
4710
6419
3204
3202
9010
6068
4757
4684
4952
3948
9131
503
1873
2338
2606
2057
6094
1719
1643
5990
2852
717
8024
7548
3578
6174
5288
3577
5078
2553
3507
8176
9139
1048
7956
8756
6553
3598
6842
2933
9332
1319
8942
1562
5587
8257
1631
6341
9397
8400
4064
1960
2333
5673
7246
8070
1694
4541
5051
807
4501
9048
9787
5828
173
7585
5284
7741
1484
3952
8161
4411
6889
1190
1093
6583
4838
4133
4361
1016
5619
5121
2701
1257
7415
2691
5306
1581
8292
3920
4590
9103
5235
8327
1255
5515
7796
9087
3093
797
9775
1860
7773
7882
9952
1504
9095
8297
7799
84
7533
3660
5708
2280
6891
1517
4417
3791
7639
4994
6595
5165
9190
4348
7904
6692
1322
4939
7270
2874
8174
1438
5633
6614
8138
9304
7750
7761
6591
1742
6703
1814
9533
1053
1802
3284
9790
2046
6784
2217
3944
4996
2152
7118
7553
7114
6731
2336
2512
4842
9894
8579
177
8167
4281
9013
456
9075
1559
7005
5080
1762
9460
1955
1853
4168
5655
4505
2481
7487
7100
4230
4884
1618
8881
6962
7149
2866
2088
7239
8466
8616
732
6464
9413
2486
8615
6027
2412
6747
7987
5580
4548
1450
3247
4564
5492
9462
9263
1030
5105
7454
4402
9860
8281
3
5869
5595
5363
3264
1603
6545
8805
6144
950
5602
1868
9031
9761
9180
4500
6241
6431
2335
7372
5297
3842
3691
5594
6432
3996
601
7690
3143
7977
372
137
147
9581
3607
1344
9768
8500
7610
3007
5752
9125
57
6627
2767
1045
3311
2355
4870
4982
3333
8505
8004
4949
116
4167
6699
6969
5611
9486
6548
4054
481
3070
5418
4152
9017
4105
1410
5741
8814
6231
1207
9881
5520
11
2520
5351
1882
2921
9884
342
1161
4535
9051
4506
612
4871
8993
5230
9023
151
5638
1745
8358
6204
9977
8231
8948
1154
8763
7679
2981
8054
3764
9464
3294
3893
6089
6412
3422
1266
2256
5260
6649
3423
1723
741
2116
3778
1651
6557
3479
6675
8564
2601
3689
2283
3122
228
1592
56
8376
6522
2224
1665
6689
2242
9239
8747
6915
3542
2873
2622
3700
4709
8636
5162
8937
9128
6276
9170
2929
2565
8654
2026
1289
5462
8843
5692
344
9605
4337
1732
2113
6104
4436
9256
7451
1842
8112
5978
1294
212
4897
8219
6442
4209
6996
9728
3362
757
1062
5712
6499
9282
8714
4632
8949
1598
7417
2571
1528
8539
1869
6722
984
3847
4323
1980
2255
5352
8834
3964
1557
1245
1829
5795
42
5195
5918
2860
8534
4788
2721
9917
1147
9754
2859
2657
3430
879
170
6831
400
3063
7012
6028
8945
6152
1807
5141
9272
3720
4578
6333
7105
8875
4957
3312
2617
4050
8282
711
7152
5331
1087
3818
9353
8569
6121
5248
1151
98
4301
7810
4656
7247
8784
2807
3379
1462
8374
4437
38
7127
1168
2944
1679
944
7786
6582
8308
534
2301
3112
9567
8828
6927
2503
2490
5413
9084
5010
6019
9526
7953
2987
8623
9323
8342
5584
4151
3208
8899
9666
6381
6375
9995
6493
1918
935
6029
6148
5696
5635
781
6330
4394
2636
1707
6280
796
8622
636
9695
9878
7006
6413
6725
8088
5001
9492
7175
5232
8594
8137
9595
4583
6430
4796
7188
1498
5134
2952
5950
5767
7073
4485
911
5298
818
6608
5329
7309
1392
6886
8375
8589
7644
7907
1626
5571
7177
8405
8829
7507
2050
5197
8787
8183
5371
1480
1019
3949
66
1539
5850
7244
3258
4523
4452
4002
8021
9536
1021
8148
5867
1133
438
776
8090
7792
7025
1958
8933
3472
941
1729
7984
4184
8129
7749
6678
2482
860
6907
5886
8743
8113
9657
426
2157
7868
1460
8083
610
7264
5836
3017
9810
5127
3404
5118
603
2365
4566
6025
3487
1285
5289
1982
8384
4727
6256
3626
4587
9299
9916
3198
8810
7946
9620
2235
1986
5909
4484
3669
905
4312
3518
9334
4027
3543
3849
3499
2400
4992
4330
2613
2557
2549
9340
1595
6331
3579
5039
4011
7288
4917
7551
1486
5148
1038
8732
3795
5070
2765
9357
4729
3697
4297
4625
2675
5582
3855
1578
4654
1278
8473
847
6400
1356
6338
3603
76
9247
9078
6589
2438
6290
6447
8369
6799
1936
9071
3013
7714
6042
5372
841
9318
7271
6480
1633
3782
6271
1890
6542
2500
4595
2521
4616
9040
5316
7945
8300
2656
4373
9236
6066
1653
8378
8667
965
8359
7402
3363
7460
4915
6901
5421
5311
2720
4508
3670
3828
3738
3109
931
1197
1163
6921
1262
9897
90
7827
4767
618
3566
5145
6762
5878
4855
9710
356
9218
2012
1568
3159
93
9697
9308
1760
5567
5192
1672
5354
5098
9779
7549
2158
217
6041
3222
8938
9906
3784
2583
4556
6964
7887
6775
5941
4511
5502
9616
1140
4318
4088
1566
1371
7571
9646
5420
3508
7197
9420
7629
2166
8436
5680
5466
3113
7935
4617
1237
5218
951
7065
5954
5266
3272
9009
5485
889
5239
1186
5250
5943
9927
5179
4057
4902
262
2186
917
998
2948
9622
7021
4288
5946
4427
4030
4425
2090
5112
7925
9303
7395
1156
2693
3033
1458
4795
7598
8887
4123
5495
8321
2393
458
6659
7192
1748
5200
9220
4522
4664
6733
5824
9077
404
6978
2667
1692
6075
3676
916
7384
6153
606
9577
4137
3415
8759
2358
7139
289
7806
8242
5982
3322
882
4304
3792
5472
6822
7160
7439
1040
5176
9038
5097
9339
8165
7292
5818
9231
9251
3985
853
5907
7929
2704
6631
8557
1116
1778
9828
3372
2001
9604
5639
1681
1867
5935
3173
7484
5128
5616
5190
5440
6648
4292
6999
7547
3251
8562
5706
5389
2329
3681
3320
803
89
1132
2447
2044
1596
6216
4594
994
7787
8560
8142
7431
9742
2982
8336
2572
2930
7862
9509
1534
7556
2162
2723
4479
9805
6012
28
9748
1858
4499
371
611
9379
9935
7245
9625
2353
3293
5774
7209
8140
5523
8609
315
9280
594
745
7791
2793
9024
8169
8827
9556
9855
9402
6871
3857
3141
7248
9957
8404
2014
6228
3326
2547
6656
1018
4716
7362
510
518
1325
6023
3980
6781
9981
349
1519
4106
3351
9629
3947
8895
5448
1696
9117
4896
1840
2886
3240
6998
1614
6541
8156
9455
6856
8612
989
8025
9792
7684
3199
8646
8269
9690
9072
5702
8517
3638
966
3187
4155
6251
8209
5870
5629
9171
341
5036
595
4115
4047
1513
563
4694
5986
4387
4462
3789
5026
3512
2263
3993
5382
1385
2962
1803
1472
7385
6556
9686
5479
7968
2950
3935
6685
7104
1733
9994
8525
5187
2545
3398
5416
948
1229
8380
1728
9133
4639
5172
9940
8897
8716
8163
2875
1398
9317
3408
3184
5556
271
9032
1965
3449
114
1789
2150
5800
844
1695
9424
5660
1085
5432
7675
3798
7850
2442
2752
1923
2972
8131
1739
6401
3592
6912
8890
7765
3496
7478
5560
7952
1678
6301
3998
9161
7646
3196
73
1242
9426
4401
8265
1945
8420
4033
277
7647
6599
9656
8377
1870
7174
282
1933
3229
2709
3090
6344
8838
1921
9348
8490
3763
4785
2498
2887
5548
877
2477
8001
4770
5247
6530
3211
3392
7112
3395
2292
3318
7857
85
1231
3616
1320
5067
3894
64
988
2245
185
5575
3865
3775
6667
6205
9969
9669
9406
1693
3888
7738
7273
5092
478
6220
8
1724
1316
3956
793
3906
9327
3497
6358
4273
8866
5908
5857
6255
656
9660
8926
5395
4940
1834
8302
6617
7046
2093
8017
1286
5781
306
5900
8013
2241
9245
8710
1009
3227
8740
3733
9781
2816
5807
2662
9756
6738
828
715
9157
2258
9118
5601
9817
1642
7499
2910
8435
8932
4798
3364
7069
4835
6933
4955
4001
498
3957
3910
2249
9421
5332
8019
8270
3022
7311
8361
582
2729
4372
2085
574
3140
211
9146
5841
6773
5652
8813
440
3434
7657
8522
3099
8483
6735
3399
355
232
6585
6854
5481
6559
4456
5831
1233
7903
8954
6191
9919
7344
6844
7545
5624
9005
3462
7328
5612
7619
7616
4221
6586
5487
2285
8343
2748
7694
4722
5751
8934
997
7077
4967
9823
1216
1754
2386
8393
7254
3883
3072
9469
2219
6876
8101
4210
5293
8117
128
884
5863
1232
2792
5157
1872
8824
6195
4520
9108
3685
2216
8492
5623
3821
9022
6944
1542
5987
4180
8331
8157
4758
6061
1361
7613
5085
2479
9174
3156
7597
6406
6051
6793
5475
7518
2666
1906
8700
2620
1827
1757
9014
9576
9058
6270
6518
7256
9580
5464
293
3618
4863
6379
8785
9199
880
8121
7918
7559
7229
7995
4251
7514
4186
9375
8414
8366
153
2681
2307
1374
4009
7242
4602
1175
4467
326
1537
1008
5527
2530
865
1465
7671
1283
1010
8986
9602
4521
787
7066
2808
7921
7955
5153
1991
1252
7096
3813
1056
2471
5081
4302
710
585
37
5073
3346
7371
6758
6182
2714
7043
9012
4823
7212
3819
2581
9845
3006
4043
7482
5022
5342
4474
3106
4277
9440
9964
5748
8705
678
9513
3427
4020
1331
3358
8304
6575
7322
696
587
2492
9980
7003
1382
6462
2777
6861
402
9776
110
6864
5458
4448
2316
6616
1332
3014
7630
4510
4614
1667
4063
4713
2760
8403
8202
6743
1856
584
9905
1866
4693
7758
1588
6337
5607
5714
2563
8593
1810
9904
6492
9665
7219
2457
92
2861
4238
1452
6834
4557
4191
4567
6476
4029
2161
9054
9136
1440
9599
8656
308
2744
7392
430
4874
1119
7193
9434
95
3914
8253
8365
6551
5598
7974
9586
2364
2271
5120
6512
6611
3596
1876
3930
9372
2746
5705
6011
71
3850
5353
8826
7666
9422
3474
4574
4629
6009
7531
8971
1113
3080
6643
4552
5358
3875
8227
268
6983
8603
1422
2466
7997
861
8177
703
5780
4970
2627
40
2878
8877
3481
3155
2888
8627
3917
3648
4322
9834
3768
2705
7976
405
5494
1977
3469
639
9675
325
3083
3785
5877
2168
9571
1577
6525
505
7992
5704
5693
8206
1622
7636
1635
6945
2716
4347
8726
2082
9267
9626
6434
8316
6661
5960
7933
771
4051
9662
4203
2286
6262
7023
7948
4004
1230
4111
5386
1579
3960
5341
2842
8181
8288
3719
4771
4593
5384
7024
8097
5837
1345
7863
1691
5591
2042
83
6883
531
1198
575
8246
1663
35
5585
491
5984
6030
5989
3355
4868
9187
4695
5338
3584
6279
4127
7063
5980
6378
2836
1738
7944
3134
4761
674
31
6015
1074
9706
7809
2244
920
8089
5360
8119
1907
4355
4141
778
4504
9799
7969
3045
6712
3990
6940
6742
2453
1583
3367
7535
49
6487
8236
1636
7881
7037
2831
3701
3271
721
930
1629
5694
7767
8018
3352
2998
9945
8712
1432
7424
7979
9363
1657
5201
9035
68
419
8680
5996
9388
4546
5534
3000
4516
8765
2551
6653
9438
324
3567
2664
8670
6461
924
5020
3673
8698
7195
1697
7664
4580
1275
3219
9116
2592
8889
2107
1351
3610
8220
5031
9928
3059
1846
7440
3102
981
1865
4076
5590
987
6039
869
1750
6336
6806
2002
8953
4316
246
5773
3936
4916
7917
3509
5004
7876
298
1706
2303
2153
480
5613
1269
6282
3068
152
4803
39
2984
7700
9500
4956
3937
6436
6523
6265
2918
7411
6260
7051
6389
2672
2925
5361
8005
1503
5541
9399
4781
3396
3666
8596
6249
7471
4028
3485
5586
7897
5654
1684
6268
7504
7515
4512
3440
5499
2155
4804
5161
3046
6540
598
4895
4091
9328
485
7795
3711
5562
3889
6528
3315
7534
7689
3520
8587
823
2187
6450
8012
8995
9630
3495
1543
1364
9395
7327
7901
4851
3969
2446
7113
5215
1036
5373
4204
9714
5346
1476
1370
2247
5003
1647
5061
7191
3376
1481
3907
3051
5695
6778
4685
1779
7672
9678
9207
4805
6561
3661
4941
4397
9472
4774
1820
6463
9302
3442
4958
7496
7314
1092
5223
6458
9689
4108
6610
8379
8744
2425
8783
3477
6504
9703
4084
9169
2159
6055
963
859
9338
6752
1641
3794
6560
8154
2543
2070
2509
4333
2396
9538
2081
5177
2181
6590
4407
1035
5771
4428
4110
8679
5362
6862
3735
1272
7079
4752
4093
6853
423
9814
9555
8910
4683
9568
2134
6914
9045
9680
6558
6007
4762
9343
4801
1531
4856
1874
9319
8079
6303
9400
7523
7144
6146
9418
983
5684
1051
8059
4390
4867
6982
5406
1574
1434
184
3695
8992
9140
9412
7252
3545
9453
3151
5196
3018
6640
9566
6812
6612
4641
546
605
8773
4544
7014
2960
1571
9794
4006
2830
2074
4560
8412
9467
4976
3016
7759
9565
2499
5060
6963
2184
8168
1360
8075
8958
1493
1250
4490
8295
5359
9793
3544
5794
6235
5686
7231
180
9167
8994
7736
3615
2876
6710
1002
2018
8822
7329
4257
1350
4912
6810
1353
9614
2349
5962
6095
4943
1046
4793
6538
437
269
1419
4730
9394
3573
6816
1479
2790
3356
7985
5543
2989
4772
2016
5144
3317
7495
3619
4181
2345
8303
5740
4550
2970
6972
5191
6105
389
4843
1675
4278
2631
4410
8530
1315
2465
6193
6628
2448
8692
335
5052
8254
7388
1397
104
9879
770
8721
2372
6460
5972
1520
1006
4382
751
6808
1687
3844
3167
2092
8982
2163
7410
7520
6807
5559
2475
5233
8427
896
5042
9971
4232
5683
200
6588
8027
906
1993
4527
6238
6959
6185
3939
1525
9225
0
2872
4290
9404
9591
3562
868
6833
551
327
8495
3299
6517
9996
3304
2359
5709
4175
394
3335
8229
2986
9951
3984
3686
5750
1553
709
2567
4737
6898
8780
8892
4103
319
2682
8135
6452
7018
4066
7450
6965
2331
5330
8368
2221
7648
800
519
7801
8127
4887
1935
29
2502
496
6594
3541
6543
3377
2624
9915
6010
379
4607
6615
3380
7614
8549
785
5056
490
5609
2495
2806
2895
2564
4732
9186
6771
753
6123
2743
9848
4980
8038
5411
4865
1718
524
986
1020
4903
5506
929
3296
3444
1411
8223
9824
1488
5880
6287
6672
358
7709
2
2755
4926
9558
9396
4380
471
487
9423
1963
7099
5185
4608
2901
9961
4294
7838
5404
3989
8645
6466
4488
9286
5881
2923
8673
4696
6943
3256
7470
5882
6613
8659
7461
4721
7183
8290
7770
4369
3127
2417
8672
6076
5766
9185
9384
523
8267
6866
9050
5441
9398
851
160
8823
7364
5083
5884
2903
4138
8215
6319
7489
9531
8143
8396
5166
5245
2562
4633
2483
8442
2757
4007
1166
5317
302
4734
578
7156
1234
2420
3943
8330
7886
4891
9853
2949
163
3089
8437
4668
5137
8060
5776
1359
8776
2328
1467
264
2994
810
652
5211
8867
1396
1305
1261
8852
959
3631
2251
9661
3052
3730
8317
2898
4131
8402
2305
2588
9694
5006
6469
7262
7230
9578
4109
5549
4274
7465
4766
2609
1941
7150
7905
2269
7125
9985
6923
8704
9942
1218
8010
6979
2041
1759
558
8461
3525
2712
6928
7435
7467
8781
8840
2717
7441
2829
9609
6408
5644
33
5294
3110
1832
663
2452
7696
9729
4746
6698
6310
9151
316
1310
3921
915
9765
7054
7805
9966
7569
3620
1210
475
4081
8207
7756
7621
1516
234
6160
4222
8447
2011
7338
3576
4451
1378
3606
1121
1798
9296
2084
6209
6229
9668
9988
8665
5129
8962
9488
511
3313
8947
4060
9711
619
1772
7369
1533
3178
82
2912
8084
7116
5669
8728
525
17
4260
7490
5255
2708
6022
9062
9938
8409
516
8685
8734
8305
8502
433
6772
9219
4068
3940
8062
7888
9786
6418
3853
5062
9321
4099
8373
1717
6825
1710
2078
8869
7078
1558
7829
8338
5528
5300
5019
4532
9454
6503
7702
4307
9752
9723
508
6766
4568
1170
1335
5853
4285
5838
3200
9427
6623
154
8509
2035
5631
244
7377
6396
6578
8540
3904
8936
2287
4763
8652
4530
1384
9806
659
1951
9965
4931
2449
2458
3354
9655
2021
3934
5707
9235
1962
6335
1090
8651
3001
5717
6524
80
5279
607
8362
568
2697
8105
2171
1627
3117
2351
9913
7831
7565
1306
2753
4126
2252
2759
2579
2855
6006
8077
4299
6705
8015
1930
203
6355
9512
3975
7928
1485
2401
8214
7334
2257
4820
1412
9644
8745
1509
9132
1471
9844
6382
2616
2013
1178
5114
5507
3274
2635
735
3506
4272
5911
949
5759
3976
3407
7310
6100
665
1003
6385
5409
7688
4244
5622
2751
6018
7347
4317
8906
1920
1939
4326
600
6789
9760
1766
1903
2053
4706
9679
5618
4817
3003
113
3769
6564
4457
7527
4025
544
8976
9380
3241
4052
1042
8423
4829
156
1812
2037
7179
5429
952
1985
3743
8554
8045
6000
4514
5369
5969
5926
3997
1917
6707
4997
393
1801
6740
6088
6232
9194
8268
7091
4015
6350
9385
2055
4396
9059
2434
9144
2594
9347
5132
6947
4657
5783
4610
819
6603
4476
1541
2087
6481
5163
2124
4894
209
6063
3766
2919
4773
4194
9854
2879
1221
4289
802
1141
626
9228
8575
4364
3324
4345
4502
8928
7674
9606
9633
5637
1670
2590
8749
4177
9544
8397
5117
7705
2254
5483
6165
1290
7041
2279
8410
1753
8618
8144
6192
1713
8761
3748
2924
5735
9542
8512
4243
7604
2928
2772
4031
79
8271
9243
7430
5437
8977
2955
2330
4769
7757
9846
2334
1425
1501
3636
6647
9362
9494
284
4777
3321
6369
7550
2577
9659
425
7483
4408
5178
4933
7943
5517
3115
3858
5044
45
4526
580
1024
3528
5790
5046
1661
8803
6395
8768
8735
3658
5237
1267
9541
1744
136
6717
3657
1409
9888
1902
6674
7961
6879
9294
8859
2974
5012
934
7912
321
633
7008
5343
7825
8891
4455
4000
3073
3149
4350
8811
205
6786
1824
3909
155
8211
4619
6935
4443
7512
2677
5657
2838
9956
571
7474
9803
8444
4979
8476
7151
7658
9991
2230
925
6187
3329
5763
9104
7866
502
1630
8894
8666
4597
5942
1340
7963
9129
9414
1007
4984
9774
4404
4495
7845
9639
9936
4435
4688
8675
3413
1215
8555
736
3554
1721
9061
8225
300
1725
3870
625
4857
5400
7926
4515
5581
6839
2141
1895
9197
6058
6609
191
7506
6293
5258
8179
6394
412
7777
7594
6946
743
2354
7434
4673
194
3031
9654
3599
2692
9134
2774
6172
2445
6663
6250
3866
527
2637
4465
214
5861
5940
1654
974
9096
2170
6365
2236
3597
2065
1403
1180
5350
1736
5801
7834
4074
9378
1972
5725
9638
3253
9046
5032
6922
2678
1073
8752
6346
3816
8221
2766
4206
2967
2000
5182
3869
7007
5018
7332
3069
397
3837
7949
8301
4973
4085
6939
4911
4906
923
4359
6215
5875
2844
8284
3713
6453
9265
3371
1153
7336
7589
18
1931
588
8482
4420
9746
4754
6843
5138
857
3919
7790
848
6973
7296
3303
8433
1005
8325
3096
4698
4482
2306
2674
8451
7529
5646
2190
8260
7552
6082
7824
973
3100
5264
8256
3905
2243
5204
5531
5642
1453
3129
3078
6790
6171
4386
6003
6143
8797
4067
2148
8595
6855
6034
5444
9110
492
99
620
6555
1887
9091
1995
6056
2817
3830
1817
8413
4972
9520
2655
126
2991
8635
5737
6325
1200
3941
6792
8175
9130
7185
8310
6005
4351
9112
780
5508
878
476
5964
2298
8974
3587
572
8230
7573
2936
9893
5889
6527
7596
6175
9311
555
4825
1214
1507
8370
7712
1833
521
4336
3265
8485
4075
2914
3435
4658
4687
2846
8541
4266
1299
6895
6327
5336
7110
6529
6604
9732
8320
6173
1535
2604
1115
7459
4363
9407
9508
7873
8333
2504
653
1515
1922
964
6546
9360
4188
681
1277
7074
8459
8935
5739
5775
5522
9612
6776
1004
9745
1505
1338
1818
1329
537
1181
7280
2443
1477
604
9255
9923
140
2010
8650
5815
3328
6601
2913
9573
3706
9432
6917
2432
9273
5916
960
6657
7226
9922
8848
3019
9664
4128
6096
9519
4756
779
7232
1127
4691
761
3836
722
312
3671
4799
4848
3144
8818
7375
8758
1898
5999
2238
1330
5782
5381
5770
8533
9496
5158
1997
2650
25
8631
5142
3693
1954
3737
9477
9912
1302
9547
4472
3216
5183
5797
4228
7716
3556
7196
5728
6890
6036
9381
1307
8703
5091
4783
5662
2215
4150
9177
9234
4201
9448
1897
3718
6535
4899
9924
5913
7323
3560
4816
8711
9642
4017
3854
1217
9637
7501
6984
4107
8706
2823
252
9692
8972
8708
8185
5922
4901
1270
4389
4689
5617
9482
2826
5180
9466
8180
6491
8477
7849
4869
4934
5951
9851
9521
831
1927
6471
6848
8460
8521
821
3118
74
7691
2487
352
7751
2313
4860
285
2304
6230
370
6878
1271
2183
7026
3656
5835
5240
6719
5159
7427
8191
2805
483
3611
493
8382
900
4948
1763
1468
9955
4026
8408
7601
2591
5219
6448
5519
2603
8212
2136
3774
1848
7379
2191
4171
4977
1068
7916
7221
43
2680
9696
5967
6054
8604
2824
4920
581
4226
8733
5435
7313
7516
3799
3879
4036
4262
6404
239
1845
2694
6708
747
1580
5753
4790
1924
7538
4409
616
1301
2098
5480
6732
9902
3098
9777
5152
2067
1421
2317
3687
229
8118
1998
8916
7103
6952
3690
6162
8274
4624
8970
784
7890
5238
2645
1199
1011
1699
6429
2893
5599
8430
9463
3010
579
8298
4822
9314
1521
3470
3750
7132
6111
6326
6688
5656
6526
1375
816
2075
649
501
55
6660
30
3424
7485
5451
8182
2699
4667
836
6091
1365
671
9546
5442
3523
8526
8882
7035
912
8022
9484
650
1524
4947
3717
2130
5119
3292
9816
4313
2094
5975
3723
2595
8041
4864
9336
9896
2379
7130
442
2403
5265
8360
3262
7147
7840
6067
9437
2646
5445
4023
1405
2322
7591
63
4627
9890
1740
7167
9044
4676
3077
2791
2341
3245
5340
4680
9452
331
4296
8804
5140
4268
919
8520
4946
9914
5302
1889
7864
3961
6166
251
8600
6669
3627
3903
2344
416
8619
7215
5747
9237
8860
8266
8494
2484
3443
2730
8429
1158
2941
3886
5883
3642
2943
6791
1767
2843
4525
2980
1023
6851
1526
4010
4572
1632
5242
1287
1401
1431
6102
1358
2456
1447
2527
4423
914
4995
7957
1174
105
6161
5778
4923
5436
3171
4551
1122
7010
8639
3786
3959
9182
8313
7479
7357
1288
9069
8472
8357
6587
8496
6200
4231
3425
7204
2126
4430
6694
6457
4353
1852
7361
2969
8699
5769
3291
236
8559
3393
504
6261
5403
6167
3999
2559
2822
70
6887
6829
178
6785
8786
376
2200
9342
6974
7734
5339
5561
854
1373
9007
1771
1065
772
720
5283
7503
9204
5843
4907
3513
1783
4240
7913
5274
5938
893
670
2857
1971
1786
3624
6695
7414
1823
7401
5860
1981
5910
8334
4246
1855
5328
9006
4434
1407
9524
4640
2340
1597
6281
3902
5174
8628
1022
624
7628
6128
5957
8832
8399
4426
2320
3922
1711
9391
4852
3221
7654
9510
410
6116
8657
2261
2424
2618
275
1926
190
5101
2634
3983
7181
1456
808
1686
7444
8456
6257
8110
1490
7342
2207
8849
7816
5116
9759
6414
1996
4581
2532
3120
7667
1879
1689
6626
5252
8966
4478
8851
9770
3428
5915
7836
7803
274
1219
890
9910
7521
2718
4192
2422
7241
6929
5299
3405
6426
1500
5205
2922
2660
1077
1379
4963
8499
7860
9549
3004
6407
6520
4983
4487
7317
9608
9830
5226
8901
6800
360
8550
7233
5496
589
87
1656
6004
4370
8067
2267
3365
7774
3036
5632
6445
7366
7017
3124
4648
255
5024
5160
7735
3629
4424
2276
6941
5100
7894
4879
9737
2176
65
3602
1033
5469
4101
6427
2703
2391
1886
1549
2758
9028
6248
6031
354
3802
8689
4993
8821
1835
4483
5048
7509
6584
1337
2611
734
4494
7268
1639
6550
8576
5498
5679
7959
7352
5777
1676
8478
5547
4212
9060
3410
7878
3797
6593
1139
7543
5154
6622
8854
754
6122
1849
7723
9989
3282
7931
6035
4147
7729
330
1610
6188
8172
7606
692
7942
7200
1934
3800
8927
6137
5729
4089
9506
6053
6909
8565
2630
6868
247
4241
7721
2884
8415
7681
6783
1624
8120
876
4158
2528
6827
14
3887
7930
4037
4049
8332
9189
9709
9838
9611
957
5583
4117
8306
8071
2339
9382
1843
7727
1688
7356
3491
3754
338
1416
296
4392
9822
5526
6533
7996
8452
7798
1777
4134
4135
5450
9563
9569
630
2222
2541
9480
4044
6093
3020
5111
9982
9892
347
9671
4697
182
3987
4344
3891
5756
222
6074
4876
9205
5135
8122
3635
3632
1179
763
8441
3050
3581
9663
7592
5038
4765
2061
9443
2366
5503
7510
9216
2467
8774
7697
2212
3308
7566
9088
8798
3414
4719
1128
235
108
3684
8874
2629
3086
5871
1193
1828
431
8817
8296
6147
5912
6942
5634
2294
646
8252
1383
9736
8151
4701
6537
3558
6651
826
1064
6118
2858
5241
6930
9276
5021
9597
3058
7871
1390
4446
8751
4892
2188
346
8819
4195
1070
9700
1979
8967
8701
5263
9114
385
7819
4554
7711
2102
1099
7859
3276
2916
6345
4768
5722
6510
7607
9999
6513
3898
1164
3125
638
4731
7837
5956
1638
8216
1662
4058
8238
3212
3570
8440
6217
6714
2946
7626
2761
7852
1919
2461
7443
5467
5627
1489
216
8276
3978
9370
7475
4601
1389
4806
9002
6798
6652
1108
9807
8401
926
3942
8381
985
5025
1607
6971
9869
2488
1900
706
8691
2839
2968
5823
1469
5799
9548
6683
6572
8592
7839
9490
5014
688
8707
2640
8188
3075
5920
5724
8998
3710
6805
1540
7452
4764
6318
4839
8598
9206
8563
1202
9209
5806
9718
4475
457
6967
5816
9274
5246
812
3981
4276
486
6746
8913
9401
7669
4459
9285
2795
3192
469
5452
6662
700
6845
2100
5621
362
5391
9764
3809
7655
6734
9882
270
602
658
1749
9715
9670
6026
5087
5811
134
225
7397
3807
6824
3034
4489
6455
2526
2510
9279
2288
4346
9516
7315
1171
2160
422
5893
3860
4442
8862
9863
7033
6874
97
6966
2428
4634
1263
2935
4959
8719
6701
1888
7324
4814
825
7562
4070
4736
4644
8244
3448
6924
2310
8943
2555
6361
9098
7726
5295
1308
4919
5066
6078
8335
9107
8611
1988
3239
8007
3647
2621
8917
3962
4120
6059
1896
7622
4431
3868
7172
5596
3688
7983
5698
4988
6127
8128
5713
1129
2651
7718
3540
873
2196
9266
4671
8809
6120
5488
6549
7703
8275
1746
5798
6069
8428
714
6953
7858
1649
5793
1094
208
6730
8674
8406
8702
1669
5626
1709
9065
2119
5685
3450
6470
904
3094
970
6723
1043
5055
5037
4723
333
1815
5090
146
2871
5324
6925
2426
6574
7153
6112
9953
4460
2408
2368
7807
2274
2060
6696
7445
4724
449
5872
4669
1194
2745
1167
6397
2297
7214
5994
9447
3916
7701
5220
3609
8023
627
8568
3005
5378
564
9074
3839
8677
2768
586
5921
7108
4538
6477
6547
9329
3639
8081
455
5291
1282
53
5227
5016
8771
5914
5113
4179
9358
7731
768
8196
1321
4742
21
451
6141
7399
8861
1097
8411
4464
2451
6521
9926
9720
1916
3843
7567
1637
2411
6356
2375
2233
4185
2392
8772
2454
6038
1491
913
2802
1253
4161
6227
685
8147
9649
9367
9972
533
139
1722
5923
3759
1575
832
4969
4056
6803
6638
9278
1415
9769
5902
4275
8544
9163
9383
3224
6234
2775
5156
5310
9537
852
3087
5102
2101
3249
8687
96
6083
428
3852
4986
2248
7783
5398
2869
7673
4486
3882
5691
3911
891
3655
8424
6163
2463
9320
9505
4416
9613
2062
6670
4048
3175
3261
4098
1223
1256
9289
9330
4200
5536
1466
9579
9350
7064
9419
2199
5186
2036
1560
8047
9593
2289
5323
3162
5866
767
888
8770
7937
4890
4844
6920
9135
1228
3302
1831
677
4173
9667
7034
390
8655
9295
3510
482
1967
3111
4900
6368
8198
7134
1536
5965
4794
6139
1144
1911
3139
8096
9836
6958
6506
51
4589
7577
7419
7993
813
5058
4045
7779
3029
2056
4119
6421
5533
5428
2123
8782
9431
7708
8760
8775
7660
7663
8098
9063
1487
16
5439
1932
9345
5374
9899
7457
7258
1671
4235
2390
3519
4121
3747
8095
2496
9489
9523
4740
1157
7632
6863
2522
6948
9415
4659
1594
2770
401
345
8835
5846
932
9386
8351
5742
4481
6372
5482
5460
5277
9974
2926
468
9701
2300
967
5896
7353
5733
5761
8000
1555
6366
5931
4720
7764
3586
148
9162
60
7059
3753
2397
1576
7536
2920
6444
1755
6597
4059
7330
1609
5518
4042
3416
6363
6170
5449
1443
6836
4954
8961
4651
135
858
2778
387
337
2031
5944
6955
976
8076
9739
4811
8082
3136
1625
6759
2145
2314
9943
7027
5650
8289
8346
3662
2769
2234
6300
2648
6348
4998
378
3433
1268
8551
6483
5236
6478
1355
9962
1929
5084
6804
5640
3215
9979
8729
6307
8051
2905
7001
1863
361
7111
1712
830
2728
6975
23
2491
4385
9403
3225
9281
8794
9885
2544
2497
5671
6351
2977
1648
4678
6534
5410
6108
3055
6980
9835
411
2444
794
5930
6668
9300
9596
645
5082
3076
8187
5668
4862
4491
7002
8844
3841
4130
9070
7016
3927
4877
2054
7670
9522
9685
5334
2647
4024
9100
6064
5456
8920
8950
495
6992
2599
2066
7283
4468
7517
9202
3967
2027
7994
3533
5402
6154
3637
6620
7086
9785
2787
8006
6919
6598
9355
6693
7340
2064
4981
8979
2907
278
4035
7885
3727
8762
750
4473
5366
936
5764
5901
9551
2668
9682
4929
9090
4384
4077
8389
5988
9269
4692
2518
7135
8607
5096
2077
8922
5221
4705
2201
1106
4875
3739
276
4599
2175
2566
3622
227
6568
6168
7975
5810
1297
2302
8383
7047
7438
4159
4613
3486
2643
6567
554
6569
5130
4263
34
3458
5641
6305
3467
9459
4797
6459
9782
2193
8572
2628
1420
7455
8571
2025
272
323
1437
1244
8630
1388
9354
1475
1538
261
328
5203
4450
907
133
2174
9055
5997
1850
7760
3314
8624
7004
3065
2542
7426
6424
2049
3152
2864
7563
3563
7588
3863
3529
3049
2725
7602
5906
6169
4366
3926
4611
5143
1313
7762
9797
6024
9365
2179
9288
1169
3692
3721
7446
1841
407
4325
5788
1012
1293
8251
6085
7133
5805
9832
1726
4545
4216
8769
8036
6777
4824
7203
7000
7101
5109
6899
2956
8364
8319
5094
5217
777
9719
1785
2071
9478
8146
918
1082
9160
8307
322
6208
8475
5270
3812
6242
8241
1770
1994
8418
8016
374
380
8032
2480
5649
7539
3060
7095
5779
6566
9143
2733
6849
2156
5259
2197
1235
4606
6635
4849
6239
2506
8931
2741
5927
2784
359
1323
5269
4422
1532
4592
8233
2983
694
4466
3834
4726
9025
7682
7102
5979
2198
5491
5207
9740
8850
6718
719
5476
9570
6376
2460
4584
1107
286
2121
9691
3370
9968
6150
3476
3994
4744
9801
8134
1104
8425
5115
2395
1061
5321
6655
383
4704
9507
3793
2029
434
3729
7380
2854
8820
6916
7300
8309
2208
3164
3188
5355
5862
9640
1173
8421
7891
5206
2995
1674
7847
1908
9052
829
7582
8925
8043
1999
9819
4909
4148
4190
4309
3674
9631
8063
2965
295
3811
684
2850
7126
3336
3532
874
8193
7780
1417
2361
2525
7367
3042
8201
8039
4324
4237
4753
6645
4652
3650
9651
7686
8294
5419
6198
8432
6296
8552
2932
7068
9921
2273
2654
9241
9039
5605
115
728
9056
5103
7643
4937
2068
7561
4702
2626
8158
746
2813
340
3389
1893
6047
5803
8878
7875
8247
6544
8984
7698
1025
2407
1545
2602
6314
4509
6180
8888
7934
9073
245
1238
144
1913
3539
2661
7423
6763
339
9852
421
9435
3503
1660
3201
637
8802
8644
9813
8044
9312
7717
864
4400
1049
8546
3137
1084
2299
1612
3873
91
513
2727
2114
9081
5422
1418
7189
2096
7843
660
3752
6903
1441
9333
2347
4146
5827
6885
6634
1247
2017
2739
8299
991
7306
2801
7420
5829
2309
8793
5516
5315
1548
6954
3862
7272
7989
1591
5651
4555
6340
3757
6321
9674
2851
3331
6846
8243
8590
8395
3623
9208
3665
7936
6605
69
8513
172
4653
7227
8561
183
4104
46
8754
4014
6130
5007
2531
2048
3680
5822
5459
2282
2827
1177
969
8963
6774
5149
9456
5453
7889
4791
6370
5555
9584
9291
6446
3041
6258
7301
1756
8205
4374
6309
4140
7848
9047
