5099
1815
7657
8688
3129
1228
2578
67
7771
181
2942
1484
8459
7642
6584
4971
1846
426
3148
2562
7757
3018
2207
9533
5123
6822
3176
2095
8126
7844
708
8316
3635
9630
9451
3932
4040
579
4177
9567
4167
961
5629
3315
5849
4385
6183
8715
3078
7155
347
1965
6953
6281
6091
9262
9299
6693
8623
9769
7250
8009
6567
8128
2648
753
3806
7185
8920
1210
4520
7553
3562
3813
3611
991
116
6825
894
5504
4963
7337
529
1909
190
5234
5181
2129
6847
505
1567
3833
94
7316
3647
4725
6266
3189
6865
3864
3079
9821
9479
2463
2502
5283
3206
3443
7070
9306
507
4805
2218
2384
1030
5330
3075
5339
2993
8024
595
1752
496
3817
2788
4451
1903
8363
567
9338
7803
6866
3807
901
9746
9446
511
2526
9127
3656
8898
3956
7493
7121
2468
6710
3831
2748
5742
3702
2300
2591
1814
992
2622
4553
6381
9579
6039
104
9504
7197
3187
8609
2426
1920
2216
1077
6486
6004
6555
1200
2356
5868
545
3399
4051
6967
3076
3791
326
2955
2595
5565
4697
9555
2460
7030
9735
2282
5133
4473
2112
3442
6823
2104
7271
9723
3987
1423
1557
7
1689
3003
458
8807
6884
7818
778
5164
183
8180
4327
6687
5854
8166
9463
8121
6597
8804
5698
7779
5657
308
8494
4413
5182
768
5214
5992
4660
1627
4190
9033
3996
4814
8785
9174
5817
1718
1940
1971
6860
6212
5501
3337
3910
8812
2709
692
8577
9336
4546
2761
9705
4077
7677
6408
380
6848
5324
3746
2294
8733
6742
6081
3108
7453
4873
3261
4596
8317
9966
4382
8069
5651
1734
7040
1648
8108
3466
3934
5098
3029
8183
1295
8521
7645
5532
6814
9666
3676
6529
6887
5910
9882
9093
4234
363
8005
4185
132
8666
3794
9531
9376
5568
5121
6169
3718
8655
9546
138
376
5631
9524
963
5740
265
5331
8741
8339
7328
8662
8158
2332
4518
4922
9976
7582
4583
5151
5478
4654
2470
7562
5208
6883
8025
411
7080
6270
5370
4968
7408
167
2612
7247
4401
2659
8984
5033
3652
9106
1495
268
7830
3323
8535
9330
2171
7381
3621
7714
5544
1058
8499
1951
8599
1732
2639
1501
2367
6867
3293
9870
1974
5597
4061
586
8114
1956
4421
5865
8050
2134
7624
3752
3582
994
1132
1293
2454
9279
9772
9548
4891
1744
5096
3100
44
1919
3876
9806
9711
7198
530
3388
7789
6159
7888
4505
346
4782
5867
7248
4675
2438
5353
8846
3771
8956
748
1765
6508
2374
8872
6849
3404
9863
9578
1779
5027
8778
2765
305
1666
872
2910
8293
8995
1468
9067
48
5347
9363
8820
838
5616
7366
2632
8455
34
4852
863
7806
2762
9920
5496
2755
1489
2835
3027
6241
1531
5083
3093
1227
5306
5738
8667
2566
7777
9755
3250
3468
2421
8001
7058
7050
6463
4042
4770
4719
4904
2143
6766
5894
1978
4548
2429
7481
9895
4949
3952
90
5225
8817
1935
4305
9648
2999
9393
7514
1443
2877
4568
106
7782
4113
867
4785
9243
7833
8970
372
6136
6299
4114
5619
8033
8687
4893
2986
5922
2052
5800
8823
771
182
3344
2997
6871
5129
4744
7281
1942
3639
2721
5572
7828
5231
3812
6017
1173
5508
401
5748
3095
5455
6749
4499
462
9233
508
9484
6700
1900
2587
5428
5587
7539
9834
5502
8992
6558
1467
7723
9859
1977
840
3286
1997
2545
770
1074
7596
153
2564
8553
1310
6243
2314
6325
4876
7929
3477
1960
1778
4781
7411
2337
2007
452
8530
817
4026
1858
6103
5801
8696
3111
5794
4443
9775
8040
8659
8426
4439
7341
2065
3054
9802
1944
8736
8947
3396
5856
8296
705
1219
278
5500
4509
4290
8246
2608
7476
7619
3329
4514
7501
5238
556
6919
1570
5822
7372
6733
5557
4103
690
7753
2522
2012
40
702
2601
4338
8729
2038
1696
8300
7221
7156
3609
6925
4183
8684
9321
1204
6285
1085
5959
8921
1544
4832
3714
7738
61
5899
5444
8989
5061
1546
3408
8965
1875
6218
9162
1386
7600
4213
8337
3650
849
4043
405
6399
7203
688
1120
1255
6550
7601
5696
2103
1706
2068
8380
7968
6639
3152
2926
1986
0
2137
1889
9963
7597
166
1207
8075
8218
4355
1007
6692
7608
1368
577
7100
1341
9541
382
5709
7621
5006
8407
713
3661
5995
3918
3483
4581
2962
457
4639
6604
54
5171
4482
179
7457
6652
2064
6676
6316
285
2475
7284
543
7466
7900
6113
8117
1801
6643
4012
3190
612
2070
8930
321
2467
7206
3022
4618
9076
9565
8538
2501
7196
9291
5294
743
1624
2447
3454
4125
7347
9260
5641
1841
9865
1867
1695
5551
3156
7808
7287
1014
1321
738
5928
5552
1989
8775
841
2820
9501
7081
8211
7331
3
396
118
7112
5321
6119
6248
9808
3911
5950
1651
5362
5399
5391
2649
5790
786
471
240
193
2280
7069
3659
7459
5446
2089
8338
5546
1243
3273
7091
2322
7552
2928
665
7233
5245
8894
9945
8762
1571
9063
4233
5711
9584
6653
7304
5440
3531
8717
3671
8013
6204
5328
5768
6821
1115
341
4373
996
3691
7432
2407
5834
126
9212
2719
8348
4299
9968
1964
6196
8591
4851
4939
6104
6350
848
6915
4915
4084
3080
7342
5618
7574
7101
3126
8568
5962
1045
2782
9327
9629
3431
2533
9099
1073
9949
2226
9521
2873
3789
8488
2177
7994
2660
7245
4399
3694
2073
8464
368
1416
4821
9996
9618
2544
639
4539
4253
4818
2606
7689
5480
4612
69
2390
8335
9280
5723
7424
6301
5670
3474
3422
9056
944
1580
5812
1137
9974
3048
6946
8552
4659
1202
3164
6084
7005
5802
2060
5447
9091
9985
5302
2589
4155
4004
4220
205
480
3925
6015
6816
450
8959
2385
2650
8205
948
6489
1545
6201
1703
3943
1094
3295
3527
2875
552
2005
1705
4833
6041
4920
5637
701
2576
5393
8882
9875
8529
6230
120
4283
7369
6044
2778
7840
1585
7183
4616
5516
8171
168
3591
9599
787
4823
5232
2287
102
3292
6963
461
4020
4938
4400
1854
5257
3814
4205
3538
2395
2691
9277
1055
6670
1719
4071
2708
2473
9709
3347
6348
2333
6182
2924
7144
938
6720
4060
3655
4674
679
9441
4603
3207
523
561
3565
2490
1524
7036
9220
989
4880
5530
8435
3159
4751
6149
2006
4759
1500
7508
7696
4602
7765
5986
8119
3319
4664
5459
8164
2520
2168
3944
2858
4843
4209
2992
1462
1881
9048
5654
7229
3055
9288
9168
6126
736
4964
4858
5338
3196
521
3770
7307
9045
1313
8262
5554
5951
1369
6233
6459
7055
6986
9628
1610
3568
769
2725
5131
6338
4884
2250
3816
2015
9428
1366
2791
5463
8295
3419
2176
3520
6227
7691
9653
6649
3861
8044
3135
4790
8713
2088
4855
158
1677
2996
1465
8159
9312
3695
9634
1840
1892
9411
4973
6465
9105
6083
2798
9295
2366
2901
7720
5203
3600
5878
7512
3792
6130
9640
4393
1748
6699
5065
9437
3370
609
7769
3679
8232
5895
3145
2943
5777
4073
5435
2292
5993
3013
8832
6475
3904
1549
8582
8999
7956
9227
2445
8839
8874
8821
6636
7756
9713
9727
8870
5937
9677
2408
1717
3253
3137
2086
5830
1039
1062
437
3428
4774
9697
979
7425
8153
3014
9118
570
8848
1331
7104
5270
1258
2596
1611
6989
6783
3595
7547
499
5786
4025
9983
4666
8788
4475
313
8307
5963
9084
7577
2707
160
1004
528
78
4919
3043
2075
383
3313
2570
1126
8096
9993
9286
9994
4470
1991
5913
9204
7385
1121
5260
4641
3060
7124
4827
681
8141
4801
3585
3886
941
905
3303
9199
8573
6019
1521
443
316
9794
2891
6683
3214
8127
3526
6505
1097
1023
1708
5850
5053
8469
1419
8399
5905
8513
1153
4092
3256
8294
3198
3392
3909
9310
8511
5012
4321
4448
7901
8565
7320
1333
432
3499
5664
3088
2480
5041
8719
1599
2894
199
6738
4141
4587
2580
728
4879
7585
5691
6042
8417
4148
5911
546
1910
2837
8105
4633
7633
6626
2687
8089
1128
8063
3505
8261
5329
6401
1819
51
1958
2167
221
5019
4758
4017
8595
1738
4763
9103
269
3707
544
6949
9113
2327
8799
6034
4608
7841
397
3724
9003
4591
890
9409
6498
8020
6666
3446
2645
68
3511
2430
1904
1337
3317
7534
7813
3532
208
5265
6957
4219
5227
7662
5087
4550
3058
811
7622
9148
6193
6197
8038
3099
2795
896
3463
6656
8125
1628
1562
445
5559
5056
1503
4947
6146
1605
111
4593
119
7318
6839
4999
6875
3146
3810
1954
6800
9445
2194
4357
7401
5674
5221
4506
5852
9112
7737
8652
8716
9825
5626
7061
8866
7890
9926
5506
8856
8771
9553
3318
9392
4582
1483
7259
9122
4052
3587
4102
1446
9217
6351
112
2066
907
3536
3815
2882
843
6767
9273
9866
7234
537
6404
9317
2209
6106
6704
1953
8986
7178
7964
9676
6360
1663
8226
4112
5981
5395
9717
2423
7976
5678
5163
6541
1281
7778
7557
541
9136
1361
9507
7120
6793
8364
1418
5982
6870
8267
4227
4677
5385
9502
3409
3336
3369
5157
6472
9790
4631
3486
5116
3867
2760
7145
4319
995
3657
3902
8492
9412
1728
6659
9766
8575
7289
1556
3070
3294
5361
3787
4036
1616
360
9187
7821
4512
1502
8893
3625
187
4467
312
9885
4095
9385
9747
2513
715
9910
3237
876
5436
2344
1771
2951
4746
3957
9981
2318
3703
9799
3873
3797
9818
5119
2598
6510
3421
4501
8283
7346
7801
5685
5271
1998
6998
1980
582
3786
5279
2017
5932
8116
754
125
6311
3853
4415
6622
6347
7824
6364
7862
5412
9074
6336
3464
7763
3780
3239
5135
1017
697
4273
7899
2131
3931
5721
4372
8698
1811
3950
4767
4936
9064
8151
2964
9195
4271
5386
3378
5022
5639
4367
1754
9608
6319
6493
8438
2948
1541
4198
7661
740
7192
5043
86
1397
5466
9368
8304
6660
5014
571
1223
8359
3402
2640
5842
9955
2368
7067
5588
2676
2427
672
4028
8483
1161
2329
4236
8586
7561
5040
239
6731
3669
3982
6798
9614
1555
9610
5147
5811
4850
3839
1450
3097
3056
3197
1950
5030
2484
2806
4795
9373
970
3427
3912
7519
6247
6067
4542
4847
3778
9803
6046
4875
9208
8252
5400
606
9621
7404
6240
8712
4023
2120
64
1538
910
2044
5650
9394
2658
9850
3072
459
6473
7647
6051
9386
2173
2182
8277
6425
6272
7702
7043
7016
5421
1437
8039
7267
4527
3729
6861
8207
5927
7439
1231
2382
5686
4422
8418
1517
8133
4313
7220
5635
5847
448
6460
936
1885
3172
7297
2357
8536
1205
2531
3581
1016
6735
6199
2456
7367
797
6561
4169
4578
2102
7140
6523
1753
9695
6907
9248
7704
1625
7209
6726
4211
2737
7973
4322
7911
4969
6662
6589
9360
6093
9135
9760
4249
8642
8946
5978
1658
9458
1699
2495
7666
3320
2774
2584
5730
1072
3416
9858
6669
5613
7361
7130
5379
4447
663
6160
3704
1860
1654
1669
9170
3020
1237
5201
3439
136
8949
5148
7850
1679
8124
2638
5571
211
1440
7089
4682
5757
5350
1533
3001
3236
8551
6124
7573
6137
5970
9066
8519
7724
3550
8054
7038
5787
5199
2063
242
2141
7388
4991
7333
4387
5548
4444
1631
5627
855
6420
6313
8668
1880
8972
3119
1657
7927
7102
4679
5202
9979
5253
9264
6275
8607
1843
8726
3979
8576
2528
3890
7208
4804
4532
4434
3245
4435
6082
6032
80
9704
6527
2486
2669
9698
1604
5882
8689
5866
1151
9039
7074
3848
4168
5750
4215
9159
8365
5081
7809
9751
1061
3410
6672
9283
6439
7819
2890
8559
186
8297
9230
6701
7969
4151
7338
4995
2796
7903
2033
2763
9201
6536
4877
3394
6056
2717
3278
1655
3849
8076
2939
9036
9180
8525
6792
3961
516
8428
87
7384
1405
1307
4830
5524
2225
2572
3759
656
4118
7260
7675
6835
5310
7272
142
3999
4836
7375
808
8043
9632
4437
1032
6730
6582
38
8371
2701
9749
2893
8238
9259
9413
1353
4072
2204
7109
29
6815
6689
2624
1852
6745
6246
2742
8663
2260
4577
2906
5473
2855
8877
280
1566
3227
1169
9591
2352
3881
2809
1133
7317
7172
7310
9933
7433
1600
2625
7222
1982
3840
7462
6930
9595
1763
8526
3209
7467
9418
3900
1414
2969
7082
180
1671
8854
5138
2740
9316
3938
6637
8844
6665
8580
8850
481
9673
9635
5303
7123
129
9001
8145
667
9543
2905
6026
590
614
8794
1011
4573
3923
4396
5401
7479
8132
2211
9126
415
7746
4521
7193
3432
9071
7290
6790
7188
6650
6131
4742
4079
2350
9452
4365
5890
4883
8046
403
5360
5476
6470
2379
2254
3357
6349
1715
2807
6112
2982
8484
8280
5165
3968
6549
6054
7627
6688
4361
4062
5649
1212
283
8421
8934
1586
7496
6777
5739
4027
720
5410
6889
5113
7751
8012
7775
8661
1159
2001
5424
9300
9535
2483
7873
8251
9509
8154
2321
2744
6955
2553
3930
135
3834
6786
700
2888
5855
604
7252
798
1291
7906
7712
2853
8911
2627
6358
8706
9796
3629
7376
8656
274
6519
1939
3211
1234
1185
846
9922
6499
6048
1148
9213
6805
9560
9493
4186
9838
178
610
1583
8610
5354
9881
8466
318
2667
6328
8604
7581
7495
4750
622
6390
1849
5758
9459
6642
7045
8801
7864
4397
5066
7201
8400
3485
1626
7438
2443
5947
4957
4494
6483
6455
763
5024
8978
2581
7414
2780
5168
9658
419
4308
3828
1275
45
2565
1308
2450
4914
215
816
4153
3008
6353
8867
3071
9525
2510
3276
2961
3306
2391
5607
5675
4377
9214
7471
2233
8710
880
3988
344
2904
9015
5929
4638
2897
6663
1359
7189
1482
7764
263
4788
9932
825
8052
7971
3648
107
1093
3353
6546
651
1375
5255
9049
4173
2718
5062
9627
1895
4034
8847
1675
9924
1485
6828
2634
6929
9978
26
4334
9062
2630
4428
2420
5433
2549
5396
5174
4560
3202
442
3781
9843
6617
9722
5642
4320
5204
851
2179
7728
9342
1722
85
2125
8424
9361
1164
9874
4074
4263
3248
9585
7236
7774
5184
5825
6958
4535
3548
7427
820
1127
4070
7396
2295
3268
3844
3021
9934
4838
5793
6265
3540
1690
8188
1838
2561
9622
6391
282
3359
6645
7225
9681
8234
4802
1474
2665
4456
759
7692
6161
3997
5141
4630
4379
8441
6447
4323
39
3518
1660
3523
2974
6965
2178
5247
1367
6576
5154
5220
5879
7678
2050
3785
1943
3858
3175
4562
176
1620
9096
2151
1691
1686
3068
5543
7135
3448
1404
1498
2494
9337
3865
8976
5796
1636
2041
3668
292
224
5215
555
525
1471
7402
6763
7914
6630
3010
853
9782
3920
9143
8473
1981
4671
2827
7983
4813
8087
7992
7846
8795
9813
8313
6838
8859
1047
4692
4329
4549
1874
4293
9851
9771
2668
6841
3365
137
2307
9125
1168
847
298
1268
6743
4097
6308
5693
5603
8032
1994
290
823
4684
98
4718
2403
9184
3226
1206
895
8700
6144
3403
2675
3089
5110
2069
5736
1323
3165
845
3871
4418
145
5595
2900
218
6723
1166
9587
8353
4368
5707
9422
2582
1377
8614
724
1709
1024
338
8508
2477
6326
71
7745
1454
7079
9161
4152
5958
1798
9611
7269
2979
9035
4519
4554
9597
1665
3903
5689
4700
1427
6771
726
6228
5505
6948
2517
9539
130
6944
3755
2814
323
5545
716
9615
4033
2101
3116
879
4139
9052
5375
5355
8757
3877
4566
566
5078
4812
3110
1769
7125
1143
4312
2679
2022
8583
2878
3854
4100
3257
1469
475
2973
8129
8287
1478
6375
5655
8000
1191
538
7545
3163
6525
7334
7051
2043
2923
3246
8636
3602
2132
6458
1970
5122
2311
226
43
5366
7672
8070
8910
6526
6045
998
1621
8528
2336
9149
2004
5200
3711
6552
4030
3053
4264
196
1108
2412
1378
9423
164
4634
5289
9292
5590
4047
7413
6864
4954
9305
4075
9951
2238
7386
4537
8104
4966
1861
3356
8081
2605
9528
441
402
7865
3976
5949
7315
5453
440
3440
805
9930
1766
2574
9372
560
4892
626
2181
236
3547
5002
3870
935
4336
412
9574
3381
9008
6885
2716
6610
7531
9758
746
2487
8384
6253
9904
6040
3662
8714
7530
4632
6410
9432
5915
6968
9801
2021
1254
7491
409
1726
1455
3203
6166
238
9764
1438
8496
503
6971
9787
3716
8542
1364
4054
5985
818
4375
8308
9215
2266
2328
8671
7362
1351
1395
6854
1539
9941
33
1652
6018
328
3993
1477
4349
3104
4953
1088
6631
2353
9784
4059
4557
3496
4206
8650
695
9302
2792
5054
4681
2930
9995
1515
5608
2263
7373
8282
288
5007
1506
3019
7909
2433
9425
2301
4386
310
9178
9124
3628
9601
9447
5513
9182
7822
6671
1001
25
6121
4699
7537
8397
2931
1947
4556
4696
8305
8155
5342
9510
6901
9005
2308
4430
6684
693
7915
1160
6464
5581
3223
3201
1382
4676
6488
8137
1818
8131
4747
6829
8612
3552
1685
6768
7943
6554
1830
6599
9593
1379
3989
8311
5784
5490
3804
1662
1773
7344
3033
6442
3219
5712
1215
5759
5077
4597
7955
3437
6163
9619
8290
2751
3456
7959
6857
9789
3593
9216
1315
5358
3361
1343
7379
3244
9902
7157
7625
4987
9407
2286
8569
3773
9692
1103
1963
3754
6177
7882
5935
5426
6909
3171
4708
878
5774
2187
9014
6384
1536
6570
2828
6300
8851
2889
927
1177
5488
6739
3114
6892
5872
6678
9433
8987
9242
1676
4925
5414
2569
3534
379
9943
3065
2556
6461
6516
3616
1037
2696
1913
4409
7680
1075
4625
5137
2995
2603
2147
3139
3305
6714
7768
7295
7616
75
6501
7141
7258
1481
8951
3670
983
8236
7003
2895
49
4565
2983
1934
8540
8477
8217
7429
1907
8546
393
177
8411
3085
3964
9779
7941
7851
2471
9472
392
7035
6904
3665
213
868
2729
4755
735
6033
1697
8596
3543
655
714
7878
309
8351
3325
5299
694
5169
4335
5300
1573
2161
8545
9880
5100
1021
8135
8405
9600
9054
3557
4733
1564
8106
2945
2047
7727
5236
1165
365
9823
737
2251
7444
8998
5011
7126
3259
2711
5930
2715
6746
9354
6553
5474
4952
4956
5250
2339
6727
5541
5762
4522
6528
8574
7410
2766
601
6713
6236
5765
3090
7659
6997
9552
5755
3878
1068
3947
8524
5593
762
6628
7423
7669
6129
4188
156
7643
3094
7825
7875
7232
9257
7280
3002
9962
9374
9258
5520
1287
3331
3327
9944
5268
2106
7535
5672
1314
1184
1008
6362
1114
1522
6329
4285
747
8018
4412
2862
5519
9969
6845
3829
234
2399
3383
1203
6799
7742
3401
4575
3994
2952
1435
2500
7861
4256
4944
4706
4348
5177
1526
2354
8718
6361
7698
5380
6167
8633
5359
5290
423
8101
2498
5875
3200
6490
1249
5415
9152
1245
6211
4551
5873
6273
8350
6226
5274
8753
4192
5620
5843
6485
1827
2914
535
3837
2435
352
8515
2826
1926
6587
7853
8895
8935
4540
1449
228
7847
2278
4743
3556
2919
3634
1873
5538
3451
7895
5900
5475
8084
89
3120
2488
7945
2024
7856
7465
4786
9173
5454
731
97
4462
7485
6027
1272
4235
1171
5323
6923
4761
2252
3435
4572
8048
5064
6005
6062
7118
8592
6344
616
4446
6851
3783
1770
6035
1186
9946
286
62
4982
973
852
5933
3984
4340
7251
4091
9639
7160
56
9491
4872
2686
8309
4353
1967
7749
3228
7736
8498
4076
4405
6327
2009
5071
4643
5003
9108
7792
8272
764
1424
1432
9228
1179
962
8482
3092
3586
8532
2010
5503
1806
7569
7838
1918
3880
6753
1985
8452
1684
7064
4381
3266
9369
3271
4690
7006
3252
3051
934
3016
7999
9344
5999
8697
2991
5517
4404
4605
5482
2003
3504
1623
6886
3673
5471
9345
501
6779
7533
6495
8016
1328
3475
7106
8449
390
9684
6917
2972
2284
7626
8579
4111
6574
4792
8560
9276
3364
3138
2927
3992
6538
9887
3062
2320
9237
1793
7811
9462
806
79
3390
1338
5831
2217
923
1869
3700
4983
2573
3827
2916
9545
6295
173
6807
4778
3181
8555
6214
971
2880
357
6331
1385
9165
4860
6052
4900
9768
4107
5209
4363
7108
2465
7173
9065
3067
9984
5188
6664
3594
6641
9
2872
9495
2867
9234
8593
6448
3772
2671
9169
2552
3339
898
3296
5457
3179
4619
4217
1884
4607
2535
6069
1176
6614
1107
7810
5773
4981
3906
4282
2348
3981
2822
60
5965
4846
6737
5647
2175
9246
6606
7654
3118
9989
3973
2023
4182
4360
9077
7306
9913
9748
5692
9708
3614
5871
7525
6514
2135
2946
3940
5144
5798
7731
3537
8648
2452
3061
1740
8357
2879
9626
5615
81
6613
2818
9947
608
1647
7693
5000
2268
2932
1656
9854
9196
245
7602
7151
1217
6178
4154
7896
1650
5533
16
3788
2397
2285
7165
785
5371
581
5094
4184
2113
3889
5885
6931
8216
8852
3098
3743
6203
9043
7473
664
3612
2628
8324
1036
9331
572
1183
9690
9889
7620
6545
7062
1054
2210
5438
9689
5308
4000
304
5749
3411
506
7872
8578
1028
644
580
975
6573
5105
8500
6937
7431
9460
1242
3830
4068
2299
421
9659
4689
7478
8374
6551
9489
1253
9923
1596
4637
3349
583
1871
1938
1040
3265
2670
2516
5717
1941
6467
4441
456
7820
9492
5658
7947
6031
2232
5420
6429
8489
7935
303
7859
6411
8275
914
6939
2651
3109
384
8192
8326
1499
9637
7884
922
2056
9142
5521
7266
1619
2784
4044
3260
4398
9928
6928
5997
7015
7886
8627
4275
4083
7817
9526
5491
8079
4202
7972
4011
7116
6853
729
9318
4789
4131
4617
3205
9872
1745
6852
775
8646
9638
314
8694
9777
5267
4310
6145
6840
6941
8329
5403
1466
9009
2848
956
8027
4736
2771
6190
2856
1823
4225
9738
7324
4230
8620
3117
676
4793
6564
449
9741
4694
8570
4678
2772
8782
607
3782
216
3686
6330
8375
2840
7528
2130
8516
8673
9791
1972
4988
6876
6744
8414
6334
8544
6517
4776
6586
4923
6173
5301
8814
8376
9936
882
9468
7904
3891
9725
7009
7524
3366
3509
3519
9693
7834
7648
1271
5162
9130
3423
6520
7472
2186
8425
8086
7827
7224
2746
3883
9590
1563
3875
6293
1720
7268
4175
4224
7695
3121
2365
7683
2396
9831
6023
9396
7136
1513
7029
6259
565
1216
4730
7452
8816
5217
2525
7832
8679
5176
6863
2267
4210
3334
260
3566
406
2449
1144
3086
532
4735
4116
1899
6748
3045
558
9404
2142
5623
8522
4910
5727
8800
8212
7735
1256
3575
2057
1930
3231
201
3467
7039
6506
4390
6164
3425
3991
2757
578
2000
6340
3302
6646
3208
2804
799
7881
6708
6202
8110
6110
8239
1845
174
1587
7783
6942
3800
6222
1290
8458
2941
8150
7292
5969
6992
8837
8011
8802
4104
7339
2644
7153
9309
7096
2437
1117
4222
8962
8502
8967
2829
6412
188
8436
5549
1053
2504
2491
5405
488
3894
8815
4491
433
3154
8035
4927
7002
2080
1828
8168
892
2245
2331
3774
6024
5816
8003
9688
9624
3516
3850
8631
9319
8556
8954
1311
8312
6594
2283
5931
1781
2977
9538
9975
9861
3015
8156
1898
3184
6181
1937
3641
5662
7065
9582
4376
3646
943
6560
6140
2042
9572
1735
6494
4799
2558
2317
5726
8966
6444
5967
7799
1785
844
9809
9225
2507
2551
7460
1554
1759
6195
5779
1905
7876
6960
5912
1305
6244
512
773
5467
9381
7127
4599
7300
4069
4803
9348
410
400
2472
3251
9656
1672
8523
5334
5175
8682
4624
2734
4014
8122
4878
7940
4395
6873
1548
2029
3954
1282
8644
6952
2987
4419
8199
5073
8760
6812
150
8471
3708
6250
4948
9455
3150
7880
418
4251
5612
2738
6566
4934
8980
1674
5432
2016
1724
6818
2206
7340
7210
5964
4731
1962
5682
988
1347
1285
5512
1642
163
6003
1218
7835
4241
2203
7052
5936
1847
2169
4866
7084
7238
472
3642
8111
2915
8258
413
3363
8366
2521
4729
7095
8113
6170
9181
9783
491
8589
9439
756
4610
4857
7137
8991
8635
5472
8630
9820
8808
5744
6740
3125
6995
8243
4019
2912
8520
3914
4594
617
2960
2202
8765
5015
2998
9254
9602
8504
373
5710
266
8196
6419
955
479
4260
6900
9804
8269
9490
9534
7831
3418
7544
8080
3243
7572
1518
2072
3569
1643
7578
7314
3371
2087
9715
2347
9301
903
7213
7352
3387
8899
5898
8829
8824
6060
3444
8036
5388
9147
7759
3663
5909
7690
7323
1749
9720
2864
7681
9238
8254
8613
8278
17
985
5335
1595
31
920
6640
6418
3970
5349
4212
6533
3346
5311
5125
4410
4783
5406
6085
7542
9285
2887
1350
7644
3500
5142
9102
4820
1083
3529
3400
5047
7770
8443
9221
2666
1558
2192
7113
9734
2415
2854
5344
1201
2702
5527
8922
2025
1452
3971
1230
662
5602
6898
5536
9461
6256
6379
1020
7960
6837
1687
7166
271
8827
7378
5594
3038
7275
4359
573
6974
2536
7387
686
8902
1208
1149
1574
9046
9691
8647
6776
6588
6819
7099
519
4454
6988
8906
2769
4318
9429
8685
9862
4629
7264
8638
696
4309
9950
7762
2836
5714
6981
1901
684
3105
9266
9007
8041
2816
796
5609
953
7845
8134
7303
4058
5775
3962
8398
7592
2723
6512
802
7684
8490
6261
2773
8325
2918
5373
6940
7924
2655
7908
4191
7760
9038
1716
3217
8332
7729
674
350
2239
1968
527
5792
794
678
4269
5622
549
2936
6413
687
891
8982
5312
2076
4933
4425
7598
4994
2406
2200
7133
4807
455
4204
47
6025
8674
8051
5785
9852
7958
6175
8932
9598
8649
1430
4317
711
4909
2821
9699
9812
8891
192
7948
3395
946
1332
7575
6097
4247
1739
4979
7916
1056
1129
2150
4383
1936
267
7630
3784
7776
4370
3653
2361
5944
1957
4159
7428
8249
5560
4337
4464
9025
8601
2424
7521
5525
3345
4516
3489
8955
4752
5252
589
3580
5356
8433
3122
3699
4046
8743
8231
7365
4063
9198
4841
52
6591
9516
7967
8887
5219
1576
4244
9814
5561
2800
9603
4278
1810
9960
5070
6868
7607
2727
1232
7550
387
8919
8123
7312
5998
5185
4655
8090
5276
4200
5058
203
2590
9631
9530
2269
2861
1229
4845
3866
8622
8585
4723
7283
3990
5057
7488
8406
9864
2183
7182
6314
3618
4474
2160
1134
5434
6276
3032
2692
2026
3377
4469
6143
9805
8291
8169
4243
2695
685
7168
131
1961
7484
2464
3798
2885
9087
9671
4389
5277
5315
5806
301
8740
7054
8616
2934
451
6832
8787
8531
6492
8632
375
8940
7159
2457
7981
8175
465
1645
1141
624
8344
9401
1095
1912
3717
4433
6371
7351
5441
1376
9536
9589
8651
1736
1447
9471
8727
7237
1890
1071
8756
3733
3766
70
8681
1572
6456
8078
1774
3974
7954
4524
8062
7129
23
3130
9571
3326
4862
3847
3696
673
3212
1266
8476
2843
1516
3173
5128
489
7635
9019
677
9785
4354
1181
1280
9183
6990
7187
3640
5483
3799
1592
5031
4096
5979
103
232
7638
6451
6302
861
9604
5196
8776
3011
7503
1528
8707
5378
7226
9141
6188
7418
291
6307
9816
7021
2706
3805
6722
4754
9570
1792
3046
9378
1582
1870
5886
7212
5605
8286
8598
9032
8244
6993
3690
1460
6058
9398
6009
4133
300
6016
4003
7730
6612
2683
3723
6008
9351
5980
229
3299
7649
1342
4304
322
6043
9800
3598
683
6709
2555
4484
4259
9324
1303
6984
2084
3687
5640
6762
7893
3112
7098
6881
4179
9822
4008
6007
2898
1730
6317
9004
5580
2074
2275
620
2662
1069
8641
4005
5377
9660
6001
5048
8721
4250
7219
1049
2647
8618
1031
279
8178
2505
8273
3685
4038
8774
8617
5877
237
8302
7651
9163
7951
2677
6632
3258
1111
7176
2306
4808
8990
9737
5938
1152
8259
327
154
7218
486
1921
9670
3564
1026
7699
7652
1821
7278
9891
5193
4402
7435
3660
860
2297
5725
7042
2362
7305
3693
233
6756
7576
4331
8358
6869
9988
7077
6826
5387
3407
6496
6504
1371
8664
2802
1612
9977
1794
1239
1349
9876
3559
5074
9444
3502
362
5049
9817
9652
6047
5584
6638
7870
2714
3052
5732
2834
4333
8806
9120
2767
859
1320
1010
9223
1259
9267
5708
5925
4978
1104
7790
6322
5523
8419
615
6267
3554
5518
4140
1105
6239
2981
2428
2091
9714
4663
7540
9160
8792
367
293
3626
9156
4911
1922
3901
5038
2557
9272
8289
4300
9245
7044
1737
6858
2819
6537
4242
972
1063
5956
6697
8058
1668
6476
1248
6377
4667
7700
1269
6596
230
6287
1136
2713
3462
5080
9685
9339
354
1952
9325
8669
1617
4779
9855
4738
4426
1113
3495
7952
6205
5829
1790
8763
3882
9390
4595
5617
1786
6006
6180
7088
7559
792
8276
4809
6619
2874
929
967
1917
2098
8225
6282
1701
7984
6736
1409
9308
3721
3945
2710
7687
657
3701
8206
3491
9972
3017
7837
134
9549
6431
8213
7490
7902
5870
8937
1463
9177
8057
2852
2434
7448
4824
5745
1490
776
1015
2371
9158
8082
5104
6482
2324
2170
824
7122
2527
1079
7114
643
7629
7894
4811
378
3592
8876
4903
1022
4890
6436
5262
3391
4728
5085
8654
6784
8413
8235
6264
6897
2617
4223
1721
3760
5576
8981
7048
6229
5288
4214
185
7445
7787
7086
6157
6120
8883
9092
6761
4975
8509
9240
9756
8201
7279
9475
5117
8693
5112
9018
9667
5487
5178
6337
9970
4871
7579
8759
3192
377
7910
2325
8195
8233
3480
6982
9211
422
3026
3131
6657
4366
1175
1339
8230
3284
939
3254
2866
4976
9290
4258
4240
7336
1552
3637
8162
9700
504
2244
4705
9442
8389
9551
5088
653
911
2849
5374
1727
3426
2743
2189
1916
2146
6600
7204
9055
1797
244
5120
2690
2586
4760
1751
3039
7335
7057
1768
231
3528
8077
4669
4345
1486
3031
302
1700
2188
1124
517
874
5718
4585
2920
5851
9929
8318
3460
7230
4292
5111
9387
4913
8864
8256
1788
8909
8427
7583
143
3283
3852
6747
2724
7223
7291
4842
6454
8008
7395
6969
5661
8099
7668
5336
8963
2212
4429
4463
7419
4081
6286
4653
3162
7330
3589
2720
4492
9031
6522
7390
4867
4056
4493
9013
3447
2440
9663
8739
4579
141
8786
2108
8223
1579
7147
1578
6575
4297
5363
1235
6531
6809
5628
2538
3155
7358
5769
3417
6154
3622
5598
9987
2085
3279
4822
1052
3824
429
8938
602
7348
509
2680
9956
7781
9547
220
1704
9540
3498
5364
4024
4172
2446
8480
5109
5390
8793
4238
9487
8550
5558
2812
6440
3551
6556
6781
5211
9679
2797
3241
4530
4276
9192
7571
4757
9261
6388
4908
1076
3470
6673
1370
7791
2803
4724
5223
8279
3762
725
24
5917
9498
4503
8803
2626
3969
5460
1532
7527
9255
7502
6116
8004
5919
2978
4262
9370
8072
7632
4707
6896
2400
4545
5955
4035
4613
2411
2506
4739
1240
420
6155
5835
4
3476
5
3455
9139
3472
1741
9915
2122
3545
9335
4048
7543
7031
7565
9657
4495
4007
4098
2845
194
3544
7963
2293
7650
7953
6827
3705
1927
5789
9912
7468
6796
9251
9583
4609
7711
3793
8761
7075
7541
2355
9687
6548
9971
1431
1187
984
8328
638
9082
4693
3739
4642
5291
2619
8007
9964
7843
640
7207
2375
5832
6806
6474
8564
1336
5134
2705
7142
4064
6374
5368
2014
1755
6223
1993
5489
8442
964
7392
436
8444
8915
1494
5050
6417
494
5515
276
641
249
809
9867
8323
588
8903
9729
1856
9732
1581
5097
7752
7470
1041
9138
2733
1345
1393
4889
5237
9778
3142
899
4477
9278
3558
5797
8372
9482
2492
6055
6352
1348
3767
2237
9328
2697
7409
6572
1622
7343
2152
8386
592
5858
9466
7849
9079
3288
7639
8860
9051
3913
4945
1834
5535
3132
4955
6277
7243
2956
6648
9250
6298
1292
76
4544
2107
3501
99
4288
6706
8242
8393
7628
9480
374
4006
2273
4937
4882
2896
5610
1167
9340
4163
9375
6813
3907
9155
6872
722
6623
8383
5563
8415
191
9937
8474
4280
5814
7944
4997
467
8181
2476
9191
9564
9478
4541
2453
9030
3091
9323
3607
568
2386
2048
3083
7451
6601
5583
500
3916
5287
2892
2049
6996
6366
275
4547
3367
3497
921
4436
3822
5084
1139
9935
6335
8634
6725
9197
3893
9175
3517
8828
5514
4442
9236
915
1897
9464
3649
8798
3951
18
7785
576
1832
4712
19
5090
8936
2699
7354
9617
1196
6254
1791
5704
4722
7308
881
464
1434
2631
7800
6269
3841
7013
9449
3753
5242
3983
2214
3488
3186
7087
4929
5404
5484
4351
2323
7139
7795
8744
4555
343
3358
888
7618
8319
4067
5988
7103
8420
7937
3174
8120
5029
8886
2425
1480
7273
7357
3478
4117
6271
4701
7149
2416
727
9151
8514
2694
241
4727
1844
7563
6964
8176
5039
2957
4391
3220
8197
7440
93
6141
790
7256
3128
3087
7726
5155
9522
5753
812
1777
5470
1109
4977
3009
7686
4998
9467
35
5205
1286
4780
8943
5553
4970
8448
2256
6012
2197
2281
9770
765
3035
9231
6398
857
8749
5212
7117
9518
5823
101
5159
2185
3343
2609
658
4950
7772
3522
3857
4740
1091
7434
8993
1464
6434
8161
1949
515
8107
1614
4825
8065
7936
9224
8505
8284
1355
3340
1180
6635
492
5485
7928
5839
6369
3445
5398
9207
2825
4558
1197
758
3790
11
4478
7957
5564
128
1747
151
8645
9072
2599
1265
1123
966
4157
9827
8165
2248
1089
3398
9856
5547
7389
2768
1392
6449
2249
3255
4458
1836
3077
3007
3240
4508
9117
7007
8773
8288
3115
2377
7883
4378
8709
2547
8303
6605
3493
4406
2554
7447
3644
1862
8461
9674
2966
4769
8838
3684
6515
1848
7033
2398
3712
3765
8554
3073
3578
9623
9313
680
6797
8470
5210
6122
485
6370
8701
585
8006
5845
7962
3225
699
782
3036
2635
7138
3742
4683
5659
2940
7874
5747
9417
5743
8855
1119
4874
4089
9759
7510
206
6987
8370
6842
8143
6634
8349
7416
2831
8948
2884
7898
6305
9016
4257
4254
5716
197
1138
55
9609
477
430
6445
599
5700
8215
2870
5228
1064
332
5352
3514
3512
66
2154
9200
1101
9828
4374
7551
361
254
9959
2611
4132
2378
4203
9481
7595
9024
2373
2550
1559
8796
1233
5728
1327
5293
7216
8042
5243
1694
2335
9265
7293
1537
8138
438
6014
6961
5994
8100
2296
5676
9886
2944
6509
6354
9209
50
4623
642
6339
7807
5018
3736
9353
1839
1325
4784
5160
416
5082
7403
7486
6209
7350
1983
6985
9654
3651
7920
761
8735
7814
4094
958
5833
9581
3967
1324
2938
1542
146
2847
9205
5746
6215
3624
2417
6811
9664
3157
9702
8377
8229
5103
2563
4686
9114
2604
6086
6590
710
7805
9719
8985
7302
1667
4748
4773
4800
9123
709
337
5102
1352
5498
8924
8064
2959
8245
7382
3821
7454
569
1080
6290
3885
1426
2205
9270
5348
3726
8067
9927
1288
6789
6406
4974
6074
7923
6087
2276
5258
9011
3050
9942
3892
7815
858
5320
53
959
4917
2712
7987
8952
3715
1381
30
1459
4065
9542
2832
4471
5068
6775
5838
4347
4828
8537
4698
1081
8831
2620
7549
659
8029
8327
6363
1110
8825
5114
123
7505
5009
5859
1354
2105
4216
1060
8581
7371
1383
2989
8780
9892
5008
9440
1678
9293
6780
4452
2524
223
5897
113
9712
1807
9694
9844
1799
6698
4344
6583
7494
6980
3758
1872
3040
5734
7921
8299
7242
5782
2844
3037
8255
281
1966
4620
7483
5397
7816
1955
8822
3664
3682
5556
8495
3166
6416
1391
3025
8118
5511
7441
4621
8731
6734
6518
5394
3195
6891
1316
6142
9469
6902
4989
2597
661
7986
8665
9296
6580
8392
1491
7767
5578
8446
6484
8228
3424
7504
6162
8964
2672
3683
3042
9362
4764
9448
1615
9145
3324
8702
7889
4291
6158
870
1607
8600
7532
4002
8208
482
3372
8347
2663
6468
6446
1984
4912
5365
1508
9047
7326
7134
9395
9523
4461
9841
9750
2219
4726
981
6820
900
9346
297
469
5961
9662
5052
8163
2474
6677
837
4961
6603
6075
5140
4265
8023
2455
9427
4831
5333
531
6179
1033
139
7288
6879
7739
649
6280
2061
7755
4531
8092
7991
9081
2082
8388
8298
9520
4162
4279
1632
4756
3360
1711
9057
3678
7932
2777
8660
3415
9110
4668
8841
9329
6153
3503
4741
5510
4115
5751
3354
9903
4848
7788
5706
5569
3942
3452
3995
6480
960
4193
3287
6115
6577
8142
7393
6346
1864
8566
9058
9188
7059
8285
4427
100
8301
652
5477
4022
5259
2994
5042
7274
8629
4672
4358
1198
468
4960
8737
5367
122
9176
2277
5149
1568
1547
7276
5032
3413
8497
9304
9121
4108
6607
5407
1729
9134
1317
2067
4239
5139
9754
9724
359
8676
5585
3734
6096
6037
6511
8639
3966
3927
2059
7286
6758
6754
6544
6380
1743
9576
7119
5671
6407
8463
3946
3321
8770
4661
828
4270
2722
6210
9232
5848
4093
1764
3133
7926
9815
7027
1221
6139
5815
2215
5687
8751
3429
9037
6402
8103
5016
9167
3277
5621
7115
5780
8950
633
9477
306
5555
9400
5946
330
9512
2637
7513
4574
4500
2319
12
9842
3818
788
8360
1865
9416
732
4468
5269
7812
9022
5264
8858
9613
399
9307
9289
9878
9090
547
6752
2289
9973
3515
6393
1182
2654
7417
3555
1635
9871
3533
8266
5824
7426
5705
7979
7412
1306
495
9194
1082
8960
6893
6053
9235
4635
9190
3123
4082
9450
7191
4408
5729
9557
5531
339
3188
1855
8900
7017
57
3843
4709
3066
8539
1057
147
2909
7993
6880
7025
8878
5430
6068
270
219
5180
9166
296
4647
7725
6174
7398
1680
4194
6500
6913
6724
2079
8177
629
2123
3571
5207
3397
6365
9873
877
1497
7143
9559
7092
4517
2921
3300
2684
8628
6089
8190
5923
9586
6810
3161
1448
741
2402
13
6147
6675
3238
810
4734
4817
8590
6323
3680
3590
5809
5183
3576
4826
2975
9349
7682
721
1100
2808
2231
3234
9137
3998
8174
5591
8341
9210
850
259
1692
6808
4480
3490
7097
9202
169
1276
9745
2242
3636
1637
814
1772
9350
21
214
3352
8439
600
1681
8315
7548
5763
4951
7718
1710
1457
8557
1945
4332
15
924
5422
5633
9252
1975
5586
5089
8263
248
9566
940
5697
6991
9453
2775
553
9625
117
3722
7356
9068
9244
9061
9774
952
7758
2523
2351
4885
4865
2153
9107
751
5611
4732
3218
8754
783
1496
5684
9172
875
5733
7437
8219
6225
8703
9868
8781
8214
7455
2749
6221
5632
9529
5861
7869
3233
5345
8200
5106
3103
8619
4122
9314
5145
5244
4835
5383
1664
1406
7744
5864
8026
5251
366
7498
6983
490
7239
8185
6373
1070
5327
4563
1125
2380
369
1178
8204
2881
2830
6759
9696
7754
9203
1289
3553
2810
1189
7463
4628
7794
7934
4105
7085
7554
8678
5095
4416
2458
1433
9157
1195
8507
1048
5442
6080
6535
1603
7604
7355
3449
5570
3481
2568
8157
5599
3972
6479
1757
8813
7823
6916
4636
1154
6030
371
9365
6598
6217
4303
7329
6073
7461
9680
1800
5462
4611
9271
6028
1882
4432
6200
5309
3756
8102
1408
9294
7110
3141
2493
9430
5566
1802
9642
712
6932
6320
4665
487
7949
3608
2629
5542
908
447
9921
3096
3563
5954
1451
9473
7456
5389
6198
1948
4588
3567
1252
3872
9023
2341
3749
779
4685
8210
7262
1086
6906
7477
3373
4055
4869
8144
5771
5192
6231
8862
2499
8098
9146
2193
9650
7761
4895
513
8457
5788
7939
6437
7345
2174
1098
8091
5577
7327
9263
7400
9041
1412
7610
6715
969
742
2678
3740
6341
9990
9562
8314
9753
2028
5152
3677
7740
5118
3808
2414
3919
9219
5005
8975
4525
3745
646
2783
4485
2117
4196
2081
7658
7860
7866
4658
9721
1236
5297
8385
5226
5059
9914
2054
4720
6945
3484
4695
5025
6021
9736
8410
6755
9380
3047
7321
7394
2444
3274
7722
7566
4144
8836
4414
6497
1606
1906
9053
605
121
6185
4315
634
5934
8925
4926
8834
6469
1084
4626
7852
3153
9811
243
2859
4523
7004
5465
3322
6478
329
7255
6647
7918
2703
9465
2542
4837
6994
4859
937
9847
6924
8888
4534
8
6235
4766
4787
7164
3143
6970
886
9788
8227
739
7024
767
6785
8061
8423
9596
2985
7705
5021
6903
5332
5668
3846
8220
9355
5841
1096
3666
7482
7793
4496
8745
8797
885
2903
986
6705
7177
356
4371
8809
980
7710
6578
3291
7406
5534
4255
4567
404
170
4041
757
7296
4622
7938
2947
9222
262
1969
791
4570
5285
2345
4762
95
8637
7558
3510
2607
8434
7733
408
7750
389
554
2213
3570
5317
5977
5826
1445
2965
2688
3216
2469
5574
3386
5079
32
3524
4765
9965
4086
1225
7041
4037
8704
5187
1411
9364
3868
2813
8037
9575
9457
1002
3922
9798
2534
6262
5189
9496
6423
9857
8224
391
3469
2230
9716
9027
6109
6565
8724
6765
8109
9824
8708
3124
7254
774
2876
6895
1112
3024
4411
8769
8191
7181
478
5280
3482
3795
2184
3059
8022
424
6234
9683
6972
4087
5589
1505
6249
1163
502
3177
428
5256
6260
9017
6625
4552
6694
9860
2479
8863
8777
5063
1758
8914
5896
4218
6403
1661
115
497
3183
5028
1837
9021
9247
1360
5445
7996
8493
8931
8056
1019
2953
9366
6220
628
8394
6503
9819
355
6138
7719
4507
7523
83
8918
1046
1319
9322
171
6788
2040
7170
1244
42
7227
864
398
5307
2968
8186
1594
3309
2257
4931
1277
3167
8626
3384
2509
4314
8677
3160
3267
8447
9832
8320
155
4010
7443
3263
4985
8917
9948
3577
5624
7599
7826
1267
5213
4201
522
4431
8014
7974
7517
4306
8738
8594
7363
6291
3530
2109
5044
4487
317
1630
3215
3332
2462
5060
1090
654
3412
7977
7353
5010
623
3242
8182
4749
1453
7673
3630
1194
9171
8988
7717
3613
2035
3434
5190
5761
7349
4137
7697
8390
1683
9185
666
1746
7277
2096
3862
3541
3151
2917
7161
1441
3737
3835
2229
928
2172
2274
8758
1789
7000
8021
2342
7773
6219
3929
3264
8115
2865
157
3084
1461
8725
6679
2770
2078
6333
3525
4453
2489
3140
493
2441
6383
3924
6125
4829
7665
7199
3720
9906
682
6661
6682
8968
3936
7743
5960
1439
3335
6540
4362
1146
6947
4143
3735
5509
8240
6433
4049
9992
8722
9836
5316
6268
6729
3819
6279
8768
3747
9006
4136
2459
294
9835
1853
9383
5273
6102
8728
8690
7049
2019
340
2100
2121
9119
5677
4899
9797
9073
4504
3908
8136
4710
7037
1646
1044
9298
6882
9040
395
6569
9580
6571
7420
7591
6750
5940
5942
1059
4943
6237
703
287
7748
8587
7716
5853
8501
3985
4032
307
645
5167
591
3308
6118
5916
8409
7857
1613
9371
5660
6787
7325
8333
1209
1535
5295
803
4849
982
6667
7933
2304
744
8250
5984
6117
7489
8342
1911
2842
5539
6251
719
1155
476
2404
3023
9606
8355
916
8881
6833
3597
217
6691
6101
5437
7063
1029
6507
2674
1976
8097
862
6066
7480
619
9573
2360
7028
9436
5427
2764
3289
3915
1641
6050
1362
4538
7422
3689
2732
7391
2139
7263
246
6764
4502
9026
6345
1380
4085
5720
755
204
7020
2436
4651
1384
8789
3905
4703
2741
5643
4171
7829
37
4384
8973
2326
8548
1598
2235
5218
3884
1473
5173
951
3879
144
1702
6343
1003
7988
2503
2614
6099
584
4928
8095
997
1520
5419
1891
4295
3667
2539
7359
6427
1410
7708
3888
8460
1857
2199
2116
4021
175
6719
1742
9678
3820
832
351
5486
830
6543
2673
6769
6615
9707
3583
9275
4031
6385
5863
3764
2055
4298
1476
6090
3769
9682
8478
2246
1193
2883
1649
2613
3617
3521
9612
96
2008
3270
159
3199
873
3604
8543
3513
5906
9957
2346
5673
7309
1639
2418
4940
6979
931
2163
5229
1413
7854
4794
7195
9060
2485
3438
149
1893
8853
1783
345
8643
2908
5702
3978
5020
9098
6238
7094
7023
5592
3450
8783
6824
1987
8257
6658
807
8561
691
718
734
2839
7132
7146
8274
9896
4228
7253
6303
5026
9733
1211
8865
6098
7034
7001
9898
3420
8615
9532
3975
9075
7842
2114
3280
5663
8045
9726
9050
427
7732
2
8547
2343
73
1335
1099
6862
6559
6585
4016
8811
7588
6078
8475
3194
3935
3887
4798
1238
5443
574
3856
2575
8879
6966
7430
9655
5695
8237
105
9793
7374
3222
3149
8322
2548
3719
1569
930
2053
625
2262
8194
2789
2405
3333
4009
2330
7970
5224
1928
7617
4197
1803
1012
9094
7580
58
3573
2358
8368
3949
9189
1078
6471
6148
6065
4721
6284
9311
1415
4170
5314
650
949
3298
5976
3290
3751
2579
7546
8059
7107
2532
3282
7586
4816
8440
2515
7913
6378
5281
4650
8849
2902
9905
6834
4864
781
5807
2383
2811
6778
5820
4896
9986
5575
8060
1429
8387
4777
6094
7073
4124
3178
8241
866
1825
2316
9893
4576
4328
7298
2540
5246
3168
195
7646
3725
9665
5156
9900
3706
2388
6389
9391
9773
1602
7985
320
6686
7179
883
74
498
9998
2481
932
902
9744
7605
5887
2571
6194
5146
6332
534
4887
202
7464
1005
2869
4160
2261
2823
3285
4834
7863
7010
5402
9002
6187
8222
8611
889
1543
6878
7072
2166
1820
9034
6257
8034
3034
6450
4252
7766
4296
2401
947
957
453
3869
2058
3136
6283
342
1756
5497
804
3688
5240
8734
8979
2971
2963
2730
3599
1812
1850
1156
2432
4881
6111
827
3710
2034
3631
1809
4302
8942
4001
1222
4272
1878
9476
7892
14
9669
7246
4053
4199
4388
8336
5952
1883
8139
8281
8941
2159
5989
1780
4142
5069
4569
7912
5136
2846
8382
7509
2036
6309
8094
7930
5653
7868
5417
1294
7836
7270
6920
6310
9089
7154
5968
82
1050
1634
2092
9853
5325
9940
46
1458
7405
6466
6000
9742
8885
9405
2124
7797
9419
1273
2062
6355
7989
9740
299
2805
704
5191
3351
2799
3606
2750
1565
1318
1510
273
4586
6618
3312
1530
598
5526
1946
7637
5413
7500
1326
9150
9438
1608
4932
8916
5284
6973
5282
2970
7487
3803
3436
9083
8487
434
6859
7469
1876
3049
1394
597
7707
6624
6703
2745
4615
5972
5479
6152
4771
6685
9086
1479
7636
1504
8833
7205
4472
2950
3796
3955
8202
9620
8373
8750
2272
2700
2496
1575
3546
6831
5973
4965
4277
533
1534
7721
7671
4440
7966
7475
7511
689
9931
2419
7053
1698
2145
8732
7555
1550
9406
5582
7299
8680
829
1329
4489
8049
8437
539
1312
5971
3672
4146
5908
9728
2546
4543
5170
2290
954
526
1334
6707
7083
5023
5153
5451
4178
9810
9500
9649
1714
9888
5665
6620
4226
5206
8923
594
1340
4815
707
6581
3473
2190
4941
621
5429
5319
7211
6059
5606
4861
1833
9710
2646
2990
6415
968
6289
4897
1363
7887
3859
6224
2602
5241
1357
8002
9938
834
7190
5292
2291
950
3269
1914
1511
4266
6127
821
6773
1514
2227
8904
1264
5195
6397
2155
2726
6061
2144
5369
4326
2787
1588
8772
6002
9115
603
9486
5108
252
8658
4894
9982
6255
1682
1782
9967
7364
1284
8880
6057
3213
8310
2392
7804
9644
8030
559
9284
5996
3297
1902
6132
3851
4392
5881
6184
1174
9303
4673
3506
5263
4229
1813
2585
6732
9752
9807
4450
1688
1560
1601
1145
9415
2180
9059
1224
5045
5918
1866
6430
8170
9359
9239
3074
8369
3601
5464
912
4810
7594
92
5384
8047
6593
4438
7518
3757
7867
9408
8352
4711
6856
7613
358
2302
2013
8031
5055
2334
6487
5766
6602
473
3492
7022
1344
8597
1043
7458
9388
9179
9268
6562
8053
6049
6999
8869
5304
3185
1330
8330
2793
5161
2925
9186
9256
2376
3584
4704
7676
6534
3301
3479
518
5948
8835
212
9908
8977
706
2833
6036
5233
1527
1456
7655
3965
795
6368
7175
162
8691
8071
551
2871
1172
815
9012
637
2046
5926
1279
7011
4768
5679
2511
1804
3643
2241
631
3842
3731
6712
7570
9645
2779
8670
1723
7925
41
2265
6165
4528
9206
9592
3619
1009
6760
7907
993
6022
5076
1399
3107
8961
2754
5143
7186
801
4394
5298
417
435
813
3826
550
2541
2271
5091
3374
9226
1835
7311
7589
3986
5351
9647
114
1346
5731
1188
6422
2288
4510
9730
1260
3487
3307
6274
5579
446
5652
9029
4870
255
5625
8112
4691
133
5086
6855
2616
5461
9765
2588
6443
8747
5492
5036
2115
4294
4645
4688
2736
4856
2030
7526
4350
4687
8028
9607
2128
6695
3809
1796
63
5656
6435
1213
7105
6092
4905
5975
1540
3741
5987
91
3459
6428
4039
8468
9109
6072
3330
7679
5791
2223
6304
5813
9144
4680
5272
6950
9414
7167
7990
8606
8486
8905
4110
7265
6836
2758
3362
618
5124
4166
9701
7200
6956
978
4119
2698
6367
5449
8456
5075
7047
8221
9116
9095
4050
4457
6477
7148
2801
2118
6156
3960
4796
6095
2728
819
3937
7360
6395
4221
7653
6070
8875
7174
5644
3235
6189
7664
3158
6038
4713
2529
1372
5278
1822
6071
6168
4906
3147
5495
207
2240
6306
8346
2759
414
6804
7978
2537
3471
3441
3561
6107
2389
540
4158
9470
3406
9554
3605
9840
1356
6912
6655
9999
2851
7701
4886
3311
5614
5318
2838
8378
2393
7499
8146
3941
5844
2643
1417
5921
835
4580
6315
1509
6186
5197
474
3465
3458
2514
140
2559
6888
942
3004
3615
733
7667
7980
8198
2653
4460
5810
1192
2913
7848
1817
9042
6899
8270
3632
730
3249
6387
3698
9389
6426
6802
295
7282
5907
2369
200
6651
2018
7590
6491
8892
8695
2841
8971
4138
9641
7008
1492
8840
6741
8791
3535
8093
8167
7593
4533
2228
9795
5179
5638
1488
2234
6716
7407
1693
5914
2937
563
5941
1887
1407
6011
4476
7897
9193
2255
9421
919
7163
1553
1140
6063
2442
3709
4646
8843
5804
1087
2785
8422
9594
7950
4559
466
7215
698
6751
6757
2886
2045
6668
425
9020
6108
5423
5943
2136
4080
1157
6954
3380
7370
7515
7623
1859
918
5469
7249
6207
7919
5004
7399
3638
1018
4513
2739
1529
4942
5382
1995
8621
884
3560
6936
8506
5957
5827
108
8503
5741
8929
4015
5874
1888
1025
3627
6453
7313
4267
9424
2258
9577
2577
161
8845
7235
5991
9761
324
5450
9253
5046
8401
7609
6135
4972
331
869
6680
3928
8711
2657
9488
2448
9952
636
6481
9506
5846
4045
261
3169
4930
2037
4135
8890
5067
8510
9274
7012
1420
22
4301
8395
4161
9499
2156
4369
1775
8432
613
4449
7380
2482
8889
2530
9010
1013
1130
9431
8830
5939
4921
9384
5690
4598
3921
7046
3430
4901
5072
7060
2641
669
3081
1908
7998
2431
5275
8873
2618
7180
1065
4714
7158
3980
2868
8549
9154
444
9527
8271
9633
2224
9616
3675
7446
4819
9483
7995
5703
5093
8567
5107
3457
6288
6721
2313
5249
2439
1
110
8140
3897
3379
4958
2111
4346
8085
2451
865
7285
484
9739
7322
2681
5416
5869
1278
1158
7068
2310
3727
7131
4181
9588
4962
5296
7713
6192
5990
6010
2338
8173
1398
5035
630
6376
1402
7688
760
9485
974
6791
7436
5431
1776
1673
8247
6457
9297
5357
3855
8465
2051
5248
8485
4717
4307
9731
6935
319
1092
65
8356
3041
9706
1992
2593
8705
3368
9241
1712
7536
784
8861
8472
4123
6414
1996
5305
8913
2567
5051
3106
777
1442
3433
1999
2954
9939
289
8416
1400
72
7368
668
7090
2747
2623
7377
7855
548
5458
6795
4564
887
9517
8723
7587
4195
8068
8766
6521
7019
6151
6176
9434
7975
3836
1762
3006
5818
7694
9382
4245
8055
2264
2196
7615
8810
2340
9505
1304
8334
6400
8764
1644
5836
1150
5778
8997
1401
3005
7612
5666
6934
8953
315
1142
2119
7942
4128
1298
1309
5857
8527
4424
7839
6770
4134
1250
7786
1879
7965
9128
1262
6922
1731
5699
5261
6502
6409
3144
2149
9443
7879
1170
5550
2208
4341
9000
6782
4057
4147
1591
1396
7670
1760
7397
3030
6608
6100
2110
9829
3508
1034
822
4716
5499
152
1135
6644
1358
2693
9069
1403
5604
3414
3574
463
5756
1507
3224
1931
575
4150
723
353
1584
7442
311
9513
4352
4652
8842
2543
6728
6579
524
1795
8541
5805
4481
2126
5781
209
9070
6421
1929
3494
7169
6654
5494
3230
9661
593
6524
9515
7877
5735
9315
4420
9845
2633
4715
6258
1283
4281
2911
9229
596
9334
4992
5266
3610
4490
5645
9078
3654
2099
5803
8945
172
1896
4342
5567
8306
431
7961
2731
1925
8686
6206
6774
4339
335
3262
6297
999
4380
8518
2011
2863
2027
1373
7931
5540
5286
6020
976
6294
6278
5528
9792
9848
2220
4946
7685
6951
6962
648
1472
3247
9643
7734
9558
6681
6029
8265
4126
8015
8451
460
3385
7584
9909
2165
3549
7093
9907
3917
660
6911
6846
3763
8130
4455
6077
189
6850
3069
3681
4248
4325
8562
3860
5596
4106
789
5158
2243
6926
2083
6216
8699
8379
562
2976
6933
7507
3539
5337
9426
1597
1038
8203
5017
251
5186
4176
6627
9100
1707
5819
3738
4324
3310
5722
5343
9379
9636
5764
6013
8512
5529
987
5381
4180
2127
1322
9343
9953
2621
514
6105
2071
3314
4606
2615
3899
1027
1670
4959
4407
5037
6894
4121
2191
1525
7228
8958
2305
3232
1750
4935
8969
9352
4627
8974
1299
4648
5694
6718
1808
5770
2094
9839
2786
8983
2933
3064
225
1421
5448
7641
7560
6690
7332
5166
3389
3832
6910
3623
4099
1659
833
5760
2817
8354
8939
8944
5683
4601
5573
5198
9869
4488
2922
7078
854
9357
752
124
871
945
6462
5254
9403
587
9131
7014
2315
4237
2309
7506
8826
2270
7244
7741
9718
2020
8160
3102
3730
8572
2363
2133
2236
1829
6208
4187
3645
9537
1640
1915
5983
9356
4189
4561
5754
3127
717
6908
2002
77
8412
8907
2148
893
9883
536
2661
8088
675
9925
9218
9911
8927
1261
8147
3304
5795
2519
6794
9519
9080
8692
8184
3341
9894
6959
3000
1389
5772
5715
3874
4536
4274
8857
8331
9497
8767
9281
3204
2303
3775
7564
4898
4839
4888
6438
7567
1241
9781
370
5648
2594
8073
6318
4483
4246
333
7640
148
388
6324
2298
2478
8517
1868
7240
9474
4479
2935
5767
4980
4993
9249
6386
6595
7032
6312
557
2461
8408
6592
3896
7946
5194
8755
336
4670
4916
4526
904
3182
9397
7415
2279
4614
4311
1388
3281
1374
1551
6568
2592
6432
5681
4445
6542
5974
7128
4791
7214
8957
3101
9833
5945
8746
6772
4156
5924
9780
6263
1877
7474
6296
4465
381
1851
4330
4423
3697
6172
8720
9917
4996
8264
2195
5507
1390
8268
2259
9104
2381
9320
1226
9916
9919
9494
5313
9901
1263
977
4529
8292
9675
1824
2967
1118
4863
836
5634
4498
8683
5340
1593
6557
8779
4592
7450
6629
8748
6943
198
9961
9514
4486
8187
8362
3044
9556
3776
349
1863
8396
9563
1301
1296
7780
1067
9097
483
4208
5783
9456
272
2794
2984
3191
627
5667
2850
2359
1842
1894
10
7056
3229
2198
2372
2364
1590
5646
8584
7784
4284
1270
7703
9410
6123
5001
6633
9341
2138
4702
4130
8453
7674
1302
1831
5172
4013
7715
8818
4066
5884
3838
2600
7614
1246
2689
1973
4657
913
9140
2656
1444
6927
394
3082
8019
2410
1767
6921
3801
1251
4986
4604
3768
8588
2413
8908
6150
3275
1733
8391
2652
1422
611
6616
2753
7885
5522
36
5688
5127
5013
2090
8345
6877
8928
9830
9420
4149
925
5481
3272
2756
9358
5737
3393
1577
3744
780
4165
8790
4289
564
6252
3193
4018
2636
8884
6976
5862
1629
4589
2988
5537
8653
7261
4120
2162
8083
670
6321
647
542
5326
7217
8454
2312
3728
4343
4101
8260
4145
5953
4459
5920
264
9503
9757
3732
3376
5903
772
9877
2508
8868
7111
6382
5680
6611
3748
7152
334
1051
6405
5860
1147
9111
9085
250
4584
5902
8563
897
9569
6817
9454
6076
5724
1959
9997
9646
4232
3588
842
8467
227
4753
8321
8996
6
7520
1199
9743
2247
8010
6830
6702
9668
8253
6441
8179
1122
8657
5892
7556
6914
3342
5222
8672
4640
9511
4231
4918
8603
6245
6232
8152
1487
9837
470
7858
1589
4990
7568
6171
6803
1725
6844
2776
2980
6064
5418
1387
7917
3350
2422
127
7660
6609
1006
9326
7066
6424
9153
1066
2857
9605
3210
6242
9672
2899
9164
5799
5904
84
1512
4268
9980
4907
5601
5101
3170
59
3113
7497
5126
8445
8625
8340
1257
3316
9544
4984
4840
749
6133
839
9508
4127
9826
27
3926
8209
2781
9767
4737
5216
6134
7891
5821
2140
5468
4207
3542
2642
990
454
7171
253
2497
2949
1816
4286
3603
257
3898
9786
8994
9890
1713
635
8624
800
8805
5600
3895
8193
7162
5092
8479
1436
9918
7982
4868
856
6191
1035
4511
1932
9367
7231
9879
1274
3777
7706
2560
8172
5346
9287
2158
9550
5808
2039
2790
3012
6890
8752
165
1761
6918
7603
9762
1979
2409
1523
965
439
3596
5115
8429
5425
1924
4129
3338
5408
9044
6394
5392
7202
6978
9132
5230
3845
8381
5239
3507
3453
3375
7421
9269
926
906
8605
4854
3405
8491
9568
5636
3948
6530
8608
5713
9133
7631
8901
1638
1787
6843
8481
7796
407
9899
8730
5893
3572
3953
3977
3028
2077
8403
8248
2032
9333
6711
2735
3963
7294
1106
6357
7798
6547
7611
9703
520
4649
5439
8404
8367
9897
258
7018
7184
3958
9561
8430
3959
933
4316
4287
5150
3863
1609
325
6717
8149
5562
7194
4090
7516
9332
7663
5966
6396
9846
8571
1933
1475
3063
4356
1131
5376
9399
8462
2097
8896
2583
7301
8361
7538
7492
6359
20
1190
4806
184
3825
1365
2664
4924
3057
7076
3713
6356
6114
6696
9402
9849
2824
4364
671
8533
5752
5132
632
9958
9129
3328
2387
5828
4745
247
9763
1042
6905
3579
4967
1425
5235
4164
8675
9377
5883
3180
6532
750
109
745
8933
284
1116
210
3348
2394
7905
6392
277
7871
1470
7522
5719
3134
4403
3658
7071
2370
4417
4662
793
1923
4088
3633
5034
5888
4772
909
3933
256
7997
1214
222
2201
8912
9991
9282
3750
5630
6539
1102
4515
2958
826
3811
2221
3692
5322
2518
2815
348
5891
4174
2610
6938
7529
5880
9776
1162
385
3779
7656
7257
8450
28
1428
4600
4466
2031
7802
8402
3221
6975
2860
1561
7709
6801
5372
9651
1000
7026
7319
4261
6452
5876
1633
5840
8534
2253
6088
4571
8742
8871
8066
5901
4775
4109
4497
8602
5776
6342
8784
5130
5669
6292
3802
3939
1805
6674
6213
4853
364
5409
8926
5341
2093
5456
5452
4590
4797
4029
3382
8189
6079
1493
7449
9435
1988
6372
9088
8343
8148
1220
7634
4844
9954
8431
9028
6563
1300
831
9686
510
1618
6513
8558
2682
5889
917
8074
1297
5837
2466
2157
7383
386
3823
5411
9347
6621
4644
2929
1826
7922
2685
6874
235
8640
5493
7606
2907
4656
8819
7241
3461
9101
3674
1519
3355
2164
8017
2512
1784
3761
9884
6128
4902
1886
1990
2752
5701
6977
2222
4078
88
1247
766
2704
3620
7747
2349
7150
8897
1653
