7536
6694
1436
8062
4023
953
2783
7532
6649
8642
2235
8366
4625
1305
3638
9356
7046
6222
2110
8706
9215
3733
3955
8953
6725
906
7789
4252
5341
2686
910
1074
1358
9703
9739
4709
2859
1117
851
6674
9837
1944
9046
8703
9232
1579
6545
2436
3961
9647
1763
7554
4039
2785
9454
2825
8474
351
6
1769
9737
1275
3052
3243
6560
5190
1970
9767
6902
4718
5762
6054
6769
4192
2241
297
6352
9064
3375
9316
2390
584
5383
4639
1298
2809
5853
6970
5661
9545
4352
3442
6563
226
5006
9063
4842
1037
6376
3914
3581
424
8709
8398
2900
2979
721
7180
5415
6909
2520
614
324
3661
6701
4857
6210
7788
6005
7551
4855
42
8969
7925
3619
1560
3870
9816
7513
6702
440
340
5877
7252
8121
2140
5551
9859
659
3282
4621
982
209
1525
1003
3980
3310
2705
5460
8262
4014
5431
6104
2331
8467
4692
1125
642
2576
3543
1365
4870
1133
2406
5888
1589
9559
5182
3405
8558
6000
889
5467
7651
2923
9236
5786
3802
3013
8075
1943
6656
2364
1754
8613
1602
872
8683
3436
8321
2427
5088
9832
6968
6609
6113
3927
5519
2286
3137
2525
877
7859
3410
9464
1011
2451
1815
9287
9908
1214
2619
3147
9399
4451
1789
2873
4927
7220
213
4284
8464
920
278
1526
5980
5522
8111
3808
707
4305
4735
1330
5220
805
1165
6354
6813
5169
1290
1811
6614
7436
2091
130
6809
9976
9168
7752
3086
8011
2604
7399
7128
758
4319
5705
2381
1405
4012
1994
9660
580
9961
4574
7498
5448
3530
9182
6882
3161
6982
7474
3774
4966
8182
3745
5411
8521
2118
5722
2481
1348
4641
6406
6323
2691
8371
8113
9576
3849
87
8541
8842
9424
2961
9495
200
5910
9614
6346
9137
3235
4521
5593
7192
8887
7623
1407
9393
7378
4165
280
589
4260
4064
3899
3778
4222
3820
3667
3365
7054
6958
1998
2070
6608
5733
6799
6940
3684
1519
4245
7931
726
5254
3931
4359
2561
7624
8984
6738
1799
4971
8561
1868
6013
4226
1008
8822
3935
9361
1107
4500
5486
6286
6249
7438
1322
4156
6997
3356
4177
8632
4274
2225
416
6030
3212
8428
1254
9020
7410
8293
3222
9017
8365
1430
5382
9956
6691
9486
8919
8470
6797
8264
2190
3866
2549
2929
360
8552
3659
3008
8409
4017
8858
3272
2155
7668
7317
6262
3947
5272
1726
9025
43
3499
1671
2476
6125
1929
4806
9609
9855
3056
5859
1830
6595
6183
3511
3996
913
8974
7423
7563
5109
1630
2508
1476
4287
9349
1790
3210
861
4904
7256
6743
8161
773
6470
2964
4847
9033
6580
3267
7531
7066
9632
9455
6815
8131
1486
9449
6109
5583
3435
4571
9205
7396
5266
4011
7071
8495
8286
8375
1334
6270
3547
6866
5847
3191
821
5523
9096
7142
6085
3838
895
2734
2621
2637
4462
3826
3116
3488
5058
1909
5960
9214
216
3199
8332
4408
2852
6655
4866
5208
8809
5968
5908
9649
2837
5818
2042
6742
4044
8462
7303
3314
3586
2257
6822
7019
1241
5748
1240
3798
3315
567
4026
461
8547
4080
2422
2054
4059
9604
6025
8799
729
6137
8501
2303
521
7164
8868
2872
2743
4672
759
8900
2975
4258
138
9964
4439
5273
9178
3260
1826
3555
8167
5072
9003
7903
4516
9328
4431
1437
149
476
9497
7717
5567
3630
5127
5099
5101
9508
7005
1552
7485
9619
8950
186
8034
9940
4570
2634
4263
2400
8730
765
8788
2210
9084
2904
295
4929
1449
5796
2718
5860
7901
4450
4100
9517
682
1685
7774
2409
6430
8179
7672
1735
1800
4732
3462
5728
838
170
2354
8465
8388
709
9403
2395
9999
2924
1080
4092
5823
4506
853
3518
3103
9596
3393
628
7278
4388
5864
674
9277
663
8776
9068
1464
2537
9768
6975
8018
8355
7602
643
305
2334
5970
9427
4794
9641
1653
405
1564
8173
9308
9763
4585
1719
5299
921
8432
8270
4868
6328
8391
9981
900
1694
2159
4661
3072
4369
3290
5997
9932
9780
3026
7705
7781
2415
4144
1022
6407
6133
1268
2864
7667
9817
2739
1137
6482
2067
9229
588
5597
6710
7084
1304
425
3503
2486
2600
1739
6927
225
8346
1549
7384
3584
3821
4075
8821
5178
5959
7196
5029
612
752
2060
7740
3909
8363
7226
603
9351
3245
5541
3374
6094
9259
1402
136
5479
8797
5432
7634
8562
3545
8013
537
1121
6451
5876
5218
9841
9595
5495
8636
5410
4269
8907
6665
215
3608
8679
9923
5156
1242
6276
5491
8311
3
8633
2953
8702
609
4323
4370
9942
3997
9237
9708
1828
4982
961
6318
4240
5115
4618
5250
9080
4548
4282
9332
6540
1277
9930
995
5098
3273
6130
4151
4789
4799
2515
1827
4580
5953
8354
3579
9370
1286
9554
9489
3386
3159
5694
5892
2103
5241
5130
8114
9213
9666
792
5255
1509
2240
5237
2195
417
3153
957
5059
8724
1797
3747
2523
9934
7006
3880
4421
459
1317
5420
9871
4776
1274
5501
6214
7505
7547
5641
915
3329
2510
9185
1270
9321
673
4721
5751
5391
8786
406
1325
2928
897
8443
7793
735
5068
2661
6532
1051
7585
7677
9306
728
5971
4831
9922
8916
8956
3891
7333
2827
9049
3001
9457
7640
1160
8213
605
8360
2652
4350
7211
6886
4530
2449
2892
8563
3251
7957
9043
3493
4174
8779
6985
7437
6241
6535
9627
1082
8848
8996
2782
2104
4478
1690
3679
2204
5378
8915
5042
9300
1168
4581
3708
3665
927
8259
5517
8058
393
6773
2910
7047
9286
1669
350
7712
8027
4539
7678
4653
4654
1429
239
6363
1621
5633
2855
8841
8715
8516
2414
1257
1047
7973
4428
7878
3974
2105
116
9484
2531
7802
4486
5195
2306
8353
6494
7910
5899
7117
7367
8472
9618
736
1515
8125
626
3363
7453
1065
1851
1667
8333
1780
9982
9555
6784
5772
5822
6763
708
368
2541
4584
81
5539
1933
2803
4860
875
4163
6853
571
8320
4248
769
3959
3194
8795
2593
7391
2841
6260
9870
2969
8652
8372
448
8210
3307
3005
5005
3412
2376
9510
265
9913
8099
415
3646
6634
6071
7829
4308
7224
8021
8338
6078
4361
8939
8688
8036
8452
1867
818
3256
5149
2787
1460
8382
3010
6605
2387
3779
1574
1201
3281
2034
4028
3635
1975
7232
5224
3076
4296
966
38
6187
7309
7010
8029
6984
5743
1167
2036
2263
3294
2127
9933
4444
4338
4717
2377
210
6068
9284
5400
5569
4805
8620
2084
199
923
5150
9852
6936
2498
6478
7560
7433
5861
4401
7107
5364
4725
7604
2279
3353
918
5595
9862
1507
4491
9979
5192
4181
4475
3744
6391
3731
8766
3114
2325
1931
5788
8448
4873
152
1455
6444
2275
5030
9147
2020
7068
5077
3183
5739
9089
7946
868
7675
8836
7427
7540
3184
8982
6508
6155
631
3028
8222
9422
4461
7401
1864
630
1990
4623
617
4744
1521
2506
1911
5210
6871
5500
7143
2488
131
5830
8519
4535
9588
7999
7845
719
9938
2836
8684
4171
2116
5138
7719
1692
4786
4651
3313
9890
5668
6253
6378
8479
3716
4728
737
2249
5117
3585
4242
680
1923
1395
509
6892
3104
2988
2141
1159
9750
9875
3146
9390
908
75
7032
7581
557
1727
6877
7493
3670
3178
7447
9177
570
7537
2243
6280
5389
2780
9253
3284
9311
5388
4940
4608
4891
5571
4098
9657
7756
9243
7713
7286
8824
4920
3192
6816
2112
8136
6017
5663
3257
3211
8614
1433
7953
429
7734
5717
1354
8019
1962
9539
1856
8187
9620
833
5286
8303
6152
5111
3346
2282
65
8990
1169
8523
2916
4821
9793
1935
5124
9153
6913
7055
1419
9552
3053
8930
3669
2833
1136
2794
431
9248
6075
6922
7779
4278
9734
9579
3592
3249
8456
1958
1120
2480
7187
1816
4770
5062
4357
4107
7960
1888
1600
3882
8770
3894
2834
7432
8839
5918
4829
2202
8813
7511
731
4840
1282
3082
5886
335
5499
5171
2800
1339
7157
6635
8736
8639
1239
9459
6899
5687
4124
7246
7775
9789
3430
1862
611
7398
1761
4911
3946
7373
2176
5089
8997
7462
6172
9282
7169
3868
5293
9374
5269
5145
9170
3456
6263
9883
9380
9144
3903
2730
5898
8914
8518
9169
9444
1445
843
9514
4354
8616
761
4078
9691
4086
4037
7322
9379
5838
7685
3594
4060
3261
8421
4961
71
2971
8606
1261
929
3487
3825
6114
5126
2041
4827
525
7895
4155
6676
3304
8092
4198
3320
9056
1736
1729
6722
9573
7571
1393
5245
8772
1714
9774
4946
2602
1803
1835
5995
8127
364
7492
8159
2664
5833
8666
2352
6966
619
7351
2396
1647
7419
6436
41
3727
6490
8427
1452
304
3816
3790
180
4864
8689
377
3792
5140
7150
8348
9804
3067
9310
6989
8534
1518
5525
4637
4822
8244
7612
1129
4627
2102
786
8030
3425
2350
3729
7593
7858
2628
1506
8498
8422
2952
9166
2635
5235
4371
9417
3818
5707
1916
1209
9320
2886
3327
3993
3718
7190
3824
2570
5547
29
1639
49
9679
9124
7095
9014
4201
511
7841
3924
8367
2657
1949
3671
5590
856
5745
3289
8759
6064
8056
7932
4032
2769
8540
2680
4671
1953
2283
9312
559
2987
2572
7603
3060
5063
8233
6926
1264
2656
1737
681
9038
7837
9024
2676
1582
3913
7806
3648
9563
8297
7478
1177
8070
595
7331
6466
4736
8096
5438
7092
9823
2779
8970
5257
8674
3495
6149
6621
1094
7500
4267
4934
2087
7105
230
6194
7320
675
333
7261
5227
426
6441
599
9610
2609
1783
2482
445
3305
2423
9430
47
7579
1438
6041
6093
2588
1598
7964
3814
1570
7854
9546
419
2791
1613
4892
1614
5919
2245
9160
3755
2211
8542
4393
2882
2301
31
8429
1220
4049
4314
3102
4888
1772
2880
1287
7676
3069
399
4434
4256
6544
7909
88
5344
9654
4738
2475
8769
801
635
7161
7194
4674
2728
9092
6891
1608
3258
3563
5230
3672
9181
1946
555
694
9544
1180
8980
8837
9111
3531
395
4279
545
7257
654
3364
1312
6291
8637
5037
6400
508
4418
3707
8060
6522
9916
5038
648
531
2478
6955
7611
8236
1472
3527
7166
8040
4302
4257
7530
4812
1024
9790
6864
174
6181
6382
6906
5370
7338
4492
6846
4963
4667
9026
3447
4869
54
5092
2336
2647
5136
9210
7621
2866
3450
753
2125
2146
4351
5170
8859
4900
6594
4715
7992
495
960
9131
9747
6393
608
6796
9874
6374
7124
2670
1540
9172
9047
14
2796
1791
3476
3534
1174
6823
6326
1820
6063
5454
6344
3170
6786
3457
6236
8677
2578
6792
6737
6434
4129
6202
8290
3773
3552
4265
2217
5538
3702
5310
4318
1373
6059
750
4027
3059
5615
607
8663
1173
4579
1233
9688
4510
5141
4042
9518
1849
7210
5322
6353
5669
1517
8090
4488
1696
5139
1919
9006
6074
1492
8594
3018
160
5797
6505
7747
5152
9810
6948
8881
5399
322
6512
7819
639
4275
3834
2062
4989
5279
6034
8486
2270
768
650
9607
7507
9019
4949
7240
3705
8478
1553
6967
8402
688
2361
347
698
9333
7408
8345
7958
4845
6870
2530
933
9061
1645
1205
9094
9135
2108
1101
9984
229
9411
2187
1550
7448
4951
9853
474
8866
5430
2408
5851
501
2000
7429
3091
1060
8089
3317
2522
5433
4470
8802
4528
6719
4169
6288
8911
6464
6915
7780
6039
4074
9712
6257
5591
4591
3500
784
6118
6121
7383
302
9066
7402
1848
2693
277
6469
2164
8227
2974
9325
6265
7928
3711
3842
1915
9973
5323
7184
6116
8891
3680
2608
2913
2556
8396
9125
9303
1110
1512
6033
3106
1182
1104
9010
9223
6842
5805
2548
9163
3037
1586
8390
8076
8441
2340
1128
5874
9493
593
6576
4254
3839
4538
8314
2120
883
6199
3720
7797
2527
4173
5948
5532
185
8152
102
610
5468
8855
7250
6835
1075
3481
5118
2517
145
492
5311
6653
8723
9806
3015
6706
9863
84
5198
2889
9709
46
68
6860
7110
7087
1993
3330
8380
6703
4802
9558
6309
4741
9946
6638
7849
4834
1301
2119
4903
2271
5457
1023
5027
4466
7616
4435
7173
3084
3022
9490
7987
9483
6235
2729
9503
4047
984
6561
6869
9000
7444
6045
7798
6791
9073
8216
8073
348
6158
2218
4723
1524
1974
9381
2077
5000
3757
6591
808
2228
1720
1025
7069
6479
1229
3252
8896
8669
7081
7088
9262
3176
3519
9835
4056
1947
403
597
166
943
4068
6080
2757
1273
319
4025
1610
8856
6439
6132
9824
4984
6523
5352
538
10
439
4348
9525
730
1650
8026
9668
8086
1936
3981
1021
4062
9684
6302
2862
6146
3844
8959
9738
739
1918
3051
8407
3196
1964
6368
4793
6661
4467
5904
7149
5022
9039
2644
3963
7463
6140
8097
9352
1996
8875
3653
7614
9967
5588
7578
9891
1198
7421
888
1591
8951
5418
4546
5676
19
8850
3132
4865
4346
7526
389
2879
9293
6685
4995
4340
3459
1680
7825
1090
9681
6732
3204
6807
3438
2519
1381
5308
9357
1513
6682
5622
2483
2814
9578
23
7799
9108
4324
3878
7051
6316
6554
262
8277
4785
8682
4577
732
1345
2418
3660
5732
4325
6904
7810
5875
2085
4472
9341
4787
1307
7274
3172
9658
6923
113
251
7726
2959
8095
5502
8714
1355
45
5896
8035
9029
2553
9965
312
2398
8313
2166
485
401
5581
4347
5321
6004
7176
6237
798
8967
369
7073
8699
8317
6465
828
3625
1380
1713
9732
9201
6828
2479
58
482
1252
8947
2563
156
2076
5426
9771
8163
7529
712
4816
8524
649
6623
1522
7786
7981
7836
9873
379
5909
5599
9309
3297
8692
4117
4509
7559
2106
5791
8383
6145
1928
1153
3287
8942
3556
826
4505
5202
8168
1034
5285
418
9821
952
8762
2694
5691
7145
7868
620
7336
1164
110
6377
1673
9800
8573
9758
3892
2207
1899
3678
173
171
8369
528
2792
6740
5999
4456
9031
5222
624
163
4422
5487
7803
8356
8593
2247
5680
1876
1939
9239
2632
2744
472
9960
5837
1020
7648
4773
7565
8596
6818
8148
6061
8912
8726
8247
3805
1821
1471
4950
5300
2815
3786
5023
7193
5200
3918
7076
4236
6890
7008
1877
3383
1378
8877
5376
9892
2606
9487
4861
7782
9602
5947
4955
109
6590
8061
2316
7661
8661
6690
8546
4967
9820
4228
2362
4413
1069
1489
4016
6852
6174
7213
1351
3027
5473
7741
6619
1132
5436
6803
1664
1391
3494
1463
5274
4948
4729
5623
1266
9673
1186
4031
1529
530
1035
18
9423
5931
7403
954
9970
1294
1686
8718
7725
5607
6526
3049
6579
6165
827
9186
7863
1883
9561
9476
9091
3994
9485
4020
1859
757
7687
9098
4673
6204
4061
2039
2521
8587
2895
5047
2641
7735
8009
3848
7362
4884
3919
8717
5449
2074
7207
9322
7175
2250
9359
3328
4670
4879
4791
5907
5679
9652
5659
2977
5621
2817
503
1473
2311
5839
384
1237
1627
4774
3455
7573
6918
4304
5511
1684
3118
8827
8164
4922
2246
5446
3017
112
3709
5720
3359
4688
5193
8835
9636
666
7454
4710
4246
8628
1347
9299
205
5408
9860
3055
3311
4496
6252
2587
955
1584
3999
8658
1004
685
5146
3948
3193
7439
2720
8151
2458
3057
1013
9036
6716
1188
1838
9917
3550
4657
4119
3546
3576
5603
3995
6825
4290
9977
2205
9905
7397
8568
4277
4394
9896
5756
8845
8134
3158
8122
9606
6751
290
6251
1106
362
2254
1454
1578
6359
5306
1425
6413
5868
1508
4210
9051
2768
5515
4207
5955
4000
9523
3743
4199
9463
5403
5001
1881
7165
9179
4053
9685
1734
3956
298
3565
5783
8890
4094
8241
1832
3105
4979
6673
4613
2567
7168
4704
7096
2185
8782
9327
3483
2869
8133
9532
9148
1255
4196
8492
3479
5926
8291
1527
8514
8599
5406
6266
8999
3352
6651
8419
6845
3130
7327
2371
7185
5829
6010
5084
4185
1052
6186
893
9053
6587
4988
56
36
8200
7926
7204
9765
9492
4253
4204
5917
5652
6907
9206
6097
3856
5439
6301
3742
6020
8387
3789
2558
2186
8864
512
7241
4952
9547
9113
2945
9704
562
3480
3542
7847
4380
5900
3583
6092
7694
7664
6810
6652
8327
9676
1041
214
7633
1183
7198
3351
7358
803
1367
7086
6887
2584
4300
9787
1782
5053
4970
4701
5280
318
1890
9948
9216
720
7929
2403
5307
9836
4221
6082
9575
6515
9171
1063
8271
9132
9689
5775
9271
6749
6689
5137
6331
8176
3620
4908
8553
6924
569
1886
6455
9565
5172
1542
4149
2626
5339
3761
4760
9011
6973
3213
6569
342
7790
8063
6185
2707
2007
4818
6240
4172
5113
9629
8350
6677
4327
3793
2024
7615
7315
0
6510
7736
5478
4658
3121
57
3080
1611
327
3340
2867
8994
7927
5752
4899
2359
1898
7961
9281
1732
7072
2441
5492
1342
8895
3965
8315
8584
2863
6951
809
8252
5742
6370
4941
1394
5345
1144
2935
7404
7101
4712
1482
8630
4828
1418
9193
905
7388
202
3000
8190
1480
7689
1741
4273
2724
1757
7557
4419
3904
3292
6418
6135
3897
4052
8790
3036
4095
6224
4931
381
9054
3223
2317
6193
4441
6946
1212
4341
1681
5982
5025
1465
7888
2755
6351
1387
2113
5505
5013
1971
7750
1105
2107
1637
9371
5956
2665
8962
3656
813
9769
749
8870
3288
2551
1978
941
9728
9568
9867
4121
7613
4237
9944
6476
2544
4756
9710
300
5725
4101
9785
7455
82
9219
7575
427
124
7335
2700
7978
4040
7195
3883
1150
7723
2117
2490
9990
8067
3634
9939
8923
5894
4322
6824
7221
1847
9383
6076
4125
710
3992
9217
9197
6101
8209
2708
556
5205
7963
4071
4820
9152
9515
5336
9211
6454
6392
9550
2596
2003
4109
8823
6341
1854
8750
8681
2313
9482
3699
330
1390
3006
1839
4915
2424
1135
5360
5865
1817
5912
6327
5802
5372
1801
8672
8144
8126
3498
7382
1767
4002
1085
6471
9204
7368
2921
2912
2470
1643
2877
5123
4289
9540
1878
8337
9701
285
5483
1194
4091
2047
7787
9498
3111
6285
8054
4632
7921
8202
7629
3285
9048
3591
7104
1894
9057
5419
7570
6016
3969
4733
7867
8899
9645
1278
5944
8751
789
3639
228
3553
6717
4429
4655
8162
2072
7430
3923
3698
9335
1941
6095
1652
8185
3206
676
8224
6458
6409
9851
2989
3129
1921
5133
2252
5778
2040
8487
5203
3516
7189
1185
2397
8405
7823
4976
2268
2905
8289
8282
466
850
5301
5455
5628
1601
9929
4582
544
7820
3753
2984
8445
8566
6456
8720
7821
4374
4377
8721
8735
4835
2771
331
5162
4586
1291
9500
3333
3070
8529
8898
5228
2586
436
6248
7716
9
5813
9045
5545
1190
5017
2407
8571
4796
60
1682
3128
7951
6293
9951
4600
8719
6484
3520
9083
7350
8431
7748
5416
9008
7838
9126
6066
9653
7817
1148
5018
3582
7304
7699
5616
8920
5289
7386
1620
7225
1320
487
8475
6718
8403
3414
8319
9556
9222
8933
8
2896
510
7742
9324
2353
8294
1722
7892
2495
2575
289
9129
5766
6357
529
2023
9782
2366
7839
9969
2885
5757
4090
5690
2685
8140
2607
3019
7155
7299
349
6312
5179
7970
598
122
3151
8860
3746
7017
8109
4005
4797
7123
1904
2566
7812
1896
465
5688
8239
9511
5787
24
267
9735
5180
7669
2595
7966
6129
9519
6555
2299
7133
6755
8204
5902
8032
3987
2957
9339
9421
5758
7385
8894
6627
2550
6772
2345
9784
3644
4601
2383
2453
9431
8754
9475
4804
9989
981
499
6787
5287
9176
4138
5294
2485
9667
6782
4691
1318
4417
2365
9155
6855
2677
8874
5039
2709
1247
1349
9745
8926
2033
7874
9404
4702
8741
4225
7704
3157
9278
7865
2489
8819
9235
2499
8749
9297
7580
8504
4390
2775
9461
697
3528
7099
5879
7698
3150
8803
9402
2443
1568
6348
5848
8937
7316
9150
231
83
5347
4249
1131
8801
4232
8767
3538
3633
8466
1674
1502
2148
6698
1281
8411
2467
7753
5726
7318
3407
3406
6345
7840
6159
4139
4907
4532
5540
6559
6681
4406
7943
4685
6662
2947
7572
1503
2358
1730
3347
2741
5121
4176
2813
2278
2564
1017
9955
5014
1585
5921
2472
1397
6403
3526
5932
8634
6833
7172
980
7599
2870
5843
1548
8066
9844
3075
7954
8760
9723
5943
8646
1163
2304
8404
8973
3186
9799
7414
4954
1701
69
481
3610
7356
5604
4235
9138
5164
1557
1983
33
9013
2908
4678
958
1629
9469
2086
1411
6861
1920
6277
5938
6931
4247
4072
1484
5857
6945
1208
3850
7690
4111
5056
9458
5103
3133
9250
4200
2300
30
398
8787
2789
467
2016
3845
800
8263
7049
1980
6012
9323
1755
132
8814
9878
8001
4485
9331
9409
9794
7649
8781
5260
8344
4321
2065
2046
4923
3155
301
6468
34
8676
5165
9149
1422
632
5312
9279
2262
5629
2163
840
3649
4679
5952
8412
5268
791
3416
1336
8662
1938
9117
670
6056
2673
5184
9334
9640
7794
4481
7097
6184
4918
2854
6713
4194
4208
1837
9772
6424
7982
3043
6547
6930
1538
7284
9839
7113
8528
2844
3764
3443
4029
5151
2766
4504
2941
8110
514
9074
1626
6179
7305
2533
1716
2942
1510
6003
7344
4316
8237
5154
7202
6401
9173
6928
4519
6831
5598
7451
6198
8084
1995
3877
194
8713
5618
383
8381
7239
1982
6208
9050
1207
9766
106
6752
1759
2810
443
1787
197
3860
2799
2066
1061
9188
7665
5922
21
4843
5417
5514
4476
8230
1702
3030
5351
5302
4356
7231
926
8816
1319
8746
458
2456
9387
8883
473
4544
4070
3765
1095
4886
5777
3083
7178
3851
9412
1855
1071
990
9258
1152
6102
2865
248
6598
6747
6009
9757
9016
2388
6844
5710
8188
1912
4294
1423
9389
3240
4218
1122
1
161
3532
6372
1038
9535
3492
3321
2881
6704
691
7223
519
917
1490
8351
2219
7273
484
1499
8243
1802
7636
3221
447
7720
5453
3521
8610
1088
4543
1406
713
5157
8484
2763
1181
4454
6646
9869
7115
2849
9992
6541
4663
1555
6443
816
9974
6077
3234
7174
4502
3623
7490
9543
3175
725
7755
6960
9516
5809
6811
8234
5242
477
2172
5842
3469
8059
8408
3174
6785
244
4291
90
7894
9110
252
3704
4564
9442
5651
8389
6672
5148
7509
5570
7769
3286
7249
6697
2239
3898
7075
7162
6838
9272
6298
9491
9162
3201
811
6925
2295
94
5211
1284
4938
3598
5566
2248
5911
5966
6307
988
4622
9224
4271
6708
701
1072
7132
975
9198
5429
142
7167
2659
9101
1703
7357
2629
9615
8988
527
4405
2500
3822
1810
1134
6943
667
9643
1234
8223
6562
7332
7300
413
1906
4745
4209
1551
8130
5019
1068
999
5630
9238
9752
4610
5708
8811
4862
4003
5191
2447
9246
5243
4001
2798
6062
6830
3278
9226
8976
3607
8014
6771
6868
220
6437
8829
3756
5889
1359
3140
6463
9972
4734
8218
6721
7902
5831
9407
3253
4392
5702
4261
3650
7972
6115
3264
3902
8793
2513
497
554
6819
6303
7074
3953
3562
2494
5333
9304
1340
855
5779
6919
8902
5282
7070
1979
3397
7586
8925
118
1733
3094
6998
1263
3338
5870
191
5512
1865
279
7263
1853
5238
576
5055
4560
3107
77
326
6160
2025
2786
3023
5135
6498
2818
6138
4301
5685
4180
7684
5816
6536
8406
7598
7288
7495
5176
2851
1457
3876
2050
7022
182
3179
6131
7617
9305
6180
689
7236
502
8535
421
3587
9069
338
7848
2617
9885
7078
9924
9391
4280
2137
7506
3227
5520
453
6134
2774
7643
4229
5923
948
4473
3241
6317
2049
3367
8197
5390
9467
4545
4468
2756
1073
5933
5199
6037
1493
1171
5414
7985
5804
9743
5096
4572
5292
5640
446
9260
1697
7379
2539
2871
1166
9548
1333
6290
7146
1225
288
266
2266
5964
2439
536
4713
1341
969
4696
7639
5798
8966
1081
7042
7701
660
2594
7558
5644
4832
7834
6711
8711
3888
8826
6851
8763
5719
2797
2598
3612
4607
8446
4924
2491
5828
1784
2370
7330
4898
4743
6411
2633
3760
1731
5554
9528
1950
1705
3108
6453
8938
5263
3962
3465
5753
5666
7337
6511
2011
5497
6067
6854
8983
996
2940
9376
5863
4162
7060
27
1656
6520
3724
7418
4533
3454
6648
8292
2255
551
7326
3295
6538
7626
2335
32
6893
5036
93
2711
9141
8648
9985
8102
5402
3081
5746
414
5465
615
8732
1112
4446
4315
1992
6360
5824
2079
5674
5462
7183
3445
4202
8453
7816
7508
3417
2404
2717
7974
5070
7610
2308
1296
5587
7642
345
5464
6089
9998
837
2059
4087
2090
8483
718
3600
7635
7828
7632
5234
2419
3275
8727
7139
6537
3361
6692
4455
5579
6358
107
7480
8744
935
7148
5806
6233
8601
2666
9384
6448
7089
4590
2557
6616
7846
3510
3819
7947
8804
3467
6760
5110
4871
3419
9274
822
8530
8903
4063
6480
2793
847
452
1077
5632
5634
6022
8949
6565
5003
9864
177
7989
4852
1424
1000
9079
7739
5112
4731
7656
1258
8024
3451
6212
6110
7199
7905
8832
987
3663
8756
2692
8020
2230
1546
5226
7371
5066
4642
8778
1223
4921
1646
9249
1786
1140
3122
7130
3220
463
3910
4395
2672
2434
1058
6231
1156
7363
4217
4384
743
4722
8272
7584
3265
2010
79
143
5987
5678
5580
2290
9888
2073
7171
7844
6684
3872
6660
2260
2501
1846
6850
9665
6299
841
3182
1279
2620
7152
4975
2909
6442
7497
5071
6220
2019
2464
2284
5856
5437
8274
7306
1265
832
5441
3777
625
8656
4043
6986
1145
286
2330
3560
8807
8753
6404
8440
5320
4993
51
7311
579
8433
746
6315
3695
7955
181
7200
7998
9868
5526
804
7922
3570
8707
2289
4188
1902
7977
491
6230
8450
3991
3921
5324
518
1267
6625
7266
2496
7562
9233
6733
1374
4048
6349
1139
7245
7514
7990
4489
3571
7898
1597
2375
5107
854
3548
6699
5332
8137
9292
3857
9378
4212
4339
1860
5369
4227
636
1426
7983
8335
6645
4427
9231
260
7209
3723
9494
2075
8418
3047
4997
4556
1113
7609
39
6070
6720
8316
1723
9725
7360
9103
3392
3618
2712
4443
3984
2493
9480
1202
3354
4974
2465
366
4558
7872
28
4928
1176
5050
1498
8490
6246
1057
3830
4705
2542
2200
1679
3458
7605
771
656
6419
96
2305
7103
5627
8010
358
1195
7718
3770
4297
6278
249
3135
4193
321
4945
3979
1966
7393
3812
1505
9130
1416
7814
235
6157
111
6154
139
9699
5256
5774
9164
1823
7824
4230
1415
814
2545
5930
8576
7277
323
3861
1350
2258
5474
13
8208
7093
9212
3360
2585
6347
1571
4085
1272
8196
2315
4378
9055
9669
977
8597
179
7893
6239
9200
9207
5452
4233
3748
164
7381
9542
441
9706
8556
8015
4167
1806
4683
9581
6994
1328
3884
4893
1636
7482
6574
2469
8680
2212
9887
4459
2674
5537
8304
8780
5858
1196
5657
3580
5770
1062
2162
9058
9909
4859
5173
6492
1458
6380
3112
2309
9097
1012
2015
2380
9436
7883
7034
4850
6643
6971
9302
1840
3540
3391
8880
6633
5216
9980
8948
604
8306
1315
7533
8087
8876
741
8985
1833
9413
9777
7653
232
3237
9373
4752
4123
9833
2651
307
6858
9957
2502
583
1236
8731
2917
95
1184
5358
5555
410
3603
5032
2435
1880
9203
797
6417
4293
1175
1259
9918
858
8171
7376
9415
2861
5561
5342
3148
9987
2860
2610
3632
4781
629
9797
9295
9100
515
8734
9099
7144
2463
8357
3433
8435
4742
5951
7361
9690
5990
8635
1991
8569
4130
9472
6885
2512
1466
4612
4373
6546
3163
9095
1618
9941
9180
1260
8792
3524
4668
6294
6405
2321
9842
9447
6586
4114
1968
755
8191
2326
1743
3394
3691
6166
1963
4664
6837
6052
6308
4490
4383
3817
5825
9521
3181
5143
1634
6670
6428
1677
4962
4727
4385
2980
2848
3377
4811
9221
7387
2562
1001
2925
655
4367
1308
4402
6551
1363
8249
2731
3324
4386
7027
4896
2842
3409
5737
3402
2178
26
5693
5682
44
2297
1299
6929
6969
258
4935
4595
8046
3621
5450
2681
4345
6049
2754
5673
1651
4542
8615
6375
5820
916
3078
1804
1937
5106
7996
2420
5435
3599
8673
1329
6330
5046
5357
3395
9159
4990
912
8857
3504
6031
206
6875
2208
9671
7420
3478
4423
9566
8603
6329
8214
1665
6916
3024
1948
2764
276
1511
7345
6606
5476
91
9488
1675
7855
2954
3368
4108
8935
8410
5327
8149
8072
9289
9936
5328
1049
4777
534
6264
6777
5626
1487
9158
3936
2835
4518
8494
7628
3929
8077
2156
9291
5584
8889
9429
9225
6981
7765
1228
6979
9803
4592
4006
2934
1785
6386
4465
7590
7375
78
7272
1439
7549
8500
3470
5249
7341
3954
1836
8085
1577
7645
4469
1288
1187
778
8784
9722
653
7986
4299
3896
2165
1276
3309
7856
9501
1778
8336
2223
1386
4626
6300
6640
606
3836
9895
5319
5769
9244
5412
2318
5521
9819
1431
7265
5183
5093
2017
560
3068
9470
1323
949
7760
4457
2597
6496
6069
836
4134
9314
2503
8867
1689
9114
2071
1385
6304
6268
1213
3093
9729
7906
9040
2339
8115
7325
1042
9329
2171
5881
385
9975
7746
7843
7237
9283
4445
3168
4800
8755
7287
6258
241
7197
2324
2958
4268
9367
9622
9438
3062
7216
2064
8256
5469
3738
5384
4882
5585
3362
9012
824
2930
7297
6543
4189
6206
7800
2535
6983
5261
1776
1338
1178
7930
9395
9401
4526
8045
600
7007
1432
8687
7061
8300
2043
2291
3588
890
2273
5594
8016
6509
6964
3874
553
7988
8993
3771
9928
500
6764
2492
9795
8287
540
9195
9059
6019
5060
3437
9151
695
9696
6475
7134
7521
2355
8091
147
6993
3127
5533
5035
2765
6099
4344
8705
6282
4780
435
9849
9962
4463
4841
5755
1337
2236
2038
1777
2710
1625
8359
8931
991
386
9952
7058
9368
6942
236
5819
4239
4901
711
59
1725
6654
754
5233
3413
5867
2770
6167
2627
7967
8044
7596
7416
6213
1745
7965
9634
6053
8618
7159
8526
5377
2747
7516
8273
4379
1543
5958
5600
7276
5602
382
55
9247
2143
7392
671
4960
7470
6281
7443
7122
9410
683
412
5840
6517
2737
5398
8545
4497
2684
3162
6889
3554
1624
8981
4707
4973
8139
3033
6122
3173
8488
2955
4604
8701
7620
6876
7939
4131
5167
7884
9034
959
9591
5204
5927
1988
4223
4675
9570
8000
1819
2484
8513
8226
2667
4647
3939
2157
1655
6572
6901
2411
533
2426
6934
8150
3120
7568
5240
5862
7826
9571
5897
1889
4596
2847
7440
7452
762
1446
7469
4606
9670
4437
370
7724
3976
1813
6335
1076
4609
6914
5913
3226
2014
3097
4769
9426
9843
5801
6636
7924
3217
6028
938
5012
5044
7067
6639
9541
2623
5528
6495
6209
7696
1046
7908
6542
5558
5556
993
865
7630
9145
9677
5637
2373
6055
2701
2650
2540
3002
3214
9781
5361
1453
6322
3514
2614
1366
1861
1087
8604
3489
3041
7109
4102
4645
9263
1956
8180
3950
4758
2579
5085
4234
1572
4250
6173
9764
9783
1102
2699
1292
6487
8627
53
2392
9261
2272
2981
3799
3064
8725
6342
931
7569
117
9440
7292
5291
8374
6036
5808
7674
3219
7594
6641
7818
1554
3203
6678
9143
5316
3512
1332
3657
2169
242
2618
468
1421
8600
3606
4376
3422
3453
4788
4753
520
3854
2096
6959
9646
9675
8761
8248
430
3737
5845
8266
9506
3775
5542
5792
2526
7114
7919
8480
184
9081
2943
9935
7283
274
2565
8629
6108
1925
108
1760
6992
7238
1016
6050
7969
6292
6615
3944
7920
6671
2168
2678
2224
6552
7729
3900
7026
3858
2432
9366
638
3319
1691
3971
5718
3853
1788
1114
8852
7807
8913
3928
5974
1078
2346
5447
4036
4819
1698
3674
1362
6002
3651
6573
6088
7179
7889
7959
9208
5337
2918
2341
8624
6238
6245
6350
7158
9252
5721
7102
7450
17
3216
7083
9502
3975
3239
4817
9813
1478
2725
7548
8609
6873
3345
6821
5767
7608
3207
6048
7761
8477
8886
5645
8116
4054
8555
6883
5620
3977
7886
9988
3652
5493
7346
9551
2216
7217
5477
4337
8502
2440
4981
6483
9904
7663
8653
7043
7053
3715
992
3682
1403
970
2450
7364
4206
633
9601
2196
1045
6900
2639
979
5516
9899
25
4022
9731
4634
9086
8496
8229
2991
7057
9727
7312
9191
493
8198
8257
356
7400
7535
9807
2367
6216
3378
8426
8362
6644
4875
3248
9052
2850
2181
5854
2902
5946
282
7501
1497
8123
8843
2761
5105
9753
3690
9537
6014
924
9428
8651
4838
7815
7242
1248
6098
4909
3263
8525
6903
6111
9106
2582
9630
5761
6169
1986
1687
9635
6256
5658
8508
1335
8691
8570
4930
5290
5128
2431
7253
1501
3515
6862
3274
9773
5996
3149
392
2722
9418
1721
275
6221
5206
8748
6191
4484
234
8170
2732
3601
9109
2471
7328
1942
3466
2114
4754
1532
1303
8564
6897
5363
9060
727
2122
9136
6980
4055
4798
6008
1891
5807
5221
4436
1469
7120
1795
2327
7976
1635
250
3614
4008
2679
6120
2437
9122
4631
4391
6343
7488
9971
7595
2898
1222
6686
4790
7254
6817
5700
5215
6557
4382
8178
2027
3427
1346
3063
2888
3077
3233
558
2227
561
5552
4448
1728
8812
3040
7935
8979
2830
5803
2055
2393
6408
2529
714
1244
8047
3602
5069
9184
1295
2894
6637
3119
3735
253
6607
3198
1203
6553
1595
2213
5348
7860
4636
1235
2646
7059
4597
7933
7426
4464
4593
7244
4410
5654
785
8738
6387
1123
788
6162
815
5134
2592
7692
6527
9499
6687
2384
3615
4015
5887
5325
1908
5647
7869
3279
4782
592
5353
1371
7219
9251
8944
390
2238
9290
8299
7366
4211
2468
8312
4684
8940
7270
3021
6081
4135
4106
3926
6990
6781
6297
123
9175
1748
5611
3071
8520
2193
3692
5507
4994
7255
5855
8840
8847
5905
2281
9796
240
9530
1808
6431
1360
4416
9825
8590
5765
6057
9659
3719
303
4145
6626
1809
8743
5104
6688
5331
6435
11
8447
9642
5993
7831
6898
844
1409
1010
6043
8129
3710
6728
8260
4686
7324
783
3920
4617
2897
2655
5529
8554
2005
1009
7203
3400
7258
2858
3058
8700
7751
7679
7264
4259
2442
7671
5187
2360
575
5643
7348
3843
7280
1561
4552
6935
2976
3611
9775
7127
6753
8329
812
7875
7147
8722
3725
6695
1401
6836
5978
8641
3940
1461
1987
6880
6766
7062
963
842
3990
5714
8550
20
1654
637
2115
9715
5340
6736
6015
2516
1200
526
8160
5305
3180
781
7380
264
9256
8399
5371
2378
1285
4066
2996
6269
2948
4295
5613
6952
388
9707
5175
104
1842
8308
7205
2986
5020
9071
7323
460
4362
5045
1100
9396
4680
1724
3244
5386
1818
5219
6504
8132
2160
2229
9968
5057
7125
8817
581
8017
1293
8181
8251
6379
3641
5869
4958
8954
8693
4368
7235
669
6229
1575
5994
1750
2622
5738
9337
9742
1619
3246
9560
692
7801
7424
4146
8006
3525
3255
3907
5596
3815
3957
7550
9315
9876
4507
5963
219
3032
6977
3229
8998
8869
9452
8003
6905
8420
4933
9196
6961
4778
3696
5356
9242
3754
8042
3933
5283
6709
5731
2611
294
8531
5577
2887
3099
3893
9154
1002
6079
9119
8361
8499
3501
7917
2161
1215
3767
284
9880
6027
7607
9425
2605
2577
7080
1712
9700
140
4508
9520
1781
7809
3869
407
6058
183
5373
1997
6726
2466
1771
5083
1592
233
7001
860
7945
4203
2640
5689
2574
1753
3388
8323
9027
6754
5972
3382
8695
6832
1030
2714
9638
7222
2962
3306
3871
8968
7310
6757
8532
9861
1523
2197
8416
7757
6228
4460
994
7434
195
5543
3461
1450
7406
6944
8952
3208
1442
9966
2333
5168
9317
7112
787
4895
9007
9921
1770
677
7275
9504
590
7234
4330
3626
6164
6038
5817
5969
7188
1447
7037
3463
1892
5189
7942
7050
6314
6219
6171
6450
8022
7778
2960
4495
9408
8417
1357
3788
8166
3736
9834
1204
1459
3785
1070
662
9611
3165
2347
9762
4815
4120
6879
8128
998
830
4407
4170
594
141
7502
9400
6775
6802
3449
940
5873
8195
8901
4303
1420
887
7772
9624
6724
871
1762
2221
2524
9348
9354
1375
8728
863
1396
3011
1814
8583
2068
5871
547
6087
8245
2206
7090
5998
6794
3424
2349
6161
1989
2649
7218
8284
1389
5565
6324
7446
4309
7871
9513
6362
1053
9663
7129
9116
4082
8978
196
1884
6668
9680
3675
2890
8698
5509
9906
5144
7181
6338
5724
8004
687
6024
9255
1066
2394
1055
7425
1306
5330
9613
2946
1927
6006
6664
3673
7247
4872
4283
2616
1910
7832
5387
4452
8232
9085
1700
8301
7842
5244
647
1383
9115
2868
8394
4482
8183
5984
4956
9189
8219
9761
9446
5002
8559
4565
5850
355
8283
2704
9593
4187
4024
5646
4659
1922
4251
5716
5983
6894
3020
3604
6588
1149
6296
2937
3833
2999
4839
7904
586
7268
1036
2363
9023
5394
6139
6800
3726
9881
7472
3508
76
7515
2267
2226
5082
9919
3522
6398
8397
6667
1297
4126
1824
7697
9740
8002
6142
313
7625
3468
4724
2128
3144
4603
5442
8074
3335
5977
4529
7465
3423
5895
12
2829
5976
1779
2697
8946
5935
1605
4541
5942
62
1488
254
5461
7
2012
7456
1414
6847
7151
4333
2405
6310
5379
6060
3643
8339
8586
1116
3228
9912
3629
7289
937
1369
950
7822
972
1841
2100
4681
8607
9355
8055
3073
2448
4009
8288
9805
8745
7686
9889
455
9713
3539
7870
8602
587
1612
4411
3429
4262
542
8581
7079
4365
3968
8665
4104
4740
8384
5810
3827
6570
4238
4825
3471
6467
2812
154
8275
747
8217
9448
6369
8112
2901
1940
3390
5760
6679
3712
8878
8668
5229
8654
8708
2028
5251
3113
9995
2302
4689
8580
2790
1162
7428
3862
7544
3535
6839
5425
7866
3189
5335
2416
3739
2615
6072
4132
6223
8538
7600
6801
7354
7020
5815
6107
8469
1775
7137
2781
2276
5095
4751
8655
834
7702
2748
8098
9397
3387
7711
6497
9626
3617
5
4644
7654
1984
3141
6659
9298
7140
9809
1467
6421
8250
8774
4660
1316
9174
3934
825
2153
2382
5799
7294
4116
6789
6112
8574
3044
7876
3762
3949
2097
9751
354
2643
6501
7767
7121
4403
8833
1189
5991
3139
7259
7877
1565
4638
1192
1913
3908
8285
5385
5284
391
7016
2
5375
8659
4517
5821
884
5028
6420
5624
4739
2993
9953
9474
4978
6001
4349
3676
1408
3972
8049
951
1758
6528
4697
7710
2719
2259
2356
5309
5832
7417
7833
3350
8118
1887
2906
3358
4471
4616
2058
2675
4863
9866
4480
7890
3460
3300
7944
4525
8929
3336
6422
5392
3448
1604
1197
6084
3486
1314
8395
5033
6584
80
375
129
8893
5409
7619
956
6669
8758
4650
3537
2129
5475
2008
9711
7759
9268
7980
4823
5421
8549
9451
1485
5147
9363
4690
6629
5945
7405
9811
4264
2369
4998
3110
4438
1897
2536
363
2430
4190
4320
7754
3154
9002
4366
8815
3766
1376
8670
8203
6581
8577
8156
4910
5395
2132
5185
7154
1251
488
2505
5790
2811
6696
1091
6666
1474
9589
7461
5635
5155
9075
901
2669
8936
6602
1644
3415
5535
2057
8041
9360
271
9621
9854
4522
8309
1558
5880
1059
7512
212
523
2511
2927
4334
7314
4030
7018
645
5697
1245
640
6244
4310
456
4103
4695
2310
2581
6356
3123
7995
5288
97
5735
1227
8853
6047
3865
480
3202
974
6912
1079
4081
7567
9035
4531
4746
1961
8928
3662
8846
7269
738
3529
715
919
1084
9577
7160
6336
7228
3763
5701
8458
8033
2801
867
5231
5885
934
5915
6433
2820
5610
8039
7021
4969
3787
6808
7900
4772
1807
9512
745
4628
3867
9714
7389
9583
5158
8643
2589
6566
8775
9070
5704
346
5186
9586
7941
6758
3559
1434
6170
1678
1243
1566
9954
4447
9907
5214
9416
3647
2507
9120
7728
4051
4629
616
3474
6727
22
3930
2269
1638
3325
2745
4567
3136
3434
6963
4195
2421
423
4513
2123
9234
5534
7094
8455
3855
449
8972
9562
5750
3372
5247
1496
6525
223
6332
5941
7913
879
8861
8517
1193
2037
404
246
543
7915
6531
2052
4520
6397
9661
6567
2201
4152
168
7766
6956
5744
6585
7556
9886
8278
3496
4118
6888
7186
5481
9507
61
7979
3807
5380
8307
4524
1642
1874
6735
4328
3303
8444
2795
2970
1218
7618
1843
4494
4964
150
8906
1539
5572
9733
7627
5518
3308
7466
1999
9902
8605
944
8897
1829
1870
3750
1462
5016
2399
4894
2702
9439
2323
7313
237
8598
1893
6592
1531
2232
4682
9719
4737
7770
4312
6361
7011
5672
4372
2242
6827
6680
4160
6524
3517
9194
6911
4699
5217
4214
767
8379
651
4088
4652
6289
2184
5267
3803
5683
3034
1834
3389
1086
9582
6106
6778
9808
8454
6921
8057
2298
8873
422
4292
4191
1481
7491
4307
3828
1676
5940
9471
8242
3095
3567
8791
434
3115
5119
7542
9202
9005
155
3441
8522
6798
1617
5784
5698
549
8621
6612
696
6126
471
7135
3247
103
9778
4630
3242
5711
891
4720
5374
5553
1289
1444
2170
4589
1857
217
6473
896
541
2778
4168
3564
9139
873
5177
3348
8147
6032
8512
306
1172
8342
5343
8863
2788
8489
8572
3096
6321
1443
1142
7660
6759
9209
2528
2004
4414
5488
700
1805
6601
7804
6631
4311
4714
9358
8401
4110
2368
9959
3863
2199
4858
2222
2149
9694
1470
4241
245
6123
1871
1547
3700
1221
9840
105
8660
9344
316
5040
454
4224
1660
8325
8794
8986
582
5197
930
6700
6987
7592
7290
3224
2092
1977
9557
7552
546
6917
2151
9623
8882
2853
9564
5041
15
4965
9406
6313
5404
317
7564
352
6279
7098
6446
5480
6176
3046
9313
7033
4602
5258
3439
3339
3813
7758
5277
9720
8328
6414
5094
5350
9128
5489
2689
3502
1773
9183
9608
7762
35
4453
8567
7415
287
7445
870
9697
3688
775
3171
2753
6712
6205
2032
7281
5427
5564
8169
52
1648
2648
1399
261
437
7177
100
9157
9997
1914
881
1491
121
7116
1115
7504
9920
6707
7413
483
8324
2762
4317
1959
5264
2552
892
4902
9945
7764
4159
4747
2951
5359
315
6065
9240
3085
6972
1885
3941
8068
4755
3344
6042
7813
6402
2002
2808
148
6234
9453
343
8924
4749
947
8963
964
967
4939
5562
3167
7352
2274
8370
6396
490
3886
9386
7851
2840
3569
2402
4730
1545
5317
9656
6474
4033
8536
3238
3126
2568
5225
2444
1945
3740
6247
6182
7031
1451
9473
5734
2613
7029
9065
3597
1253
8296
2839
5709
1666
2573
5424
9879
478
8460
1199
2111
175
5800
7048
817
5559
7589
5253
9330
5004
2189
8194
291
6618
92
2099
9812
7301
8238
3983
8565
7045
8740
6628
9037
1985
3717
2911
5271
7044
1477
2237
1609
7298
1822
8844
7887
8211
3109
2751
5736
86
7835
9273
4493
9127
846
8079
442
2220
7201
9877
8796
4877
751
5470
9265
8917
925
3270
4809
2832
7282
3156
8808
3917
2009
4038
1372
7319
6745
498
9605
5950
2150
4381
2078
3873
2429
9414
9683
6650
7768
3039
5826
8806
3280
1440
5890
7574
9369
4913
8012
7182
7737
2063
4643
7518
1043
9798
6200
5367
4716
8507
1040
7968
7009
3998
3595
6389
4912
9441
7468
6739
5524
3205
158
1108
2135
3752
1533
8434
4624
8927
2438
3911
7118
4649
4019
690
9937
4957
2807
6675
3404
5122
9872
1563
622
8052
7503
8414
9603
3640
3782
1343
2816
4687
7948
5076
3890
7407
880
5349
8192
2682
8888
742
9419
564
7243
3841
3549
207
380
7881
2203
6254
4219
6147
9044
5248
5067
6073
6086
1155
3751
8697
4851
3012
2931
5496
2703
1326
5503
2822
3573
6163
7714
4987
2044
6620
740
6457
365
6337
6127
973
4991
1310
8909
3318
9900
4547
3376
5901
3783
9567
7738
4537
8393
9112
1952
8255
7523
238
6144
125
6383
4698
8548
2599
3978
8106
5246
3124
4765
565
6896
2828
8081
8165
7528
8051
831
7459
387
3728
1792
6795
8733
4069
504
7566
5814
7003
3964
2109
1147
7588
7796
63
6962
2856
6556
1670
7519
722
5494
8221
7583
1581
4141
7956
7880
7014
3759
5741
1740
8037
4867
9538
6153
6941
2504
686
115
704
5034
486
9433
4648
9481
320
428
4992
1798
3379
1246
5712
1344
6550
7673
4409
3596
133
2658
4943
9294
6995
4878
3054
904
6548
8757
2294
73
4331
7457
8206
1812
2154
2094
4905
723
3090
3016
9377
3418
7370
9587
6100
4113
7681
64
4329
9947
5434
9788
1536
5636
2188
7707
942
2591
7475
7582
7208
2277
9857
5667
3686
5049
2101
222
1793
3794
1382
1590
8246
9827
6507
8240
5696
3714
3781
16
6051
6488
4220
2425
6452
9319
3497
4425
9245
5664
1377
4501
3355
5589
8885
6583
1250
8064
272
684
8831
8991
5903
329
5992
5665
1302
409
5236
5304
2385
7936
3475
5510
5160
4656
9021
4917
9830
7795
4400
1657
1417
3574
5129
7997
2234
2624
5463
6150
4814
6040
9165
7476
6007
8987
3796
6600
4557
6373
7111
9994
8008
4057
5223
7349
9705
9375
1516
8849
8612
8103
8124
402
3832
3473
1096
4876
5934
9648
6848
3087
6506
8515
1658
4035
733
2454
325
6136
9802
9845
3801
5568
1388
50
8153
2926
7230
4836
5232
936
6427
9897
627
5957
70
946
1364
3145
5318
8331
4996
8108
1882
2688
1029
8623
6603
4561
7534
6558
9434
6978
3031
2093
577
4270
6018
3655
8838
3697
2831
8298
4549
6365
3337
8611
4665
5827
2738
4719
4164
3749
8810
5079
7937
7709
1599
1875
7749
8120
4041
7479
9505
7248
782
9599
5196
2095
6954
9496
8228
273
9288
9549
8105
6425
878
7106
1569
6462
5153
9662
8377
5008
5329
2098
5699
1850
2978
1027
7023
8533
857
2956
4243
699
9616
134
839
4474
2846
8879
7499
5007
2244
4598
2497
6657
7916
4783
1026
3262
1097
3276
2950
8145
7136
8865
7771
9991
8280
1130
9882
4599
9536
1649
4179
8511
5314
8694
3098
9088
7721
885
2130
5315
6399
3035
661
6044
2746
2823
7899
2963
2030
4084
6151
9996
1544
1309
2805
4045
7119
8884
6593
4784
7703
189
5201
4004
4096
5878
6804
2474
5612
7025
3627
5393
3810
9104
3852
7464
208
8400
371
5578
4986
2051
6730
6863
3042
3637
8199
7896
3730
9925
3142
9318
8622
734
2899
2736
2256
3791
9911
2081
339
9574
5043
7984
3197
3117
705
7267
1934
4792
2938
8207
1044
1926
7307
9093
1606
8459
4358
3806
5849
2379
4424
6481
7035
1353
3322
8544
4947
563
9146
2053
770
6021
3945
2460
2417
8093
591
7520
4620
5087
2695
1093
8107
4824
8413
7227
6189
9950
6124
3250
3283
1032
8551
7477
5608
5181
4499
8742
7233
2251
9828
6610
3912
8473
4693
1710
451
8007
3703
6105
1500
3922
1495
5727
1607
9276
7260
2401
2314
1427
9612
1118
6756
5764
374
4136
6731
7484
6232
4676
1628
2922
2288
4215
3342
4881
4073
7015
4808
9220
5021
8506
4977
6190
8322
4711
9364
6596
3951
8503
7449
4
9015
4147
8650
5065
1520
1379
6843
6770
5116
9478
4576
1872
6103
3859
2983
3681
848
9746
9372
7545
5252
190
1711
8392
8135
2758
1957
9986
2949
4276
5397
201
539
7857
8415
4775
9736
6715
9792
1398
1441
6243
7334
4140
8638
989
2233
9815
1217
167
1494
3200
9362
3809
7091
2972
8789
5936
7291
8071
4633
3758
6385
5295
7553
4553
3323
5506
6177
9754
8258
9090
8497
6857
7785
9041
2332
3452
8220
8992
6957
8747
5278
8143
2534
4415
8155
1126
3190
2985
4128
6988
8640
4614
6271
6429
7952
5592
4067
2264
7606
5161
5638
744
5884
6148
4013
9847
5782
5546
496
1901
314
9524
2660
5485
3937
1774
2487
7622
6949
1765
9087
8231
2158
3622
3835
2601
1863
7662
2386
8828
1146
3613
6575
819
6834
9693
852
40
5882
5834
1054
1311
7517
8386
4890
6856
899
5174
1392
6865
444
1831
4569
3326
5120
2214
5508
257
3408
2772
394
5605
1028
8771
4007
211
4154
6878
1368
6516
8442
6445
1361
6447
1161
5675
8376
137
9915
464
4183
1157
7002
8557
3296
7784
2683
548
507
2139
2874
475
8964
1404
522
5988
5949
5440
7680
3551
823
4762
198
2018
9838
6486
6381
2088
126
4326
8818
310
5655
5207
3332
9553
6423
4432
2045
1015
3536
9682
6829
4503
6895
6849
7527
7487
1659
2296
74
911
2726
4157
5009
5091
7994
5692
2372
8664
3472
4768
7163
4150
3505
3131
9893
8798
6197
4551
4105
6364
6196
8671
3628
4018
5846
3687
4166
8961
3232
4389
4534
5405
568
5482
8330
2080
7473
5563
8862
9826
8023
4605
9592
4844
513
4833
3988
5548
9931
4810
4515
7808
1844
2998
971
8768
779
2280
9718
3879
3906
3658
4083
6311
4477
1099
6339
3403
7369
8005
9628
4846
3566
5576
172
7126
1593
178
3952
6642
9192
7004
6622
2662
7372
361
8960
5451
8048
5706
2142
2180
9227
9347
1269
6589
2715
4883
552
9730
2337
7065
4363
3797
6273
1435
717
2919
9791
8318
3188
796
2555
7458
8527
187
922
4034
9617
7637
1033
4050
4578
9156
4186
5619
3185
8269
874
2455
4726
9584
5914
7229
3025
9848
9398
596
3230
159
119
7597
1632
8157
165
6255
524
4906
7546
2446
3642
6267
5086
7873
6188
2735
7791
7971
7131
6117
5131
5812
6491
4936
1410
5749
1955
939
5759
5281
5684
1633
3895
978
9161
8773
6793
7279
4353
8686
4937
8343
702
6780
8834
1327
48
3426
2061
3523
7777
7655
3160
1179
2883
5428
1191
962
5715
8373
3645
5852
903
679
3741
2939
8657
2026
5544
7442
1475
646
1448
8028
2532
6744
2209
5074
703
8341
1400
4942
2538
8436
6765
5531
8955
658
5586
4826
6460
9702
5326
1615
4399
4916
3734
8922
6746
5754
2878
2936
8595
7271
9637
8154
4555
6461
420
829
9280
8425
7024
5108
7864
9687
8493
2580
4803
1603
5928
5456
532
2965
6035
9894
9018
898
5209
6143
886
8080
4355
9267
794
6128
9724
983
157
1967
2292
7879
2645
153
882
5649
3411
1138
968
4205
4767
9650
2663
479
334
3277
4635
7853
8854
6867
760
8267
4708
2022
5929
3689
8872
3432
1141
1900
8205
7541
5768
1056
3298
2631
7308
5656
3421
8437
634
3916
9625
2713
1535
566
1249
9301
6613
3507
9674
3009
9254
8765
7339
2319
263
4611
3341
1124
3575
3334
6192
6340
1456
2654
6485
4077
3938
1895
9903
2152
6617
7039
433
5265
4761
7666
2191
3561
807
8971
1530
3266
7646
2696
494
2082
5368
4244
3881
516
5920
8468
7056
6416
7688
7522
336
3986
2192
4182
5549
2569
6259
7695
2285
4801
4079
3609
4583
5841
3349
8764
6319
1231
1210
678
9898
6459
7539
3254
5789
4133
6011
5695
296
5100
8752
2144
5557
6841
1324
378
7431
6175
9270
2583
2543
1869
3369
4306
99
9420
4550
5670
932
3905
1109
3268
4479
8352
9901
5052
8276
9336
4021
859
3048
3887
8825
9598
5166
2698
1717
7471
5574
3431
9435
3772
5303
9963
1594
8212
6320
6663
820
8364
8785
5471
2653
8921
6950
9353
578
7141
1573
6168
945
9465
268
292
6412
4298
1031
7706
7296
6750
6503
2752
2183
3568
5609
1143
8675
3444
2740
5962
450
4487
6395
2001
7525
9142
3291
8908
6388
9326
4795
985
1976
5338
8710
6438
763
1845
9770
6091
2995
9943
6472
9522
1981
6788
8591
550
1271
8481
4932
6371
2932
6529
2312
7496
9533
8065
432
9123
192
3218
7494
9639
4887
7897
1313
5054
5550
7013
3003
7285
6305
2968
3440
5513
8830
7000
3970
3533
3366
9062
6624
3271
9717
2671
1668
2760
8268
6119
5866
2806
1119
8138
2838
9529
98
4158
8385
3482
793
7991
6390
1562
6571
8560
1747
7743
8295
7030
2903
8279
1580
256
3932
4498
4178
2514
3269
67
1707
359
8117
965
3209
3557
5795
9028
9394
1596
7950
6910
2884
5985
5939
7882
9692
3846
2625
3624
9456
9121
1583
9850
6226
3491
7577
5573
2636
6741
3885
7555
5275
1356
1616
5650
9672
6218
2428
7722
3631
5785
3100
4058
8193
8644
4115
8082
6083
7733
7215
9655
9910
3169
601
7191
8485
9140
5490
489
4184
4694
4594
6991
6366
621
4750
8737
1631
2843
1973
462
1067
3544
1370
3960
5781
6953
4335
9385
5713
9779
1752
693
6518
2021
3396
3943
9756
227
572
3331
3636
7715
3616
2518
7911
2338
5061
9927
6502
5601
8457
4272
2413
8685
9801
8957
6440
9042
4662
2721
8617
2029
2982
7409
3732
9118
644
9993
9307
7460
4420
7993
1230
4137
6938
3316
2590
6790
8647
8254
400
8378
5560
6734
3236
5297
4944
5132
2571
8038
9218
3446
5986
2933
7489
3007
2013
4148
9462
9572
9187
6549
6996
2391
4972
9678
2329
876
7830
5625
438
5973
8094
4375
613
6582
2343
6283
5730
1352
7693
2638
8281
9569
8078
7138
8537
2328
7727
3804
7850
2997
8172
5811
2121
6632
7486
308
4127
756
2546
835
6729
9594
1504
3694
9342
573
85
1764
716
6779
1256
7861
2357
3177
2773
9067
5975
4573
2167
4266
5498
9527
1005
4853
3045
9856
8941
411
2261
2990
4097
6840
1014
7441
8943
5011
3134
1742
1866
9865
5051
37
5444
2944
1528
2767
1559
2174
1718
3713
6932
9076
9509
5906
344
6096
7374
7652
7644
9345
8505
9199
4837
8449
6597
4387
283
5740
1879
585
6881
7763
4575
4619
9082
4764
2320
4197
4807
780
114
8158
6604
748
376
4587
8025
4514
7355
2845
5530
5080
3973
618
7650
5381
3864
8225
328
806
8578
8585
6577
6227
4404
9479
3668
8625
4527
3125
7975
353
9241
4771
6539
5346
2509
3371
9776
2457
2175
1873
4980
9600
9388
8800
5916
3089
2819
6533
4953
9468
6630
8189
8438
1098
6499
72
7411
5064
9749
5642
5102
5078
3795
5048
7077
5362
1206
6826
4426
8439
8302
5270
9858
9296
1932
5961
799
3485
6489
9721
5835
8805
7962
1796
8704
332
8667
8592
6974
4122
3578
8579
5648
706
9228
602
9741
1321
151
2876
2723
5194
623
3666
9133
4093
3380
7100
7082
5422
2891
6026
724
3014
2124
3231
7862
3343
4343
3811
5445
1951
8305
9264
2994
4216
9030
5660
5836
5423
1089
8510
2907
1238
1704
8910
7934
1224
5776
4360
4562
6355
1969
7601
665
4433
1384
1768
144
6578
1092
397
2287
6295
9748
5937
4615
6493
7012
6872
3605
396
2802
341
8265
2348
5365
5671
4449
2089
1903
6933
4897
5073
6394
1709
6274
9107
8186
6999
6334
3088
2452
2716
9759
7321
5114
8482
7481
9726
5031
9760
146
4985
9716
3889
3685
1006
8696
3967
6965
4175
4646
9009
247
8430
1331
6367
766
2727
3769
2344
4540
3840
6275
5773
2145
9983
4856
2462
5296
7170
2133
1905
6250
9392
2031
1534
8934
802
1672
3693
9167
772
3166
9829
5262
6500
4285
8053
1706
6530
6976
9814
6141
8777
7329
3385
6046
2412
664
657
3187
1744
5536
7591
8101
3593
849
4926
3577
3061
8918
7353
9022
4255
4142
6723
7670
1738
8892
3589
8215
2173
7792
5459
6211
269
4748
8253
4213
5794
795
4925
8340
1930
5954
5662
8368
7038
9695
5259
8989
3768
3925
9755
6410
3038
3776
3477
4566
9445
373
8461
5763
3706
2690
6384
6568
9633
6519
5472
1262
7483
7811
6947
7914
4065
7036
259
4536
1412
6806
3989
3958
1699
4766
1048
1283
6287
3152
1039
5924
176
4161
1018
3490
2138
9432
6306
5239
3370
4889
1154
8543
9884
9466
4440
1695
8146
3079
9926
4669
224
7302
3506
8739
5413
3215
120
845
5981
4364
7587
2433
7412
5355
1483
8142
8104
6761
9477
7214
9001
8588
5125
293
311
2784
3701
7390
8649
9831
5298
3800
4396
8310
5026
7912
1083
1587
6774
907
4458
7576
3901
3399
1715
1688
5276
6776
8491
4313
2559
8977
5681
4397
5159
3942
668
9534
8083
8451
4999
3985
6820
7700
6023
6178
2147
9004
9285
1300
8476
5090
1708
2194
6939
1663
4757
7731
9698
9585
9338
204
2733
1151
6201
5883
2410
1693
2547
5466
5872
8539
2642
2749
162
7805
9664
7827
3074
4046
9230
9134
3823
2966
8975
5771
4010
7745
9078
6683
9644
6611
2083
2265
1917
2603
3143
1746
5396
8141
7561
5925
9405
372
774
4759
6449
3195
2554
3541
3301
6261
894
7052
1019
869
1661
8463
7683
3780
5010
4763
1007
5212
1960
3784
8716
6521
4983
776
574
5747
7085
641
1216
1567
1050
9818
8509
255
2560
8945
7776
5965
810
9526
9032
2389
8100
6513
101
3004
1954
5366
1794
2048
5989
188
6908
928
6748
6814
8631
7156
9958
66
3398
6783
9190
986
8783
2706
2668
7659
9460
5081
2461
8645
1556
7631
7773
3373
2477
1211
8958
3464
3420
1588
8043
3513
309
1858
8575
5097
4288
6284
408
5213
221
8851
5407
7108
4848
6805
864
9077
5793
1219
4153
6225
7251
9343
8619
2231
8177
367
2293
7730
4919
3982
4874
5844
997
7342
1972
1064
6859
3381
7940
8965
3654
4511
7212
6272
8904
5401
4706
2893
169
4554
7028
7040
89
8424
6195
5188
1965
7343
3915
1640
3299
4854
2824
4640
8582
2459
5024
357
7510
4231
3831
2307
7907
7852
1514
7064
7262
7543
5443
764
6426
1127
2687
6325
3029
5723
5015
2182
1749
1683
6658
1232
5653
8932
505
337
2914
2804
8589
6156
6514
3721
3875
1111
4332
2069
7467
4779
8261
5893
1662
8349
218
9102
6242
7938
6207
7885
8690
3428
1103
2857
1641
299
6564
8184
457
9744
9597
5703
128
1924
9443
5677
2126
8175
2821
8626
3401
8905
9531
9651
7658
2776
506
6415
2198
6714
4483
1428
9978
7538
3065
7918
3484
3293
6090
3837
4430
469
5504
6333
4342
4089
5891
7949
5614
7524
4700
9822
4286
8995
517
7708
9346
3312
7359
6029
5142
3225
4880
909
9072
6762
8423
470
7647
4559
9786
8088
4703
1226
2630
6432
2351
3138
9949
6217
9382
8235
5631
7365
5075
4398
3558
3092
4885
8334
2473
8050
5354
9269
1413
1158
5686
7041
4914
3590
193
7744
6768
4677
4112
3829
2134
3050
8326
3677
5313
2035
4588
2612
7732
8608
9365
1907
535
3259
2967
3683
7891
5729
6215
5575
4563
4849
2322
6599
1756
6920
7657
3302
2445
9350
6874
9437
5527
3384
3572
7347
652
8712
4512
2759
2179
6203
2826
7682
6812
2915
7206
9340
1280
4666
6647
4412
1576
2777
9450
8174
5334
4281
281
4523
2215
8678
7923
7638
7422
1541
4568
8069
1622
5458
8031
6705
6884
6534
1170
3847
2875
8347
6937
6693
3357
4076
672
9580
3722
7394
135
1825
1751
976
6767
3509
1479
5979
4813
8119
7063
2056
3066
2177
5606
4442
7153
5967
7783
2131
866
8471
914
9257
3101
1623
1766
4099
7435
7295
7641
1852
7377
862
9846
7691
2992
2750
2342
1537
5163
6477
9105
5484
790
203
7293
243
2253
5639
127
9275
9914
1468
8358
2374
4959
2742
2136
5582
2920
3664
902
4143
5780
3164
7340
5617
8871
8729
4336
2973
270
9590
9686
9631
2006
4830
7395
9266
4968
777
3966
8820
8201
