4021
72
7384
2738
7275
5161
4345
9596
9323
2989
1378
7319
8597
6146
8984
363
7153
1454
9104
4626
2834
5339
4453
800
7356
3142
7849
4101
2860
1946
5099
9289
8763
5624
2897
8693
3708
1727
6996
5520
3328
3716
4027
1614
8242
1249
7173
9597
3969
7483
8084
7966
3996
5856
4570
6228
8559
7187
9891
8512
685
8527
1206
8588
7935
2138
5383
9515
3451
312
4281
7373
1888
6539
9702
8674
397
3072
5102
6443
6636
3227
5540
1900
1130
4583
4030
2209
7531
1877
3812
4104
9680
4100
3974
722
5736
8090
4465
5480
2410
1705
1040
9924
8659
5502
5188
5832
8997
5346
7650
6235
5695
6356
1030
3582
6970
6200
5589
1479
9929
5331
6194
3315
9200
7691
9474
2946
1612
3320
2724
4960
1554
1020
4117
9037
7818
5353
17
904
9858
7138
4708
3222
6834
5041
5193
7583
9032
4613
6368
5659
5482
4482
9984
7241
169
9897
4151
2439
9264
4755
8151
1131
6025
6064
5452
9612
4898
3435
3816
5208
8694
2402
3459
2065
9114
158
2013
1100
8302
5741
2568
4302
3760
595
3714
7081
9883
2466
7524
2180
389
6787
2212
1075
2221
365
3770
5796
8749
4201
385
1294
2911
7946
2905
9748
4154
5248
6297
2955
1719
7749
9382
9413
6664
69
4940
4776
9076
3859
3128
60
8442
8209
3194
1734
7436
7503
2175
3654
6076
9103
6962
4917
9493
9376
3206
5878
294
6098
9585
5753
392
278
4118
8666
6858
432
4405
1987
5612
7164
3089
4664
1591
7226
3281
3890
8077
7819
2238
807
7904
1583
5518
105
4501
8409
3022
7793
9713
8772
466
8880
4490
4233
6323
3333
8423
4605
8177
381
1303
3383
2
900
68
5893
8311
3882
8338
5430
4419
2938
1165
8413
1473
5075
5082
4913
4114
1600
7437
8698
9271
7296
8116
6110
4264
5869
5981
1078
7061
3374
5034
8344
2769
9226
9791
5704
6348
941
7913
7740
7779
1966
3483
4466
6496
5094
4998
8278
382
8477
3943
6017
7649
2272
2679
6034
9627
3826
687
2775
1191
1379
5845
4988
7358
4509
9291
5990
4176
9551
8196
3217
3499
8058
4211
445
6591
8942
8208
8953
3365
5804
4712
4369
4447
4760
8131
2601
422
8255
3541
7651
5068
9401
9730
9485
6506
845
902
7730
2627
1411
6241
6719
2552
907
9334
748
5696
9481
8408
5234
2201
4388
7548
8877
5798
6789
6633
4245
1646
5476
4574
7803
1160
7580
8268
450
9253
2096
1970
7156
2438
9160
6583
1166
2046
674
8681
1768
8467
8188
8500
2304
6645
4769
4780
4079
8635
2289
2283
4691
2868
830
1994
4685
6298
7672
4015
1949
8004
9265
3364
1589
1814
6019
9654
3510
8016
3683
2877
9335
2122
1528
5792
1986
3296
9451
1683
5129
5456
982
9363
814
8271
9824
3644
5661
446
5090
4253
9647
241
488
1631
4431
5558
1261
5045
8071
3538
8558
8907
1396
5450
1530
6477
290
2888
5759
9982
9412
9360
6917
3234
8499
8535
6047
8249
3603
8168
3335
3162
9492
8024
5980
3594
9940
7764
4922
1682
1988
7511
8234
8646
6386
4854
2243
5296
9346
3337
8299
865
1703
34
736
5136
9972
8028
924
239
9143
6939
4011
6612
3649
2515
3382
2172
8537
3254
2504
6536
5921
2715
223
2933
1291
238
5578
3294
8742
282
5632
3259
568
7036
4978
6651
7577
6772
7326
2966
9514
9835
8324
8712
1513
6470
2196
8369
2518
5019
8137
7628
7949
7459
7687
9610
1640
5734
1442
872
1021
410
7666
131
2494
6053
8542
2006
5059
2382
3301
9406
5345
1139
4916
7626
3262
798
5872
9469
1108
5882
7359
9651
2730
3228
7137
4269
150
8494
1435
7800
3746
8253
2899
4179
3376
9325
4468
515
1418
2302
3224
7711
5934
2671
7491
5369
6086
4026
6803
2893
2425
8472
5965
2077
2990
1834
9772
1477
8676
5919
5511
886
5423
2837
9286
4966
626
6530
9507
5371
9540
1328
7258
8794
5790
5247
5256
5363
5399
8590
5252
7864
4359
2316
1807
1084
6124
1356
1399
7968
6031
4386
8909
4398
5994
8650
4097
3082
994
7242
2817
5983
2647
1688
1123
2159
4520
6838
9574
9951
3913
8534
118
7013
62
9758
7781
1716
4771
7450
7171
357
77
4322
1725
328
1407
3019
4300
550
7328
6285
5356
2071
7044
4186
2961
4907
7902
2310
1366
6021
5544
8353
604
3814
8277
942
1329
4224
4218
1245
1641
8553
2672
8308
7760
5420
6437
4393
5490
8246
7848
6311
5513
6632
5051
1761
1671
8013
320
3223
5473
895
8623
53
8846
6452
2677
1115
5607
3444
3818
7924
4868
6972
7478
4618
8878
1337
474
9374
5261
2281
5168
8027
3909
3893
2284
6614
4701
2383
9308
943
6299
426
6270
2483
9353
9988
7925
2378
7006
8939
792
2087
1142
5032
8632
7196
6447
8596
156
383
5442
4348
2765
1272
1264
7451
9322
636
3552
2245
5651
5226
7270
5969
3565
9821
7983
6979
3871
3673
5101
7465
7808
4686
789
1073
6059
5565
2338
3656
3792
6088
9305
7602
754
9859
1806
4443
5899
6613
2103
7585
952
3311
5372
7152
7425
4070
2604
5714
9075
1395
2124
8970
9352
2143
2767
3991
9307
2326
2085
2436
8008
4349
995
1343
1896
3635
8901
6699
4134
9727
345
423
255
8453
8740
8936
2844
2277
8243
9227
4451
8452
43
1420
2622
3010
6537
7041
8919
22
7861
9726
518
5538
2408
6159
6389
4330
3737
8464
9760
3862
8237
3918
5495
7909
9624
7155
4373
6620
9099
1690
2073
3528
6352
8897
101
4589
5523
4394
1720
4075
2630
8730
6456
8894
659
1926
8838
4062
1958
1823
6746
9328
6039
9880
2850
428
4610
1872
1552
2106
6012
8050
8505
5007
6211
9932
4832
6694
2091
8609
1465
5521
7046
601
3355
9331
8309
4255
3585
1127
3759
9174
7320
8485
5871
9084
9170
9338
4170
5847
3998
4137
6752
646
6889
782
897
9127
1656
8941
5588
4455
7501
2411
7830
2239
3973
2648
3605
8780
4749
7682
1053
5063
65
6587
9132
4401
7965
7692
2157
6330
6805
2178
2680
9142
711
1093
296
1649
3663
8610
2930
2522
9587
3548
44
4292
8689
6930
299
2432
107
4222
3641
7751
9029
5117
6249
3122
9115
826
8943
1353
4887
3052
7195
4496
796
6377
4428
4650
7222
1965
4538
2564
2814
1559
3906
4389
3586
6481
6690
8037
7274
2972
5134
9712
8433
1048
3997
6120
4777
9389
7125
2084
1580
1772
9266
7482
2053
430
7469
7111
5571
4444
9800
1625
5267
7487
3900
9324
1233
2427
4258
8965
6341
8159
2403
657
4144
5907
6963
1107
8622
354
6316
3815
3691
8129
4931
7180
7809
9056
7648
630
653
6799
7782
1621
6891
98
1174
4729
1810
6475
5241
2838
8439
4637
3803
7504
2453
2133
1880
1116
4289
5246
3873
4717
7381
4974
210
7360
7382
9501
6093
3780
7237
7512
4525
1563
7729
5507
8072
4824
3212
5113
1419
6921
5290
3020
9038
8972
4327
9194
4912
9571
8286
9273
2985
475
9033
6392
5953
8551
3809
9634
2614
9342
8184
4773
262
7247
591
7059
9277
8956
9123
6321
3758
614
5180
8203
3789
7362
988
2780
2285
3525
6277
6004
7463
5539
6373
9724
1608
6960
5828
9528
7057
8918
9281
4324
7321
5613
4301
1677
683
3436
1031
4091
4022
6557
5541
5220
4990
7785
1143
4508
4989
8709
429
889
3755
1109
3154
1287
3904
1375
4231
4977
9863
7952
4642
7163
3115
7267
8352
8150
250
6575
3932
6164
3048
5273
5875
5410
1150
2334
6513
513
9565
3264
1286
7167
9242
6750
4039
4358
6436
5025
458
4191
5233
3467
6711
3579
56
6133
6831
9822
6807
6944
9570
9542
2705
1573
7126
1708
8971
5770
122
1414
9400
4195
2311
113
33
9321
8508
2855
2984
8248
3353
1024
9438
4614
3088
2720
2735
9967
8269
3601
6089
8899
4437
1470
5738
7768
8724
5694
9288
5301
6876
8392
2698
3535
8853
987
2709
9071
4671
2874
5932
3835
9615
2962
9349
2559
8383
452
6217
9649
3148
8336
9355
6887
7000
5496
6890
7043
7743
6084
5566
4663
8811
3187
5536
1235
4274
504
4919
4263
7151
9500
7474
2527
6870
590
1221
168
7823
9124
6336
7873
1990
1006
9082
5440
9926
3111
8504
9911
5131
3596
9993
8056
3742
1027
4762
1015
8449
9294
1057
9690
2826
4835
9140
8038
6431
7377
8872
3352
8366
5173
370
2393
4244
5378
8395
247
7390
1586
3198
574
2757
5219
6460
1504
2406
1576
4005
7898
4480
4859
2487
9678
516
9482
5826
2033
6616
1687
7401
5432
6730
2592
5568
4475
4847
1124
5941
1642
9201
8840
3834
5162
6385
5454
6756
414
3078
3730
3897
3553
2615
9378
3794
9739
776
1657
7211
1718
5611
7683
6937
2037
9110
295
9820
4415
3084
9977
5752
3070
4252
8713
2693
6162
1224
478
5621
525
8733
5968
4636
4032
3306
551
855
4215
8550
1689
5272
6233
9658
3598
4666
5693
1944
1376
1340
727
1713
7536
1372
2116
9817
5350
6347
5160
8614
627
9952
9235
2031
6471
3332
7767
2927
3562
7488
4661
3141
204
6606
3745
3827
9593
314
9711
1497
535
3703
903
161
5605
4942
4198
8808
6125
2384
2956
8192
6205
873
7205
9109
4889
3669
3233
4352
2276
1811
506
6950
9448
831
6504
6032
5024
1136
7754
3449
7024
6192
973
9249
5618
2656
4260
6700
1140
5563
9066
8636
4185
4077
1702
2441
8181
5877
9245
9156
440
8029
4461
379
9661
2628
3220
6550
1818
4314
6035
8911
6948
9588
913
6630
5185
5087
2525
8496
8293
5178
2562
3995
6842
1820
6673
6430
5819
7662
26
7883
1686
6269
7158
5282
9622
5692
5060
1980
9533
2788
4472
9014
3037
6442
7348
8047
2681
409
910
9935
3487
3094
1905
6189
9505
7475
5597
5971
8296
747
3616
3723
6112
4128
8020
351
4102
2697
8746
3523
1960
6259
6795
834
3856
2605
173
1062
4958
971
3542
4481
1536
9296
5328
2355
8530
6026
2242
9757
8245
2810
6156
1195
1532
4728
5943
93
2493
810
1484
1978
5218
7019
2202
336
7192
3368
4876
6731
8879
9427
9313
4949
9869
9209
4007
4071
6776
8229
5183
1083
90
9495
2702
230
7490
1122
3102
6044
5839
3018
3555
406
311
7790
9763
8169
6827
2541
8934
2474
1943
8364
1710
6069
4371
4711
6115
332
1352
200
3164
2042
8350
2958
6644
109
1129
3238
8049
8648
8661
2725
1835
7031
7688
3299
6274
8437
5360
3132
3944
9031
7113
7234
1043
7302
4448
1211
2543
1034
8539
6868
7811
7958
4851
6928
1148
5833
2774
7869
5764
3416
8755
2875
4123
8548
7587
3651
4896
2975
8708
3231
9638
8441
5251
4065
4488
4744
9257
1112
5781
4107
7862
2389
4368
6008
6292
6540
4561
7485
2510
5785
6655
6813
3359
4474
6040
8923
7601
5421
4008
7934
9463
1953
5311
9626
520
2818
8391
846
3748
8902
5375
9556
3336
3960
567
6265
9887
184
1975
9466
1801
5733
378
5123
5386
6329
6669
8756
3825
4165
2750
8747
2792
5497
1630
3846
7392
710
647
9168
4113
3750
8825
5106
7443
9144
4138
9602
5499
9839
9812
6210
3248
6949
1121
25
6236
8612
9007
377
7788
2778
1855
5976
757
9159
9435
6439
5684
4272
3183
4434
4767
7133
5240
1492
8580
4148
6603
6216
6046
6511
5622
7473
9813
2951
5155
8403
9639
8003
4341
6213
7599
4871
4086
6793
3790
7528
7011
275
3185
8068
9946
9523
6722
4343
5304
2386
7448
2211
936
6096
7974
3766
1092
1611
1726
2405
8422
6284
3414
9098
8254
5455
9764
7454
240
2499
5039
3462
5744
4365
9248
7617
186
1707
835
4116
8333
3045
7600
7625
330
7696
7323
1940
9506
9576
3685
684
2646
783
7918
2027
958
9943
2475
1095
5451
1804
4543
4411
572
564
1878
4674
1890
9316
286
8088
7563
5491
5768
5601
618
8672
6727
7679
6739
5435
6150
7172
3394
4087
8868
4819
5443
2771
7833
4156
9052
3030
2501
8671
9297
195
5942
5848
9768
7184
6508
6066
4625
7675
2195
8070
9370
7039
9290
6337
6529
5949
4781
2029
9609
1871
7311
5291
9276
3329
7177
2070
4860
6885
536
2573
2273
4991
5199
4344
2320
5557
6263
2234
5438
5614
6770
7513
2669
1607
9254
4503
3209
6435
8728
1983
7698
5347
3105
3068
8957
9628
5196
7706
3880
2692
7414
6312
2873
2553
6420
9605
7486
7499
3012
7112
2815
6191
3110
3840
5852
1202
8817
7007
5175
3912
8445
7148
6823
189
1345
4338
7277
7403
8881
1498
847
7889
3610
5806
6927
9358
6892
8089
3787
4088
947
541
732
1054
5250
7430
3883
3915
4173
5668
8218
6713
3705
7091
2816
3621
352
3698
5986
805
8725
5649
8990
8613
5266
526
9028
4221
678
2069
1598
5746
3934
8637
6934
7080
7079
9508
166
4366
7083
6301
3386
6510
7539
4877
3623
9067
1643
9464
7416
3123
7383
612
7097
9699
4504
9046
5537
3951
8774
2098
668
3702
4750
6893
787
6955
7284
766
8326
8677
6195
8669
297
2048
7714
6913
1059
4329
3245
5763
2836
5709
7689
3939
1957
2055
9480
6354
3239
6671
961
777
4815
9931
7367
4355
850
1527
2812
6672
2145
4550
1397
5021
8280
1911
8664
9959
2164
6989
7786
4469
2901
4684
4789
7644
2645
4539
7950
2566
4982
3700
3697
1638
2154
7718
8826
9917
5342
5038
759
1654
4973
5808
7050
8779
8889
1312
4867
1305
3273
459
237
2632
1685
4230
9399
1961
9102
6119
2329
4532
879
4881
5067
6856
1711
2391
1779
7244
2624
2119
4790
9860
9284
8044
5577
9582
7033
7573
4308
733
5242
4857
2062
366
8484
143
5085
205
5625
7147
1628
3412
5531
5221
9877
274
6850
4895
4527
3350
9965
6027
1549
356
2470
8238
7231
6505
2237
1482
2822
7777
3101
443
3347
3898
9312
2359
6847
4246
7012
5126
4770
2270
5644
5110
5357
8006
6531
4103
5630
967
1731
4069
4487
3253
6317
8952
8631
3994
3788
2924
8342
3146
1881
4841
127
8195
3399
8554
5418
7699
500
5940
654
3478
2246
9562
916
9083
4943
2455
3016
2789
9603
3569
4125
1114
2674
364
272
9002
9221
9934
3470
8645
5652
6190
1764
5157
1208
1508
4915
7070
8557
3272
157
254
8075
9483
8079
8920
293
7551
7281
5462
7029
8979
9616
7017
6065
751
6697
8760
9976
7695
5829
6256
2744
8980
2549
7366
2895
9432
8434
5895
6820
5017
4905
1105
3025
4320
9785
6581
5533
9833
650
7742
7145
6966
8015
1052
4603
6872
6578
8754
9262
8688
1460
3119
8400
2472
9173
6266
3136
2269
9885
3921
3576
2322
5333
2529
5699
7149
4600
5061
1550
6078
9164
467
6801
6071
2417
623
2722
8264
7223
376
7942
7365
1162
4748
1537
2461
3706
5403
4794
1541
5159
2217
9411
7798
7034
9927
9825
2651
1841
3143
6674
1933
9662
5509
4828
8144
181
7042
4577
1179
7254
4127
1289
9716
5791
9169
6710
8497
2203
2982
3054
8025
4483
9838
7170
3768
8158
18
1968
1181
5707
2859
2150
2739
7347
1430
4406
1373
3375
2132
2576
7522
7576
8757
7489
5104
9531
5561
2400
2480
4493
9979
8587
1063
4557
4956
7731
8655
5720
2111
621
1495
8247
946
2169
6104
427
1869
7353
8888
4544
5898
2327
5910
5854
5679
3753
8448
4076
84
1697
3689
3501
5354
1842
7885
2659
4747
7389
8935
4567
5014
8574
7318
3843
2755
2849
8908
1634
1156
2585
6116
9684
1259
4325
5258
7963
5551
2784
4727
8624
4092
4385
3786
3390
7455
7604
3186
4726
4024
3479
2869
7207
4316
7941
2761
457
9258
7951
9936
6877
4678
6123
2584
3989
3589
3210
2987
9233
3500
8767
9865
6062
1518
9299
310
3622
5835
5065
7769
6518
5458
1663
6735
8860
2866
5838
5119
303
1737
8183
5591
9486
1320
4334
5368
1595
337
1278
298
966
771
9725
4000
4795
2464
8873
5716
8294
2210
4753
7884
2198
3255
9705
7882
6126
6359
58
9681
9846
6984
4135
1016
1229
8265
7977
331
8824
8654
2058
1132
2369
3578
9275
6379
2011
9218
718
8262
3309
4690
3987
8948
4620
6899
7684
6013
4934
9183
9206
3512
5370
2800
6728
8270
5288
1767
4307
5989
9901
8074
7815
9122
2225
4827
5056
180
5225
6288
8862
586
7380
5314
6488
7215
8335
2063
5837
8436
4157
6691
3175
8107
4901
3252
7773
3927
4029
9836
1327
3727
5676
8316
7312
9774
8515
5915
1840
9011
7978
3937
8155
5522
2139
301
7053
1436
2749
9396
8927
8232
3707
2176
5641
57
5341
7550
7586
8298
3387
472
5299
52
8983
3952
9545
9579
1316
6465
5853
8830
8524
3112
662
1750
5868
8219
6829
2797
7969
1919
5103
1793
5237
174
3179
9223
1220
4825
749
3075
9782
6763
7286
8402
9310
9010
8191
5053
9553
6128
5459
6185
340
257
7129
4284
4054
7371
5865
2017
1882
2429
1746
8106
1955
7907
5384
5239
2616
7733
2047
2266
7635
9635
2394
2916
764
8663
693
1252
4985
6279
7700
785
8697
4454
4270
5071
3646
4414
697
9629
6771
3959
4560
1885
4189
2097
5951
2538
277
9900
4886
8222
9255
7340
6997
326
8752
3671
809
3532
1276
8143
4492
2620
8821
5287
5987
899
4861
1564
3261
6122
3587
932
9196
9503
2308
2227
224
6082
4207
96
2978
7593
8995
8244
4855
4106
5670
3433
6113
2555
2643
9260
4659
1
2980
5984
804
592
7518
7200
3506
1560
2841
4846
4649
5198
2857
5690
2404
5660
1615
9165
5939
5336
703
5936
8443
1282
6061
609
8337
3887
701
5033
6091
8523
2142
8305
151
628
9656
9744
864
6237
9172
9986
4768
6111
73
1209
9081
8891
8800
8019
9073
6365
8777
2986
3664
1135
9892
9890
2588
926
4497
8656
3849
2772
6410
4792
8227
7325
768
2883
465
9955
5603
8205
9912
6009
1215
6600
528
7791
5525
8706
8540
9807
8292
7989
8820
1909
4999
7197
6974
4290
2708
7100
7260
7783
342
361
7298
438
7643
5797
4927
6942
8473
6559
6815
9754
6566
5619
9157
3513
5718
3201
8396
4834
993
5682
3665
5294
1679
5217
2141
8736
7062
2307
7805
9139
6232
6202
3410
4622
891
3271
187
8331
1732
566
2099
6507
6990
5913
4909
3215
2936
4719
1066
4310
1415
6589
2022
2635
3308
3247
8163
6417
3806
2803
9239
1915
594
1565
46
5382
6878
9933
1387
8770
9058
4050
302
9003
4939
6295
5230
8081
5186
111
9886
1364
3120
6754
8377
4992
3103
4656
2626
1579
5320
7961
2345
8228
1311
4852
1074
8703
4268
6230
1244
9776
5710
983
5281
8328
1575
841
2741
9789
1664
6310
5579
5164
4479
4970
7015
6720
7174
2357
5823
1406
4002
1102
1509
5606
3378
1134
1812
1529
9259
9319
4688
6853
3715
3317
9625
1164
3066
679
359
1169
2736
7547
2300
1451
6919
8199
2370
1217
3073
775
2655
8593
8051
1110
6118
462
3734
3219
7997
5635
1982
5154
1903
881
2908
6680
3650
7027
6384
1901
3039
9796
4612
543
1873
7202
5765
20
5006
7417
4652
6129
8615
1437
7421
3207
268
3135
3891
2995
6857
9468
7315
8975
9601
8156
6910
9024
5928
6561
177
1056
9693
5516
2214
9771
1675
7694
2804
8945
7527
2235
2591
9746
2828
7507
3331
5238
7160
1651
5927
5842
7991
8212
3556
4225
92
1173
8976
8686
2666
5858
1086
2994
5018
5687
9217
248
334
8474
3543
6240
8119
3017
9181
8166
9511
5658
7661
5554
1394
9888
8831
7739
2174
3379
4500
7064
6429
3038
4052
8775
307
1938
9591
2371
3106
6157
5884
6524
868
9327
3371
7877
8759
3242
8063
453
9405
5077
7534
9621
1921
2633
6648
4214
134
6952
1874
8701
3725
137
2385
8732
3250
5181
9366
3652
6602
5030
9756
3343
5772
1774
3992
9908
1091
1736
4772
5840
704
8521
3711
5775
6740
4786
4694
7780
2639
7330
4288
9340
9315
305
2075
730
8988
5049
5293
7361
793
7680
8906
8916
482
375
8330
2684
4844
5527
9063
2898
928
7368
5466
6029
7230
1897
7462
1113
3680
1627
8332
4303
5187
4619
2296
8385
7339
9231
714
8856
7923
7329
3540
2561
3014
4785
4251
6218
2644
1846
5422
4524
5343
2093
4904
393
6369
8828
5390
6985
6623
9452
372
9013
8870
1693
4983
7471
6388
3801
7375
5222
9818
3385
147
956
3200
3395
6502
8059
4378
5866
7308
3319
8869
2297
3632
4495
1858
3393
7162
9224
1616
7209
5708
893
479
5766
5963
4702
7376
1274
8886
4404
3456
6268
2853
3894
3546
968
5593
7176
9365
3015
7564
6515
4806
6686
3550
7597
6226
9642
3831
1738
9391
8267
1003
9769
7146
61
9644
4811
5528
8421
2187
2293
9035
3464
508
9117
5391
5816
2712
384
47
1098
6178
1863
8803
8493
2128
6641
8568
7905
4361
148
7299
7933
3881
1061
5055
5748
4335
2060
9092
596
1390
149
8291
4910
6650
8716
9016
8858
2618
9550
7726
6142
4700
1584
4463
9906
5633
6169
3853
9093
4219
8149
215
1039
6257
6246
5959
7828
9179
1762
6070
507
8000
2685
5319
8848
2236
2665
106
6370
3908
6961
4265
5124
5962
5066
2190
2612
3667
6238
437
2963
9477
6520
6423
8940
9958
3999
6743
8046
6100
6833
2476
5900
3681
4796
1177
1013
9938
4367
4648
7750
4146
7387
7613
287
8459
7744
8626
4360
6300
256
9012
5358
99
9535
2152
7890
7520
8108
4439
9882
1555
7674
7269
2922
7028
7538
130
6332
5338
2896
6577
9675
5778
694
876
4979
7592
3140
6193
1044
3694
5548
9388
1910
5192
7938
3027
2153
9989
9504
7341
449
3312
1884
4096
527
5332
5604
8683
498
5295
1852
1409
8272
4220
6138
7629
866
3516
7574
3923
7342
8966
6567
3158
914
8124
4623
2638
4856
1263
7372
2890
1500
2623
5784
5004
7307
3813
1633
2637
7497
3191
9715
5762
8384
3950
6599
8727
9710
6094
8065
5092
8479
7106
3726
2120
3690
6432
6083
6677
7379
8197
922
6693
8745
7458
537
670
2314
752
5626
6015
9191
521
5803
401
6988
1308
5210
666
197
8660
6248
5665
7847
2497
6668
3064
2992
7030
1469
8213
28
1828
3979
419
3180
6463
7099
416
9402
1571
3504
7263
5265
7310
1204
1269
2608
4635
8696
1531
9949
3349
2514
6562
5564
3642
9719
4347
2121
6732
2232
2589
2396
6817
6483
7052
7343
1700
54
2731
1145
5414
6994
7802
3970
1307
1907
2233
8641
368
3354
6911
4687
8461
3125
8371
9604
9446
5297
3428
6741
1493
7728
4149
2108
7533
9598
6811
3056
1087
1606
4929
1377
4095
770
5171
7397
8256
1769
6584
7484
1632
9141
4204
8743
3502
5362
7505
7313
9665
3041
6596
8769
5880
1645
2035
1558
3295
8010
3193
1026
7947
6011
9694
5393
8447
3287
5711
387
3747
369
3592
7268
4339
8753
8526
9703
2220
5935
3847
3427
6493
7741
2420
4959
1374
9547
7535
3424
4152
7894
1055
7502
6704
9660
4740
2649
686
3292
7956
8173
425
7565
9691
8973
2533
5078
5519
6144
7131
4604
5084
8480
9489
5675
5576
544
8502
102
9856
5446
1777
1310
4432
8215
5481
965
6500
2398
7799
5586
1187
5883
2354
5794
1067
3314
8903
2567
2872
5751
2479
3640
5742
2560
162
5407
4647
7082
7846
7494
3322
1604
6590
774
3517
1355
8805
2691
6001
3903
672
9961
3130
3686
6947
7238
9520
5729
741
4317
2414
4190
1499
8892
7398
547
7350
2045
6661
3076
8606
5549
794
5524
4037
2764
4512
5310
955
9698
3624
4460
8358
6959
3829
7071
8062
4677
4995
8796
8039
7165
839
1433
2282
981
7400
4247
2491
3805
38
8616
8788
580
8145
9431
1198
6165
14
1985
6660
2913
7736
962
9697
1489
4298
3679
3657
8468
6294
8231
3276
1326
5243
5052
2578
7434
8845
3003
3736
9074
608
5698
5860
1942
8123
1306
9386
4036
2839
7917
3852
11
2054
259
8815
5437
2247
8362
7932
665
2906
772
7141
8885
4099
4607
1757
8639
5855
2149
1071
4897
3454
6897
9178
2713
5779
5394
3761
896
9803
4486
2856
6571
2416
1652
5483
8947
1562
3034
8797
8575
7840
6404
9023
3733
3229
6353
7357
5373
3172
6016
4715
35
5224
9298
2619
1227
4164
9879
4041
2808
2760
3280
8216
6940
4396
6538
9676
1011
9478
8498
8487
874
1916
3021
5505
8370
95
9317
7880
9176
5636
2451
4705
3168
6247
5841
9419
5807
6723
5262
2431
2854
9919
4996
3127
8492
8102
8839
545
2249
5406
6638
6147
2380
1859
1743
761
2430
7206
8200
2557
1917
9830
9182
4192
2891
4533
1046
7336
9368
7631
6605
163
3362
7717
91
9874
9619
3858
7973
8482
1037
7468
9422
918
6041
581
6188
51
4234
8257
4507
1159
7103
9163
1391
5889
4833
3876
5756
4261
5697
1920
3469
2687
3357
138
6595
8012
7500
8085
209
9171
4421
9637
4249
4040
5917
4384
7032
7273
4340
7303
8147
9706
5158
671
8042
5263
6705
6816
7663
7537
9437
4572
9802
8608
5118
9806
6922
7725
3218
583
8946
8491
7179
4523
5553
3879
1298
1096
2068
560
2170
9414
745
2161
7919
3184
9350
8729
8734
5897
6692
2976
325
9108
4829
1111
7102
719
7621
823
9079
5583
55
1186
164
63
6965
2506
8647
9914
4199
9344
5000
2303
6737
6499
8495
8112
4914
1450
4286
3637
6181
5145
7435
3566
4484
6621
251
5730
5774
4446
201
4184
4166
2843
7843
4662
1344
2824
6006
767
2763
4778
2634
5879
1231
5478
6344
355
1848
616
7775
558
3591
6254
4243
1667
5892
2207
2110
2969
8737
3448
269
7986
664
3491
8977
9784
6888
2020
2952
1653
3659
6637
6387
8022
2503
2799
9996
4716
1323
6634
4028
1295
2752
3475
4941
6654
2811
869
8486
7906
3534
8644
744
5002
8148
9111
8914
3256
6342
640
5215
6143
4235
9573
2331
5777
6355
7225
3466
2101
5610
8812
6453
7025
8435
3684
6328
5447
977
7657
8239
7239
1228
4911
2770
8582
7664
5992
1941
7412
2545
3713
6457
7671
6747
5335
3945
5427
923
7960
1748
206
6594
5441
5096
4808
7994
7252
7295
24
677
6172
7074
244
2423
3793
9594
2193
6362
7431
6290
8751
6554
1389
6896
3251
4803
6412
313
843
402
4315
4918
233
530
5867
723
7181
680
7988
3781
4617
119
4391
6708
1832
8680
3928
5724
4381
2945
1853
4818
8904
3121
8378
2051
9465
5666
5323
548
7908
2597
7406
4513
5470
602
4293
9969
1176
2016
3268
3602
3617
4575
5653
5945
9978
4569
8758
3181
9177
7606
5377
980
1064
2801
3401
9326
9348
4485
6313
6564
6549
5468
6067
9852
2341
5465
7086
7415
9631
7549
9450
5015
2360
8214
7139
3062
2399
5472
8401
216
5143
228
3666
7762
9068
6802
6222
1199
7765
5728
4947
1605
8201
6491
9526
1438
1097
9586
5322
5474
6002
1895
7619
9534
2941
1401
4751
4506
3511
4248
573
1760
6585
8387
8566
7836
974
9332
7659
1546
3830
5367
4681
6296
1079
4449
2021
1666
1417
3910
2707
9652
2443
8233
5150
5979
8475
4111
7996
3482
6345
2959
2388
1050
3232
4638
5048
7954
7720
3865
2165
8836
578
1237
7987
8098
2716
8503
304
4737
5012
5097
8883
6390
1445
8043
5545
1505
9832
7735
9008
2265
4921
6867
3216
7413
720
9509
6592
8164
252
2471
1984
6152
3145
7639
2910
9945
7130
8489
8619
1047
9516
218
5232
2783
4782
6042
6215
120
6449
836
2652
7801
4078
3626
7931
4530
6555
8884
2271
4042
9904
8601
8982
9814
2280
4217
6462
4763
27
9578
7049
7271
3485
7464
7881
1870
7832
6413
1744
2330
4634
4553
7445
2090
1590
9659
8991
3536
1701
5400
1153
562
494
5870
3023
6366
6611
7532
7452
4522
8036
9428
9867
191
3297
1400
857
2751
1146
8531
584
7276
6208
6261
8097
6946
8833
538
8390
2548
4387
8139
8359
1099
9379
6445
9065
4555
2197
5334
6512
3104
1005
6818
688
6840
2492
245
5184
5667
3549
214
8306
2754
6854
3384
5100
7866
6339
991
5534
708
5016
30
7610
8509
3571
1226
5628
522
5253
2469
6826
7792
4955
2932
9799
6459
3157
1937
7895
8816
7117
203
1770
5340
1557
7630
6865
5988
4838
3033
6568
6604
1170
7297
4279
7624
4083
7114
1830
253
2807
3471
2781
2003
5851
9416
5686
4058
4519
4616
3798
2753
4908
6863
9633
5043
1035
819
4579
2422
1891
1324
6260
1510
2570
198
4178
9721
6652
4821
9054
9497
9733
8204
8852
145
3334
3144
15
6918
8007
622
8288
6987
6461
9097
2381
7922
698
3608
1514
9228
6610
4172
6689
7498
9496
3731
9783
80
5271
6915
1691
7002
8620
5135
3434
283
8355
842
8850
1601
493
2993
5348
3498
9043
3074
5231
2038
5202
1392
9614
5599
2034
4098
1796
8323
6085
7667
6558
8520
4374
2052
1981
4933
9301
7159
5973
3002
5364
4608
4732
7194
3630
9285
7218
318
7337
3046
3
9025
1745
1574
2105
4552
3712
8446
9180
3109
4306
3192
9809
7198
7394
2305
5148
1010
4548
6018
8792
6492
6894
4801
5582
5929
9847
6945
420
3221
9381
7638
8076
8066
6131
6372
3090
6367
3838
8349
3208
598
1393
5120
605
5216
9881
894
8658
4362
4498
634
9793
9390
4259
4986
8346
7068
1815
7370
1060
750
221
167
6738
5070
9752
1950
2540
985
2572
8625
9129
6234
3833
8086
8100
4357
1756
1511
8314
2790
5072
3291
8303
9992
2151
8781
6
300
3920
1934
431
1402
5211
3729
7716
3963
6701
815
9199
3754
9015
4654
1247
9980
3293
7224
3618
6519
2847
8048
2673
8393
284
4680
4226
3965
2160
350
817
1569
821
2835
6351
2030
8140
4529
8854
3008
1292
5463
5680
6666
172
9873
3942
3957
6135
5655
1225
398
8726
9990
9487
7253
9530
3060
6374
2871
799
5543
7476
2881
1913
8719
1452
421
5486
6132
2387
7072
7652
8917
1155
1408
89
7220
690
554
8691
5640
9269
4774
588
5469
8642
2662
8339
641
456
1283
8034
8389
9828
4510
9517
7927
8859
1342
9554
2876
212
2279
514
4108
8457
6983
9600
8060
9461
5436
1449
871
6338
8223
5876
1029
4758
5673
4743
2434
7719
5712
2575
9387
7759
5821
8581
542
9740
5303
433
2206
6244
7280
5146
6569
3182
5475
6077
5517
9240
3373
2607
1976
523
4644
4976
8001
1466
8133
6033
7395
2926
935
6627
4565
1894
9829
7354
2346
1816
7409
8584
8801
940
5213
6975
7221
7940
5631
5151
5170
1232
1733
7704
9030
9834
6080
3674
9788
3446
3107
5615
67
7727
2256
8617
6395
3777
7665
1427
1813
4576
1839
3568
5203
4628
4968
9445
5789
3804
9714
6981
8154
5674
4139
8924
9453
9831
2758
5029
3539
9742
8182
6560
6219
6405
9840
9837
1740
5179
7722
1444
1367
4090
176
5982
743
74
8560
4863
8513
9707
8407
4693
4122
3278
4813
3225
2446
9158
2364
2023
3400
1371
8569
5735
5911
4158
8710
1351
6573
3114
7250
4467
2264
3236
740
4291
8263
4703
652
1776
2188
755
7571
6597
3820
3358
4132
3367
8773
4441
7596
9518
859
9568
8444
3634
8562
4783
1334
4223
8356
8536
8896
477
3993
6607
9394
8931
1478
7943
3688
6022
280
2485
9794
1696
6883
6846
9089
8117
2586
6830
8135
1262
4784
5142
6409
533
9186
8021
3409
1843
700
7618
4364
39
9960
9857
8921
5760
9234
8538
5685
7290
8723
4598
2569
838
1857
9410
3085
1297
1051
4296
7150
1193
7541
7517
6072
8795
1250
4885
5834
1474
2912
6900
1861
8411
9808
8458
490
858
5782
7685
7010
5300
7022
9415
3783
862
7188
4175
9367
9197
1765
944
9770
5257
2089
4115
3325
2010
1032
6252
1723
9230
8771
4961
3171
6421
4641
434
2937
6272
9854
7738
5504
6324
3675
2080
9841
3345
945
1526
5013
3575
2287
3284
6760
8416
870
2879
3149
6469
8963
2433
3581
9238
6497
349
5433
579
3489
7121
3647
3551
1783
1447
4425
7653
5769
5925
9844
2563
791
8640
9041
308
3864
8
9113
460
2123
4640
7026
2782
4547
1222
3356
9471
4800
2519
1989
2292
9250
9855
9476
4232
7495
3389
9203
4420
3988
9674
7526
6707
9336
620
9187
9606
7732
6977
556
3165
242
2759
82
2565
9688
2939
8603
9055
5560
4875
1763
7047
6798
86
6503
49
7607
4714
6657
986
7278
3300
9119
4842
5042
9256
4312
9022
1468
1991
5664
6428
3822
9398
8120
4459
8351
7154
5801
4049
6812
765
3503
1446
1410
3611
1741
6588
7998
8096
934
7516
9372
3558
5245
2462
9895
4280
3339
2544
3976
8121
7076
6685
8069
6782
6010
1246
8470
3842
6778
4541
3380
9875
2793
4862
7559
6498
8545
7971
4624
5947
4034
8420
2606
6397
4843
4964
7135
3508
5464
510
9898
1954
3131
2710
5324
4304
470
2467
8744
1456
4370
258
5201
4537
6903
1802
1158
2079
6000
9589
2640
1118
1592
213
6547
7724
2267
675
5570
5139
9704
9283
8217
6646
9341
882
9723
8354
1717
3370
481
7419
1361
5719
2113
4067
7101
6886
9106
8602
8810
2542
3230
3627
1480
5040
1183
5088
7338
501
3636
8258
1626
7608
5337
5864
1317
7676
4410
4187
5050
9134
1423
5995
5280
3113
126
1597
8501
9920
3495
5750
2372
2204
6855
3907
8281
9059
5713
3774
1258
5815
9044
476
5361
5573
183
4724
5609
3946
9981
8950
8126
9441
8865
7891
4430
260
6327
5485
6494
2904
6579
7641
4894
8095
2127
6721
3026
7001
4174
8887
540
5574
7589
9558
8109
7248
1322
7686
3845
9193
9762
154
5112
4311
182
738
7266
2318
6109
7920
2831
8052
4337
4064
4262
4473
6895
4563
3047
8573
4987
2312
1674
2231
4462
1844
6140
1281
4177
7178
9216
8179
7668
7820
6836
6884
8857
4044
3324
2004
8080
6796
2182
6522
5737
1792
9502
4643
9484
4571
3118
7636
9393
9287
9623
3607
7429
7752
2892
4511
7282
3244
7753
3147
7461
7850
417
8397
358
2550
2931
9354
2449
6486
7094
5648
4764
1266
4722
3765
8682
9434
8665
9648
5530
6037
9304
473
9148
3275
7737
3159
2251
6593
8347
5133
8806
439
3302
32
970
8750
319
5920
9923
5908
524
9864
3408
7514
2852
6278
7616
3124
7566
5471
1867
8282
5961
1519
2208
9356
1800
1472
3096
2032
1431
6207
1182
141
4309
8715
833
9100
4450
7124
6075
948
5046
461
9640
9575
4105
972
9190
3481
3249
758
7928
7442
7480
8717
5997
1090
9717
5047
175
4668
4212
8546
3307
1876
7189
667
5355
885
9384
8313
3189
2701
2842
5349
4147
2823
2745
6074
734
5562
1271
5223
8386
6281
6282
4932
208
3199
1648
9204
3692
9442
2833
2683
7144
8011
2353
9403
1922
8381
6293
9853
3824
4706
4350
9778
1192
8290
4200
1147
5405
2925
5395
5944
5270
7212
4031
1301
9985
8565
4756
7937
9036
6580
6063
7466
2074
2629
3938
9787
7506
8174
7755
8944
3695
9975
5863
3263
1681
2050
1137
3241
7871
3277
908
9781
79
5830
4865
3381
4126
2412
8211
2766
6901
8252
3174
4515
3967
6308
1730
170
3757
7364
4009
386
2367
7703
5477
8153
4581
1692
8172
6755
5595
1313
3619
5379
2870
6381
8571
6509
2579
1197
292
6411
8132
7116
486
3098
4208
3001
7427
9868
8567
9735
6309
3633
5167
1398
637
2226
4752
1214
3178
5861
9189
7388
6427
2500
5912
5688
5031
5977
5365
503
1022
234
4535
1728
5315
2419
4946
4675
7332
4679
4810
8583
4456
4853
3749
2613
6769
2991
7127
1205
196
7408
5957
7040
1538
7814
4788
160
9666
3476
3079
7598
2321
6696
651
5506
1979
4124
9546
8814
7399
217
9295
2848
555
4920
6791
8511
5086
6954
1925
70
957
7396
5645
4294
1678
4586
4542
9512
8700
6267
9998
3443
6757
9548
4237
546
8544
6681
2977
5924
3735
29
3567
480
2041
8517
8905
9682
8488
661
5036
4645
1610
5672
1467
7217
4981
9167
9618
7363
7240
6245
6663
3559
8586
4276
852
5825
1119
7734
6938
3266
1347
8476
5930
6466
6528
4816
5732
1672
7051
6862
2415
6780
9884
691
8994
9351
5754
8585
8685
978
2454
820
6105
6797
5761
1082
1288
5027
9251
6958
139
1293
1566
4305
6175
4383
5268
2903
8741
4390
8761
9529
4864
492
8949
2696
6054
4798
1676
7929
6478
6243
742
569
6832
9677
3286
347
9728
3949
5115
5380
7018
2435
9922
3445
7058
9361
3886
6718
0
4150
3087
3924
8835
3405
2155
5970
6625
6734
6574
6753
9219
3958
3226
1425
9293
1521
6808
1309
3204
1520
9866
6117
1325
1383
3545
726
3521
8206
3739
6716
1782
1094
9944
2791
5351
4948
5662
4761
8478
9279
3800
7093
7105
1172
854
2186
7229
2556
1998
7632
3058
3422
2340
2593
1971
5195
2375
3442
9364
2819
7045
4799
5182
133
9241
4718
8225
6556
2299
1866
3645
3372
960
2546
9819
2081
8579
6764
2948
1357
1440
1784
8863
7306
1065
3557
1426
3080
6024
4287
6541
7456
7261
6837
5721
5081
5906
4442
4611
7835
9001
7444
6647
4273
3452
8341
3155
721
8367
2682
1171
635
2610
1429
4412
3954
5058
4697
9611
1300
1194
6406
3701
8180
8992
5307
114
1238
8379
2213
4558
9613
5156
7707
3899
8823
8130
5580
3926
1049
7446
8785
9362
512
5677
8938
7796
5121
1275
5602
7433
9375
4766
3515
7936
8018
624
2374
6767
9202
9090
7645
6206
1459
9755
8454
1572
6251
2935
7107
225
8429
2840
6258
2452
2361
2183
3413
9871
5824
9701
4399
1321
4585
2621
9902
2657
8519
281
7874
2002
6052
5678
4938
7875
6287
3836
3050
1906
9214
9087
335
4318
6304
1534
6153
8235
2260
9232
444
1914
8818
1694
2200
1369
2653
8198
2194
7669
8432
3672
3799
6170
6866
9337
8300
7776
9272
2363
4382
2498
140
8594
9105
1951
4183
2919
1786
5453
7467
3065
6273
2162
4599
8999
7
1956
6174
8506
6291
3069
5312
6198
7016
7136
6402
4670
9126
607
1791
8040
1304
1670
7886
9670
2508
3486
5547
5122
4377
788
2490
2134
3153
1058
7092
9070
9964
7142
822
1662
5727
3678
76
2802
1594
3429
12
6698
5169
1602
100
4001
7201
360
5689
4140
3129
5843
3520
1551
6214
6302
4120
4019
6199
6422
9599
8510
5500
5550
2670
3837
8162
6068
919
3093
2914
411
2148
3722
2140
954
4924
9019
1471
6414
1661
194
1753
964
3150
1009
4213
2676
1908
7822
7005
5227
5715
6276
6441
7673
9061
451
4954
6924
3036
4660
3426
3933
9539
9525
7069
7876
6943
3597
1515
1912
8055
5795
7588
6224
3011
1339
7715
7236
1795
9455
6048
4153
8514
4793
4849
7470
9563
7157
6906
6714
709
7560
1242
9893
4033
4047
6183
9557
4229
8837
8643
702
178
929
7109
1805
2039
1722
348
587
5510
1758
8450
7595
3984
192
8628
6835
1577
6615
66
9210
9732
1712
2746
2333
491
6130
4194
8202
1103
1778
1002
812
5725
6844
8844
9876
4171
577
9222
7572
3914
5190
2477
1524
739
9229
3063
1822
9150
2362
4972
6902
2109
8875
7763
2820
5757
2184
5125
5608
5526
2043
1106
6533
6678
3529
2887
3860
8673
8343
2163
6451
4023
6079
2082
9425
2290
1184
1996
3437
1081
5326
6060
115
9244
853
5885
4053
6534
4085
2642
266
88
7804
784
5552
1585
5461
6794
1072
4319
4657
5937
3282
7037
5174
3257
8895
2909
2146
8937
4328
7970
2352
1428
9668
1354
2558
1388
7256
6187
1413
8083
3628
3195
1290
7867
1821
4205
7183
1927
7903
4699
9095
6765
1617
9107
4516
5235
7418
8469
3214
3590
6516
9937
9418
3911
1680
7216
5740
5881
2776
6161
5918
3795
2026
7646
81
3660
2348
4997
3316
9538
8189
3895
5417
316
8348
7812
5859
6408
4962
484
8555
5623
9708
3704
920
103
5285
7060
7317
2342
6055
1665
3983
689
1432
3279
6107
1486
8985
9094
1945
606
6639
4791
8987
3531
263
9669
246
2667
5277
2301
3782
8167
6882
949
4554
2830
4710
3614
4395
619
4651
9581
243
2486
8284
6800
4682
5817
1695
485
1331
2076
3040
374
132
4925
3202
4739
3732
3797
763
6326
5901
4130
9053
8762
2880
4745
6253
6726
848
2156
7623
6407
128
8735
912
1931
7916
4775
135
2734
8418
6380
2773
8804
6073
2057
7896
6786
5366
4452
6775
7863
3274
2049
1023
6565
6346
4587
1336
2981
7568
4900
2971
1613
1042
5327
4209
3872
5985
7944
5105
4839
7243
7893
8790
5152
222
9192
2230
9397
8312
6283
7774
7748
1893
1963
7552
2505
9006
7324
2641
7232
3421
8185
3784
9454
802
1380
2863
9101
9145
1837
8283
8456
9407
8289
5773
8110
3177
8259
9311
6134
1567
959
6051
3851
6306
2126
6601
8576
7257
6933
1494
984
1348
4494
5147
7558
1441
5783
7020
6931
6168
5387
2323
5722
849
3625
1838
4831
8699
9000
8851
4518
8543
9020
3453
5836
8783
1248
5891
2695
2171
8275
975
1167
6403
1622
219
6790
9541
7023
9765
728
3213
3975
4584
125
7327
5862
9152
5200
8679
2125
3718
9686
6315
8802
4582
8633
1251
3901
1025
7690
9792
1522
1319
7612
909
8861
2339
5600
8207
4779
9220
1798
7962
7118
59
3196
7939
8417
8630
97
9184
3832
9592
571
497
8629
673
6783
6535
505
8813
7166
6929
9537
1128
9767
9236
9377
3841
8428
442
2298
4866
9709
4282
2902
5057
8922
6030
8103
7214
7084
1201
6007
9302
5567
2315
211
7374
3006
7407
4757
1384
4556
7921
2137
6242
7575
5627
7766
6635
405
306
4945
8618
1959
1216
3570
795
2511
5409
1014
1704
7851
2846
2131
2706
8652
6204
6748
5138
778
6619
2496
3005
5305
7787
436
9572
827
6114
3067
1962
6331
1125
3819
6956
5073
5197
124
2574
7096
1033
7930
832
6993
559
8968
9953
2699
3176
3398
4457
6904
5426
1088
9072
7003
1161
5009
3518
2189
2324
5069
236
2915
1481
3929
8787
1333
1868
4633
8033
1045
6166
13
4271
696
3769
4313
8372
2223
5212
8014
8598
731
2447
1476
447
3366
94
6828
4012
3439
3460
6196
3956
3878
5542
7702
5923
5289
279
4016
7185
3156
2390
5385
165
8599
4890
2094
6136
4332
227
2259
5439
6049
2794
4721
1180
3472
7191
9683
4566
3468
6912
391
9561
790
9736
7975
1212
2973
7852
5585
3480
3055
1273
9559
2954
5467
152
2336
8834
8595
7544
6951
911
8327
5398
1036
6264
5743
3752
3303
5572
1825
9042
8067
4546
7556
6992
3721
1068
2520
3166
8507
4615
3340
6742
6358
6709
395
1168
4653
3696
753
8026
2617
2756
9905
8483
3676
2421
2104
9121
906
8376
8142
4003
8690
9314
1453
5758
9729
185
7345
724
8322
6286
7351
6255
5958
1636
7634
7035
2350
7826
979
7063
7712
9051
7393
9064
8318
5089
9889
5926
8266
2295
9021
188
2413
3425
4356
5298
8998
3564
3629
7705
9543
8307
5374
6106
3961
9966
9786
3574
7128
3397
7300
3791
5109
1496
2979
5415
5205
9091
1315
3738
2513
9991
4669
5083
9663
3167
3465
7557
7622
9851
509
8827
5276
4408
4957
824
8481
4080
7972
828
9027
1780
9404
5954
9566
1799
7581
7077
2862
1620
3724
3896
1659
6003
396
8607
4872
2609
6781
9843
9498
2943
8958
6809
7794
1117
3361
8578
4018
6087
9963
1898
1904
8849
6023
4155
3763
4072
9971
323
3779
3762
2379
9745
329
9779
4632
7453
8866
6725
8404
8471
6659
6335
37
2274
1241
9247
5428
6761
2999
7203
8915
499
3161
8310
9941
4363
1314
7110
2688
4667
6861
6628
2409
3839
4899
4283
3197
1365
2332
617
333
7948
87
5974
9915
3190
7842
8017
317
9811
6521
3298
1548
7078
1267
2583
4709
9320
2748
3348
1593
5671
3342
9118
4930
1973
7964
1862
3867
905
4742
4665
6852
2012
8739
2222
2115
5799
600
9004
2809
5172
3639
5352
5555
3377
6822
9720
6670
408
7255
8122
6203
6225
1038
5079
2117
9369
4559
7615
851
2066
2024
927
4549
5745
7693
9685
4438
7878
5955
825
3086
3203
7066
2347
2014
552
3728
7957
1501
3053
1101
6444
7439
3116
2970
1766
1817
6552
7529
7540
8410
7349
2920
6624
6544
1556
8932
4014
1516
5646
8786
4094
8334
4129
3885
6415
2768
6762
1629
2335
4167
6821
5657
7578
4025
9154
963
1503
8670
2258
1547
8161
2358
2001
6212
3595
4331
9987
4601
937
7292
9643
3420
8687
1918
1735
4804
6914
4738
2689
1424
8748
9494
5054
2654
3024
3844
2092
9595
585
9078
2516
7123
6905
3406
9948
5302
1754
3051
746
3496
2532
6548
9657
6398
4121
6631
8273
2526
7438
6543
1189
4458
1349
6231
6609
3463
611
7509
7721
953
7009
9009
6841
8295
2118
1587
6361
4602
6396
9513
273
4707
6036
5890
6995
9292
6806
1422
3341
9689
1358
7402
8365
5731
5111
7990
1972
3977
9062
3796
1360
7757
2965
4407
6490
4531
5810
1210
2825
1751
856
3807
6576
6349
8261
1196
660
6514
3494
5776
7344
9928
5501
9270
1370
5800
7190
9910
5286
1845
7038
5114
2664
424
5788
1578
643
2703
880
2100
5444
4809
6626
4952
9080
8541
1163
5747
8041
8136
706
3808
6608
9026
5209
5643
112
321
2929
1889
5130
2719
4445
6201
8684
2806
3771
8832
4278
4528
6092
36
6099
3028
4689
1668
1203
110
7609
6171
3857
7385
7405
1243
7161
4162
9580
6101
5206
7294
9306
9433
8438
1836
8900
9380
4238
3477
1017
464
725
5587
1775
7422
3403
4590
1851
9491
3007
9188
5037
9005
8549
1439
8572
7926
5802
2377
1104
8279
7857
1582
1213
3580
7115
7824
9607
6180
8721
5128
5487
6881
639
7108
844
232
4993
4321
6090
884
8711
4639
4741
8319
4606
4595
8929
7859
8087
1923
4464
1706
9780
1448
9673
8843
4805
3764
4403
9318
45
2864
7981
8178
4295
4242
8146
6982
7530
5396
5255
4257
9700
388
2158
495
1284
2473
9667
1545
887
1854
1581
3560
4594
8993
8651
8176
4256
1332
2262
1658
2743
9385
9408
1624
9801
801
136
6480
7658
519
6393
4427
7420
6320
1219
3870
1856
517
4573
7264
9195
4038
6371
4471
532
7825
6350
8361
7853
3658
8589
4491
2356
4323
6467
2953
4975
2934
8093
3778
5023
1808
6108
3888
713
9162
1512
3327
5999
2257
3473
2216
8375
2268
7120
9751
7831
837
3922
2861
7085
367
5259
9499
1539
8552
7806
996
6364
373
4944
2732
5700
8784
339
625
7265
9759
1729
4562
2426
2805
632
8776
1338
8054
2460
6028
9460
1977
4417
4241
5249
7055
4731
4836
6450
235
3613
6935
5532
2366
2599
7122
8009
4110
7186
9436
8720
638
7655
2224
6038
8533
1603
2718
797
9997
4723
3606
8864
7404
4937
7169
8427
9973
6319
142
8113
1773
8425
1833
9722
6907
7335
3828
1964
3810
9161
3323
4676
2294
399
695
2319
1879
9734
9423
9848
3235
3431
8707
2996
327
8157
6314
3902
2795
4163
5902
9918
6179
9343
534
2395
8394
8964
9826
8768
1138
5993
7758
3848
4061
4285
3091
6333
7175
2580
692
3609
5127
8260
1491
773
6978
1507
7378
6758
7251
7287
4820
5996
4433
5132
8714
7048
4534
5026
4203
9687
8406
4216
5316
4540
2036
7182
4227
4597
463
8399
3490
8094
6733
1875
8114
3892
5275
6712
8981
85
8649
1141
7095
6967
7982
6057
7756
4470
4413
4971
8782
2392
8345
1154
2489
9962
3519
2008
737
1443
8224
6683
9950
7521
9925
5244
4499
418
6986
2907
3000
7553
3572
8105
6649
2581
4353
4695
7844
8926
48
1952
4521
2088
6303
9552
5005
2858
2983
1544
8287
4837
3160
7352
5376
5177
8363
663
7647
1434
7441
1999
3059
3081
1175
7677
7837
9153
159
2726
1151
6401
861
6873
9564
4926
8634
6810
8933
9930
5411
4902
9149
7955
3509
1462
3682
6360
3719
1790
7747
3169
4372
1967
7910
1995
3875
7784
4066
5888
261
7554
353
7228
648
5515
6909
6777
496
267
7193
8657
6749
2700
8104
3083
6744
2602
9137
998
8241
6618
2484
6102
1993
2478
9695
2690
8431
4883
3670
2509
6383
7611
2882
4119
3855
7854
9136
1001
6925
7816
4169
6526
5546
5654
9942
582
3662
7426
5108
1669
4713
3049
2947
9039
10
2459
2785
7708
2129
1253
9968
5449
7305
9424
6186
5144
6908
6058
7447
2889
3638
5457
992
6926
1188
7642
7508
3392
2437
6629
951
2957
4817
207
3071
7262
5559
7472
276
2067
3484
7143
8764
9459
7090
5701
5381
1543
7481
5107
8604
760
8460
42
6941
3458
5691
575
7834
3173
4236
5975
2376
404
9252
1797
8876
4879
1809
6682
9112
570
3133
9731
3432
2440
1330
4514
9671
1381
9263
9766
3139
4953
8591
890
2675
3305
7227
4375
9718
9034
840
9845
8023
83
3905
8692
4736
8360
1599
1483
9018
9443
3211
1280
9632
1824
6495
2594
3265
7701
3402
1655
9544
4418
1864
3455
9655
2313
1386
2587
2661
8451
4840
3237
1234
7845
8528
9737
1568
2309
8210
878
6774
2521
9797
5431
123
4084
5074
6916
681
8605
3029
5946
3152
6223
8325
4673
6898
4734
7872
2072
6197
8064
5093
403
3584
2631
5948
5887
4136
3524
3953
2596
2942
898
4400
5972
633
931
2928
4161
6357
3533
1673
3981
2944
4812
5749
7104
1749
5022
4923
4765
6532
5413
5634
8426
1883
3863
4056
129
1085
4735
3743
5254
9359
3310
3850
2786
40
3032
1007
6814
1254
2964
875
9175
511
2779
4873
5598
2181
9620
8236
7249
1850
9488
5850
5318
7709
9243
6149
3931
9303
3693
2288
6487
4477
5274
1265
8415
4376
8989
6473
5818
8789
2343
4980
9743
4035
2457
7697
9560
6378
2205
2241
9590
5166
888
3488
4591
5214
3138
5886
2729
3267
7713
7021
7856
2537
8005
8516
1260
3360
441
9207
5874
1296
6289
2704
9050
1144
6454
4580
2018
4822
1004
8440
2275
6715
7075
380
3588
9131
8118
3243
390
563
9913
1618
8171
4545
3404
6665
8138
6676
2740
1485
400
3741
8057
5814
1969
6382
976
4267
9128
2019
5991
4435
7301
8765
8141
371
4888
487
6020
9827
5412
9995
8809
2878
9329
2135
9205
3077
1019
615
5062
2218
9872
3968
6784
5448
1523
8705
6932
3817
4068
5091
3935
9849
6864
9045
2015
5404
6879
716
3457
1133
4043
5584
6163
1525
2136
3289
7410
9456
5044
2539
6824
9641
5931
7423
1028
5739
8955
3740
3982
9088
933
3304
1948
2025
3044
5952
7992
1285
3709
8226
8462
7710
8563
7640
7995
2328
2199
6969
4807
8778
6542
539
9069
1827
6546
3258
4730
4858
3655
6617
3631
2595
2482
2191
4299
2694
9970
2463
6703
3751
9974
7304
2424
1709
1012
5960
3563
5873
2368
2636
3577
171
549
8092
9467
264
1517
1190
7168
6759
863
989
3447
5529
6779
5998
2886
1200
8250
1362
3573
2185
1120
7993
3884
1207
2144
729
8996
3687
9440
4055
1185
1218
2950
3773
9795
3776
5488
4951
8186
7134
9773
9060
6137
220
4254
4903
2668
1759
9894
7723
5933
179
9983
7098
9956
1533
3440
9429
6936
5909
6376
5020
6307
2351
3137
6014
3031
193
3270
2787
7391
231
9120
8170
6702
8175
3415
9577
454
4746
5425
4013
6426
6622
5194
3388
642
5163
8053
5116
3537
9395
7582
3772
1152
7746
3391
2686
4379
9096
3269
1650
338
9903
6875
7838
1935
7496
7199
2240
1561
7570
1755
8115
4275
9421
6656
6262
6343
2286
780
1080
288
31
7424
4935
4081
5344
8529
1279
7745
6717
1997
3313
4073
644
8912
6736
8638
3785
2179
9439
2078
5575
8373
1892
2465
1463
3338
6151
2130
6706
4621
7870
2796
9155
2107
7334
3288
6843
8405
2762
4551
5460
5003
3057
2721
6525
3744
3438
2590
5236
7089
4826
6859
4478
4984
4928
3710
7515
2028
4045
412
8722
9636
5153
8704
6517
9047
3593
2009
699
2777
3163
75
5283
8978
4526
7543
3097
9939
2531
8030
8082
8819
3699
4429
5189
2530
1899
1724
7899
5827
7210
3042
1535
4006
8822
2253
597
2949
6425
3418
8678
3978
146
9267
9208
9345
9909
6869
5228
8766
9653
2742
9330
8220
4423
8002
7073
285
6154
7008
9777
6391
7810
3821
1403
9650
2582
6050
5767
629
5389
144
5479
1302
1781
4869
631
50
3940
3823
1929
762
1619
7829
6468
6563
5857
2821
9749
5780
265
5922
2177
2625
7014
4240
9532
8867
9280
2083
2600
1000
3653
2229
3043
7322
7279
1639
9907
8561
7912
4182
5165
1157
3615
5503
921
9957
1404
489
5306
8961
2884
2481
3526
6305
1698
6103
4476
5964
4392
315
9738
1416
249
6173
3980
3874
1794
8412
1886
7797
5669
529
7911
9583
6968
5095
3009
2173
1240
9994
1490
8382
5596
9804
8125
4596
2733
1488
5260
1742
806
1974
5569
7004
8032
5137
2535
108
7289
7901
1721
6745
6848
877
7827
6839
4683
901
1849
7056
8091
4994
1609
9672
4629
9430
2611
3419
4051
8134
682
2458
1421
6642
7590
8304
5416
7493
5956
5076
226
4057
190
5292
7681
6687
121
3964
8194
4631
9339
5429
1787
9371
7088
7980
6582
8522
5402
9246
3205
7259
5080
1789
9470
8967
1236
2192
7542
4342
5820
9185
8570
7999
1008
9862
7293
2894
6095
5535
1684
6479
9357
2112
3407
8414
8798
3985
2102
3035
6340
9569
5916
1077
1771
9268
9347
9921
4733
1930
3290
6971
6220
9798
4422
8045
1299
4797
4351
2219
2114
5010
7860
6980
3092
1256
6434
1018
1847
2603
1346
2577
1257
3936
658
9878
2373
6045
7132
8221
2660
1076
8128
8791
2867
1887
5269
8398
9274
7654
2061
4967
6141
2263
2829
7656
917
3811
2442
2397
5207
9584
1223
9133
7477
6455
3986
9215
2168
6472
4965
1788
7440
4020
7817
6043
7119
1588
7316
9692
4489
483
2998
1819
7897
5011
2921
9198
7285
7246
6501
9536
7233
7291
6688
7887
4969
2723
6653
7562
4870
5894
7959
1069
7813
6845
2728
5638
3522
829
2551
7594
5637
1637
5284
9
7839
2252
1149
8276
4048
3756
3260
5035
1412
9490
6438
3493
2278
8465
6399
9521
9608
9449
8274
5359
7915
9617
8380
7858
6160
589
1865
8564
7979
2524
8807
4228
9823
6127
8101
3411
997
23
7272
289
3246
2228
4884
6825
3544
3916
4206
6880
6724
3599
7140
3720
4424
1350
8532
4891
705
9417
3108
7637
6792
3677
553
2261
610
9383
8099
9696
9213
4402
5723
8230
9309
6991
116
2727
8430
3767
5849
8525
8611
2086
8127
6097
2974
4725
2255
6964
5812
8031
4326
4133
1803
9472
2714
1239
5401
8463
3095
6953
5098
6325
7584
5706
2349
6553
8951
9816
8388
6923
5594
1992
2250
5581
6485
717
9790
9409
1752
7386
7219
7591
9896
4848
229
7900
271
8073
8969
4536
5786
4059
2468
735
9166
4936
2598
6419
5408
3877
6662
7519
5755
1277
5141
6182
779
9138
1270
8930
8329
7314
938
8315
1464
4060
6440
5317
2317
8675
3648
8960
9870
2248
1382
676
6271
3285
407
7288
599
1041
655
4074
6476
7778
5793
8466
3854
7355
5639
7245
199
6416
9999
593
8111
6658
6145
7670
2798
4692
346
6788
448
3966
6667
5
1230
8251
3917
5498
1255
3100
7976
6176
8317
3396
7054
3612
3369
4878
4112
9646
1405
4578
3321
3941
344
4089
8152
3326
9747
9479
7888
2005
2813
8959
9426
5176
153
8419
5978
468
71
7432
6167
5313
4210
4845
925
4017
7770
8374
7460
1928
4142
1932
2658
6957
1902
7309
818
2512
2554
3441
5308
4823
5264
5629
5846
9947
6209
3417
9741
9462
8621
8078
4436
104
5813
4354
6121
5321
3514
5903
2166
6976
4336
8285
4004
9151
309
343
1936
3962
813
4814
1487
3661
2528
3643
9750
5392
2337
7457
6849
2918
1714
7953
4880
2717
6334
7855
1647
9420
9212
6766
6998
6643
7333
3492
4180
7945
6586
9916
5028
656
3861
6860
155
4882
3061
5388
2832
7627
5905
5620
4564
2407
4409
1715
603
3423
557
3474
1455
3948
9130
7449
8556
2507
413
6227
4850
8668
4593
6158
5278
4874
3134
41
9447
4787
9815
7510
4502
990
7065
6785
2865
3889
4010
5149
5492
471
9458
5702
8577
3004
9549
8793
2851
7605
9300
4416
6005
2536
2365
9664
756
1341
1831
9457
6184
2967
9211
5703
2827
1623
4063
969
3561
5508
8882
2007
649
576
8424
6773
5950
915
531
7914
5512
715
5309
4168
5787
2747
7633
7492
4145
1644
5683
9057
4517
9278
6482
7428
8165
9225
8702
3188
3430
1070
2059
7985
6363
5590
4704
6458
4802
2291
2917
6523
4197
2095
9842
9519
9555
19
5434
7620
6400
3530
9630
1126
3450
9761
1540
2523
3505
202
8160
2044
7868
2056
4588
7678
1457
1826
394
2502
2678
3240
9085
4181
3971
7567
6545
6394
8297
3869
1359
4609
2040
1939
5397
1178
3547
4082
8490
6464
5647
5663
999
9850
3947
3868
4131
1089
8547
3972
7879
6684
9373
6155
8190
5325
6729
803
2448
455
561
6851
3283
1363
5771
8829
2215
8890
3600
6874
6446
1747
9679
7865
2325
811
6275
5938
7523
1699
4759
4658
1596
9567
4239
1860
16
7545
2517
6640
1570
8841
4159
3955
9086
4655
9333
808
4
2418
5805
8592
2000
6920
5001
8913
5489
4440
7967
291
3117
4141
6081
8874
5064
7771
5191
5896
9077
769
2444
4646
4266
4720
6418
9116
6999
2923
1461
6448
9810
2445
5445
341
362
781
4196
9861
8518
6871
8600
5831
8986
4346
8627
3620
939
3717
1506
9147
2845
1475
7346
9261
2547
5330
4630
8321
3919
6973
5424
2663
4963
4109
2534
5514
5556
7546
9899
8368
4188
8910
7283
4906
2147
4950
707
2244
3497
5642
8193
9125
1635
4143
324
8340
3925
5279
2940
5914
1739
4380
2428
1385
7555
5592
3930
5493
3151
5229
6177
4333
4397
1502
9237
3170
6139
6229
7772
9040
2885
6424
1318
8455
469
6239
5681
4672
3554
2456
8962
6598
1660
1458
5966
3318
3330
712
8842
6768
9527
7789
3802
9475
2344
7067
117
8855
415
4830
8974
7213
7204
3099
5904
5656
3775
8954
8847
8799
8667
5008
8320
9805
8301
9510
1829
7614
5140
2306
9954
2650
5811
3990
8695
9775
3126
2488
6280
3351
4505
6375
1542
8871
7331
6148
5705
2988
3013
9048
7561
4093
5809
883
5204
7579
5650
7807
6675
5726
8928
1947
9017
4297
5617
8718
4893
3346
2711
2064
9522
9282
8061
8893
3527
21
7235
669
8925
5494
1785
4698
7208
7603
6250
6527
2900
7984
2968
1335
4160
7569
9753
7821
1924
2960
860
3604
4754
7660
9524
7525
7369
6318
9473
6551
8653
2401
565
2737
4627
1268
6322
9444
4426
5329
8738
78
7761
3866
6570
2450
4892
5967
4592
4193
2167
502
8731
816
7795
5844
8187
9049
3583
8662
435
3344
6695
3363
5717
6221
645
3507
8240
9135
6572
8898
6819
64
322
2997
5484
3461
1553
786
892
7411
6474
867
6484
930
4250
7479
7841
1368
2495
6804
6489
9392
9645
3668
2571
5616
5419
2254
6679
4568
6056
6433
7892
6751
4046
5822
4202
613
8035
7087
9146
950
8357
4277
270
4696
