2304
1311
4215
4748
1169
8866
3441
3907
6975
7355
6232
7216
7003
7189
2865
2402
6758
1444
8973
6630
282
1519
8002
597
2115
4568
4050
1977
7060
2570
6480
2762
2257
2566
4954
511
9114
4159
4632
8941
9017
6652
4928
4779
9869
3690
4196
3514
7076
7868
6620
929
9905
4761
8199
1492
4653
8773
2649
7296
8074
3799
3722
8323
799
2829
9435
3984
9845
3529
3993
1838
6111
4238
3234
6928
3645
9948
7413
6905
8690
5293
1560
8234
3643
6780
1832
6015
8825
9044
5269
9112
7022
4975
6098
9745
2800
3215
3329
1622
2728
5055
3576
1596
7378
9384
5932
5192
3053
364
5979
1244
2836
6632
8375
5474
1342
4169
9020
7770
8913
188
3061
9443
5710
189
1881
6511
1226
670
4640
5058
4590
941
1738
9064
4142
9909
3068
9431
1822
5297
1844
1816
9137
7809
6112
3353
7514
8933
1300
8106
433
7867
3561
6937
5502
9579
476
9055
7154
4565
106
9031
7903
6461
5377
6843
6824
2910
8868
6481
2125
7812
6735
7450
6010
2684
4587
5062
2802
7551
974
6895
261
5451
7226
7972
5159
9263
1453
5621
1595
5023
9515
8318
1915
3457
4967
8774
1920
7277
8342
458
6315
588
1128
7557
8127
2466
7388
5158
5120
6872
8830
3162
3765
3019
5598
5088
2177
9462
2606
6230
5541
821
9649
9226
7133
3294
8
9928
9069
4205
2878
4429
8097
794
8907
2777
3922
8146
2797
9036
4295
2209
480
6041
1590
1940
2324
747
6206
8266
9813
2131
4637
7965
3791
1067
3827
5832
1643
1183
2697
1872
5875
4666
2793
3498
4650
9659
4515
8210
9859
8931
7116
6202
2596
9912
4634
9330
5696
6711
3054
7984
9526
5741
2460
8118
116
8125
8858
3985
8817
6591
2754
125
1190
1096
6492
985
2014
4899
5354
2384
5280
7094
8978
4584
9288
6227
5266
361
9490
6498
6875
8945
7348
8201
8278
5817
119
1317
8816
1038
6165
713
5919
7875
7356
6403
2770
3060
4324
636
4903
3613
6962
2928
27
4181
7913
1207
8066
9393
5323
6924
7123
7049
4531
5917
9250
4408
8101
7962
2358
6527
4854
7337
3194
2502
194
1283
3288
1842
4537
3389
1220
4786
3770
7188
3968
3295
3552
2526
8740
8836
7502
1477
6692
5225
7662
4154
5716
3584
8966
9902
1231
8425
9230
8107
5193
7252
8609
7079
5595
8122
4332
6389
3030
9751
5242
5105
5955
7403
7585
1404
5824
1672
6914
3929
993
4355
2325
3191
8312
366
997
4364
5916
4229
8775
6899
3248
4873
9555
6592
8603
4248
770
914
6578
680
6121
7996
1761
5941
4068
1836
8089
8328
8708
6424
4695
2409
1598
7521
2713
311
2978
2037
9113
5757
5593
8532
2258
7102
4664
892
2539
2323
1876
7369
7600
4580
6131
4752
6285
6990
4973
2198
2822
7291
805
2112
1703
2741
1520
9557
1748
4138
5462
8536
5787
8347
7547
2650
8000
8997
8180
3763
793
2042
2005
2343
4690
7485
1355
2591
2629
3251
9568
8225
6977
1346
6573
7307
1515
1634
2505
7451
4107
4812
8981
4940
6730
7239
145
3832
6634
110
7570
164
1696
4403
4415
6171
2472
6940
5811
4711
9170
4681
965
1562
4115
8005
954
6360
1330
9151
9891
3079
469
8802
2640
7496
1172
1731
7998
3568
4645
3280
6388
8145
4407
8828
3377
64
6708
8799
5439
6452
9816
4470
8353
5101
8377
9539
3632
7569
9833
573
7669
73
8388
4376
823
6122
7282
249
9279
4934
5633
8062
2490
2195
8232
7306
4536
1175
8213
2841
7167
6809
8462
751
3829
9211
8757
5142
1580
5699
6125
3804
4076
6276
8391
5814
3588
9111
8109
5085
7062
5428
8092
2185
612
3941
3771
9408
1015
6897
9291
860
1229
4353
6146
1623
8422
2719
998
5994
3897
2408
9166
7057
9590
7992
6140
3936
2319
5251
5607
394
5998
6610
4203
2925
7190
3719
1413
584
9744
9696
5175
9453
775
6079
9241
2010
6472
7096
6956
2031
3861
4513
7784
9005
5848
836
7994
9940
9962
5772
735
299
5873
1004
3653
7663
4362
3640
5372
3582
9484
5667
859
2501
8752
8726
60
4802
2880
8839
1682
9921
3124
5583
1524
7069
5380
1845
5582
642
3022
398
3129
4259
992
7205
3757
3807
4910
4893
916
3855
2815
2948
5332
5281
7986
3150
6173
3085
8475
3923
9867
6822
7474
4064
4575
6636
6538
3992
4077
608
8888
3887
6042
9175
356
9351
9984
7391
2090
171
4596
8938
4012
8162
6641
2950
4744
7577
9562
4369
1613
367
9743
1423
391
2508
4986
5620
7145
2554
3780
3403
5514
68
8187
4675
107
3768
6369
3926
7721
1327
317
533
2648
7260
9915
2931
9933
6398
5247
2866
4567
7580
1783
4918
9647
9918
2553
7835
7313
8814
4370
7975
439
5703
4521
7791
2359
977
7087
515
6898
1561
1338
2242
3256
2415
5999
6762
4842
6850
7947
5234
5859
292
9821
5106
2736
1466
8887
486
2424
692
8748
6373
2870
3871
7670
552
2558
2608
9666
8463
7533
7917
7640
9445
6464
9679
3186
4691
2745
683
1773
9868
4633
7314
7658
316
5423
18
1495
6575
6590
148
6026
2308
2935
1125
9702
2339
9001
1452
6095
6240
3448
6993
1624
8093
3349
4417
8341
5498
2930
1760
7857
5287
9591
6812
9805
1538
9271
2279
3137
5366
8634
6491
6964
3161
5146
4525
8385
1411
1686
2773
6420
5499
2019
2153
7747
4349
6551
9052
8789
5143
4251
7150
652
9290
450
2691
9304
707
9243
4996
2283
7618
4631
8519
1494
682
7665
8567
9367
4774
2680
7315
1142
6539
4024
7227
7952
4157
6554
4041
5038
4927
290
8513
8628
1219
8534
6158
5841
6681
3830
8667
4217
2794
375
3786
2084
2241
9827
2968
5522
7756
7734
2873
876
2464
102
392
2727
6029
6075
6878
4269
8068
9804
6396
6998
8169
4207
3431
1493
7169
4693
9847
4082
4397
6055
1512
5031
7948
6707
1491
4218
1757
8194
1124
712
5006
7682
8284
4846
2120
5164
4962
6362
2795
6473
389
2806
2065
1654
5135
6659
4685
1913
727
6782
1256
9646
7036
9930
94
5401
2476
5586
2723
7285
8993
9658
8786
8707
8212
8443
8767
9991
7922
3744
9925
4017
6501
5844
864
9822
6221
2452
1177
4111
8841
1039
2682
1588
4714
2588
8233
402
2921
6040
8715
5097
9196
6020
1907
8549
8873
2371
801
789
6459
1268
2126
2652
5359
3828
3872
5363
2655
6009
663
9656
5643
3962
2932
1324
5327
3589
6873
3041
8878
8173
5155
4254
723
4143
2559
7823
2025
4256
7045
5929
9941
994
74
4697
8623
463
8053
2585
3488
4504
5183
8352
7177
5488
1440
2537
2493
4292
4813
2109
9043
9147
268
1545
3641
6795
5808
4700
9239
8743
8010
8833
415
6580
0
6137
7606
6062
5638
4356
4398
5930
3996
1007
9321
9552
6443
600
7997
1463
6058
4487
3331
5030
3188
3411
7032
3004
7837
213
8892
8297
5622
7319
8610
7774
8881
2803
5125
2938
3816
7477
3199
4108
9981
379
3578
1047
8975
4015
7364
8758
8749
1154
7755
5176
3489
2934
1949
8633
3570
5116
7197
3227
7699
5227
9953
6810
1089
1362
9085
7213
1051
7112
65
3109
4121
4456
8523
4462
7110
9451
5931
9561
8618
8503
4412
6085
8852
5010
2787
5933
7897
5748
947
1448
3524
5352
2387
6081
5695
1827
6963
1784
8607
3736
2535
7964
6741
7512
4662
4882
5392
6237
6470
1465
8445
6534
7524
6239
3658
2363
8435
1082
3919
8631
5978
7622
7675
4161
70
7862
4794
1281
6857
9653
1981
7243
8191
2336
2954
9531
3474
5127
5124
2981
3960
2276
3821
651
9783
2516
6351
1313
4126
517
3224
3266
3185
594
54
7968
6311
4010
289
8329
8977
5912
5450
7603
3508
5121
9120
4871
4489
7623
3093
9154
4966
3522
582
3358
1403
7936
6394
2506
4976
9153
7615
8153
6733
3703
1729
5692
2467
2135
163
8818
9772
2532
7486
5103
2085
825
7536
6175
6179
3148
6258
4784
6124
4306
6909
753
1223
3454
7469
6818
1909
1145
8345
1965
1245
748
4641
3781
6600
3429
7244
2192
7039
3235
5986
263
7253
9879
710
4008
2446
6138
5653
1727
6892
1084
3170
786
1476
3965
4768
1105
1794
5285
122
1589
2315
404
8968
6205
3862
6986
7066
72
3592
4782
5683
9762
3713
1161
1815
3600
989
6882
629
228
6550
872
7276
2707
1443
7516
7790
9404
4733
4658
9911
7085
2776
5942
431
5525
4900
9062
704
9265
6617
6266
7134
7063
3909
5138
9280
2438
8339
3606
684
1297
5318
6114
369
8854
9522
87
3885
8694
4669
2926
7775
559
8906
2296
2154
3790
981
6025
4457
6024
2290
2656
7121
1234
5355
7093
1094
5339
9954
8919
4985
4850
9994
5250
5742
6853
1298
1446
8520
5590
8792
1093
5346
7908
5542
3284
7325
6223
4006
4226
7836
9374
7159
4191
2051
5849
3449
143
6080
2189
2924
5019
877
6911
8384
9791
5794
8588
1319
8652
2748
3221
6272
2150
6410
500
8916
5264
7883
490
5558
9841
9216
7539
8446
8467
8651
1341
5923
8324
1861
7208
6918
7023
9103
7635
7026
1406
2854
2351
9977
4197
9924
5572
9913
5384
8041
1746
1984
5975
9617
2750
672
358
7593
7390
1457
7280
5636
1290
6674
7946
696
6359
3880
1316
6916
6038
3882
128
8143
5581
5501
2613
9476
2681
4488
2671
908
6297
5163
4858
2722
2685
8287
8246
5268
4213
6070
6987
8263
2432
3846
241
7914
52
9532
7931
637
6052
4046
8436
3990
8965
4359
1702
4859
9007
5367
1168
5263
8100
95
8587
468
4298
3761
5262
1135
6113
1848
1152
3333
1641
2538
4629
7805
2016
3820
4833
5093
9654
9537
3843
3494
1276
1548
5693
2587
1167
4101
1640
4060
6901
3942
3857
5714
9643
8682
8413
9566
6789
8294
2798
2531
5051
6805
563
6959
3059
1868
5014
734
6156
3603
2482
1159
8450
6612
2317
743
881
7287
7751
3665
4947
530
8995
3819
3858
7859
4937
193
1271
1208
7625
1658
1052
4535
7909
9315
3200
9559
197
7439
9281
9391
1123
8611
6791
2184
7778
1888
1614
7359
3342
3270
2998
7204
4942
2496
9670
5181
6934
8395
1704
8560
6109
1382
4246
6008
1626
1531
13
7354
7892
5141
1504
3154
8842
1937
89
8098
9938
2443
5426
2876
5555
5061
2174
3850
5115
7491
6469
8095
5879
335
8737
3753
935
6216
605
3115
5337
3662
9982
4
782
267
4428
8073
9193
6014
6961
8079
5897
8990
153
2204
1439
7726
1431
5715
2134
1843
7240
8049
3123
2254
9825
7894
9958
8032
3029
8437
5484
1697
2814
9181
7137
9720
1497
7223
2923
7511
3503
8855
6709
4145
7678
242
5066
7323
622
4038
1104
1782
618
7310
9754
1601
5812
4734
2094
1958
4440
3010
5890
403
6291
4997
7324
9694
4909
9294
7898
1056
3539
6885
3172
895
3918
2017
470
1721
7818
4384
6984
6679
4506
5162
7821
1923
1638
3637
4033
6128
8874
4823
8535
7064
9587
7830
3825
2263
260
6207
3145
351
5432
6438
1412
800
6151
4317
131
8260
6066
6418
8021
2386
5255
1820
7212
8901
614
7742
7383
8551
3554
7664
9171
8946
9855
9540
5246
5770
4790
1237
9240
8221
9363
1939
5739
6841
2388
7230
6764
9820
2494
5160
4444
4569
5112
8693
3894
6078
945
7292
3282
9201
8719
7612
8670
953
10
5645
7288
9222
1291
606
5777
2712
4772
3756
3749
7736
790
8299
2226
8630
8290
3664
1755
9419
3362
377
6407
6955
7457
1500
8992
5171
8656
2891
8404
8712
5117
380
5756
4810
586
4325
5885
6516
3712
6936
8849
3924
5302
9455
6753
7932
168
7865
1085
6722
3569
8612
5773
2200
7297
3387
2232
8983
4848
9341
9578
9300
7882
9508
2976
1289
5702
724
2116
9139
913
5378
3404
2332
9082
6660
5110
2747
4655
1796
5071
3624
560
8760
5444
1131
1819
3737
2203
8207
6687
1650
399
7119
8427
7750
817
7594
7841
936
1211
5789
4452
6640
781
1707
9997
7261
6184
4272
2890
8640
8926
1377
2300
9237
4682
4223
1429
1527
7441
2273
5815
9160
2064
8135
2995
3699
6783
7473
7532
6046
169
3784
9375
1287
8163
7715
3174
2651
8974
5211
4419
4759
8326
9823
5515
1102
5045
4484
7233
2517
6697
7482
3776
4961
5603
1802
6036
5813
5475
9712
3762
1060
4566
2816
681
8594
3196
9624
9132
762
4097
3144
1005
2626
3106
113
4649
7727
5939
6738
4204
9381
1441
3111
9779
2887
3935
1485
2083
8948
5524
8922
909
312
9724
6668
5004
8730
3487
6200
2129
6644
6751
4657
772
4448
9530
8465
1074
5614
826
9632
7895
661
348
630
3341
2378
8954
4385
6835
2569
1174
824
1605
7925
7827
2852
1762
1862
4583
744
5076
2661
48
4560
1356
717
5443
6515
2457
7581
2726
2297
9771
9446
258
7375
6919
8697
6254
4264
8336
2236
1156
4136
6950
2048
5821
9325
2234
9214
4917
2840
5618
5504
7802
5382
7490
2147
9200
5901
5935
3315
1133
3397
8491
950
3760
9046
9750
2605
8188
4232
2086
7888
6308
1227
9287
1808
1991
9013
4357
643
4831
8976
6440
829
8723
6932
3648
6045
2780
8498
2903
7001
8020
3912
7061
2758
3493
8783
526
1983
30
5274
4297
3216
6837
2706
9438
2637
2138
7495
9637
1386
1009
6180
9219
1001
3446
2344
2205
4796
3236
1563
6249
7847
396
3031
5836
5333
1391
3853
9689
7401
8423
222
6827
750
3420
9886
3369
378
9389
9037
5086
3301
9828
357
2788
3951
6999
8455
3203
1543
9553
4120
9731
9639
6336
4148
6925
9299
8121
6382
414
8434
5674
141
3222
9376
4091
5684
7447
2305
2742
8165
8147
6458
3932
4127
5573
9210
8810
7363
8141
5204
8815
8923
5721
4877
8804
9978
39
3252
2157
2718
958
5650
2349
3180
1852
771
2807
6545
4124
7740
1885
5892
1631
8406
5744
6637
5282
1749
8036
6274
7811
9048
1203
4476
9485
1587
3792
8291
6713
51
7545
3242
111
1754
6536
6505
2853
2984
9093
310
3135
2953
7025
8478
4741
9261
4139
5549
8003
4586
4045
2791
9785
8797
1771
1526
5057
3213
7386
944
7352
8494
4329
5107
8936
3577
4982
2030
9629
2658
939
2568
5132
8230
4776
1158
8025
4895
1181
8401
7305
3659
6599
6017
220
921
5989
5568
856
5827
3492
446
2849
4519
1591
2142
8741
301
6749
8980
4344
1425
2274
809
9040
3
7165
4618
7166
9192
1710
8794
3550
2228
5261
2761
4626
5957
951
5288
4258
7735
5301
8604
7480
5826
3033
2171
6784
9155
3639
9529
8124
603
9521
4310
9078
8593
7211
5463
7021
4991
3230
6343
8596
8131
5075
4058
9989
7995
2884
5373
4766
181
742
8502
3463
2160
5594
3254
5035
8544
3483
4892
32
7458
3432
3875
2122
7839
2514
9433
444
3076
1663
3439
15
4977
8161
4257
4820
3298
2106
1823
6887
6417
4680
23
3175
1530
6372
3339
8530
3620
5972
6769
3214
9819
2183
8733
2347
494
7707
938
1800
5533
6557
2040
2450
1700
8228
2769
6487
9900
5628
1578
6214
7686
4174
4450
1280
2118
4460
4556
2961
8104
4336
4849
2096
9500
9418
1474
7351
182
6361
983
8410
4647
5003
3520
5584
4172
6525
8982
1057
9080
6123
1756
7561
7078
4726
6944
6913
5487
3089
6127
8734
5842
2124
1249
1212
8206
3505
2662
2313
1253
3052
7918
3330
3575
1241
1115
5001
3127
121
7853
9738
1733
2245
7202
224
2429
1706
6241
4352
49
5535
8809
5270
4035
9307
3530
907
2495
7566
4708
4323
2492
9096
2149
3063
7889
2899
9313
9897
6499
8891
1046
7328
1221
2433
3930
8994
3619
5896
7788
3517
291
4532
3486
8069
6460
2127
6118
8236
6370
1379
5507
870
3705
5330
7754
8718
9390
7500
8374
3179
8627
5353
1546
8835
646
3192
6654
6270
4309
2545
4383
5760
3481
6083
9840
8798
2004
6340
8695
3751
2146
7706
2893
5404
3025
9564
1019
2383
7073
7017
4639
4872
6402
2169
5993
6168
499
2937
3998
1680
3969
251
9090
883
8864
2288
4857
6299
1510
8665
2801
9353
3652
2672
4579
255
7157
8539
3286
7247
1522
7522
6393
3898
437
3430
1914
371
8641
6067
557
6874
4056
8303
1068
9495
1031
2123
4055
9551
1968
7985
9296
8713
3462
86
7175
875
8744
8183
3024
5267
7919
1647
3164
1883
5199
8542
9349
728
3096
91
746
4660
9499
8961
1655
5858
7976
2121
8460
7901
6248
902
3694
2799
8166
5981
4270
3845
2180
6345
5922
9527
9542
5768
9687
2612
1037
5709
6851
262
1633
1460
749
2038
9242
459
7420
4598
7201
9583
2473
3382
6465
3410
2546
5065
8279
7434
5588
5585
5724
7851
5547
5758
4176
1850
4704
7005
1345
8626
3813
4361
2593
1934
4956
8578
6255
2602
4467
2906
4347
7969
3045
3379
5461
477
598
4001
1185
1351
8416
340
1257
7838
2737
9131
5194
4034
4280
9338
4302
2294
5569
9051
9761
7075
7638
5217
5222
5480
2528
3231
3466
4445
2047
911
5489
5224
2181
9392
2987
46
6602
966
7397
1604
9346
8511
1265
1312
9012
8755
8038
3458
1831
9943
830
6552
739
3672
5449
4512
2693
9385
4134
6771
5104
6946
4287
655
4081
7373
6579
3565
6830
7694
5409
9441
7961
2590
7530
4116
7966
3743
3098
2765
4780
8903
6695
5938
8390
4738
2586
7468
6917
645
546
8555
4315
4574
9511
8433
6510
4333
555
138
7097
894
4593
8564
6688
3043
6939
3504
7004
6094
9380
1307
5420
561
3708
7798
3271
7697
4944
5483
5837
4086
6566
2292
4300
6739
8305
8552
2969
905
8566
1437
9295
503
3841
709
7786
8847
6490
3209
8110
393
9733
1028
6684
9471
3319
5303
1240
1948
9143
9640
3874
1734
5381
3050
8205
7607
2760
844
9444
4540
5292
9582
9846
3099
8521
2571
6502
6195
5002
1544
1594
5874
1929
1113
9709
3838
1803
8023
8589
33
8837
4767
3901
3491
2194
7768
203
9328
92
3714
5013
9061
3740
4939
5698
4399
8091
9960
2165
9665
1550
7298
5009
8813
1769
8917
6540
5026
9549
2965
464
165
5925
2624
9054
1898
6208
741
5300
7626
3343
5597
5305
8951
5774
4665
6353
9095
2239
7139
7290
1424
5458
7599
5131
9278
5656
7035
5178
3428
5265
4263
8514
2826
639
3747
8738
5936
9528
2659
1916
237
6271
8509
5871
9273
155
3851
4644
4481
4231
6056
5236
9950
5589
3956
6290
3548
1259
6278
6698
1262
5658
7051
852
7387
9627
874
8250
7462
6456
6281
5415
7650
6840
7598
3239
8525
7222
4822
9126
1747
3775
4953
3187
4261
2513
7418
1246
3264
2295
9517
2463
6193
7879
6178
7067
1430
3537
4819
9264
2170
7349
6760
5072
8703
1592
8921
5374
2427
6886
7627
6405
2940
6471
5960
172
4301
4607
3818
5279
3778
6869
6236
3443
7713
9880
9524
6721
3238
9350
3707
6034
6785
3028
124
5079
1267
5830
7407
9644
5914
7028
6377
888
154
7459
3695
3556
8313
1367
4088
4443
226
9369
7651
7185
9856
3631
995
9194
250
8766
8779
5028
6091
3900
9936
6996
5793
9635
7856
6690
2346
1054
4906
4123
4938
4495
232
4243
3455
2757
8962
690
5351
6541
9405
3531
2597
906
5951
4983
2692
6666
9780
4141
5100
6235
7106
149
1349
6256
2775
2067
3070
5167
6576
5403
8298
2434
4694
5539
1992
6596
9065
3706
4597
2977
6050
5454
3163
5560
7800
2478
2034
7907
4122
5200
9312
4192
1010
485
1533
689
7269
7124
8105
4316
5477
3939
3630
740
7278
2839
8893
4492
9835
4572
5388
5012
3732
3896
1917
514
9255
7406
2444
869
4212
5184
3779
6629
9127
1357
7695
5889
3345
7644
8504
7605
7689
8883
733
1072
848
2404
8223
8870
9810
7294
9123
2155
195
3414
3971
3815
1501
7677
5613
4750
462
3543
4459
9158
2082
976
9507
752
3581
9010
7052
5119
2136
6657
6736
2911
9592
1224
2834
8350
8678
7639
5792
5910
6720
6798
1879
6231
8857
1397
9972
8998
6385
376
1812
6728
8306
1381
6182
9543
9503
7135
7320
4433
5575
1884
5291
9668
6167
9594
8244
2705
4777
7711
1025
1206
4751
1363
3065
768
1737
3006
9545
1427
9945
5866
7510
6001
3218
4612
8241
738
9244
2162
7733
7621
2677
6842
4252
101
6130
620
4912
1744
8510
7155
1299
4911
6027
1586
5034
7257
6303
930
1933
6658
8178
3734
572
2592
7831
8677
1034
3946
7210
6306
4099
9853
4426
754
9863
9206
9075
8679
4770
96
8354
4809
6238
355
6839
9755
7033
9058
4092
5855
4104
1556
8960
4808
5417
8826
2133
811
1666
4486
8200
9595
565
4472
6645
1066
2749
2670
9107
2600
455
5781
1399
3865
7887
757
2740
1027
1353
8895
3269
8601
7187
7231
7609
4299
2576
3323
9406
1129
4727
5580
9727
5988
209
6621
5196
8557
9417
8438
7358
3155
4345
1225
3893
1073
3739
8196
7685
8561
4514
880
9995
6750
8477
4437
761
5876
9049
5455
4155
3988
9386
4030
6462
660
6262
3597
2715
1026
6219
7741
570
219
2451
22
6949
5446
1358
3635
3842
6406
1736
8791
1254
7945
8632
5098
6868
8650
5080
4936
8302
6016
6431
9178
6144
5113
7091
9168
3538
7367
5878
7336
2912
8673
2877
4052
1779
345
139
7044
2897
6087
2646
9140
9189
2058
719
3642
7426
1576
4974
9884
3604
8646
7281
1370
4959
7762
3788
8397
9642
8316
5853
9395
3668
1814
2752
5152
8863
2354
7192
7803
1628
1032
8853
5571
2855
677
9878
3527
8285
6794
3496
9672
175
5147
7331
1804
4601
959
411
7701
7113
1480
8174
7785
871
248
7586
5064
9105
388
9366
3308
330
61
539
7531
5649
5882
4533
2422
1456
5364
4047
590
4499
2746
5640
4057
4932
1393
8517
8208
7279
6508
5513
8469
3118
6846
6117
8231
7442
6198
432
4931
7880
67
6287
1163
649
9266
3419
5615
1806
7412
1657
7163
6043
9749
4149
9860
619
4461
8479
8508
6594
8484
6092
1132
4648
2947
98
1818
4372
7542
737
4303
948
5500
7504
5081
233
593
9292
6994
4855
7293
7957
4322
4442
1059
2
3981
9682
763
2039
8292
4072
353
5252
6904
6686
898
4103
7072
986
8474
507
4293
6625
1792
7333
4374
4193
4371
9398
2231
5348
702
4096
5240
3469
7453
239
3246
6273
6568
9249
2552
6988
8811
6060
5150
200
4049
9358
1741
2314
3953
3594
5562
8487
5108
1673
1286
7395
6313
520
2844
5512
8202
1151
7725
3963
2867
3625
8636
543
7544
4380
3545
5734
7242
9234
2805
6553
5325
1065
2818
9316
6022
6425
6676
9283
2848
5771
9348
1310
3867
5493
2370
9387
90
5592
2428
8409
5139
395
8337
2151
6335
3277
2247
7423
8790
8407
7020
5915
8493
2540
2630
8325
7311
698
6304
9788
244
6938
7943
4541
595
8642
6847
2114
4354
7013
1209
8481
9877
1454
6199
7921
1149
3383
5996
4144
7765
9862
6995
9068
9274
4194
2721
2779
6053
3947
656
2316
8237
1422
7472
5341
9092
8867
9275
3949
8894
4762
2163
644
2983
3322
7498
6391
453
3307
4031
1632
7716
8935
8688
8447
5226
8257
9920
6323
6203
5563
4185
6561
7171
1396
2101
5180
3571
8209
2847
8681
5591
5928
4868
4914
5040
6419
2739
9776
962
3803
2420
7370
1676
3967
1865
922
6727
1988
9725
9233
36
2299
9882
7737
4330
8785
1743
7562
1645
7822
8482
2688
2785
3302
7499
5663
2045
6767
745
4335
3139
2481
9411
3456
5316
2667
473
7661
9777
5764
277
2471
3105
2479
1603
3502
339
1484
6454
1599
3610
9753
7228
1978
9690
502
2733
269
6496
3051
8070
8964
8831
715
7534
5485
1306
6820
3069
7011
2139
1507
2512
7912
1336
9204
78
1701
5128
334
3617
6891
5312
592
8918
1496
8164
2909
7070
1045
7679
4235
5893
3555
7523
11
4341
2920
650
8018
4994
5894
2669
8358
3108
9253
4409
307
2390
1719
1971
5701
3210
9865
1173
3310
5534
7030
3933
3580
5750
838
4373
3390
3906
7924
5025
2196
8204
4570
9162
5313
2475
3793
6622
447
9379
82
7582
4094
7647
9710
306
4542
896
275
4464
9167
7719
2955
1405
6817
2951
5864
6134
4825
7040
2999
4003
5822
8599
7410
1134
5283
2052
8215
6605
5340
832
6110
8568
7194
314
9382
7368
4989
7753
5322
4603
2173
9185
42
862
9533
7993
531
1468
6368
9087
5047
1432
3738
9370
5767
5686
6926
7596
5506
1670
9108
1100
5276
9518
3104
2421
9236
2210
5149
8930
6442
112
714
700
8495
9523
8394
2529
7019
9029
7360
4746
6327
8277
9018
9990
3618
2158
1116
9452
5118
8746
9535
9889
5411
9589
5694
4673
9866
3208
8271
1786
2334
8608
5195
4592
9098
8747
6802
1217
279
7690
5413
3100
9429
2026
3777
2644
409
8349
2079
4179
9973
2206
4963
5753
1333
1320
9488
5611
6048
8094
5400
3101
868
7745
191
8699
8701
2766
1011
5230
7377
3027
873
2633
349
795
9692
1979
4785
5570
1482
3296
9538
9872
8671
7010
1932
7299
6808
8890
9025
2035
3182
1309
284
9707
7714
9228
7357
416
7272
7683
7346
8113
8507
6116
230
8033
5320
7646
6155
1994
9792
6000
4617
9458
2958
9004
9023
5290
9890
2379
7556
3320
9817
6455
1724
6321
2140
6567
7520
5804
8859
8955
2249
300
129
5020
4040
4239
668
2573
4451
2214
9024
8516
5253
6244
6031
8245
5469
7797
4821
9800
988
9492
3005
66
6935
3102
4674
9740
6341
5016
1282
1233
2584
3143
2225
3746
8415
8807
6607
2902
5927
3674
363
7193
4059
8729
3435
6312
3945
8331
960
2751
6061
3913
6233
1086
3067
9016
5091
7372
5083
8356
1461
2161
631
2442
4619
6148
9699
6888
9759
4351
9059
5578
6305
5769
3447
4905
2703
7452
7047
7115
4441
839
2419
4923
5865
9630
3151
62
386
1925
1462
8268
9931
6103
6537
7709
1986
6243
1080
840
136
9534
855
5720
2886
3593
3797
6352
9467
5054
4465
5385
8267
142
8620
9205
654
2024
75
3605
585
5070
633
5987
4085
5800
9088
6387
9368
6912
3086
4798
8788
6611
7430
5133
4844
9383
1138
8359
3727
4544
5470
4527
1695
4625
8795
9569
3217
5408
5983
4628
9347
4337
9425
1201
3378
9830
8963
2567
2589
2835
6806
7933
4671
4331
1111
6582
7092
5655
4497
7804
9136
5819
245
2403
8184
5022
2960
3585
558
9718
4363
7845
7552
9463
8929
3071
6548
326
9631
8685
1410
8680
8969
3693
5958
2385
5634
3513
6983
2046
1584
7267
2812
1529
6920
8132
9336
4765
8541
7361
4891
8408
576
1179
1791
6616
2423
9176
8439
4534
5416
7828
9922
6101
7128
3360
7526
9289
3774
8293
69
7245
2941
792
7700
5342
9326
9739
7225
7916
384
671
8197
2352
9576
7090
8192
6960
834
3259
6434
9926
4358
8696
5775
8310
534
721
9558
1918
5092
6453
3418
2695
4009
88
7776
7342
669
8573
4805
2302
659
1464
47
8344
7554
9056
9002
9929
4208
6325
24
3586
4427
5386
6247
225
9006
3426
7016
6952
5326
4930
2284
5828
3147
4621
6326
4350
4713
5286
3636
5642
9360
2269
2410
9693
9662
4410
3728
3442
235
3583
7842
1837
1210
8686
6064
9843
1566
4170
158
1513
6585
4405
2863
7981
7538
8030
9371
400
3166
9758
5435
2367
8253
4958
2251
2643
6298
9736
5387
2057
7692
6003
3348
2813
527
4955
9683
8238
4013
4795
7672
6497
797
3359
3036
99
4100
3670
5185
144
5644
7684
1467
3840
1931
8614
6476
6562
9715
170
3876
1400
29
483
3416
9220
1247
9974
5179
5831
381
3511
4605
3268
4190
7668
8473
2401
7283
7693
2918
6948
624
8489
1490
1148
6409
3682
8545
882
313
5048
7902
9335
3095
6619
9700
2028
7424
9246
3879
1417
1101
1955
4652
3176
7274
3283
3267
6154
373
1258
8972
4037
3173
3113
949
8214
9770
9142
540
7379
7053
808
3468
1369
1481
8076
6019
2113
8940
2211
6279
8065
2253
3243
3066
5691
7111
4616
9834
926
1414
5678
4273
183
3938
6177
16
6030
5094
2639
4546
8586
4411
1141
441
1677
1
9669
627
1070
492
8622
4080
8288
1611
9806
2944
9447
1366
4990
9968
2868
7443
2309
1387
8905
6072
465
7140
489
5665
8327
8276
5084
3376
5523
3521
7489
3980
2615
8924
5556
4200
8300
3232
3516
2763
6583
7834
7215
1373
274
7065
9894
3515
5229
3633
8649
3126
6849
4152
1855
4455
7959
9152
9003
2350
2073
9477
6057
7151
8203
8148
3868
5791
4025
5540
3327
7673
8064
6967
8838
4321
4044
5903
1511
9269
4279
3671
2744
3074
8668
8458
931
1789
2619
6051
6408
1564
7601
2454
1947
9729
4281
354
7927
2730
4220
7350
4548
9100
853
706
8393
5553
5565
7015
7999
884
9575
1261
3245
885
8937
322
360
7829
2846
4970
7979
658
7955
8956
1889
5902
4686
7120
1021
7081
4818
7624
6506
8705
3889
4401
4791
6021
5306
2411
1636
2091
2483
3822
2406
1049
6350
2991
5790
4420
1715
6446
7988
9673
730
5529
1854
7848
3130
5985
806
4328
1982
5466
2141
9993
9975
5752
2838
4984
2465
9401
667
512
7055
3745
2015
7456
6915
8506
666
6797
8674
6700
548
2905
9498
4677
1534
3000
6007
7588
3084
4614
5294
3189
6624
1042
2792
1555
6356
3811
7782
1750
1147
1621
8658
4267
8619
1610
1877
8085
8556
4201
6648
2394
4150
1886
2080
1078
6224
9118
7160
2216
607
8736
3384
6530
891
1813
5662
2265
8716
4334
6755
6346
3824
6639
4916
7926
7043
3974
3999
4642
4520
4922
7492
2530
7481
8637
4075
1469
1160
4600
2338
4502
7234
83
2400
3987
6107
1332
1902
1388
9434
5508
802
2076
1689
6188
6411
7746
904
2581
6004
4274
6159
7820
8039
9209
4610
2036
778
4952
8270
2201
2453
5690
2222
6800
7597
9546
4724
1122
8006
7535
9460
7573
6587
3844
304
2044
1890
4416
6218
9966
729
4845
6968
1214
4687
2213
1302
8136
6549
9742
1572
9014
410
3991
6985
4870
8084
2405
4557
1218
6910
8071
5494
3334
5706
1248
6147
8011
5688
6002
3394
4728
1434
3305
4863
6268
8950
3156
4493
857
5677
5605
2152
265
6906
2143
6209
4921
9489
9664
2003
9198
2673
471
5564
8598
1674
4388
3314
3002
7229
3297
9585
9464
4933
3460
4840
2100
9104
3094
6969
2990
4636
8989
777
1795
5496
5418
7571
3696
2050
554
2167
3914
7176
6744
1378
2097
7014
4979
8725
6367
4736
7088
648
7475
6397
4178
1471
466
6804
7710
6978
6332
3839
9714
57
6166
3657
8042
2604
271
2843
472
4447
8017
2917
3519
3007
3656
352
5089
5803
535
37
6768
6908
917
6395
957
5992
9581
9362
6776
6032
8157
6135
7381
4885
3805
6603
6790
1874
5445
5237
9730
9327
8565
9157
6958
8108
2182
5315
7232
1371
7444
8731
283
4478
4838
247
9861
5187
1314
6982
2700
9042
6777
2261
3572
1150
1763
2956
6210
6093
8939
3023
103
7309
331
1428
3299
1539
731
4667
3114
4084
8527
3546
1726
5050
697
5311
5816
1767
1922
8592
429
6694
3785
9057
3275
7414
4000
6756
7238
4265
7200
9218
3499
1058
1681
6436
2837
6284
4659
4987
8865
9432
5799
3602
3783
3525
4183
1709
1966
177
8461
4095
5082
5970
5321
1659
28
7196
5574
8320
9565
1942
7813
1597
7674
2488
9258
8576
217
3937
5712
4573
4424
5376
4135
3810
6997
3136
5557
3800
5008
7983
7824
3472
3219
1188
6229
8175
3886
1602
7779
4529
5884
5007
9190
2455
7018
5095
4869
9070
5111
3417
1859
3681
7568
44
6893
5360
8822
5223
397
842
581
1022
2783
2623
2437
3001
9554
5639
3590
9764
9094
4683
333
9442
2851
5934
766
2957
984
3293
6970
3263
8077
9333
442
4479
1996
359
2191
2509
2326
7179
2178
5134
9345
6105
1103
8714
9910
4720
3688
8373
5749
2456
5198
7628
1573
7602
9184
1772
2985
1171
2237
6277
2449
5786
3168
3395
3451
4002
1788
8492
2811
2137
3485
7850
617
6073
9079
9608
118
2575
6126
7058
8360
8029
1735
9314
3532
1974
4503
1998
5518
1825
8574
4195
7449
5980
5961
6715
2711
7657
8371
4266
4209
1945
5713
5723
1693
5782
9322
7991
5044
2993
1445
9000
5129
1722
510
4070
8571
621
2833
6261
2059
294
211
9465
3567
1108
7246
5425
5660
6414
7982
7421
8139
6544
1013
8947
278
2393
5177
6519
7440
3272
4413
3120
7100
3425
7729
9063
8046
7929
8988
3103
3396
9623
9951
1384
6039
7796
4889
9282
1685
9593
2929
6667
8624
8472
969
6164
2262
6646
4109
5718
8386
8984
7712
9818
8346
9876
201
9177
7567
6890
4755
8304
4436
5370
4434
6139
9741
4474
5950
8330
157
6724
3229
9851
1805
8222
4430
5509
701
7235
1126
4847
8762
7105
7558
1694
7074
3083
9839
9268
4289
362
7241
1088
2972
9217
3413
2207
4377
3854
6448
2329
8735
5654
9479
7454
1170
9182
4701
4020
3306
3574
7613
7186
4421
8421
3726
536
9599
6018
5601
4382
5365
4965
7891
5945
9636
2683
5550
6088
1570
5899
3891
243
4042
6300
4588
845
4160
7951
7652
9850
1764
3009
9156
9179
5796
4843
79
3289
8801
3011
7198
8296
2197
8928
7861
2732
7767
6778
5891
9556
7438
4245
346
6638
5731
9163
2819
2676
5616
4422
6669
1236
4294
3402
3279
9197
7654
3782
8120
126
8485
7141
6613
1044
4027
9146
7366
7343
7068
2709
3152
6819
287
5243
8379
2869
38
2808
1205
7256
9028
56
2583
975
3423
134
7207
2199
3278
4716
7954
9802
8654
7688
8563
2943
6102
3615
2690
2221
2949
4480
9655
7394
1787
5319
5670
3205
2548
2013
4715
5545
1873
8130
7937
943
3107
8008
2448
7807
3014
5419
3183
7584
3609
452
2503
9965
1758
4585
207
6059
5053
8644
3864
5046
7687
4915
6512
6664
5478
5635
6614
3595
3008
7008
5606
8159
8014
5137
9959
9101
445
9298
1553
9728
8048
7107
1541
1516
3683
9011
7676
9786
4069
4550
2524
5156
3836
2110
206
5971
9089
7565
9439
7117
435
567
6289
3541
5314
2549
2484
321
4250
7125
1642
1517
7772
3716
6324
6861
3326
8239
3132
6775
1901
4581
9757
2784
2635
4951
114
2708
3892
4113
625
7374
273
5905
223
1238
568
4222
5452
3073
1720
5165
1230
8022
1644
8683
2255
3440
2616
4577
8363
5668
5868
4830
8834
9191
3669
3925
3206
5130
4319
2217
6586
6358
59
5173
9021
4747
9305
6251
6225
4065
3710
7340
4737
850
2572
2368
5186
3313
4089
4475
705
7928
9015
4884
71
1036
6577
4285
1064
4485
8575
2489
6675
4545
3042
1121
2093
9808
7095
8562
6836
2322
3650
9302
3808
5324
6597
1228
4327
9245
7608
4604
3954
1987
7411
7886
3601
3798
3160
3684
7249
7555
7518
5399
6854
1692
3287
3651
6399
504
5705
1489
8242
1569
2734
3197
6253
3253
4589
5244
5801
3207
2963
4908
3773
6889
1618
1951
6500
7471
3663
1801
3040
4739
7649
1394
3399
2219
430
8444
9541
5331
4395
7433
2377
2882
9030
7101
1277
325
4578
6478
7702
5203
6383
9887
2527
8884
6608
7054
2543
3064
915
8190
7540
3363
4004
9885
4688
8920
482
6428
6333
280
8189
4611
9301
5272
5362
80
5521
3715
2900
5898
4400
564
8580
1840
9586
7634
7833
8256
6643
5671
7896
9899
5862
1826
9050
4343
2823
8784
9339
5078
3003
3436
9247
5551
1343
1798
2689
3407
3035
4311
4763
4039
7815
4773
5021
5148
2610
5913
7183
2664
6623
2341
4093
1508
9229
1559
3904
5944
7764
2227
4066
1459
9536
6384
1486
9571
2186
4760
903
5637
6320
4552
9967
5886
5900
4654
7517
4062
4547
3110
9480
4801
5465
3352
9125
9481
132
4366
8675
2678
7989
7752
385
2945
1407
4137
8451
7655
7940
6129
3233
9073
7448
7939
1558
2622
1935
9145
3316
6449
6035
5863
8754
3119
8226
5711
4078
4158
878
1893
2974
9716
8985
3717
1035
1195
6740
5309
2095
8286
372
9254
4749
173
7564
2445
9752
2603
344
6678
2735
4048
8351
214
1449
2625
7739
5517
5256
1625
5870
2892
9722
7718
6627
159
7632
4125
8702
5298
2462
6023
9414
8996
4811
2518
7031
579
8899
4240
6761
9332
8400
528
4131
6392
318
1870
3711
8087
9430
3424
5239
9767
1908
9470
5776
1328
1851
5218
2459
9497
9987
6834
6635
5069
7264
3452
1828
4156
2986
1365
5467
6220
6673
1705
4559
5310
4180
7578
8338
8453
7826
7332
996
5809
5953
2361
6296
3140
9634
7484
5552
6691
426
5669
5852
7317
264
5232
2916
3237
7884
3687
4861
1335
9199
1416
1616
2301
7680
8026
3802
6485
4007
774
3616
4562
8269
6213
9688
5219
5839
2233
14
4063
7214
9428
722
4549
1143
9076
9747
6584
9019
4867
7408
7873
77
8550
8264
955
5730
2176
7537
3944
253
5174
3484
851
7656
9611
7329
6663
4696
5161
156
6979
8343
3679
9110
7266
3979
5440
9421
6696
5946
3806
4375
5708
6033
9713
8072
6074
5838
9895
1887
6468
601
4255
9133
2144
6044
7515
8927
7643
8970
8152
703
9663
5393
7114
4043
4887
9848
9903
5733
7127
443
6581
854
204
8179
5491
4112
9620
3018
3453
137
699
1989
1304
9932
4591
937
725
6096
5759
9388
9844
7878
7645
1824
9935
626
9883
1278
8247
5260
5689
9505
3661
887
7876
9896
5659
1926
3159
8138
1651
1451
2914
9008
8497
6192
604
418
2913
4530
1375
3916
2936
9224
5027
3475
1232
7419
424
2337
2964
2609
2595
6466
9570
2889
9979
7109
1713
4803
8570
2066
6250
1016
2973
5920
7633
7263
7221
1263
5661
7885
8150
9169
1055
726
9472
2578
5872
6157
7529
40
5962
8554
9359
9626
5278
8728
1239
2786
9652
9039
8172
8116
5904
2072
5245
8902
5338
1648
8043
7042
8262
847
3304
8991
4202
8168
6484
9035
1910
9310
21
9221
184
1438
5271
4668
9231
1565
865
1483
8054
2871
9510
3077
1895
3048
6522
3535
2282
2714
5412
6319
3873
6365
5140
5427
8676
6028
4286
3801
4721
7870
4019
6883
9904
1293
1340
5068
2356
8957
4262
8457
5349
4105
2579
2536
4781
497
506
2369
1315
8061
9032
8605
6931
5567
6832
2270
7236
7525
4624
1972
1766
611
8058
9045
5248
8322
8745
803
3794
7007
3509
5600
8663
1973
7648
1186
815
370
5850
133
6269
7671
3434
3444
8538
5041
990
4423
3012
3158
9604
678
816
7653
828
4643
813
6823
9874
252
2001
2391
4236
3766
2601
8698
3676
5328
2577
3709
7467
5307
4745
4394
1288
1830
8334
3437
2521
41
1030
9796
2008
240
6981
6246
6439
3533
3547
9303
1950
5924
6348
2392
9284
2071
9144
5860
3848
4507
343
9970
8220
8800
2642
7717
2470
7206
628
5371
7722
4735
9251
1120
8915
58
6071
867
6318
1146
9423
199
3500
3685
7636
5482
5153
9550
9875
7971
4964
7930
5206
9215
4764
2533
2188
4067
952
3497
1841
6747
9450
6422
8383
4902
9946
5561
765
7696
9212
3692
5284
7840
1665
8533
1053
5559
9475
8186
3400
8028
7330
1776
2738
7906
9660
9272
2061
6444
9134
6618
5968
2790
7080
5257
6535
2628
6196
4663
5990
7863
4723
196
971
7629
420
8850
5984
6477
3698
7771
3881
3088
3878
4087
2563
6953
8979
8862
4320
4348
210
8037
1331
5369
9424
7630
9794
7037
9306
8024
7757
1532
2771
3032
7181
7738
6364
6628
7262
7098
822
5948
1660
1390
9207
4494
1295
6012
3450
3910
7872
2992
350
2975
635
8753
7720
5213
2259
8537
8412
1969
7338
5042
5964
2277
5854
8357
1523
150
1797
9173
6097
3258
1198
3903
7178
9681
9260
9999
2982
4516
4551
2919
2704
970
4014
3167
2043
2264
7620
8160
8448
4216
5422
2946
6626
3211
6170
5679
9831
2810
2647
8959
4816
5647
6615
6685
3476
1087
5299
8967
6115
1478
6903
3518
4026
3884
1904
8827
6752
7814
7967
1568
6543
5431
8055
5795
999
5700
4732
9320
8666
8602
2060
8781
6966
8380
8361
2638
2240
6077
5630
123
1395
2235
1821
417
4978
7934
1975
8616
5833
2075
4244
2382
8821
1853
8664
1251
5358
5202
6520
2244
319
7006
4233
6494
1344
8756
759
5433
9308
6314
1402
8402
9787
2828
7405
2756
4198
456
1777
3629
2303
3087
8362
7384
5602
4271
272
3049
4275
736
8660
2399
7660
5122
2328
3357
6852
3367
347
5906
9697
3950
1930
810
4140
9985
8154
9174
7942
3473
4378
3507
5851
1768
4717
5190
4028
7974
2821
474
2556
5375
8259
5526
5438
1166
6972
5430
3026
8872
496
2845
3195
812
979
2498
1711
6106
6133
6415
428
1687
9781
760
5969
2375
5208
831
9009
574
1354
1450
7769
9116
3551
5406
5856
4379
9138
8047
8780
12
6989
3764
1285
2842
2856
303
440
2436
2523
295
8396
7497
3758
5778
8096
6825
5887
3729
9963
8315
1250
6803
8659
1137
4054
3626
8115
6136
711
1269
2414
5765
2416
3149
1891
2970
4876
448
538
1863
521
6595
6252
2645
1079
3072
3655
6065
3666
3905
2111
7255
3928
1350
276
9934
5576
7479
5249
7099
4789
8898
3375
6859
3223
5783
3660
5609
2598
858
4249
4894
7508
4710
1318
3973
1498
2105
1976
4651
3523
6379
5453
7506
3564
6558
764
487
4211
6793
9612
4875
3198
1579
1270
5087
5918
2340
2827
4793
3336
978
4880
1528
1155
8840
257
9906
412
3888
1292
3677
1191
835
8144
9572
1294
9525
8126
2280
5407
1775
3044
4184
3181
1506
9732
5036
1535
1600
2555
9135
4692
8524
5921
4171
2550
5843
6563
6792
3911
3309
2720
7237
5587
4132
7832
8015
8548
8123
8218
3579
8914
785
1639
7059
8243
4706
1321
8140
3510
9285
5530
2250
1688
505
2098
6799
9782
7301
4866
5123
3560
7071
9394
8771
787
6855
9208
2007
3133
1339
8051
9826
5067
7435
9357
9309
342
2175
8824
6152
9060
2266
580
8424
7591
2268
1071
6844
2108
9726
9763
6429
8808
7432
4032
7849
7743
4924
924
9235
4338
3673
5740
7806
8128
4253
2293
8645
5746
3961
9195
7950
932
2376
4404
5275
1392
4518
8319
6226
3506
9022
457
8149
7543
5144
524
6556
6187
3852
5880
3374
2832
1076
9491
6329
942
329
4609
8987
6482
8317
6772
9703
2321
4853
5807
9331
7446
1040
6801
1002
3573
5472
2515
4689
5024
3034
9225
8083
5537
7172
2627
804
1189
9986
9409
1140
3952
5456
2631
135
1197
2287
4561
1024
4439
8249
3312
2224
5043
1919
4783
4775
3274
1698
2699
1109
9919
3750
3809
6488
3720
6533
8211
5157
3718
5090
1739
9674
2256
2907
8034
4129
1630
2362
9334
5806
2702
6357
9784
814
6860
104
4897
2168
4705
4346
6084
8908
7759
8142
7904
767
1882
9870
1359
562
7362
6560
8171
4943
8732
5059
4368
5895
1963
9403
3366
6726
3340
3704
7143
5675
1856
1408
1780
6317
17
1418
4260
9838
185
332
202
1213
8075
3612
8885
1415
4826
5005
5527
9232
3587
4162
383
7300
3075
1571
2380
3335
9083
9671
5883
4431
1098
4709
509
5943
4758
7858
6838
544
6260
1664
933
3730
4118
688
7326
9033
2041
5735
308
1774
5447
4797
35
9898
3566
3165
3627
2345
6354
2054
9795
1380
1785
685
3634
8117
3193
4814
6705
7416
3549
919
6401
2468
298
4425
9487
5612
2830
3117
7724
1962
3090
519
97
3471
1385
6493
4381
9469
6951
229
3461
5233
3201
3915
3890
9252
716
4703
4941
3328
8655
9399
63
1554
7789
1176
4860
6228
3972
7427
7126
2068
8480
1938
6267
6416
6054
3081
8370
8040
3092
9892
8031
9651
130
6693
1442
2477
8111
3078
1473
3501
6338
8724
6748
9504
3741
9473
2820
1691
8309
401
6862
1114
4926
3047
2666
1029
8812
5619
6005
3628
9422
1505
3300
2357
2491
1488
4539
6858
6342
1985
2372
7949
5627
2885
1165
2286
6706
7077
8871
5909
3393
8500
4500
5189
2979
5510
5666
2510
6451
3344
1635
1944
2104
1967
7
8013
2077
1401
3902
6047
7103
8012
2074
7703
7956
8829
7156
5982
1266
964
6293
4247
1525
454
8832
8348
3697
8392
791
501
640
7248
3338
1077
6877
1470
6880
4074
2062
8378
6870
3013
7855
5361
1273
9161
673
4186
5520
5063
1684
6770
2032
8528
5205
6390
4630
8471
475
5754
3433
9102
9297
2864
3373
6349
5861
6374
2441
5238
8638
2557
6412
4110
4824
5823
5869
912
6069
4874
3478
776
5577
9117
3724
8301
3351
9324
8176
84
2743
9606
3691
2504
4498
6215
4788
7852
3553
5536
7199
7519
6330
8932
2018
484
8529
7794
6386
1187
2607
4599
2202
7614
45
216
7846
5296
4558
1606
1943
6788
9799
8661
5460
3647
1839
1020
1875
1018
8429
9939
4029
7642
9686
3689
6649
1742
1936
2117
9613
6371
616
9927
6433
5350
8971
2860
2425
6380
3970
2417
5766
8684
523
4957
4153
425
9691
6779
1097
2145
2311
6307
9344
3899
8103
5681
2092
3317
4817
1275
5391
4832
6574
3948
1995
9149
602
1368
2850
756
946
5867
8335
1993
4114
9461
8009
5997
4827
8559
3834
2687
3056
2764
5304
1204
4971
1612
7766
9066
7960
1921
9824
2099
780
8776
686
2164
6867
8709
9119
6712
9667
8897
8081
575
2430
6653
19
7158
9574
2654
7012
5755
7050
9955
4473
8050
236
4214
9814
6378
7592
3097
2285
9493
2574
7152
9717
4879
9680
1323
3611
341
1199
3017
8585
7900
5949
3735
8613
467
4543
5788
1081
7000
5277
5548
7470
982
3823
910
1153
7595
3608
4164
7705
2825
5956
1420
4022
3814
5911
7130
460
3731
2663
6559
4564
6495
6601
7505
3422
6588
2009
3742
2665
599
4268
4731
5308
5625
4646
7781
8880
8617
6242
6245
8452
788
1834
641
2271
8229
8739
4623
4563
1521
254
2172
9803
8063
7122
374
6049
7777
9509
8934
4146
9774
5109
591
541
6680
2365
2230
1360
7783
3184
3128
1540
9616
7527
7758
2862
5818
9448
6518
9811
2710
6564
1869
2119
3591
5810
7503
6288
3055
6786
6765
9601
9563
8170
6598
4466
9397
6703
6212
1690
1348
2238
1924
963
6441
6523
8761
547
9618
5421
4595
6375
8185
5207
6814
6737
9478
9172
7728
5697
1829
2011
9180
7866
9698
2772
2103
578
8569
5490
438
1952
1196
6796
3599
1043
665
8419
3386
6489
7854
4594
7164
4676
419
6120
6773
2166
2381
8721
7611
6475
6742
3638
2412
893
5397
8004
1549
5725
5396
5719
4729
819
8727
8869
2966
4458
2070
6339
7911
890
9633
7344
5599
461
4106
9412
6413
8843
647
8470
3725
7574
2431
1661
9396
5877
9365
6816
6922
2342
288
8700
769
7549
4988
9427
6201
3398
3346
2522
7286
9832
1301
6153
8860
3408
3796
1398
7409
7251
5394
2580
3038
6746
7203
8490
2997
1162
9695
841
6701
3116
1593
4946
212
7553
2396
7708
897
4167
6546
9436
4890
227
9588
8376
5168
798
9377
3125
8090
9621
5834
3995
8016
9183
4418
6759
8182
4856
5220
4757
1334
4702
9957
5531
8167
6831
7576
5963
162
4718
1139
2883
108
5434
551
6745
9837
9873
4210
9354
6754
3062
3141
9223
8251
1683
3975
5779
7321
6572
7136
8540
4769
8289
6430
1061
8274
6907
9548
9983
4234
7270
9964
9352
820
2089
9077
6479
3260
2547
6282
553
8526
9115
1178
8333
2653
7874
1308
4340
1699
3355
4698
8219
9124
407
9607
5410
5166
1095
8925
2486
4016
784
4929
2333
843
3997
1014
2729
7923
5436
5329
9203
4163
3470
4277
3479
1581
4023
8411
6286
3927
7273
8133
9858
9067
879
8193
2942
1435
9638
2461
827
6104
9457
8750
3943
8803
3249
2212
9947
2980
2021
4053
6719
4528
6656
8999
5737
8625
1619
3347
4815
4960
9609
2033
8177
9584
4615
1866
9099
7048
5216
4188
4389
9809
1383
1260
1372
9501
8137
2896
4225
8672
3752
8583
6833
4482
9748
6463
5345
9580
2289
3917
4102
4993
5029
2190
4730
3020
2418
7977
7034
4898
2796
4165
6068
1419
5732
6704
5676
4638
1518
2525
4670
6366
1099
8414
7550
4656
9992
2220
5402
537
899
8399
1215
6929
5802
6328
9128
2312
2551
7402
1487
2611
8692
1130
9881
9159
1900
7760
5414
1807
1667
7487
1905
2831
5379
9468
6132
5356
2426
1110
1127
2395
5954
9165
3702
6896
6181
2696
7513
9956
9494
5254
8332
4904
6876
3759
1946
8958
4949
807
2081
6189
7002
7461
9106
4221
4501
516
3983
2053
7637
4753
3649
147
7795
2698
1329
1455
5829
5347
337
1833
5212
4778
2318
9914
6980
1662
9034
498
4851
5940
866
1583
2246
7046
7347
2000
8134
3281
8986
3039
3381
2861
5056
7168
8060
1255
928
2355
5805
6845
7619
2908
1364
634
556
1112
8035
4608
9466
8112
9602
120
7587
8953
4571
4199
7560
6933
1675
2725
8600
2006
2881
4483
3057
1753
2988
9801
6941
406
1941
1003
6642
7308
1033
4754
508
3563
8687
4290
3877
1911
8704
8365
7559
8912
2187
7953
7604
718
8398
6682
6593
8340
7153
9610
7869
5785
2500
2614
901
991
7086
8793
4011
109
755
7380
4237
6647
6119
9520
6517
9513
8577
2534
8227
837
3966
7455
9440
6162
9842
5651
3675
7572
2959
8281
4073
5011
9486
4913
6006
1409
7118
6
7415
1475
6108
1954
4935
2716
1447
4719
8606
900
7825
1745
1649
8879
5231
5336
4800
4477
4999
9091
1509
1502
3826
920
1326
4278
9130
4886
4036
256
1730
1847
3465
2686
7259
8454
5241
7224
4173
1192
1243
1671
5743
532
1903
6879
2541
1242
9544
5334
8823
5820
8216
8369
8255
6376
5604
2248
8765
4839
732
1849
2278
4386
8129
8896
2107
6099
6447
2298
4468
9027
8763
818
491
7218
6927
518
3415
4523
7476
9676
9420
8595
8772
2996
5037
1352
7631
8546
3016
8459
7217
6900
7209
4862
923
493
1347
577
9141
9605
3303
9597
8440
6141
208
1896
7819
889
3365
956
1050
9188
479
2804
9262
9286
2560
9560
4972
694
5479
695
8501
5145
6954
4878
1118
6729
972
7132
9426
4230
7810
1679
6942
3240
8499
3558
7541
9704
8639
9364
8045
5966
2989
1585
1897
7563
3748
7763
3833
6363
9807
4672
1912
9961
5995
7691
9778
8875
6194
9901
5503
215
6090
4490
3190
1325
1000
8114
5273
2753
4804
8770
8431
2620
8515
2128
5357
3994
8558
5289
6145
8181
3860
2618
3528
1959
5441
3412
5188
2617
9516
4945
7404
8464
5926
2872
7084
6507
8910
3225
1793
8512
4517
9109
3157
8909
5492
4312
2634
238
2335
8441
5511
4828
4305
8224
1990
7817
9213
4189
1880
7463
9942
1980
3292
9971
9677
7910
5
2675
5074
2306
1835
1567
9598
6301
1678
4582
7548
50
5908
6427
638
4390
7773
8430
9071
7108
3982
4061
987
5617
270
7268
7792
7148
1279
8769
7579
3920
8420
7816
5169
6717
5888
8845
8657
9916
2130
1817
387
1999
1927
3559
8648
4365
6211
4284
9081
5857
1894
5729
4837
2049
4166
4090
6257
2485
1479
2520
589
3621
4438
2002
720
7575
3536
4841
1012
9416
9084
9342
8428
1083
4722
4083
3212
1436
2511
522
7265
9410
421
4511
2208
8019
3371
5505
6725
4130
7973
152
9519
8082
1714
9937
5610
968
3220
4901
9257
5096
2962
2179
3837
1008
5762
1960
8848
5126
3869
6976
1892
6821
5468
3356
1928
9793
6421
8787
5405
3401
7980
8258
4308
5000
6404
5528
9976
3131
2542
3290
7864
1857
1653
6699
3204
657
3169
5652
7174
3678
4510
167
336
8265
1723
4463
7590
1041
8364
5835
9567
5632
8777
6292
7860
8466
4454
3607
849
4881
5136
7507
5214
5596
6089
20
285
5295
6190
7312
6143
7723
6813
4743
5798
309
5424
5726
1090
6513
7978
8643
5747
8007
5648
7787
3614
9949
8547
7146
5228
2435
5704
4098
4435
9657
8943
1790
8742
5680
3957
2939
4538
2594
1846
7958
2519
9577
4282
1751
5197
436
8295
6294
9202
7184
3667
9356
186
9270
1770
2759
4835
758
6757
8367
218
3769
1194
5032
7149
4391
2260
674
161
9121
9908
8078
5974
4679
55
3835
8572
3082
2223
3866
8254
4288
1740
4606
4314
3480
1252
4339
4620
7843
5448
4920
2875
6191
2544
9506
2967
5457
9238
3940
5442
4896
8217
8355
587
8001
5471
6947
2874
6718
481
1718
3701
7893
4992
9074
5017
610
9857
6971
4446
8522
2507
2778
3361
1799
8372
6334
6763
9980
1421
9573
7089
6503
5544
5519
1557
1961
365
3332
2156
5486
3178
7730
1376
6569
7799
3986
9619
8796
675
8381
3459
3388
7275
1091
180
1284
1956
3380
3134
8717
8248
9864
1957
6589
3644
3405
6866
7748
6781
7610
8615
9329
8488
1216
1200
5182
4392
9413
2252
7385
221
1551
2027
7445
4079
1577
8851
127
6714
9164
4402
1222
7082
940
3364
7303
4576
4684
2668
1858
4396
2858
9148
5015
8582
1107
6670
7460
4771
8621
1656
5673
5060
8691
863
1157
3495
3037
5215
4496
9459
2360
5389
2087
2215
7147
9483
43
9318
9402
5210
8382
4712
6100
5845
7254
7318
9641
927
3121
6555
1472
4699
2674
7271
5543
9836
4432
6829
8653
3955
3138
7398
8590
664
2564
5259
6856
3325
7304
7905
7881
6529
7180
5973
7899
2679
8689
8059
8052
8417
31
6565
8846
6655
2331
1117
7801
6169
100
2055
7478
6716
1617
8449
3467
6437
8882
302
571
6263
1759
2439
9746
3883
7920
9952
2353
3512
5429
6651
9735
7335
6923
6467
4304
9734
8759
2927
4128
4326
6774
1864
6509
5335
9852
2971
9256
6902
3540
6571
2895
413
1264
293
3755
6280
8543
9512
2022
6183
405
3598
1547
632
9708
545
3931
9773
6504
8711
5847
1607
7698
5114
2657
6884
4367
4147
4635
8591
9474
6943
1860
1305
9678
1303
8856
8027
7220
6532
9248
2056
5154
5641
4313
3870
7393
6631
1878
7339
3654
6185
783
9547
569
8240
4187
4554
4980
4241
846
2398
9812
7029
3921
9737
7425
8900
3812
8405
297
1964
1337
1627
3686
9407
1296
2621
7844
1575
7437
4948
9768
8426
1637
7056
3721
4627
4505
8486
7493
2898
596
7345
9614
5235
7436
7129
408
3934
315
4406
6163
117
9373
2267
8877
5977
7941
5738
9097
3723
9355
7417
9797
6347
6662
4018
5398
3370
7302
833
7704
1752
2781
4865
9923
8311
9038
3177
8308
1144
7749
3255
6483
1514
9756
6865
5077
6743
5797
4756
3977
2012
3976
3409
2789
1646
2879
8942
9944
6310
8778
6871
8119
2148
179
9317
3058
3623
4852
320
5687
8456
5497
5102
3311
5907
7780
3244
7963
9650
8782
3680
8261
3202
9277
6149
5623
4509
34
7173
9267
6702
3817
693
3153
3477
886
1235
1997
5049
1652
3856
5516
3795
2901
6547
6160
451
8252
6826
4491
3700
176
6957
8442
2632
5151
8483
6787
1433
382
3847
4981
5745
7334
2562
6309
3989
1389
7289
918
7761
3427
8531
8056
6848
7382
6677
9625
6172
1136
3754
9026
2694
8722
1092
495
7877
2272
7161
5646
4133
3262
961
174
6400
6486
1274
9323
3291
6283
5629
26
8198
6426
7182
5657
2447
6570
6142
324
6973
4836
2275
8432
5201
6197
5209
9661
2389
8272
4834
1906
4449
2397
3337
6542
2407
4307
3958
8944
266
708
6930
76
3021
9685
2229
93
1063
1542
7667
925
662
1006
4524
2774
6974
7295
9293
7808
5707
6807
7138
6381
192
2243
4117
4071
5170
9482
390
3350
7041
779
7744
3171
1574
6689
6828
8387
4393
1716
676
3438
2458
2817
7142
2413
6524
115
187
4276
160
5881
8389
1164
2497
5191
6222
9711
4555
8911
3964
2641
8321
7488
4151
8820
7429
4283
9122
6514
9378
4453
5018
9437
4242
2824
1725
5473
3392
1062
8275
9259
9766
2078
7353
6435
8949
9790
327
4883
5664
2440
9769
6734
3250
449
9917
8844
5780
8597
6921
9311
9628
4175
8579
566
6723
8768
9514
305
2069
3080
1499
973
7365
2310
9705
5476
9815
9
8195
6295
3247
3596
7616
2561
6037
6894
4469
4602
3226
1582
4919
773
7944
8368
9765
5991
7465
6672
4219
5784
9454
9502
4740
5952
8629
5682
6344
6302
3542
8720
3622
105
615
1810
980
6082
4807
5631
6013
3354
9775
4613
8283
8805
7617
8518
422
9789
1712
4224
6650
5459
6174
4005
6264
5976
4168
3091
5947
478
3490
9706
2904
2933
5344
1608
8876
2755
8635
5390
9449
8706
8806
7494
1023
4829
8151
4414
6331
6881
5626
6316
4526
4998
6732
6161
2020
2132
6633
2029
3859
9340
1184
1953
2809
5368
296
4968
7528
2374
8273
3146
5846
8366
2767
4296
7466
9456
1503
3646
7990
3122
9829
6457
4021
4787
4799
8067
549
1193
6322
6450
623
3241
8155
3787
7191
8314
9871
3112
9361
1106
6710
9988
7731
934
6265
8584
525
2857
1322
4806
3276
2636
4522
5672
2915
7428
2364
513
2701
9648
423
2373
2724
8710
2731
4206
7666
6665
2768
7546
9072
9645
2499
5099
7083
1075
3562
5343
4360
9603
4471
5736
4622
5317
9721
8280
2366
1811
5967
4678
7400
3482
7483
6863
2599
3324
1615
6186
9888
2348
4707
2327
3372
6086
146
6355
246
2063
1069
6217
8418
2565
5579
5722
1609
4182
9907
1899
5495
3391
1668
8044
1781
3464
9415
8403
8476
6604
7327
4950
9798
5172
9998
8904
7376
6531
1272
178
6011
3772
550
6474
9496
8581
6423
1017
8282
6234
5761
8496
6275
2088
6432
6204
7509
7284
166
1620
5221
3228
4387
7131
1708
9227
3534
1361
4995
9086
1717
1728
2218
8886
542
7501
6671
4725
9723
7024
9849
8102
1180
3142
5039
9760
5052
2330
9600
7583
3321
9187
1871
6811
5685
6661
6076
3445
9719
9150
9596
3544
9186
4742
5566
3285
2717
3959
2487
613
328
6991
7431
7871
2193
9400
2859
7104
7396
8647
3895
1048
5751
529
151
3015
7464
5554
9701
6259
1778
7659
9615
1426
323
3557
9276
3318
7170
6815
7250
5763
8952
7915
7681
9047
4508
8057
4177
1374
7987
2782
488
4553
8158
8505
8307
8235
687
8080
2023
679
3257
7371
2888
6521
3046
1458
7258
3368
140
3406
2281
9129
2994
1765
5538
7589
2582
583
7890
1732
9893
3261
9996
3849
205
653
7422
4907
7322
25
1202
609
9854
3863
8764
6150
3273
6176
5965
6528
7341
1629
9053
967
2469
7162
5464
9337
5383
861
281
3265
6864
8662
6731
5959
7392
1119
7027
234
6606
85
231
286
5624
4291
5481
1867
8861
2159
6609
5717
3831
4792
5546
6337
5258
338
190
8819
7219
4888
2660
4661
1537
2952
2922
2291
4119
3789
6766
6965
259
1552
6063
3767
2102
3733
4864
5825
6445
5727
7038
6683
6945
4051
81
1182
8889
3908
5073
5728
2307
4228
4342
7732
796
7641
8669
9343
8088
5608
8086
9041
7195
198
5395
2320
427
9684
691
3385
7970
3526
9319
5937
9675
7389
5840
7009
4969
8099
7938
4925
3978
2474
6992
9969
8751
4227
1669
1809
7316
7144
368
5033
2480
2894
6526
7399
7793
434
5532
4318
53
9622
8156
8553
1970
3421
1536
5437
9372
7935
8468
