1121
5675
4605
9233
2120
4545
2088
435
4669
3616
685
9360
6616
7837
2529
6242
5372
4300
7257
4888
2837
6100
6341
1136
2859
6979
5800
3320
5608
3807
7200
5325
5330
8346
3778
9080
3539
7244
803
9469
5948
4455
2958
2548
3815
4867
286
6381
4743
5843
4944
3987
3383
3895
684
7686
6766
3830
8127
1073
1291
2137
9559
4346
6740
4869
1257
2164
9016
3342
2478
2657
3975
9429
2964
2639
6014
7744
6159
8586
3764
1961
2102
8684
490
4408
2957
9587
8203
5790
1429
4068
5268
7482
2960
8757
3099
3432
8841
7643
4043
2572
3678
9730
9184
9097
8183
708
9702
5737
6143
1835
4892
1017
5990
5018
3888
7267
7235
7467
3712
8085
2124
8474
5440
6070
1273
6756
5583
4255
2314
8764
6311
239
2221
4338
9420
2569
1940
755
3218
4139
2090
486
8301
9660
1258
723
169
9800
5212
1515
7304
5327
4756
3433
9091
4122
9648
6944
5360
3107
4048
7373
4065
6056
3140
7328
354
9819
6618
1345
3026
3593
2215
273
7450
6021
1817
7258
6889
8794
9675
8791
8572
3010
6009
9346
6972
2465
8773
2341
6122
4476
8974
6324
8554
1619
1704
2562
9859
5378
4248
1333
504
9880
8347
140
6676
7912
503
2396
9903
6652
6119
4880
5421
7549
8580
718
5257
2745
4914
2416
499
7193
4736
181
5414
6583
8261
5261
2223
8910
4016
8222
9494
4528
7315
5027
4160
6118
3470
6637
1123
5927
511
7491
4872
1302
8155
8000
4531
808
5400
4668
5546
869
7221
3465
8582
9552
1670
1786
7356
973
8711
7140
7931
1179
7548
560
3695
1327
58
278
5456
7098
3610
8251
7239
7985
5127
1301
1059
4167
2168
7478
6386
2694
5186
6144
9334
6985
6955
4630
9624
8944
4901
1013
2842
3512
6968
171
6899
2008
348
2273
7783
1118
8970
5319
1646
6744
2338
6116
3340
514
3897
4949
1869
8521
736
6638
8502
9060
9268
8846
5166
8797
4363
7402
841
6731
6961
4374
7933
3993
2578
6191
5331
8384
603
2195
3054
1379
6029
5571
8687
7169
4777
9802
9100
4590
5069
3745
8338
7961
9437
6684
8157
1432
4503
5056
3801
1413
6418
2518
7167
4978
7029
6117
7928
9900
237
6624
285
6222
3996
1696
2946
4603
3948
8917
4372
9637
8573
9132
5654
8212
2683
6768
8065
1648
5996
9143
6435
6959
1037
9380
9188
9522
1292
9838
4577
6661
9391
4945
2560
3961
3597
71
3481
3955
4911
7424
994
324
9352
1414
2718
1917
3006
6469
4855
1144
5062
8148
8753
6509
6992
7398
9273
5289
6709
610
2002
3758
4082
9776
4204
1305
7844
8046
717
972
6840
7387
4389
4230
1725
7464
8360
7944
7530
1816
936
3847
5057
8248
1839
4975
6834
8506
2063
7561
3272
8512
8052
3280
7691
7969
9768
4102
294
7620
6554
1316
3877
9941
2155
5441
8626
860
5651
4774
9376
1018
7342
5733
6302
1283
6720
6415
8272
4852
1865
2735
6292
6057
8851
7463
737
5481
6015
5598
4330
8123
565
9579
8670
1999
3265
4599
2653
5690
5921
4172
6613
9512
2119
5208
6703
7917
9716
5083
8724
3260
6414
4391
8095
1607
6518
1966
9946
5316
1854
3176
9461
6477
3492
9312
549
2698
9199
7831
63
4650
4463
4555
2919
1314
7509
3005
7287
2952
9075
955
3350
5470
8760
3646
1029
1252
6339
8087
5238
6223
390
7683
1849
3584
2330
8391
2677
4144
5023
8268
3081
9852
9580
334
3388
2606
9070
4448
2770
2473
1093
1520
1712
3299
1032
5125
8629
8441
3781
6042
8116
6527
7301
522
5234
4494
1149
8714
738
9983
5079
9131
5485
654
3197
6076
5706
4837
7574
4671
8042
9714
5768
576
2980
3892
4499
5568
5275
588
6737
308
9028
1248
7007
1078
5924
542
8344
5899
9526
747
2796
1763
211
1675
113
1625
9618
7370
4289
5793
9481
7379
7002
8154
1397
3346
6983
6584
4467
4886
7550
2233
5315
3591
6628
9479
203
9635
7165
9833
6669
4656
3641
6833
244
5223
352
880
2134
7277
5615
9911
9854
4134
7637
5934
3827
5986
9309
9893
4033
2280
5610
6085
4946
3829
4516
2362
1097
8263
6492
7013
6050
9102
8104
9315
9762
9139
4960
2206
5209
5240
6297
4464
1694
2818
4851
1705
535
2928
7429
4547
5009
993
2546
6035
4039
341
8644
6510
3820
6496
546
4283
8451
3365
4493
6006
7914
9445
5171
7170
7005
1750
5213
466
1799
4023
739
4909
9892
2754
3406
6033
2624
9639
9549
2484
4850
9848
8234
4482
3356
8064
7117
9211
756
7095
782
6312
2982
1973
4658
5897
7792
6710
5562
443
2060
5522
2354
6963
4754
9005
1217
8428
631
7503
8369
4724
1856
9112
4740
2022
2628
303
8306
4212
8815
9254
6523
8955
6653
4424
8257
1577
6087
357
7044
2539
8886
7728
6895
4536
3687
6683
1428
1661
2316
5650
256
1006
1025
8009
7979
5407
3861
8373
839
2449
2360
2307
4294
1901
7116
4352
5176
745
5424
6497
5607
5648
1085
9361
7975
1737
210
7527
3896
6876
3304
331
422
8113
7952
429
1924
3844
5100
222
5187
3697
4222
8218
9949
1245
2066
1046
655
9220
2339
6631
9749
9401
3677
1741
3429
5012
5507
9936
7994
9063
5981
6060
7947
8678
7159
5730
5247
5306
3905
2780
5629
3223
5762
8809
5144
6008
53
5901
3181
6667
1785
4465
8382
618
5071
6557
6635
4471
3983
1322
8855
9820
6318
6939
2099
7819
682
2149
8209
6761
1723
872
3748
8776
9055
5785
6659
9079
7172
5639
3889
3214
5551
6078
854
7050
2345
5383
2840
1101
1587
3494
6257
8472
1000
7555
5312
9108
8503
3239
3627
5279
7168
3568
6530
3420
6791
965
5918
4185
8076
3059
4583
8971
7483
6679
1154
8896
70
2262
4579
6036
5192
5912
6575
6086
5752
2782
8011
5072
9778
8704
6220
2528
2021
2148
3974
6319
9937
4976
6775
9502
2585
7123
1367
9071
8924
7677
5846
5838
4388
9416
3869
7870
7670
8865
6419
8793
9738
3518
8837
8719
9074
4365
1959
3557
6693
3275
5368
2133
3171
3784
3725
3463
7862
9465
1622
6020
8244
9696
9251
7811
1383
4211
2073
1585
3226
1952
143
9721
5860
7672
7083
321
5662
1349
5386
1889
7307
9428
3291
120
3732
6513
7936
5957
8698
6284
7498
7569
8787
887
351
5468
1814
9355
9325
1630
8350
9086
4939
1080
9316
3409
1392
3002
5542
9219
1998
5114
1522
9339
2527
9651
8372
1216
5585
1935
2746
2667
5657
9264
8993
5055
8045
8591
784
5242
6945
1764
9430
9676
9881
8742
1159
150
7924
3000
815
7921
3238
2520
3834
6798
3733
8663
2674
762
2659
5446
7707
6568
8258
8873
8488
651
8984
8552
2781
9605
5888
1203
9065
536
2489
7468
8269
7640
7595
7841
5792
8812
2156
6866
232
6615
694
8317
7360
2561
9981
1926
6542
8102
9136
6843
4673
8870
6649
6438
3988
5488
1076
9484
3020
3799
1861
5442
5096
825
2126
1259
4506
248
9678
1303
2588
3760
7904
6046
3946
6967
2645
8743
3044
1202
3343
2071
4171
2188
7438
8618
360
7639
5590
6010
1591
4421
4110
9595
9130
8945
7293
1749
6606
8786
1523
6201
2220
204
7480
1702
2896
8927
7091
5126
4971
4488
6416
812
5259
458
4987
8221
3574
4884
8363
5398
7412
5925
9047
1993
2769
7669
3816
4396
4081
1571
3817
8300
2052
6468
957
8143
9698
4997
8172
8319
4609
1655
6376
7292
4083
5931
6678
1627
1134
9058
9532
2363
4402
172
7146
6836
4595
8992
9788
366
9503
4280
3202
460
9593
6650
414
5862
6307
3114
7501
6420
9013
9464
7124
1606
2977
7455
1899
1267
5078
1
1152
7743
545
9855
679
406
3586
2589
2081
1903
7362
9631
8316
6224
3824
8030
8892
909
4627
1163
5712
5854
6075
2506
3560
9864
2079
14
9870
2039
9867
9082
6101
301
2885
2534
253
1098
5941
4313
1972
2753
7224
4203
3389
9794
2032
2811
1732
9486
9073
8185
2522
8856
952
958
7658
5684
9625
7851
1635
9489
1049
9021
7788
8094
1911
3569
6524
6241
8090
8908
7516
2846
3289
1777
186
3441
2942
8026
187
5944
6387
4563
6176
5538
5504
2418
4554
3929
5236
9724
9096
9446
843
8976
4251
3967
6424
6549
2355
8240
9827
426
6421
4882
705
8330
1840
2401
6976
2437
3310
4141
4636
7421
9965
9000
3134
9004
9955
4299
7458
6164
5397
271
9518
9659
686
2849
3793
5417
8304
2634
8073
5092
620
5633
687
7279
8138
1827
7375
9590
106
1916
9547
3519
7390
6002
1540
4895
7070
2602
2736
1086
3945
5871
7945
6346
5341
8159
6824
2172
5649
3416
130
5483
9448
4312
6882
4524
6580
9533
5967
1776
9266
7891
3073
7856
4035
9040
1082
6538
6347
9909
4847
6198
7737
2328
6950
2742
8685
4521
7142
3182
101
5498
8749
5304
8847
1850
1980
9003
4273
1743
1155
8297
9666
8246
2373
4179
6188
4232
577
5686
8645
4720
6388
9619
5606
9250
2482
9305
953
3635
3224
9816
4795
2464
6439
5589
8756
6747
6402
7867
4012
3205
9973
3803
3122
4883
951
2250
9336
73
3517
847
4677
4197
9632
5160
7925
4689
5962
9674
9810
1260
5104
3731
6696
2612
2536
1311
1751
77
1366
4617
8625
197
2289
5683
3118
8958
260
6778
616
9413
4006
6139
5635
8763
8577
5999
1824
3359
6184
6051
9680
9314
434
1838
6545
4828
9994
6742
5940
2743
7248
2701
8545
5783
216
7076
9901
9155
5401
3717
4297
529
5695
4319
5699
6714
8964
6559
6467
6664
9206
8838
8351
9564
1354
1394
8207
3103
9104
7275
9048
1782
9089
1798
4206
7575
1988
1533
3562
4376
8918
8677
4128
3207
2315
3872
7153
4013
8527
3286
9020
9585
5739
3443
416
3308
6808
4709
9566
8129
2121
1062
8149
5804
4063
2436
3237
7381
4678
7892
86
2351
199
1584
1015
5178
1411
4778
8916
4309
5565
3650
7259
6999
5943
5231
2356
364
8950
9582
8510
6177
1890
6494
3669
1053
6918
6748
1218
1975
7741
8058
5328
6460
2512
3088
94
2408
5429
6443
4219
6074
6799
8683
9454
9565
5403
2194
6370
1453
2804
5710
6688
5676
404
469
6333
1513
9543
8105
170
7710
6476
7827
7134
574
671
3315
1791
7922
9729
9235
2576
8432
4767
4649
7367
4607
8201
3240
5321
5000
9226
9511
1875
2933
3747
2333
6458
5303
8414
8526
3255
3253
4785
9555
6880
2135
163
2374
4252
5107
9944
8583
6196
2153
3806
4017
5958
6206
7632
2847
5703
5910
9439
3853
4871
2182
888
3126
3800
7344
1295
41
2372
4334
7009
2570
8487
2294
8570
1773
9277
2034
1797
1031
9347
7626
2839
7667
7618
4984
8266
4902
2097
7506
1662
5611
3657
2603
487
3485
8077
8722
4231
589
178
6271
8124
5896
7006
1810
8717
1896
7594
4670
1057
2894
7309
7504
1139
9912
3384
226
4286
4485
4933
6138
832
2190
8189
8705
1299
1551
5933
9782
4241
3097
8345
6450
9551
2865
7160
1232
6099
5457
2611
1495
5150
4123
2222
2477
444
263
9640
3521
5775
3701
7953
8089
1359
4708
642
4998
3471
4257
8816
9541
6141
191
4419
2241
5311
117
1964
8707
2866
7695
2450
5482
3019
8593
6821
9394
5791
9915
7321
7624
7131
8623
3357
3395
7798
9146
2365
1280
230
4332
3170
4587
3067
2238
5696
641
9856
7542
9493
4159
410
242
2417
8511
1340
2622
309
5858
4217
5226
1586
4047
8665
6675
7311
3941
8108
5267
6984
7324
3077
2392
6782
4832
4413
1452
5595
336
3596
2145
2618
4814
9990
6412
9044
9731
7327
1294
1055
6465
4831
8179
3629
6470
8079
8762
5285
1344
893
4350
2900
7836
45
9466
4639
2967
3777
1800
4254
7901
5139
1382
6912
3792
7413
3355
3196
8614
9392
4369
8227
7358
2968
5624
3849
959
412
6120
3195
328
3995
5297
2772
5870
9343
3130
1545
3163
5427
7807
3412
3537
9737
2311
7601
4199
2581
3325
1168
5513
4453
5064
3503
7206
8966
3011
885
1642
3102
8262
4089
8307
6958
7942
5968
8100
4532
9067
3472
7453
7227
2854
666
2817
111
3108
5217
7521
6903
8581
9042
1352
4116
7664
1265
8410
954
2858
3680
962
8587
3434
3189
2111
6255
4846
1913
9148
5344
797
3916
8877
2621
9727
8333
1770
8982
4856
7295
3390
4684
5643
1289
801
5042
402
6491
9836
2352
8036
6390
6764
7380
3689
8898
1950
2664
2012
3440
5784
1326
9284
7829
4771
5408
8746
2282
9030
7255
6600
7861
3924
2094
5528
7254
6973
5802
9940
3334
3008
1802
3994
4261
6453
3352
2654
8392
2438
8801
3621
7955
5246
7545
419
6463
29
4262
8567
8017
4461
4977
4001
2790
1365
1364
2975
6611
2015
753
1485
6521
1007
2267
6713
4031
3074
6935
5301
5317
198
134
2014
3785
7141
1656
1236
4045
2978
2993
3726
482
680
6437
4472
5211
8535
8859
26
1565
1904
2693
4306
884
5894
6022
6602
6230
6167
8007
5976
6969
7874
7488
2166
3693
2297
8654
5290
7420
3750
7022
6323
2873
64
1613
3045
9099
1253
7629
3430
7188
3544
8223
3034
5228
9388
3921
2329
1496
4589
7828
9862
5740
4477
3243
2702
5167
3794
6504
7774
1071
6369
769
4990
9050
5519
1099
1219
4731
6894
9750
7536
1970
6572
5627
7779
2254
6885
498
7499
8161
1933
2152
2970
7042
8057
2025
5132
695
8336
5828
455
2723
1937
7524
4225
5670
793
6825
8934
751
907
5640
1778
7133
6126
2816
5993
774
5721
1473
1957
6982
3532
7642
3348
7199
2991
7986
9223
3245
9621
8277
6812
5698
740
9957
5095
465
1789
5994
3322
3316
4247
4729
9217
848
3309
9589
6576
6875
2775
4726
90
7822
6859
9687
7882
5364
8622
6210
771
2715
871
82
9991
3525
6995
6083
5536
9996
3399
9956
5392
925
4718
7889
8419
1051
3146
1181
6105
9242
8044
8731
8211
8824
3353
1129
5810
476
822
8767
2731
2577
2369
8125
1885
602
1182
2831
870
7035
425
4456
7322
3885
5534
2685
5076
5548
7028
4593
9276
2852
4282
2298
5579
4318
2421
3048
8455
4044
3934
9371
6804
6032
471
135
3706
7237
7361
3839
2670
1766
7777
1180
5161
8696
9255
1907
4514
2979
1113
6911
9943
4301
4218
7903
6746
3459
830
7966
3133
1611
5856
1499
7422
5845
2651
9542
3261
1509
8192
9390
7150
2143
3092
1135
240
9557
8111
3990
2776
7340
6503
5873
701
2765
3366
975
4717
8489
30
246
7894
6249
5718
2440
8217
7898
586
6152
4504
526
7241
7395
1544
1239
8887
6200
8378
9694
8589
4317
3394
3095
8449
1744
5630
3903
1212
2756
6146
6007
4229
4796
6505
5587
6364
6596
7600
5243
2879
7368
5195
4876
6931
2293
8907
757
3144
4621
1174
8733
4333
7935
7477
3912
4492
3587
4086
7352
3575
4889
7684
2666
8282
1374
1298
4943
5334
2257
1035
3930
2085
6519
7231
9613
2768
5780
5988
7698
8470
105
7641
4616
5181
4951
7652
930
2669
3836
8524
4411
2451
8688
2375
6998
3898
3070
5576
1102
974
6856
692
3305
3615
2230
9773
2224
8199
1876
1739
9477
1735
6788
9200
3703
7203
8864
1943
5323
8355
633
4103
543
2239
3856
4817
5820
1308
563
4550
4008
3232
4857
9506
1910
5044
6026
2165
6520
3053
4377
4920
6922
5016
7181
3690
2708
7586
4018
9299
8940
6195
1448
8080
5596
3982
8903
157
2061
8267
3331
6161
6665
2676
7460
3477
287
8871
5619
1044
8289
7065
966
3749
5779
355
2098
7063
7351
7690
2491
4806
9831
9504
4735
3658
5156
6962
7638
2505
5769
4156
8636
4153
2197
1525
2883
4059
3513
3966
1279
7019
1278
7030
1189
8486
6000
9622
796
3851
7696
6204
1224
1651
8494
1050
5658
6264
9905
4728
5477
3533
6135
2209
8314
9998
7232
119
3229
8484
7893
3295
9574
3190
4967
5467
1061
990
7808
6282
8968
8532
9480
2625
5709
1478
3367
5729
920
2092
1653
6662
2403
1830
7511
317
5375
2532
6325
2122
9137
3590
6003
8050
9404
3246
9497
7797
8343
2938
9509
51
5664
8228
1211
9657
7719
1868
4113
4565
2996
8860
5087
5164
7757
6245
1758
9408
6158
6708
8464
4398
224
376
856
6012
4258
2479
468
8874
9641
5265
9754
5479
5969
7733
3702
1688
1451
8066
7906
6067
8987
3039
8660
6444
6209
1679
4088
1579
1435
6789
8721
6936
8590
1719
9167
8053
4792
4483
8106
5093
3761
6258
4955
9230
6328
6989
2343
7407
9614
6406
2353
8362
6178
1276
2395
7890
7552
1804
3296
5799
5206
7790
22
4057
4329
591
3631
9537
250
5066
7108
9550
7877
2719
9722
6274
849
1387
6331
8740
99
8140
7280
4181
4177
8671
2869
5995
7968
5825
8925
5004
3786
8061
6975
8359
9450
4362
6112
1338
9513
5946
7578
6397
5913
35
2125
6291
5308
7484
3127
9923
4870
4327
3842
9627
525
8163
9863
2196
4069
8800
1081
6831
901
6320
2930
1870
5274
8963
902
4905
7350
7724
2943
5687
1796
4178
3313
1604
463
3791
3380
202
7693
6820
2495
3541
6343
3377
9671
2470
3530
9330
9985
5493
7410
9857
2868
3049
9221
3639
8239
87
3168
3050
5682
9751
6697
7323
475
1664
9914
6966
1398
7148
4416
6166
9189
2630
5751
3104
898
5974
6800
9798
7385
9467
4702
9586
611
8206
2825
9281
7459
8946
9849
1864
3360
9069
1807
4348
8018
6790
8387
4512
4890
2388
5874
857
851
3162
6179
3422
2843
7058
1951
4712
2474
9642
7923
8371
405
7919
1556
2070
9868
9610
8135
9779
7840
5241
2448
5216
6260
6754
5694
5255
850
9038
7177
2387
5577
9922
8153
5054
3875
8398
6322
4936
8264
4055
5830
2115
8493
4423
2922
4292
3622
9963
28
5196
9891
4198
2890
2381
9560
2422
7051
7675
9726
5567
2113
221
779
9310
16
1469
2003
8200
1193
8844
3977
6902
4693
7656
9796
2259
3079
6762
5188
9701
5570
9894
277
4680
1109
2377
3953
8989
1680
4498
190
2759
5885
6981
5746
9843
4240
3857
4308
8092
1883
2211
2553
2541
8537
6621
7679
1223
339
8726
268
7746
2627
6334
1348
2072
9399
3522
5673
6454
1497
537
3057
8785
2721
433
1843
5714
1378
4101
9812
9018
8408
2828
7500
1002
1541
7699
6651
9615
8901
6781
9740
1617
9792
7473
8857
5681
1233
156
8164
4015
4745
2161
7012
5609
7144
8158
6751
8483
2271
4084
4164
4681
7485
142
2856
9898
6588
2875
118
7835
2809
6923
6326
4444
6887
5584
8640
4392
7558
3937
6219
2404
3841
485
7564
3184
6765
4798
7566
3814
612
4384
2487
2266
4701
7296
7297
878
5305
1462
2826
2269
1771
6391
4002
2348
9999
116
9261
7149
1783
9548
2633
3735
5103
9
7964
4452
3718
6111
8709
154
7685
4683
302
2077
4660
7854
2167
4816
2313
5667
2750
1468
7793
3684
6186
6041
2601
7753
8544
8774
100
7843
5369
763
6941
6562
9777
1976
2948
6226
137
3874
3139
4364
1075
1724
8082
9850
1254
391
8919
2493
8252
397
1482
3028
3504
7589
2296
88
110
6734
9774
2082
192
2000
8168
2813
9329
1894
1419
8101
6428
3890
1074
8060
377
9529
2237
8643
783
7135
6951
115
3796
5124
8900
9707
5905
2549
4843
8365
2680
6081
564
4581
7946
6608
8422
2699
3900
3523
9638
6422
3096
6916
5819
3660
4020
6194
2258
6514
672
5032
1851
4525
6838
9192
9775
7800
3659
9084
350
8938
7113
8008
5574
8323
421
9954
512
2711
9147
1493
7554
7423
2914
7738
978
372
1757
1315
1410
8610
590
8884
4625
8357
1105
5022
2665
5704
3728
9152
8071
9767
8542
128
8795
7090
8843
2696
917
7546
3283
3193
6250
5614
2898
9535
8375
1589
2824
7776
4624
3149
8174
7911
946
3021
7294
6189
4174
7335
4866
2427
9418
8637
1142
8237
4475
7971
985
3808
1084
223
9945
2234
7585
7338
9546
8813
4887
1925
937
3382
3865
919
3699
7980
1290
9093
1417
787
2304
9379
2789
2284
1853
9204
862
4744
2969
5351
6827
9980
4833
5047
9584
9736
5497
1346
5659
13
8951
1176
9156
4923
7977
7522
7025
8280
2462
8400
3626
7111
9711
3335
6739
7781
2550
2496
1092
2971
6892
1214
7750
290
2243
606
4510
2468
873
7606
6784
9190
1930
3502
7073
9633
7441
8814
2972
255
6908
3825
7559
8235
1306
145
2384
8287
3957
1689
3510
2924
991
4415
2101
9658
4298
6858
6088
1645
785
8555
3178
3016
5866
1034
1527
7773
4270
4409
4725
5293
6310
5487
1945
9110
3125
9961
5781
592
6852
2554
456
3585
2903
7086
5564
9023
8194
5707
637
2832
1145
385
2784
381
5003
792
6279
5863
6525
4925
1156
9598
4245
2461
4875
6149
8792
604
908
4769
9101
484
9304
7399
3025
5881
2895
5486
6377
6265
1484
1250
1722
1534
6668
1506
4824
6097
7623
8341
3511
3259
9246
9341
8388
7864
5747
7436
1549
7487
1981
2131
7687
906
7
5005
5717
6690
6403
8761
1553
5492
1977
4058
7230
7043
7996
9436
9558
2648
6794
8254
819
5258
1543
7599
7842
7476
2997
6352
8256
6627
7972
5302
8
4357
7636
5490
8438
5165
9282
8215
6396
1874
4667
8491
1331
9748
2244
1208
6173
1023
9116
8463
5569
4513
2013
7218
713
7202
6873
4775
8650
1658
8730
2142
3835
1517
9170
2596
9974
5051
2516
8029
5210
8443
4072
4457
6960
6134
418
4399
4688
2905
1605
4957
1825
7205
4747
4739
647
3715
8501
8364
413
3561
9475
8389
2389
9554
8548
1939
6383
6187
4982
5142
5755
1923
998
8309
662
1334
5371
3572
9491
716
9232
3637
4862
5450
9628
823
5612
5048
1199
68
3683
2045
4489
657
424
2540
9531
7216
1363
4507
2429
1430
8595
1458
7958
2655
7383
9766
9832
1264
2855
2091
7577
8213
863
8867
7246
6913
1066
8642
8380
7956
1601
4190
9523
5111
3526
9474
2878
1116
6066
4263
7492
9087
449
5604
4148
4354
6630
1897
5366
1021
8630
2083
7973
4495
1692
3473
2582
1995
3553
2717
2998
8522
67
8303
2819
3363
7926
4858
2346
3192
7609
9111
6153
2001
8305
4166
6699
5415
7727
2607
5215
9772
9789
8224
9846
1227
3605
1519
3536
5183
2822
5665
4250
3445
677
9808
5361
1845
4011
8196
9931
8930
2599
1578
3213
19
283
8290
6701
8409
3093
235
8059
3150
6252
9166
2934
581
6556
4085
1107
6857
9993
9471
370
3453
9212
8715
7845
1200
7222
984
7426
1536
859
4331
2414
8566
4615
7427
9248
1368
1481
8492
5876
3742
1161
8169
2106
8370
4830
7208
5405
2882
8839
3132
983
2803
7708
8748
5418
1686
7700
4719
6943
4576
4279
2276
8055
3274
3653
6801
4118
5439
258
1819
600
6726
8460
1971
8752
5045
6409
2766
4186
1878
3578
4353
3926
5320
5766
3333
4005
5622
4238
2584
8025
4243
4501
704
3418
8529
9755
1255
37
9734
970
252
6743
8806
7209
4727
5077
9459
5149
5266
8068
1234
3037
3318
7036
1184
9539
4200
2531
8454
5553
4130
7787
4764
259
8836
2697
8913
7271
2537
8197
2579
4789
3290
7730
1358
7268
1153
96
1133
3210
4986
5765
7080
802
4542
4746
1205
7984
4140
584
987
9982
4947
3157
5367
1906
1893
5671
1158
8023
2764
7195
2198
9333
3719
8997
3247
1881
4169
6142
7053
4107
8543
5224
6094
4237
411
867
4395
9540
3495
8278
9351
9385
5448
2093
4974
4349
8779
8990
7628
4874
608
5688
9873
21
2716
3642
6516
6263
7139
7888
7809
4873
2499
83
1657
5831
2193
1963
9553
6048
9153
9634
5822
387
1794
5772
4014
3454
4768
1985
4131
6308
9239
6924
7525
4963
7801
4834
6715
1166
2136
1020
1598
813
5557
4682
6920
1440
3456
7880
5529
9066
9652
3670
6172
2841
5645
3649
1389
6106
533
6610
1204
9006
6814
2747
5202
6595
7359
9953
6641
3609
9703
1321
4478
6199
7531
9324
3111
6930
4518
3737
9114
1307
10
3179
6817
9225
3763
3143
8091
7916
4799
2058
1317
1812
4325
9049
6544
43
4715
9125
1687
4410
922
1342
8132
693
4606
9594
579
4983
8331
2740
4418
7228
6481
5509
7462
4343
3043
7001
1671
9149
648
9306
5262
7572
7213
4109
4819
2231
4765
2455
6657
2265
7345
3345
5179
3743
7318
5194
5299
3931
8469
428
4638
5198
1131
5823
669
6581
2835
6752
8144
988
8081
4935
7772
6577
7653
7401
7392
7408
4403
2204
8558
164
9663
6478
3672
8738
33
2212
7409
6030
4738
2838
6354
2660
3985
8070
5235
868
7616
4613
5174
897
2793
8236
7032
7885
2507
338
534
6038
2486
2399
2857
895
6553
5929
2931
1932
5404
7449
9875
4239
1568
3524
4469
8985
5173
4275
4096
6735
7605
1530
5605
3374
5892
3638
6392
7447
1641
8546
185
6287
5494
5738
2556
1329
9534
8498
4645
4760
1681
7024
9829
3971
6893
6147
9930
4941
7668
1747
1300
924
929
6162
2940
607
7633
6207
5984
5909
9591
8259
1047
2501
6034
2563
5354
5431
3727
8531
4544
1768
9410
1855
9884
670
7997
1947
2309
9077
46
942
7697
7673
6757
8628
6574
1920
3402
6266
3545
3221
7055
5883
8043
8233
8540
2752
4182
8608
6027
6896
3855
4094
4628
8471
7881
3413
2300
2181
1209
837
5787
6816
1221
3234
2552
8467
7598
5426
3174
6380
1476
660
6558
809
7702
7930
8276
6704
6382
160
1185
532
5549
3600
2283
3935
6004
8329
5541
2916
9500
5037
5115
9435
8954
7020
5734
3161
4446
5806
2367
1703
6802
2011
7210
1064
510
5939
6594
3721
2432
7253
7681
495
4664
733
5723
876
4136
322
3381
5594
7494
720
4420
8321
9151
7715
213
9785
7991
4556
6104
5205
9025
7190
9057
1891
4574
3386
6236
9456
1714
8281
558
227
2390
3462
7457
5388
8334
3679
2820
2207
8031
440
2619
7651
2163
883
1238
4361
9743
7680
1775
5887
129
9920
6045
7929
938
5923
2138
7308
1616
9422
3840
2758
3156
7376
1760
3276
8534
8019
575
5253
5935
6946
2727
4663
4829
9062
18
1150
3294
6591
1918
6330
2037
3765
9178
2632
9655
4500
9290
2757
7709
7397
3752
5346
5566
786
5724
1983
553
5010
2288
5552
4773
4236
479
6275
7112
4948
8177
7510
2308
7269
81
7059
3868
2178
8499
2686
9115
5786
7081
7137
2939
6927
6145
9830
3060
4922
2129
8826
6488
7417
6168
1058
2605
6561
1685
2949
7982
2936
5879
1157
4535
5411
6304
7400
6692
4820
2725
1871
9321
9545
8682
7833
2407
5097
5002
4711
3458
2219
7434
2378
800
556
5138
7967
3676
8702
9443
8121
1811
3203
3180
1240
8716
2650
3870
9280
7940
2920
5203
866
1938
2349
1433
582
3041
4442
6342
31
6932
6522
3455
3850
5425
1406
2530
464
8396
910
225
4634
2508
344
8863
8119
5911
6417
8182
2472
3362
7597
6107
1377
1787
269
570
9364
39
690
5394
2862
2047
6706
2192
7371
6171
3038
2567
6891
3121
311
675
8337
1974
5720
2475
5503
4412
1237
5987
8332
1512
368
480
805
7507
6691
773
3645
5952
9883
407
507
4608
2851
7602
8442
8134
4021
4791
710
4655
114
3153
9009
9193
2494
7377
2488
61
5244
8318
1984
8327
1566
9095
8758
6563
5162
2617
1761
4326
9331
625
2525
835
6785
2973
2797
1019
1593
8173
188
379
3257
4697
6807
3475
1667
683
266
4458
5983
4804
4215
1779
93
6441
5362
9616
112
853
3100
5413
8241
1502
3396
8602
1867
7069
4267
9528
8615
724
5750
4265
5039
1068
1241
8541
5555
3080
8533
5539
4753
2286
9085
6059
1752
5251
4205
9926
450
3154
5593
189
3277
8393
9335
2023
3647
4049
7608
9307
9275
5119
6115
5572
6384
4284
2899
9514
275
6272
2823
2626
8170
2275
5232
9186
1759
451
5672
8048
6666
931
5508
6466
9654
4404
767
9977
3248
3457
75
2565
5668
6089
9745
3211
6548
2557
2510
8879
7563
8556
173
4393
7331
7107
650
5908
9395
3148
6375
8361
8098
3887
4631
2302
2028
5117
4900
8811
4022
9323
7810
7965
2299
8412
5878
2278
9010
1275
5296
8340
6113
3227
861
9717
8075
448
7528
2319
9710
5376
7860
7047
7015
245
619
9442
1813
6910
8575
1805
7723
777
7714
7939
6182
1486
8147
3023
9809
2191
1614
3131
2397
1618
9869
1609
2953
6619
817
4314
6640
6755
9681
2048
3625
8668
9879
2959
9853
7976
123
4347
5295
4213
1491
5832
7198
4926
9257
3644
7310
976
9405
4484
7541
9992
8190
2614
3933
6129
4561
5337
4730
1457
630
8923
4938
5932
6723
7537
7533
5774
7943
5324
2526
5951
9797
6727
8557
2361
4999
9088
4841
1837
6673
201
9081
7876
7369
2543
2210
3324
4733
7768
8427
1809
7214
1912
6601
3258
4904
6096
3391
3489
8181
5471
8273
7920
6103
6687
8585
3033
2117
1767
846
6062
8673
9568
1626
9272
8513
3393
3662
2595
2703
3186
4519
4840
1572
3410
155
4004
3401
2240
5389
1632
462
6124
1621
7706
2880
1111
5140
2144
2771
9858
3651
4958
5381
9643
5849
8376
2018
4761
4934
6550
6777
8725
9210
6095
2292
7731
8296
6722
6763
9231
4437
3963
5245
4133
4438
2514
933
4757
8480
3542
401
8727
9739
6227
383
963
2992
5829
5011
5254
5219
2574
2376
5309
6741
6705
5679
3407
5715
3797
8020
6305
5821
6102
3923
5085
8869
9485
9645
1380
395
9757
7104
4979
5058
4797
2069
1900
7717
1434
8576
9103
3105
2808
706
829
905
6730
1548
4675
7084
7660
4956
1788
457
9317
5599
992
9289
2359
8514
343
2055
838
4244
7905
4379
3580
4269
149
9932
9216
1866
9019
9562
7021
5122
4860
2867
6933
9370
3117
3604
3476
8523
2690
2382
4552
7097
4640
7033
4812
6686
8594
7756
8754
7164
6023
4672
7163
1171
4835
8176
1263
3515
4823
4811
5307
2151
7631
441
8074
7010
3452
3302
1407
2358
2956
454
2368
3740
3208
4152
4454
9583
3397
5991
7125
8911
709
6052
5531
2385
3242
7138
5353
636
4428
5757
4157
790
7799
1014
6787
1994
2673
1919
2179
6357
5318
4165
1647
2116
5294
4266
4311
9835
4194
247
6064
3949
9162
4486
5661
1634
8208
91
3972
4696
9673
1608
4305
151
9367
6301
923
3330
4078
7185
9041
8564
9769
2965
72
6455
4509
9527
8136
9972
6425
1043
1412
9685
4390
8462
4426
9128
1288
980
6353
1826
9222
4432
1215
5841
122
4520
478
4582
7470
8647
1103
8995
7101
6994
8430
1695
6578
9928
3527
989
3013
7486
9786
6603
8515
4304
7974
318
5533
1483
165
9238
4356
280
9090
3776
5454
9718
9455
1480
3595
9997
7039
6313
4517
3838
3159
1026
4054
2616
4704
7099
6533
1574
332
5532
1463
4066
4191
394
7272
9262
3431
8621
3944
5511
3812
9995
3167
27
5163
6408
2260
3795
6639
8611
8658
4112
6835
3507
319
4698
4952
4597
5120
4502
6270
8027
2504
5447
2891
2610
4027
1888
1148
6025
270
6839
1459
4099
8386
4674
139
2974
3548
9780
7587
9841
3047
5288
6869
707
7721
7194
5726
4534
3364
795
1009
5137
6702
950
515
9451
7716
8902
3172
1401
1781
4032
744
453
1649
2054
5992
9877
7180
7682
8417
3606
541
2800
1557
3570
9689
371
9575
5835
7290
3620
238
3292
6810
2688
9834
8889
7017
6934
6993
728
2925
1063
9122
7902
5782
9039
4818
9279
8866
520
6940
5143
7121
4598
6828
4264
1510
9670
7540
1143
8205
6286
8220
7767
9483
2252
5075
4751
2728
8920
9175
1726
2420
12
1420
554
6689
6822
5855
6750
4632
1027
8014
8769
7454
2773
9243
1465
9971
5430
9753
1362
1477
3773
8868
7192
3332
3116
1060
3899
1244
6648
6901
1684
5947
2186
2901
8433
4748
741
3822
945
8574
3501
7074
3554
6974
7365
3120
6905
3311
4216
9026
3751
1426
1886
6018
7900
9163
3244
2786
881
6925
7650
4462
8571
2412
8299
5387
9520
5971
4302
4692
1581
6268
4881
7079
7336
1228
2157
900
6475
1337
3798
8394
1045
4150
7226
4381
5465
9249
2342
3810
6552
6053
6832
7784
711
9344
7196
4224
5816
1424
6055
8293
5189
2722
4288
6128
2497
8956
257
295
5329
2323
1146
5270
2706
916
4511
296
5506
2658
7425
8598
770
3547
4125
8638
1147
1167
4529
9499
5151
8001
2751
2110
6681
3989
4271
9017
3228
6991
3256
3064
1597
8216
5798
3565
62
6180
2994
5839
6978
8862
7343
1982
5731
8551
7282
7758
6997
2672
69
5523
1335
7060
5437
8600
9984
6573
1879
4784
9207
622
6044
5641
9311
9452
7565
279
9033
8423
4622
864
2519
9521
9185
3538
1319
8972
8142
4026
1858
7748
759
8603
8703
6306
9138
7166
2668
5763
9706
5182
6031
228
3375
2887
2704
2281
699
7523
9345
9662
1914
5970
4115
8326
2380
2848
5795
5052
9375
9668
249
1391
4560
1369
6830
1780
7490
6098
8680
1612
6626
9432
5053
4853
6459
2441
329
489
4090
9697
8783
729
7466
9171
1674
1715
3805
3160
1710
4612
2647
2087
597
601
5914
5396
8458
6806
1863
1112
5906
9236
4146
6511
6151
5339
8425
4891
313
7171
2214
3338
8069
5063
2821
761
8885
8093
1119
7451
6335
1529
4600
2391
7186
8741
6367
6617
7551
6818
4340
2805
7849
7023
899
3665
6005
569
3920
3083
7832
2350
3739
8915
3448
3199
8184
776
7689
8784
8692
3942
1928
7780
6157
314
7003
3936
6868
8517
5015
109
1956
1546
6233
5754
5756
3058
1762
7505
5770
8991
9649
3451
2989
5880
4201
8444
5225
9592
9267
609
9215
2600
1832
2096
7018
8937
3499
2357
1284
361
4903
8817
997
3986
6208
639
1285
6863
913
2228
9396
3317
5953
4121
605
661
749
8620
4635
8274
9964
3917
5890
7382
4827
2409
4233
6293
9205
1709
8978
750
5545
8468
3674
2226
9387
6707
8597
7857
4527
3098
9012
7396
9646
4214
5041
5796
4142
964
5133
4620
4992
7584
1404
948
5271
5700
9133
3688
2987
3925
7556
3962
7414
2586
8195
9283
6508
540
5656
7557
3594
8933
8778
8162
8040
7363
928
2547
691
9423
5588
9889
1039
7596
1242
3450
8810
6841
7663
3323
2325
6315
9031
6429
8187
524
3884
5980
9705
233
4414
7040
7778
3775
5836
8700
4985
7388
9567
4034
932
1501
4060
7136
6797
7999
7314
6672
2792
307
4029
9803
1697
2687
6526
5647
501
1623
2892
7865
2509
1734
4685
8881
7896
4137
5998
8477
6423
7627
56
9746
8035
5602
3940
102
144
4548
6988
6238
9209
8736
310
7820
3442
1946
9366
6780
6016
215
1488
2109
1282
5597
6163
1370
2103
5462
918
9939
9804
2954
9581
3282
2
5547
8421
4592
6213
491
2886
9064
8681
5474
5089
9847
1318
5026
3215
5985
9482
595
599
4303
7913
496
8450
7514
1538
5159
3932
617
8397
1927
3864
2453
3943
3115
9431
5812
7298
8022
8481
791
2515
9374
9733
3062
9556
9052
6289
8107
6926
4994
459
9758
4108
4641
5109
9414
4966
1386
9196
810
3652
2274
8110
1769
5915
2067
8799
6605
3124
8691
5461
4195
5472
8755
4538
3769
126
858
8253
6860
9536
1416
8651
9320
2763
6240
4810
9904
1460
50
5554
5168
1736
7755
3756
5035
3673
1104
6917
1962
7008
8349
921
4916
3449
1464
3488
5771
7932
3951
9434
9127
5460
927
1528
8459
6093
8652
568
8381
3813
2057
9332
4070
398
5276
8690
765
1820
365
159
9934
6647
7863
3030
9669
7152
3040
9032
8466
6136
3497
778
7300
2104
8977
6721
8435
6084
7821
8646
4127
8352
5638
2678
3268
9488
2861
6314
1909
1277
4706
7887
4623
5090
7270
8445
5363
4564
8565
4940
9686
7066
5170
5713
702
92
9389
2029
8496
9599
4407
3069
614
2906
4435
9109
766
4908
1729
1931
6609
7603
4559
9241
6254
9948
6013
148
559
1192
3428
2139
7274
6202
274
9693
79
824
3666
2767
5227
8497
7625
403
9763
3385
3516
9735
698
6844
146
3550
9061
798
1833
3643
645
1089
6685
5444
4839
2778
538
1226
4176
2870
4646
1643
8796
518
182
3698
1446
4104
3612
1117
7927
2290
1293
9157
3564
4695
7067
5155
2026
7444
1169
8366
2019
8695
6344
1507
9929
5764
4106
7763
3358
6123
9202
7046
7993
5524
6677
1669
8004
6485
4080
9538
4316
6842
5141
5332
9145
481
1456
1388
9412
3339
3249
6528
1603
6928
8661
7796
4342
2795
7804
5837
3491
5592
4422
6130
1492
1718
2439
1818
1190
3007
5355
7489
3217
6585
2950
7995
3624
7948
3212
1004
9357
5949
7883
6267
3746
1140
3307
4942
5110
9107
3252
8348
8936
59
49
7852
6449
5674
1898
4849
8377
1467
3573
1042
3908
6225
8632
7114
5475
3710
8891
7950
4991
9120
6358
2287
162
8434
2976
8294
8426
2762
8374
4474
7529
4755
6656
8478
1954
2336
566
5008
3055
2739
5191
8969
8312
3614
6039
9458
9092
2521
2542
3506
4553
544
4383
6571
3078
7261
949
5978
5157
3198
5199
6295
3446
6259
8010
5582
1332
9296
8461
5146
6321
2889
7872
3711
2691
4758
5438
1077
9415
2334
5869
5060
108
7915
6079
5864
7581
6231
3219
9229
3970
8379
2907
9142
7443
7442
7847
133
580
4878
9700
2035
7316
3863
7118
2533
1186
961
5628
4092
1108
5617
9300
7341
4425
1880
626
2738
1828
2935
9403
3187
9872
9784
1011
219
5693
8712
1859
2132
9008
3404
4143
7805
3262
6216
8495
1706
6395
5193
4187
1637
4752
262
2777
6793
2580
7665
8828
9760
9795
382
836
2456
374
8088
2961
882
5131
2245
8456
9011
5491
353
288
3770
6368
2004
4481
2662
1511
2394
2700
8906
2986
789
3298
7526
2932
4268
7147
6256
5358
6360
6729
5872
57
3285
85
6719
5338
6276
7729
2317
177
4443
2444
7472
158
2966
5852
1222
1815
8996
977
4095
734
430
6728
8166
2118
2171
6774
9601
5945
7386
7041
7662
7571
4345
4763
8584
9453
7334
1987
1701
7303
1041
9653
8315
3581
7220
1225
125
3782
3811
1516
9578
8507
9861
2379
1921
1892
2812
8032
2447
6786
2236
5298
7583
7720
7806
3878
7403
5840
7183
2176
5416
7364
1449
2564
7252
4052
9741
1717
2741
4344
4056
8279
25
3370
3787
9588
5068
2426
9608
8672
4371
6389
9141
2053
5982
6239
8569
9771
4716
5365
6281
1261
1672
8819
3372
4772
32
7875
445
1188
7249
1372
8385
4549
5390
8872
304
4800
78
6805
3617
5942
217
7990
196
3500
5788
781
7157
4051
629
6461
1872
5603
3200
5955
8676
3826
8229
6316
9603
7446
2888
7873
9078
4221
2017
4802
944
147
5655
9117
461
5767
8114
6884
1001
6237
6365
6329
5518
345
0
9709
4490
347
8139
1554
8689
5530
8038
1195
509
9118
305
7722
7739
8633
6773
4149
3902
3754
4687
2277
5200
9083
9839
6338
4479
5423
8178
4473
7330
1096
9918
2511
1173
9876
6432
8960
6
8028
1355
4813
2076
3415
3423
9783
2884
6536
1877
6865
9865
4064
4228
3601
9181
9363
4151
8890
6826
7354
3061
4972
8037
7963
3831
3509
2255
193
5975
3135
4496
6211
4129
8770
3085
7957
6205
9790
3071
9247
2364
8617
2169
3819
3914
8034
1297
6551
5130
8150
8829
5356
6589
831
9105
8429
5844
530
3630
3478
4259
5632
3959
4642
5834
5973
3015
6663
1038
8729
9715
5345
7405
5966
6261
2679
8475
2327
5544
7813
1955
4723
7332
2046
4387
9313
4335
7109
8390
9208
1054
3271
6949
4385
7319
1969
6567
2183
8500
5102
2279
7127
4540
7416
8667
3818
799
4981
8842
5013
9256
265
5082
4170
4776
1562
3354
551
6327
2999
4653
1187
3147
8957
3576
7764
4460
8528
5716
2643
5384
9359
2306
3084
1065
689
5410
943
3312
9286
4626
3009
9298
356
2608
6486
3072
9015
3848
2264
3405
1114
9014
2649
6532
2631
9630
1328
6011
8641
8310
8790
3468
1470
1547
6862
5813
939
8669
5145
527
903
5020
9427
7604
6543
2108
7266
5510
1381
6280
1922
161
2737
3894
3052
5451
132
2038
3349
9411
4821
567
4373
3321
3297
8399
9886
4126
9935
3398
6499
4854
8883
1638
960
7250
7954
8313
3958
3266
4807
500
6404
5560
3301
6736
184
52
4124
2791
4954
6434
5631
6792
2538
3551
4235
7132
5505
4604
3919
8808
6253
4097
4877
6547
9135
4041
9874
1262
208
5029
775
1644
8151
4591
38
3233
4629
1990
7614
5961
5059
6361
9576
1677
3602
8416
8772
2332
1177
7189
5445
2902
8777
1361
1130
9988
1400
7233
6285
384
3613
3991
3694
8679
4699
8720
3306
312
4061
2095
9259
4173
6848
4007
4285
4360
5618
9596
1575
8560
8942
7155
9372
8988
3696
2370
7794
2829
4163
5099
4989
4117
2794
7871
5535
5689
5526
7588
9258
1944
5284
7096
8675
1024
8561
2174
3279
3757
7769
3723
3027
2951
9950
7313
8021
3267
9340
5833
7646
4380
4919
1350
3373
4567
1676
9150
6956
3128
1727
4439
3528
4788
7676
4359
6427
7000
8328
7752
5919
6183
4400
2425
5028
9462
2112
5233
8706
3284
9505
1708
2850
1384
4405
7128
7992
5842
195
7061
5616
4430
2760
2059
423
5108
4278
5496
5357
5634
4918
4050
7325
4614
2213
1052
7374
4293
2575
4207
6783
2162
6642
2707
8830
9902
9544
7745
4378
9468
4861
688
2177
646
4183
9604
4077
5930
914
5473
6148
982
6300
8249
3091
363
2681
9426
1040
628
7671
2945
4003
4307
103
447
1915
1447
6670
6937
6049
3744
2065
3852
3
2458
8457
8596
2638
1650
7786
5936
1678
2413
8509
7219
3225
9787
9606
9417
3823
2927
9121
5625
8909
7610
2253
548
5893
7264
8820
6919
2301
7962
9158
6883
4686
1742
2836
6612
6480
3264
8358
5708
3910
6872
5185
9813
7630
9165
5476
5230
4907
2335
1312
3076
1978
1521
9400
2720
3444
9029
6738
6373
9626
47
8634
7406
4000
4429
1756
632
8840
9035
3361
5260
15
9293
7071
7456
7278
5556
1537
7866
9447
4505
5229
6904
8165
7576
1682
4386
5436
6853
1466
4543
9173
8202
1201
8699
8553
2910
7158
4227
8739
1968
7355
8295
4836
1347
6541
9295
9607
7174
3833
5743
4707
3414
5777
9725
7052
8655
3273
1602
7439
7161
5920
2154
4826
9274
7353
5118
2915
4659
4341
2310
5459
6474
3753
6351
9791
4120
4434
4803
5006
4074
5280
5428
9350
9720
7970
7093
3904
1532
7553
941
715
6114
9807
9154
1873
5847
6394
5340
5342
678
7645
5014
1431
6069
2955
3968
4071
1474
1965
2860
5478
9263
7106
3729
6278
818
2086
8335
3992
9252
1576
768
4737
8980
1793
4436
2684
9433
6952
3003
6539
9695
6283
9182
2913
8062
3281
6359
3435
1693
3552
2078
721
523
557
2881
9191
2802
2748
6294
3540
5502
267
5377
719
9237
6500
9224
6332
7115
5466
5300
2594
6133
2147
7031
663
2661
1569
9053
3529
1325
4401
3014
3738
5761
6296
4848
9860
4147
2947
746
7634
5500
9098
7346
3012
6363
44
571
4643
9213
2173
1339
9573
3201
8604
4965
9326
5336
3939
4037
6593
3555
7049
2303
7761
7742
4375
8713
4135
6405
9691
392
9962
9688
8998
2107
6058
8504
816
2398
8291
8167
7617
1336
8238
9240
5732
2203
2247
1162
6411
5591
6921
3136
8708
8367
1296
6634
9164
7245
8302
1848
9024
6155
3607
1847
1393
3734
6644
8559
8255
667
5043
9195
4009
3017
3713
7532
8324
1022
1444
3351
4441
1090
1559
1934
6849
1772
1967
497
3691
3705
7217
2502
98
1357
5281
6733
6001
7754
452
8210
4287
7998
9811
220
333
7037
8983
281
547
5347
5073
8666
5660
9487
5722
673
1841
7191
8929
2261
1822
8016
2613
9291
9198
6160
3891
9441
8505
1624
4879
615
8827
4480
1425
7960
1271
6759
4132
3419
3251
9959
9407
1072
3145
7907
5237
6655
3779
8798
3194
730
9563
4114
4809
6108
8424
9297
5586
9958
7430
1360
969
9947
9140
4968
2216
9713
3952
8876
9470
7791
2732
9916
7347
8848
6165
2050
8126
3980
2312
9600
5489
9824
2089
5310
8518
289
7481
890
1373
9218
8894
9402
7674
6017
55
4202
9001
4893
6597
3577
2641
7666
8225
4844
9354
9921
7281
3018
7156
3022
2446
9393
9987
2295
934
3175
6907
6749
764
393
7247
9752
7263
7357
7415
8403
467
6229
8418
1728
2123
9561
6906
4953
743
4537
5374
668
5803
9076
9449
417
8723
2434
1784
9490
8063
6436
1836
7515
4932
5084
8298
6771
7654
7211
7317
9620
7938
3439
5977
5701
6965
4320
3087
8096
2918
4980
8413
506
8536
7934
6871
5190
9679
3188
3152
2016
2225
7119
3206
3482
8191
180
7105
8226
2937
6362
6431
9059
5153
291
3164
4637
2788
9907
400
218
2644
5600
4487
665
7937
299
3783
7461
5525
9056
5046
1095
7242
4042
7760
8133
7987
5959
9285
6192
3619
306
8718
2864
8888
6140
3928
5402
2184
9072
8420
8054
5121
2248
3250
9051
2044
9979
3220
9719
3329
9269
1341
5859
3400
6990
6244
4551
8999
9187
212
6977
9368
4339
6251
4694
8835
9871
4246
8932
3663
8476
8175
3866
5527
89
5326
2853
7621
8109
6489
7179
1844
8975
9708
3411
9161
5091
1505
3588
4466
7701
7747
5269
748
4964
5050
4440
6181
8612
1862
9897
3633
1165
8047
6054
3854
300
4497
1421
788
9501
5875
6507
24
820
9194
3973
5420
9822
5663
3082
5748
6506
4188
7751
1441
3997
2208
2587
5578
6870
8943
772
4931
5264
261
3611
623
760
7908
2150
292
9119
6540
8320
1323
3056
6440
4067
968
2799
7378
2036
2405
531
1561
8122
297
3628
5123
7951
4741
6247
4864
8083
8118
865
9123
9664
8751
9496
8049
5350
1905
6645
8003
316
8479
2523
3376
6082
8788
8734
6712
8120
2074
7830
889
4929
4276
5685
7520
4184
3046
2566
7534
3668
6426
979
2400
9294
6815
2911
9478
5501
6061
6529
5926
7560
3661
7207
5385
272
8986
2761
4030
8128
2724
2705
9245
6024
7749
7735
8599
7236
7989
2202
621
3965
8664
6888
7858
3832
2897
877
911
6150
176
676
6587
1281
7518
8115
7775
7826
9667
9756
1395
40
7283
427
2615
1436
519
814
8563
6632
1748
731
2609
4019
3648
3467
3303
1654
4676
1594
664
598
6716
3287
1829
2629
8601
8693
9381
8204
7288
2692
5861
6175
6898
5352
3183
4491
1423
999
442
7823
2291
1246
9287
4584
9602
2710
7064
3788
3123
9840
3774
3828
1005
323
681
3464
3881
1823
6878
9144
6877
4779
5512
6851
5580
493
3169
6430
9917
7648
2481
9712
9260
1595
8939
4098
7197
284
4896
5380
5760
2517
2130
2963
3981
1402
4894
1683
1524
4010
643
2318
320
9759
4721
2733
8744
8415
4825
4602
2305
986
5815
5727
7988
4447
6451
1127
3426
7348
7262
3700
3421
6243
1895
2105
6154
3032
8490
4921
3035
8899
6724
1665
8265
9068
6604
1711
4093
7736
6269
7092
6217
5745
7622
1286
6986
2798
4787
5033
5180
9572
9744
638
3466
1409
5621
7815
6445
5759
9397
9682
4732
9818
5019
5826
3655
8056
585
9967
4705
9265
1454
6795
7130
3024
396
6047
7088
6355
4394
5432
4193
1795
7910
4234
8893
1884
2640
4539
2459
1256
8033
1857
1567
5278
380
1494
6063
8710
3685
8802
6043
9406
6309
5080
6874
1902
9699
5256
2321
9043
3768
6374
9036
8694
231
7289
3654
875
9661
3998
5895
9507
5773
2990
4899
1067
3337
5283
34
7474
4793
8270
7704
7085
9611
7657
1979
6564
3780
635
6947
5409
74
4786
5449
2744
4610
3979
8833
562
8549
6073
5581
2433
2755
8979
1012
1487
7302
7591
48
6570
6592
8926
3608
4296
7372
2242
6349
9228
3101
7567
3901
9938
6517
8935
2031
6598
742
6909
6636
7251
4662
7812
8271
1808
9227
9986
6614
6214
8286
2189
2443
7143
7339
9124
9516
9322
2043
9201
4523
3960
3809
844
6110
9969
9303
3772
3714
1343
6131
7100
7045
1220
6398
4138
6156
9801
6378
1986
6695
6482
3106
4036
9054
9765
4794
4100
6248
8243
1442
8260
1596
3873
9373
840
7570
7817
7771
1251
7306
3483
8659
3319
1821
6837
8953
1268
415
4366
8292
97
5113
3254
8285
5997
6620
7320
6864
6846
3846
821
7615
7366
6861
6273
1028
234
5550
8322
9577
1806
3671
1560
9353
1765
3845
8849
2774
1942
4397
7853
4189
1375
7175
4937
3999
1992
2877
2604
2656
1960
4917
1908
1439
2423
8401
573
3408
7072
2810
7418
722
3425
5851
5653
1418
2020
7162
3109
8686
179
3417
806
5499
8834
5559
572
8041
8732
4459
8928
251
5348
6646
5391
912
5801
6682
4087
4367
4075
9975
8895
1498
2344
5794
2386
4220
6897
896
8453
727
9197
3270
9597
9919
9683
3922
5382
2830
5744
2908
8530
1091
6448
3508
66
8171
9519
4210
2218
1229
696
1016
9826
1716
8508
2460
3978
4648
550
4450
1996
1437
5399
8768
9270
5001
7276
2187
95
5086
6809
6565
2256
8624
8353
6479
7078
5463
9378
5964
367
6732
8845
7054
9890
488
1356
8807
2205
5031
2876
4644
8308
1660
8948
2452
1390
4783
36
6718
4558
9825
8965
5088
436
7493
891
1941
9609
7448
2783
3862
2682
1929
2503
477
472
7941
4433
17
7062
5074
9842
5719
2962
200
3636
6193
5742
3558
4572
6356
9302
9365
1151
9515
2535
6854
4766
243
1731
6502
8882
9636
409
1504
8649
3378
6340
3858
1376
6867
7611
439
8447
5214
4223
9176
6980
6090
2056
6658
6970
4208
4028
1353
8411
9386
4898
4596
725
6228
194
492
1461
5248
5900
3681
174
3682
8406
84
7850
6501
4468
9866
8750
2815
3204
5889
2926
7223
4530
168
2498
9989
494
9612
8961
7075
6471
206
4256
8383
2249
5314
9045
5435
8214
6348
7432
8431
2068
8051
8832
2941
4158
7151
8853
7433
2140
5393
1100
7384
3327
4759
2730
1164
5221
2402
7082
5636
5514
1754
3241
1124
3493
8861
6599
6379
6879
8697
5038
5956
264
2428
6072
2024
7647
1552
6235
9952
1668
7126
241
9927
1132
8607
8086
8804
1698
7726
5623
2454
5333
700
2713
1183
7592
7513
8339
2159
2406
7869
7712
9179
4930
8912
1443
4155
6071
5443
3927
971
5070
6623
594
2049
8959
5030
2807
6336
4790
6942
5818
981
3582
2726
1415
5169
7573
7204
7816
7705
4657
2872
7452
4079
4714
5081
6037
6847
6769
6629
8013
1472
6929
9770
1991
2598
4885
6938
337
3138
6579
2180
9525
7234
7959
5287
8878
7349
828
1503
1106
3566
1231
8782
5950
1438
2201
2984
6393
6674
5575
9327
4358
6779
5561
3075
2467
399
7435
5065
9966
7394
6582
7785
1309
6410
2393
8130
4594
8024
5891
6337
1094
9925
2337
9476
483
9160
9278
8015
1518
8156
3165
8745
5197
8662
6277
1733
2431
7770
138
8405
4323
7027
6534
6607
4988
8579
4145
9421
2268
54
1953
4611
4573
4161
5034
3567
362
8875
4417
8002
4700
4652
5177
4406
2006
3686
1720
107
8117
9960
8342
2347
5811
3177
3484
4863
8952
6745
1834
935
5537
2712
1628
2591
1610
2051
4618
6197
5249
8311
4588
6019
6717
4742
8657
4295
656
3755
4619
6190
5252
7802
624
3859
2583
4690
7389
7512
6068
1652
4703
842
967
7539
42
2033
2558
5868
1707
1399
2263
5112
659
8137
6569
1753
9338
5824
7291
2340
1508
8648
1310
6215
9384
5669
3230
5725
2806
4859
7535
8404
2320
2285
904
4105
2863
5898
1313
3368
5433
3634
3837
9113
8084
2235
5484
6900
3110
9895
8516
1272
4633
5129
6850
3300
9517
7703
6512
1755
9888
1489
9569
7215
3790
4515
2141
1490
940
6212
8230
1128
3708
3086
6456
6725
5412
1790
3915
3498
8880
7897
2545
9837
3068
5282
5204
7593
947
9349
6643
7818
8627
5601
4661
3341
9492
1266
3403
3771
5857
8452
3664
7502
4601
508
1673
6886
9498
6080
5495
5678
6464
3911
1455
373
5865
2500
2689
8219
5272
555
3546
6819
754
9951
8242
7103
4508
674
6586
7495
9457
9530
8437
2729
8247
8914
2714
3886
342
2272
3447
4647
7173
2912
4865
4310
5373
1633
80
9169
3704
2042
1125
593
1774
9677
1526
3326
3369
1206
9821
552
7225
6796
7734
5789
1620
2185
9027
4770
9301
3151
2200
8823
9781
2009
3762
1535
5116
652
6711
7312
470
7068
855
6495
1088
6823
9823
8737
7056
3486
1172
9046
4780
8395
5239
2827
5626
3347
7508
8407
5520
6698
8145
9510
9319
1083
4119
8325
4291
2592
7431
3692
2007
852
712
7305
5867
8854
1882
4927
8962
3722
4969
8152
2571
6109
8897
3583
5370
7057
9382
6535
6473
9234
8067
76
3166
804
7711
4734
4838
5848
5903
9732
6555
152
9383
5
8789
8941
5106
65
6915
5098
7590
6298
7240
340
2874
6401
2175
4906
7899
3137
4272
5954
5677
4
5922
3579
2246
7838
7393
505
9844
2463
578
4253
7201
388
183
4805
7176
1270
4336
2513
5152
7497
3871
8078
5797
5379
5805
2893
6560
6964
141
8858
7419
153
7087
1351
8465
3094
613
3592
8653
7692
4568
4959
5250
2675
2988
2005
915
8440
6372
7154
7613
2114
9460
5753
7766
2779
6446
6452
6813
3158
2080
4431
8701
8193
1573
7655
2442
8354
6803
375
5778
2923
5728
1287
6413
3947
1210
807
2635
3424
7884
833
9463
5434
3029
583
3427
6490
658
7034
1629
2419
7582
9214
5902
3063
7038
2785
6566
8356
6487
2270
6776
7694
9292
5291
1600
3880
7562
3709
8852
5904
4691
1137
1631
254
6758
9970
9034
5960
437
2983
5666
1582
3598
1403
4062
6671
1699
521
3534
3436
5642
1008
3716
8448
6546
1690
136
2469
8436
6948
4845
8747
1663
6590
2845
5128
6040
229
9799
561
3113
7184
7256
3759
6317
1500
6954
8613
587
2734
2524
3479
7547
3288
9976
1036
3142
3437
7825
4566
8931
1842
3231
9180
5741
7619
8539
4533
6028
8547
7445
3236
3589
9885
4781
6407
4580
7129
4281
4666
4654
6137
1178
9623
2985
502
1230
276
9761
8674
8275
1030
1583
1304
7713
6125
3969
5452
5395
5853
634
378
9570
369
3031
8592
3860
3954
1721
1033
7678
2904
5692
9106
7607
6462
3736
5620
3065
6442
6065
9508
7048
644
4445
4168
7855
3909
2229
2383
349
9438
359
2636
5480
4585
2590
7538
9177
886
1194
7803
2232
6371
9690
2929
4324
1550
2127
6625
7437
5979
1120
7212
7110
3720
3741
4111
2424
5705
8588
3724
346
6537
9684
3913
834
6232
8578
4370
4046
7834
9318
5343
3461
2593
2366
2652
9472
9419
1564
2814
293
9288
2371
7333
7178
1542
1003
3879
1887
9308
516
2801
9022
6077
879
5758
640
1396
8825
9968
6881
2749
6772
4322
5691
8538
6290
9337
8180
7635
5877
4162
11
6493
5972
8039
5201
1427
7496
1197
2322
6433
5134
7886
5884
4762
9159
2100
5286
649
5882
2331
5680
5040
4996
8097
8006
4355
4562
1636
5017
6953
3051
2671
3976
2010
2466
3767
8981
3623
8250
7580
8141
9747
6170
1422
1640
3675
2709
5453
5154
9942
5207
9174
2483
127
1746
8780
2637
9692
9377
3632
7732
9845
9356
2457
3090
8639
4782
7789
7284
2199
1087
389
1069
1570
7517
8735
4571
7469
4290
3789
6890
5458
1115
2084
6203
6996
7868
8775
9924
4351
60
3278
4328
8803
9495
1666
9409
1247
3487
8368
5406
4897
8568
8131
2917
6399
5024
327
9424
9348
9617
3956
5049
7839
5886
7725
703
8198
1555
167
3344
1639
826
653
2160
7846
5937
4679
752
2430
6234
1580
8072
2041
6483
4710
3520
1740
2568
2158
1243
4038
8283
1801
4427
3042
3543
2415
6400
5515
5175
7145
4040
9398
1558
9358
6531
3438
209
4260
780
5644
1330
5147
7326
8606
892
4822
5218
3490
1079
7918
8485
9362
2227
1475
5313
5136
8635
5158
7848
7814
5808
9183
7479
2064
6174
131
3392
3112
386
1948
2476
3893
4368
3950
7543
1803
4180
3821
6185
5809
1445
4913
3535
7011
7004
5814
175
3882
3191
4868
3804
4750
7909
3563
4815
5021
2435
9644
8439
2787
8947
7265
732
1324
7077
2324
9647
7759
1175
3906
1138
4053
5455
4382
6767
8994
5349
8482
539
2030
5419
2217
3867
3843
3549
1320
1235
8656
4154
2909
5573
7983
7094
7661
7187
5735
5776
4192
8288
420
1730
2623
4557
9094
2411
1514
1170
1056
4315
5322
23
1070
1949
735
1958
4196
3129
8821
7243
6694
5105
8771
8519
7102
5540
7762
2170
5025
7544
5359
2480
7978
8550
9271
298
8949
9672
6484
3235
8231
4570
9007
1659
3907
2944
4808
9878
9444
8822
2695
8850
5749
8245
9723
697
5172
2646
474
8922
726
4970
1196
3387
6221
5916
4274
4973
5067
5517
7740
282
3640
4249
2834
6971
5135
1691
1860
4242
1249
7428
6498
8188
1852
3964
6660
9203
7949
9473
714
1599
4924
2062
7014
7981
3469
1592
7519
5637
3216
9342
358
9742
2544
9933
124
3036
894
3514
4586
6829
6132
8921
1479
7440
7120
8099
408
7337
3667
4226
473
3480
5335
3141
811
3001
7718
6447
995
3336
2871
9882
5711
1110
3876
5989
7659
7782
6385
6622
6633
7644
330
8012
1989
6957
4915
5277
6345
6218
1385
6246
5263
8473
5007
8525
3571
7612
2833
1274
5563
794
4091
8402
7016
4073
2555
5965
3185
7465
6299
20
5220
9704
7878
2620
7229
2128
8781
6987
4337
4578
214
5827
7285
8766
2075
4842
1745
4995
8520
207
6845
6753
1997
2981
7688
8446
9425
2492
4651
4961
4713
6811
121
4749
3984
9978
528
8605
8103
8905
438
5292
9910
1126
1191
7026
6169
4569
3618
5938
4175
996
517
2642
9913
335
5646
1846
9629
3603
1213
9815
9665
3918
1700
5850
7286
5963
7260
1160
7329
596
205
5697
1450
9899
874
7404
1408
1471
5652
8759
325
6760
9571
1198
9887
1539
5101
3707
3328
8284
2597
3066
3556
2027
3173
236
432
9828
7859
1048
8805
5422
4801
513
8631
3155
9037
6515
9369
9817
7568
6092
3209
5817
4665
2663
4024
4321
7475
3883
7391
3460
5061
1563
8112
4910
3004
7238
9524
8818
4209
2326
2485
7411
5516
3269
9908
3531
7579
9814
7879
2490
2445
2471
7471
1122
845
6262
6350
3379
926
5613
446
9126
1738
7649
1269
6121
7122
7895
8562
6680
3263
3599
2573
3222
758
5184
1588
166
4722
1590
3293
3089
2040
4575
8904
9168
9134
315
8973
326
5702
5036
5558
4277
8609
3505
1615
1831
2551
6700
5094
4928
1713
5273
5736
8005
9764
1792
3496
9002
6288
956
7299
5928
1936
2559
9896
9805
4449
4993
1405
4950
9728
6091
3938
6127
2844
5464
5521
6457
2410
4546
8616
4076
3559
3802
9172
5148
9851
4522
2251
7182
4541
9806
6654
8232
1371
5907
4962
7824
6855
9440
4025
4451
2995
8728
1207
8967
6366
7273
9129
6770
627
5917
3474
2146
3656
9253
6303
6472
7795
1531
3371
8765
8619
9906
6914
3730
9656
2921
9328
4912
3314
4470
4526
5807
8186
104
8831
9244
431
8146
827
3119
3766
9793
1010
5469
9650
7765
1141
5543
7089
8160
5222
