3828
3435
598
5399
5694
6931
7866
9505
1601
7436
182
402
6036
3315
9913
6940
3802
8653
223
1437
1728
214
5601
4858
8079
882
8422
6600
1965
544
9111
6824
7876
915
3831
2625
2840
8323
3204
3098
7526
8415
412
9652
4827
3499
554
2211
7576
4076
7678
2730
3037
6981
7345
6392
9747
5092
2536
6694
4346
1736
4545
5611
5277
2628
284
8978
5560
9890
177
7136
6651
3219
8154
9174
3475
5784
2031
5588
7531
1294
7302
3790
3367
15
9392
8277
3787
807
7234
7938
5165
1085
5043
4368
5477
8190
5293
115
9088
9605
7656
7440
9515
8730
1052
7102
3088
4788
6744
4096
2268
4953
1071
6971
9036
7767
7148
9508
5169
2866
304
7036
927
283
7691
2402
4047
4525
5843
3470
5623
5232
309
130
4123
9786
3269
5789
3986
3533
3193
2083
6183
3816
5801
3101
2549
7935
8060
6139
8013
7927
5661
5598
1566
2030
8689
9601
7488
8129
6992
822
6054
6976
8120
764
4725
1296
2723
9896
4186
1828
1282
1752
6115
1164
6125
9190
8435
4448
2594
4967
5470
1562
469
2045
2149
4439
9577
1555
2579
3622
2464
6998
1313
4381
4097
3393
8414
8735
1575
569
4162
4196
6578
3714
5429
8687
4184
3693
5211
2009
8942
1251
5564
9917
9241
7203
6738
9372
2073
48
1166
2546
5308
8559
1893
3275
4495
2224
276
908
697
6963
733
7297
9122
4153
9929
6844
8356
2571
3723
806
3654
2381
509
8163
8835
5331
8654
5359
3557
983
3559
5934
8934
9923
7619
2085
5074
4455
8756
6344
6990
2329
2409
2719
7548
9670
6144
4319
2023
7409
7452
3048
475
8805
4941
8618
9821
8353
4320
4444
7555
5689
7704
8187
7058
8990
1271
5389
1880
6015
8363
3560
7560
5168
2010
7740
1970
1881
2978
5505
3621
6886
9689
1692
5346
6457
9588
1384
2896
2452
5659
7889
2553
7403
5482
3132
3114
1417
6140
4085
8579
8971
7713
2332
8123
5508
2099
6722
2158
3187
1944
1655
8917
5959
8264
1584
3344
8831
224
3619
5338
3105
8492
8809
9215
3636
2808
2718
3407
125
5096
9546
792
2773
3565
5387
9902
6516
4359
6942
1322
1093
9895
2350
7694
5175
4142
5033
241
4316
5002
5177
6907
391
3653
6637
7654
1734
7463
3835
8700
1008
3456
9087
7917
6044
6890
2947
8657
1817
4248
6750
8289
8
4068
630
4437
8909
9536
4971
2413
3441
3521
1899
929
5495
1423
9904
9238
3769
1517
4789
3846
9295
8965
9959
7937
3630
9011
7037
1940
8381
2525
7117
1037
2521
7236
765
1182
7356
3388
5066
5480
7240
4808
9056
7585
8839
8985
1708
7684
5697
162
674
3271
3750
9520
9620
5940
2068
2631
4526
5039
9266
73
2001
5700
3469
1274
6636
5882
2540
8157
3133
5556
781
2456
7233
3182
7879
6546
4635
3353
383
9097
153
1440
5804
9459
5827
3033
1267
2238
5430
5142
2366
5392
693
2291
8571
6611
4110
4644
1318
9105
9995
8061
2191
9478
7956
3480
8908
4970
9364
9156
6026
3310
2317
192
8888
2618
8098
9067
1144
5912
5965
7287
1572
4975
1202
7411
2739
117
489
7132
3251
1315
9427
4286
1019
6157
7033
1807
7546
5647
4450
8252
7225
6409
3064
3318
9863
2416
9531
7550
4696
425
6966
4653
6943
7806
3239
5160
3410
7362
816
4996
7141
9234
7629
6095
7951
1214
7850
7086
8750
2916
2101
1531
1765
139
8226
3941
1617
3466
2761
41
5424
2646
4475
2834
7249
3712
9847
8235
2953
8505
1307
9677
8168
4023
1750
348
2961
9897
4740
3873
3014
2070
8193
5671
5669
4185
7160
3834
5625
3047
8078
6362
2595
313
6948
5595
2320
9999
1821
5765
4067
2003
375
6313
8643
2623
1140
8794
1673
2793
4035
1906
530
3939
633
9342
7097
6249
5502
274
5899
1476
8182
8310
6305
1222
2163
1466
2710
3997
5084
367
21
5976
6356
3452
588
3572
4295
4177
2391
6965
4092
1515
3149
4807
3536
225
2679
4013
3261
6359
4857
7313
4622
7228
9606
5320
4350
1060
4259
8292
4802
2786
1224
2234
7070
4981
854
7472
119
8877
6537
5759
6822
8255
9662
6127
9282
9707
8024
4160
3
4321
891
7753
565
3229
8798
9108
1764
8075
6899
4451
9994
8315
5418
7968
7386
4267
4219
7969
2879
2395
5499
3884
9763
1433
4470
4566
5434
32
1468
4712
3226
453
609
8196
2664
5683
5561
6329
4664
45
5913
9076
5312
9219
5769
7202
5377
9805
9072
9198
5185
3841
6841
4399
6737
531
6984
1546
5143
3771
2394
7138
2419
3935
855
6539
3673
8295
7535
1901
8911
1292
396
52
5875
7201
5112
19
7716
6673
3026
5484
4155
4053
1045
8214
7681
6010
2913
9848
338
1136
4477
2729
582
4046
910
1416
8367
9021
8439
3141
665
9297
7448
1167
6374
5662
7329
3087
745
4958
3366
8586
4558
1733
4930
2842
799
2214
4875
7895
3383
5017
3951
4400
3840
6719
7810
4213
7756
9443
9284
6776
7480
1017
8113
6662
5864
9639
7847
7865
419
9857
9806
7509
2374
5597
9867
2160
5187
5044
8737
2600
2621
5439
5297
3681
2292
3611
5153
2181
1574
5050
5728
5811
632
5944
1805
4424
3468
3555
3932
1729
1447
2140
4822
809
6352
6332
3839
3324
9792
8530
4554
8850
7383
7401
4459
3880
1782
6932
2768
8987
3354
7542
7633
1783
2458
8436
1544
4962
2226
1759
4634
6954
1794
7269
6468
2449
9273
979
3218
9415
5259
8828
9313
3288
9006
1153
1650
1412
7183
3946
9104
5006
754
2232
7728
9236
2590
8133
4743
6915
4965
993
4079
6342
5879
2998
9647
3710
1207
1612
1856
9613
9781
4708
8540
6794
3706
7569
360
3675
2441
380
3959
737
362
1857
9796
7932
4006
9701
3020
2612
2379
9748
1610
6610
3479
7610
6487
2872
7987
9773
2822
4163
8050
4564
6473
9336
3311
6823
5573
7967
4426
3912
3197
1005
6046
9040
9963
3473
4506
5537
4099
1896
5400
2722
9575
3635
6797
7103
3228
7976
2504
5658
4007
2112
8725
6204
221
1265
4563
6390
1753
2782
2784
4600
9544
4165
1578
3824
6789
478
9216
6240
8602
5541
4048
3256
8550
1355
3030
2029
6557
2097
6431
2829
8544
9635
8640
4464
1482
9734
9980
7419
4536
2565
1080
7048
794
7145
5914
9102
678
9175
3358
2081
9244
6346
932
6926
1576
2027
8816
7736
9768
8799
3598
1132
5073
7385
8658
6353
1062
5082
3357
3666
6056
3277
8006
9267
624
1590
6511
9394
3024
9025
6345
8475
118
476
691
5180
520
1172
7630
3930
300
6530
7116
7030
8718
357
6704
3652
3879
4265
1428
2762
5193
394
3004
6647
6747
4025
5554
3640
6323
4332
6414
3849
9582
3116
6540
3074
5794
1335
7413
4362
4014
8696
8967
9007
5788
8304
2959
232
134
3391
7803
9687
7954
750
4312
3770
4507
122
2713
1918
9708
2358
1812
1952
3600
7363
4231
7911
4351
2463
7950
6033
6617
5487
8293
2314
2643
3625
1192
5144
1268
3746
8047
8875
9743
8884
6085
8629
2794
921
1969
9616
2186
1732
4338
5571
2499
6716
9866
1143
6366
9738
3385
4396
6670
4985
4910
1849
1910
7883
6950
7066
517
8276
5266
5098
5980
2685
8146
1208
9371
3562
7008
3115
8670
8497
3400
7491
8438
8417
2407
9184
8620
8822
1004
8543
9950
8731
8245
1398
1456
9702
8524
2207
3875
1895
2161
4883
7961
1200
6397
3150
1401
4342
4150
5109
9565
1230
7324
5639
522
3520
9817
2052
1488
605
159
4276
1158
6783
8742
644
7814
5052
3490
7415
208
2450
8510
802
4548
1421
9265
7425
1161
9569
5910
2271
7646
6105
369
8386
4832
8171
2435
6702
7997
7618
8662
9685
2886
4266
4425
8434
857
6059
4392
9905
1547
7864
1542
5675
8541
3342
14
5607
3859
4326
4595
6266
6474
5652
406
9002
1248
4422
1331
2676
8231
4121
4089
559
4594
3376
8769
6667
13
1023
3955
9751
8341
6467
8395
1701
9740
9224
9800
5183
3754
4627
9422
8450
8568
7348
7885
3548
930
4317
5035
688
3483
2748
3732
6417
1660
5062
9497
9987
5357
2064
1350
8335
5806
6108
1560
4718
9199
2510
4080
5171
501
2326
4060
7507
5350
9378
458
8241
6465
5442
9843
5774
2433
7680
3900
8711
3107
3927
5681
9304
9891
7998
514
9229
6885
5927
8996
6829
2139
7187
8387
1550
2582
387
8250
401
3779
2133
6574
1109
2503
7734
7537
5739
1669
3738
5378
9201
7904
5600
989
2164
2890
6904
5450
9257
9659
2927
3295
4578
660
2538
9906
1198
7176
2300
6063
9323
1651
8999
312
3248
6877
1927
8427
5018
2576
3472
8080
1716
295
2881
5042
4128
5949
1925
2043
771
7657
2108
2205
2170
7355
1481
9608
9908
9940
2492
465
1724
81
2999
56
5643
9306
1992
6779
6421
4261
6213
5310
6048
2526
3158
6358
7533
5013
825
3853
4813
8447
8821
5473
1679
7395
8637
6104
9137
7958
8256
9093
1199
5068
3118
5673
9715
545
4337
1768
7523
5212
4909
2875
6334
6939
191
8298
5547
4860
5108
4416
6908
3726
7017
4423
1981
6723
8296
4979
5536
759
4454
3237
2423
4394
9046
188
760
7056
4762
2797
4642
4098
6142
3527
9169
1735
3753
5764
7741
9303
9177
5100
7530
4969
1046
8044
6914
3144
1976
7109
8703
8195
9173
3594
873
6575
5904
7288
3404
2089
2004
5521
3481
9383
9168
1718
2498
1866
2889
3881
6029
4508
167
5971
6320
3646
3005
5866
9801
4658
1463
9057
5757
30
5901
8914
8692
5592
9232
228
9408
762
3692
499
4836
4584
6174
5490
4298
6859
1824
8522
7915
2983
2124
474
7045
4131
8763
3801
3196
4390
2303
2805
2638
2418
215
2059
1799
5707
222
8294
7263
843
7246
9576
2173
9688
185
4215
7901
269
3077
4859
8506
8623
6875
8863
8406
8932
6975
261
1747
54
1507
8063
2907
6327
1854
1917
6806
871
968
893
8774
3148
9141
9038
2624
9152
3266
8229
7003
2988
5432
2574
3331
3842
8900
958
8501
5481
121
6860
5676
2130
9731
7679
6848
2645
8309
4626
7051
9626
3691
1942
3891
1661
2386
7307
2062
6005
8409
6559
2520
8000
440
2608
7019
8034
615
7341
4701
9147
2850
7867
2216
8592
6909
2166
2116
7594
1064
7400
141
5268
5763
9164
9424
4685
1551
2165
9289
6664
3124
4127
4182
3453
5371
6638
2960
4848
9366
445
797
9974
850
7087
1151
9369
399
5620
4647
6928
6949
6614
4166
3588
5933
9269
3991
1187
1921
351
6529
4235
8838
4935
4522
5745
3338
8538
74
7296
4373
8560
5518
9483
4291
6869
384
2694
8635
4124
3885
8943
7084
50
1147
7877
5678
3406
3947
2408
9549
944
5040
165
8706
3398
4524
8879
9368
3892
2335
7773
2871
3604
1097
9293
3601
5891
9665
6800
4087
9486
3019
4690
9223
3973
278
6660
7655
2626
1239
1956
9335
1876
6293
7164
8360
4901
8808
6456
7486
867
1806
8365
411
8918
44
5791
1210
9068
7750
1911
6878
8357
8362
3202
3089
2077
9359
4780
7221
5750
3164
3462
3405
1410
8950
5379
3694
337
9547
5375
4867
2471
5945
1564
9402
8563
2515
4199
6277
6133
2260
4268
4333
4597
5015
7478
4049
5935
3889
2376
583
7637
6459
6597
8119
2702
5419
2877
1935
1798
9996
2506
8547
4633
532
9766
5932
4942
5723
1454
2143
6368
1827
2026
7054
4629
881
2528
4108
9874
6269
9121
6447
3870
8022
108
9587
5061
9679
8103
1916
3255
2434
5631
5449
4866
2225
7881
7906
7260
3175
2296
6820
9512
359
1591
168
5767
6549
8667
2509
3501
4900
2447
9556
7963
4232
7322
7574
5249
4384
4249
7171
7397
3558
6833
9757
5454
6856
5747
9180
5729
4088
3217
9561
7888
5261
1523
2327
1513
5234
1386
3373
6182
9337
2688
5373
3541
4084
528
9574
8508
7107
5986
7921
2667
4058
1121
3252
5847
8462
6268
6677
5172
5457
7065
3656
253
5097
7706
6627
4170
4245
1973
3301
543
4764
8333
7502
3138
4224
398
8178
8674
6224
4339
6803
6480
8114
1596
4667
2321
8253
7807
95
9939
6787
8077
5215
8953
7461
1297
903
1646
8525
1250
8088
8565
171
9388
3727
2774
6615
9954
870
4657
1033
90
4821
320
4299
7907
5463
6872
621
1343
1007
8247
6132
8949
373
7652
9935
9320
7733
1869
323
2708
3022
5316
157
6861
2630
6466
2543
1838
6879
8165
9026
5861
6393
3580
687
1076
3739
9207
5648
6038
8481
7389
4457
3243
943
7168
3402
6517
2469
5192
4483
9135
9255
4523
9153
4039
6164
12
6383
9942
7451
6363
5240
4541
8288
4200
7194
8487
6298
9993
9182
2487
314
4133
6684
1695
9480
746
4325
2952
5001
6243
2372
5246
1979
5258
9938
1543
2177
7310
6470
8316
2483
4310
6011
4601
634
8350
593
6258
1425
552
3126
4094
6281
3919
2444
3438
805
2841
9970
6884
6910
7770
1028
8486
9405
4189
3733
8964
3050
1700
7514
8498
1563
5979
5476
8738
6324
4661
7305
4069
2272
8220
6593
496
1639
2493
9247
8443
9131
1493
6255
8097
8803
567
109
5190
4713
5770
3898
5323
5890
7936
6713
3272
8478
3965
9469
5834
8147
6317
6302
8597
4419
1697
3348
6408
6656
3952
5575
6150
8806
5012
9240
9887
8033
2034
8437
9506
1541
2691
828
7238
1696
2812
1474
3549
3153
5150
9079
3313
2657
4881
8400
1800
1763
5026
5503
7312
7028
3974
4179
3431
9537
7082
1270
5842
3001
7245
6581
853
2223
1257
3967
407
7038
9907
6271
8251
2991
2551
9315
6304
9280
7922
5223
5559
5626
7614
7812
6724
3159
4695
197
4518
1898
1430
5076
6720
3982
7247
2620
6947
7644
6655
4210
7826
7152
5423
9916
1919
7506
6834
6228
427
3763
2371
1795
6669
9053
4796
7365
7192
5275
1293
1947
1671
6040
2044
9854
6405
6369
5635
2336
7317
3803
8859
786
2769
5328
395
5699
6977
9971
5961
1218
7609
5380
1333
6482
5896
7926
3302
2581
5433
1840
877
5020
8455
2333
430
6810
9167
3813
2244
9975
3857
7431
8564
9445
4687
381
5426
3854
648
1289
8224
7628
258
7947
4402
8303
1951
2833
8404
9761
3195
8454
1645
2008
3395
454
1755
5605
2486
6196
618
7449
3319
7485
7643
540
975
607
6025
1191
7565
7765
5494
8619
3847
2275
1889
7833
5997
243
8681
4805
1904
4782
282
1529
3553
6159
5558
4911
8698
9286
681
36
3963
8710
2635
2675
6237
3390
4912
6583
1029
1950
2706
3457
7829
4505
4315
7290
6685
5034
9818
1367
7551
4515
479
3938
327
5539
3184
3440
1915
7430
5546
8747
1341
6633
840
976
9762
7677
6247
9339
8773
5988
1254
1337
9985
7137
5796
6798
2331
3603
1194
4167
3896
9200
751
9061
5550
7023
2109
8815
438
8179
7992
9808
1179
5155
2290
259
6618
9162
5553
7275
3592
7993
5610
5786
8844
3027
835
3151
2856
4498
5685
5317
6411
7959
3713
2934
2209
2882
8035
6169
7331
3010
2172
1749
491
4555
3744
6815
4686
5731
3574
646
1770
9381
7351
495
838
4616
2017
2375
8274
3154
6663
8791
2174
4799
8111
965
9491
9492
4403
6785
8925
6609
5640
4884
4697
1128
1312
4934
3136
2903
8961
7304
9819
1494
7884
8972
1796
4730
4052
8886
2760
1664
8407
5301
3731
511
4606
8856
8903
3767
7887
3495
8789
8064
3482
1987
6983
163
7975
3631
8613
4933
2640
3283
9499
4812
3564
3918
709
2554
8984
5877
7108
4146
4195
3421
7503
7521
4944
8393
297
2230
5596
6340
68
7505
8956
4598
9009
3129
1949
6995
7439
1656
1741
9842
1295
1841
7673
4963
9341
9055
104
2853
723
3316
8969
4722
2519
6419
8551
3152
5332
1615
4826
8002
7622
9413
5677
9084
3061
176
2972
9869
1351
9539
7481
7149
4638
731
2032
4773
7600
7319
4171
6924
5206
8474
3015
3685
942
9070
8240
318
7156
9988
1110
1435
2653
3006
7519
1252
9858
5383
1814
1489
7658
3178
9700
2516
1452
4804
1003
8532
4504
1945
8159
7903
3874
2157
2743
3523
3489
727
6644
1712
1879
961
1984
9363
8702
5102
6121
6051
5287
3552
6350
7115
9457
7925
2813
432
8107
3249
8624
480
3163
9900
3756
2018
683
5024
3464
7557
920
11
2297
6840
483
9197
5130
4938
7860
812
4750
7134
8660
7002
742
85
8519
9567
464
3734
7782
9745
8993
9092
4966
2453
1101
1403
6371
9628
2944
5555
817
2781
2446
7835
7661
8895
7179
2825
3223
7739
6513
2851
3220
7052
70
1129
574
3028
9878
4386
4586
3644
59
5593
8845
2378
1090
9096
9671
4106
1588
9611
5126
5548
6721
2703
1685
5214
1240
2387
1836
8781
6550
6561
4311
3506
9398
8237
2103
7375
3104
4721
3378
8938
3916
6220
1793
800
8186
2176
4330
4365
2731
31
6012
9495
2131
7785
8127
7282
7662
1707
1212
5210
4036
3032
486
6596
7839
9813
8849
9610
1802
4328
1377
8786
4282
1848
8094
9404
8262
2885
1527
7196
8899
3260
3954
4757
1130
8517
4191
2274
4253
7818
6979
9784
6876
1742
8832
6151
9047
1462
7209
1006
887
92
1907
3323
9774
2011
7577
1818
2006
5267
242
202
4244
6790
3359
3041
9949
5237
7613
8744
7169
5954
8140
3279
5170
614
6746
79
9914
4754
6462
9107
2162
9473
7418
2141
7990
1902
2724
4723
4137
3018
1116
1078
7615
6287
1871
9559
280
5663
4000
1009
66
5253
8259
6777
2884
3362
2080
8192
4831
5302
7510
8139
4868
3379
9799
1702
7811
1850
9972
4568
2776
8317
3850
9669
3276
2427
8104
3819
3292
1272
1124
1781
8469
6235
1328
2051
7280
2308
9213
1622
2763
8585
1195
5622
2256
4002
1379
1592
2867
9365
9005
7366
7872
8500
8308
8031
8836
9384
6545
8036
4529
1635
3568
112
5157
3120
7454
7024
3561
946
1173
7559
513
4343
1705
7402
3455
8106
8216
6289
8630
8271
7671
6479
422
7492
57
9981
6090
704
8719
7501
8227
4132
5288
40
3950
7032
4717
5958
4214
6535
6265
9816
1649
7441
7842
6951
9654
4936
3199
6267
2306
8479
3233
5695
1352
3476
5846
860
5105
3117
9592
8232
4372
1941
9850
2167
2005
4745
3203
4534
3671
28
844
6978
1209
635
962
1115
4300
5612
6082
6691
6310
3215
4148
2835
8312
4116
4973
4078
5653
7638
4720
2150
299
3978
5222
2798
1338
852
7352
1508
6851
9827
3442
7143
6131
4042
5816
2919
3432
7061
4461
1397
1244
137
2092
777
8233
2633
5276
6588
7100
365
355
5374
556
7106
9699
5889
7777
67
1395
6929
4169
7433
8491
4978
2490
7703
4447
8962
3633
2677
6542
7412
2111
7897
2550
8096
2692
7359
38
6078
4847
5602
340
3426
3259
4468
5743
1288
1176
5859
7104
2341
5715
439
934
5446
5951
199
6956
1875
4027
5711
2347
9990
3257
2501
9638
4790
127
505
3082
3168
6967
896
2527
4834
7717
1026
277
7851
6197
9019
6554
6478
6795
1233
8665
9075
912
6538
5304
4161
1533
466
1959
6410
752
4871
5181
5775
405
4138
3865
8054
7135
7801
1557
233
2717
9343
3363
6592
8458
9955
217
4147
2340
503
3538
1458
2607
4044
9798
1845
2171
6049
2682
2817
8324
4604
8144
4003
1275
2749
6811
4844
9898
9475
7311
7112
2361
7291
9716
2237
5198
6050
2936
6874
1242
1816
326
3526
7133
2532
7971
1822
7447
6802
1075
1618
2529
3221
9881
591
1032
5975
3305
1414
4492
3810
4532
8445
2735
9064
4255
3303
2704
6601
8010
5364
7158
9136
2437
8929
1150
1139
6742
4256
6728
2253
6461
3034
5544
2830
7558
7089
7758
954
6759
4784
3216
5967
3697
5091
6210
4479
5224
9875
5634
9100
3042
3563
2236
8484
7473
4201
4005
5577
4552
5968
7855
8311
324
1357
7235
8105
3049
9086
86
1253
6273
3166
9795
4063
9933
6091
3108
150
6003
2278
6814
8456
8038
5849
5906
8246
5994
4620
4528
4061
7320
1583
6645
3970
4104
7768
3998
5836
3867
1773
1223
7378
6387
3591
7540
9124
428
9205
7336
1810
6318
6962
3422
3660
3804
4172
270
2984
7031
9926
2876
9119
1771
1171
5960
1616
5702
2689
3307
5680
8219
1672
1613
5655
2534
4406
4204
3806
1788
8502
4229
1149
4656
9487
8457
8813
8014
8164
5262
8688
9314
2265
2482
5347
5313
9058
4756
3664
504
2753
7189
1472
4887
8818
7858
5437
4583
2836
169
538
8916
7064
1206
4531
3201
1670
8647
8476
1092
3007
3724
3609
5516
1155
6896
9554
9115
421
9997
4285
5638
5465
9785
7607
3321
4375
8945
6184
8976
7861
6017
6708
5137
4921
5713
705
9285
6756
977
8424
4752
1079
3684
1552
6729
3208
3638
5354
2218
7224
6153
2424
2192
523
5071
851
653
4865
5712
6573
250
9889
5307
213
1162
6168
3268
724
8853
9278
2393
3051
2346
914
1317
2716
7308
3868
3648
9825
8919
9598
2644
5793
9248
9433
616
4465
3079
6666
5351
8797
9031
9646
8108
7772
9008
4746
516
772
6727
6683
1496
9063
3368
5992
7670
3851
186
4632
1589
7458
8329
8464
4059
4770
6632
1229
9666
830
2078
3156
8468
6773
8017
1512
6605
8116
5817
1460
5280
1490
2063
8207
6500
3458
8149
9183
8319
6463
8306
7554
6972
5978
3858
4066
1678
1967
9374
9017
5163
1846
6074
1323
1642
6238
2261
7393
8420
1886
1873
1
5943
3308
5448
4260
6424
1457
5420
6422
2415
47
23
1031
6543
2545
9640
2641
3641
2747
251
266
7564
1226
6278
6123
9807
4702
1473
1619
7848
1813
5755
1657
9720
3791
5563
5637
7222
7047
906
6380
5802
4086
3960
9524
7827
3496
1264
1769
5438
3086
2870
4991
4453
6314
2514
6096
6158
9069
189
370
6420
6692
9703
7326
4669
9349
3070
869
7459
6968
5236
3534
4861
6994
1465
9824
6292
2197
1047
4744
2632
1370
6494
5549
3002
9454
133
2696
4585
7985
3634
2104
2656
4500
1196
6307
8358
3270
9004
8043
9753
8988
4324
4514
8503
4843
9982
710
3372
6226
8766
2084
4239
3241
413
2217
6086
5963
9746
4074
933
5805
5591
7231
6187
6260
1374
409
8039
4732
2977
4992
8627
9276
5609
5047
6203
8691
5260
3871
5530
1784
8344
1330
1034
2117
9462
625
5010
8975
4733
5664
9596
8376
6491
8130
234
7095
4246
4559
1439
604
610
9664
5613
696
9259
9634
7966
1595
8989
3067
1786
3343
7379
1105
2783
1284
4550
3745
2548
9484
656
8153
7076
8151
8018
9513
382
5862
2819
7273
1785
1175
5207
2352
4932
5820
2267
4698
7617
2559
8222
6481
3429
8795
7794
917
895
3735
2100
5471
6110
4496
4771
8379
5417
7549
8746
410
180
7113
3933
1762
9814
7708
9553
5461
4987
9077
8004
1986
7832
310
1123
9560
6788
1957
3593
7009
9290
6819
3258
2756
1703
7011
4665
9000
1498
6135
581
9453
4100
3711
4898
9034
5048
2938
1070
9729
6206
8625
7799
1681
1721
6709
5303
1088
7098
1988
3686
9725
3231
3937
4893
623
9327
5257
7068
2766
5305
5486
1022
550
7616
4154
2948
9802
8870
5858
4879
1520
2282
8516
9496
1415
7069
7726
4125
9872
2220
4376
6282
494
9721
5385
9614
698
1859
7085
5081
2887
3665
9660
2342
8545
9984
5581
8467
5719
6245
6485
1975
3931
6805
5403
6920
2804
5632
4903
3658
5956
6155
4811
5936
8819
1216
620
6354
3903
2212
6641
6176
6828
1451
5148
1407
7575
5853
585
4274
1096
2973
4551
8811
2799
8966
1499
8713
5083
6985
2388
3888
6401
2485
9148
6093
560
3537
9675
7636
4574
2337
6855
1302
2067
5410
6825
3949
7647
6887
218
3814
8734
5201
7230
3758
2602
6430
2904
6375
5507
2611
239
2584
1160
4040
2728
9668
5562
3725
9794
8810
3915
3728
9237
6616
4281
3265
3617
2541
6642
1354
8134
9695
8890
2956
9071
2985
9548
690
2652
6591
2098
7825
1912
2151
9772
2289
8413
6980
6008
181
8482
562
950
6391
8607
8026
7020
8318
1342
2201
845
2056
7572
8337
652
6501
5552
7580
8669
6244
6367
4546
4511
7620
5225
7025
4030
5239
3730
7817
7005
1365
841
8268
9292
5060
2714
4395
2410
3794
4103
1586
673
2848
5272
9815
9706
9804
5691
8661
7165
3820
1442
8529
7663
4135
9195
627
1870
6643
344
7783
4157
7697
2169
492
2846
7155
9976
6489
1966
7534
3795
2462
3833
7105
2963
6248
8499
2778
264
3509
7013
6648
6280
9609
3707
3995
8230
1051
5698
3607
6988
3515
3109
2725
2827
9836
8143
8090
5717
2396
2459
2933
4220
9288
6857
5294
9481
4456
5545
1809
1376
5202
4107
5871
7769
1719
1923
1985
5930
939
1913
6130
5145
352
7146
4952
3528
3845
5814
9062
7042
1686
9862
1688
5136
8557
8897
7470
471
998
5124
7749
3547
5085
7237
6945
1658
6316
6774
6813
1580
8603
2489
6252
2738
8142
8213
6832
9217
8847
9739
4417
6092
7437
2474
4562
9711
8626
5582
4876
4786
2847
4240
2824
4825
7516
9470
305
1847
3856
4897
2964
6839
8135
8170
6586
3095
9986
6425
1356
9271
8527
2736
7343
2992
8269
1808
2995
6053
868
8385
5857
3627
6441
6858
6223
9416
2744
8575
1389
6933
8768
5917
4241
7496
7934
5296
6993
6106
650
4990
8282
7035
1372
1393
146
7207
9625
4354
7243
716
2857
5114
3299
8686
2970
7980
8429
325
2020
6991
4370
3877
7018
2115
452
5881
6736
6250
919
2307
1577
9696
7977
622
5101
8513
2771
5285
2364
4677
6595
1339
6023
5435
7659
7805
145
4684
6180
4344
6726
5578
8645
9698
2605
5453
2665
3267
5019
9252
3347
4607
8331
7948
1926
7279
37
8280
1163
5783
7044
4619
3844
9622
3075
9263
7689
1255
7147
5633
8408
2040
1633
3821
5860
3207
5195
6194
3130
572
4613
1063
7434
5427
7292
1094
7552
4774
6136
3663
368
8369
6472
5532
1654
7854
3174
2700
5641
4168
571
7821
9770
2175
947
1347
6066
3517
6384
4519
9692
7382
9300
1978
4119
6
9899
5441
6817
7364
9820
7332
1644
8664
1509
6177
1119
2687
2204
7182
392
4575
3498
5981
5746
4012
5038
2949
1485
2650
5322
3194
3273
6215
5848
1914
9350
1014
4888
3642
4917
4252
7593
3335
3044
140
9287
5283
7796
1190
8428
1287
6504
573
7339
4205
8567
2531
7140
8086
4711
3419
5458
4768
1133
992
4120
2323
9082
9564
3532
7482
76
6160
2412
2966
8542
2057
7978
3953
8894
481
5900
7919
6863
707
1215
8922
7776
6781
9401
9370
6519
7667
2241
8118
1946
8281
3090
4471
3524
5353
2343
110
6166
4034
5204
6231
6295
1803
4676
9352
2578
1146
5282
997
5618
561
2257
8639
6064
8755
4356
9776
5395
2451
9563
5491
4710
3500
1757
6957
6239
9467
9472
6089
5604
3667
9277
2809
3341
6208
3031
4837
9921
7357
287
5586
5141
1072
2982
1598
3212
8205
5821
5382
4691
4763
83
5497
5030
9500
6672
9390
444
5911
1232
4374
6558
8173
8553
7511
6221
6563
7161
4397
135
2137
4159
7281
210
1545
541
8892
8652
8576
3759
1624
4920
9013
5075
7199
1125
7426
5365
9572
9636
4994
1804
9347
6680
7869
9166
1698
5908
8947
7857
1878
4102
4093
9597
3595
8570
4391
672
8970
3799
628
3522
1761
967
4408
1021
5132
8191
5920
9204
1775
3339
7845
378
2235
4630
1100
6449
3929
5832
4114
1426
5837
9172
311
2461
4410
3380
2787
9749
8782
717
7878
7892
2309
2686
8937
6122
9909
9741
6623
6569
5208
6146
875
8848
1400
107
9722
459
8871
3837
9960
2603
8162
2680
3177
2284
5128
9476
5161
2475
9146
811
7601
1299
2666
39
2539
5708
7735
753
3437
170
4109
2280
22
3917
5041
5585
3798
7267
7217
9354
2583
8552
2627
8368
4491
6147
6603
7972
7
5464
2215
1491
5456
1760
9525
2368
346
9022
1327
776
9274
8573
2242
9607
846
5800
3486
970
9309
426
6364
7683
376
9098
8067
2569
2194
8348
6607
2286
865
6272
3121
4055
4819
928
3608
1937
6809
8562
6493
918
9691
9841
5797
5086
240
4017
8841
6906
8158
3860
9991
842
6961
1928
4497
6335
7484
9243
3066
33
8009
2383
8578
4608
7744
8398
741
894
5352
6285
5162
6434
6654
3035
9570
3910
4357
916
5642
7556
4467
4050
9846
2414
3687
525
5051
1058
6594
9833
2495
9958
9043
6936
7055
4666
863
2024
1723
6495
5815
6640
9893
9969
3670
9879
9073
2957
3055
1522
5829
6743
6476
8504
2946
4769
1948
2478
960
5279
3329
6696
9832
1713
82
2518
1453
8600
4143
2082
6930
3165
1301
5509
2301
7460
5158
9550
8752
2477
5255
6628
5947
7664
8073
669
408
5856
2888
6521
8760
7775
6129
3298
600
1801
1099
2155
7157
909
4234
1107
8383
71
219
9471
5414
714
8423
3484
2138
2266
226
7602
8052
3957
8671
1285
3099
7010
1111
7764
161
4192
9120
2252
9876
4850
2802
2789
7410
5295
9498
9083
3189
5972
8041
4117
1938
6018
8243
8085
8290
5147
5870
8266
4588
6007
3645
2287
2405
6639
8388
2054
1483
6764
5511
6030
4016
6804
3852
211
7960
9977
6579
5270
7163
334
2494
7626
8554
8801
8610
9298
7962
9968
7588
5440
7391
4263
7581
9109
8704
9649
1420
1311
810
3346
506
1131
3414
6564
9310
6418
3843
7520
2283
1438
4976
3690
2604
6960
2556
826
3360
4432
5140
1637
596
147
2322
61
2573
6149
8974
7649
4474
4603
9791
837
7050
740
7566
3162
2596
7354
4734
3961
6903
7524
9928
8722
2094
9983
6200
508
3923
5413
5617
1464
8876
824
7091
7178
1549
4398
6902
7466
2086
4605
3905
7715
8684
7057
1353
5690
9526
2349
8817
6341
699
8285
7702
7021
1344
5016
7651
2330
5078
6514
8354
2484
8299
5966
8523
6522
6219
9931
6712
1188
2037
6689
6274
3507
7991
1843
6766
4331
4801
2523
3613
5203
4371
952
319
4188
2102
307
8023
5329
8739
7709
564
8347
7666
9202
3510
6891
8459
6613
8920
5166
6509
1306
1668
3742
1643
6889
6714
9915
1044
1826
5309
980
6113
7467
720
990
2202
4854
521
6923
7200
6257
8003
9245
3012
7479
9220
935
7815
1024
366
9586
5265
3285
3478
356
2213
2754
4675
6580
4576
3409
8617
2359
3836
8829
9261
1391
7422
7648
5888
9430
16
2654
8112
3936
7239
9617
5117
602
470
2914
739
1113
2932
6483
2367
4521
7213
8709
8391
7591
9585
4436
3497
8588
8032
8991
8328
9116
3765
3381
9735
482
6475
9307
358
2535
4540
9260
4544
3695
7923
4032
3491
7870
9054
7043
6137
9910
8753
5925
7330
829
2943
7924
2389
2079
5067
7583
9094
951
2562
3988
6189
4118
267
3716
6347
7745
788
3797
5361
5799
9150
7338
8986
5795
4547
5479
2245
9326
3330
1510
5863
3669
7022
3597
2123
7675
3878
7545
6299
9543
5865
5693
1118
9451
5362
200
1603
9727
6205
3570
8208
7483
4753
272
6791
3234
6734
4646
3340
8673
3942
6100
4689
4731
3263
9423
5485
462
3599
1193
2500
6185
2547
2187
6895
8852
1048
7444
386
6230
1500
101
5897
60
9160
7172
3990
4609
18
4793
4663
8582
4367
9789
3290
6621
580
9839
4636
4329
3439
9826
4190
6698
9840
941
7567
2742
8784
4645
3183
6435
6659
7128
1829
4156
9414
7920
3544
6058
5053
5831
4880
4956
5079
637
957
3743
3477
7982
7257
0
6181
3294
4703
9329
6032
8898
2
9844
7315
2264
6682
4090
966
2981
2580
3306
1470
782
5337
5451
87
9811
680
5475
1990
1501
1237
3094
5660
1704
8201
667
4809
6796
1480
7846
8605
6262
2815
4273
3181
7498
4751
3069
4776
4543
63
7417
814
1279
8855
1280
1631
6688
5808
8401
5587
1402
9159
3582
3206
6357
5107
4918
3250
4927
5515
4579
4130
8771
2925
9441
787
8028
1883
2324
5777
6505
1675
349
2377
2900
4940
8431
9351
5447
3167
2942
8913
7406
2899
8411
9673
5824
1737
6570
9690
290
7027
8865
4683
6477
5416
2047
7285
8254
1604
9024
6395
7185
8595
4849
100
7759
7840
7714
9645
8071
3097
9432
9555
374
7752
7640
7738
7284
4612
5273
1381
519
296
4043
1241
9355
7468
4561
2564
2014
9049
8873
4565
1833
1256
7953
8007
2939
5902
4206
1269
5734
8046
5226
6336
2033
2930
1931
2206
2110
925
8239
7262
9573
4026
6934
5306
2772
5492
8449
2460
152
2144
9210
6454
3463
8066
4640
7809
5263
488
8223
6069
7668
8893
5173
8601
2821
9693
5565
198
9860
4011
1524
749
789
3971
1936
6717
1722
7875
8342
2196
5525
493
3662
9615
4889
6097
7532
5703
8825
4054
5649
194
1361
9258
7791
2185
5999
8736
4739
1392
455
8721
7719
4513
6801
8533
502
2642
1998
6173
4158
9375
6525
7197
6496
8800
8477
4288
450
4183
4257
2663
4202
8065
5106
2338
671
9621
9362
9411
7743
7512
9030
4303
3785
4178
936
6429
6749
5812
8608
8122
6842
9130
1851
7781
7405
6987
3352
1748
2838
6464
5243
996
3355
8069
8685
2188
4931
6959
7318
7635
4602
4341
3191
6428
2568
6167
9455
1767
8757
9186
6676
4972
7518
9106
6294
1461
8939
315
3781
8556
2246
5921
9650
3451
8880
9845
4292
4218
2021
2319
747
884
6004
9449
5819
8204
8697
6548
6071
1259
229
6006
7685
4580
4145
7126
6536
9479
729
6254
626
363
8338
3996
7173
4064
3503
9410
1201
5349
8258
456
5522
9529
2976
1779
3514
5388
9242
4945
4254
3131
1922
1148
5709
3009
4919
3427
795
8138
8980
7928
973
9225
8042
1432
9434
3554
6423
8059
2512
645
6195
7793
9873
4755
4304
5995
8263
773
9165
2440
6370
1141
4845
8372
4228
5526
1303
689
7841
1156
3425
414
1674
4877
2974
6186
586
7293
206
3446
5344
8448
4415
2404
2544
5964
4625
9604
4113
5064
6471
7090
6031
5300
6532
3914
4452
9032
643
5358
1632
8087
3123
2362
911
1030
4929
2480
6014
9992
8248
8283
6178
542
113
7988
8820
77
3717
5987
8958
1277
9262
2555
8767
1620
8699
3145
3471
8152
5753
8442
9728
5666
8973
3245
7029
7979
1963
5826
3812
8102
8185
9868
9870
7191
5291
8758
8198
4660
2855
5985
9334
2221
6141
6762
8878
9589
6088
5710
3626
5752
2091
3676
5939
3424
1683
3377
8027
6816
429
8678
9235
2670
9409
3705
4998
2721
4950
4814
783
4363
4682
880
4862
3989
9962
3412
6326
7527
3811
5245
4977
5905
8983
9029
5706
321
9538
2693
2767
2940
1290
2894
9837
97
460
6847
2285
3614
8211
9465
995
1326
5345
27
3146
5284
5459
1862
5027
8772
6699
832
9705
6739
1041
1537
3039
8352
3502
5833
770
9919
2058
6585
3328
8995
3969
2560
9859
558
123
9468
6024
7563
415
235
5608
780
8941
7984
2339
1388
4692
715
956
4538
9140
9624
5182
3286
1069
913
3577
9777
7258
7592
3246
3264
5324
5356
8410
6436
2613
8453
6377
4520
4631
2190
7130
8471
2897
5099
4083
3518
3674
9755
6590
5557
3240
9718
2751
6427
3773
2431
6432
4775
5974
2325
5004
8963
5436
8861
6079
4892
6458
6974
9603
6376
2586
859
9714
8705
8058
7040
5401
9458
5242
3011
1905
4250
8944
8659
7621
1958
1518
6331
4885
1220
7880
6882
6222
2820
1055
1744
353
8051
3060
7800
8915
4198
8390
4462
1684
9641
6602
1994
6319
9542
7387
2096
9580
6236
6556
2588
131
472
4216
3296
6439
7571
46
4429
2765
9834
4886
7266
3135
7853
695
9765
1478
7824
4760
6288
4890
7206
3861
2119
1258
6865
9332
2800
316
1108
7957
766
2134
3551
555
106
3433
617
4242
5567
9450
9112
1740
6179
249
3262
1413
4846
3689
4960
4679
5372
7384
4785
5990
2845
1184
6674
6905
1964
658
9964
6782
2025
29
963
6526
5528
6710
434
1262
1861
288
2254
8433
6812
1558
6634
6062
4829
335
6576
3922
670
4914
8977
3573
4806
599
9948
937
8351
5394
866
3855
1864
6883
7427
8169
2699
345
784
9044
657
5233
6552
1011
7894
3566
5029
8997
6852
4308
2318
8830
248
35
6630
7335
3579
5000
5271
890
5425
8349
6045
5517
1607
4301
8743
9756
964
8902
6399
1602
5624
5011
2597
9128
8370
6080
4736
3556
9012
5376
524
6792
5744
938
301
5973
9127
2967
6690
1174
7757
5989
8145
9943
7634
6448
9074
641
4355
7746
6498
1325
2807
178
5572
5220
8483
4193
4238
7490
3351
281
547
1778
7264
5615
8397
6308
9311
7120
5851
3906
2533
5982
9444
55
3680
7462
3899
905
1205
6650
5803
9440
922
8011
8081
322
6986
4915
9880
1106
3825
7890
3862
7528
4792
4062
5656
6469
3139
4577
8589
7327
8364
5023
2012
8751
4982
5787
4081
6161
5274
8327
1231
3748
9132
858
2430
8790
5754
2826
6440
6217
204
404
2120
9456
3337
6577
4853
6807
2909
8641
8749
8952
9254
4650
4272
768
902
6450
6999
93
3620
4258
3968
1467
5156
4680
2965
2892
4418
7361
7849
3766
9925
5366
5529
7504
7181
8843
7244
8778
4870
7455
5682
9110
2505
6120
3222
1653
2439
4641
9078
2210
53
6534
1385
8840
7497
3289
1276
568
1020
526
8128
3238
798
9532
9395
8714
6396
5771
9732
6786
5103
3511
5630
5334
3925
8199
2575
8598
9810
7941
8616
4787
761
6913
9138
98
7464
2180
2305
9651
8463
8862
8690
7150
6565
1739
9717
4414
2701
7012
5384
7475
7570
8740
4139
8378
2411
8854
2470
5883
5872
2397
675
7255
5072
2088
8857
6675
4894
9927
7079
1363
2363
4791
3300
892
3403
8632
5672
9331
4823
2373
1308
1920
3984
7071
994
6531
2811
6871
6207
5238
661
7819
8827
4542
3780
7059
7314
9251
4361
132
8615
3543
1561
551
8715
7918
1001
34
5692
6707
9149
8161
3958
6733
8148
9157
9222
3161
9883
3964
7299
8723
1900
1219
6652
1095
4065
5235
603
2148
7779
3817
8812
2695
1319
8572
1236
7053
5005
2732
174
237
1263
7797
9945
3545
5798
8278
1652
1340
4989
3761
7688
2629
5431
5149
1908
8016
7372
3389
4672
1082
5543
790
4869
1444
9161
2950
3304
6523
3535
1995
6635
8694
7584
2357
7399
8712
7573
4688
5498
8389
8489
9010
7219
1630
5701
1349
8472
5924
8901
4187
423
8265
51
2179
9957
9944
3624
907
3822
3211
1127
3325
3080
1528
9737
8534
4537
5398
8084
4207
6372
1787
5929
8430
5570
9406
8019
9733
713
7582
4237
1178
342
7771
7538
7902
2968
8869
5445
9642
631
9760
9461
3672
5411
8101
9033
2369
8648
3581
1858
1844
6849
3046
732
8594
4469
9631
5319
4800
4134
4382
2313
7787
8741
4621
1540
2183
5121
2136
7705
9901
4899
1726
2537
209
498
2987
372
7844
7251
3127
1745
2684
341
6831
831
4226
389
3637
3364
8651
7381
5176
3365
4077
8008
1074
2060
8049
4878
9400
3416
1690
9783
3948
4431
9080
2147
4567
8982
151
7367
3016
726
5510
9412
2669
4928
2917
7276
4212
6730
1780
8596
1996
7118
5696
3415
468
8212
6193
8933
4251
7945
4466
2007
285
2036
8604
7989
985
9595
9778
7006
9294
8313
7198
2712
3628
4018
5370
6649
7789
2662
2928
5762
834
5314
7732
534
1211
5466
5292
5830
999
1929
6291
6753
1855
7193
959
6275
4937
1002
7253
4293
4980
548
1888
9429
4377
9719
1042
6560
3445
5953
4
3119
7862
5594
6846
5619
1999
7822
7072
8172
5298
9133
1057
9540
9211
9051
6211
5405
7188
984
6061
9178
706
7722
2345
898
2832
2384
3519
4582
1758
449
4873
5444
2360
4262
328
7762
6445
9527
4407
9091
490
7110
5299
9516
5197
6854
1368
5422
7916
1839
2348
7167
3909
5205
8040
7125
1709
2980
3384
5152
8242
3699
8860
2385
5248
719
2697
9196
6232
5199
9694
9460
1534
5580
5569
7804
6246
9989
3326
7476
7838
6290
972
9775
897
7220
3125
3650
7522
5077
3417
900
9583
6533
9599
1842
1040
116
4954
1628
1310
3606
78
5046
8507
5063
7665
8672
8548
5014
4851
7541
4327
9667
7373
8176
361
5289
7914
3284
4852
5393
1860
1324
3356
5983
4943
612
216
397
1682
4428
4639
1010
8837
1066
6608
8765
9930
7153
332
3893
6060
1189
9389
9123
5574
5741
9421
7553
6541
5402
7119
2828
5880
8374
3838
4071
2759
1535
6094
8889
6900
1815
584
9275
7882
6398
8634
8727
8273
6027
9187
1399
8366
5768
848
5867
8561
5957
8275
1659
2276
5008
4230
9602
1065
3866
6748
2247
3254
2039
2755
7350
4284
3792
143
9193
4596
4181
9952
5898
2651
7333
5926
6735
8948
7272
5778
4480
9250
3043
5315
9418
2496
7981
9191
4307
833
5512
485
3332
8851
6124
5059
4140
654
6681
3065
230
5179
2153
9028
102
659
7349
8728
4728
6622
5065
1983
8558
4984
981
7184
9771
8680
1790
154
2599
4993
8606
2479
9736
9319
8384
9373
7323
8441
2022
3003
4556
7215
3987
6572
4955
9118
4015
5269
3585
2601
1015
2243
3586
3578
6646
2658
9035
4345
9321
5810
7421
3788
2647
9518
3550
2671
8053
7250
4472
9681
5523
9367
2617
6229
6997
5760
4194
6416
2668
2288
3059
4572
7340
3623
2365
861
1445
8638
1266
9328
5123
138
7974
6199
6751
7755
1083
1665
5938
5216
9020
4797
6073
1018
6970
6020
6253
9779
3904
4872
6687
763
9340
8677
8957
1874
1404
8581
1180
7955
9504
7124
8936
711
3423
6192
6388
6768
4008
433
595
1614
1776
3583
4405
4959
3513
4662
3091
8421
2993
4440
1691
3659
7933
2121
7229
7227
2910
9179
9723
2208
8663
4379
388
3976
8745
5568
9884
9912
8305
2566
3615
5850
3053
7515
9865
8244
9793
4838
1961
5766
2951
804
1054
6958
1154
8930
3678
1556
6444
9037
5095
1183
2818
8440
5209
9571
463
7015
3235
9581
7445
1837
9436
331
1521
1390
1238
7303
4678
4435
7608
1636
9482
6452
6068
2923
9892
8910
1455
6041
9788
4180
4516
4227
5455
7420
5094
7271
5535
4983
8117
7751
451
4038
4997
734
1648
1411
3764
9048
8340
6695
6665
4810
5584
4296
4364
931
8779
3188
7712
862
8076
447
3281
9188
7780
5955
3205
6198
8451
4420
3539
9894
6935
2429
5244
9206
7983
7754
7748
91
6360
3612
1662
2466
5665
7586
8981
744
2259
416
89
5057
2072
5533
2178
1953
4151
6606
5111
4223
62
1309
6808
1676
1506
1640
7423
7707
2777
6510
4141
3639
4445
1431
9228
4557
4671
336
5250
4570
4794
3752
4737
6765
619
9003
5341
5396
6868
9683
2055
8874
6443
4833
1103
148
4707
3430
8555
1246
9936
2880
2189
5489
4031
5761
9081
441
9114
8260
2513
7101
8466
9299
3092
2159
7611
7970
9591
7208
1025
2132
9903
4404
3571
8291
5670
8320
9517
6407
4203
3708
6259
5412
7093
6941
9593
5391
4236
4611
2823
7761
4314
8287
7623
2262
172
7763
8048
1418
1061
5737
9318
1865
6109
7099
8301
2455
5688
8074
629
4091
4225
2061
6625
5887
9325
2883
9134
2854
676
5355
7144
8200
4280
9101
4136
9630
4590
5903
5251
9386
4510
8804
6361
5189
294
2659
775
8646
2299
1475
1013
164
8419
4803
9438
5823
236
1378
7674
7568
1559
8480
7121
3134
2255
2764
5178
1497
8787
5874
9231
8628
1774
9382
7944
3073
9218
647
949
3179
6303
2530
3103
8912
1629
317
2182
7731
7122
7428
4075
5909
3190
8814
5241
9490
5686
6821
5894
4840
2563
7170
2795
8121
9139
2912
592
3897
3062
4028
1314
64
7328
7949
9477
183
4126
6922
9296
4705
6492
6653
755
8284
7909
497
3902
6938
5756
3815
6385
1789
666
9344
808
7300
1587
5151
1329
9514
2258
7589
7216
5645
8866
3418
6442
343
5467
8394
7487
8183
9065
7893
2622
5785
6925
1450
6382
7653
8759
3023
5599
4275
3807
642
8621
7000
3459
827
1261
4947
8881
1396
7063
1554
4674
2945
6437
9270
9060
9632
4781
6843
3827
1731
1819
6964
2508
7446
3720
1567
2420
2356
4951
5037
8330
7346
6233
8307
1181
5885
1647
2758
2593
5779
3345
4727
9155
533
1548
8959
7450
5321
4694
5154
820
5318
4700
5058
5381
3320
3485
6893
6754
1593
8189
8403
3084
3531
4817
2200
6227
6263
424
7863
9871
3247
4654
9356
7499
7795
8377
9501
3396
7049
6355
7205
5070
2898
6678
7561
333
354
6412
3736
5542
2019
3786
4726
5278
2874
5409
1623
8584
3882
8748
1446
8906
7316
7910
7489
8960
9822
4037
9171
4340
417
7603
4409
2920
4294
9464
9594
4283
9637
8834
3071
8683
7964
9600
5007
4939
1600
9437
1982
9185
2757
4719
7080
461
1067
3209
2839
9015
2770
3280
8091
2316
3632
8549
6741
2975
7940
2587
6567
6212
9272
7277
3679
821
5962
5519
3703
2049
2126
3894
149
3278
2711
712
6170
6780
9391
9452
779
3926
9710
2417
8611
5036
6515
1186
227
6261
2294
9419
3760
8092
4766
1247
8802
4476
7306
5776
1039
8021
7595
7241
4247
6775
2468
4995
9922
9117
5496
1000
8141
1933
5748
6143
7096
1568
1084
7453
8175
6016
2065
1228
8234
7994
1977
4798
8792
3111
9754
1536
1492
4709
5196
6912
7698
3830
1213
9941
3244
6043
2432
3200
803
5340
3540
5390
3420
17
9829
2328
3587
3399
5217
457
114
2497
7232
7837
2672
813
5
3013
4488
4082
6333
7014
4323
6251
3083
8160
3618
655
3698
6767
2016
7004
4278
9042
3890
6629
7374
6365
3025
4486
5714
5720
9379
5868
3349
4305
7214
9176
260
3546
6826
6582
2979
4360
6379
3454
4916
3036
9066
4922
1680
9249
484
7074
9812
6888
1877
9780
2592
6057
4573
7218
6898
9095
649
7298
4458
8526
9831
8614
9052
9713
3886
2311
8015
329
7211
8858
1086
7724
1332
6386
1954
1114
6715
6348
3863
6953
3297
725
7321
9533
6864
3361
8514
3911
2507
9348
4401
8115
3966
9535
3447
4735
3045
639
5069
5228
9663
1989
5668
2962
8188
7344
8225
5705
3054
2986
6152
8701
8412
6322
4335
8574
5122
6234
3775
594
3575
1145
5931
8928
7946
8083
1495
75
9726
8872
510
5667
7774
7174
5835
5907
3375
5534
5333
8473
9712
535
4986
8590
5941
3975
515
8426
7039
9584
3992
9447
8270
1380
6022
8622
2222
3701
8405
4738
8012
4173
8322
758
96
7261
1792
5139
5749
3921
126
2127
3317
5028
4778
6403
7747
3530
6256
3808
4443
4349
5780
3081
2344
9425
836
8194
1710
5646
1073
4668
4279
8777
5336
5969
8197
9855
700
8124
6732
6671
2351
3772
2038
6242
4716
6484
7995
3657
7142
7598
7701
80
1891
904
7301
3327
7529
7392
4101
1892
6686
7342
6725
2522
3180
8444
2806
7465
4334
785
1165
2577
8732
4485
5727
2152
8488
2681
2678
8056
5679
4021
2639
6154
6973
9142
6916
3394
3682
3832
4438
1286
5159
1169
7525
9253
7435
7720
6330
3999
2864
4413
5191
7639
436
2156
9001
7612
9446
662
3962
4112
5895
4019
7908
2050
291
1204
4175
6148
1634
6328
6001
2028
2142
2095
3052
6771
6551
4681
5977
743
4704
8206
1677
5991
4152
8460
4581
2791
7075
8724
2270
8994
4289
638
9233
4655
437
7696
1373
9189
5049
9787
8382
8775
4073
2859
4673
3985
1138
6584
2715
7786
7154
774
3112
5131
4649
2013
9023
4484
2075
3940
1573
4856
8361
4197
1997
9979
5644
1405
1221
7790
5488
3721
205
8887
5825
7700
6502
155
7077
6296
694
3467
7912
2609
7046
2868
5184
257
8882
7871
9541
2087
3185
708
2399
8762
136
4587
2227
207
4896
1298
3729
9522
856
3056
847
9877
6770
3068
5200
2619
8325
7693
8566
7457
8332
587
2727
9397
3408
1135
9676
2895
7802
6128
4442
8864
2720
3740
6703
3749
1362
1693
4421
8418
9623
203
2199
3741
8511
4758
5335
7631
1016
1932
7808
9767
9151
1890
4828
5579
6598
7931
6378
6937
2705
7396
3322
4129
4571
4352
4318
9934
2572
8512
2969
9302
1611
8824
4348
9764
9317
9322
3709
9797
9534
2814
2954
179
144
5115
6145
6404
6499
5718
8339
5674
7456
889
273
1960
1387
8089
4222
9281
4149
6837
8577
6952
3778
9426
1579
8068
8868
6034
7388
4628
703
2655
7828
7642
1727
6571
7429
3793
1364
6845
3058
1142
5003
1791
7166
9672
8926
3122
7986
3643
1059
8907
1570
1884
2355
5031
7477
1725
7159
9396
5984
5627
3000
7939
7973
5460
8257
3512
2076
4818
1422
306
271
6599
2636
7190
6901
1504
8764
4270
1087
69
9657
1720
8649
4490
5733
8923
9966
9
289
6306
4041
4434
7442
2457
9291
4487
9324
1711
4842
6631
6894
878
9828
1503
7438
9377
5583
9209
6553
5606
7151
793
2074
6019
3242
9961
9385
8126
5133
2994
6406
6679
1234
8695
4618
3008
2491
6438
2734
8045
8399
5918
2862
4835
1863
5415
6083
3924
4999
3128
3789
2926
3371
8633
5218
8591
5229
7129
6084
3230
2472
2015
8030
5616
187
8955
3282
420
5194
2353
9730
262
6838
7929
7543
7784
3085
1638
7493
9494
3448
1823
184
769
4946
1955
3576
4460
5772
3227
6455
9463
2298
7606
9627
578
5504
8228
8569
5590
7852
3683
2401
8100
3213
3584
7710
1260
1714
231
1091
7695
5636
9742
8940
3805
9849
5758
692
1974
7067
8314
5009
3449
1419
5603
8297
477
7856
4772
1511
651
1027
9511
5368
945
3293
3702
549
6761
7016
9407
238
9552
4614
4020
2041
5022
8783
1872
1346
7891
815
3776
1909
8921
5021
7690
298
6793
2476
8495
4029
7896
3100
6065
2745
7268
1321
1359
4824
129
8754
9089
1152
5916
1832
1012
390
3784
6881
8359
9678
7370
4441
1441
9221
1514
3848
7265
9420
467
4592
796
507
8371
899
2488
5942
3569
9864
8392
9978
4816
2090
7625
7309
9509
2398
3057
3800
6039
9861
1980
3392
8300
1300
5407
6037
3169
6286
4463
7390
1449
8425
3979
7278
6989
4795
4009
1157
2788
2354
6190
6067
738
1035
6862
6201
9523
6114
7605
9428
8644
2935
801
4748
5167
6075
5088
1336
5790
3818
5339
940
7347
9782
579
8493
5227
6270
4659
1885
3171
3274
9230
7289
347
3718
3782
2869
8267
6921
4925
1427
8537
1625
2673
8515
7195
6982
6035
1477
1538
1291
9358
7495
5566
1159
1835
2229
2002
4347
9014
5950
3198
2231
8177
4208
6214
1104
2779
1249
6946
5452
5621
1962
190
3102
6055
8546
2816
974
701
9507
5531
7175
4841
8796
6300
2937
6969
679
2107
2893
160
9485
9888
7368
8931
9103
6162
1406
5129
8642
7798
1505
4499
2146
4412
2511
9203
4473
3172
5254
8650
9530
9562
9965
8203
5055
9435
730
2552
7408
2660
1743
3494
8776
2709
9268
7868
9181
195
2445
9439
8968
3312
4478
2726
1479
6490
9590
2184
9911
6381
546
1383
606
2382
9301
6163
8676
8679
2310
577
448
4593
9305
3913
4045
4539
1316
5736
7494
6917
9154
2517
7062
2616
6853
8668
5839
1820
4164
9758
6117
5500
2803
2585
682
9557
9227
7517
2277
819
7127
5869
3253
6218
4706
6343
7624
7259
3336
3823
823
8346
3872
9312
8209
5174
2448
1434
3649
8321
3072
8001
1930
128
9852
4430
1699
1053
4388
1273
212
2924
9246
7699
6589
268
4217
518
7274
3972
3450
4383
3956
728
4070
7859
8490
6284
9551
8954
9503
1375
49
2902
5838
9059
8261
3525
2915
3980
8846
6769
245
6799
1934
5472
2380
1903
3387
1626
4864
5751
7632
7836
1717
156
8833
4302
7424
5915
7913
8707
9510
4891
4380
4493
926
4974
2931
2403
3774
3186
7729
718
6337
1667
5397
5684
6827
3677
3943
3737
4882
1334
8885
1831
1569
4533
9144
2733
3696
2239
3370
1581
4482
1117
4560
3110
6349
9967
2796
8682
9885
5687
6451
1924
3908
9830
2240
103
1825
3934
7562
8509
7587
5742
6897
7060
1408
2683
3783
111
9353
8202
736
4761
2843
4446
9279
3436
1539
6892
3487
2911
1738
7544
2370
6497
7513
8521
7899
1345
7248
7360
339
4855
8005
400
9143
2698
721
6325
5146
6028
1077
6351
8432
7547
3382
5732
9886
5946
6835
9951
2198
364
2443
9448
3864
3719
8446
8904
7094
4503
9489
9619
193
5264
1185
1049
4115
6752
7536
9803
5138
2228
8070
7177
6460
4144
8580
6394
7627
757
1571
6955
2069
5327
9684
393
2071
6604
6297
6389
2128
5527
5342
5188
6116
9039
9113
9920
2269
1436
5576
275
4277
4243
7778
1369
2589
8099
5483
5792
6693
1278
4517
5892
886
923
4610
7358
7692
379
6103
8528
6503
4617
8345
5782
6446
1043
8924
3492
5886
7873
5032
9376
9680
7682
2542
6731
8656
5164
8131
5348
175
1689
8631
5948
6927
220
72
8082
4729
6453
1382
1694
3751
302
8496
4741
1882
5724
2438
2118
1469
2810
8217
2145
20
2801
6778
4449
1243
6527
6165
2906
5119
849
1235
8896
7162
9050
7898
6784
9330
6301
5996
3157
7730
8215
8221
2849
4211
5090
6311
7660
7579
2997
5722
3508
1197
4433
8461
9759
7443
2129
124
1217
5893
3688
7041
8180
6850
883
6077
4549
2941
8726
7604
1730
6321
9045
4759
4313
6111
5118
3232
3236
2251
536
3993
9431
2741
3516
876
1227
5469
1203
1868
8675
377
6112
3143
8599
7539
3755
7711
4336
9656
4777
5773
2524
5247
8249
9644
9129
7742
5740
6107
6919
5854
1170
668
9946
6661
6415
1429
7721
640
2502
3651
6740
3944
442
6555
3722
557
537
3747
5845
2248
473
2390
5330
7943
9099
6202
8823
1766
6528
6309
563
4111
7078
4815
3374
5127
6002
2557
303
6866
7599
3428
3113
2426
5087
7353
4535
5186
8520
7204
7337
2863
1754
7294
5822
3106
7999
7139
3629
2785
6134
9360
1968
7725
5056
9208
5589
6507
5841
5781
6175
446
7500
2168
3895
9973
1585
4589
7687
8184
6705
9558
9953
1177
9403
4830
4527
7369
7834
2000
252
371
2922
8020
2637
5993
99
7886
575
24
2996
953
9027
8720
5651
7942
5628
9579
7820
7508
4926
3505
8788
4907
7114
2775
5970
2312
590
9653
686
8636
5343
1168
9655
8174
9158
9697
9194
9744
7416
6626
5952
4670
6072
1687
6566
7092
1525
2113
3225
4287
1112
8375
9809
2105
7900
6209
7286
6126
4948
5809
6081
6867
6009
5116
4874
6276
4001
6402
4779
4961
5428
3493
6426
6772
4839
244
9283
663
7469
1599
4033
1621
8807
3977
5256
2858
1358
3444
9709
7823
4964
2442
5514
8770
4904
3210
9545
5113
7270
4271
7727
4393
6047
4051
5443
2649
5807
6188
3616
6098
4176
7645
158
5923
4427
9661
7325
4949
6873
4269
6264
4747
2035
9856
2304
1089
7380
6718
8136
3567
9264
756
4905
256
1597
2567
1036
5919
1371
664
2737
1519
9399
7026
3529
3869
88
3176
6944
1582
8452
1394
8927
6619
7676
2740
6996
4512
6433
685
7905
8181
9041
1348
5852
3173
8539
1360
601
6870
7952
4385
2263
2989
4056
9521
5818
2436
6836
3309
7590
3983
5657
7256
42
3647
2648
1225
4863
7596
2154
5855
279
3981
2792
201
872
2831
4501
6544
7792
7073
435
4569
7737
3040
4968
4264
9823
2279
7414
3994
166
5721
9308
6587
1777
8867
4749
3590
2958
6315
8326
6052
1853
2295
5540
6138
2852
5311
4652
4366
2955
6562
5054
4902
58
9998
8583
5876
4783
487
8693
8935
8156
8891
7212
4742
6400
8132
7432
8218
1666
7471
7398
7843
5252
7180
2558
6758
5325
7123
1056
7407
500
9790
879
3170
9018
6156
2334
8286
7996
1608
3413
8826
8236
1663
2193
7672
6102
84
5840
971
3369
2421
2707
7830
8951
65
5367
8025
1050
1894
1304
3920
3757
2053
2302
5844
292
9212
7377
8057
2865
7816
8055
3029
8125
3655
7474
5404
1605
5878
2481
263
4530
3214
6283
1594
4924
4221
874
3333
991
1834
1830
308
2908
2606
7831
8334
5501
2233
9170
9633
2780
2465
4072
1120
684
4988
3096
5873
9085
6624
2891
265
888
1081
6701
4122
5524
2844
9333
2860
3334
1122
611
9629
4765
8137
5326
839
6118
4599
8238
5120
255
9493
4378
9192
4913
7210
7965
4651
6700
403
7254
529
2837
385
4297
9704
7376
539
4004
6119
9932
8343
2901
3142
1102
5884
6279
6042
293
9658
5704
3928
5369
5406
2135
247
613
2467
7088
3796
7242
4643
4715
3397
120
1245
988
3155
8485
6087
5286
6021
5135
8037
3076
7001
6520
142
1532
8062
4353
9519
2561
9417
5219
8072
3021
2400
5928
418
3291
589
7650
5730
5937
3504
1797
570
2422
7083
5421
3907
2273
5478
1627
3715
5813
7766
6216
8979
5520
443
3401
2598
1887
4174
8029
2610
43
1715
5513
9357
778
553
8518
8402
5828
4095
3160
7813
2921
105
2293
6373
1137
7718
5735
2614
2315
8166
2746
5231
3605
702
5089
3488
6191
8531
9361
7669
5045
8536
1943
6612
5281
8494
9568
6076
9682
2918
6339
4637
6880
5386
8708
6818
7578
8416
5922
6760
2971
4309
6755
1448
9316
6171
3093
8793
8905
5726
8946
3474
2281
25
173
4358
791
8272
2122
7081
2990
5110
5462
4908
6668
7723
4623
2454
1991
4724
4591
5360
9466
6508
8109
3762
4411
8992
9947
286
4024
7371
924
2661
3038
5290
1751
4022
1971
597
1811
1305
9393
9853
1487
1609
94
5104
748
9578
2690
6000
3883
8355
1526
6312
9851
3224
6101
1641
677
8167
8593
4906
2195
8373
5408
2790
7007
864
6241
6413
4010
1484
9345
885
7283
2861
8396
636
7034
608
2046
4494
955
9937
9528
4209
1366
9502
9256
4389
3589
1443
9090
1459
8095
2634
2752
8780
7404
1565
8716
2674
5474
986
9750
4895
8302
7686
2406
978
7760
5221
5654
3826
4648
982
3147
948
7295
3461
1471
8155
2570
5125
4369
9338
7788
3465
9566
8465
5468
2615
5538
5725
2873
987
5363
2428
1606
5230
6524
4624
9239
3777
4923
6568
1424
9474
10
6697
6657
3078
722
9442
7641
4553
5134
2093
6512
527
6225
2591
3668
330
8883
7394
9214
350
2905
9838
1283
5551
6172
4957
4699
7334
1756
1134
2219
2249
8998
8279
3287
8470
6620
9618
7111
2392
3700
3602
3192
8210
26
1852
8150
818
9752
4481
2425
4489
6763
3411
6547
3140
2203
9835
8655
6757
5093
6518
9016
3386
9346
6070
3610
3876
512
9145
9387
9163
5213
3768
8717
576
1867
9125
3350
8733
5998
4693
4306
2473
3314
7131
3809
3945
7930
8336
5650
566
8842
9956
1746
8785
4322
6918
9686
9724
5629
4105
1502
2750
9488
1772
9643
7597
1068
2125
6911
901
4502
3542
735
3829
3063
1972
4290
2048
8729
8110
7186
6506
3460
1897
6711
1706
4509
5506
2929
4615
3017
3434
4714
8093
6013
2066
2114
2106
9918
5493
9769
8587
8612
3887
7223
196
8666
767
9882
6099
9648
6658
1126
6488
3901
3443
5614
9380
7226
1098
5716
2878
1409
3137
2042
1993
1553
4233
1320
1530
6745
254
5025
3596
9126
5080
1038
7874
6830
969
5738
9612
2250
246
431
8609
4057
8380
8535
6486
6338
1516
9674
1486
4767
9924
6706
3704
8761
4820
7252
3661
1281
4387
9226
1939
