5554
1517
5003
7239
1354
9298
9923
2779
503
9390
9845
6574
1406
4869
6828
478
6637
1468
5669
9079
9169
3377
7964
4432
5127
3346
9979
9222
5319
6960
3829
5925
6635
2913
9176
252
5708
6091
6261
4631
9623
6981
9229
545
9949
751
8545
5137
3039
3693
890
4002
3720
2291
7861
8050
7477
4342
6055
5806
6725
5307
4387
1996
7106
2284
6869
1057
6758
2530
3536
581
759
7063
1370
7121
8711
493
5729
8955
1202
7417
6006
1544
8618
2817
8521
6165
7985
443
5208
1016
5786
9952
5416
5706
3595
6978
8841
8165
866
9037
4012
5370
5746
5892
1019
1219
2462
7220
4677
4388
2608
4125
1628
4381
9892
7246
3310
4833
8917
2988
2952
5678
7114
4991
142
7798
4535
4306
3666
815
5396
2083
7416
3546
3318
4214
7575
9974
8891
3756
4313
5547
4337
5975
4189
7344
5038
6907
2785
5243
9195
5317
9641
6957
9275
5670
318
2720
875
4153
1045
3397
2763
5116
4234
6114
4859
7863
3628
695
7743
5594
865
7443
9210
9867
3801
970
4364
6823
3659
705
5561
937
9413
5584
7154
7819
9733
4503
3250
9051
229
8558
5351
4044
8867
7566
9940
2985
1137
9235
4190
3387
9158
8089
7310
4310
897
8372
398
8928
2341
6493
7352
9396
5165
7261
1023
6375
9672
2599
657
4529
6559
9457
3581
19
3613
7383
6747
5611
8998
4352
5152
5429
5142
3660
7387
8826
6941
8952
1096
4750
5937
1376
1064
7169
8854
4821
8819
130
2416
7059
2845
8242
9729
492
9258
6328
4030
1709
1199
784
3804
8448
2081
345
4510
4377
4551
1792
4525
4471
9815
7231
8669
5848
1109
8248
8224
8922
8559
2830
6579
5099
8391
194
8921
7339
6169
7264
6125
8525
5755
1548
6276
7811
4904
2768
401
2399
9420
7150
4225
1319
397
1412
4769
466
4433
1301
2926
6174
1941
8783
4504
1338
2984
7978
7203
8590
5180
8208
1741
8547
7747
3576
3745
1997
6846
5362
9734
484
901
5933
594
3148
2301
8288
5866
6571
4865
6971
1828
6018
8847
8554
5408
9929
9416
8993
8311
586
8781
1630
9391
8022
1978
5284
4817
6506
9885
2782
4343
1324
2619
4338
1842
3754
3732
4457
1135
842
214
2016
5187
243
2912
4933
6606
8098
3169
1069
3305
5752
6117
8743
253
7475
508
7088
8343
9948
6882
7277
6238
6586
4465
8423
5066
8701
5499
5175
7595
3508
7017
1250
7617
3327
9094
1917
8906
9895
6113
4719
9573
5078
3105
4556
133
4867
6910
347
5432
7319
8381
1032
5625
6675
1224
5684
3319
4246
4577
1187
616
7821
5140
711
5473
959
3723
8686
9565
830
4940
1889
8301
1417
9891
4336
3289
1939
8642
125
2867
1189
9826
5460
6475
6401
8018
638
7471
5012
4089
7785
6858
2104
847
3565
2541
7518
7744
2742
2152
2172
2578
5650
268
131
519
9759
9223
7148
1252
6834
338
8915
2029
1425
1211
3816
8734
4777
1494
5191
1321
4967
106
8684
5946
896
6422
4199
1132
9426
4682
5062
9640
3219
3717
5563
5344
2866
1020
4522
3888
5256
3363
7709
8249
6409
70
8406
5425
4802
9232
4094
7256
4580
3928
6194
3470
6998
9465
1998
3180
2170
7157
7503
1642
707
1743
3231
6292
5455
4393
5471
6896
5792
3580
3235
8608
7076
5385
8088
4895
986
8010
4115
6720
4623
8127
6644
5877
1524
4005
6448
1182
6626
3378
990
2987
8331
4565
2261
5824
3858
2799
9155
1460
4848
6372
5588
2972
3241
3048
2896
1568
4176
3127
9386
9798
3991
7662
4737
6167
7983
4591
1846
9879
1358
6393
7664
8066
454
1693
3392
8148
6251
913
2403
1700
6631
4171
1591
975
9473
6992
6480
4871
9897
7653
9330
8006
1781
2023
1495
5835
3914
1883
5827
2846
1806
3253
4118
4514
4699
8614
137
2671
4838
4436
7922
7162
3314
3056
4583
4534
4540
2596
112
5252
5004
1008
4883
1328
9935
1188
618
1042
8851
6027
4795
426
1631
196
5472
8980
7726
1263
3924
6657
8422
1839
6565
5717
4085
9950
4613
6821
5383
4369
170
8863
2052
1469
9190
1276
7064
4729
6663
3532
4363
6802
5501
6714
8240
8630
8170
2906
8180
3178
4767
8308
2041
2260
6382
391
3663
3046
1940
575
5924
9282
2361
4666
7962
3528
1670
35
5045
3832
8492
8603
8825
3158
3949
761
6748
7409
4878
4160
2183
8135
5377
8097
3734
7637
8966
7848
2308
5088
7104
5941
1228
1930
9816
179
5084
9485
2747
7108
1147
184
5775
2764
5075
7616
9260
9021
5576
9584
3322
6234
2948
4985
6539
8869
2512
1679
6085
8671
89
264
5281
6691
874
1858
8995
138
4951
3984
7581
4532
4810
5313
3767
1299
544
4322
2380
8328
9307
3131
1400
860
1367
2937
2247
456
1784
6694
4595
4294
8470
6235
8244
5662
758
8837
8979
7648
6286
2401
7340
7434
8479
2501
714
3276
1442
1758
9788
4239
1294
8129
5842
3407
7789
6841
1428
1540
7098
3837
8490
620
1933
8693
3755
1058
9005
5435
5482
8353
8103
2701
4771
7045
7243
4589
3807
7560
7541
891
3033
536
8053
7362
3201
6335
1991
7117
8898
297
4344
7623
3911
4923
4355
7779
2650
4470
3006
7886
1313
7004
2414
1964
9861
8294
9199
9099
8694
4247
612
5777
9899
8008
4914
2418
6153
7324
7807
8230
9502
178
1536
7804
6324
2522
3522
3045
1409
9540
7502
9730
9213
8419
6095
9353
2036
9458
5952
7769
3705
1782
9140
2047
5219
7333
206
9097
985
1160
5838
9843
9700
7622
4807
3247
480
1416
231
2993
5575
9203
9393
7097
9065
5525
5258
8152
1024
8425
4618
2620
6497
2967
9076
3889
6421
505
9833
8944
2595
5822
7385
9773
2163
3155
5896
8506
4057
513
6036
1436
5272
2818
974
9193
5340
6482
9740
2900
6884
7791
9182
2971
5395
7378
394
7684
1629
2627
4515
4678
4625
255
3729
6178
2461
3151
2074
328
4312
7525
8666
9441
6711
386
1041
585
2235
5406
4832
5620
4039
3721
1549
7441
7184
3521
5130
1627
5231
6959
7147
2220
9551
6290
7654
1204
5018
1311
3544
4721
7458
2566
2475
8442
1203
3896
9490
1546
2555
2219
5050
8402
4207
3431
627
8691
2178
4683
6189
1110
7273
3088
4861
7436
6396
4405
4196
5797
3602
6179
2549
3790
2610
1445
7995
7357
4318
4135
9088
9462
9359
7784
9200
8568
9558
6417
683
6477
2770
2523
6872
7990
2495
8061
8473
3994
3286
4063
8344
2138
445
6002
4482
2500
1359
9380
1076
1584
355
7095
5647
7266
3810
2482
9938
3510
8441
841
3341
9368
6581
2085
5701
955
6315
13
7631
5450
1675
470
8937
2031
4804
2813
6336
1819
7878
5566
8368
2026
1779
6723
8920
5807
5069
9129
1108
9536
3288
6305
1660
6893
1123
6069
8964
110
4512
3671
861
4542
7750
607
3408
2195
8615
9266
8080
8243
6182
9418
8354
769
573
2897
7589
1387
1331
9295
3920
4116
2925
3699
5743
5570
2957
9121
5466
1472
2112
2772
4572
1285
5178
2194
7218
4752
7782
9936
3103
2850
1290
1102
1399
9684
8986
5636
4174
9737
9317
2890
6777
8732
2212
8220
5964
5897
2631
7204
3584
7880
1609
7899
9331
1934
9999
7066
8829
5171
548
1185
2108
8984
7156
2325
6795
7265
1808
272
9926
1040
9578
1648
6228
1841
2927
8648
3788
5107
602
5542
7275
2945
2910
4786
2443
6681
4890
7395
9385
8104
383
4873
2803
8042
1962
9752
562
882
9998
2314
5681
228
1464
4738
2586
3299
5262
6011
8450
3493
8997
28
3202
9697
6155
9616
3020
528
2011
9601
1163
7885
709
992
2240
6381
7470
7970
3880
8445
2334
3362
4493
6930
8876
4260
7331
2484
7500
6890
708
5790
6132
635
6592
5840
209
2374
7679
1029
6568
7783
4686
8632
4866
3955
9671
7852
9591
8146
8185
1576
8199
2162
2153
8255
7501
771
7356
9070
8033
5283
6886
9507
451
5238
9749
6560
5882
9686
9289
5379
6953
6326
6793
6413
3644
3972
552
7143
797
1507
8594
750
145
5723
7546
5013
2664
4022
1619
5162
3132
1875
5845
1378
1221
8307
8638
7024
6951
1513
502
9461
7563
7871
6986
8688
4415
787
3965
385
880
4013
3371
1588
6854
8517
5126
5439
7225
5765
1411
5721
9265
7517
8855
8232
7620
6339
4870
5001
7552
3902
7462
2645
572
7311
9984
1795
6303
4374
1014
2986
6655
4727
4657
5750
4550
7037
4249
2766
2098
9128
4722
9284
1435
1052
8364
674
9444
794
8865
3986
4911
6966
5469
1514
3478
4077
9124
5020
4792
7123
3866
5782
4257
9162
8016
6647
8634
8616
9095
5798
2640
162
8874
6297
9902
9405
5870
6250
1154
4760
7078
5224
752
9262
3551
6812
2579
5209
8722
5388
6556
1070
3200
3212
5183
3114
8696
9723
9595
6403
2032
2306
4762
3350
10
3752
2686
9221
8939
9762
3321
2282
7240
8231
725
5005
5718
3246
4681
5523
9254
7776
4977
933
5071
7077
6364
8523
6622
4685
1496
3762
6577
515
1091
5685
7209
2674
3328
1611
3405
2250
3931
3550
8000
8596
5133
5581
3915
5995
6832
9310
2096
2007
9939
4668
9339
4440
8449
8407
4327
9758
337
7423
275
2934
1093
7668
9841
9083
7016
8835
2889
3449
2053
313
9439
9325
6273
3366
9848
9636
8988
9039
9868
5041
8821
2793
3091
2171
150
5411
8038
854
3910
4428
7300
5484
271
30
2680
7898
2067
9557
2329
4319
6137
2840
2198
6639
6734
3139
7494
2883
1912
9287
3632
210
6360
9204
3555
4900
2368
2043
5257
8579
6902
143
419
6939
3845
5308
9520
317
9259
8719
3498
4791
3667
1777
7166
9074
8305
6525
8674
4782
304
749
6741
9171
6661
6444
7510
6226
4831
6318
9691
3430
9602
7194
4932
8150
4690
3625
4759
5454
3929
6942
3494
6564
3457
7966
3795
4875
37
5780
6816
7856
3566
5382
5987
8238
8780
3812
4661
7497
4636
3338
7089
8749
6054
1950
25
4830
51
1651
2049
2792
3560
7688
5910
7303
8715
5579
5418
327
5381
1887
1586
2388
5732
1394
5539
3242
6340
6555
6827
909
9153
3825
6516
1606
4844
4896
5031
1410
5335
9706
1826
8435
1885
806
9382
5825
1049
4976
5155
8810
7833
4651
4906
3130
6024
6629
8750
9508
4269
5604
9790
6543
7752
6083
4774
6218
6836
3450
5399
8299
7879
254
2875
8713
6851
6458
1068
6201
3575
8745
2465
5818
8376
2058
6050
3879
6997
6677
4104
6864
2796
5762
4323
7124
8913
5904
5076
4943
3503
5764
2908
9233
6129
6492
8896
8193
8786
4607
846
3831
44
333
8130
7465
7272
5113
6325
5147
7334
6134
1891
6310
678
5799
2638
3093
9944
5917
746
2504
9546
5105
7832
201
3376
7180
3764
3409
9808
3908
1003
4297
4368
8227
7178
6753
8430
9881
5433
2316
5637
1392
3259
2653
4198
9283
7773
4702
6412
2481
9077
2898
2206
1455
428
7050
6766
8949
9741
6742
6632
6839
2385
2169
2033
4103
6912
358
340
8536
4963
6209
5785
5772
1836
8161
6781
6819
424
4394
7021
3117
9581
6880
2962
2040
4860
9453
3772
3481
7373
2591
1970
291
4590
4291
3311
702
3848
816
5047
7763
5778
3217
1439
8765
8611
5123
2352
1036
7322
2727
7206
2923
5397
8121
8276
8396
6141
1653
4934
1621
9643
9973
9693
6379
408
8606
7524
7764
5121
1859
5876
8894
8879
4916
4740
5161
7260
8757
8358
205
6523
450
7181
7711
8026
3697
1915
3381
5119
997
9610
2154
4894
5885
7102
3765
1104
8106
2199
288
1487
8306
2712
2835
6831
7269
4879
965
1935
6653
6368
1380
563
2822
8264
7610
1712
365
1699
6528
2663
5847
4055
9650
8412
3967
4931
6052
339
5326
6264
3569
3899
9452
4191
4640
3564
2455
1456
3055
6996
2107
1366
3846
2305
4800
9577
217
7177
5348
8482
3923
5428
9837
8278
3334
3384
8012
4242
4477
7041
2857
382
7941
8341
4221
5170
2145
3749
2509
9403
2976
1424
8605
7304
7072
5280
4751
3211
302
7165
9771
9715
5811
8348
6609
2795
2259
8853
3543
1835
6352
825
5800
5869
4018
6597
7137
4638
9515
5202
6889
7242
9191
1105
4033
6899
7287
8504
8153
721
4910
334
7043
1106
6508
7987
8792
6838
3901
9501
6476
663
2812
4533
6990
637
6312
403
6558
1942
3488
1112
473
5184
2855
8935
6345
5096
8864
2296
564
9880
1131
9514
2515
6860
1220
8497
8607
2787
4300
8716
2863
6672
4358
1754
9545
4302
7753
7403
7085
9271
148
8561
5201
6208
5616
6317
9024
9328
5609
4670
2583
788
9796
278
9554
2581
4634
5111
2506
5568
868
3615
7815
3501
1335
9026
4273
659
8733
1241
9004
6433
5300
580
356
94
4412
734
6043
4069
1799
4796
5649
5361
6716
523
4010
1773
9251
1475
6044
7513
20
3137
8051
36
8433
26
8541
2440
444
7196
3769
224
4598
2202
6829
9673
452
2133
1753
5868
8325
4836
6111
7132
3603
7864
4974
6010
6488
5051
3265
8927
1874
6761
8206
3533
2824
9009
5747
4389
6147
1916
8047
5055
9214
7778
1258
1794
3855
8286
6505
4159
7573
7943
3954
2227
9495
126
4827
8155
5021
998
8882
3700
9130
9311
5731
9751
3653
3596
422
3948
4798
5880
9639
611
7869
3496
108
7105
4020
4105
7312
5989
1751
6033
5983
3425
8169
4695
7291
3926
371
7686
2746
8366
1010
9784
1506
5515
3951
5976
4524
4936
9562
2438
3324
9436
9567
3635
5911
9119
7592
8468
1949
5330
1519
9768
8811
3713
582
520
9669
5271
2961
3222
550
7282
817
1501
1021
3534
2929
7159
9746
1141
7585
193
4496
4371
4552
8393
648
8878
7189
9456
2364
5489
3037
8513
7122
166
8093
1476
4087
4469
2615
2228
9126
2222
5136
1698
215
8321
5940
1162
4385
1083
4001
1665
1259
4220
2089
9072
4238
2190
9499
6483
3391
1261
5494
3370
55
4339
9240
3753
2659
7187
7058
439
1984
7341
7928
3079
9272
2829
7480
4674
118
6835
6689
1462
6982
5950
7579
6669
6474
4076
7924
7411
6634
4764
776
6972
1306
1196
9830
3282
140
9230
2175
7860
9279
8800
1766
1353
8057
4454
3907
8317
845
5999
2949
9718
390
6549
9276
6919
5988
651
7732
7981
4292
2370
9589
615
1620
5205
5049
7111
1217
2726
8900
2886
6383
9831
1138
7489
4396
3728
5211
2272
5246
7723
5039
3258
4734
5861
5720
6848
7234
7295
4990
9858
5947
3484
9555
9366
6792
744
8717
9355
429
188
8553
3107
6281
1981
4152
9828
5372
2642
2695
1055
8624
4716
8968
175
3702
5486
731
2871
6122
7092
9665
7129
3586
9482
1900
2415
3946
6874
7484
6424
8574
7365
8907
1910
2722
7018
8440
5097
1264
3438
603
7545
2292
2139
898
886
3646
5932
8766
8627
6400
2597
4506
8887
4603
3134
3748
4357
1088
5479
1911
9234
5182
3462
5115
9424
5801
7144
7215
4732
2624
9991
5690
7730
2994
4852
3973
2441
2931
8113
5598
3248
5328
6843
3526
8931
4814
801
6092
3773
1479
9535
4505
7703
1749
2989
6554
3150
1240
2558
8333
8527
8535
1372
7949
7226
7051
8754
6199
6260
4435
4888
837
5898
7440
9219
3218
5783
5339
1047
2529
3953
2778
4996
8289
978
1637
9680
1209
9818
1007
6329
3683
2632
3944
7638
9320
7252
2427
4635
2808
6837
1959
3332
4301
9756
8226
8096
4146
164
7569
5419
6847
3968
4816
4725
2598
4149
5095
697
968
1273
5714
8533
1737
7540
7444
6161
8808
4639
7048
3861
2174
4326
6445
1718
2373
5445
8600
4321
9305
9552
9778
5858
284
4124
4659
592
8951
4202
3413
8028
8954
9341
88
1383
1850
211
4014
8609
624
3869
6040
9903
9606
8271
8263
5644
6602
9281
9309
7450
1300
3962
8086
6724
6221
6489
3003
3264
5607
1531
8237
8004
1763
5682
921
3030
3897
8759
9628
7374
2765
8591
1551
4630
2386
9959
5253
5837
7247
5630
431
1125
6779
4757
8858
9023
1277
9586
4311
6768
8899
3379
4706
9137
4676
2991
5902
8817
7634
8667
2050
3393
5541
6988
6593
6840
2807
6603
1483
1107
6859
7467
5158
7478
8142
9183
1114
54
4601
7558
9031
8392
9152
4499
7145
9529
1521
7381
8963
3934
1454
9588
4874
5638
7542
5758
7507
5010
7355
2719
4886
9500
9109
9596
7412
539
4897
8496
4605
5605
4411
6868
2776
4592
8059
8595
1649
5068
6735
2735
762
4829
8654
1971
6047
3400
3411
685
981
3622
87
5744
2001
6534
7419
9496
9766
3004
7994
2738
5279
4417
6673
5716
7118
7142
3044
8916
7640
3087
3818
4966
4211
7109
4041
3623
4947
9015
4406
1512
8526
729
9350
6193
3120
1567
7186
6514
7604
377
8315
1783
4000
6196
128
9211
8910
2267
3154
1072
7858
876
3637
1555
3974
5456
6177
9736
1101
9633
7953
7439
1868
1572
152
5059
1481
174
8225
5179
5081
1695
2269
6541
7391
4486
5250
7950
9670
4498
4098
9608
3461
1602
7332
3263
7394
1490
4059
5160
9231
4837
6545
9689
7890
7598
3640
7346
9489
6456
1946
608
4526
5128
597
9850
1441
6466
8706
180
4414
3106
2044
294
3958
908
9626
6236
1869
4717
623
1610
3269
5676
1213
9428
9982
6143
1886
8005
5895
4132
2381
8488
7951
2101
3572
2922
9632
1423
3676
6426
5753
963
7751
1810
2105
8198
9649
7836
1952
3159
4794
6071
1968
2456
399
5509
7408
2693
9652
6522
6210
1511
3614
53
1967
9334
4382
9966
5228
7013
2336
1471
5652
8974
115
1527
8359
8137
4544
1090
9883
8245
3523
506
1267
286
2010
4822
4480
6535
3260
8439
3884
321
4785
346
5589
5618
4185
4350
6999
1330
5865
6494
1659
282
7071
9872
1449
3270
4016
3369
2827
8815
7893
5194
471
7724
5347
3360
2794
4445
2148
6097
5593
4062
4213
8870
8495
7829
190
2554
5643
4298
4575
6519
8081
7932
5943
6088
5101
7887
6404
7991
6268
5496
4697
4885
4995
8912
5044
208
6786
3554
6915
804
117
9304
3798
6204
9911
2811
1295
805
7720
2125
7690
8537
691
684
2703
6744
4178
7257
6059
6780
8116
6217
8141
1721
2637
9548
3651
2454
3709
4372
2233
9992
5259
5404
9819
7775
8324
2313
9384
7026
3710
8846
3758
9511
5144
4245
1973
8665
4265
5663
8914
9449
9993
3016
884
5220
4256
6232
694
3568
4569
3084
2205
9634
1608
7074
1208
3054
1115
1664
6808
8538
4476
2319
9877
2968
6470
9201
6213
8270
629
7364
2061
4067
3701
7847
3712
2820
6441
8992
295
2849
5526
8542
6898
3316
7151
1225
7389
3373
2499
1408
6481
756
5346
4893
8973
9874
9946
6914
2355
953
1778
9526
4282
1337
5688
2673
8962
2905
3937
9277
4606
6280
5108
5920
5386
9890
273
4898
3175
3672
1800
6019
9323
5709
681
915
185
9969
4489
9371
2678
2387
9655
1043
3099
5936
7963
3571
3031
7758
9612
7516
4730
3368
8932
5032
12
379
757
2577
7853
7929
1307
4227
344
6183
3669
5520
2781
8782
8770
1275
2177
8421
3157
8712
3687
6266
2164
899
9989
5006
1788
9516
7645
6911
6708
5907
4654
8415
9761
395
4854
9666
8738
8903
7235
7176
3996
8384
6300
4834
996
5521
6127
2056
4232
6542
5881
2641
7923
1926
526
5193
4564
6944
680
5145
4158
3883
5546
6759
4679
8067
285
6175
5303
6322
6731
2457
8550
5990
6388
1229
81
191
4212
6935
4570
4043
7221
22
888
2030
1888
6120
3477
3036
3229
3887
993
5728
2562
3977
1639
9910
3553
3704
2556
2445
7023
3638
1027
735
7229
579
561
5263
3942
688
433
4779
9963
1457
2344
4163
213
1740
2221
9388
8157
3052
5070
577
4578
9725
9144
5172
5819
835
3513
1864
2572
6017
5353
3459
2526
387
7301
2907
8117
68
8455
5345
6469
9775
8398
3313
6921
849
7318
9658
9417
1422
7708
976
3225
9709
9145
7916
415
5102
3022
23
5945
3491
8945
2076
8593
7757
6225
989
107
4147
5314
2546
9599
4278
7988
5552
5310
4015
9202
8145
3535
6659
2767
6302
5695
5060
8802
3649
2848
189
9598
4862
9237
676
2187
9703
7940
8763
483
4753
1266
7602
6023
7742
8377
5996
4582
8296
1371
3165
8617
5687
7550
5413
2953
800
3930
4645
7276
4170
3162
227
5053
3374
2209
7859
1615
3906
139
3389
3043
504
6243
1972
414
768
9894
417
9805
8798
4182
1929
5029
5971
5674
1286
739
4567
7082
4403
7380
1038
1437
4254
6927
7777
9651
1249
6101
6005
6772
8839
8582
2476
3770
2833
1667
2814
6367
9527
9900
6020
5953
6578
8134
8938
6591
9114
8204
481
3827
2114
9968
7567
7937
2992
2955
3480
7223
6347
5117
2251
2244
3558
5956
6067
2879
3404
7913
6356
8041
1689
2694
4223
4391
1181
9621
5260
9318
9750
8990
8269
2398
9364
8420
6294
5905
2238
7139
9560
3347
8631
8777
6908
7639
5626
5908
3527
4819
4168
1074
1407
6136
3695
6275
129
5702
9579
1561
2585
7093
1497
8680
9053
6993
9060
9787
533
6784
8336
1374
7250
5423
6473
589
4547
6826
614
2652
1979
6142
549
6619
8207
555
103
828
1764
9019
1230
7486
7925
260
4808
6341
8890
4110
9832
3315
1640
7015
2730
5391
4745
785
9369
9997
7031
4748
6259
171
2834
6630
5821
2658
1509
8996
4842
4492
9475
8902
281
8094
9970
3783
7463
2091
6062
436
5282
6257
2419
628
3662
8467
2630
6124
7086
1961
7437
4857
7786
8714
7027
7081
5874
8400
2436
8489
6041
6205
950
7376
4286
9450
14
6803
6904
8052
6374
2004
3185
7918
6909
7084
6994
2012
1061
9096
9619
6434
1571
6349
2246
4390
5245
9256
3254
8201
7734
4402
8426
8058
7842
6130
3677
1247
7366
6547
5467
5103
6983
5796
3731
1986
257
4156
8620
6600
2826
7402
33
8827
6580
1985
8229
4290
2155
1807
574
476
9932
826
9754
5968
4308
7675
2683
8166
8519
4629
3922
9071
5724
7715
6682
3189
833
6133
892
9821
535
1701
8690
6719
7685
7625
4353
7556
9967
4421
1223
9865
8143
660
3412
3108
279
818
4195
3652
1100
9333
790
2606
8082
8739
5016
7190
245
2508
9241
6517
9257
283
9332
3156
6354
3136
8885
2224
4915
5582
7900
4847
1840
3715
6495
3840
5373
8258
1046
3034
6917
8695
8500
5470
9600
2243
9971
464
9774
5239
9447
7485
8503
2408
225
6913
696
2141
5309
3297
2348
3340
3530
4046
9345
8459
9367
590
9313
2464
6436
9225
9995
7241
1796
2543
2063
1325
9802
4711
1402
4986
2607
3013
2769
6613
4700
6698
9646
1033
8756
2288
447
4295
4463
1652
8619
7788
1812
7564
1542
5026
2467
1945
7982
3939
3290
5673
2999
1516
9073
6410
7593
5851
956
783
2916
9166
6378
2371
3228
6038
8168
3244
3458
3
4539
6049
5268
9437
9102
1528
7515
163
384
6140
4709
2286
630
52
6188
6817
4099
2930
1953
1849
3042
1817
1480
3703
9524
3882
5230
5707
557
1177
2788
361
3661
5266
7399
183
1880
3641
3090
9947
2420
1705
8877
1013
5027
7532
5779
8698
706
316
9067
4025
3900
3490
8062
64
9732
5398
599
1191
8382
298
1838
4696
8633
2082
4877
9814
7787
3591
4186
4541
1774
1811
1502
5867
6594
7650
3135
5789
8501
3277
332
3834
7053
2524
7717
8173
1226
8409
6098
9335
4065
6885
7007
5212
1363
3964
7840
5740
5860
3864
3237
789
6590
1936
3867
9812
3452
1903
6330
5360
4902
912
7907
8661
4705
7208
7547
6977
858
1438
1729
8641
475
1342
2295
7613
3608
6365
3011
4948
9429
6176
5802
3678
5970
8250
2298
2791
7061
6332
7351
4487
8374
9660
1634
8072
4084
223
4438
4009
7491
2077
7199
1212
883
8339
4553
4113
8310
1234
2751
4359
7191
4386
8942
7353
2200
3940
6319
4655
5215
5169
5129
1465
2299
6293
72
4144
5415
7493
1545
1678
9084
988
7571
7083
701
823
5571
1054
3849
9041
4698
9248
7834
262
7401
1085
9093
2802
7410
2574
727
5766
3574
5615
6233
6074
3796
1671
1443
4944
3927
8349
4581
1086
2176
8816
1776
3279
2609
5030
1144
1647
5641
5980
2706
8644
9342
2265
1401
9728
7587
862
6425
249
1736
5368
9196
8378
2514
831
4172
5125
3071
5677
1297
7168
7445
1388
8771
8799
3730
7314
6072
2193
2395
501
3479
2477
8806
4811
672
9677
9592
6437
3035
6467
9687
4713
5173
5421
6713
8769
6722
5830
4788
9098
5958
2117
9739
5270
149
7746
5221
5814
1558
5794
8385
2489
6216
1582
5872
5903
5443
7406
3862
1458
9724
1894
6139
5511
4224
9351
1878
8575
1725
9261
5167
2611
1150
8323
1073
3518
1515
621
1760
2669
9170
4776
6060
1834
9425
4766
2391
8880
3578
7672
7583
2375
9486
7069
4019
1308
8046
2483
5043
5424
7774
3791
3509
3395
5966
2723
4366
547
8039
7313
6431
1987
4458
1345
1566
1550
6244
1564
8572
4485
2582
207
3317
534
4346
5544
7851
1143
2494
2075
2262
3943
6570
8395
4799
7590
8946
7476
6818
8001
3203
6135
2035
2333
1222
6086
2287
864
2973
5057
5079
4309
1390
1002
9727
4930
4563
8266
4929
6021
4585
5376
5889
9712
310
2592
3505
940
1062
2995
1227
5504
4481
4206
237
3512
7561
7529
8961
6222
8663
2009
2756
8923
1578
3525
4953
6009
9463
3706
3739
7947
8342
2363
2332
71
8943
7116
3990
6355
7468
7627
4987
3330
715
6229
3359
6965
1315
6406
7323
9981
6109
5632
662
9928
8755
514
1534
5337
5675
5960
8868
9613
256
6584
5380
6459
5894
7192
4021
9681
5357
4973
6923
293
3761
7796
1403
3445
491
5035
4424
647
4167
3102
2677
2225
4450
8528
2762
8043
2915
8702
5982
2997
1873
3726
700
900
3794
7511
437
1870
8645
1314
6743
8751
8562
9878
742
820
5984
3988
4710
176
3797
7765
6211
3514
8216
2226
5400
5008
1592
5959
4584
7888
1601
3863
123
919
8981
3777
5694
8730
2534
1332
4184
7267
7429
5614
6166
5787
3302
7845
9720
8598
5967
7294
7780
6729
1821
7830
3358
836
4431
9509
2013
6103
7195
1982
5065
498
6295
7360
9528
8202
2567
6418
595
8778
235
4360
2215
3606
8832
9590
5409
7008
1938
9027
2426
9705
7161
8365
1733
812
6073
2249
673
2349
9432
7619
3913
1339
494
7090
7728
1744
1832
949
4038
4790
8159
4203
136
2356
4999
1432
6646
2661
4235
9988
5653
2470
8522
3529
3898
7244
4048
3806
4121
8814
5912
571
219
1304
5420
1084
4736
4272
2919
6624
221
5206
8107
323
5923
9133
5462
7347
960
6387
5533
1207
6291
135
4074
3516
5453
9404
4671
8569
9521
1318
1956
3460
82
1130
8464
9757
226
8069
982
8475
8303
6705
3589
4400
8499
728
5143
8823
4593
9117
4264
7534
7100
6185
2675
7141
5412
1876
4307
7397
6755
2207
9823
2113
9518
8486
4483
7164
1617
6089
7596
1595
1305
9159
4086
2936
8273
3451
8546
2289
5457
8277
9876
77
400
2276
7969
5417
4560
8639
455
7710
4701
8101
373
6464
5667
3018
3746
8118
811
5036
9491
1159
2392
8687
7694
5998
388
3517
5247
5846
551
3444
2377
3475
5227
4586
7737
3285
7901
665
8326
9696
6956
7022
5957
4863
2699
9519
7712
1164
7528
2895
4843
7771
1720
3956
7099
5306
2064
7173
6502
2448
570
4758
1767
7741
7283
3873
4528
3993
6946
2724
1361
9189
40
2540
9407
6985
2242
246
8070
1632
3446
4052
325
7508
4395
583
1594
1092
8257
8452
5569
3094
7363
8191
5713
5217
9107
8552
8494
3483
5978
7735
155
7075
2263
9801
4755
2326
2804
7582
5056
8514
2092
6712
6924
8182
8971
8388
5350
6013
903
4051
6796
9907
2146
1270
6931
3220
3839
5440
2570
4162
7207
8254
2324
9901
1134
6446
1974
5692
3161
7577
434
8794
3877
4881
2241
2376
568
893
47
6504
1598
4024
6589
9379
3138
8897
4942
1178
7790
2103
469
6309
7748
7666
3066
4576
9029
9488
3385
1719
8156
15
926
9615
2681
962
5318
7608
7414
3778
5617
2166
917
1284
3249
8126
9045
8875
3437
5022
3002
2130
9793
6751
1474
1281
951
4913
9905
4960
4983
31
9274
311
7543
2743
7759
76
7695
58
9561
8031
1477
7584
4478
7707
3100
2268
9478
2442
5955
1117
4107
3766
9953
4793
6350
3631
5508
4064
5767
3871
1944
9875
8371
4255
8417
6152
2057
922
6750
4276
8692
1215
57
5788
2490
465
7248
4420
838
7375
5948
7236
3787
8037
4079
738
2983
1499
2798
4850
654
4955
2705
4464
6192
8670
2167
8958
8023
114
1643
9656
999
2330
9958
7739
5487
1805
8120
154
6797
2646
8138
1697
4754
9003
1039
5930
8866
7175
2038
1922
8689
2311
4023
9924
8309
7472
309
3735
5112
554
2709
2312
3291
2980
6007
4112
7330
9324
6980
1015
6897
3040
8857
9840
3892
9477
4119
7428
5163
1730
5514
4549
7794
3199
6833
3919
5591
6058
353
4658
8710
9058
9469
6146
8335
50
8019
3736
9470
1192
5475
4853
9804
1
3113
8860
2188
2008
5189
1677
8758
5181
7854
7754
124
8447
1827
2275
3440
910
8628
2707
5510
6080
9779
6279
9704
2353
6415
2469
7972
8650
2237
7003
1966
5366
2384
2142
5134
8318
8338
3251
4109
9362
4612
2569
2838
5887
6045
1082
8083
517
8929
7526
3619
9290
2277
9069
7297
6004
2568
6697
9146
4517
8154
6598
4531
5074
1244
8114
1142
4975
2917
670
3275
850
6224
6709
3186
5118
6799
2535
7801
6156
7655
6737
763
8742
2819
1948
6805
6384
5666
4523
4243
1242
9782
2553
7926
4928
2156
7997
3464
8721
8215
5893
798
7160
8726
3294
8549
2662
9631
781
290
9667
1856
3240
4268
741
1706
8707
6214
2264
3694
2935
2294
1122
3303
1684
2507
2393
7973
9722
4728
9620
3966
6947
4058
2088
8699
6770
2806
6181
5853
3308
918
4957
8045
5963
9192
1022
3337
3014
2378
8209
4484
9406
5672
5040
8297
5585
5619
1604
5536
7636
315
7384
1336
7455
2255
276
9994
2502
7316
9857
5543
8162
7663
5927
3312
8334
6247
2990
9319
5067
2628
5052
6611
3733
5086
5276
1017
2369
6468
4056
1742
5190
4783
3050
2516
7010
5017
1958
1852
1890
4037
2410
2431
2878
7490
2656
1269
3167
1790
5150
2473
6652
4177
5083
6416
7846
3164
2321
703
5820
6258
8679
9253
5844
1089
8940
966
1510
423
1346
8314
5558
5277
4361
4027
1895
6034
6740
4664
8740
5859
7934
3856
5394
2884
4179
8160
2099
5595
1120
9625
3999
5883
7101
2
1669
8773
393
7438
9346
1990
59
9135
656
2521
5651
9534
8972
4408
6145
5114
2790
4380
8356
4747
8247
941
324
8221
4527
9336
7799
8387
3524
5200
5139
8925
1813
5529
770
1173
6582
9835
4909
4329
1663
1797
939
3817
3172
840
5110
1362
3547
1901
6191
1574
238
7188
1526
3636
1396
8119
9817
8804
9434
3062
341
1597
5261
8212
3128
5288
8383
4120
5795
6190
8518
409
764
3415
4557
3024
60
9001
6056
4858
8233
4516
1116
2468
6775
7872
4261
3214
9807
9360
7812
7185
1121
9433
1603
8831
4370
3682
7915
8683
9856
2692
4169
6683
6471
5741
4803
6774
6844
3326
240
2943
3815
9357
1434
1683
6991
8509
9301
7817
7343
7262
3859
2068
2547
5011
8164
1262
1724
177
9918
5974
4430
8544
7466
9147
9038
2702
5393
2737
7055
3822
8460
6509
5633
7704
62
9103
4938
1292
5734
3969
269
9398
4354
598
5517
8924
3782
5804
8790
4138
1350
6001
1681
8741
8548
1256
5890
2087
4962
524
5007
6428
490
1593
1809
1421
2128
7945
6857
5148
4672
4131
3467
8295
2647
8515
7349
4090
7892
2065
645
9951
8029
6958
6154
9113
351
8128
7867
4775
8557
2870
3307
8580
5164
3000
4693
2513
3323
743
5977
93
5763
6685
7504
1682
9954
9846
7979
7967
6460
9340
412
2217
9085
6022
808
8414
7700
1473
5023
5255
233
4912
2704
1518
2888
6358
5654
6485
3267
809
2121
187
1452
821
5401
3119
712
9683
6311
1340
1626
1925
6461
7671
489
6420
853
2956
4348
6430
9781
4073
4351
5856
9512
7635
2452
6790
2741
3890
3325
182
472
6082
983
7920
3320
1158
4768
9363
7451
3789
1296
7984
5742
6596
2350
4972
6537
7606
1218
4228
364
6667
5444
546
9291
5564
3741
1752
8977
4331
3073
2223
8647
9530
6246
3799
1018
1711
8030
1847
2179
6745
6706
3257
9082
7909
6186
6248
9375
204
1140
6096
5285
7554
5916
287
9648
5311
9904
3183
363
5236
8502
9006
3357
6158
2485
5761
9898
3594
4271
8588
9711
6608
4215
3423
2109
4980
4091
4429
3781
9421
3115
5327
8013
1599
3894
2466
2201
90
1364
9401
8347
7255
6757
1755
488
7453
2055
1369
9480
5810
2372
9916
2757
2379
2492
7233
3579
3540
331
947
1815
4140
1405
6184
4633
525
4692
9792
4555
9188
5991
1195
9142
1347
8183
973
7905
3570
7912
2186
8424
1175
1183
2254
692
3429
8613
3298
1866
6357
6736
4473
9635
7479
7816
9132
2975
2575
1430
326
3585
5481
7067
1026
1919
1892
832
957
8456
7469
7574
9707
8788
5756
3455
6451
4806
5287
2843
3118
1787
5410
9106
8007
4419
5748
9358
4187
2853
9467
7572
4042
9550
7736
2816
6662
2213
5427
4961
7930
300
9975
2636
6348
4341
4376
2280
1708
7047
4742
5712
5535
8731
3743
1245
9435
687
3821
4694
3813
9811
6520
9525
7182
3842
8064
1470
7420
969
1146
1044
9566
7427
2159
5577
5014
5603
9614
5656
879
1728
4611
186
9699
418
4497
946
9165
2411
6423
5320
904
4102
6778
5703
3017
9505
6867
1030
8219
5297
6299
6230
916
3301
165
2460
2132
3143
3843
5557
200
5278
5426
312
668
7103
2739
1171
4444
1585
1969
6664
6116
1855
9854
521
301
7660
979
1739
9543
3854
2054
299
3573
6274
9864
3545
4919
967
5914
6527
7977
4841
4142
4345
9657
6068
6338
6270
601
9597
9412
8453
2453
8085
2740
2786
9976
6405
3181
6842
6203
5918
6739
8584
6943
567
402
2697
4941
8872
7473
3344
1298
6150
8478
5235
6605
972
6771
7877
4787
3500
1557
9572
7881
5325
5613
8664
2140
2623
1726
4662
6075
8239
5452
8599
6061
1641
9252
2682
9081
9810
5913
8485
1780
1924
8346
4559
9783
6746
9302
3417
4604
3626
1539
8776
1206
5522
5364
7131
9224
3556
8760
6240
78
5341
652
8843
4587
41
740
1731
8397
4684
7033
1391
5559
9008
1525
8131
7530
5490
9208
9622
5294
6794
3870
1646
2954
197
2970
6811
146
530
378
8551
2921
7211
4320
3785
7958
4447
7718
6928
8122
8796
931
440
3592
366
3149
5573
116
3008
1833
5680
49
7483
3531
1589
5304
3168
3274
336
8205
5981
863
2315
584
5660
6526
3593
4714
625
1573
4868
1279
906
2928
1254
4133
380
7393
1830
1126
4949
1884
9280
5241
1413
4081
4093
9803
1590
2978
5323
2981
7325
9011
5855
1975
4422
6798
7249
8774
3028
9627
7658
7960
9448
8078
1063
5857
5156
7179
5138
9772
8163
4789
8009
9618
7678
1302
6402
907
18
7633
3656
8705
8762
532
3173
5671
724
1099
8429
8079
9523
5331
7054
3007
2086
8636
8640
3226
2873
9052
1031
8020
6512
3875
3707
1243
8729
5349
1581
5592
7956
8918
9744
92
7641
4349
1537
994
518
2918
169
698
2649
2245
7499
3802
6390
5448
5186
4047
2869
3126
9559
3708
766
8186
2192
9161
1051
2343
593
9139
767
2382
2135
7170
5153
9239
4663
239
7065
778
6518
3284
3025
4720
1489
1820
5295
7216
99
5812
1702
5338
80
4823
6876
159
1696
3232
4907
449
2933
9987
120
6327
6658
1848
1633
2002
9941
3905
1951
1723
5124
558
4617
9702
1322
3174
8571
8797
4628
3153
5495
6285
9025
8458
4229
1103
6964
1881
4815
613
8752
9046
605
2635
2731
9164
1563
9785
8418
5871
8340
4579
8919
7070
8436
7706
4263
3979
479
5829
448
5354
6791
9066
8379
7897
3001
2551
5275
3963
6601
9763
9539
2777
6883
4173
3070
2938
5312
7046
6666
2588
7136
4739
6932
6894
8071
4218
7474
6172
3331
8724
6472
1672
4494
7971
3878
3435
1004
8027
2072
7828
320
9824
6801
6718
7127
4872
5251
8330
1596
9172
9376
9760
4667
8789
8177
4939
1238
7062
4622
274
6256
2097
5293
717
6249
8728
8601
8834
1918
5498
7299
4418
4129
1129
8888
7342
9844
2616
6288
6087
5196
158
8386
9607
8597
6785
7626
5244
3053
6989
3959
4530
2432
4982
6561
6638
1931
6450
4546
3233
7202
9481
6920
2657
3978
3152
7153
704
6948
8675
5316
3469
6168
2544
1871
1081
4095
5389
4139
1644
2110
4270
1172
2510
2486
2679
4299
6435
7870
7279
9962
1377
3116
3271
3583
4452
5085
9678
104
3601
6159
9148
2234
4164
9493
91
6696
8791
3110
9010
1613
4448
4761
1080
5286
4462
9964
7921
9395
2400
3355
5973
2256
5900
3092
9387
9297
6323
8807
3935
6707
8369
8991
9930
522
6548
6107
2417
3372
6269
6063
9101
2617
2069
7512
9299
113
6272
5459
6702
3418
453
699
2450
84
1947
3489
3420
7649
6380
4649
9983
7701
2950
7810
8471
4222
6414
3629
6585
2859
2297
6830
2851
7565
8748
9855
329
6486
3549
4293
9048
2362
6562
5899
2480
8075
9719
641
5478
1239
3665
1098
6180
6112
3885
8361
7781
5915
1520
2831
9708
6783
930
9316
9308
5077
2459
8529
5769
5530
2587
9580
796
9149
644
2173
9468
6212
9799
4324
7354
9908
3998
7553
160
7028
3577
6754
4053
2805
9356
1658
4200
3179
2151
9605
6684
5888
2014
1343
6077
100
5773
6954
2406
8036
9116
2017
242
5322
1210
2605
8446
7407
2736
6170
1382
8871
121
8167
6443
7126
887
6090
5292
4026
9472
8926
8312
9268
3759
9873
5610
6710
3563
7020
8463
8345
8332
2947
7292
4680
9977
9306
6642
2090
9870
4466
661
9780
6815
9583
2881
5355
1747
3724
3719
2698
5042
5727
6643
6501
1825
2423
5474
4521
1459
8646
936
8643
8060
8139
650
9460
4818
7358
376
9337
5434
5922
8390
1703
814
2094
5634
8785
5538
4036
3354
5560
4108
2832
6100
3895
5612
3280
2115
7676
7538
3504
9871
1312
6053
7827
8035
8704
3925
9698
6490
9685
9329
1716
4971
2150
1139
1356
4945
6940
1983
5621
2451
7766
6439
5363
6926
4399
7826
9544
9909
457
7426
7079
8947
5352
3605
576
8176
5969
9017
4219
8363
7350
7087
961
4956
7697
2340
9168
3847
9218
6721
4151
5392
2346
8404
7933
4165
646
232
1732
2018
1179
6242
3032
1272
4123
7237
4096
9563
7134
8465
2449
2413
8784
3747
8994
4964
844
5886
6703
7056
1867
6131
658
2131
5954
8700
5537
1580
3038
2548
4519
4128
3486
3204
9049
2842
2182
6567
8677
9825
1397
5949
8367
559
3691
9893
2651
7536
3881
5864
3077
716
8111
3487
7716
1618
7174
5267
319
3234
7857
7975
5736
181
2725
3210
8493
2584
9000
9361
370
5222
6015
1607
9690
2236
6408
85
9372
3774
2909
9776
6342
5
5725
1466
335
3957
3780
5679
8352
6625
3268
2721
8200
5757
8065
2874
8881
4908
5909
8292
1921
3912
9791
9374
5299
9410
7183
588
3670
2147
5174
1522
8660
8845
6115
7514
8108
2165
4621
7509
6284
1152
7481
4437
2602
9839
5854
7772
4965
980
9913
3171
6987
27
7823
6968
7767
6599
9594
540
7326
2821
420
7576
9194
9645
6717
3607
8678
9431
6079
1844
633
5233
2345
1448
4637
7308
3057
3097
5458
7661
8656
1334
8077
4500
920
1393
1053
9767
2046
322
2861
8822
2557
8416
4443
9163
2359
7110
2668
2304
2323
4851
6763
8411
5430
7305
2550
2337
9564
4715
5226
3952
2872
9197
4647
3442
6162
4901
2749
1710
4028
2127
5468
102
7120
2347
2801
2257
3624
2823
2285
132
4744
6104
6521
3342
8251
945
9269
4712
7415
5919
2748
5631
4616
4383
375
6376
6014
5901
119
8681
8567
9270
2338
3618
3786
8223
3190
9227
1344
8476
4656
8905
8892
1552
1816
2185
5249
777
6465
7762
5465
9092
878
5942
2028
3643
3448
7080
3252
834
8985
9108
4061
2425
755
6825
4006
8978
5063
1801
4507
5733
8399
686
4188
4407
569
3515
234
1488
8884
4468
3352
7271
4568
8437
3146
3213
1668
216
6351
5033
4181
8179
2059
4240
745
9859
9354
7032
8218
5545
2511
6454
1271
5985
1303
1288
3982
500
2665
3426
105
1231
3838
3860
1759
4959
3176
3364
8840
6524
6094
4797
9414
9663
6645
4989
6386
3650
4325
2633
2660
4642
9244
6449
4545
7317
4746
2229
4248
4479
3085
1310
2902
9187
9576
34
3432
6237
9925
1505
7657
1050
6650
292
259
6373
4145
675
1282
289
3886
8370
5291
2278
9115
8604
147
3112
7315
1824
6532
7307
21
3960
3941
261
689
2196
6566
1280
6715
9209
2252
8487
305
5583
7107
4285
7698
9960
1765
2982
529
8566
1056
3692
4335
5254
3104
4332
1048
3776
2844
6000
7761
9138
1352
9160
9267
5705
7793
7
9934
3170
265
1485
5185
3945
1248
7057
9853
6254
3306
2405
902
1079
8908
3485
7822
5878
7578
5921
357
2302
3757
2396
8824
7254
4511
7586
9503
1429
3196
9795
8394
9443
6171
8520
9661
343
7603
8319
8481
2071
9255
5805
3191
9662
9884
5951
4543
4236
6610
9378
9451
3987
1327
1493
3808
4675
2143
1829
9217
5527
565
6765
3336
8149
7919
8413
5655
7838
7212
9047
566
7531
1398
2761
4193
7060
4082
0
1655
8576
5961
3590
7425
6813
3655
3089
7029
4416
9532
4365
6782
8737
9112
9836
86
3463
9293
3428
8015
3414
4899
5094
8123
8720
8812
1814
6856
6973
2307
8014
3980
5019
6301
6245
6241
8622
6287
1685
8909
2407
9105
7386
5832
8577
4289
7035
8573
5817
802
765
441
1420
8809
6866
2095
1486
3698
9215
2266
3177
3403
8268
2102
2571
9694
538
5608
9411
9742
4054
1113
7213
1097
4880
8505
1200
4150
1612
8813
1587
2124
1727
2474
3027
8181
1897
8635
7245
6025
7522
5375
5168
8933
5849
2365
3465
2625
2342
6321
4106
7632
3386
6879
7931
7200
7914
4070
2714
6337
5567
4571
7719
1993
2891
1638
1554
3236
2111
3950
6452
6118
2478
9154
5754
4192
9018
5997
16
2158
1190
2797
6164
7219
6298
7824
1569
2911
134
7738
4596
203
2180
7327
2639
5823
4410
7413
8275
636
1504
7537
6227
6148
3421
1789
7258
1360
8999
7096
3109
6334
5507
8772
5098
8444
8983
7570
5203
5862
1265
4287
4643
4217
9036
3947
8768
1746
2027
5025
2126
4040
2066
8735
499
7659
7482
9399
9151
3740
427
4773
1625
8651
8498
1793
8360
3744
4446
2644
7683
342
5367
3552
2942
6064
8434
8886
2189
671
6887
9127
6536
1862
3281
1381
7001
4166
9882
9866
881
1025
435
9459
7874
3390
9986
9717
9738
6962
9917
6640
649
5600
7005
9179
856
4537
1905
7795
9184
2519
352
3292
1257
5324
3098
1680
5700
1863
6126
3111
9020
5072
1060
3272
8217
5574
3163
3382
7806
2745
3647
3600
4849
6239
3255
9056
7903
3335
6814
3356
1657
6727
2447
2536
430
4233
6289
306
468
2893
7749
9236
871
1373
6738
9347
4620
7894
3857
4426
1384
8703
6855
9415
2580
6612
2780
192
3868
3005
9322
8124
6533
507
4726
4765
3261
6065
3507
4573
6621
4316
9091
1802
8329
2434
5553
6692
2920
8189
8184
3562
889
9286
3617
6363
531
8466
7167
3714
7721
6853
6042
1232
1928
7039
6419
6732
2854
4378
7128
3502
8904
6762
4495
9747
1656
7140
9246
7205
3188
9131
368
407
9889
4356
1882
6929
7745
96
1365
4050
9100
8327
9326
2258
2877
4946
7862
392
7902
5378
8253
4978
2561
8746
7457
2129
1541
8405
5931
2422
6529
3909
9961
3015
5177
9180
4538
2837
1011
7498
7392
6699
5407
7908
1333
3019
7302
7115
9838
2070
6035
9647
4231
8948
3630
360
4035
4610
3604
9438
556
4846
4689
6429
3771
5965
9471
247
9753
9800
372
3129
3975
5216
5939
7605
5091
1553
5503
6037
829
38
3716
3645
2564
924
7692
6656
3296
9118
9207
2161
9497
5296
8090
5500
1583
6231
2283
7849
9474
4937
2939
2899
9250
9226
8581
3026
2444
6903
4920
677
5080
1000
8975
7850
7725
1169
2394
8298
1635
4981
1427
4917
69
2752
2760
3685
7600
6845
168
8283
2402
7935
1293
2810
895
9419
9111
3074
6961
5483
3499
9822
2079
3627
4226
3841
3394
6442
1012
8480
6487
867
9695
1904
6144
4031
8024
987
2184
8563
5658
6569
4518
5106
3424
3399
6760
8849
9483
5120
8055
9886
3209
7714
4731
8484
5826
5693
4461
1463
7073
9829
2320
3689
8337
5109
3245
2518
330
2887
4425
6202
9035
5928
923
6769
1600
9797
3828
754
6849
6633
4078
8380
45
7939
4813
3192
9022
4882
8805
2655
958
7896
1180
1316
6749
4688
4127
6138
7946
3904
6552
7359
6587
8373
5387
65
6411
5441
1690
911
222
410
11
2892
9972
9574
1560
9012
7446
7797
1059
1201
8203
6128
2048
6344
6438
5711
9931
669
1734
5979
1287
5784
7009
6531
5551
9174
9430
4770
3985
8852
73
7693
9531
4340
7942
4952
1854
9927
9175
1822
8828
8151
8076
3142
5442
2685
5863
172
6688
4508
4472
3541
3805
8723
7448
5839
9522
2404
732
4801
7954
7435
6462
6394
7400
2654
8477
7883
6895
1482
3679
3348
3876
5015
7198
3657
553
8895
8941
8192
4141
1715
7382
6976
6346
4513
7396
4784
4126
7309
7197
8930
8934
6967
5624
4237
6399
3684
8516
7019
693
7624
2270
4602
954
4439
9860
303
1168
9205
1184
971
3443
3243
9423
3621
7430
6670
6039
5715
3009
7337
5722
7911
4253
4520
3059
855
367
7865
307
6016
3482
2271
6265
6767
2317
3792
3674
9888
4409
1193
4926
2959
718
8586
3711
877
3938
2358
4660
4413
3283
3051
2211
1237
1087
6255
5635
9537
8357
8658
9120
6277
3793
8830
9570
4809
7539
885
3343
4071
3599
4080
7042
8190
3068
2904
67
3872
3401
730
4259
2951
3548
6852
2958
639
4315
4756
9042
3836
5710
8187
3402
8034
9141
198
4266
8410
2328
1235
3737
2204
7036
6862
1845
1707
6447
1119
5046
925
111
8668
496
2123
6922
7687
3095
3751
7011
8861
2559
1562
6066
664
2424
5054
1995
5301
667
7454
7996
4994
3725
9919
9716
9338
9068
4597
942
1803
2622
7628
774
9494
5037
1565
3850
596
1451
9630
8235
3976
8511
1704
4007
477
9510
5550
6870
9735
7014
9343
5384
7224
8265
167
4554
7133
1508
5657
1992
8534
406
6427
9571
7230
587
6726
1028
8316
5214
5760
4250
7274
822
736
6271
66
5622
1717
6975
9285
9990
9679
6733
6676
109
3582
775
5087
32
1957
7674
9143
6588
8457
7379
9312
7459
3416
8214
6026
3865
2969
5336
3476
2800
1066
7158
2940
7568
5464
7642
9061
7677
8287
1491
2527
5815
1379
3989
3995
9075
5505
3023
1157
9547
4453
3742
1323
2531
3874
9538
3983
2024
4501
6370
8585
4262
5358
3047
6046
9013
1176
48
79
460
5737
9906
4669
4627
8969
4993
270
8011
8652
4281
2565
4088
9542
632
462
4097
8304
3406
1111
2300
1467
4314
3256
8282
748
3419
8629
4588
9123
609
7800
9851
463
4017
7520
7917
9847
1977
1216
7113
6032
2700
4780
458
7562
4935
4197
3080
9178
5572
3041
1492
362
5229
4241
6353
7388
1722
9016
3081
6881
3238
6900
7138
4650
369
3072
5683
542
8883
5436
1170
5586
8241
8403
9638
1757
8491
2691
3903
2093
4763
4918
7163
4274
1738
7488
2946
122
2545
5689
6267
8272
1375
1255
9942
4958
1503
9789
1149
2390
5512
4004
4161
8443
8508
9122
1389
1205
8761
6934
9238
5691
1785
1523
5343
4451
474
5565
9400
1341
5240
8210
7544
3061
6207
1896
3763
5248
541
7756
7002
5497
2136
3309
2216
5273
1932
8068
4954
1666
9427
7643
4373
7825
97
4155
8234
2367
9721
3819
61
1167
952
6873
6377
4296
6121
3049
3147
1893
2774
8960
1818
6391
7052
2750
1622
467
9044
1447
6563
1907
9394
4641
7731
852
3063
6888
9007
4384
7948
2789
2667
9090
8844
8862
5751
3329
7456
1688
848
690
1909
4599
9206
7601
6607
6551
6105
511
4441
4244
3010
8262
719
7527
157
5831
6076
4475
2034
1419
6820
3075
7904
5204
3086
6304
6995
5628
7588
2621
6048
6789
7431
43
2775
4855
6385
6776
1791
6636
2903
782
3468
5274
6361
3981
1605
2539
5141
459
7702
8682
1320
9642
870
3266
2157
3433
3971
6891
2020
626
4609
516
4230
6389
9701
8021
5449
9568
5403
5437
6223
5661
308
4509
8512
2594
8044
8625
7989
8697
5264
7492
1395
3349
7882
1198
5048
8626
7040
7094
2728
236
6668
2487
4652
8893
4845
8284
9492
560
9321
4092
1253
9389
8956
442
4280
9914
8256
3639
6484
2996
2759
7837
4998
5516
8848
9064
1989
6679
643
4984
9454
6649
1902
3588
1559
3121
5135
1440
8911
6282
7519
5659
4502
772
8246
7591
1860
7238
7557
9365
7889
2932
9604
4460
3559
3492
8432
914
2039
3936
2021
1444
6371
2894
5852
7217
127
9110
8787
1831
9922
1769
2733
4008
1861
4600
4392
9915
9575
8570
9862
9087
7533
8454
497
7839
349
4216
4558
2676
6491
6704
354
7729
859
737
6359
8087
7496
5739
8
5698
2231
4303
928
9327
4921
9654
2901
9078
8274
8842
6906
2860
3096
2062
722
1674
4615
2601
7285
5648
1155
5090
2310
5333
8747
4122
2974
6108
6936
7768
6030
5431
4490
8850
5850
9504
8109
3768
7805
7691
2600
7030
4100
7263
8259
9373
1843
9513
4183
3388
2783
4456
5207
8655
5157
1165
9794
2479
3383
3538
7938
8461
4619
604
5359
2458
1145
1624
4924
8976
2429
7495
1431
8054
3216
5405
5374
2000
509
1034
9288
5414
2210
3893
7404
9167
2839
7232
3833
9292
381
8532
4379
7119
7372
6198
314
6160
9611
1078
2360
9080
5146
2944
7597
7843
7844
1960
857
578
8970
8197
3616
5629
4404
8540
927
642
2758
5774
4735
3472
5532
9978
4275
3195
2019
5232
1094
9609
7669
7760
9809
8175
3830
9710
7535
9352
5151
3300
827
9549
5803
9243
4011
6123
3891
5480
8132
747
6313
4864
5994
2517
141
4175
9637
5891
4375
8543
212
4644
5759
8592
7986
7696
6457
7433
6028
9134
7670
3060
6641
2022
8040
2868
3076
8102
4137
3471
5770
5369
6157
1214
7201
9315
6557
9344
8261
7980
3511
6440
7390
1309
5813
7506
2576
3410
9933
2472
5342
4997
8775
5491
3194
5289
6463
6538
726
3456
9852
3664
2430
8048
9682
7268
2497
8228
8801
6730
218
3634
5058
4434
3187
5601
2503
5159
2051
7135
2589
161
495
6651
9086
230
7288
1837
4646
1136
3519
4032
3610
6674
8959
2366
7321
5664
9585
2862
6654
3101
1498
7044
8133
1329
8657
4209
4703
9617
8073
9043
8950
9726
4114
1418
6616
1166
7210
3520
2421
258
9062
3784
6314
1857
1687
7813
8408
2197
3453
2754
1714
9314
3012
2137
6151
1251
2446
7612
8709
5534
1095
3206
1194
7646
8718
6810
9216
9920
9377
6513
4653
2865
3933
6263
8987
8507
8213
3597
1965
5188
4840
7371
1289
5265
1853
6871
8612
7944
8623
5305
2604
7876
977
1484
8856
2552
9813
1908
8362
9764
2351
6200
6407
4733
6333
7891
2753
894
6503
7278
2160
2965
8174
7998
2239
4101
3398
4397
1127
2203
1351
3852
7993
6546
9659
2309
7644
3760
9402
1636
1529
263
1538
5875
6788
3642
5771
6949
3779
1898
2744
8989
5218
6195
4724
9150
1954
679
610
7398
8351
2290
935
1691
8510
6576
2629
2505
8637
8936
7460
4075
5776
2634
2118
2880
8708
7253
2383
2876
5935
7974
5590
6262
3144
6764
1923
7405
5234
7112
7171
8427
4180
6970
7281
5843
9294
5642
780
8653
5834
1186
1645
7580
2015
4117
1616
3620
1913
9089
799
9957
3208
4548
9198
5816
374
9442
807
8524
3561
4277
3029
3396
5461
7421
9692
3239
6627
8188
7298
438
4707
4839
3686
4566
8560
7559
3992
8125
2924
7449
4204
4988
8017
8063
8285
6496
2248
3082
6453
411
1274
991
8531
1686
9370
9479
3497
5528
1385
74
5513
5993
4305
5555
24
3557
4401
8280
5962
9104
4029
6752
4330
5463
1694
3826
7442
348
9569
7651
4718
5749
220
8002
6809
3696
6901
2435
527
6398
5356
6572
1197
6806
2542
6955
9054
8744
7910
1879
5646
404
6031
3495
5028
4427
1988
2331
250
7841
9653
5034
1906
2858
4687
2214
7599
3224
779
5704
7855
8110
1433
3441
1673
5154
5599
1124
2116
6163
4772
4154
3207
8539
1532
8140
6618
5556
6850
5093
9185
4632
944
7667
9455
3273
7808
8032
2412
2711
1065
3809
1937
425
4455
1770
5477
3727
5082
3567
7146
1348
1426
786
277
5768
1075
5073
8293
9409
1386
9300
9440
5841
8621
7155
5092
6395
2648
4562
4279
5719
9582
83
4781
8115
600
2670
3690
2409
3658
8953
5879
6306
4304
2037
4072
8049
413
2914
6119
2253
6106
7802
6875
144
5402
7038
1118
7251
3961
8401
2045
3648
1543
2525
2120
813
7345
9245
591
5002
733
1804
3262
8610
3916
6933
7629
9381
3823
4049
9446
4922
9002
5645
6824
666
29
396
7976
824
9349
791
8389
8564
2078
4066
6615
2755
2537
4317
8222
2493
6369
4208
7012
7835
6863
5298
2710
2885
7615
6479
8092
5149
6804
5938
482
2533
4805
1453
4111
2293
6397
4828
4491
8025
9593
7452
3122
3304
9943
350
4608
9422
2717
7818
9820
3193
7955
5334
7755
7464
5100
713
5329
8144
7306
1798
6507
4536
6937
2144
1128
4648
4903
5438
7280
7555
2966
6515
8302
9912
5665
7049
2042
9644
934
4194
1775
6617
251
7125
63
7682
9296
6952
3436
2073
7680
2389
4083
6892
3367
1161
8267
1650
8099
7367
3612
9533
3058
3160
266
4741
2005
6084
7447
5237
4333
1326
5602
6078
1153
6331
7034
2149
3278
7868
2696
6787
5686
5223
6
4826
9059
2960
905
6680
3064
8753
7422
8833
1877
7866
4398
461
6252
1999
2715
1450
8818
9028
2100
7548
7809
5929
9181
4614
3184
173
938
3718
9040
3675
7068
5578
5302
5808
8438
6800
3422
8462
8873
5089
1872
7884
1768
6500
3227
7656
4708
4968
1614
2713
8136
6343
843
2771
5587
248
5210
1246
3820
1762
7705
9055
2852
3803
4205
3182
486
4288
6604
9748
3333
9392
9397
4969
3668
7936
4045
682
1233
8431
6510
9034
4824
5697
3067
9675
1865
6219
1771
4950
3293
6511
5640
6051
1963
421
932
2963
4673
7521
4626
7293
2463
5199
5269
8725
8350
810
4723
1556
1268
389
7594
9849
7549
9498
803
4251
1037
5476
151
7906
2274
1577
244
1349
9177
2573
9965
6678
5696
3918
3853
8556
6575
8091
5371
3145
4887
1278
1735
9247
17
8474
4367
8836
2279
9731
8767
5548
1899
6918
2496
2471
6984
2716
3345
1133
3065
8589
6916
710
5242
9487
4835
7965
6620
7424
7130
1151
4856
872
6877
4970
5519
9278
2593
6686
6550
2560
4136
995
9186
5730
5562
2672
5873
9156
4060
8662
1317
8375
7259
2613
1415
6728
7432
6865
6093
9173
4488
4
9806
8793
2006
2729
3141
8676
3123
9541
5580
5213
3970
653
153
9553
4442
2273
2979
2119
4749
8578
617
3800
3598
3654
3380
4347
9212
1009
1676
3078
6945
202
3125
7336
631
4143
8100
9896
8428
6660
3750
3287
4665
1955
3921
446
7875
9517
3844
6478
5738
6316
7647
9937
8587
1980
1404
9996
8838
1692
1920
3997
5451
9834
512
634
929
8279
6012
1283
1260
2614
1761
8659
6307
3814
6278
1291
3434
9125
7328
6099
101
6595
6623
2428
8322
9624
6102
7418
2538
7320
3230
5506
4157
9745
2491
8957
7614
5485
405
1748
6081
5024
3542
720
3835
8355
5000
3537
2168
8194
8291
195
3124
8172
9769
1579
640
416
8313
1006
7487
5597
4467
1035
42
7289
7149
3539
3609
7673
5009
5488
4328
4148
655
6253
4891
5668
2191
2836
4034
6573
9063
5446
7025
3069
6283
7611
2318
432
1148
5926
9264
7630
6029
2439
1414
5986
7338
773
9263
543
7713
4594
7740
3917
1575
4449
7000
5699
1500
7523
7952
4258
5315
4459
6220
5549
5791
4905
2335
6530
8530
6974
9770
9777
5176
3680
3205
2327
8300
9603
5623
8260
984
5502
7665
7227
2106
3365
8112
2354
9556
5064
3361
9506
7820
7368
2684
2084
6979
2687
1355
8281
2856
6553
753
8555
8685
7961
1750
6700
4574
5934
8982
5332
3375
9842
9484
2060
5639
6671
4267
8779
2977
5122
7968
2488
8236
2532
3673
3215
1786
5166
2773
9945
1745
1005
8195
5809
1823
6197
156
723
5531
4892
7335
5365
1478
3474
6693
3824
8171
6773
2941
199
2181
5524
9743
7770
1156
7214
4884
6003
3611
4474
943
2618
4743
241
9464
2303
5884
9136
2718
485
2847
5493
2784
8795
2122
8290
2688
8252
851
5627
6187
1357
6392
8803
8178
5745
9220
3083
8901
3775
1071
1001
7505
8074
9887
3738
1994
1654
8095
6057
2666
5906
9629
3473
9303
4992
7286
4876
2815
4889
9408
5131
8472
6149
9664
95
9786
46
9273
5606
9674
6008
7006
9955
5793
9587
98
2643
2528
9242
6206
7814
7172
3427
4624
9033
7727
1943
5518
4252
5132
3851
3506
3221
7222
2433
5061
5447
7290
1077
795
3140
1067
7895
3447
6173
8649
7733
9
5195
2809
9676
6861
793
8320
4201
6455
9476
869
1547
9228
7992
8820
9921
7618
5492
6822
2841
6320
6807
8003
4130
2828
8483
7296
296
9956
1236
6695
8084
6690
2322
8736
75
9869
267
9032
6498
2218
2208
5225
4210
2864
873
7927
7607
1756
2590
8965
1533
792
8158
5833
5192
760
7609
1713
1851
6544
3223
6296
5726
4812
4561
6950
7699
6614
6308
5390
7792
9688
3021
5290
4003
4284
6628
8451
5540
2025
9985
7722
6583
7461
5422
622
7348
7091
7284
487
7652
9383
4691
3295
9713
6969
4979
3197
5944
8859
2690
2080
8764
2603
3439
7270
1914
9157
6938
9014
7370
5321
6905
2563
3681
9765
6665
9348
8967
9714
39
1976
2437
2734
6878
3633
4825
7621
2357
3353
4283
6432
8469
1174
6925
6648
2281
4423
280
2708
5828
3811
8889
6687
5104
1446
2998
619
3198
7803
4927
4068
2134
9668
1530
56
2626
7193
7957
9030
7369
5972
8672
7152
9980
1772
6215
606
1570
2339
1661
6366
2964
7377
6110
3932
2732
3454
1623
948
5197
839
3351
2003
7681
8056
1927
9445
819
2520
510
7689
9057
2825
3587
1461
8211
9827
537
4925
2882
9466
2612
8196
964
8565
9863
6499
5198
4334
7873
6070
8602
6362
7329
2498
4704
3133
8673
3466
4362
4820
2689
1662
4778
5781
8727
3722
8147
6756
7999
2397
8105
7831
7228
7959
2232
6540
3688
2230
1368
4134
6963
3339
6701
9755
9050
1535
5596
359
5992
5836
9249
5735
8583
7551
7361
3166
