3986
3942
9348
9927
8522
909
4178
1244
5200
6030
2466
1788
6983
6618
6595
1037
2731
9278
8717
2324
270
2612
2500
40
603
5784
5939
2875
7237
4477
6719
9086
1709
4495
2223
5662
8215
7883
858
6483
4346
1149
1370
4973
9583
6331
5905
6663
6836
5909
5011
5078
9825
7776
2044
8553
6240
3452
9631
8961
7858
2131
5350
8229
4843
2141
3999
6109
6020
563
3200
752
9954
6337
2145
3220
3687
5732
7692
1279
7
3943
7089
6374
5820
7706
5747
65
7152
9597
558
671
3215
2890
6533
1238
9856
4453
9262
1422
3697
5368
5761
547
4258
6776
2741
3919
3235
4022
4243
3530
6511
4745
1266
5336
2619
651
2722
1097
3836
7832
9366
7552
4070
2178
4410
135
1512
535
2755
1026
3418
9093
8282
6
4714
7196
1800
4866
5887
5062
9105
3579
5300
4616
7533
1214
1174
8504
2339
3684
4329
2655
497
3457
9782
4139
2609
6590
4414
1311
3833
1340
9666
3779
1537
1337
861
1080
1795
7266
4887
6106
1628
3783
7097
4165
5712
6047
5940
1052
7062
1542
1293
9535
8561
2103
6634
757
4577
6794
799
5328
9362
3598
1864
3500
9201
9173
2781
4283
9756
8493
7628
9657
9949
4373
5196
4550
4372
1065
1582
2966
9444
6041
6899
476
5556
8746
4762
5231
9850
3909
2828
7368
8400
8910
1595
9182
4611
4927
6379
9528
5295
4049
6964
2830
2567
5809
8586
6695
8113
422
1860
8382
3622
2682
9000
2726
6065
6856
9115
999
229
9301
8320
5813
7545
5992
3955
241
2433
6087
3508
7930
3283
1218
7007
1357
6390
712
8936
7029
6226
6927
8695
2931
4803
1504
2904
5261
7327
5701
9192
921
4563
4109
559
562
3298
2839
3269
9465
1948
8585
1988
6917
8332
1873
146
4687
1304
5704
5301
2423
6913
6305
1965
6967
9149
4645
7868
6902
3038
8755
3543
1292
9787
3856
5629
4447
3903
7409
8524
2376
1518
6118
8393
1412
6697
8409
1493
8867
8202
122
6202
781
5136
8015
9095
8608
2426
5709
496
3777
8328
6592
1400
5518
4067
2073
349
4821
6806
9628
4562
5340
5355
334
4340
55
5511
1099
2387
6846
5402
8572
1084
4086
233
2575
5934
1280
2482
4544
4286
2884
7822
1441
2869
393
8020
4262
9141
5004
8203
1565
3705
2528
4426
6164
2870
3251
6033
251
3952
6431
7088
2822
7344
1818
1433
3110
9564
3354
841
4670
9962
1770
86
6850
4374
1313
8959
1002
5041
518
6819
4037
8398
6144
5602
1003
1331
3949
815
9697
3501
9289
5619
8183
4186
9548
3658
9159
9846
4703
9983
2952
6855
9150
1698
4041
82
6192
412
8357
5510
3793
4805
1134
8748
6447
711
6672
3914
1863
1827
1772
9538
9326
5424
2836
5294
8923
5568
4785
6943
6583
430
2204
5906
7125
308
7817
9517
3730
4792
416
8076
3753
581
6541
7897
8099
4036
2614
1115
1323
4484
7283
5123
4454
977
493
6891
2226
9919
9462
3066
753
5553
1596
3454
3321
1318
3525
8247
2402
1410
9180
4735
8672
8819
5984
3947
1971
2840
4739
5884
2207
1715
1802
5781
5534
853
1034
6659
2538
774
2106
8742
2752
9038
3552
3975
3101
7402
976
4491
3800
1281
3611
313
4847
4608
974
6984
8979
8909
4057
9456
1360
9083
8964
3459
1690
325
4633
8615
2081
4684
8399
9809
8596
152
2388
8896
6159
4396
9875
4231
5347
2079
2478
492
4945
71
7072
3881
5937
5195
2384
5708
9619
4417
9973
1076
6930
5241
1210
2429
8378
1228
2762
3934
8707
9808
3855
2415
258
988
1011
6718
3111
1013
5956
6675
6798
2458
342
7502
7796
8538
3274
7750
3908
2444
4519
3184
3958
4818
3307
1501
5243
7501
568
1920
9710
634
4795
2228
9414
7216
4557
2214
6062
1751
6203
4084
6420
352
6638
9688
994
9019
3885
8453
4156
4867
573
3504
9226
7656
6229
3358
2507
1934
2012
1326
5442
9984
2343
3226
1141
9937
1463
9739
407
9561
9660
9053
1182
9469
7078
5726
3709
9145
2595
9741
2557
2633
7046
6175
2586
22
1388
5822
6258
4941
3996
7691
1201
1081
981
8541
9532
5649
9340
5447
1484
2465
3735
9100
1131
3239
2237
8460
5769
4997
6093
5393
3153
6950
253
534
1607
7297
4236
1764
1976
4724
3567
5499
3029
1834
8686
4162
3549
523
3523
9320
7623
3199
5446
8106
5842
8324
4515
184
5182
5864
9097
3246
4121
3402
9783
4595
5433
555
9523
1143
681
1693
4617
2330
5682
7758
9446
9237
3660
3133
8346
8915
126
3486
3175
5631
6760
2584
5189
3119
4613
2434
6569
6279
8528
8732
9831
4890
831
6591
8879
584
8534
3471
3212
2285
3528
3526
335
8364
6842
7601
5113
9942
1755
4474
7683
9613
2086
5308
7935
7414
5178
7488
1941
210
8234
9375
3976
8075
9493
2486
8228
1874
8570
3145
4270
7470
5975
2558
2077
511
5342
8468
195
3170
7110
7036
2951
6847
2192
7580
783
9096
7038
8536
901
6857
6453
7219
6979
6991
8313
2914
7341
8057
973
9880
4658
7975
7528
9500
7264
6582
33
9600
7333
6276
491
6890
8374
8907
2436
2688
4353
3438
8700
2332
4573
4472
5194
8291
577
7860
6039
1887
6223
2098
4602
5700
3659
4652
8826
1044
9485
9355
2428
8316
708
2671
7358
1303
6938
6650
8443
7687
8436
4634
7893
2481
1242
7175
8531
2808
4758
4312
4695
9081
4723
5505
1585
96
5514
3995
5166
3970
5072
1554
6023
3004
5432
2624
7657
2737
3807
5606
3472
6249
6624
9087
7537
8278
1793
9015
2468
9889
2084
5043
7082
3240
1291
9016
7680
2784
1476
1983
6704
6761
1527
9722
3136
9554
3556
3412
2591
7820
3162
7462
5893
7011
3084
520
1917
3317
1514
5656
6837
7987
6534
6060
7168
1872
9044
4619
2136
4914
719
2202
4303
211
6871
279
5331
1391
8810
5095
4835
2658
5278
4051
9136
6126
5527
1581
3211
4327
6057
284
7217
8191
2272
5599
8334
4514
7714
4059
8723
8880
7703
9590
93
6769
1885
9222
1349
9917
320
9084
487
9217
5819
3861
357
8130
155
4623
8092
918
462
7298
7245
6858
3137
9702
8314
8344
4822
7839
4066
9280
9893
3740
7137
8839
3511
2823
4938
7259
3473
8685
7731
5593
1731
9944
4889
2142
4181
5914
8844
5719
8594
2598
9924
3116
3663
9504
8759
2747
6010
2858
9359
560
5154
7017
3768
8155
2118
9062
5663
2599
1338
6468
161
6103
4232
9584
502
8265
3787
8691
5689
3925
1195
3326
8850
8557
384
2353
6505
4497
1990
817
1227
1502
5351
4172
9003
3302
1720
3957
2247
2564
9617
180
2177
5827
1225
770
4213
2515
8
3764
4409
8916
3672
8874
9994
1594
2686
2719
6200
5672
5389
3674
2549
6183
5776
6521
3760
1569
1111
4299
2760
1482
3820
9641
4524
8960
6995
7666
2067
5862
1236
2416
9633
7415
1928
9121
3350
4765
4000
2154
5903
7891
2936
383
2399
1175
636
7759
471
3987
8160
2408
3835
9980
7982
9428
745
5774
1353
8978
4199
9813
159
5675
7973
2275
3335
2042
1287
9128
4959
9626
5302
5756
8432
3553
2107
7056
3443
8424
1673
1135
7453
6370
95
8737
1963
5142
6017
6771
7119
6893
6199
3863
9603
7335
915
9206
7596
9461
6478
8631
5307
6048
7873
5779
8793
9607
8624
4591
6749
7352
5280
8769
5400
8021
326
5855
5074
7871
4442
735
1652
9005
718
5412
1880
5744
1271
8989
6075
6797
2229
327
2841
8543
7372
4034
7679
9683
8089
6090
2746
1121
4895
1853
8368
4123
9054
7095
5070
1205
9303
709
6469
3427
3082
4174
7655
8645
2282
8363
8580
8491
6792
7972
5106
9799
3880
6426
2327
3357
585
8185
1060
2709
3297
5431
317
946
6476
319
1775
2264
7045
3376
4667
8981
2882
7293
6491
7700
9228
6146
6059
7726
9108
9457
5425
4855
6189
4804
43
9907
943
389
5058
5589
1625
3594
8582
3668
4814
6101
3207
1728
625
4509
9905
6786
1277
2900
3789
81
8119
8458
6362
1239
1926
2288
5874
1282
3416
5290
2763
8634
8268
301
5991
414
353
4148
437
183
7597
1936
2917
2350
3328
4601
9733
7917
8471
6298
4534
9744
2811
4206
172
5876
9354
7317
3811
8811
4467
4437
8676
3673
2529
4899
1844
4663
7187
8487
7915
8389
6916
3741
1845
8261
7902
3373
7598
6524
4766
7678
3765
2562
5495
9592
8475
1158
9549
980
3627
1377
446
5186
1586
7543
176
8897
4711
2721
272
9260
6244
7926
7762
9835
530
9221
7639
6387
7732
8200
5604
3033
3448
1393
6738
672
4609
6539
4255
644
6128
8293
6151
9126
4227
780
5653
6540
5118
5479
8884
3422
9238
321
8446
4640
5647
294
5859
9385
7003
9034
4721
3894
312
4931
7853
6228
5438
5376
6694
4021
3655
4338
2983
3713
4892
3747
7727
6565
2690
3252
1608
5721
3573
3956
5507
5329
8377
1561
6586
7911
9816
649
3378
1406
3591
3201
2180
8118
5489
75
9876
9279
9851
5494
9187
894
5803
425
5000
9408
7190
6497
1273
9560
9089
9248
24
9223
2139
7541
7204
4856
1942
6920
9738
5512
9178
5036
9969
7857
7967
5137
6210
3281
3397
4408
7803
8163
4755
5320
9055
843
8548
2886
684
4032
4085
1722
3692
3043
9990
5284
2322
9765
1260
7336
9341
5473
6344
6851
1363
583
7646
9349
8171
6619
9124
254
7921
8123
3203
8908
3366
6281
1196
8172
579
4682
4421
4271
8526
4006
5017
2947
4903
6070
1045
2748
3739
6085
8114
5801
991
8080
9172
9769
9460
9169
1005
1890
5227
3643
8815
4841
5407
6987
9881
6762
1206
3517
6255
586
3801
561
5853
2771
1785
4629
2962
2706
6425
1485
8370
2109
9860
7208
9692
1381
2527
2117
1333
7138
778
248
6449
354
9236
859
2714
1521
3806
7320
9855
9413
6375
5111
4947
4797
777
8782
1474
7353
3088
1190
4448
571
6975
4456
4390
173
6824
5836
5015
9749
5110
4596
2850
9431
8711
1759
5020
5462
5908
5644
4087
7099
8149
9321
1155
6997
6216
5850
2290
9752
9725
7052
8724
3410
2151
38
531
457
3032
7450
7263
7254
1756
4091
5540
6958
8345
1265
9888
6706
6399
7989
9030
8008
5965
3436
8932
4880
8861
1543
2344
1621
4902
3258
1272
7576
6462
6956
2618
1144
2199
8657
8180
5626
5955
7819
516
6339
498
7170
3964
5949
6392
128
5270
3219
8348
9010
842
5063
624
3396
1716
2307
2891
3477
9507
2663
32
9979
7431
4675
8626
6737
8159
580
2938
8407
9970
2826
1729
7253
5558
1526
236
1967
8467
6267
1118
7213
7113
5753
6577
6904
1110
641
1142
2211
9297
920
5658
1683
8184
8920
7034
3946
1310
7952
2995
9679
8887
7019
329
7814
6479
1394
2825
8046
2672
9220
7311
3646
186
3360
7540
3019
592
1553
8906
9912
4169
3515
3872
9726
1379
7827
7182
1957
5478
1689
7296
2140
2701
7238
4195
1426
6816
5517
787
5574
2450
675
6881
3337
133
3426
4598
8966
7534
2642
4542
3902
1524
8983
5872
7364
5611
8639
9323
7744
8210
6818
869
9585
2756
4280
9043
6911
964
5235
5316
7473
9473
6764
1092
3542
2892
4631
2183
160
4966
486
2772
6974
567
1427
3853
7833
6803
7651
4772
6745
7505
46
5097
307
9908
4650
3532
4305
9731
8840
4912
8935
9476
2736
1919
7971
9137
8448
5521
9372
8516
136
8527
4189
6403
5268
3990
280
6664
9724
2356
9199
1611
5751
6568
7247
6304
8405
7904
6853
8581
2293
2381
6535
3502
406
3208
4954
3802
1408
8754
4376
8702
2662
5172
9125
715
1627
6168
3414
53
9591
8990
6895
2105
8232
6551
7670
3389
2197
6038
4756
5185
6217
5073
228
6245
6936
7070
5971
5762
4154
670
3574
6490
5209
1662
8507
6960
5014
6122
9209
6765
1668
4342
5305
5713
3571
1522
2865
1774
9847
3488
6740
9336
8511
773
3476
5665
2961
5522
6525
1994
8166
231
4696
5325
3171
8030
9185
5472
7301
6185
6667
6785
2277
2776
2844
642
4406
7859
6892
4576
6096
1851
9306
5585
6007
1865
9203
2742
6877
3576
6233
749
5259
1623
8108
2649
7829
9356
7503
9339
5693
802
1413
7845
1575
5645
2052
2877
4649
7143
8797
2227
4175
9009
8199
9085
7941
2667
3078
8612
380
9899
6329
8571
6783
2473
3109
3150
3466
5026
2535
7031
6015
7966
4574
3144
5528
9552
9711
7076
8392
6493
533
267
7654
5486
4268
8856
8758
42
1120
2749
9113
7461
2861
5523
7032
9815
6364
4428
6079
3003
7784
3871
4857
3279
7128
6121
8474
5177
1995
3676
6336
697
2420
9993
3372
3775
8699
7795
29
25
3706
2577
927
4811
3143
7607
9116
5927
1914
2166
5386
1454
6529
28
7491
7117
2108
1783
1046
64
3868
4929
8892
9704
9482
2168
792
3261
4427
7223
2032
2582
8318
9028
2126
7494
5032
2234
8304
3575
3076
2004
3408
9719
5451
5576
4435
9863
9391
2302
168
9060
2219
2789
2617
6509
2146
4548
225
7855
4768
4192
8371
4564
9832
9350
1215
1336
8410
4776
8011
3041
8886
3533
2205
5313
296
8929
4246
4
622
8838
4518
1439
6363
427
1123
2883
3831
6299
5717
474
4788
3649
2635
7749
4444
3746
1226
3935
9579
3256
8423
2851
7146
1128
8257
4666
2369
4125
137
7560
8333
8593
3544
2193
2773
8739
5183
9678
1267
8223
5254
4911
2544
6174
2932
1172
8924
3021
5993
3860
177
3803
4950
932
4924
6676
984
8107
9021
7702
6863
1269
9804
8620
7227
4330
9682
9602
6480
3377
1515
5899
6527
2669
2150
5207
4832
6253
5132
3433
5158
4150
9164
4972
6721
8718
6092
8881
7148
3682
5326
3280
7403
3174
7949
1161
2134
4538
2246
7888
400
6054
2505
174
3850
9251
7191
1717
8413
429
1093
3788
9639
2372
2908
4572
9573
8642
4117
9586
1650
7355
5416
4771
6564
3007
902
3727
6681
139
1296
5271
9302
6348
9024
7371
19
4763
2189
3512
8999
3728
116
4922
9703
8004
5286
1147
6639
9447
2019
4050
5426
1453
944
4527
3140
4845
7279
8789
8858
4319
7588
8888
809
8139
7198
4773
7790
8540
2720
9110
4234
2894
4333
3536
7071
4418
6250
4102
469
4570
7486
3465
6848
6456
1613
6872
9674
3161
485
9705
341
6042
4568
746
7875
1743
7771
5312
7174
8584
442
722
6444
6361
2631
4077
5052
6465
5226
5483
8301
3061
755
7984
8605
9771
3715
9730
6268
4731
5586
6689
6528
8047
4361
1530
1023
5773
2097
2610
7559
8085
7035
8988
4965
7157
3506
1645
3176
1211
6282
3577
7615
7057
1177
1711
8060
3233
6437
8927
8127
6232
7068
9675
3014
5690
6028
2422
6556
8824
8078
4953
8430
1583
6369
4757
5651
481
7620
56
5959
6180
8854
2975
6143
7558
9651
3012
1275
521
5421
14
4381
6550
2678
2513
454
8952
4019
8549
2066
8051
6195
8074
2091
4325
6173
4324
3455
589
6986
2005
7169
4349
9102
1813
5691
6636
6656
4692
3191
461
3882
9059
2971
7188
9035
6922
7933
9328
2923
5056
6234
9452
9213
8395
1876
1246
8315
48
4112
8818
5772
4600
4520
7645
1940
8725
7447
2498
4873
2857
7802
8801
3584
8937
9653
9170
7105
4058
2573
8276
7669
3721
5121
5434
5733
6335
9184
9454
9779
896
3132
3492
5459
7022
1041
7629
9658
2224
7225
2102
5411
5503
2880
7988
9857
4093
6817
4770
451
4264
698
3657
5666
5973
356
9
879
2041
6055
3586
2262
9331
9001
6333
9823
1589
9242
6035
7212
7451
1846
431
8667
2734
347
1760
3804
7116
7394
1946
844
1202
7314
8775
3430
2545
1157
5156
978
5775
1591
3756
2800
7804
3635
1801
6322
9821
4289
3156
5569
4636
6993
9655
372
9057
8059
529
6755
2739
5091
1448
8562
9270
402
8385
5490
2085
8295
9478
2946
4124
7354
5547
9475
6978
4451
8708
5918
6287
4104
8003
6311
433
5105
7649
2267
5680
4936
1953
863
4531
2023
1856
5706
5516
6492
940
8244
7746
5287
5997
6376
8263
8169
5141
2186
5948
9680
7442
5785
9282
8141
8273
5051
6787
9322
7730
3951
9647
5720
8394
226
5506
4993
8638
7961
2048
4382
3534
4689
6215
2175
9772
6094
8386
1235
2373
1817
7887
7959
6614
4968
1696
9420
3474
3499
9467
9371
2939
5482
8529
7676
3962
2216
5886
717
855
6318
5954
8946
4764
7220
5671
7661
5816
8863
1038
8239
21
7467
5205
6612
5160
9884
8388
828
9676
7338
8018
291
355
5204
1237
3497
4669
9443
8442
9215
1374
1063
3495
1372
3642
4878
7449
8266
883
6729
8111
2716
9819
8061
5881
4355
2744
9300
4062
3960
3349
8179
3618
4113
8766
8497
4854
5269
4131
8774
6730
3514
7946
3680
2334
5180
6487
9056
5069
8417
2094
8926
3164
7359
36
4436
6658
8837
6110
7609
7246
5935
4674
8972
9891
9404
6130
7079
1746
2964
7121
566
1421
7667
967
1288
8984
4978
9495
9890
4488
1405
5357
3616
5126
9363
9734
874
5404
6450
5525
1509
4479
3840
1702
3428
5502
6502
3671
9845
5621
304
3429
8948
8991
8341
1879
614
9915
1777
1136
2411
7611
8828
2853
2043
4893
3338
8781
167
3767
2409
2550
6546
7367
9746
9762
8422
2813
876
1270
4904
5354
482
3134
5861
6176
2560
4046
4654
6489
4339
1470
74
5343
2659
1664
1414
1074
252
9440
4691
8949
7454
5628
494
1309
435
6921
8931
8579
4790
9817
8987
9014
3217
3489
3893
7592
5140
5390
1858
805
3216
5625
2817
5730
3641
7120
5865
2967
8599
4852
8823
9955
1067
9268
124
8701
4565
5299
3527
3736
4754
2941
2806
5298
3223
796
9985
181
6283
6504
9047
9862
5579
7498
5844
7637
4779
2769
9906
4962
4313
9470
5660
2621
1945
9828
6647
9571
756
5379
8583
7555
1486
7834
7006
8354
4943
4094
6830
4749
6131
5122
2860
9012
8303
2929
4074
1180
4932
7994
2053
7993
4533
7828
9569
7663
5988
694
6224
2973
4369
3453
3040
417
9437
6578
7163
3057
1240
7621
1924
6397
8025
2991
6743
3005
5289
6463
5143
3991
1974
6277
3407
7861
3250
5957
2114
6156
8830
8152
1193
3316
7458
428
1915
626
827
2906
8976
9078
7496
1576
9441
4575
8744
1072
5782
1726
9181
9479
8457
3937
5171
7722
346
3177
3242
4177
1430
9319
7349
5760
17
3792
8129
7850
7885
8535
3046
1533
6294
6029
5912
8387
7962
5349
1529
8132
2162
4011
6440
3578
6952
5792
5388
5990
6739
9174
2281
1911
7382
8849
4819
3918
7569
5562
2845
2717
9780
7998
1094
5961
8192
8693
488
283
6946
5288
1826
6933
3588
6596
4683
3597
6507
2393
9694
8041
6791
2449
3289
748
6108
3754
449
2231
8827
6032
4590
1199
9298
7901
7622
2587
3480
6218
306
2457
4539
2620
1053
9716
4926
8506
9079
5642
5757
3148
5947
3445
912
3464
87
3312
4526
376
1315
7021
5613
6050
9134
5811
5590
8241
8709
1907
9615
965
2928
3026
7724
8965
4706
5470
7026
3393
1732
6081
9153
1862
6860
878
3047
1654
6398
6802
6074
394
8174
1958
2362
2360
2753
6990
8613
6037
1189
4567
4584
2303
1321
2634
9168
2020
6231
9425
7983
8016
8048
8337
6671
189
8911
993
1867
8307
1345
2982
5022
9098
683
7764
3984
7539
761
942
1991
2377
811
1992
6460
2699
1432
536
7585
9833
5068
3716
5361
6572
8267
2896
5870
187
6227
3318
1626
3273
5620
3334
4998
3348
6383
9925
3751
41
6499
4322
517
5430
9732
148
3750
3566
2335
6458
7389
217
1183
4252
3915
1456
9964
1055
398
9643
6949
6410
3190
8829
5327
8294
6365
8485
8211
3889
8236
5372
5266
5475
7631
5131
4736
9755
4170
9922
245
986
5825
1612
3142
287
4297
2253
9790
9430
6198
7459
803
2112
847
409
7798
5175
8176
4415
3236
1566
2873
8292
5716
5669
7406
3437
5890
895
6408
1776
5655
5555
3096
8992
2477
4610
8729
7929
4817
1451
7439
8066
3651
6651
1630
2847
5566
3285
9929
5247
3336
1500
3458
5622
8969
5752
2427
9671
4759
7291
2955
2068
7699
4551
1358
3461
1931
2296
1494
1578
5734
3645
784
4506
8142
3599
9072
5146
8433
8439
1178
2909
5800
5789
877
4775
7373
6924
7083
5060
2359
5545
6191
2251
2834
448
1506
8688
6328
1641
8689
27
4187
5996
2233
9042
9601
822
4383
455
9477
1704
8322
7733
2916
4020
5847
646
7405
4358
3866
5768
2777
8876
4217
4549
8330
377
7487
7236
2613
4799
3374
7951
5279
5596
3196
1330
6205
4245
5740
5477
4018
677
4888
8353
9803
8567
6290
2948
5317
1892
6870
3206
5370
2530
191
3365
3815
5108
2206
9629
7644
6353
1398
3670
261
3795
7789
1089
1794
1883
7954
5831
798
5234
4827
8079
5735
5039
6351
3625
2705
3973
2078
9114
4161
1355
2273
4238
5866
5253
479
6705
5405
8894
7048
9764
2072
1307
8740
4147
3877
1563
2911
1387
8872
2593
790
5010
7258
2888
7816
2700
7612
3770
676
2638
5550
6880
9316
1642
4622
2679
2172
6593
7166
9696
4082
3149
5098
7288
6157
3344
1910
2829
2627
2670
5648
3030
7466
7285
8610
2132
9146
2119
2677
5002
9895
4697
7102
2854
6821
1088
9801
8525
1925
512
5262
9977
367
5882
6655
8067
5856
3387
3631
2954
9659
3487
5863
85
4309
2441
206
6071
6280
7504
6402
4155
2976
7160
1390
2137
405
6184
835
846
8193
8682
1736
5812
1122
2258
8040
1481
8885
7305
6513
4530
3403
710
5297
127
4419
1567
2792
8143
5415
3917
9190
3644
8833
1930
1356
7842
7049
8349
10
30
1312
8128
9433
1300
4603
34
3652
7055
5484
6646
4585
6589
7652
9177
9061
3498
7979
2647
5755
3118
7100
5125
2684
754
4500
7874
9773
6897
7906
2319
4103
4626
7299
3595
7876
9329
4348
3563
4222
7572
3375
8777
6077
2374
8178
3712
244
4375
8158
1634
4308
643
2745
5635
9513
2338
3075
569
2089
848
7073
8765
5168
1040
4630
9858
1162
9511
6002
8056
3286
3758
9436
68
4281
8822
5251
2305
9510
1933
1322
1241
5799
1087
6940
6391
2497
9715
5330
1220
1972
3895
9747
720
8800
7970
1896
5612
3930
2493
3253
6273
7671
867
6999
3725
4784
7965
1663
5745
9050
4894
1079
5249
9684
623
4751
8673
2774
9544
3538
6008
4940
2104
714
8568
1850
7895
9442
2711
1773
3478
142
2419
765
8683
2902
565
7489
4597
1842
9971
108
5805
1682
9210
1289
1819
6937
9364
6133
1152
1545
149
9750
3048
8213
5427
2506
8170
2600
8077
4129
323
1455
1440
4397
1559
3146
2299
2651
4653
7185
4717
3071
6040
6763
7577
1815
3209
6887
7130
5953
3959
8651
5739
3313
8670
7618
3282
9311
1889
6748
4233
3277
4481
9556
3568
8031
200
6644
4632
8745
3929
6295
2697
3424
2306
8207
9656
593
3351
202
5119
9099
1952
8288
7508
8783
4665
2680
1797
162
145
9247
7624
144
3817
8009
658
664
2514
6642
2396
3932
954
423
49
8794
4317
4560
6266
5577
8590
933
7133
4909
3369
9820
5165
6620
9218
8034
4984
8606
3888
4212
418
8997
7334
1779
6678
1694
8600
8509
9377
8157
257
7471
3688
9020
4007
2170
7001
4209
6115
7923
2533
1478
4440
2331
5463
5650
76
3195
6100
9609
5090
4910
1231
8637
2516
8655
4535
5276
4203
4930
7193
9472
6912
3390
1443
888
7747
8564
7041
8674
4069
4251
4388
9509
9854
7476
1208
4360
3415
3762
6741
7008
5931
3411
2221
6097
4720
556
8958
7512
4734
7090
4877
8716
2090
9794
7481
4778
4624
972
6554
3315
7360
4883
3604
8484
1534
886
4079
7648
8873
5570
7517
9179
8459
4110
608
4276
7653
4166
3324
9673
8218
9502
1699
6445
6715
1882
3262
5428
2980
6625
2367
2930
5504
8512
2249
637
3857
2413
7605
6559
5676
4838
1573
5539
2765
1009
4907
3106
9792
7065
3555
5139
9681
7551
6102
2783
5481
510
9898
7779
4849
955
6323
6584
4445
2304
6580
3626
7404
8329
8112
5382
7307
8121
2805
9445
1848
7912
2492
9131
4033
1857
8761
5134
1781
98
2605
8408
2446
299
514
3982
4504
7150
4516
4198
9039
6152
1255
4976
1095
154
5529
9802
2342
2464
4118
4433
164
3147
3873
4777
3049
8977
3359
4425
6684
4072
6947
9399
5843
5818
4387
2266
4974
1000
6778
6086
404
1203
7294
1861
7020
4210
5791
1665
6211
7206
7151
4278
6544
8336
3748
9712
7668
926
7321
4089
2046
4704
1943
8186
7126
7780
9166
6617
6973
7248
5344
6454
7179
6289
5029
5436
8679
379
3979
3972
3308
7201
9424
8419
6019
4240
1705
3583
4482
8237
8451
8359
3921
1014
2511
1466
6685
604
7723
5009
5829
4906
4671
5616
3726
5654
9527
8971
6665
3053
3679
2261
7270
7582
2363
4064
4068
5933
7284
6343
7521
7108
1614
467
5076
7836
1519
2797
1397
4742
3107
9786
2653
3475
2901
121
8791
9229
2937
4886
906
2824
9335
8598
9874
6011
295
1371
3998
5028
1670
9761
9381
2364
5945
4948
8696
2430
3036
2958
2761
3596
7719
6545
6839
203
9754
7846
7509
7085
1452
4179
5976
8684
4196
6424
9785
243
1999
4273
3628
8933
5468
2016
6036
9625
8734
1617
3102
8547
9064
7023
3323
8358
3368
6828
411
2835
1489
1039
9235
8845
1960
1651
4802
5571
1459
8391
54
9595
6827
930
7304
9522
1181
5155
951
9309
6393
5220
4928
7882
5469
7851
7243
549
88
4392
4831
7475
2123
2138
1192
4328
8814
8870
3558
8573
7251
5902
7520
6104
6340
5848
4988
7840
8705
6725
1790
983
1150
8628
1838
2517
5854
1385
3085
1424
5925
1033
9395
7574
5946
553
8270
8768
2238
704
6530
3125
7241
8508
6615
7300
9689
7729
2424
5163
1219
7889
506
6945
4532
331
4221
5417
8194
3113
7139
3531
8045
3120
4871
8401
1804
3364
7054
3218
5387
47
2386
2944
2346
5849
5356
4078
5678
2689
9758
9700
7736
5670
4439
2088
3482
3656
6799
8617
1477
6297
4249
8521
4259
9208
8889
8469
8367
4865
3548
8246
8222
5192
639
9398
456
5480
6822
4459
2501
1295
9721
8502
4365
804
1431
758
4106
5439
7438
688
5929
3749
9897
5396
9543
2977
4480
3633
4108
1955
2030
9296
2198
1251
9455
2329
1985
8550
2831
9151
5702
4352
8338
4508
1603
7229
2899
959
1395
1964
9534
8574
2687
8643
4485
501
829
1700
1362
5578
3600
4153
5970
7010
2268
230
7811
2182
3505
6693
7765
2001
504
6433
3447
6560
7423
3194
6158
4045
3399
1365
443
2608
1066
729
4075
3907
5896
6123
6648
1767
7986
3028
7937
9687
5341
9839
7255
6342
6536
1836
390
9286
7224
7053
1373
4499
1598
8592
2287
7440
3743
6688
4130
6561
1434
9989
9111
2945
1949
8013
7080
751
2378
9672
5673
7806
4662
6300
5634
2191
6800
9186
1188
4737
9737
4455
9439
8930
8435
1064
4848
7278
522
660
9545
7149
5042
8640
170
5335
4310
9648
1780
7716
7386
7754
3058
322
922
4826
220
2297
8974
2863
9066
9572
2509
9788
7630
9565
2341
1733
8427
1681
2337
7775
9284
8862
8905
8188
9417
1906
219
4546
6464
9546
9483
4012
7783
2648
5365
7142
1782
178
5456
8785
4523
3343
3073
1701
8131
6043
2230
7232
9503
1661
369
4344
4933
1302
4100
7357
1102
7532
6252
4842
1691
1285
4115
8233
5807
7662
538
4048
8104
8071
5694
4054
2055
527
4862
1937
3940
8477
2054
5891
5698
8853
9080
8902
7510
2519
3821
8479
4916
9365
3623
4389
949
1778
3828
8678
1539
3662
890
7061
4194
1739
8256
6417
7698
3181
2518
1939
5395
9263
1404
4225
3479
1951
9082
9497
9239
4925
4296
5497
1129
473
7203
2978
8007
3993
1437
6260
8917
9277
5703
7416
7705
8731
490
8728
7426
2401
1042
8182
8865
8558
2718
663
2358
1658
6385
1753
7303
597
5375
6419
9107
8614
618
3362
1308
9563
5883
3723
2759
8005
5265
6641
4056
6962
4946
2130
5793
4321
464
5788
4898
5033
6714
2028
2790
8042
1659
5363
7437
1577
2470
6955
1154
3341
5420
8280
2225
6996
9231
5617
1469
2646
7101
8646
8243
6360
2895
4164
1680
6452
9415
5824
6320
992
6699
2074
8190
8254
6058
5053
6111
3933
3589
4304
6448
460
1998
6567
6657
8575
208
3624
7755
6166
9988
2537
7412
4201
1602
2252
7178
4385
3585
8928
9878
8476
9606
5319
3386
5750
5485
6687
7356
3069
528
9941
3892
1897
1648
2640
8520
8703
9140
8963
3562
6679
2148
615
3510
8146
197
691
539
5889
5488
4015
6727
1457
1376
31
9939
7385
8101
9315
4707
8217
8773
6553
5148
1168
364
9407
6407
4905
4272
6193
5401
3023
7634
4676
679
5588
6834
5958
3259
8019
4715
8644
9224
1600
2243
4744
3064
2289
9742
9968
7324
6832
3404
4621
1166
5839
3450
2165
2803
8925
6089
2069
818
8519
1435
9542
744
1913
4135
7181
9667
7391
6165
463
9293
5362
8834
8957
668
2323
3224
936
1829
1511
1327
2703
1620
1232
375
5746
6928
8150
4580
6069
8145
7180
962
1902
7761
8133
7849
192
8197
1580
7586
3805
9273
1877
8648
9568
1636
7207
9753
3570
6112
3963
9266
5144
5688
6427
3081
2248
939
5145
2555
4655
1184
8546
3898
336
7936
2796
2965
6400
5104
9894
3883
7544
759
6518
207
1059
4668
2128
7753
851
7617
9940
132
1675
8352
5783
6221
1380
9936
4994
9727
2522
4812
7292
4413
9661
8339
1276
118
282
7837
9423
5526
3722
7269
39
9139
2502
1119
8464
3977
7202
819
1989
4008
4071
9559
5213
7401
1562
5917
5833
4030
199
1638
541
453
120
5692
8647
7633
1024
4202
8115
6961
7268
8602
1828
7074
6570
823
9515
7050
2121
166
9027
9109
5435
9959
5044
472
4578
8355
6767
5879
8258
4989
3711
950
4095
695
519
4937
2241
345
690
9872
3490
8517
6998
6257
2782
6669
3703
9574
9616
5493
7968
4659
6053
8384
9950
63
6935
3826
8552
9403
1245
1403
763
3823
9654
4159
5093
340
705
388
271
153
898
7408
9004
4134
3210
5794
678
2095
9448
8098
348
8262
4468
4528
4839
6781
1824
5982
5089
6438
50
791
4293
7262
6209
1978
4475
7413
6330
2371
3752
1396
2778
3423
7290
4934
2082
2445
3074
8499
7281
1747
6018
5952
8306
2925
9406
8587
2666
2250
9948
2867
885
4615
9911
6475
2603
1021
6562
4412
1820
9334
1833
1350
9974
713
9886
6014
9191
3131
7111
9117
2604
736
3614
3166
2133
4061
7734
4416
5275
2176
4651
3503
5364
7688
7684
9956
8784
725
9913
8165
7985
8625
256
8212
8431
2935
6670
5858
7570
6312
6317
611
8064
8070
8472
7492
7542
7847
9318
2606
6864
9714
8321
2472
9728
3874
6242
2453
7599
5898
4851
5303
1550
4465
3413
6212
4171
7619
4750
4837
7785
3992
8342
1487
1339
8097
8697
8649
6840
9232
650
6455
9304
1792
2163
6747
1012
3667
8698
6428
3867
5638
2406
5100
8523
6006
3065
6630
667
7432
4184
2484
9649
7960
3648
3897
8444
3813
9106
5296
7397
3068
7479
7140
6989
1831
6429
7636
3179
37
4921
441
2404
3265
6686
8068
5544
2157
9069
9325
2536
70
2467
1560
9923
8658
9011
9481
5832
9910
6608
7575
3051
9394
2864
6854
6137
9389
8196
5552
2181
4096
8162
3159
7252
1423
1258
4612
929
5892
3669
1243
7627
6888
2179
9310
7547
182
6034
7593
7129
3974
5392
4592
1712
5283
5764
23
997
8375
2675
7602
6666
7881
7214
820
7155
2611
6788
5500
4638
9745
6013
7788
9623
1492
1204
7443
7864
8595
743
3331
4980
8023
5024
8807
3483
1849
105
1719
4010
3494
3763
5027
6306
868
2340
9642
4882
5608
9135
6649
3948
1871
5016
4190
9429
7410
4320
9723
4701
9023
7267
9017
3230
607
9695
8366
7725
1483
5605
7014
7395
3593
9046
9351
4644
2674
5452
3606
6954
515
1369
1306
7398
2029
9189
2979
8956
1256
8310
7098
6262
7199
4403
1714
8489
872
2452
1200
2403
9610
8187
1294
4836
4919
1460
871
2912
8970
952
6474
724
3696
7564
2724
5804
7595
2597
8402
1367
1791
7393
8712
221
1301
1125
9812
5754
3755
3780
4294
4120
3869
2451
7159
2015
5092
5960
5963
7318
5065
4741
3151
8272
9947
9903
8588
2512
234
495
7613
7306
1305
3809
3602
6005
7768
4248
1822
9361
7195
8238
432
9508
5786
2907
7774
1113
9686
216
4732
6724
330
4253
4859
4700
4014
6357
598
4366
9844
4043
4875
5657
1499
1647
2057
5199
9216
6889
6894
9397
5966
2889
4029
3108
4536
737
7249
3791
3653
8120
9767
9807
1328
2291
5082
7919
9512
8473
7469
9781
9934
6000
4005
5806
1908
1692
8950
8860
4137
12
1587
1335
7515
3913
9598
6988
1314
8415
5377
2100
309
6784
654
554
1461
4407
4718
2601
961
4806
5352
1036
5406
6208
6278
4521
5391
3183
5040
214
582
5322
5877
1604
8063
4430
3852
5034
7511
2298
8081
399
1015
9521
5449
1866
1257
3953
7825
6292
3001
832
6957
7058
5035
8049
371
7106
8167
6823
8589
9327
6882
1584
3278
2650
7693
274
4284
701
4031
5597
3346
2448
4127
4789
9698
7384
5045
7429
2447
7907
5742
537
9830
9662
9267
732
3249
8899
9233
5837
3603
629
4224
640
266
2174
9720
7115
4761
2694
7167
4512
7411
6691
6315
7557
2764
8044
4979
6313
1375
7261
4769
6024
4250
9412
9796
5584
366
9650
1904
2878
2295
7632
6980
1096
4746
1987
3469
9127
158
9699
4760
9193
591
551
4920
3180
2491
2596
9701
7192
8204
4152
3099
8205
6163
4460
3229
8764
8124
7094
9859
8518
2969
7792
5741
9902
5852
7103
358
1428
8846
786
8663
3637
361
9405
67
1891
9896
5748
857
106
6031
1551
7978
8804
8249
2922
3834
5922
1517
4476
7396
544
5501
4796
7715
6135
8836
4380
7826
9063
5543
6683
1843
1298
3342
657
1259
5223
5944
9160
20
9995
3154
2062
6107
8942
996
1048
532
5980
1744
3157
7934
8302
3837
3444
5444
9670
3581
450
2926
2496
838
3255
727
7477
343
1927
381
840
6044
9972
9827
3638
4639
6064
4885
100
6027
1977
2804
7548
5624
5582
6555
6388
4288
7939
6865
5915
6372
7037
8087
9965
5061
150
6754
8690
9637
238
2050
8650
9635
1684
8569
6628
3978
4151
616
3227
2317
5465
7908
9171
2040
540
652
2425
484
4239
1730
4267
931
4055
237
8597
4302
2710
3875
6186
4463
989
5559
117
7821
7507
3167
1417
9604
9453
1409
1695
107
8893
4053
5615
8271
8821
6606
7480
273
396
5215
4229
9759
3268
2385
4002
5770
5989
1637
2570
635
9384
8260
4540
2160
7033
4829
4698
6835
7550
5795
8714
1633
1909
9810
882
6482
6368
7326
9768
2543
849
7027
2664
8943
7587
1754
5607
6900
9488
477
3565
8560
337
2265
8275
2260
7015
5667
2676
1718
6768
5310
741
4625
7228
8955
5797
1571
2996
587
769
9904
9558
8026
5230
3912
1156
5711
1922
7641
4918
4834
3714
59
227
4371
8825
4300
7526
5508
9294
7424
8373
8771
3392
4423
5591
9207
3518
395
2316
1734
4438
7235
2641
9774
7162
9176
9791
9259
6611
2038
123
5867
6459
8898
2036
2380
7514
9920
7499
7913
795
1032
7553
4223
5048
2848
2049
4316
3794
8726
5710
5729
7600
4274
6944
3537
188
6775
4992
2546
9026
2881
9519
4144
4241
4820
8735
2315
1
8760
8671
3842
69
1687
6046
7647
2927
6682
4513
3470
2348
6934
2520
8654
5695
4678
6222
4237
730
8710
1769
9090
1415
6811
4200
4872
6270
8137
7848
5618
6220
2320
3887
2725
8848
860
5380
8601
4185
7741
5219
728
8883
2462
3844
2309
3
2325
5868
2485
4712
1807
7445
9352
1153
4635
1938
3916
5565
4356
5921
3045
2027
2833
2715
8501
1847
9861
910
9287
4197
8175
7474
9074
6378
7791
852
8311
3138
6780
9630
4586
4860
3468
3675
4334
3380
2751
5188
6616
1969
6886
2407
9058
5911
5153
3122
3031
2153
5603
1025
6910
680
6875
4401
5258
5705
5926
5191
1262
8721
8635
8421
6547
4275
5594
302
764
3547
440
6139
6063
5532
4368
2685
7525
2115
4314
4449
8486
5826
1290
2842
1061
2524
5564
8144
9943
6971
7200
1510
2412
7843
4709
9343
8636
7880
935
963
9281
966
2856
9987
8164
4791
6120
4605
4618
5572
5610
3847
7932
9848
4961
97
1710
3017
1808
2542
6485
8248
7786
6153
5152
9952
4337
6976
1020
224
8951
4957
7222
8219
7399
723
1004
2767
2008
1886
6241
6680
5777
9605
5071
475
9547
6807
4242
2278
2943
7421
1676
797
3013
3704
2300
5135
6061
2442
8704
4469
8780
5224
5012
870
5448
7002
1171
5962
814
5293
2361
9834
4510
3772
2999
2885
9578
5920
1903
6861
2245
392
1101
57
4060
2395
5212
2810
3971
339
8565
5969
6707
2
4493
5203
3009
4935
8073
1462
6160
2919
3717
1601
5064
2024
9230
3077
5687
7751
6022
1109
900
1840
2013
5743
9536
6067
9338
5595
1570
6885
7379
6471
8286
1031
1191
2616
7478
378
8230
8661
7807
6708
3827
6977
923
5738
6132
5222
7221
1508
995
837
825
328
2626
9276
5423
4686
9070
9669
415
4306
286
7346
1468
4035
2735
8153
138
7890
6575
9464
9068
6149
7869
8852
7430
1525
9999
9219
6326
5256
3605
7524
1320
2149
2798
9484
3284
3664
2910
8803
3661
3539
8181
3124
1347
2920
5860
1027
4685
6963
7556
5637
9120
7239
9212
1006
4279
7707
8841
4975
619
4126
1057
8720
8576
373
4963
7781
9842
7347
5167
6134
3027
9033
6386
9211
6381
99
4023
5094
6883
6140
8285
2058
3870
8912
2495
2383
5641
9214
9531
5304
7250
3287
5159
8404
2455
4646
2365
109
7161
9885
9256
7418
2849
5942
6633
6167
1786
4853
645
7425
9071
1352
9029
9101
1209
8795
2827
1671
7589
703
9076
7419
2394
2637
5683
2351
3557
8240
5162
8403
8891
4868
3347
686
8289
6972
6338
4466
2504
7016
9103
8669
687
4441
6581
9524
1416
8722
3072
2155
3339
8478
2874
1762
9346
4502
6520
1194
4681
4593
2893
2437
6141
1299
578
8195
6473
4160
7567
5538
1528
4024
8616
5054
6325
5187
2333
2269
4908
3018
969
5643
6406
9118
982
2454
911
1809
3272
2592
3778
9119
386
4627
3484
9378
8096
4351
4298
1491
2799
2953
7549
2862
4956
5440
7000
293
3187
9148
2871
3353
7331
609
438
6773
9620
5600
4801
3070
2294
7672
3193
4354
2987
3920
6531
303
7884
1071
6481
8100
3541
6579
2963
9073
4343
3293
6394
434
917
9843
9664
2328
1605
1213
3244
2185
6731
9887
5338
7040
7339
8290
8623
6585
8998
2580
5964
9285
6623
5085
7568
3701
8513
3139
4660
606
8319
1105
839
6501
6598
5932
9935
2981
8480
7886
2065
7955
7969
8102
4260
7708
3168
7158
3939
4098
3228
5736
7340
5228
8778
1806
9492
8563
3263
9777
3306
6766
9841
4794
6169
6099
9272
8792
5537
6251
1341
9707
9958
6486
2144
8283
3367
6574
638
2312
6700
5384
9553
9204
2673
1411
3698
3310
362
7452
3520
6105
5332
465
2539
4063
3862
2791
7240
9360
7805
1901
80
3126
8947
7650
1713
4003
8350
8110
5639
5450
5998
893
4552
674
575
2475
6774
3846
1956
7147
72
4218
1108
6852
3830
2968
3683
1899
7694
9392
3891
2169
3442
2802
9871
2568
242
5359
7721
6113
3496
130
5457
4336
6677
8835
8533
4589
8425
6514
2819
7018
2116
4235
3851
5232
7381
5828
8750
6942
2187
4097
2111
595
2897
5541
7583
9916
9421
5081
2526
2590
7315
5201
5109
7626
1185
908
1051
8747
1436
360
2236
9380
9250
7740
9505
6404
9022
1253
9400
2970
8632
7302
631
9864
4793
9976
5798
9849
8447
570
1962
4743
4705
9663
368
6127
7287
2652
9713
3093
662
6377
5112
7434
9525
4876
4879
6003
6720
3383
1868
4991
9197
9401
3276
9840
1644
7531
4111
4432
4716
9778
1179
4173
6969
9706
7465
7484
3060
5001
1077
9032
760
185
7390
7433
5841
4357
6777
4215
7215
5410
924
5838
5817
3923
5210
1546
9410
5314
9449
1164
9305
525
9928
3135
5006
4808
4204
2855
1973
2503
1471
2636
9717
141
8420
1420
9520
5277
2392
387
111
2868
3927
1107
119
1918
1317
1535
4990
6573
4450
6171
1548
2990
5520
1832
8091
3103
1445
7173
3037
1674
3098
3198
3234
3569
9048
1054
4503
6148
5274
7581
104
8662
4145
8434
8842
3409
2494
3087
9866
436
3699
7974
5383
470
8551
9981
260
1932
7472
4399
2127
6288
7047
9901
3332
7144
7448
3391
3011
3123
424
1643
6673
2656
9748
7343
7388
3451
1366
6779
3685
4840
8503
7271
3798
6594
9045
2553
7584
1047
3319
5399
8727
9052
1706
3890
1425
7925
2738
543
1765
8869
6898
9006
8847
3884
979
1544
2071
2410
7977
1708
816
3774
2820
8466
5282
1498
4915
7665
2702
813
3379
7112
5723
8868
4555
564
4952
7690
3333
1557
4982
7309
4525
2541
794
7211
4581
2654
9867
6652
115
6416
247
6214
201
721
9002
8713
6557
3006
2818
9691
3690
4001
3089
3587
6523
2443
4583
7231
6309
5930
6451
4226
5869
4752
5857
7084
8381
6316
6662
3002
7435
3681
6859
9622
9677
3731
2957
6052
7835
3104
4081
793
8411
3896
507
3859
6308
6931
1490
8659
6395
7184
776
3237
8255
4122
2574
4970
1447
2310
630
9932
9588
2643
344
6423
2051
7767
8913
8369
3481
9299
3434
9008
179
8177
8653
5129
3786
3737
3617
6484
4807
2740
6243
7172
9163
4900
3980
5835
5099
8706
13
7273
3592
8095
5900
9540
6254
5968
6355
9091
7685
1966
5309
768
1532
1738
726
8730
1028
2274
5281
9921
7500
4157
8024
4254
1799
7260
8227
6674
8982
4996
836
3829
2076
3129
572
9370
4522
6735
1982
2255
8652
1368
2321
1597
1167
1841
7945
7995
9471
916
2984
505
9333
5587
7739
789
131
2933
2728
4815
6347
8083
9770
9342
4452
8940
1592
3822
5759
5632
7813
2232
3769
767
4207
6879
7463
3994
3985
8277
3178
3666
4800
500
4458
4363
8941
3463
5107
9367
5378
9129
6756
1419
2382
9951
8383
892
2314
1814
9383
5802
4420
8002
4265
3524
5079
6845
6919
3185
2838
7950
9967
6412
2750
3761
1010
6442
5358
8611
6045
4193
3127
83
4163
9953
5633
468
9434
5630
1145
4009
7165
8173
3738
8027
9529
7141
4494
363
1635
2989
5880
4891
5149
7920
7905
1138
7863
2712
3288
8985
8618
5037
4040
6905
7591
6820
9575
6510
7135
3091
140
9474
8397
9882
6829
8053
6542
5640
7441
4830
6271
1771
5567
9112
6626
6001
7518
143
6411
5609
7171
7205
198
6021
2201
4786
215
9567
1465
5115
374
2099
4507
7059
8438
8890
91
9709
5466
7092
8675
2786
4180
2698
2188
7815
5323
4188
3169
7362
6959
7365
2389
2366
1254
6629
6409
6285
3441
3832
5950
6206
4292
7991
9419
5919
3035
685
2809
2594
5979
3620
6263
9288
5260
2713
4431
1574
4307
9459
5197
3388
6154
2795
5443
6488
6925
9499
5124
1725
5013
250
2692
5771
6188
9390
4083
2171
2313
7704
7351
7482
4386
2417
5580
7328
699
1399
2456
316
960
8396
6291
4332
3052
8455
1929
1444
6324
5422
2159
4710
5255
5846
4429
8539
9205
2311
6084
655
7992
8806
499
1950
8687
2135
9330
9646
7910
1216
4571
1685
1198
1263
5476
5190
4642
4315
7066
1438
3355
7918
7522
8001
2190
4901
945
6439
5661
3865
1970
4923
8809
222
9142
8154
4673
6117
7242
2209
5873
545
4722
5995
1763
9317
5471
7209
7566
1223
9200
1624
5333
1418
3561
1250
8577
5176
7854
4378
3785
8490
4505
5548
3385
3516
8287
5542
8062
6265
6563
8986
3639
193
7519
2284
7931
2940
7958
2846
2256
6334
807
6196
4661
6382
5114
9049
9589
4295
1343
2770
6083
8627
3214
9685
6142
9175
6552
9555
766
4099
7772
1319
9757
6746
998
3590
7275
8347
7230
6068
8514
9344
1449
762
5237
8340
6702
4492
5977
1798
2837
205
7536
2832
3086
5046
4364
1787
114
2270
5557
4167
854
3905
1351
8796
7387
1921
6073
6095
2368
351
7800
4498
1816
9743
4026
4702
8736
7909
3950
8269
7122
5117
66
7067
2531
5928
1169
2292
4285
8831
7823
4594
7579
3039
6643
8245
2707
7332
7735
1669
2025
1784
8281
733
5549
4446
5184
1030
605
7460
2607
1761
6503
489
6876
7844
8437
3771
3398
2022
1588
9426
5240
9978
9332
8798
218
2657
6367
4708
2644
3117
8216
3080
3582
9797
9576
5374
6432
8753
6812
125
4688
8878
1944
419
887
1233
3121
6790
9837
5339
459
8505
1085
3838
9811
4090
9463
6082
90
3467
8944
8945
5059
5088
3936
7677
2960
6843
2301
7289
3329
6661
6162
8201
9161
2217
1104
845
8093
259
4411
3941
175
3968
73
7483
692
268
3204
7024
1745
9506
2622
1935
601
9693
4874
8465
5225
7546
7914
3420
1688
5936
1230
6284
4517
2552
3729
2949
2556
7446
4606
2101
2632
6831
4971
6712
1993
5888
1916
1132
6076
673
6091
3816
6717
9368
1082
5408
6728
8677
6225
305
6138
6238
6548
6230
6698
8206
7896
9037
3825
8559
4713
4783
738
7535
4266
3222
6566
899
8544
3886
3665
9998
6327
6968
8799
5120
7948
4478
1473
8235
8250
2812
5216
235
3083
6571
3814
938
275
8633
9818
5601
2628
151
3545
7081
8052
866
824
1450
3401
5398
2994
6599
2087
3926
2375
2018
9766
4833
8875
8694
6405
875
3707
1854
265
5985
6815
5239
3845
5815
9143
8470
7028
3966
9829
9198
9665
444
5360
4725
483
6414
7064
9275
8763
9243
4748
0
7659
9938
6155
6179
2630
689
7516
156
1148
209
6147
3056
7681
5461
5674
9234
5563
9870
1354
4881
3607
9379
1124
8028
7841
1632
9122
8428
9892
5810
4566
2921
3370
3128
7370
9612
6371
2879
1893
292
6576
3650
2158
298
8496
4858
7938
4511
2318
750
9324
6918
9814
2469
6384
4694
4017
2523
4967
7608
3330
9283
2014
4728
5306
1541
1068
1056
2997
1361
9411
4680
5455
1086
682
297
8221
288
5840
1954
4977
3025
8808
4949
1888
4065
3784
6500
4861
3983
1247
6873
7797
6795
45
6609
8450
6494
3945
1981
6903
5686
3305
8376
2768
6750
2017
9167
2414
8787
6246
9123
1075
4699
4730
7124
3864
6736
8331
6247
5875
5924
987
2400
9853
5684
653
3456
8715
7660
734
1622
7234
4076
4828
2572
1672
4648
1516
8033
4395
9498
9402
2490
9570
1686
5067
163
1126
3055
4038
7464
8494
8995
5668
8939
8752
4798
9388
3188
2129
9147
6519
5198
548
1697
2435
5130
5519
1912
3232
4579
9865
2872
5524
8308
6049
3381
6710
5103
6908
7976
6261
1593
8116
8680
1348
1752
8252
6301
1678
8050
5150
1660
7096
2263
3969
11
1103
4614
6526
7123
706
9551
5080
3797
4269
4370
574
3155
8482
1146
2439
6982
4543
8820
5441
101
2815
4244
6422
4073
1980
810
3260
2668
2349
8756
2075
4604
4810
5790
9946
6066
8922
1130
8299
1619
6187
7329
1707
9486
8325
6923
880
7878
7742
4951
6264
9468
7673
6703
7077
2218
5397
9358
9963
9775
5467
5086
7927
5731
9982
2215
8962
2257
2000
3090
3394
6782
4367
4424
4434
4391
830
7709
9450
6319
9644
2691
8786
3254
5019
7710
7363
1810
7838
350
7176
9824
6136
1721
1852
7274
8012
212
103
3371
7366
3745
5055
1078
2876
9249
6965
3560
3311
7210
1677
1106
8151
613
669
3345
2915
9718
7578
7400
6356
5681
4896
2727
2391
6286
9269
2918
478
6711
5894
6789
5273
1531
2998
3008
277
1870
3922
4208
884
7428
8743
4545
2009
856
905
5636
3094
7280
7642
4025
9776
3460
9347
1286
3419
3854
3742
2164
5664
648
2780
9494
3899
7109
3296
403
4133
8515
4044
9751
4027
7530
4809
4331
628
5038
5536
3314
1442
9883
8664
7186
9877
6992
9900
2566
6722
5264
4092
864
7870
7675
9255
5151
1655
6690
6645
8832
7728
1740
8072
5116
7030
5554
6346
7374
7862
8461
365
808
8126
552
1268
3554
4643
5008
52
9487
2045
4149
1796
6430
3564
9581
8919
196
9088
9337
62
925
5164
3197
8488
7713
4257
990
5096
3647
7718
5157
5057
8692
2326
8449
7763
285
7323
61
2532
8813
4114
6742
9836
2993
7782
6926
3812
6396
9065
9435
9290
1383
5
5208
970
6114
3322
9599
1505
6896
8109
3446
4823
3417
6269
7342
8918
913
6178
4620
3291
2540
6640
8895
865
557
447
2056
3304
3325
2196
3944
1552
6461
956
1667
9491
1631
3818
6051
1029
1750
9345
9382
7809
6413
8719
7940
6181
6901
2554
5229
1768
3724
1151
9793
7640
2588
9914
2370
5381
9254
1133
8134
2242
6726
7134
4884
1703
3067
7131
408
2083
8500
9007
2379
9966
4341
6012
401
596
2695
958
7616
9240
1975
1758
2723
2440
7573
7189
7093
9490
661
6177
6239
8251
4402
5454
6833
5206
8816
1656
4394
1007
7773
1968
7737
9427
524
2615
6516
7091
2007
1748
1812
7760
2438
5749
5458
947
5437
5257
4767
508
5348
4277
7132
6415
6538
5913
5007
3405
4960
9451
2754
9997
3911
8069
7947
4422
5699
3022
2629
4214
2194
5179
6116
9075
1446
3630
6274
4301
278
8365
9387
2859
2033
8555
8088
7866
6660
1278
262
6078
881
1062
240
6197
9308
1224
4140
3700
9873
5679
8914
2934
2479
3054
5369
2551
9253
6809
5737
5823
7943
79
8189
2143
788
7777
9795
9550
6692
2480
2035
4677
84
4443
1549
3425
5077
6088
509
8317
3928
5373
3231
6009
2814
2213
8343
7606
588
4404
9608
4733
2525
5246
1947
3044
1839
5214
985
4850
8279
779
599
4825
7756
3221
8738
2602
300
7153
7712
7009
5181
6932
1035
6985
3529
5047
3989
8356
8105
9533
3849
8749
1523
1324
1429
4983
276
1480
9852
513
2548
4359
971
4780
1222
2950
1488
1859
2985
5767
2942
359
907
1905
6129
4487
4405
9183
4473
1407
6826
8412
9409
7345
3858
3016
5974
9489
1640
8578
9518
3493
4393
5218
5722
7695
941
9165
1083
6352
3621
6772
1657
1823
6532
928
4556
4039
8284
3636
707
4559
9805
4995
7337
4350
633
5509
5334
1629
9158
2200
8495
2021
3112
6477
6537
8456
44
9313
8006
5263
5951
632
8498
9496
4690
3000
5821
6235
5413
333
2011
5851
8010
9627
5385
1116
4588
968
7916
2476
4664
5560
1325
1735
6600
6696
9265
1070
2639
6701
6597
8641
9530
9580
1666
4128
4141
914
4587
7899
3720
249
4016
2521
2625
833
6259
2235
7004
6813
2037
8537
7818
2571
7104
4470
6237
8226
2063
7981
1008
4738
5193
6307
7867
9918
700
576
3202
9826
1737
6373
4345
6506
9708
5170
6495
1221
6302
9557
2345
693
426
2581
6753
8481
7127
2283
6862
1346
3810
6805
7563
6359
3848
1821
1979
7422
9018
3271
9996
6632
3782
1384
6219
6970
5967
1507
3708
5707
6457
2843
7325
7308
332
2729
2488
5972
5808
7513
4787
6332
5233
7554
1139
5910
7218
4917
4219
5897
5714
7277
4501
2766
8901
7380
9252
9092
8156
6515
157
7922
6466
3485
7745
9784
9374
9729
6838
2432
7087
7457
263
617
4774
3301
8429
4052
9271
4176
550
1803
2122
7674
2336
9736
6080
6512
5531
4335
6621
7830
9926
2210
834
2487
4347
5592
7086
7005
3189
3901
1540
1127
3938
8103
4287
3186
9013
665
7256
2279
6734
5487
3734
4013
6025
5353
9138
6170
9566
5727
6213
6314
204
4561
6248
8136
15
4599
9155
4136
3535
2006
6713
6796
8029
452
5907
1159
7060
5581
8225
1043
6622
2276
223
8492
5814
1402
1100
4813
8591
8055
4672
3608
421
1472
4657
2195
9396
3613
2167
1392
5728
5513
9104
1248
8242
7042
3295
7375
6613
7490
6914
2184
8362
6758
4955
3158
1022
9202
9152
4740
94
1653
7194
3241
1727
6358
9051
5646
9526
5491
9373
1073
4753
1572
7824
5535
2681
5244
4101
2125
6321
7831
7383
9274
8326
5498
3294
2398
7928
9516
731
6004
9144
1165
7856
466
7013
1811
9611
4464
4846
3173
2665
8309
3172
5460
5403
6201
3114
2220
5724
4537
1344
1495
5311
7697
3632
7136
8094
6508
9562
2563
9188
5173
2092
9227
2788
2489
1837
3165
8757
3247
2758
5978
8406
1961
5696
6744
9868
6605
6907
2779
8877
246
480
1749
1538
5464
3062
7118
9735
4554
7197
1207
9245
1234
2471
4781
6814
8619
3615
3981
9632
110
3733
2110
7778
134
5938
1186
4384
957
6194
3213
747
3225
7538
4985
4457
7701
324
1212
1497
9312
1875
610
4205
4461
2003
7177
4042
7603
3309
9258
7738
385
6098
8351
6810
7485
1894
594
8532
4607
6549
2463
3988
772
800
8372
2460
8147
6752
3781
5994
6150
8779
2431
6804
3275
9930
5318
9539
338
6496
6522
889
7420
5551
1649
3796
1555
8022
2352
4897
2732
1173
2096
1274
2903
5147
3601
5250
812
7145
3609
8361
6637
6204
7748
6808
9763
9760
9668
6421
1249
8621
458
7069
9587
4256
503
9541
5267
8741
7436
9157
8264
3163
8380
8542
9261
7892
3732
113
3320
696
8882
9225
8253
8138
4004
904
782
9945
397
51
6849
6793
5999
6293
7107
7523
4158
3757
8510
5367
3356
8379
213
3906
5895
5252
2561
9416
9879
6709
3954
5242
7527
2002
6915
6716
9132
5987
5492
6939
771
5127
6966
4944
897
3361
8751
2064
6072
9291
6558
4211
7468
6587
9624
2913
2421
7051
4143
716
1217
1513
7043
2956
8224
8994
7717
2208
8772
5238
2173
9422
8622
4486
666
9353
5371
975
6498
4489
8082
5221
3546
9040
7063
2212
1520
5943
2534
2866
2254
6517
1176
9466
8483
5414
3462
9991
3264
1069
232
3063
659
8904
6436
2418
937
1229
8843
7164
806
2240
1364
5834
7757
2775
4326
2589
3522
9156
5830
9636
7427
4182
7497
2039
8038
4398
8967
1058
5718
3759
3034
5533
5133
1464
1091
3105
1467
6275
7957
7720
8327
5321
9621
8161
9593
8323
5474
2060
4047
3766
3910
2578
2974
5659
1016
7313
2787
526
6757
3572
9438
8208
4183
7565
8790
8445
4637
850
620
1264
7787
3270
2474
3300
78
8117
7330
3400
4191
9690
3691
3773
2645
3961
6884
8084
7682
26
3790
3152
2271
5780
9031
6366
6751
6951
3020
1830
8065
2244
6467
6145
948
6825
3115
3580
2887
3266
7990
9244
5758
8607
1050
739
1297
8135
315
7604
4318
2070
6604
3192
3744
5623
1959
1724
4727
1996
1049
6654
6472
1997
92
3640
2080
255
4958
5021
9638
6909
4913
4999
169
1898
8954
4981
7766
3248
5445
102
2801
5292
5217
5916
9376
7456
5496
4844
5236
1564
7793
8335
3363
3141
6443
3513
5515
4569
821
9369
8968
8566
3931
5766
7377
5778
4647
1547
1984
1616
8259
8168
5202
2355
1378
5845
8440
7964
4230
5025
647
5005
9986
1401
8441
6303
621
5787
1017
3042
2061
8305
18
3695
112
264
6350
8855
2031
1835
7625
7529
1855
9357
5366
740
9257
8231
7039
5981
7257
2565
318
1646
9133
4729
7794
3634
1599
6733
3097
3406
2585
9154
6723
6635
6601
5627
8973
1496
7997
8767
9789
4282
2693
8857
8851
9194
5429
2124
9418
3878
6610
6906
7944
4529
2793
5211
4939
4679
6418
4146
3824
8770
5697
3024
3290
7770
8817
7506
1723
7711
2959
7407
3449
9393
3243
9618
2026
9577
8556
4471
391
3267
8058
1001
7316
627
4553
702
8604
4558
5983
7664
6941
8039
3327
1900
6341
3610
6207
6627
7942
903
2683
9196
7455
1283
6125
2794
5409
3299
9975
5102
6867
7903
7610
7696
7635
5546
5285
2405
58
4969
6434
9582
2483
311
190
5023
5030
2733
1334
239
2924
8656
2696
7686
6190
8140
5904
5583
9992
6182
6016
9025
165
4142
413
2093
8762
289
3710
6296
4547
4291
6119
60
8660
147
5941
4964
2905
7865
5725
3619
600
8776
2308
1117
8414
9931
5272
7392
9960
7495
5049
590
5715
6953
8014
2147
4869
5923
310
1316
9264
2156
546
5138
3879
7272
5871
1090
2499
8462
9514
7276
5677
8975
8859
3702
9295
2508
8733
7872
1170
4693
7561
3491
4824
3654
6801
3130
1332
3519
3839
2161
862
1558
3050
6607
1252
5614
9909
7689
5128
4323
4107
7319
7898
801
1986
3384
2120
194
8900
4987
7114
7594
3509
2623
1895
8000
4290
8452
9838
8198
1475
5245
1479
1458
1342
4080
3440
6401
9961
3431
8668
2898
6345
4105
3693
6543
7417
3010
8996
7953
290
5315
1329
3382
2152
656
7996
775
9386
7752
8665
9130
6668
2354
6256
4132
5685
8297
3507
8360
8043
420
8866
6732
89
35
9537
9162
6236
4311
8871
8609
2583
4747
4116
7025
9869
1610
6948
6929
8298
6389
3540
7376
3521
3421
5248
7999
9822
2757
4247
7226
4582
5291
4220
1284
5050
4263
7244
7879
8037
3843
2852
6349
4656
873
7012
7183
7562
6441
5345
6172
1618
8812
8454
5418
7801
9036
5419
742
9292
5324
7812
8603
6446
8125
9077
1019
1187
3924
9314
9800
8530
4490
2547
8426
4942
4816
77
7312
3799
2059
3559
2986
1757
5765
8032
5394
7963
9806
4400
7658
2972
7348
1805
6759
4628
7743
7614
2559
1869
4216
9640
602
3340
6631
8416
1140
3238
4028
2730
7044
3205
7571
1884
1197
2743
2397
4228
9480
5018
314
6868
2347
7322
1881
8036
8980
8554
3435
6380
1579
8993
3997
171
2816
6994
6878
7643
2239
6161
3100
1261
2579
2461
2047
1742
8545
4870
7075
8296
5763
3965
9067
6124
5346
6470
9094
1503
1606
3967
6866
2286
1556
8086
2569
7852
9307
4782
7233
3776
8463
612
3245
7265
8035
8788
919
3352
3612
4496
1389
4641
1386
8921
7444
129
3808
5075
2576
1789
1639
6603
8934
6354
8209
5986
5598
8629
5652
2203
3719
8300
8805
4863
5878
3292
8220
8666
5796
4483
8681
3160
4377
3689
1766
9798
7154
9614
1382
2222
7808
1137
5337
1609
3395
2661
5031
2807
2988
7769
8312
6841
8938
6770
785
6653
1923
7980
7956
3678
6056
3432
5453
7378
2459
6310
4462
9740
281
439
7295
9594
8418
3550
1536
410
5561
9432
953
1741
1359
2992
3876
16
4261
9246
7369
826
7894
2357
9596
5174
6602
5169
7156
7638
3551
7282
370
3015
9957
5573
1590
445
5575
5083
6588
3900
7900
6981
2034
8953
9195
8122
4726
2390
6869
3677
8214
8630
5101
3092
8090
6844
5885
9501
2280
5161
1114
9933
7286
2708
9652
1825
3841
4379
4719
8148
6874
3694
3095
7877
3629
3819
269
8054
8017
9645
1568
1679
1878
6272
3904
2510
7799
1112
2785
5530
542
5901
7590
2660
8390
9041
3059
382
5084
2259
3303
1098
3718
5066
6026
4088
7924
1163
2113
4541
2821
8802
4168
891
9458
3257
7350
1615
2704
934
8903
7810
2010
5003
3439
7493
9241
4362
6435
4986
3079
4119
1160
5087
8864
1018
7310
9634
8274
7361
4138
3182
3686
4864
