4950
7689
3490
5425
9612
5363
619
240
4941
6795
6819
1866
1125
7061
4228
5512
6332
489
6709
4773
5076
6395
3459
7991
9751
5125
521
5319
1265
8618
2433
7158
7659
1852
4766
5359
5642
1478
8157
7357
3873
2029
9857
2995
4719
7407
6246
4970
3597
9102
6695
8480
3164
620
5691
393
6723
7062
2090
8432
7603
905
5099
2595
6501
7528
1796
776
3845
1830
9790
2361
1368
4866
1428
8667
1738
9609
2860
664
9975
2804
2872
5231
3073
5609
921
7833
8962
1768
6958
1667
9188
9504
7216
4908
9248
3340
8033
4650
1827
3364
4367
5102
4709
9027
8616
8953
2388
2671
3477
5958
2629
4791
6482
5153
7265
8766
8256
7700
2328
168
9509
8218
1287
5041
1959
311
5328
7375
8951
5665
6869
3531
8
2039
3451
6494
8755
2221
1104
7569
8507
5327
158
6846
1433
310
1278
3469
1989
522
9175
4801
8987
9450
8075
554
4484
4033
4800
7978
1684
230
483
8414
904
1826
7377
2086
6037
6969
7867
6459
8189
8017
4575
9046
7027
3376
3405
6938
6203
1811
9838
9777
5710
5252
3491
5725
9910
569
8874
2272
6145
5636
1552
7276
7346
6596
6492
5930
4421
574
7334
6500
7038
4031
2896
2016
7708
5658
4173
5365
555
6616
8748
1255
1611
8225
1735
9376
4892
6834
777
6637
8584
3899
2639
5968
3046
4780
7273
3165
1799
817
7932
9018
9333
5940
4371
9546
7574
7925
6989
5966
5067
1164
5079
9961
6435
749
4149
5674
7169
2083
1922
1919
9811
5978
9674
4951
933
8473
9741
5995
5577
8398
2142
2578
7114
6924
5756
6012
4614
1776
656
4311
8499
4192
6016
3368
419
1006
4446
6986
6787
5210
2952
9520
2760
1522
6729
674
9828
7872
375
8947
9048
9966
9951
2601
2443
4216
9236
9196
7830
4896
2264
5947
3744
6437
7658
89
1221
9821
2429
7893
4653
9367
9106
6195
128
3582
6299
3389
1824
1034
2289
4700
8514
351
1798
7884
3586
2758
9779
2278
4510
1837
5290
5114
1732
6035
1022
525
917
9983
6963
9963
9909
9577
45
3593
431
3299
8194
4160
2653
4708
3171
8494
4890
8372
2201
4471
3615
2935
8188
4275
9011
3014
1365
7403
5086
624
5737
1370
6848
2031
847
4994
8769
5938
4911
15
2195
7318
9608
424
8065
3345
7617
9490
7967
6184
3150
6555
5189
3514
8606
8501
6575
7451
4752
8024
5972
3756
4154
2802
6706
645
8129
7804
4969
1744
9498
5801
4116
6235
1846
5047
2027
1961
4702
6554
8452
5882
3667
985
5026
1658
4004
4832
7337
143
5740
4860
4869
2286
8060
3041
5953
4798
2993
1253
6774
965
1127
5397
4583
4749
5726
2162
63
4865
8547
5685
2012
3316
3166
7034
1900
9501
5876
7749
4148
884
5479
1914
6542
7513
6892
6221
6793
3125
4453
5809
946
1408
3993
8076
5022
9460
3734
170
9414
8712
8193
509
6781
4863
3032
9220
1617
3770
5761
7762
6014
919
7678
5720
2037
9154
4942
3333
6119
4260
533
5279
6686
4337
8659
2924
9647
3975
3828
8334
9433
1980
4411
8318
6168
4988
5655
8379
6031
2468
7449
8964
8303
1135
8249
4400
1662
9294
6444
8560
5989
3628
1214
8977
7668
2834
5267
5177
3832
6212
5108
6086
1150
1430
4751
939
2747
1402
6894
8405
7527
676
3802
174
4240
2608
4853
5234
8020
3207
8597
6965
3325
2413
3566
4153
8891
5229
2204
6925
1501
9891
4452
9638
3858
8100
822
5911
3950
8320
1237
6387
893
6765
3583
2101
7215
9558
5857
58
2763
9918
1973
2889
1057
2817
7695
8777
5632
1001
4538
8001
6563
287
8401
2527
7844
4099
4677
4681
753
7856
5148
8081
9230
4601
155
202
2749
1848
7065
219
3297
4349
6919
4361
4756
141
6067
2494
4621
2003
9317
3738
5706
1652
346
7842
6236
4020
4293
3818
4599
2254
9305
6290
9431
2015
9436
7900
685
325
1983
7567
5905
6406
650
9927
9657
7953
1857
7794
5664
8771
3807
4797
5715
3208
3652
3962
9671
5529
182
866
6987
4174
1323
2918
9026
5287
2138
5516
5648
4047
4992
2181
6617
4659
1974
2597
6466
8778
583
3788
3648
4178
9383
9656
9033
1250
6109
2203
8286
4524
3002
9568
9465
8590
9372
6990
1011
1416
420
1234
4022
3079
7632
6240
7801
6366
888
9948
7620
3312
186
6725
6755
5486
8322
1236
1764
43
5883
7189
9488
5478
5158
6915
1033
5050
8959
8665
6983
7365
887
6485
5207
164
3886
3258
6079
7214
3650
1845
4521
7411
1950
8222
1885
3548
146
5597
7242
8209
3623
9076
2752
7820
6112
5238
5035
3707
6589
8920
3839
3086
331
1816
446
7094
4840
8377
8724
2448
7325
5481
2347
1332
4166
2681
8077
84
4087
8509
3142
5025
6615
5526
8422
5910
3240
9091
7641
8295
6832
5094
1467
3908
5709
5083
7643
4972
2828
5595
6754
6564
7696
2008
9226
1387
7667
3567
3295
1904
4843
9406
3518
9339
7541
394
7029
7994
8823
7022
7228
1868
992
3107
2954
1928
7107
4198
9107
5707
9458
8103
8004
8761
3012
1264
1218
4579
1860
8948
754
8747
5460
4136
6287
835
6230
3911
1190
2687
201
9645
3292
1563
108
3229
9511
2345
4669
7719
9208
4430
7101
5060
7970
3575
5357
4997
1468
8271
4015
3785
8742
6243
5453
9731
245
4030
4470
4623
8529
658
7446
9111
4346
29
1459
2133
305
3132
1209
2607
8425
8720
8653
4984
260
492
7673
8355
5312
2215
53
947
1896
4656
886
567
9774
5308
2880
7752
4759
8670
1908
4300
6854
4184
5107
5896
6070
9151
326
971
2822
8516
1844
3981
7079
9564
7546
2946
2841
1854
8936
3366
9482
6993
7300
6418
9808
2490
5862
9804
5941
608
3342
9285
6877
6578
5914
8954
6933
5540
9989
1376
2146
5831
6160
7684
8187
8419
7921
5306
9886
6152
5073
3733
4564
2666
9669
93
4851
5945
3318
8809
4379
3806
3924
5258
3148
4102
2898
7457
5509
6935
9728
1520
1480
5423
5151
6247
8165
4707
4591
5675
6204
3393
6113
7735
1637
8702
3608
4303
7083
83
5418
5713
1699
4570
3098
7225
821
1005
3833
6786
4823
4189
7224
5944
1003
8721
4962
8664
2455
23
1965
3329
3704
9937
7335
9599
568
2755
7035
5198
6929
5775
6630
9841
8029
3008
2482
5232
5794
3786
1926
2951
8520
3670
1129
3178
8787
3637
1713
3378
7049
2353
9544
4472
8940
702
5961
2619
9732
8015
7464
2963
2926
6583
7438
1986
297
2779
3945
5100
4142
3051
6905
3078
7217
7510
4140
2154
2723
2912
9991
7315
8220
3355
335
460
7309
2699
1785
4979
184
4110
3720
4715
6110
3468
9537
324
4277
8681
6288
9189
7602
4168
7730
340
9354
8775
3431
8009
8607
8319
7039
9746
2544
3480
4327
9945
9578
3743
5743
2914
927
8086
5863
6525
2463
3225
7420
4218
763
8819
7940
6044
263
8956
7548
6404
2239
4879
3855
8380
9601
4977
6053
3043
4062
9860
2296
7008
2694
4642
1691
3053
1903
3551
5695
7522
3555
8173
9283
5135
8154
5167
8424
6663
4914
547
7109
8453
3578
8604
2408
4064
4753
1655
1302
996
1976
4607
8239
4458
3463
6099
5016
9889
2809
5565
6669
5780
8341
5979
1446
3361
6205
1053
4804
166
8587
4754
5282
9399
7119
9206
1808
7096
6233
1831
500
814
3625
8089
5550
1030
1598
8666
4693
8804
4577
7277
30
7944
1477
9926
8762
2380
2409
9067
2248
8972
4884
3837
5531
5807
4108
3954
3354
2487
594
239
1196
7784
4075
9098
2561
9655
4008
8221
2623
472
6840
4883
5571
2231
6613
913
275
7496
8104
3998
9233
3422
9330
7918
3245
3383
9654
1024
5387
4627
4967
1720
1275
6477
7939
7258
1396
9815
8525
6445
8648
8323
8031
9946
6069
6161
9497
6984
1888
8589
7203
8945
1031
6285
3400
4440
6594
2798
706
8784
906
3559
6443
1731
2493
3617
463
7986
3594
7979
796
204
731
7862
3609
6259
8669
4901
9628
4278
5284
1935
2631
1479
9216
4125
6315
7733
2556
8535
5172
890
8969
5054
2325
6625
6249
3408
5218
5727
5280
1940
1346
6997
9892
1123
8998
8908
9933
1472
2693
7274
8539
5963
7356
7737
5383
6882
7204
5248
9061
6458
3821
8868
1422
551
7450
4352
5660
1632
1818
6691
6788
9217
752
9013
9618
2143
6876
8990
7142
4436
1518
911
1515
4712
3199
5246
8831
2095
2186
7665
2826
4330
9056
4746
2124
957
6694
372
306
4699
323
1758
4620
1619
9195
6960
356
750
2858
7456
9670
1049
5970
1064
2334
3388
6337
9996
76
8939
7353
7430
9865
902
6256
5447
6920
6194
5324
7268
6591
2017
1187
5101
681
1469
9535
9424
3112
9203
2512
268
708
6438
1496
490
3155
2640
952
2327
114
1559
8645
6306
5010
8642
3119
425
4838
1895
7655
7679
6727
2748
9087
2596
7968
3781
1977
6895
7517
352
2938
3334
2357
9962
9146
8716
97
2675
5502
7604
5783
9480
5212
1783
4195
4313
1705
1704
7687
3742
6356
7959
5024
1864
9214
132
578
8814
250
8400
7111
3797
6872
2249
5549
5474
4251
1401
8752
7400
1910
1631
1328
406
6621
2911
6413
9542
4792
3834
8824
3581
4730
6384
7471
2492
302
3709
7252
4385
7736
740
4340
4002
5115
5971
8690
7462
7308
9394
6179
7540
709
7848
1638
9155
4906
7635
3600
2720
9796
9092
6713
5214
2301
2829
4364
704
7606
9115
8462
3456
4649
661
7831
4394
8365
2318
8710
3172
1503
399
9689
4290
565
6209
8195
3866
6553
2786
2891
6646
8675
2837
4519
3276
6767
3745
2421
9390
3219
2167
9035
3190
2530
3328
2134
6728
5147
9589
5395
4294
9919
6456
5461
3907
9452
9539
289
4159
677
8558
2403
7874
6561
8679
3789
894
8646
3506
9977
646
1296
5490
2682
8459
7977
4409
4169
3453
4118
8055
4366
6321
4605
2887
181
2870
4222
4770
4975
3409
9775
7822
8719
117
6839
2620
4272
5955
7414
2059
5449
7088
430
381
3226
3711
4776
1969
232
8451
7059
9152
8651
602
8374
6962
7521
8184
1597
8830
6244
9572
572
2111
6345
2824
7907
7558
5314
6311
4306
119
795
7147
7354
6650
5440
2273
5614
8890
3929
1992
6992
9532
81
1096
7515
6736
4258
2376
8486
878
9335
8351
1566
8982
7184
9246
2962
1052
589
7288
7760
6598
5416
2317
7127
1263
2051
989
1708
8919
8130
2310
7703
7156
9722
3026
5894
2220
9813
5937
8099
471
1944
6724
3765
8772
3633
6914
7055
7105
7596
4117
9527
2903
4334
4748
7743
3241
8847
3045
332
9404
2109
9104
3717
6107
6950
5718
6365
3644
2707
5020
9271
8786
6041
8433
6081
480
6296
2306
3808
6642
4944
3854
9667
2002
5778
5803
5639
3290
6364
2120
3373
6791
9314
9693
7391
9025
1925
2725
98
1590
9352
6171
5146
2169
3423
2042
8376
8138
1807
4887
1254
975
2043
5569
8708
8845
7868
784
830
8042
2927
2692
4135
2791
5081
8970
2382
8025
2171
8364
9197
1525
1178
1078
6524
1109
1795
1397
9524
6066
9616
8827
2309
7765
8943
6116
2173
6446
6282
8571
6385
328
5884
2202
6823
765
2132
8034
8663
216
6411
9190
6344
613
8892
6506
4111
5728
7697
7355
5766
6838
545
4339
8244
7586
3948
320
494
1666
1588
9870
4465
4555
4537
4862
411
2419
7589
3461
1930
1719
2424
6333
6985
7116
301
3244
2715
2678
7988
2063
607
981
8151
8822
3000
1901
1527
8238
7060
1244
1710
7772
9428
1745
3811
6828
7957
6824
5412
9850
7642
6998
6487
6934
9456
7599
8556
6004
1215
6279
7634
4736
2899
7533
8393
4318
367
7855
449
5935
2599
7227
9500
640
7385
7595
1068
5931
3543
3753
7547
1358
4983
1139
6644
5249
3124
8922
3093
2177
8875
8120
1163
1450
9299
5399
8885
3896
8328
6342
1185
5185
3521
4556
2754
605
5759
1074
8097
9228
2213
1982
466
8794
4443
2038
179
3920
2885
7796
3542
4368
7849
8059
4345
2079
875
7587
7340
7748
7781
6932
4113
3034
7888
7135
7275
8212
3272
423
951
5033
2476
257
6569
3129
4124
3116
976
294
3943
9548
6584
6798
6581
6675
966
6863
3123
4897
4735
7664
5082
5613
8464
6280
598
9710
782
8399
9699
2679
2881
5528
3271
8881
3919
1307
8101
8674
2484
5511
1706
4231
8045
9131
2238
6884
4041
6909
9176
1779
3638
5241
3984
3510
9213
6661
4728
5455
3498
7002
7890
8902
4048
1814
9682
9430
1960
7843
8407
7208
3059
3464
4680
4550
391
6471
1394
694
973
854
6829
7194
350
3783
3677
678
1544
5371
2099
8448
5427
8210
6392
3840
2127
2726
7887
2702
4308
600
8056
2352
2781
5622
9613
9017
3235
1682
6602
925
7690
4464
1984
4910
1912
7448
3826
3696
8550
1560
9416
4128
5508
9165
3629
5396
3267
4433
2507
2862
9787
2417
3356
4498
7043
9904
8443
6050
8182
6770
3957
8306
6219
1066
3293
7739
1292
264
561
5477
4651
1142
7738
4961
9169
1672
7774
710
5311
8586
4933
6601
4268
9840
4923
2229
2689
8552
4324
4202
5260
1823
4387
4828
5573
2767
549
7501
3653
9073
9536
7058
6945
4600
1267
6464
5880
2370
8309
2153
96
1548
2452
679
6450
1180
6052
2996
7534
8197
127
1907
4802
9954
2540
1143
8311
8911
2398
9930
1417
6886
474
7523
4645
9085
7239
4661
4668
9012
8933
5819
5703
6054
9549
5398
9060
2073
7037
916
2835
2613
4850
9550
4743
984
1009
8816
2355
6972
4392
7406
9472
5830
6248
9476
475
8445
7348
1268
235
2230
5555
3675
4956
6741
7441
7310
1462
4530
9754
4488
1259
189
5999
1352
5824
9109
6478
4121
9533
1194
8264
2625
5376
8626
1452
6006
8280
1065
6946
7459
1997
2321
1047
6178
4181
6150
9049
3106
5154
2373
6746
5261
1272
1383
8342
4527
3937
2766
226
5326
5559
9008
2028
3529
2329
2529
3394
7956
9534
8944
8596
2519
2224
2172
5211
4839
4990
4663
2336
7299
4667
1094
1567
4587
3294
2981
8489
4129
8185
2126
1
4931
9968
546
6091
591
7487
1736
3947
4319
1893
9439
6666
8615
4144
9730
4423
3666
2369
5023
7660
8519
4724
6343
1378
7425
5213
4706
570
7648
1277
3239
5075
7928
5161
1633
896
7575
8272
75
9101
3286
9694
8572
1301
9070
7815
5527
9809
6065
853
7082
1297
464
2617
6761
5604
6744
8277
2232
686
1599
3412
6397
5377
337
2941
820
5518
6711
7237
997
8214
3558
102
6805
9738
4666
7600
571
2274
3715
5768
6752
2973
242
6210
7731
6612
6030
6076
271
1137
9080
7452
1121
8986
8035
6880
9958
2534
2861
7937
637
9614
1000
1644
5522
34
4021
9304
2294
6864
5772
2842
5606
4084
5062
8878
3094
8172
6748
1734
5925
9872
1504
1821
9646
5225
5851
8965
8619
9032
5329
9792
4417
8751
8930
5745
3007
4660
6731
6855
388
9201
6708
3526
9819
6121
8995
8788
4051
8610
880
6403
9243
8152
1512
3350
7160
2661
4019
2405
7166
7753
4733
6778
6587
2580
1668
2217
3933
1315
407
1629
5270
3694
8942
6266
1443
9427
4535
5977
3596
744
3177
2129
5
7858
2992
3508
1382
2588
2009
481
4672
7108
4682
7869
5003
5633
261
2108
8067
9309
1577
8557
8693
2691
9031
5092
8105
8689
1130
8711
6792
2414
7236
1103
129
544
1770
4438
1572
7529
1355
7144
3616
433
142
5496
6302
4499
9974
161
5272
5037
840
7711
5615
5331
274
6505
2532
8257
8071
6432
9037
6607
964
8682
2406
7969
6281
46
4793
9477
816
2118
5299
5038
8258
4254
7431
988
4152
2517
8040
1107
5421
6732
8196
9059
5298
3019
2662
9806
1659
3379
278
655
4097
7788
7351
5598
6018
3099
6688
3416
3898
6991
1276
3764
5236
1884
4481
7320
2713
4783
2573
3875
8030
4674
5871
2180
1850
5869
8983
5886
2114
9385
737
2910
5285
7886
9545
1251
3433
7808
6777
4013
1442
1730
6098
5355
8006
956
9238
6623
7797
6292
2552
321
1690
4276
6021
2919
3031
6465
8978
6528
2638
9854
255
6856
2404
5697
7342
2244
7941
4146
6039
2387
4569
5539
6108
7086
4285
2102
6656
5064
1622
4888
4172
4026
1489
1317
3324
8327
5165
6609
9598
7961
9494
9252
6511
5770
4557
7645
369
4894
1987
8628
6535
5464
3971
802
8423
1493
7500
1558
560
7828
7016
7675
9340
6096
7989
4503
6806
9479
8434
8900
6372
6101
9040
700
6692
3022
1464
8503
9346
8178
7495
1112
3497
3935
2557
3910
2825
121
9389
400
1018
6388
3437
7854
7692
9125
8471
1856
7140
7264
6454
4261
2066
389
2635
2761
524
454
9081
5048
2677
7761
2816
7931
1118
241
5525
3880
2581
2061
4397
1947
5487
8110
86
715
2686
9308
1594
785
736
5950
5802
7846
9274
4104
1621
8915
8395
432
3889
236
9001
6361
8273
582
7261
133
1894
9624
532
7198
1231
7056
7519
2420
1553
4
3665
4844
6272
8131
9678
3058
910
4772
4617
7653
8385
4461
8528
5169
8599
134
3576
3635
7699
5361
4841
5364
7474
967
1060
8304
9342
3654
3619
137
1120
722
8080
4939
920
4643
4289
7409
960
1968
175
7566
1539
3728
5621
2724
8454
1913
5318
849
4595
3946
1247
9400
1177
7981
2807
7117
4475
1729
9471
8909
3261
8512
3563
8729
9515
4358
5856
9913
9042
6402
153
7629
6293
7240
6600
2508
7238
7590
4644
5096
478
4532
5530
106
6134
1353
6060
8717
7901
6455
5335
9726
8806
6082
9205
8285
322
4157
5736
2011
6878
5623
2282
759
7555
6377
4999
6629
4703
1541
585
6264
2054
3308
9446
4581
7612
2349
5274
3851
4968
3708
775
4325
3057
6796
1314
7585
638
6685
610
3525
3319
7562
7075
9277
1505
6005
6460
9753
9148
3939
3772
1437
7371
6040
3360
9538
4877
6336
1220
8047
9224
3641
5053
4824
7656
5943
9925
3504
5678
2360
7476
6896
6449
5245
9967
8697
4734
7177
8573
4270
857
9365
9391
1063
312
4571
1546
1404
1084
8278
4815
3891
7795
211
9767
6301
563
3386
5378
2461
6314
395
4630
2165
5401
9802
4506
5897
2084
3656
7313
7618
9653
4858
3778
7650
7001
4035
4466
2799
5983
4782
3982
4613
2609
9888
6088
1423
196
4739
3570
9281
6188
2214
4918
8985
7146
2082
7584
6968
4789
4150
3347
2685
1788
1879
846
5438
4820
5865
5187
1842
618
229
5345
2097
6176
6143
3374
6369
9318
3036
3991
5018
7210
7778
4811
707
4612
177
4079
1834
6715
8796
9858
4855
8798
6325
4316
7378
9119
6867
1707
5798
7110
1453
3472
3512
1602
7864
5275
7218
520
5984
6739
5934
595
2006
5903
1293
2158
1088
5219
2846
7896
4057
1606
7579
936
9757
5808
3212
422
9110
8980
714
3174
292
9448
3878
9068
1425
9934
178
6046
2643
1863
5585
8166
398
5362
5825
7432
4718
2531
6452
3790
4694
4834
8330
2988
5382
1246
7582
6710
9631
371
9763
4404
5174
4744
6674
9415
7769
7850
2957
4760
6857
2218
653
5915
8134
6738
4767
8091
9944
5773
733
4807
9079
5506
8767
7919
7680
883
7009
3137
5596
7024
7713
4042
3141
8684
6550
8078
4870
327
21
6300
9347
8058
2604
7810
6779
812
4329
7386
889
3317
7033
2481
4292
4369
6801
1523
535
4282
362
9992
5134
2458
2151
5927
7324
2773
3091
8305
247
353
5758
8316
7199
5113
4143
959
8927
5105
3
1138
8733
5702
4250
8776
6745
8228
1144
4094
4314
6389
641
6926
410
2753
3429
633
1197
8207
2311
3607
3532
3538
767
3189
9965
3410
6483
1753
2991
8624
5435
1725
7802
3478
8591
2967
2035
7419
5873
185
8159
6906
9009
738
4269
4086
3679
7280
7835
3618
5548
2504
1519
8087
6597
7332
9817
7124
3574
4206
7011
5541
9517
2182
8041
7066
1492
1990
7254
5354
9468
779
7481
2488
4684
1381
8383
728
4331
9408
6173
9142
4559
1728
8873
5351
3287
8479
9847
9605
7817
9725
2128
1750
6250
9103
7806
7640
7681
2764
7397
2354
9229
5350
3805
8262
8112
5844
9052
5828
281
9666
151
3505
8199
7473
7349
5567
7361
758
3180
157
8963
3938
8338
9082
2241
2772
6170
8321
9705
3415
850
7223
1195
9617
2998
169
9268
6652
2378
3420
7571
7615
4383
7188
6078
3126
4717
9095
7626
5042
3546
914
3751
2971
5553
7543
9717
4046
87
9786
5027
4343
4492
7686
445
6936
729
2925
1536
2271
303
2770
7123
6214
1828
4066
7824
6092
6192
502
2778
9421
3320
2140
2949
3011
4982
378
7710
7221
9979
8241
9132
1285
7089
7755
977
33
150
8614
9714
4247
9158
8613
8461
3489
3441
1513
8332
742
8713
7840
3590
2987
3068
7341
8412
6714
8511
5188
9117
9570
6425
9709
7966
1243
6899
4572
9833
5985
2164
9324
3829
3627
3636
5741
9851
1825
6267
6434
9168
1767
176
7255
1410
5721
3397
828
5834
3259
1445
2524
9396
5310
7914
4462
6533
1179
9859
9139
9069
1384
94
8312
4479
4081
3417
7865
5199
4625
7652
4460
9837
270
6861
922
1294
1963
7490
2542
8337
7553
6639
6520
336
7115
339
4938
6502
7286
3205
7250
6803
5368
2797
4947
5563
5750
7444
9441
1946
2721
2199
7908
4629
3403
6118
6106
8353
1405
2795
9112
1175
7358
7814
1958
8161
4867
531
4964
2615
3231
1570
3672
5733
1421
5243
6733
3500
3438
3269
8126
8391
6512
3193
6223
2320
3162
1679
5467
6104
1878
6783
1964
4089
6102
5805
2974
2647
3522
8046
9687
7826
112
1140
5392
7751
2961
9516
5578
1650
1284
6693
5015
1333
8455
6507
5111
1299
1921
7103
6916
180
7694
2612
7654
2174
3047
5304
643
7813
1532
1153
7030
5537
2348
4626
9526
4778
1892
2383
4813
8259
3589
9673
3769
3238
9797
2886
8999
1379
8676
9641
9244
4875
3455
1392
6845
1648
4953
1348
9038
7859
3691
2696
9442
6472
8763
2175
2700
4305
5001
3228
5415
2733
3027
3169
8952
5370
7330
3534
4826
5618
7388
3307
4567
6961
8592
7133
1409
6599
3760
358
8826
8287
4080
3278
2094
3847
3719
1122
6539
2739
1516
5535
751
8657
9353
3816
6671
8381
3699
9124
9199
8699
1032
6808
8463
5967
734
3922
6979
7401
8447
5694
8313
770
3330
8958
5757
2566
6180
3458
2115
9721
6045
1161
7812
265
632
435
4701
2447
5932
8242
9258
4126
826
3217
5221
402
7045
4777
630
9871
5626
4664
2545
2900
8577
4091
5544
3688
4590
4895
4927
1687
5413
5996
2592
7392
6338
8581
5586
2944
5714
8524
4704
1669
6480
8274
6519
1013
4640
4726
6003
125
3846
9759
3515
9130
1869
2389
6362
4971
8049
4476
4413
8147
9222
3736
4162
9676
5888
5576
4847
1342
5206
9273
8782
6056
2005
2053
1115
7174
4414
1683
3978
2377
4384
9629
5505
1336
953
5194
387
8415
110
4531
7757
4056
4502
9302
1773
7317
3977
2591
9054
7945
9227
6814
6571
8593
9234
6075
1521
6908
1941
870
3541
5594
503
2874
1651
807
6648
6917
1095
7592
2668
2098
3668
7267
1724
5375
7023
6766
4976
8698
1083
8301
2618
4835
9071
3713
5845
4740
5488
1849
6641
9410
9361
1162
8811
5893
9590
7241
9126
3750
7171
8839
3382
5874
6614
427
7259
1584
1517
3020
3249
3054
3862
2789
4981
1780
6451
1354
8805
6900
2905
347
8002
8083
2893
6595
2130
8123
5317
7903
8359
829
8622
941
5570
8505
5303
7714
7556
6994
488
9265
8437
4723
5747
3049
1701
9475
171
4176
9863
1945
8894
6090
4637
3614
2438
1014
4929
9179
9555
2185
2621
5705
617
4501
9370
6089
9178
9123
7605
6198
2746
7972
6430
8602
4101
9917
3025
7050
4761
6499
6503
6068
8829
7097
9507
6169
404
8128
18
8886
3861
1290
7551
8692
7984
6217
5981
4816
3104
2548
3602
3823
2669
6190
6476
7195
2335
7443
6759
8887
3134
7811
8234
9264
200
5881
9528
7226
5277
9429
8660
7674
8726
4919
9957
3305
470
3994
8600
4156
9461
2630
668
5466
7099
6624
4536
8392
5137
9341
1089
3118
1838
7906
8993
5755
7186
6426
8314
4023
8160
1090
4342
5795
8074
9223
8420
4543
7389
7480
6885
1889
2865
8601
7345
9358
2750
5514
5850
7369
8037
3511
3223
5561
7165
6959
792
9782
4469
999
9393
8929
6871
539
9593
103
140
2611
4670
9053
6773
6660
4386
5193
349
2821
9423
2478
9143
4291
4103
6271
7841
845
7007
1918
980
9711
2775
3793
6097
2236
7894
8568
1015
1282
2785
526
7707
6794
2848
4213
3916
5787
5872
5699
6810
5656
88
6982
3926
7475
6830
3974
1337
27
2434
1792
1239
8483
7362
3385
2571
1557
4234
7508
8700
2147
3082
3470
9379
9906
163
4190
8923
7725
4426
47
5593
8245
3010
4359
3111
4408
2616
626
6376
5352
4509
8150
3089
7193
348
1407
3997
2628
1466
9554
9760
1212
5799
1485
3302
7405
1948
8549
3865
7408
2975
2308
596
9210
6131
1531
9122
9043
642
5817
1499
5704
3209
1665
3779
4455
4280
2904
9469
6469
5652
1872
511
5682
3639
3658
7437
8789
2315
5451
7560
8435
1062
5088
9615
3071
4486
3254
6509
8153
9020
5121
7382
948
6551
4279
8064
3159
5753
5162
2676
3398
7768
9739
4808
9336
6753
2703
8307
7506
5912
8515
4304
2636
1680
1663
9581
4078
4179
4688
3780
5647
8844
3749
7285
7975
1424
9781
7740
783
3606
5230
8961
6263
9260
1507
1173
8745
6557
377
7125
2206
5908
824
8292
2018
6873
159
7964
6939
2800
1568
6174
5068
1716
9955
3969
19
1085
3487
1058
9712
5021
2160
6517
8973
4673
5764
8050
4399
587
8848
5580
5419
5141
9633
7306
2122
9691
366
8598
9402
428
1235
4425
1329
2010
2055
2547
8117
885
1207
9263
386
3963
5485
5797
2714
6324
7350
8643
6029
3381
4241
276
912
4055
9941
9386
9310
4588
7999
514
468
7394
8216
8536
7520
1240
6862
8744
5004
3153
2632
9976
8526
1787
8935
6254
7380
540
3246
130
636
7622
4821
3798
5661
6057
1772
2152
8632
1038
3260
4598
6912
4697
2650
195
5244
8176
1616
5074
745
7524
5792
7402
3509
2943
5322
1994
898
5183
4134
1334
7461
9856
385
9747
2299
9084
6370
7453
712
9355
8396
4016
7883
6164
9388
3884
8495
3102
1938
6038
2806
1789
7080
4593
3188
657
173
774
4133
3067
4710
5247
3446
7304
6689
1953
7952
9295
8012
334
6327
7943
7489
5524
9755
413
6707
5348
123
1954
8931
5426
6043
8869
7197
9604
7892
5278
9928
2863
6211
7364
3995
4281
5085
4259
3568
4978
8340
3387
5012
7998
9503
5390
9575
307
4687
469
7793
4551
6457
5855
9899
7205
4333
6283
7532
7132
5716
120
7167
9855
5343
5560
8109
3727
5668
9784
2708
7750
8269
7741
6055
9752
8631
7982
7619
6182
4925
6120
7063
2242
2485
9551
1041
7809
7627
3338
8255
7
4882
6346
2050
9108
218
9606
7909
4431
6183
8906
794
9369
5030
6763
8336
2227
3754
9783
42
3547
2014
6603
6274
4880
6537
2731
7202
10
5142
3101
3454
1260
7613
1377
609
726
2136
3674
8108
6368
6907
1641
2622
723
1771
9259
9696
1160
4497
2698
4795
2768
2808
3092
304
9282
818
3868
4580
7336
4131
4603
6852
3005
2368
5442
7899
8735
8022
4628
4418
3968
5564
9163
3502
8430
3872
3817
7564
498
90
9771
9834
6604
4845
8329
365
3449
6355
3146
1890
7933
1126
6573
7861
7244
9138
8723
4565
962
9748
739
4224
4561
7352
8088
9793
6125
397
4936
4139
9077
6467
9241
5890
1911
3722
8917
2820
3371
8696
635
6635
1967
6789
5320
8224
3060
2505
6758
3544
6261
2562
7178
3598
6323
8158
5432
5644
477
434
3331
6410
1413
8859
4207
6544
6378
7230
4917
7554
1778
1043
8924
5833
7279
1623
188
6762
8704
3499
8913
1151
6576
4913
9773
1230
5434
6429
7372
4547
8534
4435
6085
4932
8910
4610
987
895
9015
1279
2738
1943
3794
3474
9677
9980
1817
3285
9836
9649
3812
7113
9844
4602
7917
2423
5408
2319
1681
9269
3309
2934
3842
3069
8883
7360
7081
2483
7993
7715
4191
1070
4920
6207
7344
9887
9735
9942
2211
5205
2947
6952
8817
3681
3201
6023
8595
5424
1739
3530
1010
436
5394
6735
4310
4814
7756
453
2921
9769
124
5181
5680
9118
5552
798
2663
2594
9366
2300
1628
9395
4122
8477
504
7591
5988
9235
246
932
7891
991
1858
8115
2441
1686
1363
5558
3224
1393
4317
5679
7054
8092
6673
3746
8000
3088
1810
7416
8007
8219
1664
2579
3227
5208
8671
6541
7631
3964
5612
4705
52
3323
131
2665
7418
5867
1627
57
5409
1045
1330
8472
1114
8490
6740
8946
1269
2246
2945
2614
3017
844
4050
9798
2515
3669
4145
4926
5579
7249
3942
1962
3492
1319
7270
3825
2878
6837
8928
9382
2894
9986
7298
4266
8608
6157
6167
7954
930
4049
9620
4696
6851
3029
4757
7436
9758
4940
1361
4165
2422
9266
5497
9679
2646
1124
1820
6059
3435
680
5157
1685
3173
4928
3314
3564
2551
7068
5629
9900
6572
5180
3335
1673
2276
3944
8411
813
1634
5503
1836
9814
8409
7898
4043
4227
2570
4873
8096
3967
1511
7819
1703
3960
5782
9971
8248
4553
3894
8368
9192
3852
7005
5000
72
5456
6024
6486
9626
8345
6631
5887
6771
9113
3255
9345
5333
9566
3622
842
2425
2575
3540
649
901
254
4237
2827
3168
414
8727
876
3447
861
3230
8051
7293
64
3144
8260
1711
579
4517
2288
12
1344
5439
3850
6144
3970
4900
5458
1300
9034
2936
3726
8118
6966
8281
6700
800
6964
682
3554
4419
528
9435
291
9762
3352
35
523
9156
9255
1388
3483
7482
8770
7568
5669
5097
7181
6860
1357
9292
1216
6013
6655
6881
5145
5106
3332
9513
1168
6977
9368
8404
4377
1249
7807
209
7545
2727
5657
9377
8481
2104
9805
3587
8373
2744
4716
9425
8243
484
8082
4378
5853
9010
1649
7946
2680
9611
2497
9938
9812
1972
6999
9727
4606
1210
3913
8213
8208
9878
2397
2358
8678
9956
100
3513
4298
8849
8346
9800
7363
9702
6136
9652
4415
6424
5752
9120
8167
5892
3200
80
3473
8482
5507
1689
5255
8032
1805
1213
6002
1607
6231
2536
214
9329
2845
9523
4301
747
5859
8518
1529
448
6359
5336
3900
1692
8053
5864
5150
4054
8625
3336
5417
7552
6142
4217
4876
5179
1587
7417
9835
5877
5992
1283
8743
2135
3301
6742
1356
315
2291
3890
1851
73
1447
9135
5263
4554
6619
3322
2587
4403
4194
2150
2651
9254
1653
5002
856
9357
7460
4544
5289
7726
5749
1441
7028
2113
4930
5300
9964
6463
9661
9261
8540
4214
8027
9405
5459
8247
6027
5513
7911
8354
2559
5898
1620
6804
543
2890
5040
8202
6077
92
5933
317
8893
7478
2819
3892
4183
5582
8350
2275
1400
3762
6172
2395
2287
5899
4374
8855
9972
2261
9000
8502
1036
3827
1205
8975
599
7209
7290
944
5575
2265
2021
1576
4542
36
9703
3869
8169
9885
3197
8465
2777
17
8063
2634
3365
9874
1971
6488
2234
8559
7728
3377
4881
9843
6218
5723
2982
735
4546
152
4893
9256
7576
2716
7542
7608
6513
2428
4810
2046
5637
6258
363
8356
3183
5920
8672
4376
4001
1939
3186
9173
5982
50
5176
3775
7922
9565
908
1395
7504
3426
2541
8298
3730
373
1855
1102
6523
1020
6100
537
8468
8394
6588
6647
3701
5046
8899
978
5313
4380
7910
9640
1876
8362
1743
8836
8143
8171
860
9434
5373
1426
487
8523
7829
8268
1715
5589
3462
6020
9245
8039
4904
8647
8843
6072
6049
732
8521
1069
9075
9869
7294
4034
2110
5168
3657
5400
7985
4114
3083
6568
4946
9683
8168
3242
9191
1455
9987
1530
215
6526
7518
2331
8141
9116
2933
9319
2840
7100
719
7466
9663
780
5836
9607
3273
5666
7535
3421
4188
462
1134
6769
2771
1671
6312
7509
4662
4115
8808
4758
1793
2253
7260
476
2339
6817
9600
2026
7709
4996
7484
4137
8582
4597
2240
495
9832
3687
9826
4477
4861
6453
6582
9090
7057
721
6313
9432
9749
3782
3631
6475
2330
5847
803
286
741
507
924
7879
8446
6764
8491
1110
3496
3055
452
4288
863
5683
3204
3250
3343
2855
6844
3375
3100
313
4799
9083
7207
9356
6117
9349
1350
1812
9723
3300
9279
1915
2964
7927
8232
7433
834
7644
4205
3484
573
2116
6521
2283
3488
5338
5192
8656
9685
6508
1786
5767
7544
9024
2436
8668
1347
5171
2375
4147
1723
4249
3673
3747
3380
16
7873
8949
7072
165
5014
7904
9440
300
9543
2145
3282
6971
2586
248
6967
2805
3407
2007
2649
7759
4485
6820
5587
1874
1204
6531
8299
3128
2564
6684
5731
8369
1128
2131
7118
31
5191
8122
781
2843
3545
1149
3686
8860
7229
2751
3191
9484
2796
8164
8867
9920
4036
3485
644
6975
1657
4974
1614
7251
6339
1132
4038
995
3936
2871
6320
3109
4937
6668
6649
1761
7368
5381
118
2324
8673
7963
8968
5517
273
7393
7347
3257
4230
9824
1843
4441
4533
7145
6442
8793
2711
3357
1721
2965
3337
9002
4242
7479
2741
9861
4518
9587
6562
9531
9736
1924
7396
3835
3856
2513
9602
8517
3698
5913
2020
7102
2729
9275
5072
1154
2341
3495
3951
205
14
9700
7718
8413
4138
8250
3697
4722
4732
2498
9842
9508
1192
416
8371
3990
9720
695
2212
5964
5346
7505
3773
7269
3221
4434
7777
5006
5777
8984
6679
6704
8701
590
8820
8623
6670
5005
2740
9582
2078
3507
3265
7327
3716
8882
2705
60
6889
6028
3712
4528
20
1951
1524
104
3549
8227
6904
1582
666
1642
9820
1343
2411
2260
2734
7581
5848
412
7092
1222
296
8866
5266
2316
8390
8707
7671
903
1931
5494
2250
8192
1316
882
5109
5043
5403
1899
7067
3867
2756
9902
1604
8991
1794
848
1119
3482
8709
9995
5739
6903
6245
3353
2495
5437
7704
4255
2223
7017
8575
9662
6295
3620
8010
5533
3771
6351
2503
968
1227
2909
6461
3175
1819
4061
2983
1313
0
4248
9350
7139
1369
801
4619
3143
5654
9051
4167
9487
6326
8325
1966
3986
4582
8028
3266
5870
1335
6696
3370
5441
2884
3784
5640
2610
915
2072
9623
1537
2340
5380
5574
5215
1694
8551
7155
3700
6768
983
8688
5854
1436
6580
2500
717
1573
1071
7222
9895
5468
5987
6504
1021
8441
8740
9209
298
3263
4812
8388
9247
8230
576
6073
937
8113
1351
1476
3774
8801
5785
4338
603
7469
7573
616
8179
6470
6000
7219
1345
9457
4859
1882
198
900
7051
7845
5712
8960
9852
7381
9650
5672
9096
8203
6114
4478
9610
283
2567
8650
9795
7747
2491
1271
5045
7231
2684
4958
897
5762
3841
8838
8023
497
9519
2565
9249
4771
7398
8456
3961
8797
3135
5384
2435
4965
8904
2189
1270
4500
2659
2852
116
6405
3983
3706
9470
5269
7951
8612
553
4442
5990
1867
1048
1752
6547
5227
6815
1198
4093
8283
8818
243
634
5128
5774
9332
455
3655
5250
9597
8449
5951
1985
4450
3557
5779
8532
7987
6827
2170
2520
5643
3443
7404
4028
2123
4787
8387
8098
692
3110
3450
8484
1545
2864
4948
7129
5515
8363
9462
4029
1169
1391
8807
7064
344
4445
1398
7248
8149
4262
7012
1321
5126
9915
1320
6383
2137
9506
2333
9733
9378
5698
2210
2178
8175
7191
788
6305
345
9829
2268
6277
1508
9348
105
9848
8834
8705
2850
3465
7170
8861
9596
2307
4949
9291
4017
3493
8431
4539
2418
3085
9719
162
6242
3182
3992
1113
2879
4794
6859
3348
7455
1156
5800
2088
5469
2245
1540
5928
3752
5078
934
4052
6400
2453
5222
2077
4809
3486
1937
9184
7367
4511
2674
7775
3280
1470
7531
2259
2836
9006
9651
8026
6093
8416
4891
6468
6640
7539
1055
2292
451
5837
8467
1891
5748
2818
4119
4903
7525
804
3161
9137
383
5051
6011
4790
9337
6843
6026
3536
8326
8156
2337
9567
3741
3038
1605
213
6996
9016
7621
6448
2096
8634
9315
3849
6702
8661
592
2854
4065
1145
1306
8654
3917
3430
6363
1172
3306
3303
252
6743
4229
62
891
3830
806
4299
3659
4698
8145
6585
8611
5228
1131
5203
6441
5055
7493
207
1291
5627
7311
5039
7266
7526
9988
7319
9418
2019
1136
9569
5374
299
6545
6130
3800
9401
769
869
1535
724
6137
9998
9140
4365
9412
8124
2937
8223
2811
6415
8732
8352
8812
9055
4805
2994
1016
756
837
9211
2148
1326
2582
2814
4382
6726
6009
1596
2626
7637
5673
3921
9147
279
9912
8406
8937
8790
3931
6747
6241
6186
6522
7185
9845
5276
3693
6154
154
8488
2359
8360
2342
5428
6350
8132
7786
628
4957
1625
7990
6887
1927
231
541
5013
6298
1105
9903
4909
6626
4959
851
881
1389
2222
9134
1481
1360
1932
6447
1067
9485
4201
9876
9794
6797
4568
8531
442
5032
7771
8825
8375
9688
8144
718
5393
7565
2228
2787
4007
3152
1155
3634
8553
5568
2047
5581
1091
3035
6628
4027
3213
5330
40
9323
508
7020
9183
5790
8142
3444
3028
8072
9293
2464
3121
3516
8694
5271
7164
8813
3439
7176
6491
7316
277
3923
1159
3792
3972
9621
755
1419
2776
5926
9443
9495
2528
6034
5619
5918
6462
7992
2190
5259
7074
5602
7974
6396
7439
3214
8522
3042
8478
9177
7683
8815
5491
6690
6278
172
2191
138
4468
7465
2105
7483
1228
8044
3649
1331
1726
7702
8862
4526
3725
2883
5734
5965
7538
3114
2572
5325
6548
9301
5917
6893
793
7070
6275
6
1483
267
8649
6559
1475
9445
6532
9890
6953
2683
4232
2745
6799
9193
6716
3539
1543
4312
6427
4058
5104
5139
1813
4220
3367
6360
3145
6927
3572
4750
6185
2704
8728
9742
9603
5452
9257
5500
8343
8297
7557
6718
4072
1640
558
8444
5163
8555
5650
1592
8293
8186
519
4163
1420
3001
2932
815
8997
8397
2197
8439
6202
9334
4164
9970
3372
3601
7301
1777
192
5858
5353
6074
7960
2076
7190
940
5860
3105
4185
1847
5495
825
3729
2645
3643
2658
5404
343
6875
6371
1751
4885
1542
2187
698
6257
4796
2603
9074
3206
2803
6683
1429
4204
1082
392
7046
2379
7151
6831
7091
6995
9911
8085
1491
6610
5152
8916
6393
1608
8725
7104
9128
1509
7413
8703
3351
2068
8382
1327
3064
9374
3080
4297
4170
1746
99
447
4830
7233
6229
4040
2948
9643
2897
6251
2972
5463
6883
1674
3304
4541
3695
1380
7128
9086
7085
228
958
1232
9455
3791
5730
5347
1698
7923
7996
4457
6252
4829
5813
1936
208
1117
3626
2701
1639
4328
9407
3925
2930
9045
7253
9276
5588
8578
6177
2144
5501
4323
9072
5991
5240
1647
6474
6297
3949
9648
2
3859
639
1415
990
6850
491
9267
3072
2305
1037
6807
760
577
2263
3283
9953
8487
7078
5601
3565
4083
647
2431
4980
5305
4388
3595
9489
1595
2367
2868
7729
1184
4123
1412
9737
3476
9849
4833
1759
6322
3956
1219
2833
2875
7995
2149
7179
3810
7669
8133
7816
1760
9066
2876
6414
2794
5554
6341
5470
4351
6518
3349
6826
6175
4347
9194
3569
2780
7889
5653
2454
949
38
6579
9556
9005
6375
9078
9707
6757
2555
9789
3905
3599
611
9622
9300
7090
8810
4849
1039
943
5954
5410
3645
4393
942
3877
2901
148
1281
2045
4175
8116
720
6412
6473
8136
2958
3139
2535
6800
2052
1806
2660
61
867
5520
3689
5923
4429
6007
7789
7013
8856
6226
8457
4106
7292
7776
5519
2075
3663
4615
2258
8333
7559
8780
3965
5059
5164
3591
601
4727
9164
5939
9541
1978
3248
4357
295
8510
426
3087
2832
9584
4265
2969
7302
2025
550
5686
1675
3519
9288
473
9463
7983
6354
7860
3311
1791
5116
7137
4837
529
8687
4998
5291
8428
1438
1561
6048
8370
7333
4512
6273
1026
8988
9952
3048
5566
7742
5901
4370
7625
9635
7424
6515
223
4566
2255
4095
7134
3313
8783
4825
7723
7003
4005
458
253
9202
3819
5471
2444
6918
9512
4781
2445
1775
4025
1217
3270
2297
3759
7716
3603
1181
3914
9387
4852
7734
581
2717
4401
810
4212
374
1495
7549
506
1465
2831
9326
7006
8621
6497
156
5149
4690
2277
6061
2103
1434
4012
5866
799
6538
8652
2225
7915
3758
9716
1054
1740
5605
7399
8731
8229
8996
8714
2706
8864
5617
8421
5625
2783
1203
7754
7572
9580
6496
9571
6201
2058
8476
2915
5405
5556
4141
5624
6196
5590
5321
7213
2270
8635
7014
4074
1880
986
584
7491
4864
1311
5367
2788
627
9883
6423
4987
6291
3006
7758
8802
5223
1975
6367
1881
8884
9162
5952
7036
2637
2853
203
1905
1208
8226
7882
4522
5651
376
2033
6664
7997
3247
2851
7263
3467
3901
2757
3952
2056
1012
2895
972
8066
259
5254
4105
8658
3310
8408
7196
8833
2256
5058
7514
3194
6677
9625
6490
3122
8706
8897
6633
631
3864
437
4120
9591
1800
3588
9029
5388
909
8308
2486
4618
9364
2823
3610
862
3682
5091
3611
4389
8331
6536
1502
6942
113
9316
190
4098
1714
9474
7657
6166
8865
6310
6510
7717
5069
3647
4731
6103
4943
8191
3768
4548
1797
9997
6888
2356
7663
7594
8662
4747
6898
3154
3404
8254
7706
5112
2583
808
9303
3740
4390
4208
1643
5841
4775
6042
1111
9943
6546
9931
441
7935
1718
1008
9198
3612
6719
693
9022
2332
3863
5144
1431
3561
748
8739
4444
5523
8251
6051
974
28
5692
9750
4679
9362
4505
1310
1871
1201
2247
9816
8460
1498
1763
7563
7235
7503
234
7881
4857
7291
9218
7616
852
5077
7721
2396
5339
1514
9884
6645
6151
2605
6304
7136
8644
3181
8282
3138
3843
5645
6307
5676
3358
3815
7666
1952
1550
4819
9982
8976
6189
3103
1781
7597
3176
2314
4955
5776
5814
2950
9659
1600
8417
766
5422
3233
9375
4059
1364
8052
3831
2672
32
4420
2235
6988
4657
2762
85
6636
4611
6809
5635
4916
1580
4391
8722
7839
7947
2667
9278
5454
2065
8335
5224
6816
1004
2374
5265
2338
2917
224
1061
9960
220
1106
9483
7477
8263
4307
6329
3624
5186
7201
5810
417
1286
359
1079
8215
9713
7792
8588
8018
6565
4024
5611
2538
3702
6309
5708
3550
2041
7550
212
7284
8686
4634
5237
6874
5806
512
6234
5804
357
9097
6349
2410
191
5835
9718
8235
2472
69
5431
6836
5385
5446
651
9030
7583
6897
6001
3763
8127
3115
7885
4003
6879
4253
8901
4741
3281
3777
3466
6890
4295
3315
7936
4963
3222
9180
3289
1883
4769
5976
4177
4341
5155
3044
2394
8265
9381
4063
1897
3070
8768
9502
8574
1362
293
5216
629
9344
3535
6821
3362
1506
3731
1456
2196
4654
2193
3671
8107
6722
4689
5754
1835
2243
5646
6398
144
4508
4321
5483
9298
8253
9492
6260
8288
3503
3799
789
8367
1303
6676
7976
1636
501
3632
716
6682
8201
8317
1171
2125
4473
5297
8358
6334
9221
8236
4053
9499
8896
5065
7920
5546
2366
6956
5986
7192
7427
7672
6812
9553
4225
2004
2432
772
4090
8429
5462
838
669
8475
696
3056
3848
4037
5057
3966
3236
9898
588
5262
421
4073
5239
1769
4203
1257
77
6870
4616
8994
266
6802
4107
5340
2539
6379
3918
7018
5916
2281
1339
5182
409
5557
1991
2984
9058
1233
2736
6866
7307
6141
1833
7682
8302
4109
1371
6148
4945
5879
8545
7095
654
566
713
6289
4302
8912
7628
2518
1873
6409
9901
6775
5641
3117
8840
1439
9993
91
831
1670
7271
625
401
9867
6842
6833
2057
1042
8633
2194
2920
9734
1248
5751
8871
9185
2602
2501
221
4437
3009
4639
6567
2813
443
1574
6698
1211
1225
2303
6734
859
2718
5895
9181
8746
8636
1500
4010
4092
2730
9444
7913
364
5251
687
3662
7670
3930
9799
6197
3424
6643
1579
3844
4534
3757
4000
2502
4244
6911
7326
1245
2427
8832
8275
4652
5420
5547
4209
3562
3646
2156
3130
3958
5631
4624
621
2430
4952
2473
9062
3893
9449
2163
4647
6146
1399
4784
4082
7649
5429
1191
9922
790
8564
9493
5166
6780
9
4576
4210
8567
683
408
1189
8957
7847
6019
4552
536
9664
8315
4322
9697
4973
9788
7823
5123
5630
6891
1101
2093
9145
1955
1318
8344
7206
3887
450
1463
1717
8061
1152
6667
329
9486
9637
6033
4493
1017
8438
950
7376
8410
4655
5600
727
3685
9127
7421
1702
7384
5235
564
3237
4960
7004
1242
1697
8014
3232
2251
5960
5907
6439
1766
7693
5011
1733
907
8533
3571
2867
3959
2237
4060
8580
701
2081
2985
7412
3885
9153
8803
8500
6782
49
7297
699
5315
2511
8941
1551
8119
7458
3136
4243
5307
746
3277
2533
2022
705
4045
4685
3211
4856
4691
8640
2048
7322
8217
6132
3979
9729
9044
5044
3537
6495
7662
1305
6237
7467
7447
8730
7211
1147
3940
5936
5019
2416
8146
4161
6262
3684
5302
2590
3475
4737
244
5700
1448
4427
1909
1569
7283
3804
4112
1176
5217
945
7303
6868
5292
1165
9320
8576
6126
7374
7262
4886
4899
6949
2989
4921
5949
7440
2030
3903
4496
4515
2216
2722
4671
4774
8181
5875
5603
2916
1025
9594
6308
4836
6417
4513
3874
2106
2474
9807
4287
538
6940
9547
873
6721
1174
8800
2589
2913
4233
5281
5681
2644
8125
3580
1487
3253
5200
9141
1028
3076
5090
892
7232
7853
5294
5962
3113
6431
703
5389
1241
4158
8680
2205
1460
8974
6552
1458
3434
5173
9064
2940
8925
7041
9744
8339
1072
6025
7857
9251
6638
2847
5818
2656
7359
5029
809
928
4692
3344
8155
3640
7766
1116
6358
37
5922
542
926
3170
4356
6937
6493
612
6955
7180
1688
7980
4219
6220
7287
1660
6294
4646
5131
8013
4239
1549
4523
2346
2023
3814
1678
7685
9121
4487
1533
2439
9447
6122
6213
7724
6224
9133
8384
2183
2712
5443
2062
493
1613
2200
9215
7256
757
1578
6847
9994
9171
7153
4449
3989
9916
5489
3040
5117
1146
288
115
3471
5484
5592
8880
3904
9823
877
1737
6865
675
2450
8378
6270
9985
7154
8695
8781
6481
8637
1261
1188
9875
461
379
1406
6123
8324
3268
3252
6127
3776
3185
2381
9187
923
7821
3714
499
5670
5900
3023
2765
3592
9166
982
1166
24
1322
8594
6269
2922
4373
6156
9560
3215
9846
8691
139
1170
8926
9639
7701
2728
9467
6622
2902
7948
7031
1157
5763
6215
8785
1906
1565
9586
1749
9270
5209
4256
9105
1676
1841
59
4562
7161
5499
8737
9373
7712
7159
5538
1474
7934
5063
1790
7379
3642
8291
2793
935
2560
4989
6015
787
1782
8266
1411
841
7463
5616
2978
5391
1556
3369
7257
4344
518
8759
415
2226
6416
9540
2074
6654
8504
9287
3953
2442
7010
7611
2475
1970
662
5202
1288
9100
3457
56
1223
8019
1762
8979
5201
2371
5946
9478
7173
1262
1374
2209
8967
530
5052
5534
5649
8347
1581
8135
1359
5084
6286
4742
3560
7157
9574
9791
5295
6978
4085
9280
6957
7395
9514
2176
7323
9724
7623
2326
3108
1077
5498
2426
2459
3414
5812
9990
4578
5839
5687
6849
8094
8418
1709
1601
1585
4954
7744
1898
2184
6760
6530
1875
4631
2839
8296
5283
5696
4398
2067
9642
3127
684
9466
2593
8003
4818
672
109
3577
1484
3065
5688
6391
515
1929
864
6255
3192
9908
6825
6822
44
4309
4456
1995
2344
1865
1325
1920
1996
7415
7434
9825
3660
5610
4236
9675
5842
3517
4594
4348
2873
5532
5337
249
8180
4405
6080
2469
2976
6712
4596
6954
6163
3533
5493
918
4459
5017
8981
7126
5956
1832
5690
2384
3501
2168
5662
4641
8485
2563
1229
4584
8562
54
7647
557
4070
1610
1451
9668
7732
6382
1591
6225
5342
251
3151
1802
6784
187
7152
5061
9262
3690
5826
7507
7112
2323
652
66
3448
9212
9686
1615
8758
7598
2489
5765
2960
7511
4350
7965
823
2856
6605
879
7470
5369
4018
3195
3928
6944
3860
6139
4221
8570
1224
6858
440
5994
6036
1870
5159
1051
3661
4912
3284
8497
2569
485
8579
8170
2312
9242
6570
11
6931
8361
9897
690
4451
9660
4182
7295
3157
7537
9818
6484
7122
9698
3718
8246
3052
688
3187
199
9864
833
2322
2509
2456
1829
101
7025
970
5583
5093
7021
899
6436
6208
8206
8754
1295
7767
5878
5386
5584
2697
7705
8898
8538
9868
4273
4077
5638
2970
1273
7646
3004
1080
2040
2735
7272
2790
3813
2100
5268
7053
9880
1494
3882
5098
390
1373
256
7785
1934
7938
5316
3876
5056
3081
318
3881
6549
2923
3210
7426
1575
7329
4448
2393
7851
2302
5301
8190
5220
5349
4372
9923
6386
9225
3411
8888
1886
4755
8440
7026
2654
5124
9521
5089
8569
6943
7143
6980
3216
6750
3326
6010
5066
444
6222
4516
8837
7876
1148
8799
3909
4286
5160
1338
3996
3033
7106
5009
8038
7677
9231
6627
4489
9853
8792
4495
778
3346
5293
396
9704
5143
9969
210
6357
5789
2362
9451
1626
3419
5358
7676
9743
9978
5080
5545
8765
5717
2673
9894
8736
9473
1809
1403
1609
3523
931
4474
5722
9866
8458
2997
3018
2161
4215
5909
2510
6947
6191
9160
2364
1917
2942
5473
2155
7131
7019
95
4067
6206
1482
6058
8563
4396
5445
237
4171
8068
6701
6064
1861
9914
5472
227
9157
6516
3160
8095
4155
4274
8835
9144
6399
2688
2363
41
9630
3871
5781
2549
6232
7069
2968
9766
5190
258
8955
5959
7825
5356
811
9204
4638
4226
9360
2064
78
2568
3985
4589
1158
2598
6162
2642
4011
9384
6094
4296
9422
5969
7472
593
5184
4454
7162
8530
467
3084
3039
9557
8992
3683
4633
7435
6948
9286
2412
3075
4695
4199
6705
2690
6618
3737
7015
2219
5433
4779
6216
4422
5974
8756
4424
8426
6419
1981
7577
4283
2085
5861
5175
7763
2477
2908
3915
4874
8718
9159
9634
4032
7246
5921
9877
1916
7282
342
3836
9530
8402
8639
8850
5929
6577
2192
3234
459
4238
6913
2506
4406
1035
7661
2774
9050
3133
2516
9658
6737
797
4817
8921
2117
4320
4966
6606
222
1998
3579
8021
2266
938
314
7638
2759
1097
5599
2953
2980
9619
5904
1727
606
8137
7609
6348
4412
3879
1583
762
1367
2577
5132
4196
1784
9014
7516
3037
6062
2882
3147
160
3390
3298
6790
3418
4187
1547
6973
7243
6331
2525
4934
9437
9250
2600
8357
5742
7770
665
7314
282
1635
7042
8386
2402
4764
615
2471
5273
4585
8773
5689
3131
8918
3158
9413
6268
1756
4211
7877
5620
6665
9028
6318
1133
9768
3202
9831
9690
8284
4806
1046
2526
7497
5840
6276
1862
7387
9518
8139
9695
2280
1747
9562
3980
2449
1252
743
6159
5572
8853
225
9984
6352
5542
773
8090
9426
5760
7032
136
4363
3585
8276
5827
7200
6140
6335
7098
648
6340
2141
3296
1073
827
9644
7486
7343
9879
1340
7852
8140
6328
5659
4683
2460
7773
1757
9882
3739
2365
2466
2313
2290
1722
2000
4336
5256
5118
3030
9708
8114
4395
4574
4381
4905
4725
7410
8498
1804
2514
3735
771
8048
6608
8548
6751
2986
2139
5034
1086
2069
9801
7791
5980
9371
7494
8102
1385
671
6408
3097
5133
2543
7902
1957
284
5450
2121
2709
2742
1050
9321
3556
5492
5663
5253
9862
8764
6330
8162
6153
3050
1238
4993
8863
308
5919
5334
8233
9803
6380
2546
1562
2641
68
4827
1200
9093
3767
2670
3987
7561
149
1206
1056
3262
5993
5480
2939
5510
9561
725
1081
868
2849
3824
55
1612
233
4711
6303
285
3528
3090
5852
4529
4729
9023
7442
660
4986
5008
4076
1534
456
9397
2928
6381
5562
6922
5823
8542
8750
5820
9701
7651
1765
3705
5822
3988
1027
5607
6632
8237
290
3613
6593
3732
280
5406
4483
7924
3428
361
7971
4410
673
994
6697
8470
6401
1538
2624
147
6657
9765
9510
9627
1473
1933
8889
5296
4362
622
2087
5071
8084
1656
8989
7624
4407
3401
2284
4245
843
4151
7183
5543
7296
836
6284
1007
3927
457
2810
2769
2112
586
5786
9830
3384
1256
1742
4197
1457
6678
9237
6083
9343
6659
7187
5103
7468
7905
6680
9525
6756
2869
2304
5846
5475
3888
4353
1712
7445
2743
2024
1840
7630
8450
7691
7787
1092
2399
9398
9576
4335
2857
1280
8791
4785
8903
580
9522
2385
7614
1076
516
5264
6586
6703
5998
2574
1677
6730
7071
8211
7926
9297
6200
3341
439
51
9063
8846
5711
7044
9585
3120
3766
9780
8749
9745
6853
8774
3955
7578
9932
360
8270
5129
9459
5178
368
1099
6084
2295
4720
6514
9680
5735
8121
9129
2655
2657
4762
3140
1274
4315
8565
2415
135
183
7502
8907
6265
3932
3912
7422
4922
9893
65
969
1555
9573
2550
5007
4573
7339
5379
9935
2262
6187
604
5634
4514
2044
5119
7499
1510
6534
7570
527
3941
6479
4558
9740
8544
8389
6181
9772
382
9403
6590
7727
3432
9921
7148
2179
1942
2401
496
2089
8442
8294
8069
4586
8349
4355
7916
9873
2877
341
2407
2157
4995
5402
1988
2732
4360
5288
3479
1603
6071
9182
4560
3077
7000
5732
6147
217
2233
9595
5138
2906
5815
3664
9905
9065
1182
5457
5821
8914
1586
4132
7929
5551
3481
4675
548
5242
2252
1440
197
4193
4432
5130
7168
7234
1979
3445
3321
2462
5323
3016
1822
2386
2001
380
2107
7138
4252
7390
2554
7783
505
5902
6835
4326
4428
8474
9692
7212
1435
663
711
2553
6253
4014
7912
6970
355
3275
2198
4069
8677
3251
5784
5889
2293
272
9588
1630
26
9207
5411
3095
5628
1646
39
9232
6193
5430
3604
1801
8267
517
2267
1497
5120
6566
5843
9973
998
2499
6008
2188
4678
3883
865
9929
623
2999
6574
3156
3755
5465
9715
9940
1993
8603
5684
5738
2888
4186
8854
9200
9307
9785
2446
9351
8183
6928
8403
2269
9136
4447
5122
8779
9253
8617
1029
4889
7130
6433
6017
9088
3723
7950
8741
384
6063
6394
4648
6316
8905
330
6138
8630
7220
8738
3413
7536
5049
5521
8174
8205
8008
3425
786
2959
8872
1075
4463
9563
8757
8638
4257
1454
955
9672
8057
5233
2391
1324
5942
7141
7838
1774
4267
963
7076
8279
3999
4071
3527
2091
4765
7454
2859
954
5156
839
9776
2801
764
4636
4467
5070
8821
8496
2208
5140
9327
3339
3761
4676
262
1741
1372
562
761
4745
7150
5204
3460
9149
3820
2931
3630
7871
2537
1298
805
3838
3906
7798
8079
5796
5724
9505
438
691
6165
2652
689
8541
5948
6420
3703
4263
8938
3440
1444
1803
4665
2979
2279
8043
7720
2521
597
2627
559
25
4592
7580
7895
874
4902
1839
3203
3724
2695
6720
5031
5110
9959
338
858
7383
2844
6238
8546
1877
5832
5028
7048
9094
4039
9289
4006
111
1040
8895
3391
7121
5746
6129
4846
9306
5444
2585
3809
8561
3062
7722
929
6428
3902
7601
8857
3149
7149
9756
5701
8011
5341
8093
1044
9896
3452
2351
4549
7305
6111
6228
7498
1526
8950
9453
5127
1023
4622
5667
2633
8852
9219
4854
9881
7836
6155
6672
8062
6498
2467
9939
6540
405
4842
9924
9552
48
9322
9810
9559
2782
7093
2523
7423
7930
2392
5195
370
2470
4332
6353
3013
819
5816
2792
2372
3651
269
9170
70
9363
7338
4284
1624
8620
6976
6095
1193
7866
6347
9419
2929
7746
4504
832
5332
7880
1755
5811
8469
9420
1427
6651
5729
6390
9313
8605
3573
2119
1226
7428
3678
3494
8858
6032
7245
1956
2034
7077
1748
7120
6921
3024
3796
1700
8070
659
1308
1471
7366
4822
8513
9057
193
9417
1093
9380
7485
4788
670
6560
5482
167
2479
7745
3520
2866
8200
6749
7897
6422
1002
1902
9822
7172
4507
9949
4803
2496
3066
2977
9438
4609
7942
4721
556
2710
6543
67
6981
4494
6620
4608
5196
8851
5719
534
7052
8971
8436
7182
1490
1618
7593
6681
6373
9981
6317
7610
768
7837
8537
3857
1853
5407
1661
5838
5372
2032
5957
1693
6653
7321
1186
9770
3396
3524
4738
5087
2437
1564
5436
2071
9021
8683
8685
2830
4068
7949
5973
2480
3621
5769
3074
8493
6227
4096
6407
9764
6699
7530
5868
5309
6529
2606
9172
5591
6115
8111
7827
872
697
3218
6149
9706
206
1486
3264
2576
1098
9665
7636
3680
5791
8231
7175
2285
510
4009
486
9491
4088
3196
7607
3895
4200
9454
6556
3220
8289
8753
7278
9296
9632
3198
9496
5793
7512
9681
8148
1304
4604
7312
7047
9328
1488
3291
5891
8290
4480
8261
4402
6592
6687
1289
3584
1390
667
993
1100
4223
4768
7370
513
8760
465
6239
9947
4545
9311
9325
3973
7958
1059
3795
3605
4264
194
4044
1019
9239
1341
9167
8629
5829
7799
6611
4130
4924
2298
3363
9290
9284
8527
8054
8508
5975
7875
2457
552
8877
4868
8585
482
7488
4991
5448
6047
3279
6128
6489
5036
8715
9392
7289
8966
3787
9041
7764
8932
8300
6421
418
9950
309
9019
791
7633
7779
8828
3359
5170
1887
107
2451
5771
6658
8870
7870
8366
7834
1754
4235
5744
4375
9004
5849
6199
126
4632
7780
2719
6634
1949
8163
7073
3015
2343
8934
871
7698
5136
1312
1593
6135
22
4686
7429
3392
5476
1141
7492
238
7818
7973
479
2956
6662
1528
6785
122
3399
3552
7084
4915
7955
9464
1414
5197
2465
1386
13
7281
2070
2390
5693
8036
9039
2892
1696
9150
1309
8492
730
2558
2584
7803
2400
3748
3243
6105
3442
9907
6974
1202
2092
7247
354
7800
4491
8583
71
8842
3870
8609
5504
9007
2522
8198
6440
8627
9583
3179
3096
8876
9778
9411
4786
5788
8073
8841
3395
4246
4714
1366
8466
2257
4525
961
3288
9359
6717
3897
8106
1645
4520
2060
1432
4907
429
1461
4180
7331
3021
3427
9409
3167
9047
3803
6811
3710
82
9592
2990
6527
8252
3721
1815
4878
8204
1266
4898
6941
4635
1167
9331
319
8655
6910
6841
2036
1859
6772
2350
6087
6818
5677
6902
316
2648
403
4872
1923
9312
2080
7790
9099
9003
4127
9684
5536
6776
1375
9529
9036
2664
74
2907
1589
2955
5924
7782
8734
4416
1554
2166
3184
8427
9186
8005
8177
4831
7805
2812
6133
3274
3061
3256
1258
9839
3553
3327
5286
5671
855
4658
3163
4935
1654
1183
6374
1571
3822
979
614
2838
9999
4763
8506
9481
1418
5906
2815
5360
2737
2784
8879
6022
4482
1695
3003
8348
7328
9161
5608
6558
3063
2049
4271
2159
7863
3406
9272
4540
3692
6124
145
9827
5997
4490
9114
7878
3976
6813
5414
4848
6923
6930
7087
2013
4439
9240
2207
1087
4985
4354
6319
5257
9936
3402
7639
9761
3436
2966
333
9636
2440
7373
575
7832
8641
7688
4100
9174
8554
5366
6901
1449
7163
79
3853
7040
4871
3801
8310
4563
7962
5095
9089
6158
6951
1108
7588
3676
8795
8016
8240
9338
9579
3934
5344
5226
1199
8566
8543
4713
1999
5885
1349
