7095
3450
2974
2540
3447
8213
6117
2695
740
9351
9424
9618
3195
7700
697
6934
5523
5253
7624
7953
5681
7923
8153
6939
4308
6566
4613
157
2179
2228
7610
4953
4494
8832
9812
4410
7675
9655
3360
8635
1923
6447
6727
1954
9744
5954
4217
1909
4903
4436
1898
4025
8529
9029
1432
3923
5046
1604
3410
6693
5221
2347
227
3948
2206
4678
7555
2772
3834
1601
54
8911
6185
3939
1837
8672
2392
5792
4781
7341
3158
3210
8683
839
460
2106
570
534
5790
4799
8756
694
5676
4928
6068
6769
5210
5487
6671
2657
6973
4569
4862
655
773
6830
1933
3860
6877
2874
4313
7411
8747
4010
3689
2503
7926
4578
4796
7410
500
3004
9621
9270
6643
519
8959
7182
4028
2587
2166
6478
3664
9622
2852
8399
9018
7707
4182
7890
6851
2792
4326
7356
6432
2306
5718
9527
6310
2442
6004
7042
5482
771
4165
1946
5032
9866
5614
2019
318
2224
3098
4664
119
6700
8663
7696
8964
4392
9423
134
6905
9488
801
169
6468
2626
6781
4657
853
8325
4960
7996
6203
6395
9908
6416
9651
5320
6926
5010
5343
400
8074
1622
7463
5724
1825
7409
6823
3417
242
1196
456
9152
7434
7344
6062
3030
2531
7754
3001
3924
6856
3763
1588
5462
2326
4878
9321
7736
1603
2460
9603
5094
9163
63
8660
1161
5795
3527
1110
8259
1493
4473
4843
3791
9003
1456
4095
6766
3790
6355
9607
9713
7346
3208
3578
826
271
4197
2814
3831
6097
9129
6883
2724
5202
260
5172
2093
5218
7704
8263
7735
6875
3118
4110
1256
4490
1642
5898
2627
246
7882
38
7662
8942
7993
4772
2505
5631
3052
1249
2370
6915
2325
7456
1368
5420
1669
4232
3589
821
8733
595
2285
3463
4412
7025
7674
1458
1809
7255
8820
2064
2191
8498
4976
9829
7901
9077
1058
9985
5664
8731
2217
1516
9067
7266
3519
9512
3928
7861
6234
3066
5184
6423
3670
2411
1012
1178
474
163
1026
8468
8783
7254
9358
3382
9868
7841
8577
9765
5013
2246
5087
9771
6386
9836
3677
2464
5415
5785
6722
3408
4727
1443
8947
9145
7252
2899
7932
5509
4361
6072
1705
8185
6894
3077
7976
4478
1980
9800
8566
6459
7440
1412
3760
7094
7972
1341
4096
6611
8591
3898
3967
2318
3684
4235
4808
7164
3419
9752
7928
3475
8866
8512
7291
6504
7877
3630
7847
8888
7288
5577
1333
2729
1985
3336
3211
9601
2156
5645
1918
8581
2875
8192
3316
3271
293
7728
7693
6343
2340
9949
4766
5171
2738
8961
4443
5557
6937
2178
9553
7758
1039
5918
7679
2475
4189
6555
1834
956
3932
8850
3359
3094
3973
344
2200
405
2981
3885
7294
1371
9778
5076
6452
5516
3810
3328
8193
2892
5708
6809
1831
6702
312
9677
7813
3355
5255
8041
4507
3851
4789
7869
3113
4271
7195
2175
7171
5733
3021
2839
1078
5099
2714
4648
328
188
6632
5384
702
2584
9012
9011
9190
4387
8187
8451
2585
4356
2625
9240
5798
7583
9441
4080
2145
333
3782
182
8123
6474
1121
6932
1859
4
1404
101
2891
2000
1373
9823
8902
7991
7277
7153
3874
4721
3125
668
2427
5370
948
7116
2320
9816
4884
704
6756
22
2466
258
9176
3149
2415
4683
1964
8331
1199
2552
3665
3702
9966
3878
9335
5534
1463
2388
7518
6442
3839
1356
8656
5066
2654
2286
1054
6847
6286
5741
2256
6732
4993
4008
2960
4635
5312
3466
4646
2383
9626
8816
5979
5267
6935
2900
8540
9261
1766
5011
8219
5377
7534
9415
5858
8199
3037
2260
9290
829
3994
6283
3163
8706
8143
8220
7155
2982
6680
2895
398
2299
2052
978
2289
5521
37
9793
6373
654
728
9614
1910
4566
9830
7737
4540
7225
7321
5940
40
122
9367
237
5812
2889
4740
6020
1690
922
1502
2088
6297
9334
9155
4825
7895
3603
478
4604
6059
3935
4264
3403
8096
5672
3556
8675
8645
7699
6389
4594
4533
8791
7188
931
1739
3626
4423
2238
2781
880
5261
6108
4775
7834
1962
9628
3468
3698
505
2242
1135
9600
735
1241
2717
5232
4047
346
6448
9516
5194
3899
1206
8152
6422
1009
1561
2265
8803
9879
2943
674
9880
4206
7123
7698
2298
3633
5112
7070
5079
7021
6041
6857
3805
8398
9649
4275
4999
3785
8224
1566
1975
675
2243
3348
7032
2998
6529
5021
6313
2188
15
5379
8603
3105
9020
5279
7506
5923
1544
7550
4580
8875
5005
5259
6491
6093
9269
6113
9258
5776
8983
9988
7097
8839
6545
967
7587
5726
6514
67
9228
5808
1346
3755
9586
7189
7965
6539
7158
9627
878
6226
4538
4268
2205
3966
672
4000
1509
3714
9036
1513
89
5322
4970
6620
2640
7466
1875
6951
7306
3257
7701
3573
9187
9282
6492
1788
6194
587
1151
1246
3139
7170
7845
2593
141
8743
3324
6124
2806
1860
7790
2410
455
4129
9697
1815
1223
7961
9502
1380
9566
6829
9232
4760
9872
7726
3655
5699
2743
2152
2135
2362
9819
9134
1088
2096
4031
3421
5960
4272
4713
173
4832
183
1559
8817
1072
3764
6902
7973
3773
7613
2789
1462
5434
3460
8703
1852
9186
2651
482
8588
1563
3549
7899
5257
8099
7805
5942
8186
3745
6992
263
5451
3177
1381
3744
9421
4006
8517
8871
8917
4459
9149
7334
8081
1253
3039
7640
3783
7601
0
6530
758
6257
5555
1477
9902
3351
6908
2529
2390
5155
5093
3327
6229
4066
5890
7448
2647
6095
8792
8421
7802
1771
8578
8448
6815
9229
6385
5913
8770
3120
7999
7230
8308
8901
3045
4926
7676
2368
3492
7536
5227
7173
1948
3720
576
5277
3086
7673
7530
2676
4758
5151
3809
9210
9009
2880
2025
1086
6537
3157
4546
3294
5659
816
5770
5696
4530
8554
3059
2758
5615
3579
4952
8065
1350
2977
136
3712
7549
2867
8477
4947
1394
9951
1298
2319
8527
4374
5461
5354
1407
437
1096
6311
6481
9453
5048
99
3554
8395
9445
1965
8277
703
313
9298
5497
3941
7
810
1021
8819
1865
6364
2494
4244
7362
2477
6131
9313
3526
9304
7908
514
414
3314
3187
4835
7079
824
7060
8130
4015
2866
3739
2901
4955
4682
6135
2062
1702
7709
6112
966
7778
7584
2937
218
9661
6444
6380
1888
4328
3525
8204
9128
921
4693
1016
6578
1388
3953
894
9216
1678
1475
2498
6372
7391
9185
6936
5214
1192
9447
9907
4142
6309
2361
3607
4065
8651
3000
640
9027
625
2655
7808
8069
5833
5686
9138
6323
3981
8809
1002
6942
9474
4154
1562
5057
9437
5784
4185
3252
365
538
1049
1085
748
6349
9844
8375
8088
5108
276
7468
8824
3504
934
5537
9531
6342
1197
4577
2491
2524
2073
4660
8857
3126
3295
9719
9825
2250
1057
5518
4940
9989
2746
8831
8160
2968
9941
6838
3751
5899
2579
1382
6787
1871
4641
8772
3415
6063
5016
7997
9081
6413
7905
7174
7975
9179
4659
2831
883
4360
9487
9776
9943
3955
5229
953
1983
1838
2275
5039
7716
7513
995
9146
1037
1520
449
5166
5656
5488
809
5080
928
8627
3061
3038
3227
8670
2759
6341
4193
3787
4348
3606
5389
8725
8350
4369
5526
511
4368
7562
156
3174
7948
8332
3471
2129
1030
3323
267
1986
3697
2084
7705
1159
3320
3903
7690
4937
8291
2310
2227
4779
9537
6717
3826
3962
4891
7580
3280
4802
9963
2461
1584
2433
351
4021
2685
4985
5761
9482
5138
3464
3671
3398
789
6900
9154
7815
5124
1396
4027
6803
6593
7387
46
2861
2149
9455
6145
8876
9977
6184
8407
1810
4398
3833
175
8021
4756
2277
3691
8382
347
147
4910
6245
4969
6975
4829
372
7287
7265
6918
5464
1687
7200
8249
1727
1729
4059
4894
1323
4556
856
653
1982
3738
8753
1044
4311
2791
8258
8936
6780
9303
8238
8231
7629
8711
4488
6105
5564
9785
6250
2934
4777
6761
5495
5745
9528
7165
8059
2994
9944
1203
811
6464
3012
5675
9119
7950
1857
1486
8587
7903
3261
7885
4541
9182
8712
7480
9235
6091
7768
2608
7979
4248
8363
5608
5908
8727
9418
6631
4056
5206
5116
4814
9160
301
4038
7019
3431
5345
4145
9326
2882
3608
1352
8106
2766
9861
9838
1812
1165
1735
3685
5328
4128
8593
4753
3197
4619
7874
3802
9669
9344
9398
4854
8479
9265
2871
4385
4093
2391
4446
5613
9967
7160
6882
5994
5102
8003
1904
9916
8669
1399
1202
2813
4739
9283
8889
9662
764
2344
5769
9589
2757
8507
4596
5226
2115
7113
8506
4941
3786
4925
1793
7045
5337
1423
1059
7058
7048
6568
3413
4719
528
6480
3705
9350
7733
8480
2773
7581
4104
9506
8466
6338
2331
9432
6069
9139
1706
3019
5818
1070
4544
4238
7777
7743
9412
2026
3424
942
1225
8181
6260
5830
2682
716
153
1231
8519
5209
1489
2304
8526
17
4050
6164
1247
9897
8730
8471
8083
5242
6602
9911
228
2522
3011
8980
2270
9319
216
5591
4987
2808
5972
2643
5524
6161
1688
4637
6223
3863
554
9930
2572
8090
7199
5133
8740
6312
4323
8345
5077
9738
5179
5017
4019
4945
6047
5885
4260
3641
8349
4547
1217
4196
4357
7551
6580
7024
8525
5163
8368
6290
3051
2887
1839
687
1995
6969
9532
8604
5486
3141
5647
3811
9162
8288
9849
1607
8858
7884
352
2121
7915
6585
5533
9514
1987
3999
401
1751
6363
9473
4820
531
5654
7373
4517
2600
6065
5606
717
7090
5228
673
2358
2753
5148
9417
2636
8481
7881
4863
2024
5598
2420
7762
6929
5090
7725
7595
9469
601
3581
6729
8242
1558
9471
1483
1179
4118
4127
5687
4909
231
1531
5426
8290
1907
4822
5926
747
7507
2334
4929
9339
7433
7419
5474
8207
1540
4698
1808
4803
6437
7611
8198
9306
8616
317
6952
2099
3121
1617
3711
9495
2336
2080
205
9148
996
9723
2548
3511
5140
6060
3752
5653
862
6212
6526
2009
9577
7689
7825
6028
9320
9120
2252
8845
1319
371
1582
3368
7761
3840
3741
3305
5612
7242
6281
6683
5815
6744
8846
4169
4652
4351
7177
9064
1177
4409
8774
8379
8584
7924
5059
3388
3645
8067
9703
399
3071
9242
9642
8894
1883
4054
2046
6817
8696
3478
2158
1828
9927
4768
7262
8951
4849
5213
9180
6690
6668
3682
9069
9850
5548
9165
2904
8348
7477
7180
2119
8838
6662
3902
6834
3435
7720
5364
6048
6187
1872
7978
2918
7694
3616
6924
5401
8447
4589
7198
4295
2050
2210
1608
4342
2263
6490
7035
3454
2699
9094
4930
4621
389
6302
5824
8279
4496
1853
396
1636
6692
8454
7771
7023
8227
1248
1947
5353
6865
1598
7474
6365
1129
777
1792
3539
1560
3843
4980
3
1020
1063
4674
2218
4548
1627
4346
1866
7437
8422
5914
1887
4673
8878
2397
5422
6534
5544
8201
3239
9999
8033
9147
6758
1328
8732
7168
6616
2927
2189
194
9212
130
8550
6909
3093
1464
5559
8234
6000
9629
6317
9005
680
4209
8952
8233
3273
1240
418
8376
3103
7527
9867
9198
68
127
738
6512
5932
5478
3989
6546
3131
8482
8434
5376
5991
864
8685
6303
3027
1237
6845
6538
7377
3445
7563
8322
1956
3532
34
8849
390
9460
78
281
2706
6532
4117
8312
6612
1950
9368
4636
2042
5730
7055
3203
5074
2473
6685
6271
8813
2030
9047
3069
9657
848
9799
552
7091
1870
987
132
5265
6433
9389
8461
5575
36
7178
2221
7248
896
7548
6976
3925
7274
8996
3615
690
6923
7931
2635
7914
9191
2823
7453
8847
887
4975
41
448
1600
2841
6849
4524
6642
5669
423
2029
1065
3929
3240
3577
9024
8501
491
543
889
6008
9899
4948
911
3778
2532
3516
2053
5418
2641
2951
6205
4562
1254
7670
3188
2568
7773
2642
6763
3753
7336
9392
4024
8945
8374
1638
5372
5744
2341
3846
5845
1767
6531
28
5586
1148
8168
4663
9477
8232
6256
5893
6619
998
8734
7050
3088
1428
6405
8759
3056
2521
9349
5547
5220
4484
3414
8611
3806
6790
2992
4242
1114
6165
8538
251
3922
9409
2180
6441
6307
3060
6971
453
945
388
3232
9309
8335
9028
495
5666
2273
589
1306
9939
8686
5481
3469
5249
3420
2424
8569
2860
2380
7112
45
1650
4416
6305
6476
2639
8469
104
3821
3869
8487
4852
6933
3842
903
249
8179
9597
1844
6907
8311
9818
187
1481
4435
1658
266
52
9954
3563
872
6893
4151
5314
4933
259
6979
9376
6889
6605
8037
7302
4221
4100
832
506
4330
9048
669
4714
2426
1128
8087
2883
3050
7033
2938
4827
2403
342
8134
2661
1274
1876
11
2838
1424
7009
5371
7187
6517
3159
678
8294
4695
1841
8443
5297
9579
6753
9200
5919
3900
6198
4291
3169
9123
6411
8807
3569
4352
9150
4259
5843
150
7568
5332
9072
7141
1061
1968
7268
8976
9354
6980
4939
2114
9858
2955
9470
9000
7994
2986
5782
8324
7666
9355
3491
6686
8097
5159
6635
8019
6956
366
6950
2969
6207
8195
6506
226
786
4997
5082
3583
5658
6102
4071
7614
8779
5753
2276
6076
8522
6445
5394
1885
1213
2509
7365
8261
1518
2194
3194
6033
3342
7616
2500
6523
573
7043
387
6542
2058
9541
1108
7501
6583
2089
477
6622
3311
7243
3495
9782
6687
4492
2367
6242
8865
3557
3318
7418
3659
3947
745
1029
8806
6801
2596
8427
6646
377
9274
369
4752
7772
9217
2117
2213
7572
1796
3156
4389
408
3877
4439
6735
6025
3279
6571
8212
1107
9791
8282
3949
5290
871
619
9992
421
1317
2302
5630
5719
4292
9853
2827
3830
8626
9581
4959
417
7607
6714
3010
5413
3542
5983
1990
7114
2
3264
3609
9513
9766
7499
1799
9652
5299
9170
4716
4140
4774
211
5086
7741
9464
8722
6104
3729
6354
2259
7305
8428
9856
1154
8293
4456
9637
2843
8915
2668
3299
6316
9956
818
6777
2291
1710
849
9631
8510
7963
8098
118
3537
5142
1251
791
2416
616
5561
8585
2425
9192
6860
1295
3768
9166
2807
9842
7010
2311
8801
4174
8066
2417
9716
8797
649
9667
5327
4527
6725
9794
1383
1723
3800
734
2950
9617
2830
5924
7333
7331
9030
3552
2598
4486
5643
7292
4676
4210
3074
2988
4691
2649
9044
100
3416
7493
9678
7930
1403
7313
9869
8904
9961
6775
3824
6089
7098
2023
5650
1022
4944
2859
373
7853
6844
5710
9063
3225
9219
5859
7326
2468
9378
1218
6425
7011
4670
6982
8055
6533
6270
7626
443
1365
1976
3669
8974
9074
3508
6998
4966
2690
1018
3341
7479
4220
4147
1736
4310
5098
3599
5118
7832
9268
4302
636
2008
5023
5743
9446
4856
6994
4516
677
6488
1137
311
2784
4138
94
4611
8289
3602
8625
5448
5006
7582
3553
5250
4871
4523
7284
5605
2628
1532
9556
4495
441
2825
8899
2611
2085
8150
2907
7842
2399
8272
1470
8766
2404
9346
7683
6897
6003
1537
5170
4194
3499
1615
3520
8135
1120
3136
3629
7361
5752
2989
4755
5130
1529
7638
4489
2445
9430
4967
6991
1220
6519
9582
6225
3306
9450
8210
434
71
2736
3635
5861
5341
6333
1677
3919
7464
8969
4715
8682
2944
5366
8202
2683
7940
1200
8330
1573
7443
3706
1787
907
5974
4273
9598
9037
596
8608
2134
6167
7283
2834
5766
635
6458
321
7854
6179
7404
2610
1050
8979
7605
8859
4844
3008
1565
5145
8854
5698
4290
9500
310
1823
9159
3535
1349
7739
2435
9275
8700
2565
8623
8968
8014
1958
3854
7401
1994
5033
994
710
6696
8900
8870
8166
1715
8921
3817
7211
9663
1953
8955
4336
1188
5662
8042
7981
2197
7424
5417
627
3694
8613
700
4372
5125
2287
1168
1496
6384
7455
2163
9195
6972
1535
4074
6254
7221
2181
7769
9968
3290
5437
3303
4345
1164
3514
4754
4097
1709
5
1880
9724
4256
8010
6466
9996
4847
2395
2222
3379
430
404
7382
5025
2192
3046
851
5068
9982
2580
1094
7554
5829
544
7238
1277
5339
5601
9656
4278
4424
4090
1969
6629
5689
4430
4881
4460
6508
1068
5638
7594
4012
6614
4420
9523
7516
8812
7528
9679
7827
2482
3112
7460
7484
9289
6467
6121
5161
2322
7843
9590
6351
3596
7349
7347
6922
1955
9978
6772
3541
8054
9658
1930
2432
9133
1610
5600
5822
9691
479
881
6736
8717
7876
7569
6273
3562
4455
3287
5927
2308
1801
3412
2070
7866
3396
2751
5756
5515
4228
6855
493
1959
5508
842
9373
8309
5305
999
3687
547
9100
4996
1967
7639
85
1234
7500
4872
9045
9863
3439
1861
2248
557
3661
6947
4422
586
943
2957
5604
7894
8264
5910
2459
154
7430
4748
6499
298
2987
8562
2132
4202
4687
2092
8431
7417
6958
4223
8716
299
4033
2305
2328
7250
319
7988
8226
129
6318
3049
2111
5629
7450
4990
143
2400
3029
4086
971
7148
4014
5538
9935
5120
4788
6824
1221
6125
5189
4111
3631
5160
9639
4329
2659
6169
3765
7124
6122
5183
2139
7367
3115
6920
1691
9420
6872
2819
1984
5892
6917
4164
8007
4640
7368
428
2726
1446
5894
7081
3145
3528
4464
4023
4130
8084
6715
1386
5543
5436
3137
5113
5063
6078
9980
6719
6989
4379
1492
954
5985
5173
3540
4870
4325
4401
3917
7577
761
1745
3065
7406
7980
4462
8827
1438
2667
8698
5680
1926
2506
8463
3493
1972
2292
8855
8735
1321
6168
2650
8881
8606
8497
4413
8844
5595
2066
9698
4504
7703
7447
4483
7822
2555
5690
794
9958
4355
8385
6751
2011
9817
4565
9784
8932
2748
4364
9544
7006
6366
4949
59
9668
4317
4316
316
4415
9736
9706
7631
8744
1789
920
2824
1264
3841
178
3053
4032
93
5849
6708
7567
9157
2454
9140
8738
3106
1952
6955
4442
8563
2169
1297
3426
381
6843
8423
8836
5390
7658
3987
4139
2159
6613
3881
4973
742
2544
1334
5970
7004
7702
2005
1067
9570
6797
4240
9811
9870
5787
2770
2599
6269
8072
9619
7828
6383
1786
785
2467
9363
5131
393
5251
8908
6513
4692
4696
1075
1760
5934
8848
4629
3509
2719
611
8036
9554
6873
4655
4751
1613
13
4279
9934
3570
5040
6038
3182
2219
3736
804
1728
5573
323
2013
350
2212
3377
3858
3991
5886
799
8133
7412
9971
9341
2249
3148
4159
3780
9457
918
5262
1318
5239
5870
7714
232
5948
2571
915
4515
4469
1519
4043
6565
4332
7645
1287
3343
7591
2604
2785
4830
5905
802
3871
354
1814
4984
4148
4036
3083
6321
5095
1921
8941
9004
5053
9803
1874
7196
8167
2740
1879
3043
5325
1134
6625
9696
623
3870
8418
6473
1117
7223
6874
1402
29
5198
8043
8440
3551
2810
8035
8336
5709
274
3958
8139
8230
7327
3047
952
5714
303
1395
5952
429
5869
6960
3321
202
9021
2849
6762
5587
1326
7332
9411
3595
6705
8903
1547
6154
4892
8274
2530
2712
8890
4924
2896
3772
4787
1974
6656
8190
7868
8762
1219
2055
8061
2307
525
4905
4353
7589
1817
4513
2316
3129
715
7234
3614
8667
6158
3282
5287
9648
2890
1205
8108
435
9900
9456
4642
2976
3594
8450
2592
1494
1593
3448
754
2601
4266
1644
4610
462
6443
5302
2570
77
1510
8934
733
6928
3364
5939
8248
3827
2940
1449
4390
230
1186
6589
9286
3247
7056
489
8343
721
3964
1401
4497
5236
1864
9682
6961
8095
1673
5352
1336
2844
5891
8811
3983
1216
9168
7753
8494
9665
8639
9893
9061
2853
2893
6166
8491
1507
7800
3223
567
3940
4231
4005
1276
5510
8365
7107
2700
2155
9827
2057
349
4572
3289
7863
1080
8780
2946
2329
1338
9226
1155
2241
2067
6675
6299
189
4963
9280
767
2244
8265
3979
1076
4084
6155
7888
1897
5546
5310
5996
2160
5971
8347
5804
5739
8214
9387
7535
3566
2447
5963
7298
8956
4509
6895
5186
5596
1418
7939
4285
3926
8822
9031
3992
207
3036
2620
9644
6689
5440
5106
9875
6115
283
7271
3062
7018
9161
5196
1457
4757
7438
1867
81
7420
3363
8301
3175
7357
330
4608
1575
6146
9203
3344
3274
5065
4161
7934
1628
6996
3482
6799
1116
146
8080
6999
356
8457
5406
8412
5449
9137
7496
1906
2230
9342
1629
8654
9852
3681
5435
5027
6331
7623
4083
2921
2272
1524
8782
4600
5157
3266
2855
7599
6387
73
3234
2617
3391
1102
6861
7986
3353
9764
7849
7145
1441
5260
1624
3876
7251
3254
5840
42
8333
2622
47
8404
7039
6816
6654
6371
7202
2952
1210
1914
4417
8400
3920
9615
86
3380
6528
8209
1572
695
8047
4514
2450
7267
324
5981
8509
5165
9205
8372
4041
4338
7208
2208
7977
4115
3647
452
1585
8729
7713
8116
8315
6123
8414
2356
6319
9479
9882
3357
4386
2925
7207
5404
8241
7414
2771
8642
8896
7338
4363
8987
1726
5976
1034
1782
6765
2511
5029
9491
7085
8136
3971
9808
14
9839
8861
256
4599
5067
9175
1979
3461
6251
7111
9781
7712
7422
5091
5150
7026
2730
6628
2086
8636
2083
9806
7073
8750
3488
9920
2351
6610
5506
451
3162
6543
4749
6216
7692
2674
5483
2018
3016
1377
7749
3544
8393
2745
4167
2926
7374
1260
2525
8885
4553
2613
774
5135
3392
2906
5121
6153
5387
4813
7635
1747
3904
8724
4123
5284
2421
4073
2564
3185
3285
6516
2076
9584
7514
3985
5889
1307
1711
8154
5200
5392
4633
4552
5715
4855
6006
6174
3627
8354
4376
9505
2669
3329
3980
5192
8518
6329
1445
4961
7323
4607
1014
5455
2295
9594
3978
9835
5272
7264
9436
3231
3883
5453
1066
3128
2137
2828
4020
6808
7632
1668
1416
9647
659
1144
4806
2481
1485
9276
656
9511
8115
4531
2796
6230
1848
874
8868
9503
6839
8741
1816
2001
1053
7706
4773
568
4187
7407
3262
4394
375
4906
7261
4383
6886
3719
603
1649
3891
4463
2051
490
5847
5988
508
707
6114
6837
8520
4946
6579
8223
926
5851
3901
1471
5203
6098
2203
6407
6567
4883
9805
8552
9114
972
5617
7311
3667
112
8068
8992
3506
2931
8300
4900
9096
9078
3395
2928
8649
9507
4179
8972
574
8424
5627
5574
7937
3212
5396
2165
1891
1284
9822
9994
6549
1696
6500
1849
4003
7586
5296
4778
7319
4105
5292
7918
7314
2616
6049
9451
7844
9609
5884
5921
6820
7059
8684
2379
2118
1645
1740
5697
2684
932
4671
2508
5336
3868
315
7984
4153
3886
5075
9458
7731
4623
834
4526
7236
3349
7258
2606
2037
7398
5779
126
6294
9201
1641
4058
9091
8107
8124
3618
9774
6737
1761
5904
3747
9636
9465
2795
2959
5008
4968
9938
9397
1619
287
6232
2087
9680
5178
9555
6040
1813
8543
7475
9540
4175
1427
6243
8408
9984
1391
5127
7074
9730
8460
7106
9312
7641
6140
1421
8539
1233
4204
9158
1623
6336
3084
1609
1479
6482
5445
584
8814
4522
9962
9917
6228
2323
4839
8005
7916
9770
2851
7127
3968
8576
3452
74
3908
8361
9151
4639
5340
5132
2333
3337
1599
6255
9353
1586
6713
3067
5367
4875
8530
1367
2288
2274
5031
6133
1372
8486
97
2671
8561
3756
9616
2453
1742
2687
7579
1577
7439
8016
9777
607
7071
1348
790
5479
4564
2922
8127
4954
2702
5222
5303
7278
186
7100
7788
1798
6265
4491
4160
6163
9840
2556
973
1548
334
5721
4168
7557
8629
7472
1265
8203
9688
8464
9546
62
890
9638
4397
83
2247
7745
5866
617
5528
7561
4155
7068
5346
2607
2916
9440
870
3993
8496
9855
1684
609
1060
737
6222
9295
180
7269
2605
5678
4198
2201
1415
3588
4177
9019
9832
144
379
4286
6359
9701
1497
7316
6493
2877
498
9833
5814
2623
2854
2021
6218
4309
2209
3206
7121
8840
613
8405
6649
4730
1753
7216
5286
7774
5737
406
6426
6031
8171
2523
5060
3853
269
7350
6676
1266
3483
6898
1612
5580
5176
3319
8658
9624
8508
7721
8303
6259
6
6633
3757
8295
7273
308
641
5585
8251
8605
4528
8280
5022
4942
5594
6483
9126
9591
3361
5827
8256
1671
254
9076
937
3339
1991
5092
1138
5956
9922
8489
2595
8298
2309
1294
2797
1656
5323
416
836
1257
6340
7152
592
5034
4545
4505
6137
3548
7920
6043
4445
4171
6623
5207
5738
7829
5316
6378
426
7695
7213
9116
8057
631
6417
9022
9890
107
161
3637
6564
8147
8953
380
8634
6394
1899
4919
1420
8017
1478
5717
4550
6885
9957
7403
3725
3292
3035
2131
7197
4141
6941
7256
545
1569
1928
763
5750
2497
4438
105
3907
2054
7691
3207
7943
1190
6465
6240
5050
3007
7826
9478
1106
9256
1455
3031
795
8112
2566
3749
3857
7426
4681
8923
535
5796
7621
9910
6701
6208
844
4404
4668
699
4053
3018
2973
3597
5331
8064
1174
7376
3307
8485
4893
6141
3796
6080
6388
4126
7064
6268
2043
7576
3335
3298
8705
1830
8144
1779
5264
4116
4560
1017
2686
6638
6064
9172
546
7600
882
8342
8391
9641
4045
4916
7545
9251
5611
6202
6525
4616
5036
5602
9845
2480
6213
3845
8156
6953
3334
8237
2283
138
3888
9461
5356
1327
2321
6210
2254
7652
7836
4315
3381
8002
8392
1005
3513
4601
5685
7782
6634
4301
9434
6037
3221
4532
9301
3882
8631
108
4380
4121
4994
8341
2750
5204
7502
4427
7566
652
3406
5722
9359
2783
4475
9382
332
6368
9569
8500
766
857
2220
5592
8949
1156
8842
6759
2546
357
2198
2423
6369
9646
7179
8998
9294
7898
8157
8841
61
7596
7585
3140
8386
904
5729
8161
3856
7858
3769
2953
9188
1724
983
1363
2041
4879
562
7797
1717
7763
8011
6904
4889
2290
4454
8009
3933
781
2979
2353
5041
5539
5513
8388
2349
8691
7729
5897
3309
7483
5964
4044
1081
949
4880
4051
4358
8513
6959
8954
8390
2563
4184
6192
9740
362
683
5460
4800
4362
4783
167
6279
6352
6082
322
5431
6987
6103
2002
6406
4776
1522
2658
7995
5503
2458
3710
9948
272
4651
2733
7857
9328
4764
278
6694
6791
1366
114
4521
2382
466
5937
1795
6267
8364
9645
8473
2725
2923
5114
8833
7723
8039
1596
2763
3135
8244
8169
2761
5903
241
5679
8565
6997
6562
4689
6618
9903
2980
2990
9297
6944
2463
8995
6540
8299
7215
2541
9117
6282
5306
6563
3214
2015
2493
8433
2492
9173
7865
1660
3803
5490
6075
1551
9356
9946
6258
4349
2560
4762
2846
8515
8620
7630
7747
5977
3236
135
1452
3193
5801
6978
6280
9610
7392
1296
8029
4101
2713
7065
9406
1901
7846
867
7660
3686
8860
8874
72
6788
639
5273
1224
7546
628
6810
6760
6374
7427
9562
637
2231
9518
917
4122
5357
33
657
7452
9991
1775
6188
3345
2879
7912
938
331
9052
5844
8470
4431
110
5944
644
9127
8267
252
2594
6704
1238
4510
4284
564
3272
4542
9923
3742
7279
4557
6248
590
927
2012
5256
2255
4109
817
4224
8006
445
1568
2044
1917
3480
1112
9725
4408
5258
7077
111
3643
337
1304
1592
8719
8614
7748
2182
9710
7574
5616
1759
7204
3862
4485
2079
7787
4686
7665
31
6887
3147
1040
7821
4694
2670
8925
5026
9284
2705
9380
8575
2909
2787
664
9493
4890
2718
9429
8907
4729
2486
2547
9807
7823
2300
9006
939
4396
7710
1934
5768
4815
5096
4571
4810
2961
1686
8726
4099
3354
9815
5231
8924
5568
1743
891
4767
3322
5995
1466
9233
8188
5720
4841
3340
4347
7661
2741
4070
7461
1476
1330
2949
7465
5803
8681
5876
3017
9366
1581
711
8867
9253
6677
614
4149
8796
1414
4406
9721
6599
2911
2512
9208
3859
7519
5588
521
6377
8045
861
5073
4797
2734
591
6840
8695
5168
4207
7879
3814
3267
7620
6954
1929
6264
1047
1001
7887
5966
1
70
9881
9218
9103
9873
6012
1749
8026
6521
8004
7012
2510
9940
7609
5850
575
7967
7664
5992
5572
1359
6126
9749
8553
8544
6391
9801
5197
8046
4697
4710
4243
7310
9937
555
3258
7185
8851
1924
8111
8927
2301
5058
8148
8877
5912
8572
5514
2063
4536
7102
2474
8287
1652
6684
7076
6296
7526
2917
4480
9131
496
8778
4069
2760
830
4211
9315
5512
5429
3996
8598
3300
6361
5641
2407
5472
3754
9750
563
8775
4750
4432
9404
6930
7282
4860
7688
9449
8159
5603
8632
8297
3442
6841
3444
6949
9905
4874
3473
2914
2489
9468
7751
3474
1171
4741
7307
1111
9892
6931
1006
4918
908
3918
4977
1611
7428
9307
540
7900
760
4672
6358
8444
4877
1920
831
4314
7075
9393
64
5550
1970
3617
1314
2870
9739
2574
9090
6710
7878
9769
6156
3580
662
9225
3586
3997
7852
1988
5767
5400
9551
2886
239
8357
7917
3598
8086
2964
7510
7162
1267
4647
2184
9913
7370
2446
2631
2677
1228
2109
8176
8960
4180
6641
3386
9136
4451
8590
1320
9886
3910
2983
8165
7539
3512
4873
6335
9167
9262
4680
4972
5978
1258
8358
1699
2739
6776
969
422
9141
464
7902
2569
946
5807
1701
5089
8595
8474
1803
3003
2312
7320
9252
5625
7241
9153
5953
859
1746
360
1360
1465
7022
4992
8476
370
2364
66
8050
2848
7719
4082
780
7001
5271
2232
9659
4771
8537
5969
991
6376
1024
4653
6014
9287
5466
9056
8630
58
8058
7992
3678
2386
2161
9501
9694
3425
9439
6129
7590
3873
6598
6757
3467
5634
3536
7396
4794
5143
8276
2602
7330
8993
6575
7013
6569
1536
8323
7740
6948
2884
8971
9410
3142
3543
8644
572
6454
2501
6039
7209
8366
9496
383
3657
1064
7604
222
6794
9401
8417
4605
7859
3437
7454
3164
7515
6807
7786
5018
9947
8452
2778
1487
9125
3356
8109
2581
6798
4677
9535
3179
8978
8697
9425
2829
2663
8030
1074
8704
9384
5734
3605
3575
4857
8118
2097
7765
307
9714
4574
8094
893
4645
3496
6486
7020
181
7066
847
741
5917
4241
5195
5421
8528
3653
6204
9965
9089
5169
4868
8435
2575
6703
3707
1695
1166
2102
4838
2245
3546
8420
6119
4337
4060
9876
5691
3713
6600
5772
2151
8601
8940
8928
2470
1195
2932
4487
1043
9592
6051
9332
1523
9643
7086
3401
7850
724
1226
3708
5416
8329
504
2075
8596
6330
3636
8594
9560
1694
8748
8458
9921
472
2997
3315
5565
5293
7364
9692
8008
6136
2872
1654
8751
9828
1353
6963
9322
296
7612
7593
571
7633
2984
532
963
5841
646
4457
5278
9414
6541
125
3407
8076
9480
7848
4157
4344
4055
3313
4851
2939
6609
8173
1998
336
6591
124
3133
941
1895
3427
431
3057
4098
4576
279
6914
436
8129
9330
8610
1943
5563
719
9277
7677
1505
4262
838
5441
7027
4725
1664
3171
8271
5411
6434
4230
2782
2653
4277
517
1169
3784
5471
7317
2930
1595
1358
1557
4048
743
3503
7791
6035
7949
5902
3952
6236
4579
912
1261
6077
1398
5427
7442
729
6381
4354
5980
3269
5174
1172
7290
3114
1719
1459
7231
9211
7588
6418
6440
3350
4434
9987
9302
5961
1410
4518
6739
9263
9796
8786
8633
9936
6518
9960
2223
4339
3026
7983
8757
3189
9395
608
2963
5997
8079
6650
8114
8895
1757
9755
6778
5820
9071
598
9709
5695
8493
5693
6716
6400
3571
515
3957
6149
1384
986
4732
6966
6983
1905
1804
5496
4582
4267
3124
3494
5920
6042
2504
7889
4294
8117
7481
7921
5863
4319
1370
9557
6899
9972
6130
1689
5266
9374
8707
5412
3260
9099
9788
9751
698
6347
6707
341
92
9898
8053
1835
1282
7378
4215
7925
1902
1099
5084
8567
7156
6852
1417
3794
9846
8151
9702
5828
2195
3650
6522
6764
9333
9515
3818
835
8239
1229
4381
1630
5864
5624
5716
4568
7105
2171
9731
665
8411
1913
9156
3459
8914
1822
2708
2588
841
9975
1212
5816
7352
5498
5620
7176
630
2485
5545
2031
2091
4173
2082
2211
5348
5758
6430
3091
9558
4359
6471
765
3564
8763
7592
2094
962
9809
8257
1071
2666
1855
1580
4897
7143
8140
6278
4575
9986
776
1376
1807
6986
2744
3733
253
682
8988
7830
9038
6836
4250
6819
9206
9257
1829
3092
3500
7096
9676
7558
4770
2022
2519
1364
2752
4004
8105
6446
9388
8415
2038
2624
7796
1474
1700
9885
2603
5834
2542
9361
730
1571
8930
9672
6754
4823
7110
9983
6150
9305
2905
582
1378
6053
2673
6485
746
3954
6172
5223
5115
4809
4407
3090
8250
9687
297
8488
3186
944
1756
4769
2768
9323
2535
1500
8326
3100
8541
1104
8270
115
8446
5982
8128
8521
1665
8499
208
174
4885
7538
131
214
6266
8991
2732
6645
8356
4471
6664
5363
8986
6647
1324
2081
8655
3766
7489
3767
633
6494
485
3087
53
9660
438
6853
9068
6536
1590
2545
9345
2449
2398
5569
6507
8425
2262
1315
6100
1508
4035
1150
9213
2366
1698
6813
9945
6888
7335
8754
8785
6863
9189
1214
9336
6402
4935
1073
2271
9734
5835
7459
8963
7812
4092
2755
5806
257
2815
4708
7386
6974
783
6627
9494
9115
4840
1916
8773
6182
924
9130
750
5704
1103
4938
9246
3130
539
9278
6648
5104
8384
5269
1309
277
5535
8891
288
3228
397
9888
5215
1180
4378
6560
9135
6721
2483
4520
5347
4300
1201
1680
419
4790
1069
5158
4039
3884
5622
3477
9534
9194
1227
5771
9016
5477
5270
5571
1140
9715
4433
597
2912
76
9485
4819
1305
2451
1896
8091
177
9184
3828
340
3550
4950
3429
3927
3715
7473
2495
6404
7205
2060
502
5414
8893
6081
7974
1048
5128
2439
3690
5874
3770
7150
4303
1827
585
3181
1555
2122
1886
8196
8937
9759
6083
1130
3848
4112
4709
7636
6501
7862
8764
3808
4717
363
2164
756
4761
8373
6206
3696
7101
4395
4632
1553
1098
9222
8950
1937
8040
2148
6509
5199
3855
4254
192
3894
4917
982
6588
1491
4508
1625
3397
4529
9266
3296
8619
5626
4134
5826
3969
6912
9735
2634
4402
3132
7560
5702
4864
6120
6734
8445
899
4618
6910
2826
49
56
9462
4831
5877
605
8369
8967
1236
1862
5813
4350
7224
5061
820
4684
3735
8898
9034
7942
5635
2845
8015
7444
290
3998
2409
5085
4675
9780
3604
8533
7069
7839
7919
9942
8278
4736
843
3372
8012
5576
447
4192
8997
9932
4901
6831
4888
4030
645
2680
4801
3284
7379
3014
497
6850
873
8638
2251
6196
7490
980
6785
1343
2526
7220
8920
5268
9008
8132
4208
6993
4784
4998
2533
4591
8216
9105
7260
618
5531
2644
9760
9370
8607
8158
1900
7697
3138
3423
8834
5525
1430
8600
7037
5342
2204
4133
2269
5182
4549
7087
8758
5313
4746
1322
413
3446
5765
3510
6370
3155
1460
7970
1794
2313
8028
9250
245
7922
3297
8962
7886
1732
3096
4253
4214
2832
7476
6171
6339
8815
1889
7339
5642
8218
9576
7667
6673
6659
6144
2721
8680
2536
5329
6712
860
905
2774
8221
7532
3695
4512
6651
727
902
8410
6594
9381
9484
5374
9588
7393
3400
8505
7000
6890
2448
6219
6691
1597
8102
9085
3366
1434
8970
6524
2071
2609
1545
6812
6728
3930
6626
8720
5677
1160
3914
9707
5660
8555
803
3896
9098
1873
536
1903
5216
6470
3441
2123
6750
1136
9847
5362
4335
8049
7128
9308
5304
2381
3024
1000
1454
6427
6160
4733
892
4914
7413
3820
487
5070
5475
4837
9472
1444
2856
4391
2582
8137
9325
6412
1400
3245
6221
565
6109
172
8126
1013
8018
1490
3976
6584
4498
4188
4869
6862
877
6022
8273
5454
3310
1145
7544
751
6220
8283
1354
4287
3732
6601
6911
7684
2652
9559
6001
1800
4722
1355
1433
8370
599
4026
5280
722
9199
2419
621
3385
4991
8547
9254
6592
1781
264
600
255
4850
1639
845
24
5581
8574
3152
5491
2804
6085
5446
9241
1439
1878
2324
6748
9196
4978
648
4765
9887
4322
2803
8200
5909
1659
901
6079
2679
382
5621
7253
7969
2017
9481
3449
6058
9407
6967
1362
5706
4649
4627
6946
7946
358
2233
3934
359
2737
4866
450
5651
2850
9906
8621
84
7416
3167
4554
8810
9504
7016
2728
4592
5867
1824
4367
3411
2618
7286
8089
6235
2675
7987
5238
5637
5674
1437
6553
7175
9860
5149
3255
5465
7730
8723
1101
7851
4040
289
9684
1124
2457
9786
471
6653
2303
2363
1357
7351
3183
4551
898
6306
8403
7659
8873
2430
65
9768
43
2656
265
1082
9144
933
7775
1091
4249
8228
3844
2414
1375
3192
7750
2261
2402
3312
6287
4628
4500
6399
6071
965
9169
7458
689
6943
392
8687
1255
1832
2863
1271
2293
5998
6224
2621
6379
7415
9260
9364
5582
4079
4107
5751
9673
2105
4679
6348
9273
2374
6805
2924
203
1738
5117
7103
3172
523
1387
5187
7385
2709
6449
3574
4343
7257
5326
4013
658
9606
2138
300
1666
3079
6962
4399
5289
2802
7181
8313
427
1589
5609
8676
8101
2816
4782
2873
806
8360
8022
3590
6055
3481
2167
1714
8145
6074
6655
4405
6139
282
5667
4429
4377
3568
1293
6636
5619
4711
6660
7028
4747
3243
4951
8742
5274
9057
2681
5673
9664
8175
6367
1811
663
7363
9292
3675
5636
1167
7678
8394
7482
4738
364
8571
8478
8745
6802
233
8749
5500
1143
5865
3673
3213
2141
8191
3104
985
1591
8484
7446
713
8262
5119
275
7246
6574
620
5072
9969
9193
3889
8977
1122
7133
4421
7343
6779
6988
9486
9399
3325
3612
4816
6057
5129
4898
4519
3015
533
8699
8804
7756
5433
1791
709
9443
5438
4624
4644
5570
7897
8666
5832
3268
5410
3823
6828
6415
7880
5747
6723
863
3837
3700
2776
3906
2229
6249
1139
4669
1369
2068
8777
2375
2136
5470
855
121
622
5907
5775
7875
3972
3942
1554
4744
7485
988
1774
3222
7400
8184
5632
221
1163
6554
7120
8957
4158
6669
2811
5731
6111
3165
757
7831
5968
2496
57
8802
2660
5880
4638
475
8640
8943
4143
950
3965
5003
4559
200
3986
4934
9699
113
1836
3679
1170
4375
7051
8573
6498
7201
7226
5402
8637
6977
6190
6106
8383
8334
8240
2317
3371
4052
7324
3529
4226
1675
9779
6457
6046
7186
3063
981
4597
7036
4476
8503
9248
3523
8052
9132
165
1963
4586
7494
7099
5110
5444
6833
9007
5381
3375
5154
4537
1279
1337
8946
1263
6013
3813
8211
5398
8948
3332
1189
6435
5442
4702
4502
385
9608
9428
4017
439
5388
7445
6143
320
9670
5167
5295
8406
6608
5111
5212
4793
6289
984
5283
2612
5246
7717
7008
6552
98
9693
2140
8721
8694
5480
2028
1232
7131
1643
7491
2665
929
5532
2576
8863
5463
671
6970
5872
4979
8327
4212
6288
7359
7864
3265
5141
484
1273
8617
4535
1858
8044
3161
9375
1422
8436
6107
9746
3572
4258
5136
7431
3374
1244
9249
8023
3170
9889
5987
1707
3237
5788
7543
2557
7384
1960
6749
9572
2991
5578
2780
8931
309
6615
6061
3201
1158
5935
6272
9239
5670
3196
102
6138
3717
4911
1653
6175
7040
3465
8864
7053
3462
7183
219
1543
285
2888
2236
4119
2790
651
2648
444
2257
1181
9236
9498
8389
8208
4626
9238
8789
812
2970
775
9733
3200
8401
6903
3347
7870
7959
1079
7746
6244
4091
4481
7711
6431
9386
7041
3716
7299
3251
1157
548
1805
1447
9953
769
3799
4989
1546
7552
2405
2371
55
5774
6110
684
9281
4265
9820
1187
4203
6726
1663
8652
759
9798
906
2898
936
6128
3276
7154
9065
9317
1683
1173
1468
2434
2154
638
7192
2437
1674
3734
1501
3409
3838
6087
2762
1977
378
9369
7337
3943
5692
5838
2237
7137
692
7194
732
367
3640
9427
9575
3672
7722
9865
3524
6191
1288
7388
4726
1032
5809
4662
1667
4724
3436
4908
4617
238
7742
762
3975
9883
3945
9633
2110
197
4255
3801
5817
4561
139
8254
39
6142
9362
8197
6826
9
3822
1347
5501
2157
8110
6835
2162
6876
5618
5137
4625
9708
5810
6356
8702
1790
7935
4563
1453
7308
5705
1025
3373
6086
5368
3497
3127
667
3676
9926
2003
6968
2727
1077
626
3758
4403
6018
7118
5649
5139
4598
6621
4114
8120
5397
3085
4261
3224
9613
2633
2258
779
1100
3561
4081
8524
5365
16
6510
2697
2518
3020
4964
9795
7212
1207
6362
21
9993
4063
162
1299
225
106
151
7149
4237
2527
2376
9574
4450
7492
7807
8437
8586
5035
7540
6747
32
4931
7578
997
8340
8453
5378
48
3950
2749
8794
8483
1957
5004
4297
7303
7423
9834
5852
5235
5175
9396
4981
2418
2735
1764
9390
9171
7957
5511
2296
5428
8887
4205
4833
9539
2967
3072
9371
530
117
7184
9088
4318
5240
7904
1335
8339
120
2996
5868
2817
1243
8830
9743
5668
4962
9095
314
3191
1339
3078
2401
989
1289
9543
5780
5408
7049
2061
109
2348
1784
606
3795
8852
1884
8612
8229
3674
8001
2112
6011
4921
9814
6487
3440
5300
7817
7030
7355
470
2885
9327
6238
6101
3180
925
1768
8371
6300
8897
9122
9234
8027
1606
4067
1602
3101
9442
2107
4281
2048
512
2920
3880
4327
9075
6439
7193
2267
5430
4087
8981
9524
6276
4943
7909
3479
5916
2006
7329
6505
5083
7811
9093
8641
1090
9042
3730
159
5883
3402
8624
3560
7104
3390
3937
4162
2534
2583
9612
3489
6455
6495
140
3887
1301
212
2174
3283
7941
4448
432
1008
9497
1882
9596
9548
1579
8367
5193
6067
5134
2822
509
2561
184
6793
2297
4915
8918
910
1854
8933
8142
8413
782
4016
5584
3070
4467
7617
1215
8296
9405
3154
3277
87
9448
206
7547
9083
1966
3202
4289
9046
2798
1772
9087
5439
3041
8939
1092
2716
7232
25
9929
9634
2693
6263
1819
1291
6768
9142
7531
837
9245
9467
4590
1840
1944
5811
7804
4037
483
338
4461
6084
9919
7766
9508
5540
7031
1802
4745
3246
3405
5064
5201
6871
3750
6016
3990
1331
5633
8286
1655
3151
4176
5929
9884
7892
325
440
8592
8771
650
3961
6233
3582
2059
6019
3263
7034
1325
3530
1269
1042
6489
9904
5234
8459
6334
647
6132
4630
6337
4493
583
3209
7129
6428
1869
5185
4263
7663
9654
9536
2315
5553
8583
1621
6596
7627
2672
5319
9197
8843
4426
5871
4584
2440
6870
3789
5291
304
9255
9712
2327
1292
5244
433
797
8416
9419
7125
6073
7142
1821
6326
2589
273
3936
3178
9243
4305
1440
7139
4124
2116
2357
1278
5713
7818
9928
8994
5536
4076
442
326
9931
3217
8122
8511
3944
4022
5711
1038
5990
8260
9757
8266
4503
5243
3383
1019
7906
7990
7084
5361
9055
6866
9635
3458
148
12
1661
9360
5000
8769
8708
6436
1734
3522
8892
4061
9177
9826
185
5853
1480
7457
5993
2284
1752
2346
7520
3779
9431
284
9565
2995
6217
1693
1605
6678
1052
9529
8714
5359
7956
8545
7951
951
8225
7619
1703
204
2130
3365
2032
9912
3394
1877
9542
190
1725
8689
3632
1031
5502
4088
5009
850
116
6804
3517
2777
661
1275
524
1938
5862
8206
2935
1332
8653
3219
8659
7764
240
624
4304
6030
1469
7369
5530
3490
1302
2769
712
3829
1971
7244
82
793
6698
9110
7752
6090
5047
6314
7092
6699
2264
800
6173
1890
8180
696
9611
6663
9857
5959
4812
9489
3226
6021
879
4195
6320
3591
1685
8580
7533
3533
9896
3123
5854
9288
7325
529
7151
3166
5097
5088
6913
9221
5955
827
510
4728
3502
8178
9214
8070
3433
3718
2936
2876
1097
7816
3893
2715
1647
1451
9357
9685
2731
5164
9475
7954
166
6009
4506
3909
8359
1833
2913
2378
5639
7998
9593
9215
8693
8275
3040
7318
4320
2314
9970
8353
2339
7871
4826
2387
103
9775
8853
7682
1763
2956
2840
3740
7470
3812
75
6345
248
1911
343
8688
5081
2266
4718
5846
7235
7005
6741
1578
1741
3389
3184
1198
9062
9058
604
8362
7478
2821
3002
7425
4113
9224
854
1041
6864
4658
7301
8768
217
5819
4759
4269
6292
725
5043
522
5101
6709
9901
559
5789
560
6792
2915
4842
2127
3302
4018
6189
243
5369
4225
3723
2586
7968
9580
1556
2958
8320
8472
9843
2722
5211
7432
6784
6227
7088
7819
688
5682
9625
8381
9538
1533
610
4780
8818
4465
3847
2805
5230
5925
353
8455
8432
3905
4534
4222
9001
8092
261
8718
8661
3781
6429
6916
2664
1342
5875
1152
8253
6666
4382
7671
8984
9026
6595
3055
142
3432
9463
3798
2869
5307
3108
7436
3168
2027
4603
3109
4233
6183
5062
1270
2235
6718
8821
3456
7794
5579
3033
7130
5777
3076
9408
3726
992
7755
6906
4858
2040
7529
5181
9704
2078
1534
7622
3835
2554
9300
9015
6842
1036
4009
4252
1843
1131
386
9244
1436
7218
4440
5350
195
8247
2144
1939
133
4247
5610
1635
8146
6984
7315
1908
3058
7783
8795
3531
9060
7668
825
8222
814
1115
468
8351
481
1089
8805
1385
5315
7964
4468
9108
5931
6284
1587
3369
1744
4034
4064
198
4479
2857
469
4108
6293
6624
4245
7389
2835
8999
8710
8
3584
2279
3242
9604
8856
1785
5757
3815
527
9810
5657
5562
9279
3737
3688
4699
5494
4049
5762
3619
2045
492
2818
1308
3865
7989
7348
6461
4371
6556
3215
1191
7767
9824
3963
5549
3095
5219
9178
556
2183
4956
1095
4737
1133
858
4452
3652
2413
3270
594
6159
2764
9054
193
10
1450
1940
3895
1448
1893
9438
3916
1538
9023
4388
6818
5644
7657
8825
7647
9964
8826
7402
473
2513
96
9674
5052
2350
2226
2499
8929
4743
7340
2335
2104
5476
9272
1351
8787
4178
9718
6099
3455
8549
578
6679
5153
4848
9762
3620
9490
4902
1235
3235
1345
3358
1997
6617
411
2929
2471
1405
4156
6738
191
9564
5458
1780
90
8441
5900
9871
1721
9821
2966
1750
720
2369
8492
5459
1488
3872
4593
7270
4274
6096
7467
8113
6767
3565
8305
7744
6414
1922
3649
8429
8426
9435
91
1512
4001
4834
6822
4201
2007
9051
5233
6964
339
4706
5860
7408
6697
1286
1259
685
2343
3600
3639
3587
499
459
5962
3119
8475
1576
160
26
503
4293
280
2820
3704
5529
3404
9043
9973
7835
8828
8409
1783
3995
6901
2193
9403
6858
2431
3825
9377
5522
8944
1183
7471
1806
3793
9079
752
4927
7654
2373
1931
1142
7855
5936
7597
798
3592
4828
9630
420
8664
7383
2704
3233
4785
9112
4701
3832
5665
5375
7285
368
5773
7136
1776
3068
5842
2177
6640
993
7727
3638
9748
2268
1285
8024
1733
2756
2549
9113
550
9017
3913
7944
4299
5007
900
4558
3538
6215
9230
3054
8647
2469
6558
8713
8514
8609
8292
3759
4845
8177
549
8125
9530
3326
2354
6821
9143
8100
7495
9337
8328
9599
2742
4703
9547
7441
3610
6570
5507
5759
5452
3951
6007
8671
7487
4166
8886
3346
476
457
6199
3331
9841
9891
1713
2479
8317
1682
5943
8062
632
9014
1389
7219
6211
9223
410
6746
1499
5663
4200
2004
3743
3776
7117
2438
9741
7503
4895
1594
6178
5736
7784
2176
7650
5837
6214
2945
3048
8880
5906
6868
3081
8798
8665
3022
4077
3438
6275
3434
6582
823
7810
1028
5407
9758
1222
3330
9813
8430
3367
9318
8138
1230
6360
6262
5492
2902
1149
5330
5051
526
4458
8419
2172
852
4606
807
6247
4876
2253
1618
5450
1126
7108
7606
3199
9121
6353
5317
6396
1498
2095
6502
8823
3622
9402
3722
1185
5728
9107
4186
5928
7795
1374
2444
5037
4125
970
753
6827
3836
7524
9050
4595
602
7738
3890
9492
9454
6304
2108
4251
8189
8163
1442
805
1633
4886
3654
1754
9681
1936
2039
7397
1949
8958
3422
3819
7214
4690
7982
6990
2428
7541
3034
8808
7078
5107
2908
9761
5078
5583
4573
1344
2837
9293
9726
1672
7132
5247
1268
2034
9585
4818
1272
8078
6151
3518
7781
975
1820
6795
3378
8164
4199
4665
2999
9452
6092
940
8829
213
1777
8316
1003
960
1303
9066
50
5224
3362
9124
1570
4821
4920
3879
6322
4007
9997
9877
792
2396
3144
5252
4219
305
5217
5597
4795
3253
1425
7724
6548
7687
5648
1942
1083
6880
9522
1778
955
5301
4306
8755
9549
6965
2692
3005
6938
6170
1182
6116
3625
5071
5044
7007
2812
2710
957
3727
5671
5848
7147
7300
5152
5623
164
1620
1329
4661
8032
7328
5640
736
7312
5180
9209
5764
8281
2214
5019
3304
391
4654
2614
8346
2384
1127
8872
5922
3146
494
2069
1648
3762
2514
5760
7669
4904
9476
1730
7651
1755
3485
7140
3143
6891
3867
3861
5754
461
9519
4634
2186
815
4150
8982
8149
7122
6731
465
876
8542
6981
2765
5973
4887
6658
1361
7505
4913
3642
95
1194
2723
1850
8736
8402
5241
947
7799
6332
4723
7451
7960
3073
4555
4983
2281
4474
158
9340
5984
9338
8000
5725
3507
7780
6277
2629
123
128
2632
4666
8536
1992
4742
4449
2809
1989
270
3601
1506
384
772
3892
2215
3278
755
168
18
1239
9804
5275
501
5403
3044
5957
7648
4791
4472
6450
686
19
4191
9792
8284
7322
6024
5288
919
888
4137
3150
2637
79
5589
8025
9747
913
2591
1550
4971
1758
4453
6884
4011
2897
6398
2278
9521
4482
1093
5517
5839
374
9767
3663
5879
7052
4288
412
3097
5520
6392
513
4257
7280
9851
5567
7760
8746
2919
7511
8579
4239
9623
4932
8912
6782
7814
9365
6325
4896
2678
1473
6484
7126
8784
4120
9567
1919
7134
2696
2962
3399
9343
9422
3662
2020
4585
7240
7119
4704
1495
643
2393
5703
9525
2090
2864
6056
4078
3946
3116
4103
8905
9039
7272
9797
5109
8442
581
7806
7504
7067
4333
8862
1996
5887
9104
553
9311
9391
179
5554
7247
8532
7872
3505
5786
5749
6945
3931
6957
6771
9174
8879
7809
8788
976
8622
4986
1912
2862
3275
9914
2688
1863
7971
8662
2965
7159
2517
9097
5405
1770
6451
4957
6261
9220
9329
5661
7488
5930
6995
679
788
7718
6308
467
8715
6036
6733
3241
5938
2794
4132
749
5100
5740
8306
2240
7838
7603
718
7217
3646
4282
6239
9459
9568
2199
6403
8438
9259
335
7637
9082
6295
234
1856
7608
8559
5967
8966
1504
9727
5778
3970
8701
3709
1162
8449
488
2365
6393
3190
2196
2456
7833
4824
6147
1935
4899
5333
5855
9118
6869
8075
6550
8252
2793
5393
8752
2103
6023
8245
3338
8557
9520
3393
7080
3623
6193
1541
9070
4229
8314
7913
9247
3959
6453
5797
3102
7014
7653
4447
2342
6796
3248
4811
3216
869
979
8548
9106
9695
8034
1999
9561
693
7210
2507
5933
4602
7860
537
4213
5646
1927
9035
7399
8570
2153
868
895
7486
6390
846
3013
3244
8048
8650
9728
6783
9517
819
7222
2878
2550
6846
5457
4183
1818
2578
6825
7082
5103
9550
6419
199
4102
4570
3110
3370
327
5856
4763
9271
1845
8910
3850
2014
6328
885
5783
1530
5800
4075
6479
561
6603
3956
9347
8558
6127
7169
4631
6134
3984
6557
3703
1467
4280
4712
9510
7936
348
1662
6346
4236
3974
6896
3982
5823
2590
8013
8255
9705
5424
6892
7776
8377
593
7394
4798
1846
8439
2207
7233
3666
3555
2488
5055
9526
828
6511
4988
210
4094
8560
7642
886
7089
9164
3308
8765
2359
6503
424
2694
558
1978
9433
5380
5281
6253
4615
4846
403
2360
8215
5802
9324
6604
7927
1881
7276
2436
2847
8321
6639
2125
1280
5276
1281
5054
9102
1046
7380
6547
4341
2452
3611
9981
6854
1252
1393
6520
5147
7360
4068
8085
2788
9264
415
3293
4912
1892
8093
3624
542
7281
2036
7929
4567
3009
1312
6315
7732
5045
5056
7891
3075
23
4650
6925
4707
1015
6551
4836
2767
6291
3788
9314
8205
4089
3988
5949
2833
4441
5285
9711
6157
3418
5030
7625
5873
6027
1640
2903
6237
3558
1379
9379
4731
44
407
463
2516
9974
6350
9700
2338
7083
7958
8564
6026
2098
6410
5338
8243
7353
5746
4400
7798
9299
9787
8380
6527
5558
9732
3111
6375
3487
6246
4865
5901
6921
3977
8906
9729
6940
4340
9756
580
2515
959
4859
7734
6665
88
1431
7289
7681
5707
6050
6357
7381
1552
7054
8319
376
9653
5344
9040
5791
9533
6681
4276
8337
2282
6573
5701
731
5825
3852
7571
4283
3748
9998
8776
9995
2330
1514
9918
9285
8781
8170
6743
884
9605
7985
9602
6176
9620
236
2747
3593
3122
2143
1290
1973
7573
8387
8615
9959
8535
2476
1429
9111
7508
706
4688
2412
6496
2720
5309
8051
1517
4234
2646
2520
784
8038
1397
5225
20
3173
2047
1109
8582
2786
2185
1941
7249
8119
2406
6118
1209
2147
9979
8913
4587
1461
1868
8597
5208
8396
5945
5042
3028
5162
5683
5700
2484
7345
9683
1945
9915
8060
6421
6644
9859
6409
5419
5688
2124
5946
1894
974
691
1153
7109
9950
6572
7793
6408
4734
1051
5986
402
8728
244
9400
2502
6576
7896
551
7715
1542
4817
4965
1915
1146
7685
1211
7893
5177
958
6162
808
7167
813
8082
9925
3229
2972
8599
5399
8456
7390
3728
5395
7157
4370
1283
3699
615
6848
1123
1737
2355
2465
9837
8926
5423
8172
8194
7239
7537
833
3082
7837
7759
3333
1004
6688
6015
7911
5542
1118
2173
6197
9049
3176
5385
822
7190
1250
1340
2577
4995
6706
2389
2701
4792
9291
3198
4882
2010
8643
6742
566
5335
6285
7628
8246
6180
5712
5038
8056
7449
2638
3866
2101
8800
4414
7354
3585
9595
8268
2538
6586
2146
6152
4437
3220
7275
7191
2049
1961
9033
6637
9578
3484
3430
3804
4042
7553
7947
8799
7556
5237
7602
4501
6231
8869
8103
9073
9909
5735
5947
8304
6515
1392
1119
5878
5793
1716
4853
6661
8217
2133
2490
5318
681
7072
2332
2842
9025
1528
1204
2077
6344
6094
4499
2441
9231
3644
1515
3301
2074
6587
5652
1526
3160
6755
5386
5358
7245
3692
3777
1409
250
8973
3797
5014
5123
8602
1184
7840
2881
8760
5144
6070
8378
4418
4384
3680
1390
329
9878
990
2954
3648
9010
7038
3472
6724
5020
3628
3576
3376
5836
5294
4029
6606
7649
9722
8990
2537
7522
739
7047
215
9789
7907
3771
4804
6535
7296
4046
3559
9895
8162
1951
8338
9509
3521
209
6814
8504
7785
2691
1141
1626
286
5999
7166
6670
1035
7498
1147
9772
2385
8236
9933
1010
9499
5684
9207
7115
4419
7462
3816
7646
8677
1316
7044
229
3443
840
6397
7295
1125
6597
9675
2942
8883
7598
4958
914
676
866
1176
5248
1027
3897
1105
9924
6088
9059
8063
2170
6682
875
7429
3006
8467
1062
4307
5349
7873
176
4216
1925
5489
1033
2478
9952
701
361
8344
2615
2865
2190
9183
2337
3117
2408
8310
787
3567
8965
7770
7358
2662
8182
7672
8618
5742
9990
9737
2345
2065
5334
6002
588
2894
612
8318
4312
262
4867
1657
1676
6054
7421
2985
6475
3250
5443
3352
5551
9348
224
9831
2429
5882
8462
1011
3089
5941
1313
1435
5552
6460
961
155
6652
9331
2573
1574
4428
4331
2377
5360
7309
6497
9689
5245
5373
1482
6879
6674
3428
6985
8556
2443
1708
7938
1175
8568
6832
9862
1521
7046
4324
897
1614
409
8916
8235
1679
8767
4393
2597
5881
235
223
3658
5950
3621
27
9573
7708
1311
9864
5493
8790
292
3470
5105
7792
9032
3153
8935
4181
3634
355
1527
9690
6730
9101
9092
2645
7521
9563
5519
5188
9763
7680
7615
3387
5560
8919
5732
5282
7003
6881
4907
9552
6424
8709
518
6177
6544
2422
1826
8546
5409
1697
964
2225
6327
9444
5485
5896
9632
5002
3746
5593
3534
1842
9717
7342
3849
6201
7564
6382
9894
1932
6774
4106
6148
3921
8031
6298
670
8302
8882
4152
6401
6773
2779
5958
3107
796
7856
7634
935
5821
5012
1413
4466
4334
6301
7002
3286
9976
2150
6032
4218
4700
9383
9084
8739
5191
5190
171
4144
516
629
7206
8352
3384
9310
768
6469
8835
7497
7824
4477
454
2487
8551
7789
8531
3724
9483
9671
5254
4861
9385
3731
577
9802
6878
1692
5447
8502
6200
8761
1084
968
507
5895
7565
2711
2975
5308
220
1007
8646
4622
3080
3249
2056
3317
9296
8628
4982
2113
152
5504
1670
2910
5383
6252
3875
2528
1056
7172
2978
778
6806
8673
4923
5911
4525
5723
865
8073
8690
7029
4072
5965
3281
2280
2016
4609
1731
7228
6919
7062
5468
6456
2352
8131
5263
7203
4170
5763
2799
3457
4543
4922
520
9753
6800
7757
3042
5527
9413
8692
137
4612
2128
4163
5755
8938
1681
8490
6561
7057
9041
5469
1411
1720
5857
1616
5467
723
6607
2234
6720
480
4136
5126
2707
7227
170
3501
1718
2619
7512
7063
3230
1632
9086
7910
7779
6577
8679
5432
5748
8909
5028
9790
5382
4057
5425
3205
8678
7655
4365
2126
5499
6241
7237
1851
2775
7161
4296
9080
3864
6420
5590
7575
4974
6770
8589
909
8985
6927
8104
8465
4135
4667
7801
4656
2868
5069
6017
7803
7135
7375
9686
1765
30
3721
7259
6811
2948
149
2567
7015
7371
9372
923
4298
1797
1113
8355
7883
1245
9352
7395
2689
3545
6274
6005
5015
8071
5049
8922
5599
291
8121
9545
9316
7263
977
6029
7297
4366
4720
2462
3259
3476
7955
7017
5566
8397
1634
7820
4146
5694
1762
3613
4685
7144
1769
3025
2202
4805
5951
660
4581
4444
4172
6745
1055
6630
5298
9754
6789
1208
569
9742
1993
9583
8285
5556
714
2120
1549
7945
6438
4270
8174
7962
2187
8668
3683
3134
5205
2698
1525
6044
35
2553
5805
3693
6463
9466
2539
3960
9650
9416
7952
1419
1847
8674
9874
7061
705
2630
1484
6186
3291
4062
7229
4321
69
295
8534
3668
3651
4002
6181
458
7644
395
9227
2394
7643
3064
1408
2993
2142
2941
6859
3792
4786
5456
3807
5391
7509
9426
5484
3023
7469
1406
2800
7933
3660
7435
770
4807
6740
7570
7523
3218
1564
6472
1045
7542
3701
2971
1567
7293
916
2372
5915
9848
446
6867
2754
2836
1981
9745
8837
1651
9267
9773
1300
1193
8737
2703
2947
708
5024
394
744
5799
6657
9720
4190
4411
2472
4588
5607
5122
9013
1023
6752
3238
5975
4425
6462
6052
3775
5781
7405
8648
3288
302
5831
51
1722
3099
8307
7559
2072
9571
6786
1503
5888
4539
3911
2035
60
6034
6045
6195
3938
7656
9204
8495
541
1748
8884
1426
7146
8657
201
579
9783
4583
5727
7163
4131
4735
5355
1511
9854
8020
5628
5001
4643
2562
4620
2100
7966
8516
4227
5351
2551
2559
3498
3774
3451
4470
3547
8269
1472
7138
4614
5321
8523
9109
6010
930
1583
9666
5655
7686
1242
1637
7867
2216
6209
294
4705
4246
9237
634
3912
5324
3515
7525
9202
8989
8155
145
1712
7618
425
8183
7366
1262
6695
1631
3453
2801
9181
1310
9955
2239
9002
247
6581
3656
726
2933
5473
6590
6667
5989
7372
9053
306
1087
3204
3486
1539
5311
486
8975
2558
6066
5505
3032
1646
4085
6477
6672
3256
642
6324
7093
9587
8077
2858
80
6559
2543
9640
9394
6711
2294
4373
8141
5541
4936
8793
666
4511
5156
5146
2168
3761
2033
7517
1773
5794
196
7304
2455
1704
268
1132
3915
345
