3268
4683
3892
8205
1347
3552
6489
3597
4966
3893
7793
6788
5982
9122
9229
1386
4840
3199
6357
7604
8290
1769
6364
9071
7230
2955
8377
6507
936
5095
6308
32
3989
29
8621
9474
1152
6084
2660
1536
4410
2425
4174
9173
5411
7919
2636
7044
4480
5817
667
8894
6059
9731
5238
7927
8572
6020
5609
8358
5940
2613
3882
1987
890
7846
3240
9179
8356
9844
5939
901
8999
3871
4283
7372
8448
8645
2878
9903
5379
4466
2198
4967
9394
6641
9156
6869
1974
4933
4497
9631
5806
9639
1601
2779
358
3283
3560
5544
822
1505
8624
1033
991
6492
910
275
2557
7232
3831
3293
9339
9273
6166
558
1258
3446
8972
3170
1256
7852
2991
4011
244
9587
3821
9268
5274
7507
5757
678
9876
6231
6340
7681
5499
494
4132
3030
1003
1746
3614
4440
1268
8466
7369
7533
4385
7515
2047
9536
9612
6912
8854
3214
4380
9701
9801
9251
5530
3930
4505
5927
4152
9993
4571
2282
2545
1147
4552
2121
6243
624
9703
5470
409
7198
3906
1243
2235
2777
6103
1148
2709
3453
4434
3049
1850
3998
3387
4972
3250
6145
4711
5432
2655
1377
9188
1255
2358
6054
6028
7167
3362
6024
2961
1697
2003
5396
3799
7398
4894
2019
7366
6854
9601
6574
679
2259
3648
6218
2804
8667
5805
1881
8640
5511
5067
9292
3416
6401
5405
3439
5210
821
5770
9148
5482
1130
7496
1304
7384
9398
1598
574
7089
8861
6693
7139
2926
8015
1872
1133
5651
3097
6822
7577
52
1507
8939
6698
5460
7176
525
2953
9842
1145
6425
6376
7884
9898
2418
5844
5905
7501
7396
5728
1502
5215
2836
3415
3135
1868
4777
8565
8708
2720
5653
4702
3789
8932
2858
321
6710
4631
4752
7375
9968
4742
5853
7261
7251
9603
8085
6956
3671
5068
8298
5992
4925
5588
5375
1069
1985
4748
2688
5246
6697
5735
3491
7291
5981
2129
6026
2952
7645
1549
9798
859
7209
2555
4318
3600
1325
8852
8694
6745
6933
1314
2114
6559
9208
6475
6513
5422
6213
2830
76
3188
5699
2995
3272
9466
21
8161
831
4121
7673
7570
3891
8089
35
4806
1408
7351
8637
7566
8980
3604
3794
1186
5160
3914
1922
5734
9440
1843
2770
338
7420
549
8532
8558
7892
5143
5702
9493
8602
8979
4359
9806
5051
4384
1817
2275
8396
7383
944
6493
7339
5930
3149
4119
996
2380
2145
7949
9337
7406
7772
3096
9279
6895
6170
1692
202
3618
322
4260
3254
153
160
1586
9425
8078
7750
5333
9070
4620
3519
2698
3758
3381
3421
1581
3091
3185
2138
1664
9921
5267
7743
4592
3829
30
4984
1361
6946
3026
9925
1306
7104
2866
1579
4910
9926
6186
6485
2985
8172
7708
5614
4504
4512
3698
6046
97
2280
938
1883
3417
9012
4922
6522
8420
9516
2625
8963
8443
9825
137
9413
6148
4461
8719
7432
1875
2208
6853
6299
6863
3931
6225
8874
8720
2079
5382
8951
4859
4628
9033
9127
4022
2524
2430
9160
8853
5445
7325
9101
9299
1546
659
3454
9479
1605
9318
7915
1689
1685
6377
405
5606
5096
7376
9230
3113
4732
2043
4277
830
3196
6271
8128
1856
5787
6560
2927
1321
1452
3081
2829
4852
123
9311
2681
6180
1095
2983
637
20
377
5235
1117
3895
7745
2853
9171
5698
904
984
7448
6804
2305
8568
1887
4968
4543
5425
4687
8818
242
2883
5486
9381
3550
2514
1639
8191
3739
3139
1312
4241
4830
873
9919
8620
5229
2207
8275
9082
474
8110
6996
7957
4734
4694
4486
12
3675
8643
7560
7589
8646
8618
8825
1880
9700
4043
7691
7615
655
1
4348
700
9027
3976
2934
4235
6083
6372
9782
4608
6637
4936
4566
8710
4149
7061
9406
7614
7065
4640
2944
8022
4166
1620
7298
9470
5142
2046
9309
3598
6841
73
5178
6327
5630
6045
184
735
5131
159
3751
3918
9166
9467
2308
892
8232
4006
230
2413
1687
31
5012
2965
3863
8758
4587
2679
4269
9794
4061
4873
965
7999
3603
7441
999
2741
8661
8992
1819
6530
6291
606
8329
6584
2415
6657
1007
5484
3903
5352
3838
2992
3839
2578
9345
7347
3741
6154
5777
3653
5063
5236
4400
1100
1212
9730
9110
8196
513
1443
8281
2055
2021
3790
2567
593
9217
1213
1528
6837
4605
1648
9495
4875
5086
5650
3023
3525
1794
6927
1800
4055
1886
2391
5598
9315
3941
4433
9565
9405
3195
6116
1862
1309
2666
8107
3722
6276
7819
2579
6702
1645
5507
7362
7466
8691
985
374
9438
1165
596
1765
1034
4585
9428
7378
1934
1896
4273
1485
4600
7007
877
8726
1897
4165
7469
173
3814
9334
6056
3884
7393
6660
1734
5877
4189
7643
8658
5172
1290
210
3342
6959
1088
6763
2041
2351
5647
7787
163
2600
1942
6625
7463
7555
3515
7275
318
7072
6980
2404
8522
4415
819
6260
1252
512
5485
8365
4535
8064
1607
998
8214
7699
48
2626
4151
5264
3131
649
6786
8949
4457
7726
1727
5004
7482
7116
2536
795
5102
8948
6925
1036
3242
312
1776
3740
5954
5975
1031
8310
4001
1492
4179
8863
3358
8877
6828
2906
8380
9965
9152
2725
3795
4877
3912
8890
8236
5286
590
7774
4184
7740
5314
2448
7409
7816
3836
7670
6511
6055
8567
4329
1858
8253
3336
5838
4341
2216
4015
4609
8537
1491
7929
3146
9030
8299
7290
6111
5985
3107
5363
2507
2903
2827
7719
6547
5607
9178
8019
3876
6771
8062
5991
7893
6253
3762
2097
1721
8551
5289
7710
5883
6050
1394
1947
1949
2179
4012
874
8986
611
5341
3077
9756
5183
750
4929
8016
7557
6524
5675
4546
5015
9329
9991
5907
5997
7845
2178
151
7576
1495
5344
7926
3723
9740
2416
3249
8163
5182
4206
130
4595
2343
7188
9233
3772
7283
3255
7265
3881
8226
9068
9362
33
883
2701
6164
6179
206
487
7417
8812
5948
4447
9303
3668
5508
3982
8990
7386
3063
2982
9911
363
3223
777
8996
7224
8998
8688
579
4821
7764
4954
2538
6122
6501
5980
4196
1237
1738
1038
9361
616
7020
1695
829
5513
7731
51
7140
3087
7352
2504
1296
6258
5763
9272
566
3803
8270
2480
4361
6301
9128
8174
8009
7236
8352
8147
1120
8135
7636
9076
6573
8659
3951
2424
3480
1264
8058
9611
354
2748
5211
6227
5812
8962
1134
6673
2190
7434
4416
6985
5462
2610
8601
6943
3150
6614
3940
948
7461
5480
421
5672
9947
4764
886
4020
154
7559
8662
7382
6078
9773
917
5118
9341
4482
2368
2338
1404
3212
5478
8793
6355
2257
6064
136
8671
1363
8502
7460
2399
2962
6525
4844
9112
1080
1782
4462
559
8004
5247
7172
7259
9568
9768
1557
3760
1585
6361
5451
2360
1125
6680
7349
8114
1519
8077
3187
9106
2073
751
6348
3203
470
2719
1628
3656
7619
2341
8045
947
2152
6165
9022
1376
8256
2638
8676
6950
2036
1353
605
6234
5367
5629
6785
8776
3591
2870
5241
9769
956
323
7997
2001
8797
4080
6975
2029
5747
5174
7550
3316
1830
980
8500
5840
5253
2301
6362
2326
3369
1566
5030
2592
9091
6765
6966
1509
8322
9247
6482
3877
2743
8561
6972
2449
15
9510
875
7182
5244
2494
8538
5768
5449
4599
693
6363
6722
2131
7924
3020
3709
1047
2727
6273
3295
2793
542
9003
4630
5560
2202
2676
486
3517
6410
7219
3320
1508
7033
840
6586
1106
7130
7916
6506
8702
6124
4309
1679
1902
257
3130
4355
9490
3286
1271
3219
1201
4474
8391
9508
8233
8672
4266
4320
4424
6881
7889
3584
8653
5207
5987
2262
3396
4014
657
3164
189
3435
2015
3585
1542
7551
4532
7237
5565
6312
8063
345
5224
5966
117
6911
6991
5834
435
5427
6936
9491
5577
902
7022
6150
8905
3578
2397
8541
3292
3122
314
6725
630
4065
7282
9025
687
1839
5579
3011
7627
4904
278
9692
2234
7246
1390
2948
8199
381
4850
3958
256
2410
472
3823
3771
64
7744
317
9347
8029
3261
7648
4570
2571
5802
9942
8134
7727
2940
1308
3291
3393
5795
1552
2056
7752
3897
5410
3335
6580
4086
4860
6690
1407
7287
961
5176
2574
6736
9662
2483
3937
9346
4075
5406
9260
7700
7891
4770
4597
499
5745
3241
1167
7988
3270
7868
5776
207
5913
9907
3143
2520
473
9549
940
148
5962
6284
8864
7281
3373
1310
4202
320
9139
5862
5597
4441
5798
7421
4274
8289
3611
2941
2014
7202
6564
4083
9904
711
4534
5407
4947
3686
4069
5628
4403
5682
1168
7380
8764
5085
8274
7972
9430
1171
8473
3183
6557
1524
2337
4500
7757
1406
6472
3145
9555
9149
8777
8937
3909
7781
1547
8433
3544
6916
2564
5811
3156
2999
8206
5383
2012
1224
4211
2476
3905
4941
3142
7297
7963
3737
3586
5654
2963
6520
5147
8760
6072
7628
8494
6757
7433
7324
1616
3994
6120
2845
4449
1322
5602
9051
3512
2914
2316
3271
9779
6937
6682
697
4919
7751
3973
4774
6577
4062
6391
4768
7639
4786
4496
3245
6411
2408
2059
5845
8871
5685
5124
7027
2392
8501
7493
208
2002
7712
9047
5793
66
885
362
4594
6043
2034
919
1716
3965
2479
6865
1930
1574
3995
2884
222
1103
7341
9063
9210
1259
6896
2203
3472
1084
3599
3590
301
6309
1009
9459
7791
3784
7702
5029
5984
7690
2074
5294
4358
7898
8791
9008
1218
5370
8926
5848
2174
583
4048
3210
111
5290
2287
4782
6604
2195
3400
5932
7483
6224
482
8774
6237
5643
8910
8557
6328
1911
3002
7896
273
6208
344
6172
3997
3627
5886
8869
3690
391
6413
9259
8769
9486
4298
5536
2281
801
1192
805
8518
2426
1302
6976
3029
2562
4997
5546
6494
8370
5293
1567
6581
7199
1927
5596
4542
4161
2149
5529
9674
5098
9482
2911
3991
7567
1397
4653
9817
8000
3547
2166
9982
5222
573
9950
6709
8867
6034
6431
4520
7428
6971
6859
9969
6402
3832
3085
2350
4323
3273
1537
9521
6692
4455
6488
7888
125
9850
4680
93
5722
7127
2102
8559
6236
9080
5037
7118
9647
8414
6452
8373
935
8921
4635
8784
3402
4617
406
8122
2192
1454
3176
1429
9408
4962
4517
7986
4374
6531
2039
5122
1014
1473
6484
2117
1227
9477
5683
3251
8341
5365
6668
7365
3392
3830
5570
8436
4460
9326
9866
8785
6970
2437
8723
5633
3574
1936
5870
129
718
2722
7097
1659
2435
9548
911
2976
4530
5399
6861
5075
765
7523
1864
1859
8012
1791
9970
3505
5061
4025
7914
6835
336
4262
3389
9340
9528
6014
6297
7091
1808
4182
1440
5389
5184
5105
4240
6856
6027
6203
8288
5194
3729
7331
2197
1626
1535
9597
9494
388
1329
8789
7647
1211
8251
1844
5181
5925
9044
1846
4779
1527
8338
7897
539
1634
7552
9648
2078
1496
8139
517
9154
397
71
5350
5537
8060
6510
6383
5311
7313
6900
2509
8340
7739
8584
1533
7035
1104
9683
8025
1572
9566
887
9802
4311
2733
552
6345
5851
6257
7058
8471
5818
9788
8133
1863
5635
9972
1392
4834
6215
7853
276
7240
2527
424
1482
8830
9391
3612
6588
6932
3333
5649
9589
8740
5652
7806
4557
2263
9461
4239
5525
5179
2508
2474
5285
6718
4342
185
6650
5837
7218
9367
2696
3588
8630
3167
4281
7608
3834
5593
2611
1543
5163
4697
2784
2979
7262
9896
5912
4209
7921
8762
4714
2951
6534
6885
3425
1906
4964
4784
9580
6019
5694
2663
2876
3854
5055
8422
9929
2369
4435
803
7144
8132
277
2189
7538
7054
7970
652
1793
280
5213
3360
6232
7264
9581
5549
6250
9875
9598
2495
1182
4788
8246
2947
4253
1960
7304
683
367
3617
418
2900
5228
4310
4293
4839
7226
798
753
4525
5206
2205
1123
7476
5794
3151
9988
6204
1651
2431
1053
6239
6396
8556
4090
7021
771
1230
1532
5715
6688
6412
2707
8741
5885
1011
3888
9105
8383
1284
3522
2958
3798
1041
5564
7451
3013
8469
9366
6648
3724
175
8705
5414
7713
411
6310
4661
7368
9293
4028
2487
6022
2090
1764
1981
1355
7228
4219
2559
9485
8499
326
4891
9097
6545
5517
6062
2639
780
7517
7296
4718
2708
5380
2395
7686
6091
1139
1345
8778
8770
9328
6780
8241
3479
1948
8337
9839
8235
6583
2261
84
813
8155
1466
5200
5801
4368
105
4615
496
8597
4995
7201
6730
3229
9065
4975
4815
5159
4916
8971
6851
79
7385
7158
2462
5279
8220
746
9214
1977
8503
7655
106
612
2677
4237
9418
7602
7084
3354
4317
5523
1128
4099
4740
7974
5749
1178
1675
187
2693
335
5216
2522
2042
382
3413
1194
6293
197
1952
9496
5109
5361
814
6441
2776
8775
4970
4593
2094
4340
6989
5388
8273
1550
375
827
7842
7090
2573
1470
7741
5011
740
4431
5707
7101
3812
6627
9090
2150
5760
5574
7631
7730
3125
5089
5488
8834
1913
4292
7543
8249
4843
8855
7943
387
6906
1278
284
6529
1465
8960
4516
7843
6775
9797
68
4547
1940
9206
691
5928
7529
8194
4087
2653
9225
5919
1197
9452
14
1064
3461
2633
7633
2550
2124
2348
4208
1735
9395
9546
9882
7960
6479
9257
4670
6888
9417
8573
9728
1702
6082
8472
2269
1388
224
7196
9754
8333
7491
2237
4074
1901
3620
1635
1924
5665
6264
5785
3625
373
3340
9973
7023
7295
2886
2061
3923
970
4134
9628
7801
9253
978
2893
7183
2517
5101
6811
8712
5566
9888
268
1159
2173
8940
1052
6217
4207
2171
9061
2682
2942
9120
3577
576
3324
979
6795
4760
5024
5106
2107
5720
7016
1418
1436
7877
6403
3160
9031
818
6965
3046
9706
2103
6017
839
245
3180
9558
692
1057
1752
7067
2323
7060
595
1172
6880
2809
1191
9859
8445
4889
3201
7864
3264
685
9954
1720
7423
660
8212
6
2532
7478
2694
2761
6662
1032
8745
9469
2246
2022
3859
9096
8138
8633
4529
6359
623
4698
7777
4771
2085
7675
6093
6000
8779
540
9752
7579
2219
8832
7018
8265
1372
2996
8576
6883
9336
647
7742
4871
7831
6750
9132
3217
8827
7630
5232
614
8943
2024
1917
2162
864
8136
5580
7759
9084
6890
6667
3957
7883
7857
4330
5003
2496
4335
3329
9830
4607
7711
4439
8192
3222
2946
594
9518
6552
7729
5631
2213
6300
2016
952
7494
3190
2669
8091
3581
9721
3315
848
8981
5846
4420
7303
6879
6335
4279
4675
3076
7836
9098
1204
8585
9404
47
5077
8608
7266
3911
7450
7684
9792
8131
9131
5803
8127
5970
2161
59
2651
1822
3849
1786
395
5457
8665
7814
3339
3556
712
930
3677
8069
6384
2064
95
9562
5151
2417
6047
4874
3451
1272
1561
1884
4396
2868
1079
5345
6380
7718
3121
7354
4104
1474
9059
2048
38
5263
913
8716
3887
6502
8257
4425
1707
3543
6738
5945
4905
4876
9889
6567
8652
4130
5198
1705
4654
3449
8159
5205
8548
959
7147
9092
4684
9153
4145
4107
6086
2821
6038
5226
8339
8730
2211
489
8144
4470
6849
8026
5424
8164
1427
9024
6707
2632
8175
4812
5942
6556
4363
5439
8459
8993
5223
7252
3044
1516
5154
346
4448
870
1089
3851
8287
7998
3565
731
504
1849
6893
5974
9197
9487
2754
2590
9426
575
5153
8405
8465
3693
642
2889
6778
8841
9900
6776
3524
3138
4171
2469
9262
610
3388
7317
7045
4813
5152
3253
1450
2294
2359
195
8447
9176
7113
4665
3007
7012
1468
7355
4669
8771
5761
4129
3003
7225
5842
5865
4992
8795
4589
7401
156
617
1232
9374
9436
3649
7131
1555
2151
8883
838
3667
5518
5867
4758
5782
8560
7191
7163
6551
392
3963
9168
8641
4365
248
2394
1891
7720
6622
2247
5567
6860
2172
7512
1193
800
713
2390
6601
6450
629
8011
4307
9710
1966
6974
5866
4465
3074
9305
7086
8516
72
3542
5490
7923
4710
315
1287
3211
8504
7760
4423
1248
3374
9463
9727
2388
5059
7299
3641
5608
3761
3706
9444
8409
3437
9057
8681
9739
5393
6717
9531
4883
9987
9011
1223
609
1065
8914
2315
7973
2140
5934
4349
8349
3628
8048
6799
4421
8540
3980
2379
1222
2801
7534
3232
7856
401
5258
7133
926
3102
5788
1367
1487
8806
3886
2692
5038
7036
1483
3326
5733
4646
5155
835
8008
8327
7762
9874
5018
1663
4708
57
5397
7208
4450
8170
2217
5171
8150
6013
8984
188
1344
876
2052
7817
1916
4192
7809
1174
6421
8686
4009
5394
5366
4059
1760
3548
4717
6867
572
9537
4013
3685
6261
4428
9594
3875
7427
220
5898
9142
845
2601
3785
4641
8657
4626
2716
8801
4706
2336
9651
5049
6407
4632
7480
6563
295
6732
7399
2851
3040
709
9860
3082
722
8301
8382
1799
6129
65
5953
3492
1553
7213
5021
2980
5716
8880
7170
6801
6713
4463
5718
3194
5441
794
3065
1026
5681
2141
703
370
7247
8790
9696
7472
4924
8632
4932
4339
8736
2132
8520
5562
1768
857
2861
2943
9641
219
5901
3494
6079
402
8179
2844
8123
449
6317
5558
9636
1358
4039
5322
5729
2570
2587
5123
3464
4935
8766
9369
854
9691
3371
6598
1732
5553
7075
1871
983
4890
5947
6824
2265
5483
5554
2977
214
4892
305
6818
6274
8176
9583
1614
5620
9040
9736
1969
8245
3953
9586
6941
234
9475
1391
8596
6466
1637
6322
9455
4254
2049
2253
3306
2873
6922
3059
3844
5419
1183
3929
8497
6356
6553
5110
9606
6114
3443
7005
4579
4828
7693
2620
4842
8700
1771
3322
4144
6618
9687
2848
2288
6467
3350
1667
528
7632
5331
6197
8569
2009
6010
502
488
9854
6012
9952
3467
3927
1350
8190
6550
3815
5542
7661
6609
4068
7053
6420
3562
1678
1173
2785
6406
6952
5545
1506
2239
5825
8428
543
1873
2808
2089
823
2775
9457
356
6185
9655
3173
6143
1420
1813
4139
6433
7238
3842
4046
754
2502
9388
5060
2950
6805
7660
2685
7009
7820
2505
6747
7498
3490
2196
6388
1463
7985
6674
7126
4284
4106
920
5027
5750
7316
5158
8130
5952
7134
9763
1723
4229
9632
4337
9013
4536
2753
9255
8001
5066
1157
8931
8842
9678
2292
9041
6141
6373
6289
6671
7269
7270
3378
6497
6464
6333
5775
7807
1833
6640
1899
9624
2233
6238
2158
2082
1116
7658
6592
2758
4331
2083
6743
7271
3225
7564
8321
2155
1238
2580
8634
1431
4994
7558
4769
1638
7346
638
7446
9167
1980
6039
7015
2025
3710
2607
1540
325
1595
6009
7747
9766
9699
4347
2797
9595
3047
8492
7311
8244
6816
1298
9409
1316
2004
4976
933
8394
3551
4113
9572
6953
9843
340
739
8581
2593
6422
8279
5036
8756
9841
5001
2286
3497
6686
9771
5034
8802
7289
8410
7204
4918
246
7255
6092
9285
6318
1050
9707
587
2575
9644
2401
5284
5371
6773
1892
9245
7028
7442
8267
8051
9267
6716
8995
9986
3840
2057
7808
7062
5138
834
8165
3956
3850
500
9525
7823
799
8873
1030
3523
989
2220
2318
1073
3780
1999
3513
4678
2546
1334
1447
3592
8460
2221
8942
6042
2713
9847
7878
9402
4047
7621
8881
9933
705
7789
3198
4409
9238
3022
7767
3629
5808
1701
3267
7679
2512
3427
5888
2664
1251
4804
5855
4402
3395
533
3115
8319
5157
7581
6366
5196
1185
5111
5052
8005
1978
313
5310
3407
723
9443
7980
1992
9289
4352
3469
9605
1975
6088
3767
2053
8483
1510
7790
6935
4040
251
4887
8300
2937
2467
6118
6797
90
6815
4961
7768
5315
3177
3106
454
4765
8189
8087
2531
2260
817
5605
9099
7153
8526
6245
4923
9789
4555
5185
7221
5431
4079
333
7736
7288
2820
8913
4598
9930
9654
1217
7030
5170
1836
3826
2193
4671
9088
9560
2293
634
2285
9745
4197
5276
9038
3716
7537
5468
1879
6518
6457
3088
6394
4255
6459
5087
9715
4553
147
6052
201
4750
2017
4829
4614
6266
7837
5162
7825
9222
134
7064
1778
3802
6474
5710
3747
7982
1016
2674
7156
7292
2981
8968
1422
2403
3301
515
2405
1656
3406
9375
4728
1686
8424
4950
2353
2864
3753
2035
6696
2718
4988
109
5917
6651
2615
412
6977
3207
9818
5951
3796
2647
2309
7513
466
3616
4222
3279
7244
6198
4537
9115
1383
7895
962
7779
9840
3856
8823
479
6249
2887
4303
2892
2040
199
3163
3404
725
506
458
6873
1339
4870
5986
6988
1910
4044
5387
5491
1063
4989
681
3669
471
3275
5463
1710
8100
3750
9223
1584
5858
1599
7683
9204
8589
1623
8255
7827
2916
8739
5924
81
3768
4472
380
2662
5613
5245
5548
2333
3398
1903
3133
9172
7901
3048
4177
478
2843
2185
7867
366
2148
3068
6071
4756
7662
7563
3594
5746
1983
1275
3263
654
4029
8054
8082
7826
6455
265
7572
3818
1842
8613
6101
7976
7413
4648
2147
841
7141
6934
1317
6992
462
9774
1521
8038
9640
4275
3093
8272
5687
7596
143
7539
4707
7805
8408
1475
8668
8317
8554
523
710
2794
490
7862
1795
352
8987
6610
8490
5738
5069
3236
9688
7624
1319
7859
6536
9646
5356
9811
4033
3411
8680
1425
6015
9608
3117
475
5057
1729
9471
9489
7622
1162
9690
889
2119
8104
6130
8216
714
973
9089
3942
695
4328
2432
3337
3622
1476
6653
9365
3243
8704
3300
2313
3719
620
3328
8607
7682
9410
8389
6096
9348
1666
2910
8510
1477
6067
279
6761
6440
5203
5249
9081
7400
9331
2429
4391
4789
4156
4857
557
2363
3530
2087
851
190
8966
7707
6316
9522
7179
8831
9053
274
988
3157
3827
9974
2422
2284
7032
4590
9015
8221
169
2330
4231
6051
8119
2606
2
2245
9805
5638
1568
6460
2066
7492
4664
2554
7321
7150
9134
2732
1199
9448
2324
2104
6123
3801
8374
9924
6106
1641
7231
8594
2795
3508
3228
493
2080
8626
8805
7002
7112
398
2572
1963
9652
5679
463
2473
9846
3559
2780
3171
4696
9672
5719
3984
2160
9852
4203
4158
6635
3822
485
759
5657
518
2541
5999
1352
1781
8484
3967
7666
8566
6486
2304
8636
8006
8595
6689
324
6089
9035
9735
7935
5854
1257
6263
4624
5355
5193
4508
9357
7487
724
4458
6037
8034
7051
7279
6687
972
852
3583
9704
250
4701
3289
1592
3152
6351
8050
755
4766
2045
3162
4173
3233
4272
9828
2006
4223
8664
3280
2704
6630
7470
4334
1955
4952
2367
8959
4226
4682
9872
6599
728
6244
8810
881
8994
2849
2283
5648
1672
292
6538
3570
547
2957
9043
8347
9281
5799
9899
6889
3638
8295
2108
83
9352
2423
1075
3126
4451
7910
8845
1560
5703
8315
8850
6597
1156
6644
7818
6065
7143
9332
8570
9831
5977
6473
1460
8508
646
5823
5527
8666
8028
6136
331
2111
7456
9335
6495
3539
2345
9045
6382
8387
1815
7573
7174
806
7835
9423
3655
1501
7575
60
8111
7553
1269
9610
1829
9239
7069
2297
578
869
6209
1816
6303
1188
6624
1115
4478
5048
9990
5032
2146
7207
9917
2475
1108
3532
8807
6591
544
8824
1076
3921
9327
4490
9976
758
4388
7748
3462
5040
1335
2912
8381
8474
5612
3445
639
6847
9113
2249
1138
5778
177
6565
8535
6001
676
3172
6669
3770
6393
5664
9542
9569
4290
6282
3743
8525
3952
4841
7641
6554
6914
4602
3351
4213
6846
8158
6638
6884
8840
3158
6499
6897
9935
7233
3477
1919
4137
1280
5094
2191
6426
2751
5288
1184
4264
918
7756
8363
1113
6675
4282
1804
4957
7338
3078
7649
8401
7248
2842
8073
2930
4495
233
1175
8291
7994
9946
2933
8305
7315
5667
5892
8182
7672
9472
742
5078
9941
3470
87
7849
6326
7397
9519
1938
763
5520
7328
3687
3182
8930
3529
4476
3348
7871
5791
1869
152
5442
4787
3635
4858
9906
1245
1281
4727
4321
2891
3894
5826
3027
3847
8722
1564
9552
213
9286
4618
3476
2905
7854
8614
8334
3632
3613
4823
4414
9753
4250
538
3974
1267
9713
4801
5103
2490
7671
9960
9999
8918
8889
337
6809
2386
2068
6677
8911
6427
4533
2242
5121
6701
9301
7593
4147
8451
7136
701
6802
5269
6958
7850
4360
3008
8511
7840
7249
5765
3619
6341
8698
8813
4746
1787
7326
5039
3805
5054
2624
7302
8079
1430
4544
1956
6387
9725
192
6721
8283
70
1124
9036
9709
7210
3202
6579
9126
6029
6432
2740
236
4673
6503
7214
749
6175
3431
752
5338
4519
4755
1576
1699
6633
9962
7937
7984
1904
6099
1396
1967
5634
8955
4572
768
1909
6587
5354
7605
8368
2551
3538
9434
3901
2228
2225
6739
8095
3062
9275
4679
7371
7395
2060
5576
8480
7138
2086
9158
6938
9218
3372
3041
5064
4704
2627
4649
1589
2459
8294
7599
6342
5655
7447
1341
6125
4973
1714
5619
2790
121
8151
5833
1757
4709
7308
7322
1882
5959
5569
971
5447
4582
2806
4101
2960
4183
1340
2712
6748
6049
7995
6608
8311
4558
8856
4026
6561
9414
5595
9456
4937
8033
5025
6138
5869
7521
2810
88
1994
6964
4549
7812
4053
5656
2118
2920
132
4856
8360
6642
4819
6210
5773
9785
3330
729
9658
4510
762
2755
8587
6160
8536
2355
6358
690
1726
2959
5543
8496
4928
2661
1958
586
3607
5455
5688
61
9492
4178
5413
7178
4114
8418
6779
867
9724
9190
5843
5262
194
7312
8965
6235
1244
6659
5563
2907
3568
8178
2501
8609
511
8872
2481
4232
3665
3346
8711
3450
5237
8629
9383
45
5751
1937
3907
5271
4540
6436
6683
4783
7479
2385
1489
8586
191
3051
3080
5273
1216
9424
4849
2576
5621
4195
1838
6798
9618
229
501
8917
6984
8421
7962
6313
9144
5640
3501
8896
4613
4736
7562
5093
2453
8908
3349
580
786
9108
7932
1893
3694
1951
3466
9266
1851
1299
8755
4644
2186
3566
9764
797
8046
8635
5941
7037
537
3134
1166
6827
5168
2778
1785
2010
2366
664
3899
6875
2127
290
5266
7524
760
7872
8782
9772
8933
1410
2440
581
9810
6080
1755
2702
4855
4138
4703
4314
4915
9750
510
5856
6332
7301
7644
6589
3006
8941
4762
2618
3168
8427
1357
2511
2028
3323
8697
4030
8197
6647
8425
2690
9169
4305
8116
5510
9584
6755
9306
5979
9551
7175
1853
4803
2885
1745
1449
635
7119
9833
844
569
6908
734
5897
3705
8780
1195
6319
3601
7359
4672
1982
6158
4060
5466
9705
2396
9870
8809
4398
5767
468
8213
2548
1680
2782
9702
733
1105
2023
4041
3441
3314
8388
4295
9915
9280
9095
1821
9021
6735
4757
7095
7430
5261
9399
8947
2913
1683
1827
5804
1523
7092
438
555
4172
7481
903
3955
5201
2525
2609
7109
6654
442
9650
2411
8485
9932
2439
1984
7014
1370
2471
8207
2241
4146
7031
571
3658
1453
1373
793
8353
9454
807
289
5130
4901
2378
6378
8737
9671
6537
2069
3055
563
0
3238
4943
4987
5010
8157
1455
1282
8826
2319
4796
9744
1718
7685
4390
9075
7907
7723
8376
9143
8924
564
4637
4524
6016
4021
5989
9851
1661
4399
6339
6505
4023
180
7422
9129
6954
9849
5254
2901
6248
8599
266
6962
5135
8219
1594
2276
8639
3582
5456
9384
9927
218
4491
9877
4168
2091
7335
255
9294
6408
923
9403
4792
4446
1161
1740
7571
1923
5438
3726
2065
4772
1379
8065
6754
2077
6758
2938
1694
9812
4822
7171
9165
9881
2436
2898
6631
6269
7692
6135
8200
6156
116
8625
5524
5894
5326
9507
4200
6535
3661
436
7583
3244
7724
5512
1990
3215
5020
5674
4693
99
8591
4584
5426
787
2608
5497
5252
772
3683
8331
7222
2372
2452
3609
9297
8985
6924
4931
3101
6612
1754
3712
3920
5701
9747
6903
2005
5417
9412
3664
9883
5500
1997
4983
9177
259
467
7585
1294
3555
4869
2831
1503
554
6541
4345
1181
5329
7798
7220
2529
4018
9675
4726
6509
7137
5270
3819
3575
3742
9819
5278
9193
9590
4333
519
3119
1643
1993
7165
2705
5669
7996
3708
5476
4865
963
6792
2799
1775
4521
1146
941
1412
1250
6162
9205
89
7953
9480
7940
3098
669
3646
8961
6931
8032
8631
8106
2813
9237
8957
4909
3987
955
6734
9123
58
743
9511
3319
7771
2075
8685
2254
5076
5081
441
2680
816
7931
5321
1330
6796
182
3287
9543
668
3481
1013
4960
115
4034
1231
6514
7961
9181
9858
5108
8574
9827
3650
5186
6917
3428
9140
5632
2271
781
164
2486
4655
1364
302
5202
4395
3531
4066
7307
7377
9288
3382
3800
6132
4938
6222
101
5533
4154
2184
6878
389
332
5
1323
2484
9563
9676
9951
8833
7197
745
7068
8733
1706
9146
5841
7152
8732
1499
9314
7925
249
929
9274
2828
8821
632
9513
6527
181
3676
8297
5958
9371
8184
704
8888
1717
9634
2591
1743
5430
22
3573
3864
6532
5637
114
6458
1241
7592
1737
9914
6142
3025
522
8115
9894
1494
4369
1461
8742
4456
4538
3763
1042
5744
6168
6295
6229
7074
3662
4878
5969
932
9163
9170
4057
4357
5013
650
3520
5859
986
9767
548
3043
3452
5409
3695
1029
5732
1773
6658
3237
6285
9978
8463
9879
54
8320
953
3260
1888
350
8912
1023
661
684
9526
3660
4362
866
2819
4245
9046
386
8555
5910
4454
3782
737
551
3558
5968
8439
7319
7161
3865
4719
3438
1303
9445
5303
9246
2816
8426
4246
1311
5408
4591
5988
6915
369
4370
469
872
6365
4371
8369
2498
8907
5337
3862
5835
3654
7561
2371
6611
5295
1861
1202
6999
1401
9629
6395
172
4389
5743
5724
658
4287
2461
8090
8837
3846
9145
9005
4926
7890
196
7763
4562
5022
6752
5887
3749
342
4373
8399
1688
3440
4097
4686
9694
2409
3521
4884
4778
2544
2270
9553
1878
297
2528
2344
4002
7267
8644
3039
7342
368
4102
4886
4077
6825
3100
2869
2320
3988
8974
6448
922
1114
2349
3945
3178
9997
9016
5347
2096
7701
7821
7310
4356
2020
2997
8102
2374
8231
7280
9592
9884
9588
4471
1807
118
9781
6663
7029
6105
9614
5033
6032
1071
997
4914
4406
5136
5464
8441
8816
1530
8239
3159
2767
1742
6094
8487
6137
562
3485
4730
6866
5296
8120
4118
3702
4326
8819
3979
7205
3725
8348
4531
9187
3305
4528
9216
3432
597
5209
7903
4386
5766
5250
8325
3769
6438
4745
4109
6283
6759
8934
4612
3943
9895
5443
1137
7676
3883
2596
7758
9953
6076
4741
8687
893
7569
6700
8619
1636
6281
9778
5452
7429
9416
7651
5047
5395
7408
5092
1421
5358
560
1493
7499
3855
1700
2649
8125
2717
6699
7452
7518
6652
2099
8851
4885
329
3184
5137
3331
3457
1324
7810
2376
8378
8783
2256
604
5666
17
8731
5332
974
2731
5191
8143
1526
9829
9561
1132
3103
91
1926
6429
2811
7646
3397
2838
1163
4227
351
430
8822
5133
4459
7340
4487
6694
6987
1207
8148
2180
3874
8528
1674
7698
7634
7802
4751
5221
6321
5340
3634
6944
662
3621
4663
5590
5107
141
7554
7969
8922
8068
7865
7609
162
1471
8467
1419
8109
2328
7273
7964
343
9298
6871
6704
1395
1445
2387
4037
2093
1074
9759
9637
9668
5050
4120
1035
4100
5309
2188
3636
2583
8261
858
4545
3483
7181
1122
1096
5686
3193
7855
964
7334
5423
7612
7975
4837
6354
2622
1731
6127
3012
3916
126
240
2631
1538
6040
8464
3308
2493
5169
8891
1203
689
4634
3853
792
1860
5522
4893
1098
7439
3754
3778
9393
2888
7509
7168
4845
9931
5148
8252
8655
2826
6077
1442
9180
7568
283
6623
1005
1360
9665
49
7873
8308
9271
621
1444
2539
3673
237
8142
6812
7410
1371
8229
2272
413
5031
7703
8419
3341
3765
8865
7419
5208
4141
8909
50
3666
1818
9989
2752
145
1668
7978
7861
4289
6720
5384
5944
8701
8695
6605
7149
1292
3147
7122
3313
5673
8187
2054
960
4763
7114
1439
422
9666
9338
6656
7465
4650
531
7959
3672
8542
9058
1416
2477
6894
1905
1375
150
6836
1110
6307
7796
5755
9198
9363
5400
7243
5689
6343
1234
7716
3928
2267
9532
8121
9386
5298
41
7189
1343
6192
9368
9503
2686
6081
1554
8895
8546
3808
3825
976
1061
9585
3711
1480
7545
6899
4798
8857
730
1835
5212
4007
1435
2872
4946
18
5318
6855
7042
2026
5312
7414
3112
7502
761
3200
7260
5611
6439
5304
6887
9062
8066
4063
837
3408
3504
8804
8875
1094
1650
483
622
628
8280
826
891
9762
8706
3691
2340
1044
2867
4251
9159
2183
4354
6298
4035
879
4580
2988
2762
2063
3878
7746
6169
8160
4155
1945
769
9515
6845
6302
8137
8859
6753
992
6171
3487
4816
5378
3311
7411
8946
1136
4802
2759
98
3857
8886
9450
9261
495
294
677
4286
2588
7547
967
1514
1393
9873
7657
9432
2289
4647
1399
8145
5861
6918
1972
6928
2629
7088
3384
8887
9938
3070
1210
5881
5471
1012
1001
6177
157
509
9734
2560
176
1092
4623
2402
6969
4300
4054
9995
4781
1548
5692
7870
5731
3932
9464
8462
379
3073
1022
1621
7360
766
6990
4674
9732
3018
2792
444
7242
4955
4980
8935
4576
9529
2744
8928
1208
2923
6892
4204
3042
4979
3312
9645
5260
6018
6098
2497
5444
5450
9649
6737
6140
9308
9020
2917
1382
6620
4780
6030
9248
8901
871
1640
1144
3246
3175
7098
7239
4573
7277
4627
2871
6183
3495
5955
4160
96
5993
2742
6199
5601
888
9824
5167
6461
9300
842
6769
2924
2621
3090
8721
209
9124
9174
3775
9234
789
6858
6044
2194
7320
1823
9807
2515
7733
7278
2201
7268
5600
9944
6817
653
5591
7834
19
9940
6784
7329
2251
6632
8638
8003
783
4243
2645
2643
2393
4392
8690
476
7477
2236
5009
982
9748
7504
8292
7958
7722
3317
8513
7765
4188
3274
3458
6073
3028
3265
2135
553
9481
2763
2968
9333
1260
8141
2273
7438
1002
3186
9138
6480
5416
8481
5119
4244
3224
3174
7305
9708
5789
717
8654
7838
1119
2248
4677
4123
5074
451
2774
8754
3474
9627
1811
166
8803
4150
7541
3299
5316
9593
6585
1784
5759
7394
8010
8070
2112
9862
1151
7717
9832
4958
8053
9891
7026
5320
445
8656
6634
8583
6600
2212
3615
1629
3420
1283
764
4394
5996
8882
4436
3161
1587
6477
5071
2038
8498
3969
5758
1662
8260
7391
977
1149
9019
112
5418
8729
5923
7922
5573
636
5585
5916
7946
9313
1770
3824
568
8650
4452
8318
7108
9912
4737
8395
8361
9400
2672
951
2954
5963
3405
2726
6442
8057
2729
9372
7431
6919
9559
5950
954
8623
4645
5377
4432
9524
9871
8547
9554
9809
2266
6723
5626
9983
9379
6220
5909
9717
1285
8915
4473
6465
1246
8435
4851
2835
9664
4930
3546
3386
625
9758
1541
5502
4249
6724
2857
2243
5042
565
8493
5616
8693
3379
1498
6978
4270
5584
9307
5139
5017
5713
8314
6521
4747
8509
3109
9534
3869
5871
1670
8336
6655
1415
5534
5458
5230
9596
2919
9855
1691
8222
5231
2765
1834
2535
3067
216
535
3756
7462
7093
3679
2295
6470
6131
1190
4108
6636
3120
3866
9867
6331
1772
8476
6621
4430
6306
7056
2990
3484
7786
4739
3533
9673
3221
9195
5002
357
6085
1571
2342
5104
6719
1380
2356
8146
4350
4917
3038
7955
6764
9517
3368
5535
2231
2895
2764
5938
7381
6643
9577
5364
6886
2899
957
9373
378
4596
2037
271
5065
9980
8906
6789
8223
3861
2222
6929
3205
4867
9621
6320
2728
524
334
9175
9186
3403
5684
4467
6443
8263
5376
5373
9322
1828
4268
2325
5043
9078
6415
8444
1101
7066
815
906
8342
9795
4896
1918
2072
6418
9478
7038
8838
8303
9573
4067
2619
2734
905
4167
6733
5019
4111
1362
2463
2757
6007
8228
7941
7426
5166
2032
7580
5538
6544
5218
6381
8450
5217
3290
1657
8195
7166
4776
267
3755
915
288
425
2008
4346
3688
4700
4364
252
9743
2482
9359
9869
8440
8061
40
5807
5243
5819
5495
748
1625
5398
8975
9094
5891
5642
5467
7142
8452
9741
7402
3448
1456
1478
3116
9934
6516
3975
7011
9039
1433
2852
8550
4656
1750
2218
8925
5863
4838
8709
4444
2604
6920
4985
8108
7788
2230
4527
4032
1900
7510
8900
8523
2414
4405
993
9863
5610
6296
4319
4502
8076
3459
3736
9604
403
6230
2258
1486
1854
2375
2771
7025
7928
9420
8021
2460
9909
9837
4963
6594
9324
2969
4795
9957
3321
5127
4052
860
8715
1724
4611
811
9922
2640
8156
7695
2684
5972
4325
4313
4078
4312
1820
7192
8843
2472
8699
5677
3902
8973
3868
1366
4518
1806
2450
9079
5911
5319
4136
2815
6090
7440
3401
8617
457
1254
2735
7934
1346
3817
7449
1852
9265
9547
3985
9823
8563
7361
2442
447
2859
2168
8724
4417
9213
7103
9576
6645
6035
8434
2170
4128
4126
416
2204
3913
9427
5627
3717
3422
3423
4162
1045
1265
8362
1205
1028
1226
589
615
9893
6681
2407
365
2563
4234
1402
8549
3852
7159
434
439
25
7145
6578
4004
4017
3630
7370
6517
2177
9783
1021
3465
5072
2966
8097
645
4551
5539
2081
2929
9302
9114
2595
5810
8013
4218
4657
1206
264
7530
4791
1597
461
4689
7607
6898
8075
7008
5190
9718
2433
8919
6003
7505
6685
9055
9856
2974
3153
285
5489
4567
1676
217
9918
8718
8052
1515
2187
8835
5006
6246
9541
7987
193
5334
8944
2542
1025
4864
1789
1704
2577
4586
3697
43
850
7654
9252
8124
8820
7063
1741
226
7638
3947
6742
9387
1809
8491
9376
7177
3961
2987
7458
1086
4176
8800
3936
9695
720
1580
2837
3132
4603
5459
3935
7094
372
5381
149
3606
2711
4036
9913
1573
6216
7531
4897
7387
6783
7353
7766
3310
113
1841
6428
1332
7906
9956
6850
7918
7659
1209
6766
1387
2818
990
8268
9964
9256
9449
4248
8324
4920
1242
5056
1389
9355
4507
9415
227
5594
9323
4278
7847
8002
2993
7874
155
5663
5800
8606
8954
3670
6207
8765
1805
7229
5280
8185
6315
896
7544
423
3010
7455
5175
1780
1961
7003
1369
7606
1448
8615
4882
6998
6762
7314
4058
5712
7956
26
3752
882
7388
7880
2931
5343
6423
6726
3005
1020
1976
8647
5850
9520
7674
9342
7899
6226
8047
4633
741
2897
900
3734
1870
7184
5496
3992
5725
5658
9979
5248
8486
6942
1511
7004
8215
682
1024
2365
1054
7528
618
3944
5781
146
546
2956
1048
7503
5239
5083
9330
3766
9435
5641
9010
3835
4692
1826
2581
897
5937
3896
2518
3704
3561
4942
4715
1908
1761
3917
5115
2377
1107
308
9880
1126
6371
3014
3580
1365
1989
2159
532
680
9484
5188
5780
516
3455
3191
3478
6353
124
1446
1534
9878
55
7120
3095
410
9523
4122
9431
1711
5960
2199
6921
9679
1293
7665
3535
2169
6793
3848
7991
8682
9716
6706
8651
5949
376
7784
1288
3843
5786
949
7582
5693
9254
3910
9686
341
7135
5297
7508
9616
1221
7640
8086
7506
909
1441
8044
7293
7475
6173
104
7669
5454
8240
1490
7705
7773
5014
4911
3017
8524
7939
1301
1603
9411
9897
3084
2058
8173
1617
5412
9014
4991
8201
3569
3959
4720
7617
6069
8514
950
1297
6661
1582
6676
9808
5708
9235
138
2122
6453
4568
6194
4110
1803
4276
7416
9133
9890
1959
4820
8423
6902
7162
5973
319
9231
4541
4285
7234
1608
6290
599
2126
2139
514
1235
8958
7497
2724
2635
6729
8117
4375
6997
9804
6823
3703
13
5723
5828
4429
627
2856
7601
241
5890
8743
7418
1739
4216
1141
5617
4761
5073
9141
359
1788
5481
6616
3154
7794
417
8446
2144
316
670
4265
774
4221
931
643
6392
5325
4212
7424
3714
2428
6803
2598
8781
503
2534
5079
8458
8017
135
2565
8515
8768
5134
9227
3986
6108
7753
7
7358
4252
9514
5583
9923
3870
4411
5990
5421
7709
7535
5374
641
8862
9509
779
2331
2721
6874
8773
1684
2444
3733
3537
8020
4299
6695
2456
4163
4811
455
9677
4499
6445
9777
520
6746
1333
2303
9358
895
7875
7263
1129
4978
5957
4464
3633
3759
5873
3602
9465
2110
9304
1898
7216
3682
6193
9270
5082
607
8386
212
602
3004
9009
3996
4477
9219
7584
419
9800
5323
8728
9002
1398
4515
6011
4569
2939
4027
8093
2749
5676
9155
8014
9192
3456
3781
6275
2335
5053
3576
8707
2766
3663
282
8669
1155
862
9712
2098
1929
9351
640
7540
8598
2206
3309
8564
2825
9473
4990
8953
3527
4921
8562
671
7697
8055
3418
2689
2322
8678
7626
211
3463
3971
7519
3860
355
1070
4008
8817
8277
6813
1604
1627
8346
5700
6294
8727
6350
2918
7348
8208
1986
3644
4238
9643
8828
9787
6385
8237
3579
4982
9349
1565
5023
7071
4088
3954
2695
8437
1658
3071
9282
4267
4247
6705
6830
2879
3248
7306
5214
3430
7379
4116
3966
6471
8578
939
942
9996
9243
3169
4899
7656
1327
9786
1109
1610
7392
2455
9505
3409
899
8539
5116
3297
4699
6068
6416
8204
1215
4574
7343
5730
9723
2113
1253
1995
6161
2434
9796
5251
4098
9949
9670
3021
6033
7866
6666
9018
6774
7715
3294
92
505
7412
7082
2470
1504
1712
5572
2786
2594
9910
5257
1091
328
9215
5062
5097
9977
1866
2656
4045
1730
9483
9034
8868
8674
5815
8553
5492
2500
3353
6041
2311
5005
1925
4879
2223
8039
8430
1403
4125
2447
7079
4031
4939
9462
1004
8186
6277
9291
7642
5914
400
4404
1233
4236
42
6146
5622
5256
2051
7415
1413
3764
5220
3933
6400
4193
7274
856
9936
6304
8735
5739
2854
10
4814
1170
6602
306
7769
8129
9125
8757
100
8309
3924
4322
4475
3993
6949
8717
3110
5189
1247
5908
7206
6848
9994
28
5348
2772
3052
1954
1583
2650
706
6777
8343
1049
2730
6870
5392
4468
2846
2970
5829
5058
5045
6205
3343
8449
7034
448
5509
6882
311
9488
688
7407
9194
4691
1517
4863
6314
2628
2652
644
5433
4868
9419
6241
1270
1559
6727
3094
2737
7180
4073
577
6157
8796
2585
7942
3365
8964
5113
6961
1214
2994
5827
2738
5906
9200
2614
8
9861
2226
4945
2986
2031
4934
4794
5541
5813
5764
3744
2412
3434
791
5265
3783
4479
161
6379
4082
778
2863
8113
1612
2244
2644
3050
3536
9757
9119
1890
7390
7151
303
3745
2902
5428
3699
6814
8390
5141
5287
5275
994
6435
6256
4498
7522
1693
6930
1458
9630
16
3732
5697
4880
2668
1405
3140
861
2506
8468
6982
4376
9544
3204
9396
4824
3179
5816
6646
9729
8744
9203
8936
9185
5705
8074
9502
8808
1469
7019
9164
6279
8269
1779
8442
9069
1763
4344
4639
9908
1176
5255
3571
1631
5128
7905
582
4974
6292
7721
665
6526
6490
5551
2880
1619
3631
9669
8738
3197
9959
6031
6414
408
1965
9316
5437
2383
2783
1709
2389
9468
921
8505
8413
443
5501
7043
9442
8692
347
7574
6252
3079
4744
7792
2915
7863
4888
3549
5300
924
453
4437
7404
8660
2062
9966
3806
6872
1907
1337
828
9117
62
2136
2438
5359
7591
7146
6163
8683
7688
7010
5475
2446
2552
8794
6979
5145
6190
5479
9599
110
2306
7938
5899
9048
7782
8167
5084
1082
6833
6714
4881
5671
567
4366
5368
5125
3086
6360
6968
5469
5436
8188
5857
1263
3596
767
6595
8696
7848
1774
8519
5772
4112
1000
4660
9390
4387
7520
8978
7728
3637
3950
223
4191
686
5180
7000
5360
5557
9886
9653
5197
1673
6760
9189
1912
5976
7117
6155
3595
8126
2128
5839
9378
8991
6684
1305
3377
4690
452
3889
2896
9109
3506
2787
2630
2120
7100
6126
9620
7256
8041
9657
7323
8577
2321
4996
8592
6349
9060
7471
3092
9885
2210
3605
287
3111
9963
2803
4093
3433
6100
8969
8611
4407
3640
4096
4261
6191
8296
6119
3885
2250
298
9382
1384
4511
6066
348
8747
4304
8081
6487
7514
8714
2617
5046
833
8304
7882
7635
1798
7948
1792
484
5307
5301
3500
456
4438
5552
7425
6566
2612
7001
2549
4143
4565
8679
7549
5754
8049
5528
2200
232
5893
3518
5386
2464
9609
2070
9343
7799
5831
9698
3124
7516
8642
8603
3303
3334
8453
1127
5830
4484
696
1633
785
2209
3488
1671
8580
6913
8367
8950
9928
7532
4187
4846
7055
9201
1432
1196
6539
8489
3444
4753
2745
1756
2589
9211
1140
6500
8482
7664
7778
56
5420
6569
9751
5448
2011
3809
4805
6909
8210
4198
7080
4064
8478
9150
1946
437
5192
3390
6147
6058
3155
7590
5165
4413
2307
5330
1307
832
5809
260
3069
1802
7102
8529
5748
8153
3307
8042
2229
1783
2339
9660
2788
1326
165
8393
4638
5550
5446
3325
5404
6447
9439
1558
4016
6454
7754
8588
7565
2553
4427
2491
8332
8359
2530
8677
6444
5504
9865
9582
1187
6963
2637
7318
1618
529
7620
204
9037
4861
2834
3813
8171
1062
570
8105
4382
8916
5372
4501
5578
808
7285
3837
269
7078
2936
8083
7780
3489
8059
3352
7040
4343
4621
6087
2945
2973
2240
6840
8406
4159
5921
2346
1644
7587
5998
8956
5895
9073
9320
2312
6254
3137
2317
3375
3296
6995
9887
9136
2890
975
7894
2975
384
6751
1262
1690
9026
7330
6481
1313
8018
7107
1058
4494
1941
1338
5714
1935
3019
1457
6006
4629
429
4993
7132
802
102
9571
4927
1349
5603
1320
3626
6008
987
6960
4944
9232
809
4092
8403
9207
5227
8457
5401
6983
8007
907
6476
6862
5140
3731
3651
1876
8945
4903
8543
6367
721
4775
1831
9661
3129
9085
4800
5680
2739
9981
8400
1932
2101
5625
4906
9961
2314
8372
7105
7694
9826
9761
6060
2822
2584
1593
2465
1970
3144
603
3181
7300
3999
6504
2908
7215
2357
69
5156
2105
7734
3104
7059
2116
9821
2877
3715
4563
5902
383
8866
3276
6844
8507
1630
812
2756
3327
3302
5327
6540
5555
8839
6063
3447
6075
5473
1767
5704
3015
526
4817
80
4338
2850
2603
6259
9441
27
588
4117
8306
3776
8027
1090
8600
7337
1790
6607
3587
8878
3347
1481
5978
1865
3235
8836
9476
1575
4577
7344
3890
5727
8350
4489
6176
2935
3718
4336
6787
7123
5335
7876
9755
9711
9892
5896
3083
6523
7212
2076
6149
5644
6251
7185
7696
8238
9121
5195
5505
1953
6904
4327
1654
736
3701
1950
7704
4105
9433
9916
6337
4081
6468
4483
5790
8351
2670
4625
8202
8354
663
4866
7598
9151
836
8772
8364
6265
7363
5080
9135
2817
9722
1342
2384
6117
1462
5519
7474
1198
894
4453
4258
2398
6606
4826
3727
2875
666
1652
3278
4181
3680
432
2847
9066
3639
4418
9556
3925
8622
8101
5967
9803
8844
6568
5690
9998
2420
6981
7902
9116
5532
8734
5041
5299
7678
5521
2013
4848
4969
782
1015
9848
9296
7350
5926
7124
9258
8217
1006
2659
1097
4351
272
2181
3262
3064
2232
2445
2421
7106
6678
4773
5283
3922
3230
6195
2646
2964
8404
3689
8902
790
8552
133
4902
1484
6901
925
4205
7050
1749
1562
6262
3128
9901
8604
3735
8302
2865
6639
2485
5691
225
5931
2710
4652
1522
3436
7618
5581
3564
3503
7706
1229
2519
9791
3226
3269
1885
550
4900
2095
8316
6691
4666
6390
849
5146
9319
1545
9054
3383
1894
4259
6806
4913
6424
1142
5946
2157
6993
5282
608
916
9226
3748
2329
7241
2998
7851
8282
3900
4377
946
9102
675
5878
7445
1728
3482
8429
9633
8673
5779
5026
810
6711
4810
5623
8997
6838
6542
6857
2492
3610
2406
179
1150
9356
3534
4142
1708
7223
4076
4825
2176
5403
6826
9642
8897
309
4481
6109
3728
5961
7637
94
3498
7155
9191
8152
1348
6167
6324
8099
7148
6679
8366
7629
7115
9240
7613
7041
4662
945
1225
8575
3720
530
7652
7616
2648
1437
7954
6352
6741
4225
1228
633
4127
2133
6268
6334
4721
6048
8479
8092
9685
1591
3978
3284
3338
203
6808
8506
8193
4619
2894
3946
1027
8431
4214
3257
3058
8847
6267
4422
6548
825
6940
5922
7405
7933
3960
1563
7356
1556
3234
2007
433
7294
5971
2561
1118
2298
477
6182
3873
2855
9006
11
353
6715
3938
8517
4898
3608
1814
1368
3593
3977
2513
9067
2978
2115
7047
7971
5615
1615
8531
6945
8610
846
788
981
5114
3804
7253
3554
9451
1010
5161
8035
2654
9714
2123
4085
3964
4676
3647
2100
6221
1085
9183
6278
4493
7797
853
7076
2616
4981
5173
360
7013
2488
4872
9617
4038
3361
2714
8398
6782
9784
7886
6174
2451
4056
8858
6344
1525
3
9835
8628
8432
2067
158
5472
5531
4324
2503
4217
5035
2922
3811
1766
3108
7542
2441
9834
7770
8904
7556
3356
3793
1569
300
4115
5994
7195
4194
8312
9625
7795
6955
7979
4575
1837
5956
3475
6023
1928
8527
5044
7490
5465
4367
1154
3072
4443
4723
7908
6590
3657
9613
7912
6189
9086
144
9567
8183
3473
2130
5292
9224
4353
4412
601
2540
6768
2252
2364
1300
591
8071
7173
4705
6576
9023
3419
7486
4095
1273
5821
4731
1590
6986
4759
9458
7832
1200
8725
4514
9049
4948
1812
2182
5028
3045
6923
9680
8385
6196
6228
9857
5696
8112
3066
108
1531
3231
7473
7454
5860
7083
9775
4559
6664
3208
3460
9864
4793
4688
2736
5668
3791
6152
6973
8198
3442
1512
7254
8357
5324
4853
8952
6409
9052
2361
5645
3510
414
4616
7443
4578
3659
7073
8815
1600
5592
648
420
9074
6219
2092
4506
9868
5177
1354
1703
2802
4140
9697
4685
9209
527
3645
9845
3118
9498
9250
5943
8384
253
9776
9392
4513
4965
407
2454
1295
8860
1719
1249
1500
1713
5792
1451
7194
6876
943
9564
1131
7193
4175
1279
1179
6144
2354
5515
7967
1067
74
8162
4724
4103
7650
4998
1488
3692
39
9822
3282
757
1428
1177
7052
2972
6905
9453
8417
3841
4186
4089
3123
2805
9905
4831
3426
142
6074
5150
2027
1351
9147
5796
2989
6549
8605
561
4836
9937
1753
9985
5740
6670
7057
4564
82
9726
1725
5726
3209
7588
3380
3370
7738
310
1037
9263
4509
330
7024
6223
1762
2030
937
6057
7096
7668
3696
1857
2556
7913
5453
7500
1602
9626
6095
8582
4230
1087
119
1874
8266
9622
1180
1847
6498
2597
5568
8227
8456
9579
8415
3511
5402
2334
8224
8749
44
349
1464
6368
1796
1867
258
396
4940
5487
9100
4170
2370
5328
7070
2904
5493
3105
9971
8149
6102
9162
7464
9
5639
2773
440
4797
6469
9838
600
6957
385
4442
9276
178
1459
3391
5268
2457
9814
8989
3567
2427
9249
7099
6325
1078
6434
6615
5342
8787
4999
7869
9770
3845
2523
6153
1991
2478
1665
5390
6375
7546
1164
738
3053
4729
8684
3681
8262
5736
8248
927
307
4291
2489
6110
2558
7087
592
1797
23
7484
7968
2768
7860
4712
5889
9389
4308
9370
4986
824
598
1068
7081
9749
8713
4419
2703
6519
8663
5187
5836
6404
8534
3904
6558
2458
4951
8154
8264
6831
4131
1220
7006
6512
4743
1072
7815
9042
1121
3192
1653
694
4485
8040
122
3642
6555
3934
1331
6201
7467
9447
8438
6369
7187
2971
3189
3357
5571
8181
8242
6187
9130
5313
1077
9050
6053
9242
7950
8259
2088
4636
9064
8323
6397
7488
6807
247
6419
5587
5474
4084
7048
3730
2642
541
1964
1971
2274
2700
5662
1957
4971
1840
1733
6181
2227
393
7258
8798
2352
7904
4738
6255
6456
9663
254
2382
7785
2932
7129
626
6570
6330
7714
6562
6703
9497
708
1647
7495
1655
5964
6967
77
238
8976
4827
6756
2547
8031
6202
2925
8746
1744
878
5494
1931
1169
7977
9719
296
3721
1613
4651
1497
1943
9228
6843
536
3507
3035
2746
8927
3926
304
85
6139
8461
1017
8814
6951
327
7525
3057
459
3879
2760
2605
1081
8096
3367
1539
3060
4301
6417
491
8293
3738
732
107
9353
2723
9557
1588
8750
3572
4847
9118
9199
9446
7245
6311
34
5783
1646
5670
2586
8899
7128
9939
2582
5277
9236
8345
7594
9028
8983
1596
1609
6672
2569
7989
2671
4315
4133
4977
231
2747
2381
3220
6528
5129
7121
9500
8326
4818
3684
8455
6437
6398
7775
8544
9600
1051
168
36
5362
4659
6200
7909
2327
7272
9354
5721
995
5351
5112
7085
3757
3509
6770
2687
5357
1973
6451
7885
4271
8530
140
2791
7755
174
5709
1417
9072
6868
6603
5391
6463
6728
3148
9760
4560
1825
5604
6626
6571
8335
8250
3540
8412
7761
8036
9212
5353
9540
4288
8753
171
7453
1696
6374
9182
6070
8759
4854
8761
6994
8627
3227
6133
2862
235
450
5582
4588
8876
6178
4716
3256
53
6781
183
6582
3779
508
6596
8893
3990
6712
4383
6113
7677
9421
2691
2278
4725
5415
4257
4190
4503
8967
9638
5561
8788
6151
9284
5302
5240
863
521
1777
7952
3496
6128
3700
8488
4
2812
2109
8180
3031
1758
7822
8411
3258
9635
8307
6744
7737
7811
4604
7830
9530
9574
3089
2657
6159
1158
7578
9615
5477
6572
7276
2789
4767
63
4799
7900
7389
8080
6272
3166
4809
3787
5514
5695
8870
7600
7732
5661
5659
1093
7920
5225
6021
390
6665
2800
394
6708
1328
1578
2543
5149
5868
6280
2599
2153
914
9684
5752
2526
5349
6593
674
1968
5219
6508
4228
2634
1681
8545
5820
3707
2667
2832
299
6939
6533
2084
270
2134
584
3247
5117
228
8477
1438
5434
6619
4296
3468
5915
3355
2167
7611
5317
2310
7951
9350
1066
3216
8030
5741
5204
3557
8258
6794
4643
3773
7250
1551
9000
5876
716
4522
2823
3643
8118
3516
5624
7680
6242
3774
7828
3713
2302
8923
3024
4610
3206
8247
5090
7017
7489
3285
6613
2277
5503
3898
2044
492
6877
3553
4280
6370
7444
9157
3797
9437
4832
7990
6800
5008
8407
7595
9742
7336
4372
6134
9460
4072
9656
2373
7125
928
545
8533
8416
1520
1998
2018
4220
8254
4005
3033
8067
3792
4397
3541
8328
4754
784
8920
7824
6478
3056
3277
619
399
4807
8616
4050
427
6491
4658
2568
9943
9241
8612
9001
1039
2299
2516
3032
3266
3399
7663
2468
3858
8218
1019
4733
1722
6839
4199
4606
1018
3678
5120
776
2290
6575
9397
2807
5199
9287
880
9407
6948
4071
1472
9550
5900
6947
1570
6247
7309
1424
7667
4049
7829
6004
8884
9321
796
8088
4785
1988
934
3908
371
5875
8023
3036
8285
6628
167
534
2909
5498
2255
7623
6104
8243
4135
2769
9746
9087
215
4401
1751
9535
1944
5100
8286
3099
5461
2675
431
460
8988
4833
1160
7485
4003
6346
364
7603
3239
9312
7111
3589
4548
4581
6270
9380
1748
7536
2033
9277
1111
843
631
9733
1143
9738
5506
131
24
9813
4070
8225
5599
3983
8512
480
4210
9103
3652
7800
5233
1043
1315
1411
5797
7945
507
7203
9377
103
966
497
5164
1277
8284
5016
5706
8929
2521
2566
9820
7049
4332
6430
8278
6810
5774
3385
8313
7841
3674
9278
1056
804
4316
7911
1698
4019
2665
2921
3345
8649
67
9264
5756
2750
7527
4042
2814
8056
6107
9317
8767
3394
4642
6002
9077
5305
7190
9533
4297
5879
8475
1715
7993
8211
1266
908
912
9137
7813
9790
3165
4393
4523
8470
339
2156
9816
1632
4735
6446
2874
2291
4180
6740
8982
5920
2683
5678
8043
8344
3259
7435
5882
139
6543
3034
2175
8168
6025
8703
5242
1189
8084
3136
1356
2419
1921
2106
2881
6389
5874
7511
8689
4094
6184
1274
3114
727
2499
9056
1083
8892
6832
8166
1374
9385
7333
1622
6347
7844
2967
7776
3939
7200
7257
9799
7689
5852
5000
707
1059
847
9202
9269
7839
9360
6336
651
9029
4153
5935
5007
5933
5769
2533
3359
1996
5336
8177
6121
4157
6767
6483
5556
5308
1611
75
1099
4583
3424
4895
4835
2466
656
4749
8903
719
3880
6891
8072
2142
415
1577
3919
3054
3810
7367
1877
1336
8799
9017
9244
2264
263
5234
481
2949
5126
4601
8675
4668
9948
3872
6842
9836
3412
5088
9310
2071
6288
2839
2296
9007
9920
6449
1040
2641
3363
7804
3366
2143
6112
9681
5814
1400
6649
7357
9975
4233
673
2279
9667
5559
3000
898
4862
1467
5824
9578
2238
4908
9619
3828
3499
8140
958
2214
5903
5847
2623
4169
9659
6233
2715
7110
8379
5306
4010
128
8879
4550
7749
3009
7373
9602
8203
9527
4148
1544
5660
4722
7436
2697
7457
9689
1434
4426
9575
4263
8590
699
4408
4381
8271
205
7858
7965
1378
9780
262
1102
86
6405
868
5132
7803
6287
6834
968
3948
1914
6864
7944
7154
6546
5646
4956
9815
5784
1236
8898
3127
8763
9967
9682
613
7930
7725
37
9295
1381
7332
6629
361
4667
1385
4554
8234
1479
2658
1112
7548
4091
9591
2673
7881
2840
1219
5540
5918
8579
1642
8786
6240
8495
9093
8752
7374
5849
2841
6329
3344
5965
1153
2833
1060
2000
2510
5369
1682
5929
4306
9004
4488
6286
7610
9955
556
4713
3962
3545
5346
7327
5864
756
2781
6819
46
8938
1423
2154
715
4912
6061
5091
7992
5429
6399
8094
1046
6115
5589
3298
3788
3786
3746
404
5144
6005
6617
261
2163
7687
4561
5547
5526
1649
2537
5832
8454
5753
1848
8571
2050
7345
4959
9512
6206
9429
281
3001
2137
5586
7160
1359
2706
5904
3807
3304
8521
2678
1933
3623
4256
3820
9539
1736
2860
4185
9992
865
8792
8098
3968
1801
2215
1318
3493
8846
4695
2224
6496
5291
1832
4215
747
446
1055
1513
5872
3526
6188
1529
6214
1660
7597
9607
9283
7983
2268
7735
698
9196
4124
7783
6338
4526
7887
5575
4294
6305
3075
8024
1669
6212
286
7157
5995
9501
1135
5339
1414
5618
6386
5435
198
1624
8648
3972
4469
7286
1291
8037
7917
775
1939
5983
7235
8402
8748
9344
1979
6791
8355
3414
3332
1845
9107
6772
9737
1008
1240
7211
2362
702
7077
9499
6790
2796
7437
9902
5385
5711
4000
3563
3252
4492
1759
1920
7039
3288
4024
243
6731
969
428
5771
8593
120
7653
4242
4539
7981
8848
7936
7169
2443
9853
1286
9104
8392
8849
9032
4622
7586
3281
4164
186
4051
1518
6211
9290
6749
3514
8751
8397
7364
2699
3528
9504
8977
3833
9506
6036
8371
3624
4224
855
465
3410
672
9111
2347
2164
7217
9083
8209
2125
4302
7459
1895
6323
8103
7468
9220
8230
9364
8829
4681
9221
9538
5822
2602
3016
1855
3429
3218
5070
78
7046
6852
3970
1810
3364
9720
7227
293
744
1426
9184
5259
8375
5717
8276
8885
9545
1409
1606
498
7186
9693
1261
9570
6462
6821
3471
1289
5636
9793
3141
8670
2300
6907
464
4378
3915
5099
3816
7526
4790
5272
3061
5742
4907
1747
6926
7403
8970
5936
4556
3213
2165
3318
726
5762
8169
3867
1677
2928
7966
1962
200
9765
1239
170
6820
7625
3502
7947
9401
4953
2798
4379
2882
585
127
5884
820
9984
9422
1915
770
4949
8811
9325
7164
426
5281
3949
2984
3777
5516
884
9945
8330
5880
2824
7284
221
1824
4808
2400
9623
5737
6829
9161
6097
291
1889
7833
4445
6515
6910
9958
3376
3037
7879
239
773
4201
3486
3981
5440
2332
1276
