972
1166
4831
5951
2298
4351
3386
8345
2969
2936
4920
747
230
9811
1175
2707
2585
9400
4527
2642
4737
4440
5323
5110
9764
6852
4595
7376
8310
6029
6598
5521
5871
5382
5291
6098
2105
5490
3810
7128
6992
4592
6165
2780
385
6953
6200
5242
5641
6553
6346
1895
2660
2641
4113
7320
2342
6434
2693
280
4899
3214
7722
572
7619
1912
9891
8281
4985
4918
7366
3706
2327
7893
178
8925
8018
925
3595
288
8240
4934
6539
2307
8853
2199
3114
8550
1074
569
4045
1226
7837
686
571
1583
9632
3777
3370
9322
115
1942
896
9694
8246
1723
4691
5954
8083
9339
8322
6945
9129
7943
3381
5593
2944
5661
2920
1417
4573
4317
1424
3243
9418
9294
8738
4277
9043
5
7187
6774
9025
4795
3941
9858
2229
4398
5175
6300
1914
1320
9717
7748
5437
7825
1373
123
7340
6595
7950
2224
8385
1399
4815
610
5140
926
9702
9094
7488
9347
3526
7412
2437
9947
3633
3679
3960
9648
2000
9674
6031
7020
8141
8834
4981
4841
7780
7258
6917
1106
1308
4093
4187
6278
9629
3728
8958
1943
4594
4547
2597
6860
4363
5955
389
4143
9925
814
6723
245
9495
8391
7579
8158
7534
7379
6125
5921
3211
8541
4330
7648
1722
9436
6391
6835
2417
6213
3473
3136
845
4457
9748
1506
1064
3311
4743
6509
5913
3693
9286
7857
2548
4150
7659
3744
6033
8870
10
7745
2801
6303
9853
3343
5906
5067
2207
9566
9417
8933
6356
390
1259
3980
4446
7657
7220
5520
9459
4963
7314
402
5409
723
3310
8674
540
4722
2756
8796
6946
7555
1212
6133
1411
3312
227
5656
6114
429
9839
3266
9024
4905
9739
1021
4323
44
5131
6570
1103
7607
3022
5914
7391
5709
2042
7911
8327
8661
4248
7569
223
2303
932
3012
3490
9501
9822
9527
7850
4157
6044
868
6184
8069
7728
4675
6092
6703
2494
2950
4123
2120
1961
1364
5804
5916
119
3724
3978
7874
8828
2421
5171
6738
7944
6524
2133
7457
1607
9650
6312
4868
9057
3767
6335
3308
1685
9800
3581
8914
6547
9174
9963
8160
7243
4184
6258
5599
5516
6820
1085
6327
7566
981
9971
8394
1524
3205
2830
9335
4619
2035
3736
5798
2012
8708
4504
4031
5222
1671
2299
4030
2537
5310
8126
3244
1456
498
3815
2193
7207
9892
7746
4122
4470
1020
9165
3375
7098
7847
2652
8225
6721
706
1006
7979
7602
7427
369
6025
2943
40
2709
370
3396
5873
6394
8176
9559
9795
2290
9067
1908
9299
291
3252
8864
1551
7046
7007
1501
7698
4018
3889
252
7368
3654
8892
6599
5375
1623
435
4055
1209
8032
1930
3640
9530
5676
7495
9585
510
2976
6900
9238
416
3956
4588
4006
8830
7988
5544
655
105
6344
3703
441
6412
5470
708
1810
7899
8405
2373
2800
1357
8711
2796
946
1893
7833
6744
9586
8572
5254
2160
958
4942
3405
6718
206
3912
3677
3850
220
7996
4142
4763
9509
4074
2960
7622
7806
316
4894
4614
5671
6631
4611
9791
5986
4562
7584
2184
497
2952
492
6591
9342
7861
9032
236
907
2971
7916
7479
8943
404
4587
1122
9368
7440
5071
3042
9669
4849
71
5116
4531
2112
7166
7623
2151
2333
1902
656
1468
5697
5826
9571
9291
8527
3626
7942
2949
2493
8477
1610
5112
5286
9690
3301
2272
9108
8416
2061
3075
2108
1566
4191
1093
1017
2205
2692
2598
3393
2428
449
8400
9582
9681
4865
5754
3268
8733
8105
9079
9345
3821
7365
4974
9267
6973
4107
8020
146
9346
2396
4679
9736
3501
1676
5922
499
8804
522
9751
2808
4429
5403
7369
947
1522
4270
152
9926
8458
520
7604
2027
8092
7887
7926
5309
4791
4480
8084
1418
7008
555
7141
3734
5139
4072
7388
8528
969
3990
7475
156
5443
2687
3659
7995
6388
7273
3246
5346
5394
5097
5721
9179
3166
6938
5002
3347
4785
29
6504
5820
3105
7499
1018
7011
5223
2558
9607
2163
2779
7736
82
5666
4307
4741
7050
7459
1586
5475
7778
9130
4829
9041
734
3936
5203
7180
806
4454
7655
6805
9615
5226
2673
5288
287
2742
7649
2278
2336
9621
5091
2239
7940
2629
519
9924
8662
8587
9076
2418
2577
1712
4175
6368
7142
448
1634
5305
5901
9431
6699
6216
8504
8647
2547
2739
629
9753
1710
6720
2825
9763
3149
5944
7816
6287
537
4356
3521
3317
728
5325
4430
1078
3368
515
7661
8493
1274
4536
9403
4276
8164
9005
3622
3758
3635
7818
3322
8000
8101
1164
337
9354
6050
1292
6986
5395
8728
3441
7947
7912
7380
7031
8321
6660
6353
9198
7533
7928
8465
2649
3044
5650
4091
7695
6798
3808
2248
1179
6786
3658
7408
4014
213
5282
5722
6201
5815
8755
9882
7236
1075
807
8700
1448
2908
5710
8243
5758
5248
1553
202
9706
5279
7802
6678
4162
7019
9946
3497
1359
6627
5581
2852
4927
2235
6061
3392
8609
6417
1158
3820
6626
4705
2507
3369
1351
3885
4580
674
3462
3247
1865
3991
2202
912
7904
8443
6746
3455
4612
6339
4361
3614
1163
4097
7824
2093
3425
7160
7706
4195
4135
3544
5441
5740
9106
5534
2432
7354
5933
8746
6462
3602
4574
6285
3284
8491
7224
3164
6980
659
7676
4153
1727
118
6706
3651
9193
2765
2454
6523
5064
3206
777
2699
678
6508
7597
4232
4510
8801
2529
5418
1001
5474
6582
3111
3918
6685
6794
3891
7315
548
3878
4205
6435
5086
6565
2399
9597
2622
9920
9188
2044
4080
6767
6593
5373
6866
1821
5421
2729
8883
7687
9799
6160
7043
8713
6857
939
2320
4180
4559
148
4062
2879
6772
5210
9336
3203
8913
8331
1802
1242
8497
5102
3623
2150
5814
9828
6157
248
9180
8039
6453
3726
4115
5021
8231
4596
1840
9692
1300
7525
3141
6156
5335
5789
3107
7496
7811
7650
4394
1144
2282
8999
9029
8525
7946
5336
546
4104
4126
1873
299
3067
4206
8102
5602
5127
2948
7383
2785
4479
8312
7028
4901
3139
1050
5827
3083
2137
1438
6163
716
6305
2682
3795
83
3197
4721
9163
5027
4715
8543
3052
3563
3752
6015
2125
8136
26
2798
9376
3471
7125
5505
4984
8624
1130
1747
4453
4723
1437
3353
2122
8200
1560
7070
3142
6628
4624
5616
7670
3499
3785
5424
5115
9722
6675
4468
3809
6877
9358
9362
1852
539
3048
1493
971
9159
2792
7375
1238
155
8228
4875
6196
9523
1161
2681
8208
4007
3522
8823
6402
7321
1772
8990
430
81
349
5925
3279
1310
1241
1334
6909
8146
8820
1695
2651
8649
6433
7439
5778
9479
4805
6037
4911
3360
3842
968
6998
2143
3390
3962
739
524
6994
4204
713
8766
667
9028
7576
965
4945
4626
7754
2719
9249
616
4900
1900
7026
7359
6445
9223
2068
9977
1451
1047
5476
7405
749
9251
9863
8213
9956
7397
3831
5964
2433
7892
7278
1304
2688
880
7711
5429
418
4995
7629
9814
6988
5510
1490
7074
325
8475
8484
3456
3685
3491
1974
9168
5644
114
149
6345
5617
1392
3772
4569
2565
9961
6995
4431
2109
8211
698
3329
6369
1967
2349
332
3702
8089
9543
2289
2107
7451
9454
9911
9981
1342
9914
5651
1730
3780
463
9557
264
5629
4434
5842
6806
432
5730
3666
3793
9297
7
116
5466
3794
4485
9284
2247
7355
8404
421
256
2933
8751
4340
5870
9397
1494
6922
1595
5886
3913
9217
3835
9132
9157
9037
2559
9691
8627
1346
8283
6719
4762
1979
8680
7181
5797
3735
3849
6074
1590
3008
2754
9082
1959
7465
8202
2892
5458
811
9969
2737
1114
4724
4670
6149
3665
1574
1748
2111
5942
1285
3063
7785
5199
9547
4666
3408
6800
8486
216
127
874
2824
5542
5093
5446
2570
6169
8807
8931
5627
2784
654
1482
6793
5445
1622
3520
4264
6901
4161
3315
2509
8155
5125
8643
3359
6132
1897
956
890
1065
8437
7840
368
4392
710
8874
941
7756
8778
8552
302
6557
6027
870
4940
8413
4693
1784
7419
3029
9743
9268
4907
9862
871
5051
5031
6748
2387
6827
3038
9731
6017
7501
2214
3030
817
4946
3636
9406
511
445
662
6272
9670
2762
1383
740
3309
3923
6446
793
6859
4804
8567
2400
840
829
7902
2843
9154
8014
7332
8292
2628
7212
9109
9264
420
4692
9733
6550
1844
6587
6351
8503
4538
4388
5289
9573
5104
3036
6611
6299
5506
8716
5264
5168
9896
4517
3768
4139
3412
759
9590
4063
5928
7624
9517
9626
3972
5410
3002
1983
5958
8855
9036
2074
8977
6538
5514
6095
8279
8654
4862
7703
4797
8402
1528
9027
9077
779
2905
1398
2070
9308
2401
9802
1257
5628
1763
3984
5994
4686
9086
6155
1415
1762
8798
1463
3239
9169
1746
3535
6214
1447
198
3947
8781
8794
12
6183
9852
6342
5822
3999
3873
7144
4208
5564
6853
7918
6251
6549
5869
8233
1898
7282
4839
5992
4774
2823
2958
9338
7079
9124
3992
997
3023
9105
7548
5432
3750
1343
7798
4042
9107
145
8693
787
5686
3089
4825
875
2717
983
335
899
7088
2560
8599
9784
770
4964
8857
4908
4147
6176
1778
9847
2382
4305
4496
6830
5983
5005
334
4561
527
173
1581
4308
3160
5518
605
8808
3532
5831
5864
9113
5351
3090
1568
9207
4883
1458
2266
2923
7415
7858
7755
2492
2811
3575
3020
6931
1088
415
3865
3593
6106
9806
5880
3959
4843
2174
56
1243
1646
9596
5078
9516
8522
5018
9323
8732
8337
52
761
2751
9868
4977
2850
5174
8841
9560
5142
419
5702
9234
5455
3256
4525
5613
9499
4279
101
5013
1987
9349
2226
3101
3603
2503
8714
5428
3374
8201
9685
6761
2470
8645
8031
4913
469
5099
4179
7177
9147
3444
597
9778
7023
3103
2730
9340
6038
3152
6271
4766
3295
6451
6075
1452
259
9776
5588
7975
9136
3538
33
4886
2789
2919
3172
7271
7951
4819
2922
7497
905
6892
3253
73
709
7653
8186
5642
8215
3869
6094
8868
1353
2983
7241
1761
7361
5995
5100
9134
9404
9801
4988
2223
3680
5313
9546
1098
2152
3649
257
4166
2460
4776
8232
7091
9984
5704
8309
6717
2578
2525
2291
9536
603
3292
4937
3059
8428
3903
2601
1282
2857
9618
3874
391
5207
1982
860
7120
5733
4374
6577
1032
8269
6571
378
4241
4057
4529
1795
1374
4802
4833
2550
4053
3102
7217
4650
5381
9118
6673
1628
3345
7209
8267
5353
5407
1111
585
7819
4170
5879
7240
7901
3127
8130
2231
9379
1062
8983
6813
3352
9820
5000
2555
8429
9000
1868
7203
79
1119
2352
42
9964
7374
2220
6456
9278
7424
1876
9241
5574
7740
929
5077
8825
6843
1273
556
3852
4464
481
5322
5158
7272
6690
3387
7127
5122
366
8426
487
5677
7038
8638
5426
3076
3496
5601
5046
4438
2604
7669
5196
4315
3811
4231
9121
1107
7878
8245
4151
4458
1089
2293
3662
8107
4856
8043
8967
5825
3799
1758
6669
9955
7660
1985
9805
7788
979
1860
215
1227
2260
3403
824
5185
6858
5244
8045
2250
140
1990
1938
5580
2490
6377
4738
3813
7737
7810
9206
1323
4739
2186
1113
8134
4301
3418
3517
1888
1600
4956
8332
6218
6194
2501
962
3525
7493
8536
6464
336
5070
4637
7637
9584
5744
1026
9246
9511
1148
282
8009
2412
2980
7190
4303
4987
6758
9494
3188
6371
7265
4887
6028
9888
782
251
66
4803
3901
8865
7054
3805
7593
8912
5959
2473
321
8336
7876
1389
3836
5511
3599
1082
3882
6488
8273
2834
2605
9053
9775
9979
9844
9266
6559
7093
6518
5371
1480
1410
6990
5337
9562
558
4882
856
2982
6070
2047
6976
6266
6799
2887
3212
1174
6848
7234
7763
64
6533
7202
3608
185
2733
8893
1362
6515
8191
8779
2533
8815
3790
3275
6355
9578
3995
6951
9148
3673
6884
9709
6754
2788
8922
1394
7044
247
7005
9143
5663
9051
4827
4556
1312
2587
3071
4036
5941
1092
8795
3221
4684
7420
7984
377
581
5008
6643
9874
8859
9333
1466
4168
5947
2194
2106
7441
2500
2171
7507
9254
1289
4269
7086
6930
5586
757
5577
4447
6910
3320
2481
6801
2637
4001
3058
5788
1649
2583
2995
2978
367
7077
3973
3694
3363
1559
8363
6461
1706
5166
3645
8724
5173
7337
5124
7515
6634
9011
3382
1675
3402
1924
3235
9539
6619
8565
7090
9271
1143
1667
1759
6592
8399
2245
5999
4260
990
2759
8898
7620
9430
6442
9719
2880
1606
1199
8111
6420
2001
3588
8483
9647
5967
8236
6173
137
7568
2817
8187
4156
4914
5231
9078
4676
7784
9318
5614
2990
2804
7965
2530
5399
6000
8120
8803
1703
934
2411
1601
6192
5504
214
8097
400
9205
3893
9287
1585
3024
769
2832
403
7062
266
7704
4642
2098
246
7714
1137
2087
4465
9258
3731
6542
9978
6363
9841
9491
5260
3778
6797
9821
7618
209
358
6609
508
1476
9721
4950
9380
4838
6974
5113
279
1735
5519
7214
8651
3431
1157
317
8108
2348
258
7341
7913
913
3104
5217
7029
6179
4023
6781
6151
2623
5180
5965
3167
3920
9949
2244
621
5300
3964
6818
3798
9556
7987
3584
7389
3222
7929
3546
7418
6260
7884
9314
3483
4631
4325
1750
3135
8822
9915
7270
2374
908
2029
692
6777
488
9009
1218
7855
7545
2893
4706
7394
7673
307
4362
2016
6323
3565
7658
9030
9707
3472
4125
1405
4710
3917
5899
3769
2842
2277
4623
8304
4163
3119
8730
1422
9232
6144
4284
414
221
6960
9831
669
1682
2526
1839
2036
109
2910
2663
180
1592
240
1108
4411
5793
2891
9413
1440
1430
5285
8633
1007
5144
9842
9793
949
4461
9788
9432
6961
3276
5918
5014
4557
1328
2365
8596
4952
4881
3319
6594
9673
6963
1366
6511
1186
804
3738
5384
22
4228
8653
3163
4094
3397
7140
4167
1177
8323
406
1419
649
3915
2233
9237
5063
4923
1857
5734
503
8641
8752
954
2331
5621
199
2496
6126
7782
8648
9269
8535
8044
3108
4261
6532
8392
9477
5726
2482
2647
1910
5137
7467
3040
1625
9423
7801
5050
5416
9006
5214
9144
7055
4262
5341
6035
3346
6005
8829
8872
8520
3682
6127
8523
1975
3814
9850
799
1388
8509
5795
7684
275
3605
7514
8777
4790
2803
3510
3553
7351
8354
4433
6
7757
8887
4222
9145
8131
1922
7881
9262
4177
1626
638
6237
2795
2227
9678
4646
8277
6045
7697
6639
5339
6373
2256
2611
5200
6209
1023
4932
6710
7977
128
6360
1258
6283
3435
4259
6378
2357
2665
7434
1180
6197
2380
47
6764
6494
5348
6641
4780
6297
5183
9482
9512
5419
9973
5037
534
8011
1724
1887
9870
4973
9713
8982
694
6375
9044
9478
465
9923
1877
2371
2213
1141
7742
9787
7549
3145
9757
7773
9355
1725
6635
387
9726
7267
5430
8360
4089
8452
988
1503
4141
9696
3305
6728
5675
764
5920
800
9772
7519
2504
7712
4456
6097
7461
1818
549
4615
4896
6962
9312
8122
9628
6362
3968
1347
2462
2201
9016
2104
2639
6104
6578
6564
4659
8210
3215
371
1046
599
4054
8960
4334
9622
9941
9065
7137
8300
7733
2885
8529
6822
9350
1033
2147
2514
3696
2988
4524
1827
1575
9273
2435
9666
9247
3014
8287
8021
3516
7053
6228
7087
1556
1337
8196
346
7921
5461
2358
217
5555
6517
3607
5767
7652
2711
6713
6964
931
4680
615
2502
7993
7348
1997
9097
8544
6729
3234
1095
6319
3653
9972
8481
3073
9704
2212
1812
7567
9680
2439
9741
5449
2270
3892
6897
4311
1641
97
517
3189
4852
5890
2858
456
8699
6471
1664
5557
8727
2734
5192
5747
2323
2519
3087
6537
6957
6013
7066
6482
9111
7721
9833
3260
289
4697
9186
5501
2999
8800
9520
7968
2694
1604
6630
4808
3871
3801
8908
2057
6083
9514
677
8144
6357
9857
8116
3823
4033
2617
6839
5422
4373
425
1926
2984
7371
1573
6460
308
5856
3925
3844
7401
8499
5255
1358
3884
2232
9771
5462
6291
6241
3668
3069
3358
2319
1045
7334
7089
1409
7274
3000
3257
3373
1627
374
5074
5161
7903
4186
5756
4734
4119
2023
1843
1793
7883
8250
322
9425
5882
292
4387
9405
650
2640
3746
8816
6395
6982
4855
887
3573
7510
6520
1958
4740
6646
4220
7766
2627
2689
19
7239
6340
9256
1003
8138
7986
8374
632
9663
2370
4382
9798
6230
742
4917
684
139
3318
7386
3453
8605
3743
2864
1014
7990
4216
8809
224
7117
7592
7601
6138
877
9359
4423
5945
4439
9001
5775
91
2158
2679
559
1170
7247
7250
9035
8029
3262
3154
3838
1620
4258
3672
5513
8991
4196
3619
8867
8844
9804
1219
6528
4719
5604
4466
953
7781
1816
3690
7076
157
8298
7809
6401
7896
9416
5498
1768
9957
9526
5397
7324
5632
6217
7211
2261
4653
2728
8184
7575
2129
4798
6605
7000
7786
2142
1751
8978
5957
171
3207
8669
6893
6502
6403
6458
8384
3338
4442
1145
2238
7058
9195
5452
6397
8397
4265
7410
9660
2643
1231
7598
6181
8981
6026
3485
6929
2670
4742
8197
4145
6795
1484
8359
9581
6541
9708
35
2096
7333
3371
4682
7538
2953
8919
8723
8261
396
2755
8686
3340
3634
725
3430
6629
1432
803
2489
6867
5640
4912
6457
1836
87
4634
5728
8451
2441
4521
4337
5535
388
991
4890
147
884
1044
3737
2632
477
9633
7923
3476
4355
6838
3170
8049
8431
8694
9401
5907
2484
3939
8015
8271
4617
1118
3527
5087
8788
5802
702
4302
4385
3438
5771
9415
1941
1593
4674
3567
4028
5762
7453
8614
1341
1848
4375
5189
2764
3186
2844
4759
9756
7335
2236
1508
143
117
5843
7765
2420
2180
7508
6521
2430
5691
4086
72
5812
5089
4249
284
3121
9909
5277
5298
1263
5624
9177
554
924
8591
9954
6235
9900
668
3395
9259
7527
2121
9836
4488
5155
2132
7433
5635
3792
4415
5250
8845
7799
7674
4239
151
9068
6493
427
8786
545
3372
2274
6332
1927
8151
6658
8566
4024
4533
4395
7587
7791
5565
4501
3624
2386
5344
4878
3120
2831
9644
2384
8290
2177
9170
1249
5551
212
8537
6943
7699
8698
3507
9932
3086
7577
1379
5552
620
9919
6556
7455
398
2962
6763
5118
902
3350
8729
1894
5717
8099
45
8753
3321
9319
5330
3822
8007
570
8222
3896
9886
6321
2020
7473
5714
8361
9088
1947
6231
4109
4861
4979
6483
6318
906
2505
2851
4495
1696
6437
3404
3699
6984
560
9469
4990
7299
3928
1222
1554
9049
1247
1530
2595
6082
8736
5347
6110
3975
7111
9555
9428
5164
1830
9394
5402
2894
3590
3178
2469
2907
1063
9176
3577
4393
4893
8597
7342
1299
401
2041
9290
2376
8065
1870
7003
3888
1491
6244
347
6812
627
612
9611
6851
7034
1545
1378
9446
3656
950
8251
1504
3829
7163
1639
5603
4958
6568
7006
3618
2124
8466
8129
5119
8390
8308
743
6325
2383
6572
3355
4948
7456
5278
4548
1872
4546
7817
1656
1617
201
1711
1298
3051
6467
6364
4416
5953
2822
7490
3177
9481
6562
8837
4507
4467
8516
4445
5696
8472
6455
4040
5159
3503
1470
6682
244
9895
4041
2424
1086
6289
8157
6084
9935
5270
6105
9951
9869
8947
2453
9975
6294
8046
8790
6546
8143
3388
4286
841
842
7231
3747
5007
8453
5311
5645
5926
1240
2486
9608
8387
9460
4656
7399
2422
5962
8316
6136
2448
7769
722
36
6927
3334
356
9031
5868
5569
3289
1856
3280
2573
65
1057
5507
6967
8042
5766
7937
1198
6940
8593
6732
5299
182
9402
4966
6426
5041
1915
4009
6869
7154
7530
7073
4237
1097
2477
7808
1577
8422
5748
5417
5687
9817
5303
3074
8839
3201
7295
5792
8891
55
5392
7167
4329
6615
3248
697
3556
2645
1460
3974
8909
1280
4223
5012
4297
1421
2736
3336
2444
196
1884
3056
8934
7096
9392
608
8876
7886
8024
9467
1442
9444
2540
6056
6663
7032
2621
9665
9945
5806
6014
3357
1901
3165
3952
3258
2135
3816
7116
2273
9705
9235
948
4108
1702
9918
6418
7042
3249
5972
8542
8915
5875
3477
474
5732
5092
8768
5045
7589
8118
9908
7390
2616
4372
3967
1809
1838
1688
1591
7318
2228
1734
5369
6637
1450
3314
4484
5136
2522
7027
3144
1920
439
2398
4489
5952
4019
6636
3971
4633
2264
4347
8705
67
2772
8059
9310
5924
5451
8540
2865
6880
9933
9987
564
5130
3965
3776
5998
1925
1803
1036
3762
4034
3857
330
7442
9452
8393
2156
6490
6224
7675
9424
8942
4828
506
1525
9715
8239
9592
7938
5188
3948
4345
6691
1707
6814
5472
8370
1846
6632
7683
1019
838
7931
5143
9002
7771
9095
4154
9434
6888
4038
3109
2024
1542
1345
54
5866
6111
4919
9777
6765
2582
2237
8229
3890
8264
2089
1262
8616
1845
4459
8615
4728
1453
3512
9074
6254
6298
6448
5556
1500
5982
2769
1150
9766
6603
2833
6904
7199
834
3596
5694
6648
4635
7112
7331
1104
1813
2103
6078
7741
4077
7059
5948
5216
2939
8665
646
281
1662
4850
4863
9558
2873
1077
43
3068
6661
3264
5790
7276
2017
1694
3017
3751
2084
7381
685
1295
6891
1412
541
6752
6128
2674
8124
7953
785
9952
470
9204
8553
5834
318
8289
6207
3536
1534
3847
8461
8679
9612
7316
2568
8507
778
4528
4746
5911
5149
8706
1162
6396
7463
4295
1565
353
6837
4111
5109
2845
3807
3333
767
1651
8668
2064
2967
8725
5271
2862
333
6406
1679
133
5146
4916
9659
5273
4814
8449
9693
4149
1851
1615
4256
5001
9815
2618
9533
7466
9695
4931
6887
7679
249
6399
5660
8355
8911
4789
2498
1518
4120
444
4508
2491
8921
9120
3126
7476
103
3854
338
8090
6681
4207
6902
4012
5568
5294
3701
5423
6059
3238
4069
8997
2389
2959
8028
9905
636
2115
3092
3362
2086
6997
3217
6993
1806
352
2315
8962
9513
5742
5674
4159
4555
2472
4404
9104
6134
2426
5630
1115
3730
9453
8175
4378
4844
7464
7191
9356
8325
6885
3433
6313
1502
820
8435
4412
3486
7407
6513
7835
9008
8259
3325
1605
3853
7257
3094
1705
6476
7915
8278
9879
8135
2602
9457
1123
1753
5553
4749
4904
8936
203
8831
8082
7726
3907
495
4246
1361
1011
5743
8826
5420
8052
7378
7701
9277
7260
8468
5004
7416
1597
6809
9187
8897
3213
4654
7613
1687
6147
8220
7848
1251
653
4846
7009
8976
4891
4506
7259
5186
3864
6459
6361
8505
3297
8450
8071
3095
7292
5765
5227
4764
2918
3611
4105
1614
8244
6944
3687
2702
8313
5990
3027
2216
8098
8282
798
2099
1223
2393
6864
786
862
6370
1831
5433
8203
8879
2854
5454
1786
7694
5042
2366
4322
3771
5090
9014
796
1911
1954
1648
6923
3323
888
2695
9171
3349
4925
8961
8074
7752
8417
6120
8742
5212
39
7404
2683
2355
9641
1041
7115
2677
8280
5108
9524
1797
3970
8490
7289
4384
2362
9151
4711
801
6925
9075
1781
1811
5340
1512
1944
9671
3629
2575
4757
6650
9657
2449
9992
392
6386
8635
7980
2566
8628
4358
9593
6861
8666
9215
6032
7535
194
8209
3209
7344
1215
1330
3887
8075
8178
3226
7018
2343
2975
1188
7262
3494
2712
582
8454
1465
383
191
7313
1317
4640
577
2987
8963
5035
3617
5477
290
3908
6757
3572
1228
6941
8761
5867
1481
1316
8932
6081
2436
5517
2113
4058
5749
4589
1665
8927
6501
4414
7594
2626
8637
3467
7228
9110
7590
5803
1881
7330
3261
2625
7329
2309
6787
7689
1010
9534
8806
1290
331
8579
4202
9497
3830
95
802
8772
5539
4903
1790
8508
2157
593
4702
821
1202
8352
3753
4858
2082
1955
6475
6971
8415
1820
57
3856
1039
1116
830
1815
5268
609
3339
6479
2321
2173
6449
5549
9655
2334
8901
2539
372
7035
1413
2451
3054
2204
3969
9387
9243
5133
6416
883
2413
6567
1515
6965
6365
1221
5053
7639
3082
5533
1401
756
9654
3729
8854
7246
4810
9039
7122
6389
187
3183
9789
4806
4630
1407
7183
2058
1352
3380
2392
7606
5950
6093
6383
1520
5460
3848
1996
9219
6432
2308
4164
3274
7935
7065
994
6712
1024
9893
2306
1408
4965
4542
9440
9675
5910
691
3604
7198
5151
1729
24
8514
3005
3576
5785
815
1741
8330
622
7642
5600
447
7400
6423
7131
365
2165
3277
4020
3824
6970
5909
2928
3942
1278
3506
3676
5977
9809
2188
7518
9507
7016
2535
1972
5415
639
3832
8077
2761
271
8980
2254
7790
8357
3237
5526
3982
8621
4483
9023
2404
9602
1072
5493
4328
7431
2866
918
4389
1587
1306
464
5057
162
98
9732
2881
5615
4643
9613
5338
3906
1160
9864
7225
2296
3193
4698
576
5011
5238
8702
645
4181
2259
4169
113
7150
2438
3272
5862
2551
6779
4005
3060
7581
780
5401
2191
5440
6862
5570
8843
7516
479
7605
2466
1980
2390
5884
8377
278
5776
5080
1136
5083
7425
5655
1999
3080
5690
9069
2071
7291
3342
8630
9328
7854
7297
864
6514
3868
5685
3700
9781
1444
4441
9619
9854
9131
1031
5408
5816
7685
2946
9832
9458
4436
309
9034
8010
7796
6671
2242
9750
930
7641
2197
6064
6146
9679
5177
690
8617
1736
1760
3199
6500
8663
2835
2182
2117
6073
9015
6584
6899
5563
11
5892
1580
7633
4585
7001
305
2696
7898
781
4823
7536
1596
9835
5805
1052
4703
1153
4848
8784
5636
1670
3421
5390
2508
5970
5486
3281
3763
4275
7347
6788
7724
7558
2771
2119
8085
8726
6871
4344
3137
7873
4288
2977
8549
4444
6783
8037
3549
8884
9901
2703
3303
4879
135
4336
5411
294
6466
1066
915
9749
6790
6908
1367
7275
4730
5808
1355
2955
5225
2322
4324
4371
4396
6529
2610
341
9897
3562
7481
4136
49
2456
8190
4254
4836
2655
920
9502
8510
9996
3905
9688
5759
750
3537
3084
1629
320
1993
6473
4240
7358
8846
1324
5126
9564
7064
142
5940
6071
8526
5693
9280
9991
6429
3996
4039
5847
8952
2126
562
4681
4505
4497
7563
2760
1668
1427
6842
2018
7336
2168
4103
5938
4312
5262
8737
6177
640
8008
2359
3191
8133
5044
8
5550
2790
5536
3298
328
2828
7253
485
2869
5414
343
7284
3081
326
1250
6527
8270
8314
7114
5681
5237
5215
5739
4951
6680
4731
8987
5258
2562
5467
6274
250
3755
8473
8619
490
9506
8409
5028
4085
386
8896
1307
3720
6604
4752
4760
9363
9846
3660
8091
6589
1037
7178
1698
8274
5735
9465
882
359
6469
8344
2997
2138
8462
8819
412
5496
3290
5372
8805
619
2606
9200
2385
5912
1030
3034
1773
5191
9508
8577
7435
1789
9233
4514
5447
7124
4972
7293
3400
438
1159
3812
8582
2461
5478
6679
4379
9017
4765
6384
5872
9834
6474
7482
6975
395
2708
2827
4238
6840
4367
3155
6206
5548
3148
5701
6161
7478
6831
276
973
4130
7532
4565
1805
8530
6956
3153
5438
3269
9378
4982
3134
1332
6512
3182
9202
4597
5103
1906
1535
3742
5209
8576
8578
9018
1434
3383
8076
5618
4889
8346
5622
238
7432
2483
9988
819
3740
6016
7454
5527
1738
6545
4428
1684
7505
7384
998
5246
7393
7864
4029
8025
7805
4252
9123
5272
1692
1645
254
9048
8996
3267
2807
553
77
2668
6171
6704
945
1354
9769
6959
8104
5088
154
9285
8562
5481
410
1829
5464
5670
914
1365
7346
8056
3784
6040
7039
9393
7162
4793
6245
5989
6343
2360
6778
59
1124
5787
900
9617
9220
2208
3293
7725
235
6219
163
5657
5860
3783
6249
8193
5292
9033
9196
8501
5719
3313
4608
831
2130
5190
7550
3437
3570
1483
8930
580
1459
3638
8813
9072
5930
2898
6879
1691
9316
2571
6560
2723
6182
2350
1921
966
3904
2222
4784
3929
4926
9625
4148
4539
9998
6817
6310
4292
9021
5590
7795
7102
5220
8234
5370
6409
8185
9544
2455
46
9594
9631
4884
4368
3851
2957
76
9616
6450
1246
1562
8183
6915
315
8026
2510
1369
8114
4732
2706
8471
4652
583
2912
7667
7631
6526
5297
417
1146
382
7421
3070
3033
2534
9480
704
752
9931
5845
9348
1230
855
1305
9838
9364
4661
4399
1796
8688
6252
1713
9211
9667
3529
1333
9092
2175
6903
4758
6920
4198
5036
6670
8832
6978
7709
4924
978
1567
8100
2281
5937
30
611
265
9503
7919
5081
3716
4708
4405
1271
3781
2372
4025
8166
5228
4409
2727
6583
192
9040
4300
3591
9765
9948
2925
4869
5981
106
3721
7296
2031
8013
1991
535
4316
9761
3324
1253
4365
5153
4494
6692
3977
5672
3924
3117
5267
51
2257
7030
1871
7254
4602
5836
4830
9496
2757
3316
2624
6221
8395
8469
3886
9928
6819
8255
5662
4450
5863
2285
5927
550
5350
3009
3043
6896
6381
8305
526
1313
63
5489
2410
6935
5471
9091
5716
9210
210
1277
1867
533
6750
3894
1244
1932
2599
7159
4052
705
8051
5480
9738
4419
8697
2848
9627
4673
1976
5308
6722
8177
5425
3574
4088
791
1120
2346
1165
2596
9066
3560
9942
4520
3184
1061
7777
6233
1739
1390
7196
6239
3031
6428
3479
8067
9894
1254
2648
2187
2118
3241
450
9686
3630
3112
7215
2457
1514
8684
3007
3796
2743
8672
2488
3541
6154
2968
529
4271
4044
4060
2406
5010
4140
8383
484
673
339
9569
6656
3420
6742
7961
5772
6314
9191
5612
4490
6497
3766
773
8993
1091
5352
7612
6057
1414
2614
8128
3327
5342
4199
1516
5333
2911
2722
9462
595
964
8333
5858
1756
4744
8717
1472
2705
2353
9004
2991
2123
2003
8722
7500
6972
1689
8132
1879
9515
3236
4203
3689
6333
5898
635
381
380
8625
1138
1549
8419
9140
4274
1171
7959
3791
4078
6315
132
7718
3446
8905
1338
3534
7060
9940
600
4408
4993
6735
2546
7897
2476
916
6874
2793
4424
466
9812
4986
7666
2849
3826
1471
7301
3240
3583
4944
5809
2653
5537
4658
4381
8863
4747
2644
7872
312
8929
1599
4779
4821
4451
7362
2917
2810
1966
7936
8842
3761
6612
6525
4751
6308
8750
6436
8691
8115
6410
6824
6382
6749
9332
5380
6175
6906
8512
8521
1303
7599
1841
6977
1995
2638
8584
2748
7877
7982
5682
7061
9664
3124
144
9407
4016
6769
2394
4976
1791
7885
3180
4289
2356
7269
9427
357
9720
9790
1962
5547
9455
1281
7448
1022
5492
5377
7983
6569
3708
3524
4118
8646
9275
5894
6187
2423
2192
3931
873
6195
7723
7069
8106
771
866
4667
6051
7957
7749
9149
2497
5700
5073
2295
6322
6676
9248
5295
1588
4761
7385
5302
4144
6810
3255
8423
8320
1492
889
4613
120
784
8368
5280
2325
3561
7734
3231
1557
7227
3883
7845
5835
4048
7403
2927
2680
7841
7294
2253
6008
658
5991
9485
5846
4160
6566
4132
3606
6662
4970
7702
1486
8001
5283
679
2316
8888
5647
8517
8765
624
2686
1151
5893
7991
9794
7680
2059
3006
9902
7002
4750
7170
935
1178
5503
1265
5718
6484
8159
9396
3858
1038
431
4700
8188
6949
5611
4082
6338
5878
457
9227
8506
4008
5343
7113
521
5840
6665
153
176
6380
8531
4545
1769
6644
9960
1992
850
8989
4503
3661
3909
5764
3539
3457
5572
6759
2725
513
7353
7121
5368
9158
7179
6743
8551
9084
7458
687
748
8515
1609
7470
6825
6186
6170
1284
5276
2467
5876
8770
9133
8350
1643
660
2593
7713
9395
7445
6881
1732
8301
6089
1775
4834
7010
5819
5349
3331
9373
6580
1847
9921
5559
6465
9047
3601
5851
6034
9451
909
1322
8769
1853
4182
4796
5799
6392
6080
9213
3304
2662
4477
2419
475
6229
5680
2543
6234
8760
4281
1883
8785
6153
3218
3765
186
2263
7226
2463
8600
3049
5165
1929
7471
3419
5626
8968
2718
3429
7100
129
923
2203
2395
60
8607
7072
8455
7511
5114
1396
1669
3452
6122
2782
9576
2506
7443
489
3997
2544
3528
4566
9540
1701
4165
7305
8474
4975
5290
9917
3839
5980
9216
6264
7970
8365
5059
460
5515
4321
7263
1968
8119
960
3569
5919
2066
3194
9785
6431
2572
6933
4422
9020
5619
5727
8602
4332
9173
8369
1539
2829
4124
9634
1674
6180
88
4885
5966
1757
4618
4172
4481
9126
228
2127
1109
8487
2569
9260
7668
3283
8154
9390
5095
3718
3302
3439
1182
2397
6191
1842
9910
2279
5385
1206
5631
2468
7715
7700
4101
1173
7372
9505
9026
8695
3088
5206
2552
2517
8326
4997
2025
3678
9292
9115
7204
6499
3578
1726
7352
8248
5032
6756
3943
1697
2813
7414
1611
1201
3945
1858
3530
1777
2301
3278
6232
8286
6588
5659
6359
3683
6316
5932
4121
9840
7860
5653
4954
1828
1012
6263
4129
9653
5198
1647
2246
4873
8575
2786
7865
6227
6942
5698
2280
8814
766
7422
6622
729
2136
1780
7731
1016
3594
5400
3910
7084
5128
1105
7852
695
4647
6131
2190
1172
4915
9646
5304
2090
1521
6012
827
3150
7851
7322
2735
7732
3764
1125
6688
6535
2234
6215
8288
3675
6020
293
4383
959
8518
4832
1200
8480
6753
8268
18
5667
3748
9599
3021
1616
1433
8319
4992
789
9718
7326
6725
2140
1035
6689
7244
6439
921
7945
6633
2215
5711
6715
8199
458
5531
5187
150
1184
633
7761
8275
6889
6856
6939
671
3954
3016
4400
3401
8339
6480
6296
7309
9995
5469
8664
1368
895
161
7654
8658
7165
6007
2553
717
9421
1363
5194
3655
2726
5996
6348
6172
1904
8303
2440
1544
3065
8692
267
2846
193
2856
9643
6912
9651
5230
7954
7223
7832
3671
3834
9058
2901
3286
9851
3273
5307
7738
5529
3326
6337
682
4391
2878
8762
4725
1948
5374
8833
1602
3436
7067
2714
8444
3914
9164
8174
5852
8380
1673
9872
7962
2630
1582
131
8644
5060
688
9829
6950
7930
7664
1779
7610
4845
6700
2567
3921
379
3151
9922
7888
928
2241
6001
2870
7932
6574
8900
4530
8079
8764
4649
4304
3667
7671
3944
2487
4306
7823
5213
6159
4492
3461
3123
9089
7690
3919
1819
9760
2524
4864
1220
4426
6785
8498
9580
6791
7460
4959
2170
9369
5854
8048
4116
9320
7489
7836
3545
5530
7583
1949
9563
8594
7651
1507
5751
2521
5908
2841
7012
8924
507
1279
2579
7450
8302
8940
4185
5427
443
9070
7135
2872
4541
9361
2774
2945
1101
7153
6926
4114
8485
3998
7900
48
6737
518
5056
5224
5731
4736
3113
6596
4936
1754
7922
4638
9307
8792
8618
5929
2045
3100
7517
4818
6085
3230
9125
5327
8634
1183
1737
8170
3963
4226
8038
4560
9408
9521
6833
5566
1923
4922
1633
9865
8856
8226
8682
617
3518
9541
5573
3707
3543
2312
4460
1510
2615
3047
8110
788
8757
1776
6009
7760
467
5658
5579
4037
5737
4346
3061
1445
7821
6408
6354
1439
9329
7578
363
6058
3787
5082
7156
4209
242
2022
4892
6140
2155
4095
5583
745
8678
3625
9729
4067
69
1960
4201
6855
7720
9466
4427
1360
4939
6255
6865
6823
823
8547
9730
2116
2388
7417
5439
578
5006
8985
7483
8459
7477
4083
7787
8478
8315
9898
8608
3220
5315
38
2909
4872
7547
5366
2347
7891
2580
4665
7387
718
9860
7339
4146
7933
4326
1102
7213
7398
7426
9913
7349
2584
1817
7201
8916
7184
5885
6109
6784
9181
9985
7630
5794
4210
2886
2809
1889
4482
5968
9317
2354
6684
1608
5668
5405
8937
7290
5607
6124
9490
2932
7907
4004
6066
563
9600
3859
4867
2286
225
755
3935
3937
6796
6148
2545
2738
3723
2499
9638
699
832
4364
1536
6262
7526
9252
1496
8568
7927
3642
4851
589
613
4285
7052
7107
7413
4298
2802
9161
3098
6309
2805
9877
3099
7705
7306
942
7952
3330
3097
9289
9288
7206
8328
9819
1489
3294
4073
2010
4639
7608
8773
3460
6607
872
5824
6276
5706
7768
6129
4493
9881
3227
1034
2871
5243
1934
5969
3366
4930
9525
6139
8219
3985
818
8218
3862
9135
1094
1998
5079
6062
6804
2479
7317
2697
4176
1950
4230
4386
5256
4600
4662
2656
440
2452
3934
1660
724
3773
3688
9045
1070
459
1683
1232
9019
21
9614
5391
1880
237
8257
7302
2916
1211
3861
7662
7171
0
7969
5239
3788
4218
6832
5738
2589
7447
8242
6472
675
1523
7487
7939
7863
4348
3223
5456
9701
8959
6697
6981
8407
348
1896
5648
5284
9222
229
5043
8709
7118
5236
6789
7719
1475
3719
3079
5169
2954
4320
323
7849
8954
2590
1635
1096
9885
6616
8189
3299
7521
9712
8358
6841
7106
9816
4522
7480
7155
6330
4593
2219
2262
1690
6158
9236
8767
23
4586
6536
6617
500
6374
2004
6143
6039
3669
8640
9588
9281
2217
6238
7774
8771
7382
1940
6677
4996
5495
2405
2523
1939
7168
4859
8109
7528
8488
7325
8880
5487
7646
1076
5509
5935
5917
5281
2992
7678
647
4296
122
9324
5973
8895
1644
8681
7716
3010
1029
218
1245
7564
1666
3589
6438
3361
2335
6608
3414
7303
7844
3190
4792
9153
4106
6821
2195
5606
2338
9818
7136
2961
2691
3045
7998
618
4771
700
3376
2369
9682
8707
3803
8036
2230
9114
7504
296
3115
3674
405
8442
6540
376
9856
2094
1454
9100
5167
6780
2153
5234
8447
2549
7360
6507
6875
2172
7298
3846
1225
8064
7739
5703
6301
6211
8427
6030
6762
714
8811
8780
6731
7588
9448
4310
4794
3173
2185
7973
768
7261
5251
657
5783
8774
8836
8081
5274
174
7103
84
3378
1720
313
5828
6119
6236
5752
1513
2305
9762
5152
5678
1473
9190
2344
9212
6807
5257
2947
1117
4551
2495
1677
75
9843
9700
7586
6808
2101
5084
8739
2480
3125
933
2471
9884
8418
2110
4413
652
2797
3712
651
6693
7627
9263
7152
8495
1058
4767
6576
4921
1055
3417
4576
8470
9577
9305
2268
4081
911
3612
4469
7075
6776
1
9889
8894
6447
1416
2339
6815
8179
6905
9351
2676
1618
5997
666
7281
5594
9410
8293
9192
763
6103
9808
7665
8171
689
2633
9450
4540
5608
2379
4909
3502
3571
4075
3872
6145
8835
9038
7520
9958
7989
175
9937
6178
8696
8655
2897
2002
9353
9175
9330
8581
2965
1428
166
7277
8096
6220
4197
5780
1224
3407
9740
6711
6736
7753
9062
5156
8006
2620
6350
7541
7925
9652
4178
4138
4860
5753
738
4017
1403
2446
9052
5030
9475
6850
3774
630
8886
2008
8546
3610
5800
3877
8456
5383
7186
4421
6664
7967
4876
751
8247
1005
2443
4158
5450
9244
7013
8019
9464
7245
3800
1485
3291
7764
3976
5193
2787
6320
707
7509
1267
3466
1404
2078
4192
8569
5781
3459
7133
1283
6087
7148
8284
4669
9589
8238
2989
9697
2288
3632
3585
6141
8439
1892
1349
1043
5055
1420
2661
857
8878
3133
2317
3474
2744
3159
9936
8821
6916
7036
3001
4696
2713
3132
8023
7264
3664
9698
9907
4695
6687
7109
8489
7430
4076
6444
1487
9827
9128
3385
2189
2139
9974
2447
6090
6734
6421
7710
2511
1699
5561
8161
462
5664
436
3513
6544
4333
514
4463
7338
3652
2564
894
3515
9309
7640
4194
2724
3118
4339
6701
3550
861
3011
3416
3179
3413
4629
3579
1771
1059
9344
7188
6358
3523
3478
9367
4788
3195
9098
1740
9767
6452
9630
4733
1624
9999
2367
4331
9711
1850
3143
4087
7981
4425
4648
4601
2252
4782
4010
1869
9377
1027
8149
9489
5592
7370
2159
7446
9447
5219
1286
1381
5684
6952
1603
422
726
8230
1935
9742
1681
4866
9689
8850
9042
5235
4516
2314
4003
4026
5484
7402
7890
5326
2520
329
8053
8885
4712
7691
3713
3564
3627
107
1986
311
3542
1435
5058
6907
1886
3057
5009
3025
7948
9962
999
2375
5293
4502
8949
491
8907
7800
4651
7485
7867
7503
4787
3364
1272
505
2778
7071
5316
719
833
6811
2964
6581
4015
4061
4933
9598
2464
4582
2902
2783
8002
1425
4250
6293
9437
8636
5576
5773
3341
3628
783
9059
6376
525
9127
4471
8671
1149
790
2037
3899
846
3637
9944
2407
9343
9752
1128
3759
5195
2956
3514
8343
2903
3531
111
4999
9270
2033
3389
891
3410
8511
451
5837
984
9561
3946
5833
5453
8629
7644
1511
7546
5388
2860
7513
9635
6642
1049
2554
6242
2415
3128
8460
9473
566
2576
963
2097
5107
863
1917
9779
9398
7839
9420
1297
3463
9668
3648
5939
626
4251
3641
2635
5134
8758
6036
9880
9385
7820
8583
5363
304
6317
5387
7494
1260
8797
9875
6099
7880
7562
9189
1766
598
5595
9325
5699
1213
3140
5609
3493
9250
642
1862
6425
9357
9970
986
3130
3470
8992
4406
3548
5818
8851
4035
4584
1168
5179
1054
7147
1376
7803
7175
9253
8866
7268
648
5329
3875
5543
4499
3037
5202
6223
8256
9334
8421
1765
2609
9295
453
4978
241
5232
5841
528
6883
4189
413
112
8041
9388
4816
9735
2588
6137
3647
255
2240
7040
8721
1808
1446
7092
5821
5154
1090
408
847
2054
977
2906
4475
8086
1878
8381
4968
1478
5745
126
3489
3551
7512
277
8408
3032
3519
5637
5849
3897
7230
8556
9620
4704
4319
8848
1319
6352
7082
3174
5838
2513
1464
5048
2326
8712
2777
1859
3733
2586
169
1547
6659
7628
2080
4971
3663
5479
6018
1866
5431
2619
4609
1837
9352
262
7138
1552
7208
6248
5560
5707
754
303
8935
9498
9639
9197
298
7974
3993
90
9226
4941
1217
1301
1441
6419
2046
1835
2225
7161
1717
7229
6324
3398
5881
3282
7770
8372
8438
9146
9156
7909
3270
1467
4645
8047
5332
2666
5562
9283
7831
3265
575
2051
6991
8432
9493
6709
4213
7373
2026
7949
8121
5897
2921
6496
6055
776
8988
7287
5985
1918
270
7172
893
6573
4309
8494
7323
8335
5736
7560
9768
7609
1509
211
9953
1555
6895
4188
8127
2818
9703
4564
531
6918
3586
5111
3876
8420
8168
1517
1744
7193
3749
7328
6768
4727
3354
3046
5022
5356
442
2414
2704
8598
8156
1048
9609
6876
1594
5813
822
3365
9382
2043
5184
9522
6714
2164
1477
3684
5923
6142
4817
3949
4110
5861
8389
8561
5708
8975
9986
7266
7307
4949
5900
5491
7999
1864
5269
1431
306
3487
8631
9807
2377
1728
5040
9603
4606
4215
7846
897
9552
2875
5936
8334
5956
7149
9230
5646
8563
5889
3837
8995
3391
2715
5117
9083
1563
4127
6065
5652
9073
2937
9313
179
1538
9486
1497
8902
2740
478
2154
4716
2731
1584
3351
8095
3597
5024
4403
735
2028
2209
2179
7143
6203
8034
7280
4255
8685
6198
5848
8482
6053
3958
8338
1053
4664
5578
9545
7972
6162
1785
5123
1190
3447
901
5545
5757
848
2318
8055
1406
1899
7486
8918
2269
9456
4550
9606
4812
4897
542
6068
8496
9208
7462
4056
9296
6336
7429
9172
5003
6979
5782
7081
1191
5963
3818
4552
2095
8040
1663
6164
3116
5634
614
461
3465
9374
6470
993
1981
2030
8650
6534
3406
5357
5039
6288
8538
8632
3609
362
4152
9737
1875
364
8791
6987
6331
4880
158
3443
7707
8205
3062
2669
2148
168
3840
8545
274
1079
5204
4050
6873
512
625
9583
1276
6816
7735
5729
1461
6834
4523
5679
1462
1479
1013
8743
2996
7730
297
6295
6829
8946
4644
8362
9676
7542
4870
8613
3064
5172
9218
8657
5147
7829
6006
5182
6863
2985
1630
4526
7210
2302
2840
9575
2671
6828
6966
9096
486
32
6167
4515
2608
3146
3558
8802
9687
2149
2062
9199
1344
5465
1204
4655
5768
952
3161
6563
4070
5393
5473
3232
4777
6292
859
808
1196
1650
9003
3819
1081
680
4452
4190
9435
1951
2368
1546
3547
6091
2516
7468
3475
1548
16
7727
8818
3950
9830
8434
1576
885
1370
5839
3427
1612
3196
4022
5625
2161
8382
4554
530
1423
5683
2292
2667
426
295
8272
4096
8973
3328
8948
3411
8838
1569
2297
1296
6123
8667
53
3951
9826
1293
6911
5741
243
1216
9518
9968
980
8137
6792
4290
3598
9185
3670
5801
8731
2914
3131
1913
623
8386
6548
7146
6002
5974
172
8436
6116
6168
2210
6937
3600
4687
7807
504
3981
744
5020
2006
446
8457
9890
4268
1185
6477
937
5610
9261
3233
2531
8570
6947
1709
121
9967
6210
3650
8080
876
9744
7256
532
5386
3271
3106
1195
2836
6849
703
1533
9375
8057
7438
6996
6683
9538
261
2304
9178
4174
9331
7830
5413
6657
1783
8847
2310
7364
1350
189
5047
3451
8375
6042
9293
89
2055
5135
2221
409
853
8367
5170
4826
8603
86
8348
4233
8749
732
3307
8266
7985
5499
232
8642
7565
8349
7895
7557
1083
1391
7216
2659
2654
1988
7963
134
8351
2434
8117
6088
1787
4754
5891
8519
2167
869
1807
9046
5591
283
6989
8601
6924
3704
8589
360
9587
4474
5915
5582
7051
6638
3028
9080
3592
9386
6983
5585
641
9774
1266
6329
6645
130
6302
3469
6696
2685
8311
1800
13
1814
8005
9160
2518
5859
5358
1658
9710
7129
4553
1718
7539
7173
936
1686
8003
1541
9391
9565
8216
8297
6653
1395
4683
3732
6775
4084
3745
4621
1946
6268
2056
6430
3424
136
3216
6602
6415
1393
5643
607
3225
9966
7875
9112
4558
1385
2867
31
4079
1970
1336
6407
7130
138
7992
8735
579
4809
5571
9327
3927
9341
9372
7596
4247
1978
7094
1197
5779
4267
9837
1824
8756
7221
9370
1909
7681
8294
7553
7964
5688
4583
2812
9300
2979
3285
1169
5692
7104
4359
4370
851
2081
1804
8145
826
1638
9746
5949
2459
2646
1069
7235
6921
8162
5946
3566
167
2993
7914
4407
5412
852
4535
9745
670
8928
1495
6600
1167
4877
910
2079
5328
6771
9483
102
5334
551
9500
7971
1387
2134
6495
4299
6561
602
8476
5359
2821
8670
7078
197
8782
1315
5791
7238
6113
8035
9906
2770
4701
1051
3725
1294
5367
3615
8810
5138
9976
5971
6372
6543
2542
1377
4473
8754
3646
3072
4857
1325
8560
3296
8701
7976
886
3710
3498
3091
8388
7057
3192
1742
1561
8592
8492
2863
3938
6282
6060
6651
8467
1234
9554
2402
327
4910
9943
20
9605
5769
1140
1952
1578
4343
5638
3428
1640
6290
7812
2837
1861
7571
9640
7645
6422
2994
1823
3379
8263
9624
2876
3692
7025
8060
2527
1331
3631
1903
7285
3158
7506
8720
7024
2613
1532
1657
9876
2882
6621
5639
2276
696
8704
6610
8378
8903
4813
2287
6118
85
8652
4046
6427
8249
2183
9063
5023
4282
7625
1443
6766
1134
5976
25
8379
812
2963
3580
5887
9684
8882
6695
6522
1142
4476
8787
7406
9384
3557
5061
8586
5960
9366
8296
8016
604
712
4567
9013
7934
8513
7621
9167
3756
2049
7910
4628
7056
5065
3922
6367
4820
6708
1863
2940
5312
6440
4590
584
4840
7108
324
1155
4898
9916
6079
9414
5148
4591
664
2690
6478
2211
2672
1112
8623
5396
4620
4969
2986
5587
1469
8966
4487
6366
2060
7524
4577
9093
1745
7041
919
4027
5855
3377
9282
7574
4709
2251
6067
8306
2816
2458
3300
9303
7838
810
2750
3827
1176
6043
8276
3782
8871
7600
5538
7869
7870
4376
2075
6204
849
8971
774
3616
1028
5597
2913
5247
8923
568
1233
428
4043
6489
644
3085
6130
898
5523
2592
8938
9155
3825
8152
4811
7615
5483
110
6773
6625
9240
8776
4235
4928
2763
8659
2826
8317
4783
4610
1825
8673
4989
8192
9510
7966
1400
6117
1214
3448
5786
8224
1436
4512
301
7647
4342
1882
6698
865
482
272
2403
9873
8500
9201
253
354
375
3019
4280
7540
1905
222
4420
5633
7437
6208
471
6741
9813
2032
5984
4245
4854
5205
4781
2794
4672
6554
9549
361
6265
516
8745
8027
3337
3841
3643
7063
8965
8533
6205
6188
8198
9381
1733
50
9927
9855
7126
6166
1969
8763
6443
9724
9780
2701
567
2839
6189
1264
1619
1788
1693
7529
4519
1340
2275
1380
468
8747
4605
6021
1984
6226
7572
3717
1971
7729
858
5178
711
5850
7033
4957
9183
8986
8775
6958
8689
9221
1256
6694
1382
9899
184
6686
8401
9672
6049
37
4390
4200
3900
4572
7022
2678
6913
574
239
7804
1767
1499
8062
3169
4242
7523
5796
8396
4745
394
9716
8441
4689
2557
501
7045
573
9758
2634
5029
3245
1449
6121
6486
2198
5865
5360
8877
6999
9488
3540
2330
7145
2063
523
4313
2196
8206
7793
6623
6586
4895
4128
5874
3185
9861
5442
424
2145
1339
3263
3440
3697
1774
601
4314
5988
6273
4720
6510
1068
4338
7194
3055
8979
6579
7195
1194
1801
9591
1372
2556
1782
943
2050
7255
5121
9950
2853
2538
2258
3957
2038
8214
2612
1252
3356
7237
7279
2475
4068
4435
9060
9983
594
9276
6076
1527
4432
9528
4773
434
310
2019
8070
8445
2091
6716
1770
7789
7617
561
7101
753
5240
2664
1655
8558
9542
6878
2474
2007
8899
4098
9090
8817
7956
1977
6868
5883
4418
3053
2814
7834
8430
2034
1067
1672
7409
7392
7286
3250
5987
3930
9298
7603
4575
3863
1071
6890
9734
3335
6046
7474
5532
5525
8078
8252
1719
2341
7428
2040
190
5318
9182
3204
7158
1621
6614
2710
3041
1636
5362
2077
1126
8140
3288
2166
1139
2658
2528
8862
1537
4443
4047
1613
6277
9085
9535
6199
6424
2169
4071
836
7395
8463
8869
3845
2884
8073
8789
6135
1147
6023
5404
9551
7958
3464
2574
3482
3210
7794
6222
4212
8612
8920
4099
1764
5620
8068
6100
4607
3881
3066
8793
8227
373
9445
4694
3644
1589
7759
2067
2515
9770
5896
4657
2337
1973
8904
730
1237
5218
9997
1989
721
1288
3870
9487
5252
4462
4472
5832
8588
4571
7636
6108
8342
4980
219
9683
8677
2931
6932
2775
9439
727
1474
3867
6487
260
7997
3078
4341
6802
3757
867
8424
8291
2741
3171
2819
5554
268
1009
493
7941
1891
1255
7797
6492
7083
4402
6727
8945
5695
7522
7449
2745
3895
5777
9823
6898
4625
9463
938
2450
5444
8524
3833
8241
8033
2144
9595
9438
6955
6347
6485
7139
8347
6845
7205
8235
552
2820
7580
6270
1792
9166
9474
631
592
1154
7097
1653
3254
4641
9934
5245
4871
6334
6041
3306
1752
8163
8970
3
9903
9980
9677
7200
2313
4377
3559
1187
5522
5317
6269
4049
4961
9449
7776
4500
4578
4570
854
3639
7350
9645
6585
6726
2581
9194
8890
9623
3200
4401
9887
2162
1000
4598
5150
8559
3554
3175
6705
2773
7304
6491
3156
3613
1965
1570
2009
2768
2249
7048
2340
6349
982
8150
5488
1131
8626
4234
837
9064
2942
1455
2052
7813
1654
5406
234
6225
5085
2929
2427
3775
3495
733
472
7635
319
9929
6647
4822
7686
3953
8446
9939
6928
9965
9429
1375
1956
5324
93
3754
6243
2431
6575
3432
8849
4224
9257
1890
183
7643
2720
4350
8861
4537
1598
1714
7300
4756
4193
4318
7311
9824
7544
9759
7232
4410
4059
5320
1207
6505
4847
4100
5201
4221
7856
6640
5712
4211
8066
3481
9337
4713
643
3711
2603
7762
5436
2076
3789
1457
7543
5176
4579
3003
5823
4947
7436
2114
4549
8414
4117
2815
5448
4671
5654
8054
7197
269
683
8004
693
547
4349
7021
125
720
8125
4217
2998
1314
4486
8207
809
6072
8571
5105
17
1311
9274
4518
2284
9845
2861
9468
3176
80
6052
957
9989
9782
5160
3933
3208
8412
7859
9810
68
7017
8610
9783
204
233
4437
9796
6004
1678
3504
9203
2806
27
7663
3384
3039
9071
7634
3902
4769
3817
5978
970
835
6441
2536
9122
7015
9930
4257
4943
7472
6531
7978
3681
4544
3367
5075
6826
5069
9119
1056
4112
9878
672
8889
4998
6985
1084
6649
2351
2363
2767
124
8703
3484
2874
8554
3434
1386
4714
6328
4065
792
8539
397
3399
565
9912
4627
6279
944
7632
5761
3138
8373
3722
2146
6387
7327
4678
8955
8180
587
2141
9139
5546
3983
8734
9755
3620
1505
1964
5266
8564
5468
5221
4770
1040
5755
2014
8604
8741
7176
2900
28
4967
6011
2176
3695
7908
8984
3229
1397
7585
1268
1708
9087
4225
6733
9572
1822
6894
4906
5723
5141
4090
7792
5379
4051
7252
9849
1832
4699
8827
2255
3760
4366
3779
8440
4360
4513
4102
6882
2267
9871
4902
9471
2930
8573
7343
4807
2072
2966
6668
1704
2328
8875
1008
4417
7822
6747
4294
9859
3445
3181
7868
843
9699
8212
9883
1087
6096
6115
1558
78
5306
7377
825
2345
2532
9255
1132
6400
5500
9265
8265
1928
7047
8147
1540
5649
4229
7498
6398
273
795
384
9422
2485
5253
6281
9574
9529
4214
879
7469
2721
1937
6240
5361
6174
4244
5829
2294
2749
6760
2053
3987
731
9537
9306
6555
5365
7319
1384
5502
9470
5584
3077
1152
4155
3866
1329
4772
8464
8087
8410
8295
455
4778
8917
8606
8072
7879
8237
6286
165
5398
164
6558
5120
314
9304
7894
3714
1236
1121
3568
9389
226
1945
6193
995
7677
2445
9081
5016
8656
661
3035
3770
6948
6919
3224
8969
7924
6003
4888
816
5233
5076
4253
2657
3986
1543
9441
5378
9866
7308
6707
74
2100
177
9601
3500
6280
4133
160
423
760
9152
1248
746
8957
6022
3880
6311
1526
7248
3442
1189
1849
2752
8622
8254
2926
2877
5314
5931
1100
2069
4291
6247
7775
9773
3488
2442
5877
4352
1133
2039
8740
3168
3898
3715
3843
1488
8123
1269
7815
58
2271
8061
4994
4938
1127
4735
637
7853
2855
411
6150
544
7554
4092
4273
7492
9550
7882
992
4283
6393
5598
5605
1192
3219
7871
5482
9225
3468
3018
6803
2478
2859
4962
7095
7638
4835
4066
9661
8783
8840
681
881
2102
5669
494
2636
8548
7411
7744
8318
4131
8690
8715
1642
1571
6190
8532
917
3122
1129
8253
8812
342
6468
967
340
7099
3932
5575
7452
5705
4604
5810
1270
5746
1936
70
3287
4380
5025
8580
2868
2381
1731
7905
8448
805
8139
1716
3966
8030
4660
205
4688
7185
922
7960
3129
9184
8557
1631
4563
7889
3157
1529
6185
9321
6601
3911
5807
8217
8972
502
7561
1239
1680
4837
6503
9055
6498
5853
2698
7826
7747
5508
94
8063
8824
7049
1579
9
3259
5054
5903
6253
4726
7363
591
4707
7151
9938
6667
5528
6390
355
8204
5857
9409
4183
9472
3423
6654
4685
4753
1335
5101
1826
3657
96
4960
5485
8639
1287
8950
7672
3508
4227
3686
9570
8103
5072
7772
1550
6454
4272
5784
8956
4354
6914
6069
5494
7814
8953
8906
7862
7396
1193
4616
8341
9103
9797
5265
8299
4287
5049
5830
8356
6618
3705
6846
8142
3480
985
5034
200
1907
5434
62
7251
7531
9239
1321
4064
8093
9224
1498
5321
2300
1210
3449
2974
6385
6854
3450
5725
6048
7828
4498
1721
8994
4568
955
5457
9658
7656
7345
2889
6606
9532
4801
4677
3409
2131
634
5229
8088
2981
8858
3332
8574
9848
9272
844
6674
9531
2896
6968
2
2631
8260
2409
6745
2011
3804
4013
7955
5287
9056
4
4955
4335
454
61
7573
7105
7085
927
6740
7174
1885
1205
5715
4775
3961
8050
5263
588
1749
7626
1659
606
6751
9649
8660
1874
2747
6275
7288
7310
7249
2766
6590
5249
5975
8881
8759
2776
483
8534
9301
8181
2364
3422
3426
4000
1261
2200
7233
6844
4729
9714
6724
5459
5979
1715
5319
4491
6086
5811
2938
975
3698
1916
628
3187
7552
538
1855
4690
7219
9443
8058
8285
8620
8012
9116
5181
3162
6246
4011
4799
813
8329
1156
452
6934
8022
8169
3344
5098
8167
6024
3828
828
7917
5558
7994
5017
5844
2181
6107
9567
9636
2746
5106
3989
1275
2332
509
596
8182
9150
8153
9279
3492
3621
2895
6306
9568
2416
3691
1073
159
6112
6404
99
9050
263
5750
9138
2283
3348
586
476
9728
9990
1002
9371
7582
8366
7132
1080
7682
2408
14
737
3727
473
2329
2941
8860
437
1135
8479
8411
7920
1919
6261
100
1042
1854
1060
1637
4357
8364
2675
141
7004
3004
8585
4219
8433
5052
4137
8951
3147
6250
2904
1181
839
34
9993
3955
6304
996
8172
9904
7595
6782
7189
9302
5094
6326
8748
7614
350
6506
9442
2888
3093
2951
6405
2732
9519
2758
4278
496
2561
2607
1798
9553
5062
9476
2973
344
1229
7570
6624
9012
9315
9579
2391
8687
92
4636
9141
433
2799
7491
8944
940
5540
3916
8974
5623
6102
9426
3926
1429
170
6755
9242
7502
5774
3855
9137
1661
3509
4983
2890
9209
3860
5720
6481
9102
7688
8910
9867
6620
2512
4449
9360
5376
5345
6870
6847
2883
2073
8590
663
8926
15
5162
8094
3587
6411
9994
4032
8148
1025
9010
2218
2650
6379
8262
2015
6010
6551
7717
2935
5211
3228
9229
4293
3940
1700
6047
285
4842
987
4824
4236
9604
976
1755
3505
393
4717
9803
8165
181
7222
1632
1235
3015
974
8939
5902
2716
6257
5068
5760
5389
300
6702
9365
7611
6770
5066
4755
4509
4534
676
9754
1099
5596
4532
6954
5163
5197
8676
9492
5817
6969
4171
5261
4718
5512
4173
7134
7537
8398
1994
701
3050
8941
7080
108
904
7068
9054
1327
2206
7357
2361
3988
765
2781
345
6552
9825
2970
4478
1309
590
4327
5275
3979
5567
2128
1291
3741
2378
951
1208
2700
7783
5904
7750
4663
3013
8719
9504
5934
5770
8403
9610
5943
1957
5259
989
6284
4599
7367
9484
4800
8195
7444
6267
3202
715
6672
2915
4263
7169
892
5713
7556
5132
5096
7182
5019
8324
4935
8112
2934
1652
7696
7779
6152
6212
231
5665
9326
1834
6739
8340
4991
9959
9419
8964
5993
758
6519
9723
5241
4668
1564
7842
9786
5895
4243
9214
2021
3511
7423
7312
8710
4266
7164
5355
9022
2684
5524
2265
9642
8376
903
7192
2429
7743
8502
7827
6530
3242
4543
2972
8611
9231
4021
6054
195
7110
5354
7767
207
3739
2847
9101
9245
6597
3879
9725
5905
2088
7758
1426
6666
399
2600
9099
9399
3709
8371
6019
6886
9548
7551
5673
1799
3802
3394
4134
8555
9637
5331
8675
2085
1953
8113
3786
6341
4369
4603
665
1931
5296
557
208
7123
6516
8173
7906
2178
4397
5888
188
6936
2243
286
8683
5589
8406
6414
1326
7242
7751
1371
6307
9461
2791
9228
772
5208
4786
7866
2838
4622
8258
7218
8873
407
7693
8194
2563
8998
1004
5689
3555
2083
4874
41
3533
1933
1356
6613
7616
6256
5724
741
4002
1794
8425
7484
4353
7843
961
1519
736
2092
6655
1318
2594
2425
536
4455
5026
3994
6652
2899
8307
7708
5301
2065
1572
9411
797
9747
5033
7037
762
5129
7356
3251
794
5541
7283
5015
8017
6413
8221
3552
1743
9982
4581
3454
4511
5157
1110
9061
8353
9656
2591
480
5497
6101
7591
7119
4632
2924
4853
2013
543
4929
8852
8595
9792
5038
351
1402
4748
3806
9412
4448
878
9433
2048
1302
1963
6259
9007
6463
4953
3026
5763
9162
9383
8223
1348
5364
3797
2324
5961
2311
9311
3582
2465
3458
104
1833
6077
6202
5145
9662
7692
6063
3415
1203
9142
7559
3110
4768
2541
6730
5463
5435
7014
3096
1015
7157
6836
9117
2753
9727
775
8718
8799
2005
1531
8744
6872
3198
