8079
2559
2988
509
2347
4584
3870
302
2327
9722
8990
4307
6907
4720
3092
4163
527
9292
2340
4050
1233
5263
9828
3965
4541
5835
3317
8505
4614
3905
5004
6006
155
820
2898
2220
2395
6324
7636
3128
9952
1800
2880
2814
2235
251
6190
377
7746
1111
8839
4417
3596
9850
3413
592
1143
5486
5256
552
4523
368
9830
1284
343
1237
9147
6778
6333
6661
1286
97
6022
5635
3730
5305
1270
6406
9427
7118
9949
656
9140
1208
9293
8484
5412
5819
1729
9864
4128
19
2523
8022
3951
763
9852
614
4062
7498
7570
8461
6961
7432
8612
3583
1938
1165
5575
9164
3817
8867
5516
633
295
270
5548
8504
2255
1473
5563
6960
9322
8709
49
2686
3651
9713
9622
1645
3535
5910
5764
5200
6704
5664
2054
4407
2069
5918
944
4836
1012
8466
5375
373
6807
7552
3112
8704
4820
8818
5865
4504
4752
2527
2771
6873
4960
5710
7711
8283
1650
1001
87
1870
8266
7777
1834
3994
3229
1505
1818
6048
8966
4930
8246
9112
2042
9613
5883
3516
8814
63
7363
4784
5546
3049
595
7162
9634
5774
1384
8435
946
8140
2671
6510
1092
7502
2789
3264
253
5809
5369
8065
6794
9822
279
8030
6321
3917
2825
9488
7381
3240
2545
2939
2436
9773
7024
6815
6967
5511
3169
2265
4254
4527
6864
8541
3532
4761
8747
2127
7650
6957
2427
396
3025
2827
7461
3347
3036
1278
3775
6302
6262
2791
7991
256
5702
6045
1926
5554
7291
1542
3833
5742
8502
7353
1269
7734
189
1975
7080
9206
3599
7339
6480
2459
7485
8998
8321
7013
2405
2592
3838
4093
715
7774
5031
6017
5607
8565
2210
9171
7089
3447
3141
7789
7244
2676
3486
3118
3355
8041
30
9233
9931
4695
5338
3086
4727
5378
5163
2834
4644
5301
3507
9459
3561
9326
6880
1881
9824
117
308
7894
2344
1114
2688
702
7297
9647
7494
1623
5057
4843
3127
2256
4637
1799
8718
3973
9657
9071
3691
7112
7010
4880
1989
4902
9230
6353
5586
6504
2954
1963
6032
4628
3404
434
7387
6110
5849
9641
4414
7434
8135
2136
7120
9924
3006
9119
4996
5928
3719
4408
6806
2364
4672
2332
5792
5088
6882
1400
6243
3212
1746
5669
7609
6488
4428
7496
2802
2861
4158
1747
6362
2562
9246
9020
5144
6566
5651
9367
6430
5537
3455
8885
3047
9616
7934
9083
904
7592
6608
707
1030
5409
8971
1996
9513
8902
2057
2915
1633
7333
9580
6688
1038
5991
6203
8303
795
3658
1951
4226
8080
9703
141
2027
7338
6159
5519
1675
8770
9999
608
2591
4273
580
825
9780
4223
9847
9222
336
2198
8536
2992
1167
5641
9679
4634
3429
5054
6716
4743
1457
7148
7020
7074
9655
6749
8399
4182
1814
9068
3650
5069
5265
1946
808
5148
5982
7318
4546
2513
2636
5676
9381
6294
4153
2845
1403
9384
4388
7791
2916
4538
1018
1830
9032
4589
237
3214
9463
1919
7147
9541
3926
3823
3454
6845
6500
7174
2267
2314
7670
3082
2155
7584
9448
6007
7615
3796
2928
6352
6269
118
6087
3287
993
3273
9589
1574
3636
1725
3188
2238
2817
7665
3628
9968
9806
623
2991
1875
3922
1225
2528
397
861
6514
4266
9086
1331
4575
4800
6657
665
8308
6702
8367
6097
1841
3028
440
1578
9933
1541
2728
8607
5370
5044
6082
8208
8469
5640
643
1039
9042
7506
5601
729
5321
7420
231
4054
2280
6304
5113
732
9321
873
874
4363
6995
9314
8275
5441
8653
6293
2164
1959
9833
4260
2132
5902
3930
7006
977
1616
6161
6326
5341
4539
4184
6088
2832
6364
5638
4290
2748
2202
6559
2693
8772
4795
6903
7641
6969
5423
9629
5748
9584
1314
1078
5296
3109
202
1531
9985
4906
1205
7106
7217
6898
780
6002
3445
4326
1995
5437
1779
2185
5060
3275
5807
2981
3526
9498
7225
103
6329
5045
3722
2621
8967
939
6687
1134
6111
9418
5684
1600
9820
9925
7728
486
223
8038
2444
8799
6388
1417
2590
734
2677
7505
604
4816
3280
2510
5377
8969
5051
200
5055
190
9357
814
61
8939
7228
529
2787
3875
76
4232
3367
8573
7394
2863
6944
1062
3326
3458
6308
7779
2554
940
5642
5592
2548
9898
8146
4629
4416
4274
7794
3005
4019
519
9814
3148
7653
1619
4072
4143
3912
3227
5474
3537
2546
5168
6208
5871
2322
2977
7408
205
5336
8838
4306
6188
5196
8821
7674
801
7752
4354
635
8315
3581
8892
3805
35
3738
9787
6710
5731
3692
5288
2381
6451
6858
8937
9295
1610
2200
7329
4571
3748
1146
1732
3703
8239
272
5224
1256
8255
5907
9775
6524
9
4238
9480
8835
3472
2321
3677
3215
7522
4681
5251
2122
4350
112
5414
7845
897
4190
9069
2946
4703
1958
4179
2705
3011
5068
3274
4790
667
4176
982
8284
1629
225
8337
1864
1964
5751
9492
7755
2672
8455
338
5393
5379
1250
2174
2926
7068
2660
3997
5334
8853
6735
9173
1124
362
503
2243
9319
6080
8792
3301
2986
3756
9096
2213
6583
2777
2207
2260
1846
1639
5691
2975
8800
8606
1713
2609
5909
930
7079
1229
4253
3139
1579
2605
9790
9061
6965
4099
3435
6857
4330
6445
2995
664
2784
2716
3579
4119
8237
1137
7443
9883
2094
4186
3085
2439
6411
9741
4860
9714
9819
3495
2254
9030
6625
9846
6465
9038
7980
4010
2323
4459
7822
6152
4619
4230
4014
1948
8805
283
9611
2471
2304
2853
470
9701
9818
886
2894
6015
1443
6092
7214
2970
6984
6624
1552
9248
8701
2759
8890
7671
6825
2045
2783
8646
1992
8459
8268
9392
9963
2741
3237
7509
5996
1733
7781
9094
5813
6772
147
5475
6817
9383
9668
7393
7455
3243
8916
8500
7873
882
5837
7005
9792
5242
959
296
9325
6471
3417
8677
1439
1985
4446
2386
9873
4297
7430
3441
1139
8490
6319
4150
8163
7413
671
5456
6013
4241
6949
7276
5480
1456
288
9250
1041
5138
742
8553
578
8996
7610
8942
9938
3769
1047
1215
9836
1792
4282
7691
8029
5942
8247
3557
1106
7239
5976
3902
7524
4883
8877
8725
8358
5874
4502
4074
4424
78
1110
5746
7479
4448
2805
4505
9941
8113
2616
2524
2782
4475
3384
3500
4084
8900
9168
234
287
5029
8609
3310
297
304
5234
607
5147
1199
378
136
3104
3059
5552
5410
8488
2957
1021
7324
6929
1085
792
4035
1528
5198
2620
9932
4406
1490
9283
6580
9893
6109
5313
9154
391
3603
389
2587
4401
7007
6047
7114
2739
3740
2856
7737
3057
4314
2767
8755
126
1647
3497
9730
7929
5
3777
9598
3863
6486
6675
9502
1281
1365
9514
24
8556
8742
385
9972
4336
2079
6215
7912
6744
6853
8949
6781
9144
8297
5086
439
140
5484
9678
376
9591
2411
7664
5433
3963
3602
2976
5363
7590
655
4043
3878
1163
7792
1796
6432
9815
7975
1368
1936
8825
5036
3248
7107
2658
2980
3065
4479
730
8012
1471
8794
1152
1178
9390
8260
7215
6351
9117
1622
8005
4892
6998
5297
5236
546
8430
5611
7808
2864
2897
4422
5136
5220
2346
5189
4057
7846
5717
1348
8451
786
8691
769
2037
4507
2588
5826
1374
1019
2452
9468
5695
3022
482
6209
2866
2178
8517
4699
794
5833
3439
5333
7565
229
6085
363
5344
2630
2704
1235
5562
7389
3032
2500
9791
5825
162
5404
9909
8259
8988
766
2617
5126
2585
4169
6350
4964
215
9970
5685
8296
9807
1168
821
5832
498
284
4668
5872
3949
9867
3637
2204
1470
1981
1621
3992
7344
4438
6752
1655
1263
5270
5882
6185
1504
7178
8118
5286
3260
8393
5429
5476
4420
7098
7335
6765
3768
5659
2997
5873
9394
2216
1606
7516
3984
9977
138
2217
3319
6874
5340
8217
9201
5327
3488
6239
8276
641
2618
8391
7621
1448
3610
6520
4869
6910
5881
8316
3688
2580
5266
2518
9992
8464
773
6557
7349
1965
5293
1597
6112
4219
8050
3667
9675
3255
9987
3502
525
4155
2611
5527
9755
365
6556
8959
5016
952
8852
3095
1213
5757
8201
221
4342
2642
1736
5177
1889
8529
2248
1236
1300
5517
2315
2831
160
8480
2973
9890
7892
258
8144
7879
8452
3093
8190
2382
3543
8091
9866
7575
149
3179
5425
965
7181
9576
2724
9877
5315
9391
1475
2490
1122
4500
344
2091
5099
579
5246
7872
8034
2232
4367
8359
7877
199
5079
6922
3283
9070
6254
9728
3958
8400
6163
1464
1899
4952
4134
6456
8166
8832
4700
3853
8492
1739
4512
686
1572
6861
4914
6521
5980
4139
3551
6122
847
7985
7433
2059
7317
3432
1967
3964
3034
6671
740
9237
8376
6083
9340
4181
649
2403
3793
943
3097
5323
9442
8957
7167
5361
6587
6118
6757
1742
6701
4791
1957
7943
26
4733
5385
5503
9553
4466
9021
5093
2998
9745
1620
3186
6081
3365
3746
8815
3773
4789
209
7960
3832
6419
1075
5033
5950
1588
6303
7702
6648
1558
8384
8462
5776
5348
3657
1051
2573
3154
1773
5432
6317
8220
7905
4000
7116
9145
2972
3880
8254
198
2025
9029
8642
1500
7902
6971
3427
2499
7469
1813
3024
4345
9172
1455
4318
3864
688
4740
8758
1943
5061
9717
3333
5763
7105
45
8924
9906
7159
1665
625
1536
3096
8479
7738
5257
2727
4140
1782
514
8872
2478
7309
3100
6040
2907
8730
5529
342
2286
6933
3407
7410
3020
9501
7708
8981
4389
4804
8229
3852
1865
428
2418
21
2947
6288
2633
4715
2888
9869
983
3090
9579
6395
9417
8401
8350
3211
3409
2412
1449
3286
3371
432
9043
645
263
2290
976
2253
9347
7
9123
7718
928
7550
670
9493
8801
9289
8568
997
7302
3466
4683
6299
2276
6160
372
6442
8810
7875
3904
4939
6810
8530
5299
3601
7270
1301
4141
3913
3392
9266
379
6721
2456
4393
3979
7441
8482
6764
8368
7422
80
2615
6820
303
4944
5862
491
8212
8842
453
4749
8693
7350
6958
1763
7126
4060
8196
3533
909
8660
3009
6443
4945
2114
6692
8726
7797
1508
5893
3818
1961
8429
2516
7520
1933
3184
407
9524
4041
9397
3604
6588
3523
8789
760
7512
115
5933
2902
6268
3592
2352
6613
7250
2201
2110
4969
6173
246
2004
8403
2089
1969
66
2508
6184
6673
6674
7907
1791
9943
211
2549
1446
4786
3663
4177
3496
1549
9089
8059
4924
4792
2221
7084
8603
7772
5111
7326
7913
7818
7812
3459
9965
6507
6020
475
5597
9220
553
8737
7924
2270
9695
8511
9169
7460
6354
3469
18
737
7807
7438
5489
3385
9671
5142
3789
824
4567
4485
3381
4721
2441
9691
6357
8525
2124
3076
2485
1716
4817
5978
8300
3996
1594
467
2610
2440
5785
6894
1395
6431
3018
3675
1968
5735
3844
3812
5247
7628
826
4144
6472
3325
5225
1420
8076
8147
9400
7553
2654
6433
1452
3771
9682
184
2838
5508
5254
5073
9456
9804
7499
9859
6610
4750
3055
7768
1811
4554
4647
1618
7921
5187
5783
3067
712
2742
1698
7859
778
8365
7821
4289
1328
2139
927
8439
1436
6192
3415
9829
3309
7083
3682
2766
3669
9721
291
8656
7361
3223
2208
3555
5565
7248
3386
29
1640
9338
2333
4272
6746
6383
1177
67
2890
2399
8826
2250
5479
4218
2263
4985
9581
3626
8456
587
7224
5545
4896
8557
9620
1626
1445
7541
4042
8450
9421
3634
383
7419
6733
6344
8543
2043
4208
4180
6784
5681
15
3437
7028
9707
2881
8899
7523
1495
8173
4471
9138
3369
5439
4603
8458
6622
1668
7423
1366
8261
776
9676
6850
3101
8330
3545
1264
5551
92
2493
9433
6458
3868
1898
8354
555
2614
2533
2917
7233
9482
7109
9278
1419
4036
8421
9388
9416
8774
301
3821
2284
7803
739
4886
7416
9964
4355
4534
1825
7081
7814
6652
5789
4347
8328
9758
5112
5679
4413
7315
5886
3935
4065
5958
5839
1886
405
7117
5203
7382
4445
6035
7555
1063
3615
998
7765
893
3539
9923
6762
8240
2355
4439
5998
6694
1941
9401
7002
3925
9562
676
719
4390
1428
1973
3995
5644
2391
3888
6312
7798
1433
7088
188
8375
4702
9688
7852
5387
6609
4391
871
2622
7093
6585
6748
673
5798
9743
1248
8948
9393
3192
1435
8312
3632
1401
359
2070
429
761
4419
3038
969
5830
7237
1228
7247
5191
3515
6822
1657
3552
6193
3378
978
5514
2212
7123
756
9107
3420
5625
4151
520
3362
8601
5810
8614
6841
5024
3835
466
9786
313
2228
8589
9310
8689
8650
5127
8021
9960
9796
9566
6136
3293
5231
6059
7990
6067
7944
7758
5946
4171
403
6508
9408
7369
8844
5854
1432
9700
9561
3194
2522
5371
7261
7926
4284
96
7616
7040
3694
6918
6646
6919
9478
968
9888
7150
6413
884
2884
3217
920
2163
699
8526
6669
375
2723
6381
5661
4586
9854
4903
5979
2821
6972
4811
9982
575
4636
2246
9922
5022
6519
8736
5920
7679
3826
7566
6831
6024
6316
6809
1109
8333
2764
7544
8700
7771
3419
4105
4264
5407
8822
5876
3216
3855
4451
1004
8301
4491
492
3330
9474
6065
4375
1005
9500
1507
3249
7124
105
2453
8132
6699
6892
4425
3848
2458
9146
5868
8768
473
7935
6847
9577
2757
6913
2841
8100
5239
1385
2081
5877
2699
3766
6668
6253
2368
5732
8980
1947
844
4951
353
1340
731
2195
5541
8344
744
6174
4794
7388
8086
3438
8715
8630
3262
8954
6736
4204
5408
7424
8754
4225
6947
2076
5660
8414
3312
550
4624
169
3177
5905
9457
6948
5350
2415
2262
6911
2191
7065
2526
9023
255
896
5376
7569
3504
9076
4371
7627
7086
1453
5149
6718
4174
8036
8105
7332
1971
6366
860
6821
7751
1099
7611
5259
8016
331
7782
3977
7003
8216
6754
282
3340
8762
2362
9343
7296
6282
8871
8018
6886
9355
9470
2194
4421
5525
2489
408
9257
4610
6306
8361
2462
6895
7676
7723
5460
2925
6476
4366
5013
9505
3546
6169
8912
836
6414
885
2299
6164
2904
6616
2103
2707
2607
8925
2650
5119
6884
4243
8396
8993
5812
2369
2226
7736
5570
963
4853
1488
9874
2236
4670
1289
8127
2918
9336
11
9422
4580
6844
1775
2273
7672
8807
5975
4049
3613
8345
1180
5048
9872
2106
8769
4501
4348
1246
7936
7155
5755
8120
459
3807
869
771
510
3295
6062
1336
4458
1909
9035
581
8304
6930
9243
6799
131
3572
2454
3058
7854
2154
443
9770
6803
4183
7149
5851
9610
1903
1879
2927
4454
3382
1944
7108
7286
2653
8820
9862
8628
9614
2051
334
4110
4296
8790
759
9081
6979
5012
6447
5353
9317
9464
9342
4765
6603
3143
5853
5495
5405
2231
1003
5829
5365
7880
9434
2446
2029
5696
6915
9747
4990
5926
9484
4592
9935
2370
7661
1516
2922
8861
1724
5904
125
5612
2754
8388
7342
5167
5396
6670
8110
7304
9261
8049
3991
4966
894
9160
454
3521
9049
1043
7058
3387
758
2735
6483
2684
6766
7121
9582
1710
4137
3625
3060
3353
5150
8963
981
8256
4319
8910
7037
9312
3140
9733
5715
1522
2177
9826
2619
1856
9601
7203
3744
3646
197
5945
7102
9387
5962
8559
37
3207
9382
1458
9690
6490
3854
8958
9994
6789
5790
9915
6896
948
846
3513
7039
4240
3012
2694
9364
1418
8563
6137
1836
2301
5824
6758
5756
919
3577
8608
1631
8857
971
9098
8060
560
577
651
6363
980
6901
4358
636
2860
4922
4436
7706
6150
6331
2571
8617
167
3822
217
7134
9491
2095
2647
6119
9327
7252
2044
9424
8013
1189
7033
2119
4989
9884
8084
8363
3644
9939
9010
6826
181
526
1774
9469
9639
1469
4762
9811
1764
4252
724
3040
456
5859
4097
1188
3321
6231
5667
8719
6509
4615
7027
5042
3157
6565
6824
9659
9006
4698
4936
5356
7057
9567
3825
666
1197
9680
2760
8947
1986
8491
4910
8044
8752
2667
9715
3102
4063
741
314
675
6369
5646
1634
8374
616
7287
2822
3593
2026
2188
7457
6117
6376
4890
8746
5861
9930
8784
5319
7284
8622
3530
6935
3063
6838
8951
772
238
2365
6246
4114
4827
2384
6233
9891
5447
9631
8177
3294
7564
9511
277
2960
618
9650
8245
3891
4851
4954
4579
4829
8170
9522
2141
8180
7713
1313
6131
2835
3960
7256
1363
1867
4912
4659
6175
3968
1360
812
1355
4456
1372
3831
8887
2046
8138
7823
6228
4759
7141
7762
3556
2799
832
8496
7354
3159
3315
5473
3332
3149
493
7970
5670
2335
5956
7376
6284
5238
2849
4764
3033
7001
7374
5712
3494
382
9563
3655
9535
569
3196
3845
8398
1976
2187
2120
6783
9151
7725
3787
6989
1805
6198
3053
6530
6498
612
4202
9193
1064
6478
4753
4918
3713
1518
9245
1185
3665
8678
6912
7313
7939
7632
9255
4115
2655
4868
9494
4713
5571
4598
6182
2021
9285
617
1873
4992
4220
6695
4159
9111
3416
9754
1036
6505
4011
8181
3895
5677
6970
6985
5007
1954
9689
8688
2560
2749
1646
5289
7189
4737
4691
568
2259
6091
8698
9760
6235
9362
5936
4590
574
8776
2469
9099
7720
3246
2053
5481
3869
9777
9264
3901
1970
7714
4916
6700
8320
889
2474
8582
8348
5558
8004
7319
1771
8671
1206
4841
7626
4689
1894
7135
6753
9217
1327
6178
1421
1498
2905
8298
7403
6270
3132
9016
3836
9765
9834
9665
7539
264
7218
1960
6074
3889
4339
8057
4386
2990
3395
1323
9197
2169
4444
2010
1887
4398
3027
2435
2261
4211
9118
3687
5759
3801
9861
6310
2105
7014
8346
9063
244
1352
2696
3681
4686
3505
5156
5621
9439
6475
7245
4931
4809
6973
1362
6484
3252
347
2008
6029
3635
9696
1737
5372
3428
5374
4147
1123
5583
4879
9615
2774
2543
4594
6446
985
9913
9800
6897
2199
1259
4845
937
6140
7958
2818
6400
4077
6026
2501
7833
8918
906
4591
3219
1672
9048
5549
6416
7526
7599
1132
6050
4061
6149
77
3126
8002
9706
2016
8532
9450
3331
6455
2162
6836
9645
5235
603
4633
7549
1413
1615
974
2247
9980
6959
2625
6252
2666
9015
802
6052
5416
4576
294
1285
1684
8122
8588
8379
4026
2144
8028
4095
6397
5781
3062
1074
5465
4754
1211
5957
6440
5510
3197
7008
9191
8965
7323
2944
5532
4705
8192
1829
6183
1921
8042
1430
9224
589
1268
340
2496
5773
1145
1596
1324
8385
8627
5428
212
5424
1412
4037
8335
3406
8242
501
8119
68
6403
2371
4373
1068
3617
7194
7683
4039
1437
6545
3335
5817
9651
8961
3779
8470
3450
9507
7199
4675
9008
9618
3268
548
8682
1553
4565
5001
6418
9301
1803
8566
7643
4365
7887
7295
3328
7017
4544
8786
5245
8923
5843
7142
6658
7504
3482
6043
9037
9681
9441
413
9984
3932
2502
4911
539
2971
298
9389
2801
9998
5421
7257
6295
7712
5796
1484
1173
7085
4029
8595
5736
3659
3536
3401
2608
9762
9517
4185
3712
2568
5648
3929
3757
1171
6980
3490
7208
1065
7574
9132
3222
2603
1164
113
5298
7593
9365
7881
4785
3547
5000
5795
7654
9526
3780
9521
6345
6361
6495
1017
5420
4295
7589
4434
1735
8406
9951
2911
3918
4259
478
4731
8392
6460
7241
5314
3135
7043
8663
6626
460
2797
5223
7177
4978
5921
1728
8299
5241
7104
4888
312
134
5064
7139
6741
5067
8007
6544
5988
6950
7685
5458
1193
448
5680
2497
4585
850
1367
9286
7572
2432
6685
3052
8991
4766
7562
1525
5383
718
7642
9538
85
4595
5609
2088
418
241
7982
3728
1147
6422
545
3464
3037
3043
3790
8611
8294
4763
6630
5201
4175
1170
6664
1707
1476
3897
5451
8372
2328
8932
694
4871
8416
2940
7253
6129
8495
992
7274
8791
7221
5683
4607
311
3191
2706
9235
1379
8014
6617
1807
9130
8000
5840
9778
1932
695
4102
2061
2874
1219
7790
3010
1357
7340
8771
7517
598
6723
3804
9823
5274
5588
6069
5030
351
518
2710
5930
3999
8074
9413
9281
8644
7707
2983
1204
9892
5719
7447
798
7451
1718
8972
6132
8929
822
9656
8081
8623
9033
3584
5208
5619
1044
3377
1161
5482
7427
4822
1135
3559
3544
538
708
9465
516
2613
6285
7829
3619
2903
2855
8524
565
9555
4368
8476
6804
2429
3606
986
9396
9573
3374
9190
5693
3590
9013
9078
8922
1332
2557
3394
6562
1613
3729
9848
4967
6477
6614
5229
6690
9483
2868
5076
6492
4578
2257
8475
9475
4654
2172
9947
5960
8732
5521
2538
8761
3753
5698
9238
7210
7529
6371
2389
3630
2288
1962
1483
2530
5152
5931
1692
192
2876
6871
9619
5457
5426
2398
2885
1577
1533
2252
7474
3924
4757
7893
5925
1853
9674
990
2130
7715
230
2553
8672
6649
8151
3969
6343
72
6409
4904
5464
8048
1354
9547
2428
3693
6054
6516
7493
5096
1273
6311
4069
4667
1447
7019
1677
4286
6801
6384
2366
5467
1415
4513
8613
585
9845
6405
5725
6037
7307
967
1506
2643
723
7082
6839
8214
8161
4905
8264
1150
7866
8026
7277
9550
770
4521
9988
1209
2520
4995
3483
4988
2479
5173
1855
2503
4395
4235
9768
8787
5145
2762
6518
9738
7325
8808
3130
3165
6720
6197
879
9253
878
3054
8077
7090
9788
164
6862
9673
8274
774
4071
9564
6908
1526
3810
2152
7397
8460
9837
5115
3314
1529
2529
6061
5762
1880
6196
7571
9486
3707
9661
6086
130
8428
5553
3791
1895
6297
3492
2669
8442
2408
5623
4872
8137
6503
6638
3974
7890
6489
7414
129
5218
8977
4474
7157
4608
9316
9776
6113
1076
2959
235
3819
6099
6705
3795
8185
5345
8433
8115
6207
610
5307
9157
8408
8436
1888
6186
2869
4894
6201
9060
236
7071
4387
3518
309
2306
536
6899
6955
8438
7597
7316
2209
7955
6501
2058
7622
4
4887
1468
2646
7568
1712
5461
3950
6216
938
7359
5744
8218
1839
1721
8539
139
6738
6906
768
571
1952
9131
8537
5103
6437
9604
2878
2871
9356
2850
5021
2002
2466
5087
8865
8027
593
1956
4024
5063
1465
1054
1617
831
6788
4308
7179
2104
2424
8362
9646
3142
8501
6244
2717
2599
2203
8668
9727
956
5780
1511
4961
9125
4396
5237
4530
7018
6056
318
3091
2001
7639
5091
4734
8757
356
5629
2357
8597
4975
841
4599
7989
2649
7965
9012
3830
3245
4917
2978
6522
818
4411
839
4467
399
9570
1556
3531
5347
1191
6301
233
2028
5326
7337
9632
3519
4394
1203
1028
9608
8305
1226
7501
9918
4382
5747
3911
9983
8862
5165
5114
788
6713
5966
5059
2574
6543
523
8101
9348
3348
5895
746
2012
2581
1860
5729
2111
1826
4369
6637
9759
8968
1053
7140
2073
2483
7503
5049
7328
1140
1539
4532
1290
2830
7816
7605
7399
1760
4132
5999
7582
5504
5373
9966
8241
6711
1927
7308
278
8848
9004
2569
5452
178
1893
4149
964
7729
2388
3225
918
4875
2342
7745
6707
9912
7743
5530
586
6602
7525
4991
7832
9797
3709
7546
6172
8978
2186
5025
9917
3002
2632
994
4542
556
7838
323
8729
2451
9732
6563
8508
7640
5226
4301
4835
1705
9115
2601
1008
6590
9756
5784
6802
1050
5633
7193
2023
6684
9795
1527
5602
6382
3434
2795
1727
4826
3893
9330
5518
4950
349
2955
1840
2291
4271
7064
4461
4483
3668
7824
3336
5922
6027
1055
1153
5848
2009
4131
2003
6412
5605
9135
9386
1094
3174
8803
912
1554
4561
4261
3016
7351
1637
7417
6004
7091
8413
5889
7802
8584
1243
8156
5697
9533
5596
5568
2708
5924
8828
7900
7327
8515
3296
1410
6141
2420
7402
7314
1953
9218
2906
5636
2279
4823
5271
634
9339
7290
4517
6885
276
1810
4783
8282
8928
9181
8533
1499
6982
8267
1815
1537
789
8108
8735
5050
9510
8915
4032
7209
7620
406
3656
2222
6000
2170
3164
4688
2281
6975
4821
8232
5399
4148
5884
7843
4200
3859
3676
8903
6843
650
6606
5643
5668
1789
4709
4993
6823
4802
1833
9726
3453
101
5737
1081
3517
2480
4028
1207
1797
3616
9658
7613
2071
3251
2891
7051
8864
2837
8921
7378
7026
4616
584
7531
3898
7918
3781
7986
4722
7138
5775
7449
4003
6127
4937
8449
9318
4805
3167
2142
2434
3103
8089
4196
55
8092
9841
8569
1216
6281
4287
1241
9320
5262
9102
2090
3696
816
5219
9708
1276
7906
5987
319
5914
530
5806
6213
2147
9137
9767
8347
9757
9838
5342
6956
2430
5845
9113
3074
6093
1966
9025
2731
3689
701
1882
5028
2833
7895
6881
2269
6974
1708
5204
2938
5952
6787
8193
3046
684
6076
785
717
6936
9979
9180
9075
1486
2807
9361
341
743
7372
6747
3073
9956
3205
9199
4742
8676
9093
451
8816
8519
9774
7716
4631
4739
602
7878
7243
5970
4587
4842
2656
9763
9648
9865
102
5398
2036
9545
449
1212
2534
8962
3624
74
7519
2689
9335
4101
3525
9280
5778
8648
3743
3588
8685
7514
7444
2302
4305
542
8269
6036
5896
9593
7115
7617
6574
9856
4921
5656
8157
9024
9129
4999
1630
934
2531
7047
7130
713
3349
4899
8478
4269
1493
5227
4123
8186
7021
3741
5040
3123
7682
7957
9082
2826
3587
1297
5934
2634
4652
8616
2225
8318
6439
5331
7556
8773
6157
5039
7223
2266
5714
109
1740
2924
245
3399
5728
8637
9863
7355
3894
9761
6070
5834
1532
1745
62
5261
395
6849
5466
8759
6676
5094
5339
6334
1878
5800
3553
3674
2572
7125
3509
2066
9432
3528
4441
7834
4947
2504
1454
8804
6116
3271
8327
4520
8142
7585
4108
3189
7695
9476
8534
7663
4312
5805
7495
7885
7169
1353
98
543
8352
8096
6581
6232
2303
6714
1929
6640
6134
4111
4031
7330
8437
290
6441
173
8202
1381
107
4781
1784
2034
4157
8165
4711
9073
630
6923
7583
888
1501
3839
2423
1538
3080
4782
750
2979
88
4776
3906
7933
4980
1104
8443
7606
4819
144
9155
2525
9805
9121
3827
1441
6615
5981
8023
6761
9344
8675
8960
6467
2785
2770
8909
1489
7601
3088
5041
7994
6751
1930
6469
3308
9031
220
9403
179
9603
4588
299
1699
5929
6014
9252
1343
7825
2063
8683
5964
8223
5594
8425
6773
148
8033
6468
6459
3512
4726
2665
1186
5939
1396
3862
9799
4490
8955
2895
3962
7625
2251
7623
5967
9380
433
496
6426
8054
5639
524
5110
5707
5649
1715
7173
5230
3942
2313
5240
640
1311
782
9993
2631
7196
4201
4997
2245
8840
596
4429
1687
4747
6436
2361
4529
5573
132
3277
4664
7919
1222
5478
7500
5811
6759
7677
9091
1425
9262
6064
9702
5444
7468
4582
6662
9058
9179
6851
3522
2566
3051
663
989
9742
8019
1358
1405
5977
8194
5993
1220
9519
8876
2628
1349
711
2659
9853
6775
7437
6162
2258
213
5899
2336
8724
1144
307
7182
7477
7731
3079
3620
252
2673
2753
551
4135
8538
3879
9260
6011
3585
3597
7435
3463
5768
7995
3803
5577
3873
931
3072
5954
1098
2761
914
5711
5779
1338
3788
6719
3508
8409
932
3015
8477
7551
5275
9887
3456
8313
3337
2624
2857
4850
8510
8638
2641
2481
8098
7482
4806
6537
5123
6138
1244
8085
7260
1910
4299
5329
2068
3589
5442
652
5579
6709
6171
6449
3754
2168
5793
3170
22
1127
6452
8654
8295
6904
2763
5858
7132
3739
8281
7205
4360
6487
8356
3457
8580
7528
2166
755
8802
4524
9379
679
1765
1007
4198
2052
4725
3874
1503
6550
8837
6360
5105
4562
7041
3618
7635
4231
2714
2100
3418
2031
5249
3168
4606
8520
357
6786
3431
8858
3737
4840
5157
3643
6925
5360
2824
381
3708
8561
9050
5493
325
9232
597
6153
2486
4986
5591
9337
9065
5172
3699
20
8155
5146
7979
9551
1625
2870
79
4772
5564
7604
8624
7395
7436
1592
2967
6266
6997
2133
4082
1014
4640
5673
7119
3444
6325
2867
4907
9542
6021
605
8418
7839
9436
6654
5804
7303
9202
7608
627
6631
7587
7053
3288
8779
8856
8869
8836
5264
7264
7103
6542
6463
876
4946
3019
4484
9736
9296
7161
1162
7637
7952
5716
8782
7029
2648
5232
1282
3070
9045
3068
3155
4881
2670
1654
9236
2586
3231
6635
1387
3467
7062
7988
2242
2582
4352
690
668
9662
5276
9559
1673
8503
2887
9556
6271
1801
3931
3388
1069
4708
7983
1479
8649
9198
4073
4611
6917
4566
7383
8360
4706
2515
59
3813
7075
5386
5267
6722
2514
626
767
5151
672
7540
2862
4242
481
1460
2014
908
3017
8191
4486
557
5192
4550
3045
4323
5675
6276
9019
7809
8158
3173
2786
6601
4511
5367
6909
5351
3473
1683
2576
2627
6010
819
8064
8509
5674
5332
371
8323
9835
1136
5233
749
4064
9341
7780
4109
5346
3858
3344
5590
6100
271
4690
6812
4938
6553
1325
16
6457
5017
4351
8257
490
6589
1138
9269
4704
2024
5117
4693
7724
219
7305
9128
2102
1955
430
1321
1980
9122
7011
5337
4328
9600
3376
8618
6607
951
8024
4570
52
9249
4002
9685
6633
8453
6038
3029
1720
4053
6318
2509
9911
5753
4719
4962
2985
8487
4397
8225
6641
624
6928
6176
957
4025
9950
8342
6387
3716
512
1573
4728
3208
1086
4718
2285
1994
4751
9705
887
8031
1920
5908
5098
7647
2719
8056
4984
2752
8415
4431
1318
8188
1279
9188
1591
8713
2507
6813
7176
2438
6612
9352
8647
201
4045
8560
4338
8720
8211
5820
9057
5349
900
2720
6539
5097
8551
5281
4494
1317
4217
710
239
5065
9698
1656
4671
1009
4788
8207
7136
991
25
9683
5280
5325
6667
9001
9349
9095
5822
8179
8148
3
3857
1743
1102
9062
5134
3938
9007
862
4828
6229
2356
7869
962
8813
8382
488
8913
9445
1756
69
1924
150
6570
9627
929
5430
3529
1422
1700
7783
2965
4971
6575
7763
7054
3311
3856
7192
6391
58
790
5713
7612
5961
2709
7061
457
4655
6084
3304
9803
1524
4381
4017
1945
4322
3106
4926
4233
3887
3334
6715
8411
3680
9827
2109
8069
6322
9840
975
8378
7056
4958
232
5505
1113
1408
3928
6144
5009
9516
7922
158
5248
2858
1883
6914
4812
8571
654
4830
6779
6797
6620
8953
5720
3114
5222
7235
1603
3783
3608
8946
5599
6891
3134
7899
566
1160
3121
6211
8819
8001
1272
8172
4129
4773
4277
2792
628
3834
6462
8744
8705
2565
775
6012
9798
5056
3485
9204
7594
1239
5066
7320
5211
3809
8884
5175
8956
3470
3732
4648
9753
7966
6567
5120
2180
4622
5860
3342
4653
4771
5801
3066
5277
7321
1025
1723
3872
9251
5844
2056
1509
5951
5496
7030
7727
127
9309
3228
7954
9831
2913
2623
1070
3478
1759
5427
3440
3524
7334
8432
815
7576
3398
4601
853
9704
8540
8528
2934
1885
7694
1570
3039
7811
8205
7967
9148
942
7658
6540
1255
6791
7195
1876
316
7882
1310
7904
2806
8681
8213
8933
4649
6686
6191
1502
5108
807
4443
1183
4535
783
3976
7886
8265
8471
941
1866
6375
5124
659
3670
7094
573
9195
6680
4758
1295
6177
6534
9735
1897
177
6770
5215
425
3701
1306
65
8343
3498
1565
9816
2948
1477
8126
7368
94
5382
7271
6531
1906
6981
5885
7689
2494
1033
5650
8061
257
6291
3120
3919
9653
3660
8446
6792
7638
3685
9945
1521
7222
8424
6645
1798
6390
2085
6079
4145
6782
7891
348
4138
9044
4949
4013
2148
2096
9167
360
9496
4426
4222
6039
8405
5268
9907
8175
590
6218
8238
4864
2681
3218
1949
7701
3213
1309
5706
1287
9723
8431
4203
7298
7163
2173
6968
1292
2901
8976
1090
2020
119
1628
3501
5359
4556
8674
204
2755
6336
305
7036
8129
7953
142
4777
4730
3414
6643
9426
1794
3776
4410
6623
6491
64
6386
7795
8099
8690
5027
8052
2910
3258
322
1900
9223
1404
9150
6902
3078
3198
4258
9942
193
3786
8114
1984
1585
3343
5394
421
9849
2473
2662
1787
4086
1988
5900
1823
7778
3298
9719
1753
562
5589
9036
2701
7726
6921
4983
4104
8373
5413
1842
4427
9372
4735
902
9504
3359
5291
6125
3612
9990
2078
2682
4557
5185
269
7603
5205
3978
829
4340
3259
8748
3698
4265
4641
2702
4022
1308
6962
9858
2896
9812
6090
3725
2055
4540
8279
6072
8499
1032
3934
4127
8662
2041
3221
7668
1119
9962
9643
6031
8781
5578
8083
1559
9976
558
8997
7874
2512
1023
1564
7293
2798
609
3302
1778
6689
6179
6527
4310
7220
1546
1635
7819
3861
2377
2756
806
4533
7229
3372
2482
2800
3232
6555
6905
8465
3554
1709
4090
5322
2125
1296
2847
310
7972
5538
2463
1548
5743
1757
82
1679
6030
9971
4047
7063
2848
2932
9546
4943
4866
4651
3023
7857
1802
3203
7947
9304
7059
4901
881
9306
5381
4377
1461
2712
5023
6774
9194
5634
9895
36
3272
53
6378
9271
4564
6805
3041
7920
5118
2577
5916
2157
891
8287
1676
1431
8006
3678
8886
5488
5402
2249
9769
9621
621
5986
5955
3720
4440
6594
8583
4716
9052
6796
9026
6287
4188
6785
858
3747
3802
2292
240
4325
4878
3136
7631
1040
1088
7231
7684
2734
828
423
7698
8062
4756
7951
3270
4048
7836
567
3959
3269
6996
7573
2551
1116
5799
75
9929
7183
1935
1706
135
7941
6104
5046
1632
9159
7730
6798
5406
3137
487
6358
8673
8596
2690
7226
7023
4112
9894
1937
3767
7145
3306
6564
5891
1201
6834
7828
3640
5878
8906
5072
5777
2746
1717
6473
8984
970
9229
5708
1179
6275
8941
2312
2092
5216
2892
5745
9228
8619
3083
1835
3235
864
1780
5645
9684
8767
2196
1426
2488
2804
5581
5584
2823
7596
9022
6078
8860
9515
4317
4334
7202
9882
5911
2547
1896
5199
2465
7341
3421
903
1768
4680
175
7948
3704
8905
5894
4679
1096
8740
8228
2126
6883
7865
8063
4113
8231
2612
1581
438
680
1407
1230
8338
3860
5397
2604
8422
7175
2064
9213
4663
8710
1015
2744
5492
709
9258
2575
1240
8011
9718
4460
410
7373
6206
7015
9000
4166
6335
3594
5455
1642
7692
1730
8474
9162
9725
1298
9308
751
8982
8866
7288
9995
3116
1819
7901
7425
9225
6636
7255
1156
4480
7251
6712
6691
8082
7984
4133
2460
3881
1738
843
6327
5195
1872
949
4968
6051
9857
837
6435
653
9664
1315
3774
9055
800
9710
4509
9897
3841
3939
6399
1772
2984
208
3064
6227
7578
811
5181
7558
171
6108
4315
2406
2385
5255
2993
2048
5122
4623
594
2351
6811
1341
8197
9184
8854
5556
4577
445
6217
5963
4435
7910
9512
6696
9666
1224
7697
7391
4549
9059
7034
8278
1260
4882
4291
9277
7847
3481
3914
2457
355
8795
3947
6151
1766
8745
4059
6063
4285
7300
9667
358
9599
8944
1741
8199
3638
9802
7884
3760
6450
374
9104
6170
1726
8506
1997
5401
8448
5507
2149
7883
249
9346
6593
9523
7265
1638
4525
8407
842
2437
6582
480
9699
7748
7439
417
289
7031
995
1011
803
5312
5221
8521
1908
7977
9166
753
1101
3510
540
7532
4884
3641
3190
7067
933
5838
7227
6219
9221
8454
8206
5506
2578
6964
1781
4229
9354
8291
1583
9376
5287
5935
6818
9817
3402
3734
6842
5014
3410
2602
1013
3972
2963
7022
692
2882
3291
5678
8518
6591
9560
9669
9455
9552
2982
3538
7974
1832
2987
9636
2683
6952
3324
3290
5128
402
2159
8394
7211
4020
1513
479
1337
1060
4738
6001
1859
5560
6536
4696
401
2331
9313
9034
8325
9161
3144
216
6693
3575
6103
7415
7347
3570
1560
9254
720
7917
2205
5941
7535
4021
7867
5454
7659
7801
4450
3014
4331
6954
7238
3393
9766
9477
1540
6046
9088
4510
4948
6181
1319
4469
1714
4519
3400
1660
7398
9886
4965
564
9975
872
4281
327
4030
4665
7092
8248
4673
5358
41
495
2374
6870
9187
9077
2550
7673
8234
9937
4768
7004
6888
5990
4311
9594
5015
8111
8548
2116
8999
5445
2829
317
7761
4464
8904
5658
8610
9921
5320
4385
5179
4341
4867
4006
8633
7165
1283
1806
4810
685
1080
3921
9002
390
7581
3511
7471
8326
6872
3797
5018
7448
2032
2532
3514
1809
3989
1659
5637
2349
4125
9116
9635
1253
6987
657
5090
7445
6199
8679
2687
8390
4378
4496
1922
1118
4724
7799
4283
6554
7618
4120
7259
6098
5485
5919
7401
3479
8687
7306
3735
1913
9503
3945
8494
9412
5723
2541
9948
677
3933
5513
2521
6273
5901
1783
6115
499
7722
7750
4016
3166
8221
6292
3163
9716
3138
5866
2062
5390
2477
5653
71
5292
3742
5823
5739
1067
6642
528
3307
5153
721
7390
7996
8153
2644
1303
3828
4861
5453
4813
1247
1121
44
9739
5974
8846
3566
8841
2819
4335
4572
1082
2908
8290
2747
8215
4476
7052
2872
5821
851
2224
6307
2287
6398
4449
3008
3946
9955
4982
6854
6283
2038
2158
5738
4433
9406
8381
5129
1293
5700
9928
3598
3162
7472
7510
6339
400
4237
7428
8434
476
5879
6946
8696
3772
8655
6147
121
7078
622
2422
3569
905
9720
2271
3187
7311
2657
6189
9331
7744
2214
9617
5471
6999
2354
4687
6424
1462
2778
3653
4583
6454
6579
9360
5703
999
502
280
6485
1423
8288
9227
9746
5827
224
4165
4098
5141
7362
9446
1557
243
9298
8258
7837
8423
5005
214
1022
4526
6517
6734
1202
91
3573
9449
7696
6596
4018
7667
9879
4839
5585
5818
367
9660
8483
5791
2445
838
7848
3710
2596
647
7678
2084
1827
6745
3970
93
447
7096
3176
9569
5887
8053
2680
7272
9134
5206
2431
337
5932
698
7050
5121
7452
5608
4356
3056
157
9028
2138
4007
4959
6632
3185
170
6482
9242
9090
5494
180
947
2492
682
2378
6260
8015
6392
549
4404
8788
8777
4091
5572
4122
3647
6187
1987
3751
34
7131
8143
8187
9839
1480
5047
3759
3814
4298
5724
6832
2472
5161
4729
2484
8620
3430
6165
3842
2337
9602
5497
203
2353
5953
4568
1905
1918
4618
7826
369
813
3820
2736
689
5143
7249
8200
6396
5898
9692
6986
1550
4117
7773
4545
195
1155
6876
7412
2600
9307
6420
9554
1785
508
1512
9462
5657
8621
880
3360
1587
5536
924
2788
9596
3352
4528
3396
6180
2129
7577
1849
8753
8252
2390
2726
7483
3892
163
9588
4543
9926
2000
8395
3423
9731
6259
6274
7356
8707
437
984
9415
5772
2595
5663
7868
7206
2093
2007
3030
5020
1544
2134
2131
2410
3422
3125
3697
5034
330
5071
4666
1734
1543
9781
2594
2277
4621
4674
9750
7409
315
6286
89
2065
5943
9186
165
1510
2022
8164
8273
5258
9231
9175
1251
3609
254
9371
8262
207
1838
7769
1845
6372
2487
248
4635
4023
5135
7262
4038
1184
1157
5380
5682
2750
1117
9294
7180
2556
485
1758
8277
7888
9080
153
7370
5867
1982
3941
4103
7128
8251
5311
4741
6840
3560
537
5330
7129
4173
6225
3750
1192
2011
6679
2414
2678
8334
8661
7909
38
8184
4987
2329
5498
8507
4167
5802
9079
1393
600
9973
306
1777
293
2923
9490
10
7385
5803
6513
7025
2843
7035
4972
1345
4380
6743
5483
300
6932
8555
104
3279
1079
3153
6515
1238
3425
8631
2552
6264
8244
4357
2570
9779
3800
8136
1793
8934
6095
3452
6148
196
4267
817
3764
1608
945
1689
6683
6247
9940
2811
7511
1858
703
6963
8210
2300
1854
8615
6837
4760
7841
953
2638
5487
8389
4262
1361
14
6248
1383
1288
7930
5435
497
329
2013
9896
8665
2298
6533
2751
8324
4270
1083
3224
4248
4531
8920
4717
8072
3491
3520
6597
420
4370
2363
1851
6598
3896
9398
757
2969
3356
3449
781
2909
7607
6066
6272
4953
1670
2953
7567
8387
5515
4477
8159
7379
275
9205
9192
5089
1342
4470
8945
285
1034
6237
9529
8045
6167
7856
1701
8652
7554
1857
4900
1344
1347
4316
9670
4723
9454
8522
1304
5217
5550
5250
5542
1097
2668
8636
7717
5434
6990
2933
9003
935
4376
1852
7997
7077
1795
7928
1861
7360
5449
1754
6453
9744
6133
2118
3318
4152
3605
7579
9174
1333
5555
6194
2143
3548
1108
9927
4632
9870
7153
83
6240
936
1346
9247
9185
1652
1305
1234
6682
3642
3350
7831
2886
1390
8332
830
1598
1979
7154
2338
8680
5937
6717
7749
4942
856
5628
7861
5856
6075
2015
6569
3717
1869
9440
7463
5740
9267
5502
4092
8651
561
4399
1370
8309
5965
6893
5890
3785
6464
1
8706
3574
8666
5403
6678
7032
4574
5524
4630
1871
6124
3476
5294
7645
4998
9219
8302
547
606
5459
2703
3171
9460
1923
5705
1485
1696
3462
797
1141
452
1928
9363
4432
8270
6541
4078
674
1816
1000
435
137
4412
3586
9067
9784
2376
2718
4329
1406
7392
8169
9789
2738
1576
3094
8468
1790
7204
1690
5940
7331
9944
8102
4858
5107
2729
2772
4008
1277
5544
7849
7830
809
4215
9954
9105
1925
9467
8585
3567
6023
3160
7207
1059
8554
899
5279
5438
5692
1158
8523
6367
5972
8286
2240
2019
7060
1748
1916
1334
4473
9764
5490
4362
5324
8046
3765
7404
8369
6341
658
8222
2375
6296
5395
9536
1232
8550
2780
6394
5310
1491
3133
4707
8090
7066
6359
4796
3031
1551
9961
8198
1605
1674
3383
8463
4617
4293
4847
1828
9274
43
174
345
5269
7254
5857
632
6639
143
7976
2117
6795
6760
8516
4682
4227
6920
6506
2813
1584
3563
6867
7776
9106
7987
2077
8125
469
3695
1451
2035
3285
748
9592
2852
1450
392
5912
4034
6634
9051
8512
4642
4012
1245
1335
3183
9170
619
3627
4555
5308
350
2379
845
2931
7742
9303
6222
6672
8167
2567
9697
8103
1356
9374
5580
9953
6145
6992
8087
8721
2160
4089
1761
8095
0
8625
4327
5391
7431
6421
1187
1440
5283
2943
2950
1515
3614
823
3629
1641
6708
8271
1752
7956
5170
4162
6526
9740
4197
3146
3961
1112
4981
354
9014
7097
6234
3150
2400
5593
7804
4457
3664
1409
9809
9548
747
3988
9772
2639
446
9027
3815
3843
5841
110
907
2239
7844
6549
8829
8590
6154
1993
7263
9543
5190
1649
2343
7710
8131
7258
9268
1535
9900
1911
1648
9904
151
5892
2695
5512
7069
5053
4770
1912
1042
6410
6644
9916
4748
7346
1006
5188
2542
3700
7446
2555
6348
9369
17
7820
2506
9729
6525
2318
6058
8427
3061
4645
6257
5754
6373
3784
4656
3985
5202
1002
5491
661
1265
1159
5992
4482
6277
1046
6034
2920
4873
6041
2227
4067
3175
9957
3645
8025
1218
9885
6033
1274
7171
7981
1394
8714
6408
5500
6511
8150
5228
4934
4612
7690
4638
3778
6584
7275
8068
4418
6481
3966
9652
8073
3983
7916
8812
7537
4769
8123
5995
5543
5415
7796
4495
2112
6869
8292
1487
4793
4877
9163
4522
3026
394
4963
6726
1681
6763
9323
5855
5303
3412
1731
4834
6107
9709
3000
4076
2293
484
1568
5906
3683
4292
7488
4863
9946
9239
8047
3755
7185
50
3346
4083
1786
1037
364
7164
5273
3201
8743
8936
4051
2372
3151
2283
9074
1602
9420
1589
2297
1514
146
6071
5539
5531
7680
2854
5923
1661
2359
154
8639
4313
5927
4161
2358
7411
2598
8370
6660
33
3849
966
1010
2989
8741
6320
6042
9136
3846
370
9810
9438
1382
6298
4919
1020
2640
5847
7442
662
2060
2
9528
8109
2839
3948
8227
5709
4893
1115
4516
1671
3489
8796
3990
6926
8855
2145
3397
3762
5155
5915
1667
4833
4933
6659
7156
489
7655
332
4508
7840
3316
9479
8578
7534
6018
5750
2345
9876
3591
2775
7862
3050
3706
2812
8576
4392
7200
7076
5758
1316
6417
1128
168
4160
32
9210
5913
6263
1664
8843
2589
5501
5647
7242
7740
9177
9597
8645
2289
2836
7580
5178
9152
8293
7357
6279
8219
9139
3233
9520
2181
6379
5534
7703
591
3648
7246
9437
7903
108
1190
3087
8531
8643
1052
3089
3474
8272
2455
3044
4066
3903
9444
9142
2074
2407
7999
865
3824
5782
2544
4677
3578
2108
81
152
3816
9860
1386
9625
7470
1399
8224
8985
6740
5419
9435
8472
9471
4068
5137
9005
8626
6077
7863
4928
2426
8039
6860
958
2033
1210
262
4646
3048
444
335
6265
9216
8542
6677
5037
8889
8162
2968
3927
9334
3263
4088
9423
8567
4755
23
3558
159
2167
5794
5006
5984
7187
6200
4669
7358
1391
3405
1339
4116
5364
7160
2476
9273
1901
39
6863
2949
419
6890
4774
2796
2579
242
2651
6347
669
2698
875
7055
6977
3877
8493
1326
5655
3433
7279
9244
361
2190
9209
4979
4221
4660
4142
4537
6833
9989
4559
7805
426
8441
8667
7143
7289
3366
4573
4684
4189
6261
8817
6089
8570
2380
7491
5309
2392
7675
1703
7486
754
6706
6346
9844
1291
7480
1061
2883
8546
3714
2115
8989
5690
4463
8402
5627
3380
7400
1998
4849
1397
6328
3247
8930
1031
114
9996
2930
7478
6313
7188
7133
7168
1275
7533
4216
2197
2404
3621
2725
3908
2498
8134
9527
441
6016
1863
4055
2211
4423
1442
5947
2645
3281
5808
7855
5632
1176
7366
4344
8598
8130
9288
8898
1599
2715
8970
1196
7815
9499
9114
8353
6666
8445
9377
8236
4294
6238
5468
5043
2851
5528
5366
8253
4379
2234
3289
8336
4349
6878
7817
9368
4927
6315
7786
3209
2563
4662
996
4402
5080
7813
7396
9189
3351
2396
2900
6128
8311
73
339
1466
9590
9018
4228
1262
6835
8975
2889
890
2165
7871
5701
2470
1459
9087
7507
4405
5850
6988
3276
1624
5207
4940
13
1824
1868
4052
3254
8139
1125
3391
8289
2793
3375
7699
120
388
9351
2941
5949
2305
9825
106
7775
7127
4442
7860
7405
868
1695
7407
4400
4854
7945
4935
6368
4081
5084
6939
3266
3363
1380
7950
1200
5582
9046
6865
2278
7660
9108
2072
3230
5614
1148
9299
6647
6548
2776
3761
5610
9009
506
3013
2561
1294
5615
9461
736
2215
8171
9628
1077
5132
3782
1914
7657
2691
483
9919
2809
5411
6732
1071
3119
2921
265
5174
5983
6278
1769
9986
5831
4249
7454
9092
9637
9633
8183
3649
9350
9311
8594
9226
7312
1939
9549
6365
883
8712
1915
8377
6496
4613
7219
8314
6057
9969
4503
3662
422
6859
1095
123
8604
9328
4244
922
292
2740
156
705
1378
398
835
5842
8806
7038
1107
206
7352
2475
7563
5075
8364
6267
2161
6332
913
1907
8592
5106
4199
5102
461
468
954
1072
5197
431
7709
8863
9808
8209
6800
7515
28
8383
854
576
8097
972
805
8874
2536
7212
7959
8593
8851
1530
4857
3980
2842
3799
1519
3081
2664
2409
6866
3446
2745
8319
2383
3284
8895
2540
2597
494
4384
1874
5357
7048
4569
533
5081
5616
9544
3684
716
3241
6130
9752
6155
4207
9214
6305
4178
3147
9686
8233
8243
8751
9606
9182
1820
1749
27
6377
1582
2537
867
2779
1398
427
3364
1027
3204
9324
3236
5100
7240
6697
166
7560
7476
8823
6793
866
1389
3967
4625
3752
3426
7770
4536
5436
6627
2401
4239
6255
9399
5870
5443
745
5863
4096
1049
5352
4859
7475
6875
1612
5828
5846
9881
9176
6338
2324
8896
4710
8497
8692
2308
9605
4094
366
1884
8994
7788
3327
7384
9934
8711
6126
870
3595
6529
8878
5526
6224
955
320
678
3661
513
1711
7949
4643
2184
2685
6816
9672
9959
8764
7386
9649
2341
2402
3493
6300
2050
660
6370
3234
9149
1563
9275
9040
8440
1087
9644
3527
4213
8950
7421
1520
4852
4808
5797
6879
3206
9402
7666
2467
6730
1221
3075
6827
268
1762
4609
7458
3299
6461
4205
222
1073
4799
2820
1444
5760
1999
8473
5463
5767
2083
1590
7962
9265
4437
6250
8371
3077
7234
4304
4974
8513
8249
51
4976
4604
1821
8868
6374
7110
7072
3673
4692
3503
6650
6814
2635
8979
8075
226
5557
416
2320
7273
4941
7898
583
9430
6340
436
5194
4775
5814
9978
8112
9300
6877
5422
2952
47
7301
2350
6943
4085
3987
1561
9410
5104
5864
8670
4909
1120
9241
8426
8894
7236
2393
2107
504
1105
7971
2086
6068
1474
2442
8285
1862
8017
9041
9607
5786
7283
1691
4172
8051
267
5959
5654
5567
1392
3460
5595
1377
8226
8339
3108
3181
3907
4300
8317
4973
8797
5171
4191
9072
5472
8699
9813
4492
4801
4977
6769
9395
5624
7835
9623
8888
917
7049
5559
8760
834
6120
8859
8457
2519
6619
6940
4303
4255
6651
5672
9353
7753
5070
3443
2875
7759
3124
2449
4831
8893
2049
2123
6653
7548
4136
5622
2146
8873
9414
1371
973
3115
6466
4787
9103
5997
5164
4736
1593
6212
9920
3731
2183
3105
7518
2268
8037
8
3042
9525
8481
266
7542
5131
2417
5994
4079
6868
1329
4009
2394
9851
9539
4518
3886
1375
6737
9141
4797
414
7633
7764
6146
5052
4465
8766
7932
7681
4263
7113
2994
6499
116
3956
6221
1627
7923
1494
8420
8756
2865
7144
2679
7073
3368
2450
2087
9981
3001
2237
3562
2652
6577
6573
352
6561
4333
5125
3267
3471
1154
2951
9793
588
4844
380
4206
9366
9064
4343
4080
2794
2233
8088
6731
7591
1940
4515
9431
5477
8824
6389
1934
8703
2367
4087
1788
9332
599
6053
9240
9572
1307
7964
5212
274
8577
9568
6142
6728
9084
697
8780
8549
5600
4697
4100
8634
8133
4409
1744
3345
6236
2097
8599
5316
6852
2461
2230
9489
8355
5917
8498
3113
9794
3733
3726
1350
5520
1411
5787
8669
4874
6767
1658
6604
9359
7586
1402
5617
3900
4581
4250
8849
3702
9751
1280
9256
3666
7440
8847
3920
1482
6547
2810
6156
474
2030
3329
2974
2153
8987
6114
8943
6019
1131
6402
3110
648
1084
916
6551
4478
3808
7656
3354
6729
4846
6355
3256
2629
9487
5523
9587
2387
1217
3758
517
9609
6978
4130
1093
6009
8734
1416
1666
4837
6571
6309
2121
4685
4548
6546
218
2218
4913
4268
7662
2464
1586
7853
7012
6576
3461
4553
9991
1066
1694
6497
8940
5133
9109
5362
6166
2241
727
4605
7629
7322
2558
5903
2182
4118
8657
4832
8749
5253
2505
8684
1562
2721
2137
3721
6428
2330
5160
3131
2128
2593
2317
8574
3867
1376
7497
3971
2517
7490
4452
99
735
4560
3923
613
7044
4620
8919
4209
4430
6102
827
7688
412
7800
9534
6474
6055
1831
8447
187
8149
1767
5038
6727
2311
3239
6983
6407
910
6121
7602
2491
7453
9097
1904
8397
5193
1058
6168
4814
4803
6605
2296
2606
6945
2962
877
3303
9638
2769
7230
1103
8723
3071
3639
9259
1812
9447
9404
898
8545
8058
6856
3487
9642
7614
1607
5092
3193
250
8640
3220
3475
2737
8731
5008
9100
9056
2047
3339
6249
5400
3998
4455
7292
534
6780
863
7767
4767
1847
6393
8043
9411
2935
1057
2017
2448
5620
9497
644
2316
7456
5440
7087
8514
804
8952
8003
5618
3282
4302
9453
3981
3202
1166
1877
8562
582
3540
6938
185
6586
9905
2700
6423
3672
752
4506
5569
9586
1388
7465
7927
2443
7644
9203
3865
2511
1195
5182
4332
6204
8564
186
6523
1704
7963
5733
9842
6665
6349
5109
8280
7216
4324
1688
5665
5547
9711
1149
6415
2175
1198
8035
691
3745
4807
8310
2937
2040
8763
281
8486
3448
1126
6528
7732
5243
7278
1662
9291
7111
4195
4493
4346
4870
1266
1571
1302
4897
4374
787
7016
472
7462
7269
5154
6611
5604
9771
8070
5384
3265
4170
1169
6703
4778
4658
3250
4106
227
5058
9407
5306
1497
5598
124
852
5032
2564
2758
7719
9143
3424
4027
9472
4005
1438
328
1837
5035
8230
2229
6698
3506
6889
2692
6942
8040
5741
9284
7651
7101
1045
3499
450
3654
54
3582
9967
6681
4712
5652
9133
5260
1312
2912
5630
3982
4192
8697
5469
8357
646
2626
161
2840
8875
9843
9419
6941
1424
693
9974
5727
7561
7348
5101
7489
6028
3180
5587
6828
4488
3954
7201
810
1702
321
9712
3111
2098
8104
9749
9110
4547
8635
2929
3370
9687
9889
261
4676
2113
4489
1227
7266
176
5897
6220
9506
9583
563
2039
9509
5183
8340
3631
4597
5082
6094
8552
3940
7851
7280
3944
1369
8716
4046
2583
4372
6123
926
5687
1231
6356
3253
4164
791
2899
4212
5761
7343
2264
4661
9443
1133
5210
9282
7070
1663
7896
9047
5816
8879
3899
3770
2295
4744
8094
6427
442
4514
5566
6230
2421
9557
3953
1601
8581
5815
3238
8738
3292
70
9287
1330
3580
6337
8412
1950
3952
4361
8117
6790
3152
505
8066
5721
5771
4732
6777
1719
5989
2790
8419
9153
7191
2773
8145
40
8128
9211
3390
544
1651
6135
1942
8067
8055
5971
8973
9272
5300
7426
6560
1223
8629
471
7473
642
2495
4487
4276
8572
7527
3379
4234
8178
5272
9908
1850
6158
3915
531
6226
7968
8307
9855
7747
2433
2919
6924
2873
5062
2360
6621
6994
3098
3883
9196
4600
5836
1669
1175
8793
7530
9821
2425
1822
5948
8778
5603
3411
1750
5418
3829
5139
6756
4245
6750
5749
8010
2067
8331
2080
2075
9724
9011
3389
8775
1890
6600
3711
1322
1678
9485
42
5450
1142
8189
5499
8891
9302
5446
4552
6444
925
4915
4855
4279
6385
7513
8174
5888
9429
2326
2272
6776
4224
5689
1685
7484
3749
3564
9734
1755
3955
4251
8995
8914
7184
7545
5388
1643
9565
704
2468
7630
57
4657
4415
3715
3840
7741
1299
7466
1974
9165
7908
455
9737
9693
5671
1172
3792
4891
2223
7760
8964
1414
4889
2663
1569
3305
522
3993
1029
9574
7492
988
7756
4247
5686
7371
1024
1902
1258
5694
3909
1611
7122
3576
2781
48
1609
5626
3035
9358
7946
4187
1091
4154
8717
1089
6242
7757
3244
9375
5613
8008
923
1534
7045
6448
1575
7009
5522
8444
1373
1194
56
5176
6966
8883
4044
8750
3550
4359
8880
5448
1567
7521
2419
8931
8739
2171
2674
3442
4563
7543
4194
4627
4001
5533
9612
9654
6993
2846
133
6976
4146
7170
8107
2348
855
5162
31
8093
1653
9017
464
7152
3278
9124
9473
4994
570
84
6512
3480
3199
1682
8586
465
9785
4862
1478
4447
2101
7915
4885
8032
3210
4257
6900
7938
7793
987
1991
3549
7186
7634
6434
4838
8404
5011
4876
2661
2722
700
2958
9540
8020
2815
6425
3723
3003
2844
4070
4596
7285
1257
8124
6139
6558
779
9212
3884
8686
7467
5169
6739
7158
5726
639
4403
3671
4193
8850
3468
960
8870
5186
4779
9290
8078
3763
6532
9537
111
6725
7538
9373
145
4107
4364
6855
4246
9345
5244
8809
5969
3607
8071
7559
9624
1931
4551
6535
3357
857
3724
2307
2018
3718
393
5343
7969
7365
3850
2151
901
3534
8322
515
7705
5631
9508
1604
3158
1547
5606
2697
5788
1917
7785
4278
5252
8907
5290
777
8833
1359
4929
1467
9578
3851
1182
5130
7648
4798
7925
2150
5095
8727
122
3007
8527
8827
2219
4920
2961
7146
3099
9532
2964
7375
6258
1130
793
8641
2816
7600
1545
259
4337
3679
7827
3300
1496
4955
6931
2732
8250
3107
2966
6916
5019
4932
2877
3811
4383
3936
4040
5074
8349
9378
4639
326
5317
4558
6251
8882
9039
6202
7889
8154
5209
7042
5765
3622
7464
5666
3885
7961
1174
6106
6073
9425
7137
1804
7649
7992
687
9054
1817
9901
8974
7646
7876
1035
7095
4124
5158
9263
2956
9518
7810
3916
7693
3313
2879
1271
3705
8160
9958
1844
8702
3837
2135
3571
3341
4004
6280
1770
1320
8544
7686
9640
728
7733
9466
629
9120
9178
9156
128
7364
1808
3652
2156
572
2808
9903
8116
1595
5213
4908
5718
3403
1680
9127
5295
5968
559
5166
5752
6223
1492
6008
7687
6470
9531
4746
5003
4593
7406
9333
4701
6195
4033
6595
4825
5140
4499
5116
4280
8845
733
2176
8535
8386
2859
2893
3358
637
2319
1566
9208
8489
6101
2294
6005
1644
6927
859
8380
4121
4056
5561
8831
3323
7942
4498
8575
5355
1983
5214
6742
324
2397
1693
7197
3866
7367
5973
1214
6819
2274
8983
3477
7937
3451
9329
12
6829
6887
2675
1100
9297
1848
6848
921
8881
8935
1267
611
477
620
4856
8783
8587
6429
961
3261
210
9085
631
535
3623
9200
9571
5509
8329
9878
6049
979
3542
3794
1636
726
46
7842
7418
3361
3195
7232
4956
892
86
1891
8467
7281
7787
6003
4865
8009
4815
4058
5282
2325
1776
7652
9452
4256
7450
5026
3156
5318
6656
714
5734
738
1686
615
4214
8410
4694
3736
5392
3129
7487
1048
784
4468
8938
7704
2999
2189
8485
8695
9101
9694
2244
7267
462
7978
9783
1429
638
6502
6438
3004
7850
4714
3541
6025
2730
9495
9385
2334
7588
1481
2006
5368
7931
3117
2936
8558
4353
3910
8733
7294
6314
228
411
5002
507
7100
4824
8911
9530
8897
5535
1249
722
2275
4126
8722
5278
601
3600
3633
5770
9270
1517
1254
9595
9451
2413
6380
8121
6404
1614
5077
8182
9880
9207
7864
7345
6771
8986
2803
8632
95
8917
1892
3565
2099
7310
2996
6494
4210
7268
1434
6846
764
9215
1472
8351
1463
1843
4895
5576
9558
9409
6044
5985
7190
3069
6599
6953
7754
8765
3021
5328
3686
5938
799
7993
346
1990
7619
9748
6
3408
4925
2768
1697
4075
9902
7669
6401
458
7046
3806
4970
8195
849
9158
8306
5180
1364
2082
7536
725
1181
7000
762
1555
681
521
5869
3161
2711
3322
765
1978
3847
3890
5078
2765
60
5285
7547
409
6241
6655
7377
4321
5159
1751
4015
6934
2310
384
3484
8168
6629
5766
6323
8176
2942
3465
6768
1427
463
9782
6245
511
5704
4626
9626
9899
6342
706
6205
1129
8366
8263
2373
8203
2416
6937
895
5944
4848
6628
3257
8785
6724
3876
4602
7282
4481
6060
3200
5662
2914
387
4275
8106
9677
5284
7557
424
2192
8708
4497
6951
7166
5688
5730
4780
554
5875
9458
90
2539
2743
8600
2637
3122
404
9910
4818
7459
1351
9305
194
5470
3145
7598
4320
6808
5417
7897
5699
6618
3242
7213
191
5769
4898
3172
7998
8417
8664
2282
950
3436
4650
5574
7380
286
2309
3568
8235
1026
8141
9936
5880
6330
260
1151
5354
1977
9868
7911
8341
4309
2005
2733
8579
9370
6256
8798
7700
9630
1580
9914
6290
7151
8834
6143
6493
4156
915
4236
3957
6830
3084
3373
9428
6755
8659
9276
2206
7739
5304
7595
6592
6105
333
3986
9832
1016
247
3182
8602
8901
3871
696
386
6663
273
8830
911
8694
8591
4462
4745
3690
7299
2945
833
3178
7481
6210
5462
4288
541
2179
532
9871
7429
6214
4957
5302
9575
9066
6096
4168
3975
4678
8927
8926
5389
3226
2140
7914
2713
5852
9126
9405
8658
7870
6552
8992
1972
8547
8605
7766
5540
7784
7858
172
182
796
1523
7940
4923
1252
1722
9481
3338
5083
683
1242
9801
5010
4472
7806
1056
3798
3882
7973
7735
4453
6572
2535
6568
6538
8152
7624
7336
8204
5335
9997
2828
415
9234
9279
8908
3937
3943
6479
183
2584
6578
7721
100
7508
2193
3611
8728
7198
5184
9875
7099
2339
6289
3297
500
2447
9663
5431
848
3320
3727
840
9585
5722
9315
1261
8811
9183
6991
9053
7172
5085
