8156
9727
5848
2417
1352
5380
8182
7863
9705
5731
1954
4198
7785
8841
2072
7541
6529
1214
5120
6228
6455
5249
1819
8436
643
9732
1442
1884
8324
9071
3381
5444
1299
8994
9914
5447
3602
559
5319
8400
3377
5653
1423
5732
4824
1172
3739
3134
1076
3657
6914
9624
4321
1701
9243
9773
3802
7521
5516
3072
8341
3590
6411
5815
1101
6027
1395
4129
1925
2821
1785
8068
9830
8246
4894
1078
2063
5453
8
4408
4265
5224
9901
2559
9702
1922
2362
768
1650
3004
7182
4528
9712
8392
9064
7158
7070
745
5581
5676
9518
1408
9656
4455
7416
840
953
5835
298
1450
6711
2792
152
2779
6342
2290
2557
5298
5033
8553
9087
620
1446
5161
5682
4373
5752
2466
8685
1637
7418
80
5818
2117
6950
5369
7295
5195
4765
5506
2396
9739
8555
4677
1212
3396
5690
8716
9417
5415
7240
4607
5562
6283
3251
530
2106
9616
718
4551
8527
9547
9885
7679
7257
4652
4302
2207
2999
453
5898
7084
5428
8811
7365
6582
5055
1716
3526
2124
907
3741
6005
871
2959
1271
8671
1868
2249
7891
5127
1855
190
2519
3703
283
1425
4300
2482
4354
1715
5001
4361
2846
5008
7469
2905
939
8673
6120
4956
6051
9223
9989
9187
4584
4136
7011
6297
8756
7353
1723
1636
2460
1444
1447
710
3376
7048
2475
5160
2719
7146
8390
3009
8629
6076
2620
8515
4219
5599
7044
8940
4482
8216
7546
3002
5550
2837
157
7043
6940
7991
723
4886
5274
8128
9762
1543
4970
4338
4416
6610
4188
4468
6045
6926
7819
6726
7515
3626
1354
4407
1092
9134
4817
3135
4217
6930
2353
5932
8006
9973
1194
7581
9088
8610
2510
29
6328
341
6747
211
3854
8036
3457
6110
3124
9685
212
5680
7183
3989
9998
6978
7610
1027
2556
2587
1050
4222
1225
1544
6832
6391
8688
9475
8132
8460
6109
6937
6125
9843
6483
111
3202
5674
7053
8989
5250
2043
6459
7150
1022
3839
4488
698
7971
6211
9628
7470
9970
9333
7235
1659
2563
1290
344
207
3782
7440
7278
8408
2208
5742
8790
9897
4052
6927
9423
8193
9803
5286
9985
7962
1997
5662
4341
1113
5122
2994
5640
3426
1351
587
5083
2528
1743
6775
7756
5487
7981
6673
5342
8204
9516
13
1587
5927
6907
6699
5990
1880
2006
6409
1869
8466
470
5841
5212
9383
9809
488
696
3392
4294
8870
4120
5827
6229
3370
2725
8429
1267
155
8554
8415
2834
6374
4604
3254
8773
5764
5711
5268
6864
9314
5442
4309
3569
5313
4911
491
7104
7969
6365
3545
6695
1346
4036
6244
404
9072
1162
9421
4995
6355
9351
4871
5118
4178
8672
1438
7427
7346
7808
5051
5379
8384
7066
3169
6762
3296
1691
7402
543
1468
8905
4504
8939
5832
2355
6380
7266
1006
5822
5913
9654
961
2507
7319
3873
3393
6000
6624
2228
4108
2245
2844
7452
3344
4274
6685
5750
6069
7539
9565
9001
9115
9098
3953
7837
5023
7447
9523
647
3786
5100
8816
3925
6254
6959
8214
8890
4743
4786
392
140
9575
9877
580
3568
735
8318
7867
1077
3561
6603
8668
4430
4329
4727
2515
8832
8714
2188
6403
3688
5134
7524
8536
4934
4169
4576
9340
6475
4171
7253
2876
9731
8930
1200
4790
1803
1709
4254
7559
5958
1304
9946
9805
5627
3508
9784
2323
1079
3446
8180
1343
7563
589
8196
7231
5704
6312
5025
2381
5396
7960
1722
3471
4910
9604
6764
1847
5813
6205
189
27
1514
9063
1619
9969
1648
5290
3152
1471
822
7592
6589
8410
296
282
176
8026
2920
7130
2849
3691
2005
9740
7485
9436
2054
5728
7464
356
4478
3388
1120
8412
5509
475
1054
8636
6847
8968
1367
4041
8259
6999
8471
2168
1151
888
3375
9199
3570
9447
2661
9079
3374
1755
269
7551
9228
2605
5526
3194
5493
3240
2011
9141
2394
4139
16
9953
1857
9296
1269
5085
1164
6658
9216
3263
4632
8290
2526
2592
7870
4721
2940
9861
2753
8750
7885
1549
4389
5392
2364
792
3711
4553
2665
4040
5849
7672
8338
1783
751
1081
6453
2669
9947
5482
5082
2629
661
3187
6437
6734
8902
955
7404
5843
1096
7741
8534
2372
7984
8489
7680
5909
6901
5237
5820
2689
4002
9102
9815
6047
4893
4954
9562
3868
3730
4372
5273
1392
4947
9608
1372
7566
5854
4279
3010
5402
3058
68
7105
8840
8797
6511
4788
2748
1010
515
980
1398
3455
6621
1960
3090
8562
8781
6049
7990
554
2785
8435
9426
8615
191
9752
827
9810
750
797
1740
1037
129
8266
5613
6071
4492
9760
2103
7413
2705
1088
9507
4627
3450
7927
206
3373
6672
7344
4343
9399
2469
918
9369
830
7281
490
4844
4570
7913
5985
5395
5436
4861
7241
6373
5191
3710
5383
7594
5488
38
6931
7708
8748
7774
5901
267
6126
8223
7947
7744
5715
1436
5663
4461
2992
3524
2505
4094
4141
1386
9365
5525
9827
2276
2035
8611
3729
8449
5598
1513
9836
9264
2524
8834
6524
9148
8760
8749
3548
509
9258
1615
597
4832
7196
6641
5287
996
215
4699
4056
8030
9758
364
3209
5795
9453
2965
5625
542
2784
8002
3751
668
3883
1166
2235
4346
6826
1649
6410
6630
6285
2896
7180
6824
1977
3822
9006
4991
568
6259
3689
2585
8931
759
8407
610
1492
7279
5684
9224
2458
9206
6750
2717
1314
7028
4507
1678
353
4011
1569
6584
5629
1673
18
1051
7062
8123
9720
7636
365
4589
5992
4317
2099
6256
5149
9000
480
8808
6378
1132
8852
1976
6526
1015
4016
6060
3024
186
6957
2868
1936
7330
8187
5052
2804
6098
4588
2083
1583
9750
3397
1218
8373
9675
5591
6552
7860
3277
3516
4624
1717
487
315
7754
1613
3519
9443
8705
5652
2456
6424
3520
1577
1213
6558
4766
938
8393
4985
9635
9385
9449
6336
3216
6107
8461
3060
9592
2425
5061
5186
9116
9816
5498
8165
8763
9864
8758
7707
7478
7646
9497
8585
7174
8871
9075
865
8735
3726
1215
1550
7658
663
764
9847
5098
5192
3229
4295
9008
7039
6001
8059
2900
1331
5064
4225
7586
5667
1258
4100
7075
7473
6050
4981
8620
1572
8644
9091
3238
6317
4104
612
2374
3609
4340
1177
659
1071
8662
7035
5206
4729
1171
8720
5600
8321
4538
8011
5490
2191
1959
4012
2949
5341
5227
6017
3775
4682
8737
1223
2275
5289
853
2463
4979
5860
6504
9937
4757
9163
6741
6777
2408
5915
6545
9650
5934
4658
6856
1039
1545
7914
7734
8550
1735
2044
894
5988
2681
9655
5057
4441
876
7660
8861
9137
6288
7477
8809
2025
2397
8462
632
2016
9556
6013
390
7710
9679
6470
4183
4322
8000
6133
5445
7306
2553
3119
7262
2337
8678
4230
5261
7369
6968
9564
4275
4935
2096
5427
2824
4731
7434
6177
5121
4542
5876
6383
9941
6692
5685
2453
9122
1210
9139
2464
8960
6935
3934
8044
5154
3858
3230
6791
3275
1242
686
6749
4253
9179
5038
6757
3219
7972
4124
7897
4591
3312
9327
706
1500
1995
8722
7468
313
4527
1927
4813
6548
2579
3278
9748
2095
7840
6637
6646
5631
8503
9874
9832
9577
3257
9037
5775
9218
5706
8479
1599
5502
3500
7417
1067
1563
1677
5697
9183
9499
2252
9804
8336
1291
866
5129
6235
5062
4820
3753
3983
4554
1983
3618
9359
3451
3678
6883
2609
2984
6652
6161
6466
5696
8863
5190
6956
1747
6943
8421
9252
5403
7968
9898
1435
2649
4013
244
2153
9130
6496
4773
2799
6433
4101
9613
9402
9176
5348
1371
1610
5446
2540
4686
2423
135
7285
3271
107
1754
6063
6512
7718
6219
9902
7512
9432
3127
7136
7380
5266
5660
5833
9988
5409
2205
1529
6264
1725
8605
396
8664
3326
3007
6105
6900
9781
2222
5239
6443
9202
7290
6852
7025
99
6375
9766
9580
1832
6358
8439
990
1489
1795
4342
4260
1641
729
2451
4404
8680
7889
3816
8394
7041
5470
2115
7252
2631
6948
7706
3817
9233
3054
3213
1268
1824
6398
2346
2185
275
7986
7047
4735
1376
9687
495
4925
1528
59
3512
2641
8694
8206
1024
9601
5044
8965
7780
1816
842
8969
1720
9631
2053
7644
8713
6295
5484
8558
1791
253
8481
4435
608
1240
1540
7605
6973
2944
7454
727
8788
7618
9544
7831
7948
1059
5111
7911
5522
1103
9101
9411
3164
8803
6467
826
7904
2761
5333
2800
4621
6977
4603
4257
3915
736
6225
7554
2747
5339
5361
8703
7009
208
9528
6036
5355
6638
1580
8782
2227
4758
2270
8917
6170
2221
9796
583
2935
2012
9454
604
5978
1248
2584
533
110
9290
8818
1070
6186
274
9884
8320
3123
8139
1595
915
3747
8153
4277
2855
6689
6348
5515
8222
5047
9133
1827
5610
5382
2714
8915
1957
1058
1903
8363
675
319
9451
3343
4030
5022
3576
4938
377
9896
8956
2163
8069
1042
7001
9862
8162
5919
8190
545
8178
331
8783
2467
7128
9303
9664
6130
6356
2118
3801
3901
4187
8379
5440
8208
2042
3638
4463
8045
5091
454
6359
1820
5789
3556
6440
2810
9561
6419
2577
6965
2091
5798
5616
835
3454
4014
8595
2721
3529
2893
9341
6874
3302
5011
949
9050
4308
4746
3182
6598
2059
6201
6908
6794
1031
6487
9120
3362
775
1427
4519
391
3008
1181
7457
7204
6207
4089
9537
7488
6191
4997
6804
7037
5583
6785
1759
2671
4489
9192
5735
9768
9839
7236
2925
8367
3641
7311
8200
974
5480
2746
4959
6876
5839
8484
4708
5495
1410
1684
5411
148
3890
6182
3073
5929
3050
6258
9273
5353
7450
1876
9883
4792
360
6617
3033
3964
2776
17
8802
3067
7894
1298
605
91
5310
8184
9270
4109
9545
4937
9263
7065
1140
6690
5597
2570
6206
5518
5259
4378
6187
8495
7959
90
4940
7979
5614
4366
552
753
1811
1466
3011
2814
4498
1670
5381
41
994
8464
2582
6217
8642
671
5309
6237
3167
4491
6975
6326
6282
5664
2021
4269
4540
9930
6700
8089
7928
2139
2951
302
4618
9039
3614
4724
8242
4903
1459
5683
7270
8689
8004
6671
3097
2230
1144
7042
7925
192
9838
5066
1190
6513
9585
5819
6142
5784
7788
573
8580
1703
1228
8305
881
4163
1203
8983
5324
9465
4421
6724
2964
6559
3797
5433
9863
8077
8310
5716
7822
7600
7675
6648
5408
6557
2329
902
6216
4636
6991
2039
4227
8371
8092
4122
3939
7622
6303
3001
4569
3478
4673
7998
3286
3662
7954
4097
9444
2544
7729
4990
8647
800
9844
6748
6067
6631
2936
4429
1230
3400
7081
8739
2791
5174
2826
5607
174
8226
1521
2702
199
3923
3144
9934
6249
6893
5140
4102
6266
3440
7790
2278
5589
7049
8240
7347
5112
6075
4196
2938
8075
7631
9508
6059
2176
7930
879
3348
4057
7019
4580
3484
5602
5888
5955
1951
34
9893
3637
6020
4840
2511
5971
1283
2659
3314
7315
6444
3428
3032
2796
5079
7015
3295
2292
7033
7815
2217
7206
5890
4015
2693
1555
8188
6077
1949
9208
9387
6730
8291
4148
5494
8043
5557
4818
5060
6131
7289
6862
8103
5322
2154
6474
9131
6118
409
8971
5644
7107
6212
8817
8698
4360
6611
7451
4272
8234
220
2525
2375
6843
9759
7782
3498
7884
5618
1202
9488
1779
2568
2823
1339
8150
7234
3793
6361
6472
7528
2360
6171
755
986
4355
8539
7572
8715
9011
1380
7320
6462
2047
4390
247
6828
7543
7852
1782
8851
9035
3696
6322
2881
8185
2389
3673
8411
4529
7630
8369
6592
5574
9689
2310
4789
2894
281
5977
1349
3564
8777
1507
3613
1457
6159
8300
5903
477
892
4716
156
3168
816
9908
4720
1454
9265
8099
7789
5559
1653
683
3212
3294
3068
4949
1045
1527
2387
416
163
4032
3682
7637
2008
9927
4982
8670
1156
9741
122
7591
2676
74
9791
2414
2148
660
7593
471
7325
5492
541
4793
6939
3647
3777
2084
7657
8873
115
9464
1654
3592
7664
181
7988
9506
4717
2340
198
6518
3449
3844
7696
8052
952
6153
4718
5686
4950
8244
8844
4432
6910
25
8051
1761
1431
7307
5468
5407
4060
7132
7549
5621
6491
6432
100
3224
258
8452
3074
6198
3838
1147
6367
503
908
4209
2316
261
2040
4664
5948
2490
7333
2447
9680
9143
2865
359
2947
5944
9851
7715
3877
5943
592
7616
5781
8634
9117
3330
6606
3276
4598
118
4852
6844
427
2647
2190
6454
7435
5293
402
2229
5034
9331
422
2174
3907
8064
2113
5461
721
2916
9307
5419
3988
9288
7376
8280
256
2137
6178
532
4514
2911
8311
7126
5894
6719
4501
5638
9455
6807
2982
2088
3789
2626
7816
9799
2080
7268
4075
3322
9404
7557
1319
2740
1186
5201
9149
8326
1860
4345
3634
6540
1300
4541
1360
2326
1149
7031
2383
7276
5039
4559
3544
4387
7167
1916
9220
3255
8856
7429
8286
1044
9282
7520
1562
7548
1502
4915
5873
4532
1838
3648
9627
6406
9638
6982
602
6773
4081
9778
119
9241
5520
2998
2913
9904
9458
7517
7159
8041
9887
4609
7255
4368
8309
954
5797
6967
7008
4006
7905
6523
3473
621
4175
8060
4510
3023
3997
3092
8031
1923
7152
6780
5617
987
2197
7736
9244
754
1488
4782
2739
4547
2914
2517
4353
746
627
872
2561
2765
7871
549
8589
6725
2593
2696
4845
9160
6093
7383
4657
5448
7903
4456
9632
6441
8621
5169
9238
5930
3728
8609
4941
2610
7689
8819
8376
9259
4207
9494
862
266
6849
8577
4282
524
7525
7917
6929
5767
1663
1340
7274
3165
6213
3300
3969
250
5796
3021
6293
6703
8365
4157
3521
965
9420
4229
2454
575
8238
2048
246
8914
2860
6253
4600
2120
3721
8345
889
1062
3882
611
6066
3441
5291
2567
3225
6796
2468
2688
113
201
2159
7603
7247
2114
2429
8684
7724
9514
5343
8532
808
2497
2343
4359
4038
4688
9566
4685
3723
4400
557
5692
8456
702
7124
3407
8805
9029
3716
7602
8945
5671
5510
1996
758
5812
6556
7246
7650
328
6389
407
6344
8359
9869
5362
3876
1222
6707
6323
436
7965
8354
7935
5391
9235
1669
8900
6949
2700
9876
3767
6103
5623
1126
4660
3048
9400
1606
73
9820
507
6859
6604
1873
5053
7530
3232
5305
8843
4483
2906
674
3986
947
1894
4344
2201
4803
5738
8911
4145
8375
6072
6012
4413
3709
963
361
8297
5942
1209
3208
4331
8480
7187
9996
1014
7390
8440
6554
3962
8707
2194
4035
9311
8586
9610
932
8470
847
1912
7324
6984
8838
5997
6829
9010
538
8958
2508
2215
8988
807
6727
8179
1148
6745
8761
4070
7474
6817
2233
3843
2344
9987
2259
5866
2181
9770
9284
3990
399
2246
1905
5075
1664
578
4268
5950
254
5473
5285
2315
8548
7973
3935
7807
8893
9229
3163
2238
1348
8919
2138
3414
4143
4247
2889
2835
4348
3715
8774
9003
9308
3384
2502
3580
2097
5217
1280
8972
1561
4857
1718
6836
4208
4166
5028
5717
1727
5810
9159
4406
5071
7387
1752
6922
229
9871
8667
4546
3379
6104
998
5582
9401
551
9636
4848
1538
7855
9049
5558
3670
8488
9845
1105
2279
2368
2547
3663
2795
9982
4332
5027
5609
1640
5532
6732
172
5404
7057
2961
9316
9406
6771
3515
9277
2924
4557
5168
914
4044
6176
185
956
6765
9095
6818
3046
2841
9096
8494
8219
1115
8584
4764
5524
3712
8277
8005
1375
2797
7077
5106
2446
8151
1322
6083
1933
2536
6793
6094
7950
1020
1323
7007
4568
3974
3089
9511
2942
556
4711
9476
2933
448
6307
528
6140
4533
3129
6330
9472
2358
7272
6490
2781
4565
834
7415
5400
1728
4316
1358
9222
4292
3391
7352
5785
8066
9968
5254
2650
8022
1345
9278
2937
9991
3338
8322
5725
9956
7367
5650
9782
3510
411
5247
2578
9332
7238
8264
1877
7318
7080
5887
2683
1625
7433
26
8704
4402
8473
4415
3201
6911
2
5578
9083
1411
5878
4992
3051
5519
3717
6146
4259
1535
5017
8265
3020
3886
9625
3549
6304
4173
2476
317
6163
2541
5123
9374
3470
9352
8334
3378
1692
7449
9237
8798
2638
3992
8108
167
2742
8307
7398
200
8528
8386
10
9043
5457
5043
447
8405
5648
5569
1486
3133
2064
6064
4244
3633
9975
8499
2503
484
6106
2484
8907
5230
4515
7016
2910
5282
3972
864
3417
251
7805
7746
7339
295
6972
4819
713
5211
6468
948
5695
9714
3518
5840
5836
3136
133
2988
5869
7465
600
8710
7800
8630
8007
4376
5080
8285
6920
3460
56
8173
1169
3612
2312
6706
2385
3718
9188
389
2830
4221
3807
967
9924
3772
1505
4566
227
4768
2974
6971
4581
571
2162
6196
6421
3487
7176
6089
2530
5546
6709
855
383
6816
763
8053
8088
127
924
6284
2562
3347
1586
7222
8857
459
9607
2645
2803
7256
6457
2258
7757
6476
8909
3418
9260
7258
3198
3117
2713
2850
2295
8884
9145
1566
2668
8525
6274
2927
257
7214
3031
4807
3517
2443
5240
1418
241
4266
67
6357
5533
3342
6423
8520
7224
6924
381
7220
3181
1093
1643
173
5069
1229
57
8569
446
1591
8317
3137
9840
7112
7114
3922
8655
4213
6449
9060
4395
883
3215
3078
8833
901
467
2621
8347
3530
8141
2210
2852
4000
9621
9948
9814
5279
6608
3595
8686
7165
885
496
1207
670
7655
923
8491
6278
9553
4917
6668
7116
472
6766
582
8104
5477
2073
96
4074
7401
8301
3099
3593
9965
9375
8718
9986
466
1672
3562
4806
8231
1075
7733
4707
3560
8459
1467
2406
9677
5389
85
1693
5136
7453
6642
1155
8021
950
1807
9330
8126
7879
5437
3690
5918
7129
3978
1699
6644
1251
4419
8854
1766
5672
711
8197
2769
3942
4113
7738
8095
3836
6875
5984
2473
9737
7671
7750
1645
4168
7261
5626
2280
5966
7575
2158
9012
3621
1233
2817
117
3762
3693
5916
9364
9081
6209
4246
7869
3107
9317
4972
8316
1835
3778
7438
5834
7317
424
7162
9745
6522
6401
9015
4399
6753
7501
7173
3713
9355
7861
3946
9692
6755
4615
5963
4258
9480
5431
5753
7567
3308
2216
2640
9866
6932
6813
1786
9297
8973
8273
2166
7937
5805
9954
7820
8093
4298
8121
4009
935
5800
4535
2648
6397
7363
5420
9554
3639
8950
9873
7342
6687
336
3879
311
8740
2371
5868
2679
4351
2192
2866
6626
9899
1941
7569
238
165
7743
7466
357
7092
8313
2487
1119
5485
6123
3158
2805
3707
5847
2654
2653
9829
3329
4384
1429
1751
7223
3435
2336
1053
6296
1875
6612
5311
6823
5146
4218
4310
2195
6289
4842
8454
6853
740
7371
2255
9459
7271
6136
5838
637
3290
6039
3042
5538
9661
7221
1745
9806
7211
4671
3080
7920
4443
2087
3245
1400
228
3866
8255
5867
3941
8898
1288
3979
1135
2391
3640
7503
8992
5133
8328
1440
9549
9181
4904
8845
1391
1112
6955
793
9859
3028
5300
3896
8708
3577
3481
1889
662
1853
9356
8078
2954
2639
5365
6803
7656
1970
4263
5417
5159
4639
1982
6185
2212
5993
2735
3656
5760
3756
4683
3735
7692
1829
7932
7314
9618
3110
7931
7694
4654
2219
4634
7799
9630
2380
457
1942
873
9431
3803
9524
7645
1629
1590
594
3077
3018
5723
4518
7480
7832
7977
985
3104
7036
1556
6124
5551
5021
1558
7836
6746
6493
2409
1309
4796
6649
9780
9641
4117
6031
536
6488
2687
6841
9023
5173
3853
7767
5255
2480
5378
6316
7079
6555
6092
314
326
3288
3039
8567
2100
2003
1048
1658
265
8734
9376
1118
8627
981
6602
5142
6204
9819
7141
1122
4327
3143
8521
4004
9073
464
2324
7481
2632
5787
1909
2831
5188
7151
5604
8573
1426
1920
8426
3458
7582
4509
143
2450
6155
1881
6319
9161
8934
2022
8922
4951
8942
7627
4046
8820
5962
7101
8894
7445
9548
4942
5703
692
3852
438
534
49
6270
3788
4374
8574
8332
6327
5777
3086
8333
3467
685
8349
1633
960
8416
8472
5320
3857
8941
7719
1552
109
8791
4050
1966
3980
4651
2788
1361
3059
4465
2871
5481
7189
7939
6404
6087
4152
2675
4028
7504
6007
6166
9450
9489
499
1917
508
6068
3698
8315
9944
4779
6519
4477
4313
6855
8660
2187
7
6252
3062
7304
1055
5056
197
8227
322
476
2879
1867
4162
1682
555
9907
2421
836
3975
3823
5814
5413
4511
1972
445
5580
4150
3387
3950
9935
962
9906
4957
2033
1793
9543
9279
3665
7497
3034
149
5707
569
1865
5734
4205
1460
8556
4307
798
1456
6834
4023
529
7661
6634
2684
7348
6942
7487
9929
3684
8403
259
3416
6736
2729
8799
102
4202
730
3239
5588
7896
9190
1574
7835
3686
6347
3547
9583
5540
2902
3012
8437
1564
9761
4736
3669
7857
3750
2277
4815
2494
9949
1671
2112
810
6585
681
3472
2491
6363
9347
1409
7728
4072
4067
5799
7755
3552
1064
2863
272
2801
7003
7691
1279
1137
6024
5634
9878
2960
2590
1138
8896
9027
4503
3186
370
5350
7604
6686
2724
4211
9147
6115
8614
9533
9696
6246
5236
4339
7579
6429
4022
7620
8008
7156
9955
3235
2522
5579
7561
878
8248
7701
613
3320
3237
7652
7624
3415
1008
7801
3044
150
976
5271
3016
8746
6452
7795
7681
689
8780
7921
7967
9855
9291
5006
1885
1449
9572
9074
8010
2272
6549
4007
439
3206
2180
8925
1621
8148
5886
3332
1526
1110
7976
8794
8628
9026
5862
1452
8955
3878
8842
1652
3041
1180
3191
4631
6269
1517
8563
517
7056
8657
9211
9386
9598
5397
5657
2833
8155
2667
4382
7021
8648
86
7254
6662
6550
5770
7995
708
8353
243
1695
1130
6717
1924
8397
2612
7705
154
4126
3578
1988
3911
7184
8604
4512
2968
3897
8183
1837
2285
9082
3523
2071
1607
1845
4381
2554
7953
5183
2872
8506
5500
6969
9568
7489
1674
4375
401
2128
1261
384
2125
8362
1441
9380
3488
4337
636
7890
7753
7898
1568
5773
7185
9672
5172
8738
1741
7772
5568
4572
8626
6260
6414
4480
6571
4424
4335
6664
5070
5863
9114
6169
2412
6514
3142
897
3635
5474
1133
1948
1016
4420
8828
2345
5065
4068
9166
6164
7296
1023
8350
6202
7064
9660
397
5619
6306
7830
3759
8325
590
2963
5351
1898
9346
8711
6037
2771
3861
1310
2373
8891
8885
1777
6877
394
1706
4872
2986
4493
9162
8812
2269
4305
6508
214
3631
5776
4921
2143
2760
8107
8370
2415
761
1990
9313
5595
5398
8943
1993
607
4079
9834
9697
2472
5628
7394
2880
8789
5076
4888
2608
3027
5885
6565
4242
1935
3363
293
4952
7907
2926
3752
6850
4837
9962
5113
7168
179
7195
2573
4494
9255
765
7683
8502
4574
2036
7938
4762
8157
1430
6904
2356
1731
6551
6899
2722
7545
5699
2699
3607
6129
6812
5641
5620
9036
7396
8998
4299
2807
9435
2815
5964
2367
5277
5605
9471
7052
9522
6108
7476
5449
959
1266
4132
9922
7642
8417
6349
3806
4216
4831
2341
1655
9729
9167
1584
9921
9024
5864
9274
3834
9062
1921
6353
4285
1018
1518
9502
6679
8606
7606
9491
6788
4031
6888
9918
8025
6215
676
4336
4602
1256
8868
9146
7763
4467
7599
9493
7190
3893
4755
6543
8050
7119
8082
6465
7378
1219
7945
9372
5019
193
8446
6682
2996
3917
9207
2509
5842
7730
6964
2031
1601
1363
3903
8487
900
7824
8272
6044
6797
8691
8427
1962
2750
7940
3583
8385
7769
2847
9196
9728
1379
7690
2065
7934
2150
2706
6781
5005
2971
9644
5871
8869
8447
5450
7963
6447
3334
367
4290
5429
1475
973
6354
2677
5105
8653
8846
2552
8245
4617
6854
9850
4655
2670
3769
5158
1249
2827
6615
6480
4830
3738
6192
2260
7384
811
9328
6233
187
4895
1961
22
7747
2102
1624
4021
3558
7102
5949
8013
5946
8448
6277
7054
2237
2182
8588
7721
5850
6461
2300
9813
9138
8858
7688
940
92
4690
3267
854
2870
5678
9249
3492
292
4812
8792
5104
4039
7218
8850
5276
3252
2614
9997
8966
3765
4475
2426
1255
1842
1844
3855
9046
2321
5058
5972
9031
7113
1768
5328
7287
7514
2754
9209
2977
9857
9210
2267
7229
4838
4303
1034
3490
7147
2146
5891
6298
850
233
1243
216
6085
8546
347
4401
1368
870
2979
669
7564
4311
1689
2857
2079
7906
1262
4147
1485
2712
112
6218
9245
2652
2108
9425
6495
9776
9193
46
5288
6242
6702
741
7640
2802
3651
1823
493
7987
2551
1306
9880
2953
7442
1401
4740
4200
8951
2993
4805
6190
8331
4082
1809
4087
8054
4235
7082
9682
5808
6544
4606
66
7406
8094
8866
8514
6492
3967
196
230
5107
7288
5511
4620
2440
2051
188
5907
4613
8498
4608
304
8728
2930
9606
6469
1270
3541
7328
273
9028
8500
4653
1680
3632
450
9666
6368
6782
7004
7000
6575
2015
6896
9112
6831
3596
9798
877
3623
7382
1480
350
435
8395
5325
1794
456
8346
7810
8666
5406
1719
5940
3234
701
9892
2943
1220
7299
1257
9933
3927
3681
1273
6339
1763
8109
752
1370
419
4798
1355
8497
3781
4362
1510
6291
4270
9525
2140
1797
2499
2545
2853
6180
5622
4525
2822
6343
9300
832
1246
8284
1852
3748
9910
4024
9980
7874
4053
867
8944
4324
6936
5995
4993
3413
3502
1478
2586
6983
3404
9747
2209
4712
104
3411
4458
5853
7430
7893
4304
2690
8211
3339
4521
5747
6384
9106
4090
2328
2256
3889
1519
4841
2701
1187
6729
5980
5859
288
371
9315
6073
3043
5661
1315
2266
3664
4054
8747
3507
5961
9826
4438
5368
3608
6564
821
6787
9370
9584
9763
776
7956
9068
6632
8292
9041
4965
5197
3489
1040
2542
6792
2078
8224
7135
3780
9132
649
1417
2477
1600
1532
252
1154
7110
4356
1049
3790
4128
7623
2220
898
2778
1072
6281
6240
3157
7228
4983
2142
8848
2231
1121
4497
5166
6043
388
631
1508
108
1017
6635
4675
9512
8889
9837
348
1893
3017
8381
3800
9044
8114
1810
4710
8014
1974
9217
5337
380
4228
4197
6561
9085
9868
8451
4996
3309
318
7628
8100
9966
7155
6450
518
2711
4383
3610
7471
6318
3668
2848
6145
2816
2145
4487
1272
734
9486
8767
9151
7096
9165
7138
1736
7923
1085
4760
8033
2625
978
7484
1499
2874
1667
934
3977
6015
9571
2975
8063
6058
1967
829
2309
9990
9599
7335
5801
8192
6533
1259
9538
6048
2273
2130
2393
6884
4955
9150
8389
9888
1963
2890
9371
9842
4723
8568
7994
4296
6102
1854
3968
9959
1087
6731
2691
5895
3971
2038
7590
6220
5312
5807
4069
6740
3794
1084
8430
1651
2825
2832
9
4423
4836
3355
6084
1056
9322
1003
501
1980
3671
2782
5906
1297
6628
6720
8023
1570
4666
4610
7448
9272
3655
6097
94
4380
1984
5338
4180
6882
3272
5344
9594
299
7713
3274
1374
7359
4962
2471
5736
6541
2000
8883
5512
4095
7936
9204
5303
2548
4071
8283
3259
7216
9169
3936
1567
6654
7181
9350
8560
449
5969
8344
677
4500
6081
8702
1772
5957
9103
638
9468
8625
6121
9648
9302
4814
4556
6451
5945
2727
6994
7199
4592
9439
3160
5855
1724
4410
1098
8079
5870
5499
1748
8463
5824
2704
2306
4444
1433
7069
1789
8731
9184
4733
2698
7827
699
1536
4051
742
3622
8137
8073
3491
8125
4280
3551
9795
4194
5356
919
5922
3361
9694
7479
9715
8482
1353
4843
1973
7076
4728
7495
8575
8916
5219
4714
7263
2069
6919
3706
8483
805
7215
690
2989
4020
7389
4255
6909
4142
3305
1796
486
8172
9262
4125
8161
1152
4250
4939
9667
8168
5233
2481
8860
4912
3543
6032
9495
4730
3965
3849
8509
8669
7717
9808
5003
1282
5218
7425
4172
641
6095
884
8882
3598
537
1858
2135
6698
9002
6738
5953
6321
4276
8637
6364
8243
2643
291
3273
1264
2843
650
5460
9281
7245
3859
9932
3486
8119
5567
8406
579
6661
7099
4799
9671
9772
5783
474
7737
7547
8516
6629
1281
3091
2862
1324
8827
6820
4946
9891
2496
3438
7791
6861
2619
6445
8001
9960
5469
4252
5029
3093
5720
9589
5700
7866
1685
1581
6903
77
6137
3956
4747
1244
2560
5251
9128
1726
2783
7301
9299
8804
2762
7326
1612
9496
9477
6338
7439
2506
4669
88
4479
9312
5073
1245
1815
7668
1579
1443
9730
4595
2703
1097
3037
3920
9678
4184
7403
7570
546
7210
3461
9767
5280
7250
1553
8924
3280
9653
576
526
8744
8237
9461
7026
4530
3331
1775
5352
8247
3955
8757
2479
655
9658
3557
6805
103
3111
2199
5214
3366
9894
1404
3587
6898
5643
7372
7966
8725
7197
8826
678
3464
372
4426
7632
9309
1981
9757
6188
7771
7397
8239
2478
2898
7693
6710
5722
1593
3553
8948
5334
406
8455
1696
586
5163
5846
7992
9818
4059
4278
1956
4226
825
5935
6918
3337
1445
5462
8700
4536
7735
8677
5179
2932
9742
2598
1007
1057
8656
6141
6149
7892
4791
132
6744
4037
9293
141
8174
3815
1762
4968
3
9018
4220
3722
2167
1294
8377
9353
8490
2483
3170
8897
9381
9950
9670
4643
6963
7194
1399
8991
7722
603
6311
5126
858
6721
8859
6716
1656
375
5998
2407
9963
4891
6427
6402
3814
1753
7337
352
5596
7826
2976
1150
1713
7408
3654
7702
239
9605
5046
9831
6393
1774
703
306
6516
2119
2734
5708
2829
6622
2282
6023
7294
6333
2439
262
6035
3336
916
9587
2058
5304
8163
6705
9329
7941
5394
9280
7122
5761
7005
6653
4827
6243
7732
3832
1634
4753
560
1902
7142
9852
4616
8116
8288
7875
4281
5177
9038
715
3304
2379
9419
3210
3724
7752
1928
7768
1830
147
770
6088
6386
8028
3177
8047
5135
8603
8524
747
3333
2627
8146
9155
2794
7368
4008
3035
6867
4567
9289
0
2534
5349
9236
114
3006
3811
5229
5572
6566
7313
2171
8169
9099
1882
9919
106
268
72
1308
3244
3289
3605
5116
6471
5306
5153
2452
2193
2357
1975
9017
349
1913
6827
4326
1316
4459
9469
4885
7203
405
3395
3199
628
9221
7745
8102
757
4092
460
4619
6268
6675
1531
2092
4715
1252
9526
6830
403
1828
1571
2403
6657
823
1320
1585
1482
8795
3113
4315
4605
20
9462
2030
4111
1647
3053
8493
2558
6128
2459
1952
3171
130
7121
7773
5892
6021
3727
982
9500
6756
4543
7804
2657
1597
6627
3049
1856
8111
3944
1919
7912
1205
5016
7098
9555
7341
8570
1365
6988
9111
8632
1932
7853
6778
8428
4232
1739
3952
9078
6623
1813
5181
566
7293
3912
8175
363
8712
8904
4005
280
4974
7695
3148
5078
7420
558
4418
6143
9574
6737
1694
9104
8352
8120
5793
4206
7391
1461
5539
4127
5831
8927
5751
7073
6651
8872
4517
170
2325
321
3586
6091
366
164
338
4434
5689
6329
4237
483
7806
7886
7058
2744
1074
2886
8241
6811
1814
9367
5925
6892
7704
1616
7175
6239
5693
4048
151
1094
8696
2134
9276
8444
2581
7868
4909
1047
8057
5479
8918
8999
5048
2806
3514
3222
2265
9519
4829
3991
6743
43
2720
6684
8561
4854
7111
7002
5893
5265
1498
2635
5170
5220
9033
3372
5741
1129
3390
9940
6760
4204
4684
5317
5405
7308
2248
9722
739
3102
2921
945
4405
9321
1914
7613
3341
9563
9388
3015
2334
7649
4431
7895
2129
8622
183
9977
3902
6594
7164
6334
2354
5435
4722
9619
6041
6616
4734
7793
1481
2600
9736
8959
5575
410
9743
3538
9911
3888
218
1143
1849
1125
7115
5928
329
1082
8990
8755
1275
6294
8962
2928
8228
8046
4802
3842
8468
3659
8936
5654
3875
6870
5970
6573
1359
1630
2583
8158
4932
5024
2591
6160
9397
5503
3155
9344
3652
5207
9109
6590
478
2101
6189
52
7171
5974
1287
7179
5384
5263
7578
3865
6481
4719
4358
8881
4330
6697
5327
325
221
2317
7373
4134
3408
3895
8251
4371
8221
3924
4851
7980
7364
3453
4696
4999
3445
3147
3447
3173
4428
289
3389
1127
6713
7018
4064
687
7090
4930
5438
5131
8160
7562
7017
5505
5466
7280
9600
4918
6245
2840
4668
6325
7922
9529
3835
777
1991
1826
9478
5093
8835
3188
7585
5203
5677
8009
3919
2767
6759
3357
4890
9755
5202
2198
3899
7462
2758
5015
5465
5467
6814
2339
9746
1639
5635
784
9972
3316
7589
8433
869
5125
3737
3829
7513
3444
7020
1394
4850
1525
9649
3140
5425
8910
2014
8895
6263
7633
1734
3909
6801
7201
997
5388
5036
7117
2239
8821
1776
3185
1295
2428
2291
3141
4086
5982
2616
3040
1301
7862
4772
8591
6581
694
7678
2271
3088
7873
9570
837
4687
4998
2304
5374
7067
5231
5632
5748
7154
5778
3599
773
3947
3146
8492
9337
6054
7393
9047
8635
654
3466
1226
4288
1428
1026
7944
5059
1184
6639
3995
4916
3439
3708
7942
2504
7381
6431
9482
3485
5137
8314
5566
9203
5858
8029
7847
4752
8202
5951
3629
796
5360
4665
8477
3921
8312
7781
1116
9275
8496
7619
5
8946
3306
4267
4835
1565
7419
5649
1623
3026
3792
6591
6776
2856
3174
3315
6572
4931
1231
7739
936
6300
8633
1009
2224
7536
2987
7482
1124
8874
2283
4437
4745
7133
492
2672
4370
640
2029
3442
6430
339
4212
5743
7786
9942
6442
2756
4231
7558
3030
4775
3172
5507
1662
9686
4473
5593
7532
9659
733
6484
9250
9373
144
6425
8399
2884
6912
7086
9723
786
5026
8304
913
785
3940
1978
8501
7775
3643
4933
4864
6869
7411
2646
9576
12
3960
3403
2061
5372
7148
9271
744
2470
3189
9504
4750
8651
4394
6337
2437
242
1479
6505
7635
5914
8019
789
2663
778
6388
8675
7576
1403
8692
719
3096
9617
4088
8928
9498
1839
512
39
4698
7137
9215
9938
7350
1453
1005
584
5829
3108
3459
5221
5744
513
9591
4506
71
6498
5099
3808
32
4262
7964
1083
6221
1419
3567
5246
5387
6799
1802
9492
1979
6360
6500
4808
8450
3469
7727
4485
995
7046
4614
9505
4630
2909
5178
4325
6262
731
760
9684
5241
6181
8152
8143
7527
5426
2431
4137
9807
5032
7400
6148
4626
1432
324
2049
1890
8176
2858
5157
62
8124
7499
8177
1455
9191
9534
4146
3083
1620
2333
6482
217
1729
2076
743
7639
8453
4784
8368
5952
8674
5143
1821
3351
5377
9699
7298
9304
3448
4822
8474
6769
4879
3830
240
4105
8348
8081
1950
1335
8289
9232
8982
7887
7334
6528
4860
8413
6014
4114
5258
8639
1318
8864
1462
4976
9596
9292
1548
4670
4744
6003
904
5151
2149
9466
3221
1907
2311
3758
6596
6280
3463
1503
8645
7233
7821
5713
3247
5363
3900
3863
3981
712
4155
820
2250
519
2749
893
6029
824
11
7139
4453
93
9647
6503
3984
9706
1756
8218
993
7880
8538
844
6227
4245
5902
8308
3476
395
724
3256
6997
8764
2531
3003
3847
6660
9213
1746
9061
2302
9569
1402
4306
9185
2023
6439
4452
8049
2359
7446
5262
1767
8020
1465
3248
1332
1188
4828
3477
4583
9665
4881
5393
6200
1397
9821
4905
7817
8127
7510
8090
5535
9794
5749
9409
633
3066
82
3022
5624
7989
7902
5067
9775
6497
382
9042
6434
7060
5637
3571
455
4883
7177
7038
2132
2678
2883
7027
5340
3482
2838
2318
5647
2327
9567
3200
1817
6042
859
5401
2486
4472
3966
7483
5780
4115
294
9623
1284
9903
7428
5729
4601
6052
3036
3973
7888
969
6676
9324
1216
3318
3755
5757
6527
3776
8706
625
2307
6127
2997
3957
1874
4195
7472
5267
4859
9180
7006
8133
5054
8880
8340
9474
1473
1557
3679
1895
7776
2535
5645
5097
2516
9398
3606
6026
7901
8186
7828
2225
2156
1679
801
6569
585
6579
4926
3757
3264
1336
236
9581
7496
8339
4571
1911
5234
6865
5144
1239
7349
9306
1193
498
9136
1412
9674
8343
3266
5726
2737
2501
5900
9414
24
2885
8380
3533
6376
9319
7711
8097
3501
4167
9870
2520
3603
1157
3130
6708
1307
8425
2694
4586
69
2055
2718
9992
8616
3223
4350
3269
6320
8879
9945
4833
2214
4742
9515
8118
255
9434
8654
8976
4085
8952
6464
5656
3773
2923
8067
616
6416
5514
8643
3700
8529
6080
7103
574
8920
1123
1183
5471
886
4107
9609
4839
909
9854
8217
547
642
588
5215
2435
7823
806
562
7709
8964
3190
3310
9305
2284
6345
473
2244
8330
7617
9936
5294
8661
1191
7163
2186
6407
2774
3827
4882
8070
2349
3824
3321
1247
5719
6751
4283
5956
6578
8535
8337
7106
5272
9552
9559
9993
722
5297
8839
4748
2462
6422
79
5504
9339
6251
1238
1770
5740
2169
3943
9389
6151
9771
1302
5335
581
2851
3323
3422
2164
8293
9362
3926
6678
2068
2257
8382
278
5150
9881
3386
673
1206
2369
7534
6640
2236
2644
2392
7587
400
1174
8935
3380
943
504
5302
2934
2485
1848
6301
6132
851
4967
6435
1405
8115
635
9407
8813
8631
941
7327
9129
2109
9097
1757
3151
3910
1490
2213
8422
4319
1292
6600
5709
3412
972
5508
2133
6845
1285
7409
6986
2057
1891
8424
3145
1390
2287
8727
3496
5222
4612
3999
9917
8130
2745
7568
4312
2818
5938
6802
6139
1780
6863
9725
9248
7097
205
7842
345
4055
3095
7500
2918
5257
3420
2901
6292
5223
2433
9269
2314
7511
358
4689
5235
1136
4224
5947
4349
4363
2955
7355
4412
9473
2819
7303
2330
8268
7878
5549
8597
3297
9194
9560
2622
1765
271
3645
1108
7248
8559
9797
2413
1217
6586
8699
7725
2854
6837
160
7336
3985
8257
672
413
9578
6448
9923
8445
833
6839
6238
983
1546
8414
1504
5923
3650
4078
6019
7929
8378
9030
910
8145
7321
3159
408
5102
7712
5463
1749
3406
4924
4450
2226
9695
3597
8287
8978
2263
903
3233
7300
8986
7414
5571
4640
3840
1337
6613
911
1986
3045
6998
6510
9550
1104
8963
7305
2457
3958
1472
7460
4697
9142
5544
9152
9979
725
6502
6607
1657
599
7014
2081
2189
83
3658
1128
7205
8906
8504
4284
1850
3429
1764
2980
3220
2618
2411
213
944
6315
1068
9266
615
7996
8775
2574
2755
2161
5284
7458
5844
8194
4558
8027
5424
1760
9175
9597
5103
511
2347
8508
5896
6897
3226
429
6770
1750
2891
2533
9214
70
9059
8048
4233
3065
3649
6194
8807
593
5483
3719
8796
387
4986
121
5739
3996
5314
9879
137
5045
1904
1342
5385
3574
385
6267
9976
899
951
657
9541
7074
6763
3677
7784
609
9298
3218
3335
2050
7555
2131
9513
8136
1347
284
9811
9733
9016
1524
4379
9711
1533
285
1333
958
2382
9833
9620
6913
5673
1992
8475
9045
5210
5553
4043
4577
4154
5165
3785
8531
917
8697
5705
6199
1799
8418
8786
6902
1224
3505
3891
6928
7251
3783
4667
1825
2565
3214
1448
153
1341
4774
4098
1681
9707
929
7153
1843
5068
5531
3535
2045
6119
7264
6691
4273
5199
9032
1373
3731
1165
2098
2202
433
6889
4953
4887
5330
9848
2707
7697
1628
8993
2839
7502
7431
5074
5114
7405
8933
376
8646
5084
9683
6413
3109
1609
3261
598
7626
1666
3851
1888
7351
1541
5590
1073
9057
4457
2243
4186
2941
3349
1327
8105
8583
6693
9669
9612
3566
2455
7219
6346
4863
7178
2948
9125
2147
2024
6783
2733
182
142
6152
3774
4984
6872
4199
6735
6520
3421
6165
5209
3880
4856
4694
3112
2448
863
1141
6114
4522
2859
5959
880
3874
9171
4174
9510
1947
4646
4513
1483
8091
37
6895
4065
2697
1523
6070
6944
4460
5882
462
3591
8398
9157
3029
1559
368
7577
6599
8663
3358
340
9323
5347
9345
5884
8443
4794
9256
7094
4898
9651
4866
3932
6438
3195
9168
2013
1840
7212
3081
1588
202
5147
9875
1043
623
2204
988
9174
2296
1944
1312
5371
5880
8877
6873
5007
7078
3052
695
8576
8113
2377
7682
5837
369
98
6539
194
4847
887
7797
2445
5095
5828
5040
7498
5101
6366
1102
4913
2342
430
1385
3527
3856
5991
2075
355
6647
55
9643
4496
4158
116
8801
3409
9551
204
7437
2606
6079
4333
9354
1661
1798
8601
577
8335
3705
2613
6116
7316
5439
8299
2723
6583
4594
1204
9422
8086
245
762
7535
7838
3410
2518
3196
2763
4961
2596
6946
8996
8975
9527
2365
804
502
4462
4777
437
9127
7273
845
8232
2680
4049
8892
565
4928
4445
3572
8432
9479
3462
2738
3154
7766
162
709
6568
346
9983
5331
4019
6715
7670
2732
1396
5665
7667
1892
4964
1036
9446
6002
3014
4076
4135
9708
813
1688
4877
6501
9069
4868
5765
2370
5216
1167
1801
5326
8361
8730
7161
9828
4672
1117
2104
8607
4641
6381
9726
8522
5724
601
5769
5357
7641
3121
5332
3870
5681
6250
425
8355
2773
9853
7978
9361
2789
9835
2708
1708
7226
178
1198
6722
4045
3493
7686
818
6980
4523
1235
6917
8171
1632
4112
1189
6203
9227
5421
6534
2878
6276
1929
9022
5712
7812
1878
2320
2991
3161
4645
5897
9822
7045
8772
644
8401
3292
5537
7843
8592
3317
6789
9920
4422
1060
3313
4927
6593
2172
337
3228
3025
4144
4706
921
4875
7677
5573
6990
3166
9788
5527
6387
8886
8618
5592
4520
8552
6683
1170
23
3928
5883
2904
136
6535
3434
1303
362
1153
8908
3132
9239
839
639
9201
7846
3784
8071
9984
540
2580
8250
6463
9348
7629
9490
3770
7726
8296
3319
2032
9154
7213
9246
426
8040
1520
3131
7654
8980
774
287
1277
7023
6553
6680
4899
9212
7170
5877
4680
2958
3676
9539
4678
3513
9261
7029
769
4119
5187
8117
8719
8979
4975
3894
9602
2882
8062
7085
4908
6767
4096
4597
9981
4409
2899
3367
1286
3325
1939
6255
5242
8147
421
653
4889
7550
6234
5911
1063
7486
2404
8638
9410
5141
7845
1163
3063
9573
8545
1160
9503
8855
2945
2674
5976
6960
4093
5714
5491
249
9588
6974
9463
1943
5346
3937
7765
6272
6547
8693
1626
7926
6923
310
3695
7908
9586
3287
1560
5811
1182
4726
3506
1926
1744
343
2978
4524
7424
8949
2338
4550
47
6273
4810
9817
5564
5594
2094
1831
5861
1487
6906
9531
8650
1276
5359
1033
6567
8926
7700
7188
6992
3359
6174
4980
7217
5226
4403
6420
7829
6056
5646
6633
309
5459
1605
1458
2424
7202
7647
4960
7160
1738
7269
5256
2709
697
5541
4676
9433
3949
2107
7601
6659
1236
463
2432
4130
494
7358
6167
5412
8195
2873
4234
4623
4978
9779
4756
648
6053
8295
2165
9021
7809
9382
8465
5094
5586
2157
9926
7309
4739
7022
2361
8579
1197
9121
9657
5132
7802
166
5737
5478
134
1080
5561
6008
1420
9318
8598
8736
4599
5108
4236
5077
3253
3398
7666
7720
2611
3265
8129
684
7813
968
1554
1698
6879
7198
4385
6525
1146
7209
7072
9056
1608
1241
3573
8717
7091
8229
6846
2775
290
7883
7560
8181
937
3207
9536
2682
434
7634
6885
6894
9709
3666
9225
3258
6857
8260
8383
2908
6701
8015
461
5472
3242
7665
9595
1622
8533
2555
749
8903
7839
2666
2303
6643
5655
7974
756
2350
3771
8003
6795
4
7952
1955
3432
9283
6786
7509
6428
5804
8754
6331
4364
1758
1278
9113
1788
3846
1139
9769
9195
5817
2572
9200
2564
6577
7166
4901
3898
4440
3227
8681
4433
8617
6761
7669
2234
1114
8201
3430
7490
7412
5196
6625
510
42
3732
9338
6018
6754
175
3495
7909
2576
4679
168
9107
788
4644
1021
6055
5786
4161
3913
6915
891
619
3094
33
7227
9325
8557
3327
5768
7508
7475
9633
7553
3179
957
8612
8836
4099
9483
7676
7456
3582
8676
2842
6394
6806
3356
3156
6677
4357
6509
2366
1338
5670
6851
1899
9320
4469
1424
2715
4160
5063
8847
5501
2623
2634
7087
2206
4562
8878
7145
8779
8366
1477
5937
5307
1687
606
652
3933
2175
7243
1582
7421
2527
6563
7533
4582
8199
1642
6650
5041
2875
2418
3176
3311
1784
75
7310
9363
8543
618
505
1176
3862
5376
3419
6271
9005
5899
3625
567
1289
8867
2376
1872
5816
6122
5675
8752
6810
8745
2449
2970
2624
5010
3279
9931
6158
6062
8274
5772
3575
7851
7876
4622
5603
6663
8012
1384
9230
3930
3250
3725
8438
8164
222
7356
4476
1389
8899
6981
2247
8085
2077
3162
452
7340
3821
8034
3914
84
4110
2811
5857
7864
3619
2351
2332
4862
8778
8039
6154
4454
614
1381
8233
5228
9642
5746
4425
8937
6193
1313
308
3905
6718
9777
6314
553
9487
3437
1484
8766
303
9754
8724
4560
666
8974
3299
931
6324
3734
527
3589
3987
9240
1168
4944
9182
9744
8358
8017
8396
9440
6996
2764
5035
8276
5931
4564
4989
7032
8582
8997
1778
6521
161
682
6742
8507
5013
4987
5475
1930
7748
8431
5881
7388
3139
1896
3153
1707
3503
9067
7461
7283
3149
1211
1769
9912
9247
7230
6938
5119
3525
896
9994
8665
3617
693
7844
1158
688
2864
9395
2184
4203
6595
1362
9412
5204
7598
9764
5454
4907
6966
8649
9048
9865
5954
8391
3511
9703
2116
5345
5373
2422
138
6993
656
4563
3180
6499
8478
9724
2211
6287
2090
2917
8135
3192
6309
4725
1596
9189
4920
4869
8203
3837
4811
2759
4189
8970
4867
989
8419
7172
6033
514
2062
5584
8357
3976
4318
4239
5542
7399
9066
1065
4471
8537
48
5189
7985
9427
8853
550
2299
4505
63
8523
5086
2060
7881
3424
3887
4123
224
927
8957
9052
1317
2177
5275
451
2912
6224
6605
4063
726
8967
9698
6028
5851
4693
145
1357
8862
3982
3328
6232
520
8571
2967
9430
223
3369
795
2348
3970
5745
9905
4047
2973
3768
9542
8590
8457
4548
6478
9800
444
5830
9999
6833
946
2254
3938
2019
8701
9783
3672
1253
680
4286
9872
1598
7924
1011
4417
1542
4301
2549
7749
2319
2474
2602
9900
9077
3615
3555
1413
264
531
3079
9065
3546
3805
9974
8613
5687
3885
2294
1702
9958
1871
9957
1859
9408
4578
5611
5124
6030
748
9792
3350
2529
3100
2056
131
767
441
5983
3069
5128
3825
1173
5702
3646
8372
1700
3581
6848
2820
1781
9090
3270
378
4945
8742
3499
875
9846
3368
622
5252
51
7516
8784
5809
1195
5543
6415
7377
5270
3056
3084
9964
2895
6601
8486
700
4177
9639
9025
7519
4066
3743
4787
817
323
9177
8249
7302
5577
812
3961
6619
5072
1145
8513
8602
7588
1787
3293
2809
3246
4185
5164
2335
5423
3624
2126
8374
9342
4649
3534
7494
64
8831
8106
1002
3685
3867
4763
4823
8822
1497
7071
3354
7865
9415
418
9825
412
9014
8485
5921
4439
40
7292
3740
3585
8753
5803
4323
4919
8189
794
3456
728
2399
9100
5875
7455
7609
6609
7275
5009
5432
5115
8541
4449
1635
3203
9467
6979
6670
4767
3733
4084
626
9841
6517
6446
2636
5049
5587
3804
9051
1771
5989
4289
2495
8652
890
2390
3908
3559
9442
7088
8768
9691
4297
5791
60
15
30
231
2009
7432
6016
9392
1469
9418
5110
5193
1383
7436
3714
3425
3175
5554
6417
95
596
4181
7919
2253
5443
5517
300
7143
779
9326
1030
5138
2298
1931
3116
6779
2813
4261
9629
9785
5585
7385
8823
4969
7120
8726
3744
5642
5232
2500
7943
248
1537
8256
1250
8402
645
6580
7858
1712
4702
5936
8806
9108
6933
1964
1705
3019
297
5316
1631
4555
8076
2017
7100
6183
3742
1470
9882
4846
3217
6838
6390
2020
3764
8800
5852
5939
124
7422
3692
9391
2637
3884
5917
4853
7239
5260
7777
146
5283
4058
2178
6138
8901
971
6395
5243
9092
6400
4411
9126
8981
87
7607
7764
4874
2144
2401
7491
4121
2741
6112
7507
2218
5994
4499
828
4637
658
7207
4804
4103
5615
7362
2543
8547
8215
4642
1994
3929
8110
544
1416
301
7361
1415
1833
7467
4159
9849
3531
7345
4293
7186
159
920
814
7531
9824
7089
9719
8037
799
7552
3431
1812
1618
8530
2427
2985
3103
1901
442
4131
3763
8921
2066
1551
5710
7877
4436
8356
1434
9734
9787
4427
2716
1516
1910
5089
5012
1366
4091
2777
7854
3038
6236
3680
2152
6507
9219
4797
8080
6436
1061
5092
7244
3138
3931
9058
1575
8596
7200
5175
4545
5194
548
9925
5513
9441
3795
226
4026
8849
1179
1918
4490
2436
8519
6570
4650
1946
7024
5926
928
6369
1387
9558
1325
3301
791
3687
7684
7012
9020
1495
4590
8985
7638
8512
3760
3076
8526
5698
9939
9123
2922
4042
5292
2730
7556
2786
9034
4516
2888
7083
6157
9928
6774
1350
4149
7492
6006
7395
819
2240
3611
3644
1185
7249
8191
6222
2607
3994
766
6542
3401
7237
3820
4781
2067
3284
852
3616
6636
7574
1617
6057
2027
7312
4106
7811
4596
9158
5633
8540
4539
843
3098
970
2331
2571
1004
6113
9753
6655
2200
9287
7370
2261
6546
8938
4153
1906
9170
6667
4238
497
6350
6665
4264
3959
7759
7596
2010
9267
9301
3601
4656
8954
2241
3600
2710
1668
8947
2662
5050
7169
3324
8154
4897
9738
7265
9603
9007
9517
4391
6880
7013
4625
665
1069
4876
5152
9704
2434
2867
2398
4133
7537
6372
4388
9716
9786
6925
9501
4320
1999
516
4825
2105
6111
4398
5782
6921
5823
4447
4549
6195
6477
6385
7506
3241
2768
1512
783
8253
2196
9668
7778
7663
4165
5845
9118
8294
535
1841
4778
4240
849
7946
8578
3365
6332
646
3064
6878
8087
123
8209
8298
9532
6530
5986
860
1406
4749
5117
4561
6532
8170
1066
1937
7109
270
4502
9086
6335
19
8510
5096
5176
6666
4801
7608
277
7961
3479
624
1883
5521
8476
6506
9690
2465
9164
3345
8587
7208
4929
6728
6412
6362
8342
4611
9349
7108
8743
481
8327
8441
9546
6842
9205
414
6696
4988
8038
7997
4451
7542
9530
8929
2731
8306
3951
1106
6473
423
2489
9403
8829
882
4544
9053
5651
3948
3539
9582
4552
279
856
482
1915
2770
6961
5874
3704
4575
1388
7157
7366
4365
1958
906
9971
5872
2546
8984
1603
2892
8198
3184
3371
7703
1742
2179
4215
1437
8517
7779
7597
7698
2931
1971
9713
5529
3754
933
7374
3307
6173
1594
1159
6614
9156
7260
926
6265
4531
3282
2203
787
2122
6976
7848
6011
5762
9802
1111
9952
6379
1041
158
992
6945
5451
4826
7834
679
3532
4902
4780
8018
2751
4884
333
393
263
1028
8134
5321
2262
1476
3283
922
1227
9013
2498
9856
7522
5601
9310
5967
3653
7740
8387
5308
6835
1
7970
4256
5912
1989
4738
5981
8212
5430
7580
1836
2617
1953
6825
9055
5464
312
3125
8423
2089
1232
6290
3085
9662
4073
4705
1818
2384
276
2018
7010
5763
4386
44
2828
1089
5630
489
9710
3628
6352
1260
8254
1547
6351
6456
2127
6
1683
1846
3796
9718
925
3497
5456
6302
3604
1013
7918
4025
3205
9520
3630
171
4703
3452
1987
5547
7803
3563
6752
3346
7882
4061
1025
6494
2939
6100
8055
5336
4648
3262
3554
7859
6040
9509
6310
6905
4906
3082
2919
8658
707
6790
7463
9231
5975
7540
1439
7933
3918
1100
332
2845
6147
6970
5536
5441
7699
2664
6953
1491
2887
6576
330
7331
1534
6597
9089
4495
2728
570
4771
5758
2313
6257
5030
9360
8281
5556
225
8074
4010
7584
1199
4241
1237
7595
6819
1638
1792
2633
2595
5733
3483
8261
8785
3120
802
125
9294
1879
9254
8409
3000
4971
2903
6538
7526
7343
8149
5999
6248
3291
1328
7856
3674
1494
8741
5756
704
5399
3504
7571
7093
7191
7323
8762
9452
831
3945
1029
6995
781
2969
2630
8388
5208
3542
7651
1862
3584
9377
5924
458
3474
4809
5905
9626
3249
5315
5244
1530
9429
1506
6588
101
6046
4663
6934
3779
3443
9823
5545
5329
2386
3819
7615
4334
9812
2907
9943
7277
539
5180
8913
7673
4466
4448
8751
6815
3402
3869
5889
4080
4855
8551
5000
9009
7982
2766
3394
7338
6458
8608
386
9335
1509
420
9693
2793
4464
8759
6886
3892
7193
8679
7760
4692
2111
3954
4759
2628
8207
1451
6275
6099
5198
2026
5920
3494
2952
2956
5560
5301
1887
9640
9700
7761
6261
2251
4923
1804
9456
2915
7149
1998
9646
5358
5109
4701
237
8096
7357
6486
2685
9756
3736
5754
3128
5295
6809
4392
9110
2301
8138
9540
9701
2297
5691
7783
4635
2151
9557
3810
2780
2170
4214
5090
9366
7983
8787
31
58
5771
4704
4481
5422
2651
7653
7360
1790
595
1711
1407
4821
630
4003
6371
5606
3998
5774
1192
6669
5004
286
3536
334
8420
4164
4914
415
1627
6082
6460
5486
2183
7685
7443
9915
8278
5965
2352
5666
6022
2223
8319
1378
7949
9645
6010
3340
1834
8122
6868
2308
4936
7291
6479
3405
7055
5788
2281
4963
5727
895
3540
7796
3749
857
3150
9390
6162
7297
1800
327
1938
7329
1985
1501
6941
5264
4018
4033
8683
7493
521
9721
1321
6226
1539
9916
5856
1356
2575
7332
634
2990
9676
5182
3298
4393
5037
8061
506
9173
7849
8815
4858
5721
8814
2877
8600
5565
9484
975
4880
2082
5608
561
3383
5659
9913
6279
8101
4470
8770
3468
14
5458
9424
9978
8323
2288
3761
7529
7068
6134
7118
6620
3872
9257
4027
2041
4190
6184
3993
2726
2141
5148
9394
1732
2897
9652
5455
7573
3303
479
2512
7426
4248
9368
128
89
2946
6723
6656
7144
3841
8142
3106
9634
3115
1463
1861
2121
2493
5552
4579
5826
485
4849
8167
3845
2588
54
9481
3475
5996
9445
3509
2772
2538
8953
1311
469
7621
9186
3963
4873
7127
9428
8518
9886
5278
4446
61
4029
6286
8594
8619
120
8876
780
9093
7050
7140
3070
8084
1175
2322
8888
714
7714
4776
3881
5755
3055
5555
6426
210
5802
7518
2972
3799
5794
8159
1704
1000
3833
9336
431
2601
966
8252
1900
9226
1344
5269
9995
874
6560
4816
848
7379
2378
9590
2363
4414
1908
691
5452
4537
2790
5130
5759
4681
841
771
3627
3522
260
1934
6784
7731
1052
6800
5679
2869
4526
8279
4223
2402
6489
4534
8467
4474
5806
8131
8729
9358
6399
7758
5688
8961
3565
3860
6025
6405
8599
9448
2569
3798
4118
5730
7232
7375
4140
7751
5941
5200
1604
5904
6231
3193
6038
45
2037
5245
1897
9054
5296
4783
8687
1254
5639
6144
977
6408
4966
868
2442
7612
4795
3831
2513
8442
4958
522
5185
2410
2836
2589
6392
1334
1870
4314
2085
2155
4585
4892
3285
6308
9579
2995
7798
2419
3787
4352
3720
1201
1496
4243
9286
2400
4328
6210
2642
5548
1690
9717
3702
7386
5669
8458
9470
7538
7659
2046
4587
3075
7611
6078
4800
9378
6150
5979
219
6954
6175
8210
7040
7958
9961
5238
105
8058
7993
1109
5570
7459
7131
4948
7723
2808
4291
6101
8769
5087
9663
738
4633
2752
8262
9681
6587
5171
6694
4741
1969
3746
9135
8140
572
5668
1965
6515
342
4709
7282
8166
3701
1019
8213
6866
3766
3826
5968
6987
9867
3636
5323
2395
4674
169
9396
4661
8016
4367
180
7565
7915
2566
7423
3809
9357
617
4737
1614
3105
6739
9749
815
7916
4977
7648
1733
732
9234
4647
5375
8565
2521
9040
4369
1369
1234
2532
5386
1305
3850
3642
1012
9967
9637
2962
2539
6090
1035
8235
8825
1940
1675
563
9438
4973
8267
7818
525
6034
2673
35
964
21
2444
5184
8544
4770
6214
6916
9393
4922
7850
8923
6247
7716
203
9895
6798
3694
9615
2537
3047
5418
1090
4785
1393
7900
3005
2981
4083
2034
6674
591
1589
4138
9172
1644
6768
9178
6688
5318
6086
861
3871
335
4170
6065
1293
2441
8542
9084
3211
838
320
1377
6305
942
500
4638
716
2123
2268
97
1265
3260
6952
4077
1611
3433
8623
3427
4691
3385
6179
1730
9384
664
5410
8282
1806
2743
7762
8083
999
3268
7034
6172
7999
3178
1422
8360
6241
1522
4870
8865
4662
8275
1676
8042
4629
9890
36
7687
5299
8695
8624
9790
9094
3243
7794
2070
1326
3904
4878
2438
8721
9197
5354
5779
6681
9673
1329
2488
5139
5701
417
8271
6009
8072
2983
9889
3071
4377
8765
1296
3197
984
2001
5018
78
2686
4210
8875
4001
4486
4761
7410
3118
6881
3126
6645
1578
8641
8263
6733
1945
6096
2604
717
4287
1851
6531
667
3231
912
6485
7975
3906
1464
1493
2615
1886
1822
6871
8912
50
6074
6117
991
8511
1038
846
139
3818
5933
1099
3813
6887
4754
8404
4347
7192
9198
5528
782
232
5155
5612
1660
7123
8659
6230
803
8270
1134
2232
7441
8593
8236
2550
6840
8112
2950
2736
5081
2929
2242
4156
3745
7814
6341
3480
3848
1721
305
3675
3791
4900
6313
3667
4628
1602
65
5489
1131
5281
8733
5370
8830
523
432
9593
8065
9076
5416
1665
8302
6808
8932
9242
3353
4994
809
5156
351
7354
6396
316
2274
3399
8732
9004
6958
6860
9251
2658
76
5534
5766
8144
2787
374
3423
4769
5167
705
4396
6704
4271
1095
6712
3699
184
1107
7051
5496
4062
5414
9285
3101
4834
6223
4896
5718
3057
9688
7134
7030
4151
8771
5792
6714
7544
8682
9611
2594
6772
6004
1592
7284
9485
3537
1142
4732
8303
6989
9765
2086
4484
3661
9019
1646
3550
7583
9124
3528
3364
2656
1208
4508
6758
651
8035
8269
5031
7392
2136
4034
1178
1046
5910
8572
7910
5002
3122
2523
5366
3382
126
5434
4865
3594
428
9334
5476
9140
9416
468
2004
4179
354
2289
1714
1001
6418
7523
5530
5960
4249
5790
4017
4713
1032
2597
1710
4751
8566
5523
9343
6890
7643
6574
443
1263
1866
9789
4397
2420
8776
4191
8230
6822
1805
5213
6370
1474
5658
7770
9951
209
5694
6962
7061
1686
1573
7787
3697
772
7825
1196
2430
1576
4116
5248
5020
1515
2388
8258
8225
53
9622
5973
5145
2660
7833
1863
6951
5205
2093
737
5253
1364
8434
7059
3660
6299
8995
7872
5865
4193
195
6340
9860
8837
307
3864
4176
6985
8329
5821
5364
3588
7286
9909
7125
7322
9070
8032
7792
7841
3183
440
7951
2692
177
4593
8887
6156
2293
1161
3204
2286
1330
790
3436
9793
720
2007
1382
9801
8549
3683
9253
2052
234
1414
3114
1091
5390
3620
8581
629
2957
7444
564
2812
8810
4659
1421
9735
8098
8351
9521
1864
6858
5088
3828
9413
6618
9295
5367
5162
8640
3916
3352
9405
6168
5576
9614
1511
2416
4182
9460
2966
1737
2173
8220
9751
235
6947
7662
5497
5014
7742
6061
8987
2514
4201
905
7957
8977
2305
1274
7242
6536
5908
8469
9080
465
2110
8723
2695
2757
9774
1968
3236
7267
8564
5825
7407
2798
1697
7955
2603
5879
3360
4695
3061
5563
2461
2028
6537
7505
81
3013
7625
7063
6382
2074
373
6562
9535
8205
8056
2002
4943
7225
8690
979
930
9105
9457
3087
2599
28
9379
3281
6135
9858
2264
6208
398
3579
9153
1773
4251
4700
8709
8024
379
2160
9437
8824
2492
6197
7259
2655
9119
5636
1086
5987
5225
6821
3812
8364
3465
5042
4573
7614
8793
7095
2861
2405
1808
6377
7899
4442
7674
9144
4192
9268
1221
8505
6891
