1625
8436
9405
3847
3109
3092
8162
4164
7778
9970
9104
4940
8922
6260
9047
7143
4128
9821
6171
1341
1525
3468
5649
212
3423
424
4608
21
9390
2340
6008
9802
2995
4282
5930
2181
1946
324
6853
6530
3377
3714
5380
7683
705
6719
1127
6040
4091
8622
4610
9097
1661
8554
3221
8308
617
8377
3238
6192
6758
6290
715
6289
8945
6777
4109
1896
1225
7003
9625
7564
1308
4297
9681
3233
4267
262
6850
2628
6768
774
7552
5052
575
3815
9341
2466
1863
4184
808
6424
8821
3023
8038
202
848
9601
9549
802
5349
3226
8501
9208
1784
7635
3104
3977
1865
121
6962
7121
1974
2405
5637
766
6754
2826
5337
535
1240
7648
3307
7268
1475
507
7901
4605
2784
506
6876
8644
1169
9471
1729
865
4743
2461
8452
7402
4442
2654
7290
3801
156
9837
8602
5213
179
9940
5952
7902
7812
9262
3198
7169
6510
7982
1013
918
7055
6976
2074
6062
9847
8724
5704
1188
6372
6281
5310
3856
8148
3105
2439
576
4022
9446
9942
4945
3048
7873
2099
6063
1370
8186
387
7582
5200
3530
9629
9334
2007
6819
1226
60
4236
8589
3259
2791
3664
5815
2443
9239
8003
5864
882
1720
6989
567
8645
2677
4496
3110
6518
4735
7966
4088
9782
3602
5703
1876
8849
1736
2267
5048
6191
376
5766
9511
291
8916
9000
3402
4721
87
2196
4623
4244
5858
160
1889
5782
410
3185
2997
6286
4087
395
3014
8346
1457
6114
2231
2881
8266
9966
8472
5523
6714
7138
521
6710
5973
6504
7224
6220
4653
7489
4251
951
1971
2538
63
7502
5536
2676
329
1304
9255
881
3967
2651
8801
4238
5964
5340
8264
7149
1583
4175
7766
6888
2588
4102
7619
2940
1542
922
1376
7451
5911
5632
4892
3306
5117
5803
5697
8919
7305
5158
1558
4988
7676
485
8116
4890
4409
6376
8822
493
1
9497
427
2751
4633
1450
3405
7501
8400
6652
3329
9684
5323
5390
6397
3326
5296
4541
2447
331
7221
1859
8220
1362
5174
415
6133
6153
1073
6362
2566
3457
3091
6276
9858
9479
6690
9154
6722
5352
53
1670
7617
1399
750
2246
1239
5757
448
6699
8737
9762
4942
8021
3037
9201
1571
7885
6767
9322
4571
9045
5257
3933
447
5108
7945
6572
8324
1443
5758
9462
9116
1432
4809
2861
2960
2128
161
4673
255
7819
4898
8667
1349
7836
3853
5087
2807
8754
7176
326
6299
8661
8732
5599
529
9643
9558
3285
3125
8710
7782
289
4941
4840
7975
2965
2853
3324
3463
2205
9786
6701
1296
9353
5538
9933
5480
319
9588
550
6789
5228
1222
5942
8985
5086
8615
5350
4599
5230
5809
2608
7394
7787
580
9998
9120
9437
8703
3184
1042
6937
6075
401
7684
4517
7153
7330
763
8601
801
8498
8574
9671
4992
3885
7092
4030
5679
5681
1698
4851
7743
1728
8966
8010
4968
6357
733
2640
821
8965
8886
5813
7900
2913
957
7678
2197
450
7944
518
1711
5282
5677
8108
1915
385
9192
9023
638
8190
2228
368
7132
6201
9743
7890
944
2111
7915
9827
3688
2983
1181
4667
8641
3620
7073
929
816
4293
1401
2458
8098
7244
9723
4301
108
3889
6105
8049
1780
6615
220
1570
3135
3449
5280
4893
9015
5887
3367
4172
1605
9775
4937
9636
6564
4535
5718
5433
2449
2525
8565
4356
9099
5795
2497
9055
5019
1748
1235
151
7460
7725
3606
111
1949
5570
5804
6464
2146
4596
841
9885
8812
3478
4614
4073
5565
528
4404
8553
3796
5543
7779
8278
4098
530
6708
5077
3448
9881
1470
1486
3939
2021
7248
2641
2109
4193
2234
7637
9805
307
8234
9674
727
4006
3769
8453
954
370
7588
6205
1107
7656
4927
8160
2241
8809
8392
1278
4852
6454
5368
1515
9525
1502
1027
9686
3987
5081
1987
8834
1318
432
3396
2938
6747
302
2262
453
2910
3211
3244
4832
4342
8189
7390
7135
244
559
6377
9567
2741
3369
706
6808
6091
8145
7784
4966
3736
2428
284
293
7040
2238
7491
8648
4589
3897
3047
2217
1526
8307
4092
6249
9941
6218
8048
2969
1009
5161
7753
1030
2195
9056
3529
2936
8604
1585
6493
1868
7598
2402
9459
3467
5391
2732
5735
3378
7014
7432
5060
502
1052
839
4979
1631
3171
7229
6936
4202
8119
5894
4522
6797
2559
1454
1584
7259
2790
7088
8941
8921
4712
4755
8829
9612
8118
2532
1887
6298
1218
5661
3670
532
6449
1294
3629
4485
1874
2687
9417
1029
9721
2968
1959
7698
2763
7994
3315
7685
3882
2622
5342
5201
7839
5518
320
5192
4420
9971
4936
7531
867
3696
8611
4807
9246
9291
392
8935
5176
9447
2623
3596
1755
3438
9679
8679
8464
9199
4931
3828
16
1164
7908
5984
6670
3263
8598
6136
4210
6647
7824
8521
2697
3479
5648
5125
3763
6414
8617
7370
7125
2482
1537
435
4578
3436
417
2975
4732
1495
9315
5936
6487
9868
1856
8435
89
313
8151
8845
5069
740
9635
6763
2493
5271
2882
9006
2626
8154
9129
7767
7561
3355
8491
9787
2863
9085
3004
9187
2600
9105
4911
2552
2194
5631
4788
1026
1158
6474
4882
3114
3915
3243
7441
3152
471
9820
5222
3106
4255
7324
8302
6794
5871
6451
4737
840
5163
3335
146
9399
3691
4347
8167
540
1306
5321
8894
4051
5808
7843
5945
4856
6431
9472
2318
3342
4686
2116
688
2178
440
2484
7166
103
2576
6282
2666
3489
1815
3855
1656
5011
999
9411
3516
8344
114
176
9840
6058
820
5877
6350
3995
7435
5483
1657
3924
2727
1691
2294
480
6045
3204
3230
1550
3998
9907
6181
8253
1635
4836
7408
1768
4162
6258
6965
83
9857
1092
4427
4789
3843
4632
4799
781
4002
5062
4017
7775
4643
5398
8854
5308
8512
8904
9512
3277
2209
2766
3845
4398
3558
155
3368
608
8765
8250
3705
8830
868
3291
193
4047
9283
3332
8885
9037
2457
829
8817
5042
4872
8917
5666
2277
4871
9111
4026
4841
7827
6877
2172
1039
2710
1200
6905
6396
5943
7142
7797
7171
469
5250
8730
1068
9733
1828
1878
2423
1883
240
905
8013
5533
186
1898
1743
5074
916
2693
3639
9597
3130
4261
2284
8719
9333
2928
4035
1427
5915
4478
5351
1696
4834
7941
6378
9158
6997
9571
1659
4726
942
9269
2627
7231
4581
623
2662
3726
2879
6502
8579
6766
7294
4053
5710
7875
8545
1782
9887
3357
7515
8102
4158
7243
1806
5513
4733
3216
2602
9545
5100
6755
7867
7615
5212
8113
9423
6574
312
7983
1818
5675
1813
9175
6694
4923
1476
7275
3867
6992
8024
6374
958
1284
8133
917
9645
5848
1935
4263
4991
1369
1484
6079
3097
5711
8030
2120
5171
539
251
2321
8238
3441
9741
2255
6033
4099
2701
9218
9835
9371
8353
314
7136
9253
2764
7478
1933
7641
7046
8717
95
2167
9117
2599
6099
5773
5326
8056
67
5584
6517
8774
9712
9474
2499
8842
1769
7431
8665
109
2180
7241
2046
6978
2873
2834
1603
1002
516
2149
5755
5386
9122
8502
7570
7534
6904
1910
8012
9330
6068
7287
1906
1822
5669
7368
7419
4057
6553
9384
9231
7568
6277
162
1077
4831
1981
2794
4027
3799
9619
3775
6345
2100
4209
1622
7504
6048
7102
7860
5109
6588
2624
7459
762
6116
7866
6319
9304
7168
8960
180
8314
5247
4187
8864
1448
9921
2650
6049
8371
8955
1408
2152
7254
9994
598
6432
8963
928
827
5938
4761
8781
6875
1967
3790
9795
1869
1753
5690
7882
8979
170
5362
3044
7957
6156
1765
7772
1215
3215
2254
9778
6578
2760
3689
5224
6547
7087
7177
6938
178
5464
6738
8912
9895
2489
4523
2537
9070
4438
2421
452
3711
2614
8884
1383
8728
2914
8374
2213
6183
6232
1498
526
9785
8254
1447
9852
5747
7410
4835
4649
7594
1268
4617
4328
5193
6143
6509
163
6964
1597
4681
7703
7794
5792
9592
7741
753
2859
7405
8704
8744
2027
949
3665
6715
3010
2268
1855
5173
920
9555
8684
7575
3650
2316
6484
5552
2190
6444
9953
7853
3050
3006
5572
4900
5498
1993
6007
6814
987
1787
9206
301
6297
4199
9110
3988
4934
1541
7440
4362
5442
1478
1054
640
5266
4016
3951
2601
1519
510
1078
4860
5022
2001
6720
6770
7798
4620
8029
3404
3262
6309
9354
7026
2462
5729
5272
2308
9685
3648
9825
7607
5558
685
7278
1020
374
3079
6142
1373
6223
8478
795
2432
33
9424
6071
6020
7673
5777
8825
5044
4750
8141
5707
1793
8104
2315
8047
2842
1064
5554
5806
6580
9615
3570
7813
6601
1148
5535
4562
2390
1826
7749
7448
6536
3341
2193
4264
4902
678
3049
4802
700
7170
3979
1895
6078
8109
9194
3733
8326
7845
7152
2324
264
3440
3076
6900
1757
6483
4093
9007
7436
8950
35
8340
1260
8785
992
3525
457
1564
2133
4746
2896
3239
4392
6270
2827
7661
4270
9637
2774
4178
8191
5132
9115
3575
8431
2271
4655
5784
7919
5926
5645
3527
8752
9731
6027
3257
5898
9747
8681
9769
4594
1305
3860
8018
8350
9335
5073
3107
0
1710
6269
6555
9760
4777
8626
3672
6036
7806
9400
1099
3757
1774
9667
5851
4970
1145
3580
3058
8621
6056
601
4337
9989
6662
2742
7704
1870
8600
6495
1740
1804
8079
9620
1192
3552
3407
7771
4748
3096
9783
5580
7962
5046
9404
2977
9073
6845
2610
8689
491
3712
9476
4322
8793
1641
2953
5470
7537
4272
4557
8568
2366
9089
2808
8836
853
1433
8833
963
7342
798
9951
4961
8749
8631
7393
1492
7218
1953
1163
7112
3643
6389
652
2700
7837
5786
659
5462
8725
9683
6716
3483
2297
3143
9359
2319
7091
2618
1679
2998
9734
445
5187
7133
8614
4910
1359
5933
6334
3874
849
8541
8932
4742
9730
9228
7312
7228
7687
6052
8883
115
6176
7263
9157
1016
4850
5589
5245
3536
4274
4400
6460
625
7723
5041
9851
3349
5325
3557
2503
194
9586
7539
9020
7067
3175
1596
6100
2956
2026
390
3283
6546
6752
6308
5459
734
2015
9505
1816
1065
7467
4120
4411
1140
40
2235
2509
3702
5126
6196
4524
6446
6480
2071
7789
3651
6050
8989
1449
6402
8857
6447
9347
5875
3066
5890
8272
6703
9751
4041
6340
619
1198
6713
6623
5663
1950
5446
8255
2994
787
1132
3760
3912
1654
4778
6871
7260
4895
9894
6457
8032
791
4505
2401
4466
4044
859
4724
123
5456
1929
5767
6731
8318
5152
7371
8663
9774
407
504
1254
9554
4863
3289
8348
6318
4682
6844
7604
5197
724
9703
6593
1162
7461
4916
1412
847
1275
9913
3999
9058
205
6818
2391
1602
9435
55
7755
1872
3067
5546
3622
8092
7291
7842
4142
7114
9714
6596
752
5181
7974
8937
8814
8289
6023
5594
5234
8609
4144
6765
7407
8573
9060
9408
1973
7257
9694
7043
812
6674
9932
8158
4078
690
4975
3759
3514
1489
7447
7786
3421
3638
3298
4709
7754
1139
2892
9544
9692
3728
943
522
7255
6750
5947
1102
2802
5153
6131
380
9766
3513
3997
4943
3150
1714
8273
5343
190
5249
260
2674
2350
1579
561
9539
9704
6095
765
9398
4796
5116
9508
1629
294
7979
6316
8325
198
4139
2870
2291
3313
48
7625
8355
4972
2024
7285
3081
2248
3938
6423
7950
3569
3465
1436
3921
3631
9379
6412
1739
6135
7442
7350
7649
7110
4455
4767
7307
8668
2384
7029
3077
28
9
3487
2598
7175
4812
9329
4043
5872
9863
6195
9443
1612
7959
7182
9245
5932
2877
3408
2819
7605
8170
4052
8831
7818
7707
6014
5090
4079
4418
5603
6823
9150
6313
1130
9043
2345
1501
2721
2117
4111
6825
7751
9340
1723
4509
5974
1692
1351
8634
7311
8720
852
7392
2714
6409
8459
9101
887
7197
9289
6167
7747
7140
482
501
6604
9133
278
4576
1713
4382
8753
5961
51
6514
6238
1938
7759
7814
9722
8248
3922
6028
4305
835
892
8826
456
3810
6584
69
5781
2661
330
8216
7336
9817
1247
6782
7412
6043
6619
6856
1085
9580
3217
7362
9745
7186
1565
1523
9057
6996
6370
4287
9570
9897
2025
23
7463
8396
777
824
5931
1010
3340
1160
6408
6795
6128
9871
5847
6541
3751
6255
8669
1398
364
6271
1652
9297
1559
5466
2356
9469
4844
3462
8080
4986
8870
6209
8914
7514
4294
3865
2044
92
9655
7211
6903
904
3394
2276
6967
4311
2682
7681
1567
1485
9406
8957
4888
9899
9523
1347
6746
1923
1700
1261
568
4048
7328
4525
9491
5444
5128
9166
408
5743
9409
9594
703
4217
2748
4441
9493
6132
5920
5956
3165
6926
4754
5790
6913
4730
9660
1063
119
8034
7081
3654
7306
5994
8519
6894
4329
6734
1992
8009
5184
7999
677
3321
1734
8297
4764
6384
2352
7386
3829
7821
3432
5776
2389
2126
6125
8228
941
9877
8603
5067
838
1346
2852
5418
1446
2232
3888
5408
5868
4413
3122
8258
7236
2890
5634
4083
4572
2845
2114
695
8287
5133
5950
2894
4558
4813
5548
2032
5670
5322
3896
2632
5802
4192
2414
1004
1957
6322
6914
2888
6993
4275
5268
9346
5643
7521
1608
9880
5196
8971
5909
6294
7424
8698
5883
8288
1829
8378
7923
9556
4955
1461
2334
9742
1575
5370
883
2545
386
8911
2717
9589
1914
7192
9483
3944
5001
6024
2147
2797
1897
8025
925
5166
1521
6560
379
3842
2639
5262
3698
2517
1532
5273
1293
728
5588
8243
8418
8274
544
2485
8339
431
8124
4150
8028
7811
3701
3773
5888
5667
9927
9360
8558
2346
9678
6711
8304
3626
5881
6744
1510
2302
4580
8843
9293
4243
6141
9831
6182
7024
8433
2976
1444
6326
9806
9272
2526
3287
6678
5407
3827
2937
7574
8041
7071
9624
1507
2063
3960
9348
3409
5435
7777
1785
4769
9777
7028
3376
5719
5889
7094
4958
9646
1451
8736
2448
1153
4470
8782
805
3458
1311
9808
489
2365
6972
6585
959
3237
7980
4298
6960
6025
9610
6692
4922
1827
1155
661
2490
9746
1154
6955
8606
6991
2933
3455
4061
6428
3189
7858
1017
9596
4096
4032
9276
8887
9846
5665
4345
61
6165
3936
184
7479
6344
4994
8747
7388
6721
6145
7924
6987
3906
9232
6948
5772
5740
7335
4291
4703
9381
4020
1690
8928
9281
6940
5232
4593
7344
4448
3553
4452
5884
6320
4658
1487
8123
3504
9432
6513
7780
444
6842
7347
4038
4125
5416
7988
3
8529
6542
5211
2750
3694
1420
8477
9275
404
6349
4015
9358
237
5478
1798
4126
3227
8066
9445
2471
6469
2548
4997
4308
6164
6771
7968
1483
8875
2946
7062
3973
2170
682
1242
6784
9673
3450
9425
4723
8610
2156
4331
9277
5490
803
2851
4903
167
8818
5360
7951
9242
3019
8863
1712
3630
1741
8132
3174
316
1504
2798
7150
4776
7616
6681
2782
1805
6906
1098
7722
9124
9285
8065
6038
3892
5287
8517
5585
4870
2981
7686
5263
3834
8859
9504
6629
8835
7587
1649
9585
1640
6001
4483
2691
8531
5742
1802
365
393
4104
5493
9650
352
3718
1628
9027
1207
2463
8658
7958
4912
8471
2577
2631
8714
8201
3284
6838
2533
6481
6096
9380
1761
2508
145
3255
5096
2347
635
3852
4447
3466
9759
7374
552
7144
7776
3709
7494
833
9771
8075
2068
4650
707
3565
9076
9260
6065
3850
2266
9853
1315
403
6351
8674
5607
7952
1387
4229
8525
1819
8399
6742
3660
9507
5914
2056
1151
9514
9591
4672
2210
1745
4121
3279
8637
4286
9202
6697
2102
6300
9190
2282
2333
4423
3656
2042
5673
626
1645
5620
7739
7011
4824
9025
5991
6386
2265
2939
3519
2150
8535
8419
3684
2967
7475
3821
462
5807
1236
2137
2348
9455
1382
3128
7398
1366
4718
2854
3071
3132
6516
613
3916
8688
1764
756
1237
8177
822
5614
106
2944
4140
4313
1298
6383
6307
3202
7781
2959
547
2285
4876
8063
1358
4803
9522
4257
5353
2596
6558
1067
397
5671
8763
5869
9789
8446
3112
1481
6430
2978
1133
2664
5432
9038
6124
587
8495
3481
3918
4785
5664
1638
3893
8261
2970
2974
1669
9422
6773
2017
5199
8807
8303
3950
2725
3968
663
1076
8467
6579
9103
5172
4579
5857
6796
7670
8364
8544
2012
8794
6968
8691
8993
4056
3102
5726
2008
2155
7413
2353
738
2795
5135
6787
1011
6261
2837
4314
2718
2943
6130
6929
7886
8005
7364
5695
2331
9256
9313
1051
1319
4471
3522
5929
8981
245
8337
2122
6206
3898
3941
3461
986
1393
4828
8379
9662
7939
2821
9226
6245
6549
4956
5428
2322
1903
3782
2738
8184
665
4990
8142
1367
2765
5641
7095
8403
8901
6872
9920
8294
5886
2085
7118
5344
7351
7861
6341
7737
1773
6524
5528
1172
2177
3994
4233
699
7591
9299
6415
7614
1089
8946
2510
8222
5627
1835
5778
9002
6971
7763
6702
3901
3644
5568
113
8039
8844
9092
1152
4918
7662
7572
4534
6927
566
1334
6899
3282
4628
5354
961
3161
224
7064
5485
7701
2161
6737
8757
9391
6437
8933
1156
1060
5160
102
449
9374
5595
960
338
5075
2504
743
891
5448
8986
1336
398
2670
325
7805
405
1527
1918
5289
9345
5636
6544
1662
1122
4171
2986
3072
9990
9127
4929
3325
1276
8023
9621
9975
673
5036
8496
8816
7800
2905
6479
2047
2749
7732
2775
4119
1857
6672
5372
3375
1265
3914
8482
8690
3676
5018
2465
9449
8143
7199
631
4720
4679
168
5854
7650
6237
5288
9906
7456
4492
1421
3381
2737
2781
3101
6002
3866
3783
6830
1028
5295
7119
5574
737
3719
5913
9616
6497
6186
5982
5761
3923
1086
2902
6826
788
1904
3735
2460
1147
6419
6252
8200
6314
7926
8913
6966
1270
3779
8240
4563
2880
3008
8656
8366
1947
7869
5013
2058
2097
9433
8792
8097
2409
7904
8163
6180
6439
4932
3191
4196
6410
1624
9626
217
5907
899
4774
6335
2078
4983
1803
9711
5794
2816
9311
5867
6310
831
2901
9136
8915
7668
6998
9850
263
3838
1392
716
3115
5127
8218
7421
6146
1875
4998
7671
671
3572
1329
668
3121
5452
8926
1513
817
9478
6216
472
7691
9126
4089
4432
1018
2371
4197
4779
2653
6980
9278
924
1256
2091
7286
5072
5106
7728
1185
4034
8136
533
4705
7321
6529
4495
6709
3706
8361
2586
7590
7076
6984
1303
2648
9286
1556
9164
6874
5151
9744
7734
6740
3147
8441
769
2812
4421
6627
1194
4574
5317
9161
1681
9535
5814
7526
4602
6863
2406
8144
22
297
4351
2570
8990
6426
254
1142
9259
6817
5162
570
5705
356
3506
2792
2031
2263
3732
9753
7430
2082
1326
8454
5341
4915
2312
192
3309
6724
7888
2323
9638
8474
701
9532
7602
6956
1642
1921
277
1465
5137
9121
3814
6267
1972
4231
630
9561
5800
4191
3272
2613
2554
3839
898
2034
823
3621
8861
8520
6
7124
1742
6988
8796
375
7444
3361
1012
9407
7757
2416
4881
6420
2534
936
88
8328
2758
5121
2779
1644
2921
780
7935
5624
373
5114
7881
3464
8246
5831
4265
6342
4069
6812
4770
9062
2227
3123
6554
3934
4913
1994
4846
9273
4592
6617
2083
5217
6416
8632
9100
4407
6698
8479
8197
1189
1694
5264
684
4105
2716
9139
759
4711
3222
2796
672
1385
2038
3598
9697
1771
6356
8918
8772
2520
268
3590
1928
4502
877
2151
7868
2219
9162
8084
1116
4103
5602
5458
6634
4222
2162
6651
7120
5577
9698
4059
4369
545
213
280
3576
1223
4874
1744
8295
2643
5910
3946
2157
6239
8802
6440
4759
2572
5314
5438
5269
888
6082
1477
1472
2783
7036
7816
5878
2736
2754
2761
6315
4500
3540
2713
5502
7802
3256
1907
80
3108
4283
3802
4100
1800
7884
7528
5190
7601
5309
9236
292
3894
5054
399
8539
8856
2801
3776
4873
454
4370
34
1610
9912
602
4033
8847
7337
2171
4161
349
9576
3662
9268
4459
8596
969
8292
6353
5015
104
3393
3206
5691
2555
3723
6840
4954
7998
5098
8241
7618
913
1348
9502
9395
923
8011
4281
9886
8920
3082
6422
9280
191
6443
1206
5842
8267
9323
681
4373
4511
3065
6952
814
5752
7189
7109
9451
9332
7990
2773
5028
9732
2907
8425
879
7554
4019
9600
295
4926
4880
117
2825
416
3690
7937
8577
8549
3747
5329
3252
3151
2259
5449
2216
4451
5244
3740
989
5560
6979
1310
2841
1719
6985
546
3212
2553
4676
2293
1466
8286
7553
3413
3043
3708
6810
2077
5358
6333
1301
8678
413
5593
3270
9169
3953
4141
5336
3095
6792
5068
3857
8750
6618
9924
4116
1779
3197
9569
7165
3881
9397
2387
900
1588
354
844
8880
4085
8244
722
4408
8613
983
8789
9944
9884
3720
3871
1932
7054
2934
14
5928
8411
1636
6883
8804
9776
1331
6608
4510
9896
31
4618
8111
930
7912
7164
6364
4434
9212
7206
6011
5051
9078
6520
6822
2551
9213
4513
3962
5130
8233
5376
4939
9061
6254
4396
1407
8006
1733
5499
3599
8513
4933
3671
5526
5118
1438
286
3603
2103
1676
1966
4528
2668
9581
2230
2948
1598
6625
2565
177
6732
4636
9431
1499
8694
4808
3247
2185
1174
4179
9022
950
8670
4554
6538
2140
1831
6739
2980
9797
5431
5505
5829
7023
1246
1680
7084
5198
2313
8207
2394
721
2215
4678
6395
8115
7034
6847
4439
7420
979
3169
4947
2777
8650
9647
5148
5406
9178
8296
1653
5714
1323
8696
3784
2398
912
3343
159
8183
9088
6005
4827
5088
4239
348
9316
2486
5102
4276
7235
2832
4335
857
9012
1186
2495
694
4443
9715
460
66
475
7126
8129
8043
7065
4479
5732
9039
9644
7973
5427
698
4757
6512
8508
173
3382
9017
7198
5586
6959
8625
5912
4213
25
378
2222
7180
5468
3057
2004
1312
2464
5733
7048
8654
9964
166
2522
4036
5687
9628
6088
4371
4223
9004
620
1195
6931
524
1221
1688
443
6161
5983
8161
7874
2013
5750
8042
4450
2949
2603
9440
1410
909
8360
8487
5300
3996
5598
4516
8909
1058
7385
1577
4967
742
2200
7963
7155
4595
1539
7622
3981
2734
5501
4388
6679
2143
2869
2709
5820
8638
4626
3090
2050
8905
7918
238
6496
3571
9114
9248
1807
1980
24
2144
6974
9176
7669
9172
9369
8787
1264
8758
6869
7721
487
3859
2885
1093
18
6398
2065
2884
4422
543
4684
8210
2079
8196
4284
2041
9312
2064
7428
7353
4577
8548
6390
2054
6337
6592
4821
7871
9174
8848
4346
2364
9693
4005
9598
8450
9464
1049
3832
3269
5601
2061
1381
1386
2776
1131
6500
3875
8372
9378
5999
4066
6361
5387
2647
1170
3485
6658
4675
2436
2073
7345
8213
1721
3993
2392
5590
1853
3480
664
4395
7012
3363
4334
5239
1746
3297
6076
8890
7389
2119
1792
1295
6983
2169
7765
2728
1212
5292
1480
8718
2604
7762
2511
1964
811
5339
8673
1178
9134
1104
4582
3632
2115
6793
7972
5834
4326
3118
9901
6778
2523
8590
4652
645
6951
2214
4402
9603
2524
9513
9355
4364
1041
7508
6751
4344
9444
402
6304
2844
1285
6743
9640
4826
2616
1735
2253
5157
3364
5683
199
1626
9321
1488
8523
3663
5293
9856
8948
945
1574
2507
3707
7548
366
2182
8249
7266
6148
2917
8699
2931
7989
9205
3384
4323
5783
4064
837
607
2963
1248
512
6411
503
1509
556
8483
9470
7372
4569
8105
8564
4101
8540
6920
4348
4068
196
7093
8230
2805
9955
9954
8735
3195
9145
5908
77
6659
5534
9849
4529
5251
2086
8811
3311
2856
8858
9634
2379
2530
7090
5235
2988
7712
1778
5286
794
3554
588
215
1342
4148
6418
4685
9254
6477
4353
5175
5724
1674
5328
578
2273
4640
4446
3199
9071
7731
2720
3716
5384
584
7147
4200
3286
3443
7476
5716
7196
143
3015
1057
6753
8058
5450
3975
8489
3625
906
3346
7599
4877
5165
6240
3431
4062
6305
5901
7653
1081
7033
7013
4861
2786
9306
7472
9824
5123
6707
5840
3523
7909
3234
3608
1003
4467
3424
1615
7187
5763
6468
3154
8199
1500
2619
9415
1082
8582
8341
2224
3490
6486
9413
810
5850
3391
7907
7511
3826
648
1015
9728
8729
3982
3278
3785
914
3543
7383
4204
7333
3136
1731
4315
3623
1267
200
3539
6246
9729
3017
4436
3820
6445
461
8062
3456
336
6970
3624
5659
9755
7058
6861
322
8356
7365
3991
6889
9641
7340
8068
4330
1437
6264
8391
1909
470
6684
5496
2283
2519
3078
3935
8636
3704
2644
5583
6902
5463
894
8205
8067
7361
3188
7482
1101
7264
8552
2022
6635
927
8245
4440
36
2909
8380
2823
7597
858
2638
6598
2477
5899
8428
3493
9193
4999
2049
7001
8086
3495
9189
4889
5958
6628
7037
3131
5852
6003
6545
8397
9627
9979
952
1639
1047
6589
9488
2093
3214
8706
7750
984
7680
3392
6373
5515
7030
8952
3942
597
8401
6061
4952
8865
4290
2498
6748
508
1282
5304
6622
3904
5972
9748
4765
9985
9167
6909
2961
5227
2746
327
4488
9672
4114
6235
4540
4969
8336
3983
8599
8943
8298
5259
1788
6388
2501
4567
4368
3273
1426
8976
5785
990
3475
9959
4833
6897
2372
7450
7134
4699
2689
1255
2019
3677
1231
8373
3957
7338
5307
3087
4321
6745
8120
6637
9815
1619
7856
3300
2922
9454
804
7223
8755
5787
5145
256
8742
8618
5394
4453
82
5298
870
4173
5940
3168
8224
8805
6442
7877
5676
8002
1220
2249
5640
3668
4221
2678
7160
1554
6638
3038
4198
7876
6151
5789
7349
1368
2803
6890
2444
2339
7213
4857
3416
4383
7796
5441
371
591
2705
9217
1941
5453
557
5689
4642
772
1851
6990
3686
6912
6566
6268
4226
3373
5993
1440
6730
9768
9538
1749
4751
2445
948
75
4740
428
3319
2301
1886
4561
7404
6262
8247
5066
6210
9366
9631
2104
6257
1287
8959
9739
6559
520
3425
3040
127
2569
5796
8421
4613
8510
7397
639
1445
6816
4473
3674
851
4076
8306
3741
6603
4366
8424
2839
488
1403
6591
939
1040
5544
3098
2500
270
5472
6154
4891
5316
2874
2658
7993
7726
3808
2233
9767
7532
3633
2403
1566
1216
9412
1357
3992
8542
8972
5517
1491
8466
9251
2990
2757
1384
843
8434
381
6109
5696
594
4462
9967
8643
3415
5020
7116
6682
2743
5437
2579
5144
736
6605
9527
880
6548
2942
5070
7141
5138
4693
642
6272
9138
8235
3768
9811
2929
554
4316
4082
2476
3007
903
2927
1900
5654
6677
304
8057
3535
6042
8559
5818
4070
7857
5356
8327
9452
1203
1274
9902
3176
2872
8687
5267
1115
4533
4143
6287
7905
4543
4072
6358
8077
6925
5365
9026
1025
962
3417
7469
6977
6728
931
7675
8780
2830
4663
683
9830
5817
7445
4694
5303
9485
8767
980
8743
271
7471
8404
4805
1936
2108
4306
4487
6332
667
679
9987
228
5168
7348
7122
4781
6465
2201
832
130
7840
6981
739
7262
5708
9224
8771
9836
5338
8797
3240
7082
884
541
8321
2278
7226
439
7546
3142
8449
4357
855
6458
8457
1422
1540
9834
5221
2492
9389
8398
9519
7844
7654
3566
7069
9547
5557
6655
7411
2069
7161
4619
6704
5487
4300
5798
4378
8333
2386
4031
9764
4780
1425
9165
3126
8125
5621
6293
5389
5615
7585
5115
5542
1036
8236
1858
76
2397
4367
7485
6803
9419
7376
5841
5948
8384
142
9221
1084
1939
2950
9081
7105
9233
2433
7016
7711
7933
9300
9604
6683
7978
4982
6582
878
131
2712
3314
6173
1562
5722
8027
8081
9147
7209
1066
935
3316
2592
2335
4645
4136
764
5573
2745
8705
4097
1810
6448
248
9664
1756
1110
4545
6009
675
5104
574
4110
4928
3250
4786
9578
9516
78
7785
2606
5205
9373
4689
7663
3550
8395
3910
441
6654
828
1751
3724
7181
3218
1543
8100
9713
6296
2617
5403
3819
1118
6347
9319
4820
3864
2930
6551
8172
2780
2370
5050
258
429
5563
7928
4907
4804
7409
216
2211
7804
9142
6712
1213
3515
6139
47
5005
5529
9227
726
259
2871
8662
8345
9515
7106
825
3683
8387
3541
3344
8547
8607
3389
6222
4560
4621
7495
1901
5373
5491
1604
3292
7377
4710
7163
2138
1109
6166
2376
5140
2759
65
7718
8045
2160
3880
9943
3144
5497
5492
6676
6930
1105
3293
9914
8866
9883
1864
3320
956
5313
3604
6695
565
3156
8770
9489
2573
4135
7049
2121
1416
389
5290
606
6455
1111
610
3963
358
6633
4167
6827
1344
4950
3397
257
3360
1726
6508
2374
4153
4848
5371
9392
8074
2275
5924
5774
6661
6923
6621
2683
7427
4195
3770
729
3891
4866
1812
6864
4130
1324
1397
317
615
3100
5838
8473
1266
9337
517
3887
9861
1617
8312
6781
7583
8862
4060
7329
5751
9461
8709
6860
3862
7296
8938
223
5078
6885
57
1986
2424
7369
7533
2067
850
5748
3548
2828
5737
7808
4859
4547
6084
3021
6800
8543
5833
1452
1632
6846
5865
564
2191
8309
7191
9798
940
5413
2843
189
1340
7969
9303
6528
4445
7137
1396
9010
3429
6244
9225
4077
5097
6643
5027
3737
1934
7210
6178
54
1496
836
9937
4611
5843
9584
3173
5030
9382
2129
3681
1228
1916
6535
1459
537
7608
4405
7761
3260
9819
1587
971
8008
6336
5662
6515
4045
332
174
861
4354
3334
4133
3746
9517
5443
8896
1737
3836
4854
4775
5143
4498
2425
6190
5219
7000
3742
9036
7203
459
2053
1660
9758
7104
6427
7492
1112
8798
3925
693
9123
4886
9540
9839
4568
9252
7518
8958
4302
5445
1630
1345
9986
1337
5819
2897
2515
4095
7573
5693
7774
3849
2594
6094
2279
4494
5134
4225
12
5058
4615
964
8369
8677
4
5541
1767
2568
7985
3224
5021
9077
1884
975
5324
6059
6916
2889
308
6565
154
4299
1204
1019
56
8949
5937
8695
250
5423
9466
3588
4288
3301
2158
6317
9816
1609
2092
8087
1135
406
8363
420
3556
8221
5255
4112
7179
7825
6392
1482
2957
5333
6865
4818
3574
8382
5941
8994
74
8083
2415
7237
3970
5188
3469
8734
4542
7205
6852
8438
5980
311
9324
9992
9490
4352
1663
6352
6950
5916
9961
9486
792
7157
9590
4355
4521
8927
350
4317
7646
3209
4849
2966
4704
4548
3917
8962
3890
4486
3586
6160
5159
2521
7207
1335
2229
1175
1568
2455
7910
2362
1023
128
6898
7611
6939
9772
2361
2703
8655
3075
3585
5383
3127
9296
3435
2886
4763
3453
2060
298
2722
8731
9984
3878
5010
9926
5780
7070
6080
9270
7190
5474
1177
770
8271
5253
2244
1825
9282
6097
1912
5186
3428
2089
6200
5424
1706
8494
4268
1977
8059
3755
9170
3627
2893
5658
7201
6039
3518
5415
7256
1616
7145
3187
3042
2866
7332
5706
7103
9109
9473
5605
7477
4123
5575
1795
8442
9499
538
5000
5630
579
7592
9832
105
7117
9230
9069
5357
369
6973
8293
9973
2836
2112
4499
1243
9563
4668
7261
4021
3594
8291
9658
4491
9823
890
6111
2591
2542
5392
8169
6101
4247
5846
1665
9049
6706
5799
2488
9761
921
3281
2052
6919
6214
9149
2561
9605
2072
1634
345
3026
7015
3730
4180
9869
5411
1388
9922
9013
4756
3070
6841
8578
1940
8229
1991
4784
3835
8906
2642
9602
7942
8413
4437
5216
3641
8281
8331
1417
1759
6369
2494
1201
3231
4389
9669
1043
7631
5827
5279
423
8420
3061
8265
3178
43
3587
3103
1586
1005
3219
6284
2702
8640
2188
5178
1227
4858
2847
9668
344
5110
6401
5561
353
6030
1137
6757
9317
1924
4739
455
5600
5297
7883
9394
6783
8788
7258
3798
7596
4011
4106
5856
4384
68
5531
2179
2688
6645
8580
9997
6867
411
9565
8146
1322
6498
2095
3299
5509
5203
4747
8153
8
8135
4551
2189
634
4879
5146
6855
7415
4049
4310
2016
8756
5237
299
1259
628
8137
1087
4277
7916
1134
3225
2496
8131
5694
8051
4397
8664
4250
2203
6306
6947
7323
5420
1001
8217
4527
2098
6194
5299
1658
5382
3223
9750
3778
5506
9214
3927
1879
1291
9168
7621
7790
7764
8711
5874
1257
6391
6069
9506
9501
2675
3039
8204
860
1686
5236
5801
2679
3748
6963
8576
5811
8570
7151
9075
1678
2536
3549
5892
9691
3371
5
4745
1352
4018
7227
9566
1717
288
8052
4449
5721
7801
9135
9765
4001
9468
236
7717
7803
6134
9179
3395
7130
6804
7643
7379
6595
5477
1300
3002
2337
8061
2467
6685
4815
4624
2512
5987
1847
9160
9356
6567
5131
3352
3236
137
1945
6941
4914
3509
1709
3304
4773
5095
1580
206
4393
4897
4014
7281
3583
2002
7078
9898
7567
6896
8889
2368
6994
1380
8257
1943
2831
9936
662
585
9557
8683
8567
1316
8187
7953
6775
3685
2029
1286
2450
6179
5512
3473
494
9108
1190
9790
2107
9551
643
8947
2413
1866
2028
4531
6552
5363
5056
2130
4374
7246
2411
6764
3589
1545
1165
1405
4731
6092
2669
266
7940
9550
8509
9878
7522
9005
2367
5149
4894
9042
1125
3036
7949
6215
1837
5646
451
1862
3693
4339
509
7545
2088
8070
6073
3267
6616
1682
7934
8777
9223
4489
2562
8138
2690
4124
4159
2824
3531
7429
481
7677
38
6325
6828
3053
1684
2822
2665
8493
7422
7238
5139
1234
6557
2473
9001
5103
2037
1988
9295
3563
876
2991
4698
2351
5989
4714
8260
5278
3984
934
134
5482
5880
6265
1406
6400
279
7850
2218
1524
9067
5626
9702
4259
5998
2430
7920
5736
2756
6910
7612
6174
2435
5179
5730
4728
8480
8091
9153
8530
2475
3761
3411
7020
9599
6922
785
3451
1299
9185
6802
8180
5508
4380
9249
7541
749
6573
9377
8409
2369
5195
5944
2952
6671
5657
6360
9889
6790
8178
761
1797
7129
793
7729
4055
1141
8627
9784
363
871
6421
8584
2299
5650
2582
1951
8727
6772
8908
9875
9809
8448
2173
1985
5597
9613
2417
7735
7538
1468
8447
9792
1479
484
8455
2729
422
4190
6839
1838
8209
261
5762
7498
4065
9991
7172
6666
9724
7697
7769
4216
4736
6199
6491
4412
8064
7252
3989
6571
2192
5006
9911
5467
72
8270
5488
2256
5425
2204
8311
6606
9842
7667
6597
573
4211
1024
572
3365
531
9614
5619
1611
3183
3158
41
9457
8715
8534
4137
712
9736
1197
8033
6087
9663
4964
8015
5741
1371
9210
8465
5400
1998
5616
4518
7395
9050
6425
4921
2354
2292
9477
3577
3085
5791
3046
7899
5346
1902
6957
7156
2818
6343
4855
7139
2062
5071
3180
4333
8159
2081
9016
3573
4771
863
107
6382
8299
1546
1536
8783
5079
8000
7063
1873
7651
6375
1183
9719
4738
5361
4280
8995
1120
8940
6915
2306
1423
6646
7320
3398
6943
9763
7931
9972
8093
3561
2164
7414
9342
9770
9579
5260
5507
866
2733
6581
4242
8044
4176
5903
6503
5514
3949
5902
1097
1273
1038
595
4845
118
434
2891
7086
5040
6639
5395
5759
9235
2035
7384
725
7660
3476
1354
5727
4424
735
4823
8506
7131
8722
4365
3486
7700
5276
7251
8900
8745
1290
5955
1297
3027
3692
1055
8499
9436
3526
8504
4394
6780
9467
7465
9453
4536
3617
6726
7690
2373
32
7051
9952
3033
7357
748
1762
7964
3613
8879
1262
1770
4634
7470
4963
1375
9949
3491
9068
3499
9800
2547
310
4350
4230
981
7536
4744
136
666
3636
6453
2558
9977
3073
6226
124
745
8211
4978
3294
9386
6207
3182
4583
274
2101
1271
2789
9084
9866
110
4165
4115
6908
9687
6878
4651
2696
6234
1253
158
1725
1395
6354
4917
689
6824
3034
8630
8505
8586
8020
9740
2609
3166
9087
8157
9794
1263
4700
3254
3249
612
7474
8873
3232
8697
305
3551
3179
8563
5775
718
3645
4793
6569
4256
2407
9376
8786
1591
4607
9814
5473
3578
4007
425
8592
2309
768
6686
9622
5569
3854
2941
4009
3825
4790
9118
1258
9393
1715
6785
9487
4000
1672
1581
6010
1390
8902
339
7101
5651
7558
771
8739
8390
3909
2070
3502
8290
3780
1516
7355
4670
4800
5254
321
3976
3646
7946
1572
2075
2470
686
1317
8776
5635
3433
1823
7452
7932
1677
889
577
7849
8740
6614
9960
7297
9294
2636
6253
7770
287
409
6895
6060
9035
3193
5592
4063
7462
7031
5055
2487
747
1171
1114
4787
8988
7380
2506
5699
6756
4468
5061
5923
994
6570
9065
8991
6843
4817
6126
4118
1061
4444
1372
5119
5233
9219
2378
1180
5345
27
1453
7214
6533
4683
4631
3093
8376
3517
5455
2625
3756
7339
8595
1836
2768
5393
6611
592
9416
1990
6776
9793
3612
2813
3614
9112
9128
323
4965
1100
1997
9434
6499
8819
629
171
4152
8165
7640
6631
4292
536
5922
7239
9054
5810
1776
5147
8300
4169
7738
6283
6779
2707
2422
6301
4716
2395
8037
5379
6851
5511
6093
7911
4465
242
9429
8203
2223
9191
974
2769
7066
2571
96
7373
2198
1962
3303
4391
8969
4177
1701
8597
5136
9090
7948
4794
893
2883
5399
549
5965
3323
4674
7530
3972
6975
6501
1166
9577
7535
232
5970
6204
4925
6403
2918
8375
5859
3929
9361
2954
553
3659
9854
1595
4023
5355
8188
560
8556
4959
4974
6438
3210
2719
2419
4725
1675
5960
669
9607
239
3861
5885
6090
4606
1508
4797
13
8262
583
5335
9738
6488
2300
9247
446
6051
2355
4253
819
7981
8560
5241
1738
2549
492
8443
4071
3959
3593
8277
84
9326
9900
5414
7810
6047
8953
4544
6292
3500
9387
4010
6127
3401
328
4493
9833
3700
9148
3682
691
4539
8103
8251
8951
6862
3062
4406
7547
4131
2706
490
7400
6385
5608
3018
3331
3510
8524
6594
5347
7984
8929
1455
4671
1404
9925
5996
5997
3205
938
4908
4155
208
9670
2010
5822
6256
1339
9879
9370
372
7898
4080
1182
7308
221
1415
2159
2730
1069
8528
4372
4587
1244
7679
4025
4360
9156
2030
8476
7820
569
7579
3157
6887
7292
8268
4181
169
4622
8134
9046
653
6689
2187
8923
9993
3362
2096
7626
5540
7524
8050
1464
5274
2806
7100
1820
8460
5995
6873
463
5556
2427
8869
6602
6539
1083
7967
175
122
6917
6019
94
5525
9302
59
3446
6224
9388
6197
8806
2541
149
7480
2684
4556
5639
8954
7878
3986
4228
9008
8657
4273
7527
2221
7917
8147
6478
4497
8516
5692
2740
9106
995
730
4666
1463
4166
1842
713
4235
2672
9250
7695
8527
4376
9892
2261
272
7279
5826
4463
3419
4570
1885
1538
1730
4688
5579
1899
7080
3054
9727
1307
5112
3642
9860
5214
3159
7115
4279
8998
5076
6760
3350
2036
2919
7714
4661
8764
2124
9710
5734
1074
5628
8649
9241
1313
3137
8707
862
6170
8488
4246
7220
6805
775
864
6407
9072
3266
9657
2535
9320
7358
7225
2657
4734
388
1689
3879
3974
1096
8824
8073
558
5099
2281
8114
6932
1533
81
1006
1789
9095
1732
1108
9675
1128
6924
8746
7997
7505
2165
9349
6323
2314
5939
1441
9460
4727
209
3472
3567
9537
5622
3099
2236
8422
4598
5082
2330
3532
4810
6857
3679
3844
9203
7623
2557
2320
3162
9140
1944
8692
3635
3032
4648
9531
7195
1968
7715
7162
8276
5537
396
4094
6278
9829
2685
7052
6026
4296
2288
5374
9267
3354
495
4662
2899
6055
8827
9177
5256
7173
5008
9182
6884
5979
7922
6791
4883
4232
5031
2239
8279
3749
8934
2105
4208
3597
8389
9709
1927
8026
9543
3533
5925
9441
9572
3787
5034
4526
2762
9034
4501
3722
6667
8795
1325
7293
6511
2183
1409
222
1867
9031
5294
4792
9735
4129
2908
6041
7696
551
2090
282
3560
5905
3383
7019
4254
141
3160
4381
458
710
2840
1050
5417
6540
359
5957
7742
1080
7486
9930
3445
1219
7215
3406
8766
6669
2906
6696
609
1881
140
3932
2481
5465
1044
9536
8583
2084
7183
6044
1948
6355
7672
9064
3807
2563
1209
776
5503
3649
8381
6243
9552
64
309
6620
8439
2982
6202
4906
1547
3251
8970
7399
6600
5638
7710
9639
2437
483
8538
7852
7996
9503
3675
1031
7314
7108
1854
6561
1124
1877
9456
4644
5764
1391
3253
937
4995
3804
7914
8973
5821
2184
8179
8126
7584
1146
9947
654
8892
3305
5083
4050
754
6723
7658
897
1984
4825
6688
7098
7005
7791
5988
3261
9401
8741
709
6275
7022
477
4415
3317
7578
4766
6954
3928
1552
412
8166
704
6263
6590
6159
7936
3511
6835
4309
7783
421
3494
1633
9215
8385
4024
3833
2023
2451
5717
2505
2611
2076
2399
8094
9864
5409
5715
5612
6123
8407
5475
7666
7523
3229
276
4012
2375
1911
7325
5978
4875
8173
7947
6429
362
7416
2206
8967
1091
6456
4546
6675
4289
3937
8591
4269
3372
3955
527
2336
8888
3422
1699
5839
7830
3817
1646
9988
6119
4464
9822
4303
3011
6031
6882
1563
6018
9428
4555
7555
4575
3507
2875
5853
419
4108
5170
49
8402
3805
1871
758
7300
3177
8394
7326
9706
657
5519
7855
9372
3167
7694
7418
1553
9086
9264
5142
1830
9716
6769
5582
9368
2846
6470
7628
8322
2681
7652
7693
1474
5063
9180
8779
9756
2250
3385
1666
6321
3581
757
4340
7864
8924
120
9484
7921
3241
2329
7079
8629
3695
2048
2544
3330
112
5124
7032
165
933
4194
1528
1288
9048
6644
1963
4838
7630
1613
2134
6880
8907
153
4822
2118
7664
8316
6236
1850
249
7274
2932
6901
3811
2539
7620
7242
1888
6144
4938
5652
7894
99
548
7303
2472
7838
4113
3640
3133
4692
7481
8176
8223
8334
7212
7657
3547
2528
2434
9310
3290
2971
6280
5685
9652
8838
3920
5182
9331
2252
8121
2207
976
8096
6969
6251
5678
6083
5270
6193
9498
157
2911
4252
5154
5709
4248
9119
4008
6718
2912
8987
1356
6700
1363
3190
187
1643
4768
7733
4363
5571
6081
5591
5949
9350
7096
4058
4885
632
7217
896
8036
6729
932
7642
2903
8585
2113
2055
1000
1419
4899
2550
8408
8550
9216
4134
8773
5177
9701
6527
778
6108
5962
1592
8608
1442
9220
1747
2838
8155
5327
4237
4830
7872
3059
2454
1090
9309
6575
6140
9234
2704
4984
7283
5532
542
1781
9699
8850
2985
513
7571
383
8660
3753
1007
3903
8810
6854
7044
6067
1241
9107
8423
2260
4107
3207
139
6653
4460
4935
4224
4867
8323
6000
9011
732
1727
3228
2655
9040
9292
98
438
3971
5835
8481
4475
4454
6660
4410
1750
2418
3956
5876
5016
5604
8820
4752
210
687
1996
1252
6203
4806
5896
8412
58
1327
7893
6393
7443
5401
6086
2916
7267
9079
6406
2630
2272
2799
9344
8680
4696
2338
7562
1839
8164
9465
7006
6221
5771
9521
3031
9553
9066
5057
6147
340
7219
5246
9083
6953
8623
9542
2924
1718
5770
3800
3781
8317
2240
1724
5769
3559
5002
2787
3471
7233
5439
4987
2270
1763
9799
2800
3192
5049
3964
5248
5283
5377
97
6233
9529
5084
6189
3813
6811
2039
9995
2574
5461
1245
5510
2396
8666
6169
5180
4944
3426
2590
1796
5092
2810
2296
4212
8751
3068
3618
1651
8055
7280
3296
1620
2087
5935
6642
91
3752
3931
7892
3562
2514
7240
8515
2005
8432
7200
8490
6774
2989
5625
6641
2453
9855
7807
1697
2033
73
895
7331
9828
7391
5967
4319
1704
6324
4220
856
7576
4138
1497
7705
8149
3851
714
7746
9844
9524
7053
7184
4429
7831
7111
2607
9843
7826
7659
6228
4680
9263
8237
8551
132
1775
2247
1034
1458
3858
4953
3919
8417
3592
4702
62
1032
4433
3086
6836
8624
3275
1229
5720
4811
6982
5402
52
8672
797
207
6636
6490
1360
1434
335
2480
3872
20
9019
5668
7795
1008
5904
9442
2478
4040
5009
7627
6121
1431
886
633
2772
9606
7497
337
2280
9171
9659
2615
6526
7682
1942
5284
5547
7560
5828
6219
3333
9244
1490
1937
3948
6786
5680
4791
2440
9102
1965
5713
806
869
2404
4559
8095
3359
8536
9695
7318
9420
9999
5460
8239
3758
9583
7543
8252
1429
4713
6668
7976
8497
7316
2708
4981
8301
8974
2106
1517
1302
4585
4706
9173
9186
2066
2202
2835
4566
1279
4271
5674
3584
5849
185
7509
2715
815
3399
7955
342
1320
8555
3538
7835
5419
3772
3153
9021
6945
2412
7930
4865
1922
6999
7284
636
2154
3792
9720
6072
1667
9548
4612
6550
9929
9301
3470
3013
9978
8876
3731
394
6946
8685
9726
2855
5623
1860
5522
4909
2540
9198
988
2208
7859
8675
1989
2174
3582
181
1841
5553
1817
4474
9665
5549
7706
9197
4218
2793
8195
2349
4507
8444
9919
5366
3276
8612
7433
384
6848
4869
5860
4174
9690
5397
5404
1801
3652
7756
5882
4151
5576
7499
7992
2529
4508
2660
9509
7748
9611
4719
2635
2357
9916
9480
2380
9653
8185
1062
6556
5183
5745
1332
6371
911
1353
8575
2094
5364
1136
9982
7647
9041
9195
8701
8605
9996
7987
9962
2850
7566
8659
9496
3353
225
8269
7600
5023
6820
4829
4506
6137
1703
3242
3611
1424
646
611
4458
9935
3863
7847
3738
4207
2491
813
2438
9928
3498
377
8855
2663
3794
7517
3496
9143
4469
826
6891
9870
7913
2587
2000
8760
9807
8726
1917
3797
2483
2645
8182
497
6037
7194
5581
3653
3822
4401
9188
2597
8175
2469
2020
474
6217
3246
3555
3084
2011
2898
7906
1292
101
1683
6138
1961
9608
1149
252
1414
9617
6523
9181
3715
3615
2543
5870
5527
6505
6113
5155
4638
5555
875
9969
8475
8383
5302
9796
1071
5521
8208
3666
8101
296
5844
7319
1035
717
5261
4403
9209
8215
6650
8799
3201
4004
436
5305
6365
7075
5793
8532
9630
6184
3521
2593
4758
4600
6807
9257
3542
9705
8242
3248
711
6118
4417
3163
9649
8469
9351
8800
7449
3366
500
4327
8001
901
7841
4457
8936
7381
7059
9414
5516
6587
3907
9096
418
7513
4957
1430
9717
7792
8639
5863
1251
1555
6399
7609
6155
586
1173
4627
4782
8878
4690
9533
2468
7174
6568
9029
486
9130
7446
4013
4241
6576
5209
7719
8332
4266
4042
9810
3895
4182
5469
8616
4512
2325
3873
4435
4219
8330
4625
8054
230
6104
6327
4325
1202
7356
6832
3003
723
1117
1330
5830
7879
8769
8305
6907
9402
2269
1230
8910
8676
3418
4550
4977
6212
562
6609
1522
8895
2979
9510
1955
8437
1103
5332
4946
4816
3271
2166
9848
7216
6150
5381
195
2014
9893
6870
8256
1079
1560
7050
3777
5430
873
4240
9183
6054
7925
3488
3134
8140
7644
1668
4853
1328
3877
147
919
1379
5486
3628
203
3052
7007
8315
5065
8852
3403
3823
7724
773
6586
8152
6089
2125
658
2257
7282
5111
4930
1075
4762
4416
8085
71
8893
2955
7740
9448
6012
6687
8484
4801
3739
8263
5215
9582
1840
4054
6815
8839
318
1621
7045
5003
2878
90
7862
647
9279
5655
7127
6741
1573
2043
3116
3680
3848
515
5434
3345
7493
8370
8881
973
845
6242
1467
6942
589
3322
6577
3117
8594
9980
6537
3430
7730
2621
3830
1979
7828
751
1600
6961
1159
267
7021
8588
4147
1905
1129
563
5953
5816
5094
3447
4201
6648
3245
6177
5688
5189
5959
4185
8790
3119
616
7038
6531
3607
7454
7551
7896
708
7632
4701
8225
1281
5611
9526
3678
4480
4646
8768
7500
8461
4973
9463
4864
8721
5520
3913
1754
4312
7503
6368
7253
4414
7010
8566
3766
4318
7423
9560
7773
3427
8671
2923
651
4320
1861
7060
93
30
796
9163
1557
2900
4028
9528
2363
1238
3952
3985
8997
9974
926
4003
4687
3508
5723
8832
1849
1400
3164
1531
6279
7222
5550
6727
6013
2287
2212
1958
6034
4654
5725
5629
6029
2860
7178
3579
3762
8775
660
6452
3338
1890
9438
5701
7148
5746
7815
8828
4341
5927
3841
9573
1503
8581
7986
6868
8961
3534
8628
8426
7193
1970
1249
1601
6632
234
2057
4843
8882
8405
6921
8748
2868
5367
7453
4552
1702
6934
4425
3699
5231
5388
600
779
8329
8174
4814
1705
8723
42
4772
6363
1113
4149
3181
2310
8338
9059
5524
9950
8846
6120
4278
2567
464
4647
1471
4343
9575
7309
8500
1514
9845
2984
3370
782
7346
4146
5992
6986
9623
8503
7276
9418
9482
8877
965
1460
4039
1534
8031
1791
8808
985
3930
8282
6693
6291
5306
4549
2817
644
1413
6112
8537
3387
5238
5447
4616
1913
4170
9410
7833
5891
2633
6331
8931
9656
1121
9773
4948
2865
8874
1530
2303
7865
1196
3840
4145
641
7595
7752
2446
7636
5369
5225
755
7083
367
9910
426
7299
8352
9923
6312
5495
7363
3454
1157
9288
2400
2383
6441
5749
5500
7713
5059
8206
5194
3803
1199
8762
9518
10
2474
9339
1794
7313
5656
4537
8388
9593
4707
9882
5981
8485
7271
4603
800
9934
6077
235
6162
8898
2142
1365
9032
525
624
2317
2141
1627
219
8212
9976
8841
1106
649
6175
1834
6006
3288
2110
3141
4573
2199
1845
9125
8511
4657
6473
9788
265
6247
1394
8227
6303
227
46
7563
2770
2479
283
2680
7439
2123
3637
5451
8232
7204
183
2739
9609
5760
9801
5832
7520
5025
8359
2175
618
5969
2359
8007
8468
9908
8860
4729
7799
6295
4905
7035
3400
8872
7232
5085
5985
9052
4949
6211
9587
4538
4430
1589
7834
4629
7927
9931
6813
9780
8840
1930
8984
1056
4456
6022
6829
4996
4842
2420
3870
3024
7569
9737
3806
7425
1506
6338
9338
6673
351
3030
2804
4476
4472
3170
6471
9450
6475
6381
3900
5768
1607
7298
7002
1760
5120
4154
3139
5836
1809
473
4565
4878
8072
6801
9946
3945
7455
150
6158
2724
9266
2849
3965
872
1053
5223
7085
8868
5545
5824
3837
4639
571
2003
9541
1021
2987
3055
1606
5156
8999
4258
4660
2135
1072
4361
4695
8507
7610
1338
2695
4379
7234
1321
8853
2298
3786
8546
3351
8259
1548
786
6928
5494
7960
4609
7457
9983
8980
5331
2452
4338
830
5566
9804
4304
4183
1599
7903
2999
997
1821
1208
5113
4332
5539
8518
2295
982
2578
11
182
6225
7295
2251
8014
3954
9284
343
3505
2814
3789
5093
2009
3734
7603
2431
467
7273
2652
3846
9707
807
9364
3088
8813
2531
3016
9689
6387
9904
6859
2788
5990
2673
9546
9676
2815
3056
5562
5285
596
1695
4387
910
4234
8815
5618
8347
6163
3022
8996
5318
4399
3943
2442
9651
1179
5753
3497
1374
5029
1848
4377
1088
6735
1289
593
3069
3961
6266
430
3564
7366
5107
4919
7089
4887
534
7375
1908
9813
6761
4520
8930
7113
3005
8569
6122
3601
6032
2045
6129
5647
9865
8362
9152
9867
2237
7688
1184
479
8440
7068
3264
5971
7387
3020
44
6413
9403
799
7315
6507
3657
3312
6879
9903
8016
6463
1364
3337
5281
767
9963
1233
9082
4604
7061
8891
5043
8127
9363
3750
2752
8429
9211
2583
9838
8349
9874
5202
6046
7506
3605
3868
809
8150
5684
6506
2220
8791
499
7230
3113
188
9779
8342
1512
7736
7009
5873
8557
4989
5004
5440
4428
1250
2809
8320
1673
605
1891
6489
2360
8088
9305
9074
1150
9905
6346
6664
7581
1505
6273
4590
8193
9009
674
7468
361
582
1894
2258
7047
5946
6886
45
1411
8319
2289
7655
9642
2264
680
7249
622
6188
4067
1473
7027
2145
5975
1033
4896
8414
7041
1014
3899
2962
5252
9754
3697
5334
3568
9238
4132
5897
1123
3764
4390
7586
5457
6467
3969
2441
3717
915
5484
8522
8406
1978
6172
2667
5862
6798
8647
1535
966
4819
9909
5921
3339
7250
6466
15
7507
7056
977
2589
6665
3029
2864
1167
8653
818
9862
5167
2964
4697
8275
8686
2341
3619
3145
7417
8903
8017
7042
8171
9700
7269
621
1469
6858
2895
1205
7895
8076
3001
9357
1280
2328
1926
5312
5218
4741
3208
972
4482
2358
731
8708
7544
1647
746
5805
1048
4847
4904
8733
7692
241
1752
253
9274
842
9327
7854
8198
2080
946
2811
5129
8078
9661
5613
3356
7954
9051
2040
4635
7490
7822
2304
3902
1435
2377
6607
333
1462
7633
696
5378
8562
1758
1920
9146
5738
478
1176
3186
9890
9265
9803
3940
6476
7550
6521
1187
5779
2785
8992
9427
978
476
4749
6725
6450
4046
1529
2649
7891
3460
1976
3655
5207
7245
2694
5454
281
70
9876
5963
5698
1852
5866
8982
3869
7708
614
885
8619
442
7327
3149
8090
1576
3911
6944
3545
8975
902
991
5578
3980
7760
1350
8642
4285
17
5026
1925
6231
2904
3743
3155
8139
9891
7897
5976
9520
3634
3437
9718
3482
2163
6525
4477
4206
9184
2958
3444
5265
5169
148
2996
1882
3120
955
783
7540
6328
3074
519
5033
2771
2747
9024
8280
306
8620
3616
9362
7727
2612
3884
8430
3358
3041
1687
1954
4862
2876
5739
7525
2059
3744
3129
2735
5164
7438
7496
9859
8593
9030
9053
6070
7341
172
8470
2778
7072
2242
4504
604
7099
5421
3544
9812
9151
3379
1843
2332
6837
5489
7709
2385
19
9383
7929
9430
5564
7185
6311
4715
1623
4084
7516
7823
197
4481
5315
6649
5311
3452
5185
29
7965
2580
6613
7310
2327
4461
8526
7154
9298
1685
7887
9141
9222
1269
789
1786
8451
5633
125
8053
8285
201
1544
3051
6208
6534
7542
2862
144
5122
5405
7352
7302
466
1777
3609
7848
3274
9872
2637
2245
9318
8004
7208
5823
7634
3673
4358
4385
9632
2947
676
4553
2018
7943
2274
6834
3647
7716
211
3831
555
5191
5660
3745
8964
5900
7272
7549
3000
4074
7074
8693
3442
4203
5893
5609
4901
6057
7512
1095
7971
86
3610
5644
6762
7270
2692
9131
6949
341
1614
4163
4597
5744
6168
9421
9094
7744
2605
5919
6492
6250
697
164
39
3501
133
4419
9307
9426
4664
360
8351
2225
4665
1707
3600
7880
1138
2646
6435
4215
2527
7277
702
6366
9945
8759
2556
1168
8035
3439
5610
2857
9044
357
2560
8463
7720
6064
6106
8117
4426
4971
2148
2564
2887
1224
7557
7817
6849
7593
6759
7304
3725
2723
7510
6185
846
1637
3410
1952
2326
5422
5934
2393
8462
5014
9492
3824
6705
760
7484
9500
2286
9873
670
1716
8283
8956
7995
7406
3009
5567
3203
8651
9200
465
5968
3111
9752
6434
6329
4324
5977
8060
6599
6117
7334
1919
7403
4431
3459
8168
6958
9918
5686
8761
7354
9063
3146
79
2656
3148
4519
8046
2426
7018
6248
4503
2829
7077
8486
8082
8561
6053
5045
8367
6285
4262
400
7519
9240
5047
1402
7768
4960
218
9939
9159
514
8939
5906
9113
3094
8837
8682
3767
1094
8069
1833
2
3194
3667
5007
1193
1772
7863
6085
2992
1037
5951
391
6405
9688
5702
5587
6035
6562
1144
4993
790
8335
5032
5504
2945
7606
1355
2585
4722
1211
4783
7529
233
6459
2305
8713
8386
6462
9137
6612
9343
4307
126
5359
8354
135
7004
6532
1982
7159
3809
3876
8122
3318
7146
496
5396
8978
9328
7870
8022
3947
2659
3060
6110
5412
346
3791
1161
7301
5728
4839
1969
3336
1808
1983
437
2581
7360
6806
3035
1799
7488
1333
2168
656
968
2926
8393
2342
1549
3710
8415
9666
5053
4962
8089
9530
7483
7788
719
2575
9385
8357
4514
3474
1722
9677
5089
2972
9633
100
9957
3793
4976
8851
9261
6417
5429
1618
9365
4591
6367
6494
8310
9564
7961
2243
523
8700
6102
3771
603
2388
7434
2429
7665
7158
4980
6624
3327
7128
5642
5481
4951
6198
5226
5210
5825
6379
6519
3795
1232
6809
7745
4669
6656
1456
7639
3524
3727
2848
1893
7359
7396
3812
6288
5731
7846
2595
5476
5375
269
9018
8368
3200
4641
6359
1561
6274
5385
7889
6866
4037
6115
4795
315
2726
3765
4127
2925
7702
5017
498
3265
26
7580
9559
2343
3328
4249
7247
9155
3083
7288
5986
8416
834
1811
3064
7039
1880
2176
3788
8358
2867
4584
4656
1844
5845
1648
7167
9680
6833
7322
7188
1693
3434
6149
9352
2006
8635
637
226
7008
3045
3412
9725
3591
3503
6831
243
3721
4205
6640
9696
1343
5037
6821
2767
6736
3374
4156
414
4760
590
9841
5220
2755
7809
1995
5797
7645
9314
273
6935
5672
8871
8410
1975
4753
2139
967
5855
5258
9938
1022
907
7123
8572
9243
2381
4375
6187
9562
7851
6482
214
9534
2290
4081
1059
138
6157
4637
1377
3420
4245
7977
2584
1708
4214
5471
9290
5242
2513
1766
1070
8702
4117
3268
6995
4160
692
1671
8110
50
4868
996
3080
8944
4260
8343
3883
9574
85
129
231
9818
4884
9956
9757
9204
650
6152
7699
3713
3347
6543
6749
9336
6004
9981
3908
9458
1046
4188
2382
5064
4564
6799
3258
1551
5436
970
5788
1569
8107
2935
8071
3703
6016
2833
8214
5700
5765
3492
3140
3124
6021
744
5206
6213
1956
3380
4090
7624
8867
8897
9781
6472
4168
7107
4691
7674
6626
9325
2698
7487
3966
9888
2153
2132
7464
5756
4601
3687
1650
1389
9396
8219
3388
5966
1361
3512
290
9915
3295
9080
7638
9014
6680
8983
9144
5080
6485
2136
511
5917
7401
9708
5410
9968
5091
7991
7577
5918
5240
3196
2051
6717
2993
6733
8427
8977
3280
947
4924
8942
7343
3220
1846
3978
2973
433
4336
5596
8633
2858
5105
8823
8514
9495
6522
8202
2307
2456
5320
9028
2629
2920
1892
4186
6436
1593
5039
9258
2686
4157
6380
9091
4386
7758
6259
3302
3926
2731
3754
7025
468
9654
2226
3089
3138
5275
5150
4086
9475
3025
229
8130
7473
8646
8019
2620
9958
2502
7317
1590
3546
334
874
6433
1428
6461
4532
6657
5348
6881
204
6610
3310
8128
7466
505
5551
9965
6348
5812
5712
6103
1143
9003
7017
1314
2131
9917
3386
5426
8099
8284
7
9033
8445
9367
7956
4349
2951
7629
4122
6017
5101
3520
1378
8803
8231
8194
7367
1272
347
9791
2408
2410
4659
8226
581
7556
4588
2344
7378
1277
9618
2915
1283
1824
9826
5301
6302
7289
784
7793
6663
3661
8106
7589
37
6339
2634
3028
6788
2699
7382
1594
9237
1664
953
6229
908
3477
8192
7265
4484
2516
1119
6241
4359
1655
6563
7832
7437
7613
5682
4920
1126
6227
1439
2127
1518
6074
116
7097
9196
4189
8778
4075
1814
3308
3348
7202
3816
9948
4837
6911
3528
8712
4708
382
5229
2753
7057
6583
1520
2711
8571
5879
5895
6630
9595
8112
3012
285
1191
1832
6066
8533
3886
8456
6404
5291
627
3172
300
1783
5277
6893
1418
8738
3390
8458
8968
6918
8156
4295
7938
4490
5243
3818
6933
3537
5024
1217
9439
998
3774
9287
9132
3414
4717
1999
8899
8181
3729
9568
1210
2671
4227
599
3990
4630
5559
655
9093
7559
3669
6691
741
5617
9271
1494
303
8040
152
5330
1493
5319
4530
2744
4677
5653
9375
5035
5837
3235
8925
9098
2820
9308
5038
9494
5208
7426
3958
2546
5954
1578
8716
3484
2518
5530
5754
6330
246
854
8365
4029
3213
6394
8492
355
2311
7565
3063
2186
7829
3905
9749
2459
8587
6098
1582
8652
6892
5204
247
720
8313
993
4985
7970
1790
3595
1214
5141
4798
6107
3658
7458
1960
8784
4515
9648
9682
5861
1931
6015
1309
275
9207
4586
6230
1045
1511
9481
5012
5606
5479
7689
9229
