7190
6158
715
7179
5408
5888
4246
1686
9511
376
5539
6818
3782
3686
9594
9547
2334
5337
6883
9206
536
6620
2023
2407
8734
4970
825
7643
4661
3010
8532
3262
5928
6230
5596
9942
7007
5482
4806
4418
6181
1180
7758
1955
3030
7808
3850
225
6432
7134
9681
7939
5685
5701
9621
8619
1808
783
7319
5923
4355
9358
8593
6264
1426
8706
562
3606
5462
6963
1338
6217
800
6334
139
7178
3876
4379
8181
286
74
3870
9231
6223
5026
1390
6178
7320
2798
9473
5898
854
9696
4527
2834
2394
1206
8527
1859
8540
6941
4473
9394
3472
4323
4999
2528
5334
1174
1789
4864
6528
3509
872
5443
4457
567
1312
8513
3155
7081
2907
4121
5267
4422
591
8451
4282
8276
1408
947
9590
6291
350
7921
6112
9496
9926
9930
860
8682
8092
5796
7648
9065
8098
5117
2685
6991
3138
1449
4525
8972
9085
9427
9061
9312
4446
7290
3320
1767
6569
7182
627
4349
3436
7443
850
2159
4168
3716
2115
8936
5312
4971
5468
9155
4927
5537
3196
1249
7113
2893
660
9354
5540
3317
658
7596
1091
3852
6312
3032
7315
8676
9041
76
9455
9994
584
939
4818
9037
6843
2729
979
6143
5387
1010
5444
6274
8447
9849
3559
4824
9632
2024
9887
1217
1522
1825
7214
9185
2243
6299
3801
8855
5051
7466
8307
6706
5352
6110
5904
2083
9457
8731
5414
7945
7100
2891
4331
3636
5668
6510
9689
1626
3612
2563
4572
8776
2998
3242
5980
6589
7469
2780
488
4739
901
6293
5689
9449
7585
1620
7103
8865
2042
6152
5793
7341
8373
1937
908
3167
1852
7388
9983
8742
3482
9322
1420
9055
5223
2295
3719
6056
6621
2828
3791
1160
6014
9283
7517
114
3854
6164
8599
5194
6660
7823
4040
9469
5084
6755
1305
7496
8191
772
11
7536
8993
8871
3709
756
2717
1588
5416
5496
724
6300
9823
5896
2568
2058
9323
7450
1545
8279
6698
214
7737
9839
9786
8406
4399
9047
3900
6138
7229
6934
4698
3334
5019
5613
1135
6096
1938
3985
1555
3350
5426
3478
2347
5372
1413
9340
940
4735
6384
3541
9351
445
7582
5361
1787
1355
5674
6057
5321
6821
5097
5581
9568
7663
2106
7700
8740
8454
3338
9637
9012
2539
6303
7301
3065
6166
3090
2822
8295
2012
1526
7765
2645
5984
2440
1958
3724
1651
2739
393
293
7715
3298
3672
558
9697
2838
4548
7598
3774
3193
6462
7557
7997
1385
2665
7302
4062
3502
8195
1961
972
6885
3600
8737
9151
175
205
8608
15
1186
261
8656
1421
5781
6200
9260
8066
9577
1183
6771
78
2134
2431
5990
64
6745
253
5067
8163
9271
9833
5145
7791
2602
3992
3522
6440
7660
9690
2195
6662
8711
2943
5021
7588
2194
6169
5138
1319
3902
9693
6346
5191
7086
6216
5755
4025
4504
6872
618
6932
3696
6035
8444
3140
9161
1790
7680
7744
6414
932
1438
5363
5942
4870
1096
7196
8347
7181
4876
495
8270
7291
391
4365
7763
130
95
9715
5247
4941
6637
8889
7203
9641
1793
5473
2465
7465
1826
3039
7666
3455
2397
8518
3255
5121
1582
4295
2844
5253
3057
4163
3875
8830
5830
2414
7912
17
2887
5804
8010
1148
5969
7974
2951
646
3836
3537
4956
5756
5011
3979
8284
4955
8316
9997
585
5782
1580
1211
3494
6566
8612
3989
7242
7493
3224
9776
1670
1000
7419
1398
6506
712
2189
9639
3323
443
2883
1506
5815
6408
4729
9027
9902
8301
9610
7293
2273
2149
1397
1563
7321
5004
7836
186
9263
7735
2286
67
8096
5812
5195
9097
7009
8068
6497
8112
6995
4192
2421
6799
3154
5183
6265
6854
6197
4534
4382
4717
1845
7524
7646
5681
6920
2553
9317
5446
1786
369
9999
5455
9315
4155
7759
2500
5127
5029
5634
6643
8366
1874
1725
5389
7533
1362
4358
3486
4320
523
4090
8242
6285
49
3761
1871
3914
3893
3421
3535
8872
6958
3980
8297
2156
3909
3943
3582
5933
2600
6208
6030
5463
8038
1916
9744
8417
5699
2790
7250
8435
2817
3753
8348
4147
5941
5731
3418
1572
9132
4663
39
4987
1092
8793
6253
763
3562
9388
1447
5287
5174
5307
2489
2564
4185
2061
648
5137
9949
124
7847
6488
2076
2927
6507
6509
2312
7539
463
5340
566
1551
1650
6263
3451
1103
2707
3918
5396
9981
6994
8971
2485
5630
7421
5820
4935
7936
2559
9402
7691
616
5449
1575
8457
353
1770
1427
9011
2900
4170
4207
4066
6756
1404
1402
4104
8402
3551
1102
3726
1194
248
5071
7435
8725
5385
9619
1696
7859
9417
8843
2505
6194
6347
8302
8641
2618
5979
3261
1803
342
8504
3894
1692
2017
5560
8495
3137
9319
7359
430
4269
8767
6873
6002
3519
689
1055
1467
9819
7446
9651
7327
4482
1680
4229
1114
4780
7938
5771
8045
6276
4255
489
5028
2608
7330
2422
9758
2507
1203
8594
8792
5618
5656
6258
3246
6244
5263
8968
1924
7133
5832
6807
31
3923
2481
6358
5525
4978
10
1538
6430
3399
4810
2773
411
7051
5682
6033
5258
7281
1488
2186
9809
9752
3590
3290
1012
4916
8778
552
3524
6421
8984
2791
7780
6292
2782
3329
5102
4588
7073
4470
1805
8147
7711
8237
4424
4892
541
5281
4542
1175
4847
1634
8227
2954
5754
4996
7118
9584
6913
9901
9578
3811
7879
7189
8673
8535
7850
4731
7883
8253
2677
1828
1245
8119
3741
3518
8118
5906
6188
3116
6928
6389
3937
8944
2522
8768
5745
751
7045
1299
112
364
159
6548
2832
6489
8531
8073
6796
1933
55
1207
605
3658
1625
4444
9082
4716
7333
965
8520
9676
4042
9069
3475
6010
5176
786
5633
8730
1371
9359
5726
9290
5881
8756
8560
7395
1610
5972
5394
8670
168
8289
7545
2955
4049
2384
5440
8360
7381
4352
9613
661
9996
4528
8647
1380
9127
7453
9591
7743
5158
1470
3279
9475
7329
204
2953
2983
1101
3661
2554
5502
1989
9660
272
4702
9925
7092
6204
8572
6893
8321
210
4998
1492
2288
2404
5985
2634
9957
9285
3012
3325
3922
6321
5376
6987
7497
3165
5208
1998
5532
410
7991
8359
7970
2252
4328
2854
8026
5407
3772
4715
9976
8392
6590
3447
9722
6828
2969
5076
6364
7231
4191
3172
6298
8722
2569
1804
5040
6107
6861
3307
5300
2566
1966
2841
2254
4570
5427
2379
4327
1360
3233
8823
8842
5323
1303
2144
3220
9324
8453
5421
2631
2388
5442
6428
4321
280
6043
9575
163
5662
1867
3676
9295
8516
1830
4346
4614
559
68
2430
8822
7167
107
5429
4243
9122
8961
9854
3800
8596
2395
6608
7112
4308
7498
2438
8100
8214
8277
8958
9495
9172
1839
7526
9038
9603
4909
8292
5448
2228
3812
1076
4769
5213
1197
3422
2400
5406
3363
3203
2923
1855
9236
1868
3891
2800
3663
525
4341
1888
4377
1325
1159
4546
7197
1049
5932
1139
1735
6309
6435
5495
1558
1395
6174
5172
3074
637
5447
4022
4097
7844
9672
9193
3860
1440
8458
2432
3630
1403
5831
7898
7028
6644
3315
5409
4636
4972
5246
2540
5431
5186
2864
9079
3885
1334
4566
339
3188
7087
755
6823
615
9372
6790
9225
6950
6773
6310
2160
2529
7460
2971
6086
6882
714
9330
1882
105
21
1606
4573
9803
234
7895
3015
1296
3932
2705
2453
4772
7083
9180
5623
8329
1747
3792
7773
5703
2918
1090
9527
196
8651
374
7445
3586
1585
9775
3023
570
3607
6789
2793
973
2499
5667
3463
6471
1640
3054
5498
8056
1979
9385
1621
173
3828
1760
4225
7705
1690
9371
5887
4002
697
1744
1817
9169
4519
2584
6294
255
5861
9595
2349
8821
706
4924
5651
2007
3373
3561
806
893
7483
843
7929
3051
8825
6817
4836
425
5636
9484
1484
2872
3580
1911
5639
1058
8250
7107
8698
4278
3485
5481
8629
8382
5108
688
3147
8493
2233
7225
4004
5708
7784
468
2551
7263
6712
604
696
9335
7719
8538
2032
8933
4220
4551
8048
8405
2614
2196
9168
7797
106
2087
2471
5233
2597
5612
8787
5460
1586
5024
9827
219
8588
8834
6955
8639
4599
824
2935
228
7922
6367
8882
4921
2965
75
8844
3477
6500
9513
6866
4188
560
9092
8995
215
7891
5548
2020
8411
9968
5966
5765
2664
7245
6859
8467
2542
8751
19
6593
3295
5664
5607
506
1942
3330
3754
469
1222
7617
223
9614
7238
8636
8357
9133
5003
8261
4533
2293
1959
1269
1201
5314
1948
2310
9868
849
9766
1431
6180
3888
157
9542
8217
8476
3424
5132
7827
2599
6058
7920
3816
7237
6131
8475
1065
87
6723
2303
4268
4076
6915
1987
9020
1739
4667
3882
956
6219
8327
2096
2118
4565
892
8660
9039
7169
7215
4408
9953
8229
8312
5930
7686
8185
4854
6133
9404
7738
6494
4687
5147
8953
2041
5324
6567
6466
5611
3252
7706
9406
1332
9089
230
9995
1324
7703
3079
5784
2552
6271
2997
1189
7534
3181
5200
8087
6696
9366
5927
4026
8429
5786
4182
1927
1944
4263
548
7149
2524
7257
891
5805
2770
7726
9230
7798
3210
6542
4521
5729
4210
3813
6640
7259
6317
5262
5045
2750
7463
3066
6939
530
6650
9679
9873
7624
960
7373
9126
6778
5819
8799
7110
3432
7857
285
3756
9767
292
3818
1072
2830
4202
5335
403
6676
6768
574
7608
1648
8923
5737
3804
7952
9320
3845
1209
650
9598
970
2944
2801
1357
1288
3990
527
4138
9801
7801
6724
4249
645
4173
4805
9644
3274
7903
480
9134
4835
6906
3832
3926
3851
4823
6753
6815
4991
7455
8890
3258
3593
6568
6176
9224
1248
6111
9572
4662
7366
6078
5670
7473
2596
2390
7649
5806
6715
835
3458
5646
4109
2210
919
500
9917
5531
5827
3740
8328
8102
2819
9707
5619
9876
9109
7126
3043
4583
8666
8398
9928
1619
2585
5763
9352
6460
9418
918
5553
4891
3061
5852
6785
8705
865
5759
9557
1968
5891
8694
5922
6884
2737
8023
2075
5279
6892
6781
744
789
1153
2460
4439
4990
5559
8692
5237
8583
3837
6961
1297
4058
5512
9940
3035
4609
6968
3631
9276
5850
2420
1285
1240
9760
4754
3099
1258
6754
6186
1661
3731
5005
1054
7418
1121
3864
2565
8052
1919
2657
3036
1276
912
4804
6860
8436
7782
4887
8970
5686
8383
6791
2940
1773
719
6344
1166
1147
4093
1878
7487
262
7829
8996
182
1672
4259
4132
7337
9025
1237
6812
6804
2441
9119
2620
2933
4115
4402
6377
4198
6560
4431
9893
7752
7060
2071
9721
7803
7096
7949
3101
692
6612
4511
8686
767
4688
3810
2824
9043
7612
358
7258
305
8967
3067
721
6769
6443
6656
8121
6147
4741
4498
6159
4704
3603
4432
5052
7835
1286
6228
4512
662
8324
2987
3389
2418
4316
6026
6372
7266
5009
1596
3867
4396
7628
3377
2307
6960
9730
222
9334
4350
834
2236
7817
6390
1134
4860
2756
5586
6605
1834
2128
8762
7754
6504
90
4683
9218
9288
5130
3488
6453
4245
5390
1410
4940
641
5475
7358
7689
1442
9308
8055
4997
6633
336
526
8160
327
3313
4421
930
928
113
3650
3512
5690
9800
1928
7811
4483
9980
8543
9307
4830
5375
2674
5719
3662
8962
1008
797
5441
9483
221
2240
9219
1660
5214
9694
8597
4135
7776
4838
1533
1461
5014
4879
5583
7983
2330
362
2070
9771
9277
9105
9364
1685
5056
3899
6064
614
3597
2227
3275
7696
4393
8659
6550
3362
9877
2327
9480
3150
8795
3141
1188
8480
6529
1544
5677
7148
7022
7379
2269
5648
8105
4429
2331
9691
1044
3348
4685
2290
2062
8691
9365
4763
9852
2532
9986
7590
5925
3938
3003
5131
4569
2467
8446
1838
8134
7033
2222
897
6362
2765
2412
4732
6198
8769
3492
1330
4969
8140
2617
9938
2370
5907
7661
7429
7456
6241
7069
3689
2769
4584
8423
8183
2346
6007
1123
5466
7451
8860
3520
9918
3721
7635
3445
5580
4257
3064
4462
553
7300
699
5660
4201
432
7819
412
3954
233
4953
5716
3300
4154
9789
5867
8724
6231
9305
8268
3859
8058
3395
1536
5092
2701
7412
4464
1999
7077
1645
1075
9711
5672
5868
6025
5663
8879
4481
8234
3427
1843
7884
2610
7284
2221
4477
6123
1401
2268
8669
6357
3098
7858
3088
7202
6684
2064
2176
5824
9309
5797
4858
9392
5013
9269
6046
50
8801
2442
2114
6295
4668
6262
4807
6680
6449
4856
1024
4689
2445
2204
6403
9898
40
2966
711
1552
7084
1590
537
2637
7382
110
9301
2576
4131
3086
4620
2498
9070
9889
3987
2623
4950
8873
2581
8060
1603
8929
4844
8379
1444
7589
7616
2850
985
7753
4290
9131
3627
3802
6537
1920
6527
3127
3016
988
2026
9963
3292
3575
3974
6288
9086
2715
563
3821
9717
7614
5235
5348
5733
6348
9052
619
9608
4120
5485
4412
5666
5706
5020
6493
1110
8300
7171
6226
8133
3722
4094
4204
7164
2014
3678
4193
4543
5963
6800
921
8741
954
3863
4380
705
9186
5351
5012
3008
1736
2625
192
9428
1459
7933
9875
7655
4943
4850
5494
4343
2653
4284
7283
5039
3872
4339
9106
8690
8352
1034
3797
4730
4054
2434
3826
9505
1462
3044
9736
8557
9792
5282
9067
2043
1525
8894
8465
8363
407
7230
1869
9124
3038
8149
4195
1935
243
2547
8022
4832
3780
964
9780
9842
8193
9177
4831
287
1483
1936
4475
4139
7132
8003
6744
1571
7942
8986
5993
9765
1721
7620
170
267
7109
6129
2722
5238
1270
3929
7718
8895
6599
3198
2328
4266
581
7481
137
9860
7121
4591
2271
4283
1344
1466
1059
8835
2172
2767
2857
6679
2474
8775
9984
750
6156
5718
9491
7374
8904
2052
9031
6392
7702
4334
6890
3416
3621
5910
1579
5190
9993
6218
732
3108
1713
3340
1271
9414
231
6716
2103
3081
7900
7080
3450
3045
3028
2461
1665
5742
1497
1014
2929
6368
8713
9389
6834
6969
8568
4293
6104
9429
7778
6520
1358
2938
7747
6341
8085
177
5864
8240
5800
166
2097
8989
1831
455
9650
6426
7499
3921
5753
5714
8565
6424
8999
2411
5115
3563
4060
4776
9678
1574
6829
2184
5545
8067
3408
4273
5046
4005
935
5886
8580
6044
1384
6856
2555
1031
2027
2871
6191
2594
9761
647
1185
2091
9212
9551
9293
3145
3070
3568
3344
5328
3004
9374
5655
1780
297
1399
1901
8937
8773
5289
5070
7168
739
3007
8618
1481
9199
5053
8211
3068
6793
3425
4839
7634
9241
1006
335
8685
8888
5569
179
1925
754
2468
2859
6467
2000
4326
472
4919
7927
1354
2056
2941
2299
5845
3645
4019
7180
9275
6758
144
9142
7772
3887
7205
3905
555
3983
2643
5169
3250
4888
5584
470
9015
4896
5608
3868
9616
140
7986
5025
823
491
6458
9605
1960
3739
494
6847
7707
8878
2778
5837
805
3227
4061
8809
7115
9399
8414
3129
1566
9071
6881
7860
5240
9032
3103
2433
535
3924
4428
3148
520
3239
2214
5037
5197
3871
6099
4356
7298
6668
406
793
6547
2572
7934
3201
6351
5386
5871
9531
1731
7038
2275
4690
7924
4206
6839
7512
5953
8042
6406
8306
3742
1851
4946
8771
1615
4059
5219
9867
8426
322
2188
3822
7925
9904
5450
4110
6431
8170
2416
3594
5206
5616
9699
5566
3162
5937
5954
8004
518
5154
6862
8358
2675
4846
7731
5957
6619
8998
2537
7139
1437
52
9243
7845
6115
2126
6259
8122
5349
4556
8035
2523
5778
3047
3033
9643
7876
6970
6767
1832
4029
4619
2509
9195
1962
6266
2208
1905
6846
900
7963
720
3245
905
7940
4333
5774
2263
5142
2650
8354
3468
958
6101
8431
4657
923
6343
4787
2396
4558
7248
5316
521
152
2304
9851
950
1468
3670
7762
7910
6673
7297
7015
9646
8626
4117
7145
5083
8759
3848
4669
2294
7423
8760
9941
1167
3547
7815
9166
1764
8298
3841
8101
7346
2853
9251
4626
8416
7
1429
5841
7606
1981
8554
8483
1289
5698
9908
2629
7578
442
5579
4360
4975
5550
3318
533
9975
2059
8075
9549
8880
1085
9927
2686
6927
60
3117
5921
6505
9083
673
7399
4437
3793
915
8345
9754
7006
9114
4190
6596
7154
5808
2582
9648
9677
9534
6034
5346
7255
7769
3892
8869
3219
8000
2557
5541
6154
9004
3256
5964
5650
3093
7825
36
3781
9391
6811
6877
5033
2911
735
4507
453
1510
6616
4596
3683
3121
7950
1501
5983
4628
5717
4267
6836
5054
8592
769
2775
1518
2992
481
7025
1932
9221
1095
656
1210
9035
6819
855
734
5417
554
4160
9189
6703
9311
1485
122
3718
244
9802
870
1221
3984
4450
539
7261
9425
2376
3789
5001
3001
4963
8556
151
5326
9244
9273
3280
4627
4645
1715
313
188
349
8083
5951
8200
6614
9248
6306
5480
573
4253
9298
5290
8551
4890
9533
6554
2526
1870
7601
2116
156
4722
2746
4882
1513
7404
8466
8208
7415
3374
6977
8388
8114
4467
2025
1714
2124
6280
9347
8266
7802
1769
5551
2382
2543
8285
6586
665
564
6037
8728
2691
367
1954
1957
1242
9387
6205
5854
3391
3183
1666
749
6952
8926
9477
5574
444
2018
1229
6251
1797
3440
3665
2427
1439
3215
3366
7805
8198
4630
853
5477
246
5956
2913
5093
9174
345
5914
8248
1883
9947
5594
3617
2886
4148
6211
7427
7695
9208
7440
1765
493
3824
1062
5007
5402
6318
5638
968
7786
2609
628
5399
9454
5299
6975
2264
4712
543
7166
5538
9415
6959
2856
1502
4073
6061
1697
5597
642
3178
8693
2574
6355
3158
8322
1682
7123
2866
9017
3769
5838
649
7162
1970
2154
3058
5865
7403
3571
169
4957
5962
762
4476
4024
1675
7376
2525
2320
5684
2142
5825
3770
1717
6628
3000
4595
7212
7698
3115
6730
6530
8662
5317
2022
4600
5182
3174
5125
72
4034
9178
5459
9272
1291
9725
5006
6635
4719
449
4773
1263
7854
4725
4734
5795
633
6360
6339
2885
2113
4233
7779
6533
7141
499
4114
4889
2736
2133
9979
304
9914
9022
8766
9962
8341
271
8251
7270
3426
2130
2019
7289
3336
8205
4767
2325
7514
3503
238
8764
4102
842
1130
5474
3796
4531
9490
3228
5201
6992
5284
5374
3532
4513
4799
5707
7678
3379
3685
5918
6766
99
4286
6814
7669
1795
5437
8326
2763
1382
9291
6783
457
5157
6626
6894
8291
6135
1631
995
3747
5395
2570
8820
1732
4175
8574
6048
2904
1763
8305
4762
2365
1187
8091
8377
1496
4827
96
7550
875
8437
6036
1464
2976
3311
1017
3960
5779
6717
9535
2586
3641
2284
4944
7408
9183
1547
5497
6978
726
6185
1907
426
9566
3153
738
884
142
1081
890
4774
3331
1056
8735
8186
1394
9053
8494
6088
885
3312
4111
9770
4187
2009
858
9258
1613
2151
6091
6325
8914
6340
2733
1623
5736
4878
8502
8009
1040
4746
8139
1775
1712
867
478
7969
8425
7979
4287
2478
620
6832
1236
1595
4152
8142
6423
9228
863
7522
8522
7948
7761
6940
6522
201
880
4048
7579
4394
999
874
5184
1768
4603
9550
8433
8084
5193
7057
6848
1004
551
1015
811
9858
5568
5952
8391
1863
8949
7200
6687
6049
9913
7793
4708
3968
8862
3807
4674
16
3783
320
2340
7280
8259
1066
2383
1939
4917
7637
7532
707
8020
464
6382
3843
4644
514
4680
9664
2054
7509
1564
3560
977
5356
1829
5558
8955
3950
9698
9353
2549
3733
4812
9512
9058
5319
8506
4013
8621
1559
9137
7175
6827
1527
7326
8942
4448
4682
1689
143
9878
4014
1359
7124
5260
1333
5822
2378
7890
5885
5105
7218
9116
7372
1144
9064
9808
9585
836
8228
7704
951
9205
5834
3131
128
6759
2508
6352
5126
3574
9705
9314
9239
41
5857
9117
14
4673
3605
7894
8789
6896
9356
6093
6234
4471
2804
3097
6074
6398
7414
6254
6681
2265
8934
8591
4726
1232
8517
9777
290
1668
1600
18
6189
6452
5366
5604
2147
8132
6642
217
2878
2852
2257
2436
9084
7441
6146
4274
4834
3234
787
6710
6748
7831
6245
7816
7184
1592
101
9602
5665
6583
4852
9370
1202
4811
7119
6624
1535
8674
9118
4666
8539
6905
4089
3861
4219
2332
8848
4252
4124
8655
7839
4918
9897
4809
4479
1275
8419
8011
7014
2341
2084
9989
5272
3692
8814
9755
2536
667
1352
8559
1348
9250
4778
1659
1140
3304
1498
3817
4214
8332
4779
8387
5471
1810
6538
4086
847
2635
5521
148
4351
9368
6269
9763
2409
4654
3723
1178
9046
5520
8927
774
8620
2282
1891
8558
2063
1687
7146
8983
5949
3714
6553
239
9060
8144
9729
6267
1016
1301
6797
3616
7967
7026
7137
1931
7529
7037
8868
1657
3830
740
70
2377
8448
3981
7931
9682
7673
7410
7913
5055
6371
9369
5155
4784
1900
5224
2368
487
3583
6481
8273
9005
1750
7873
4116
8512
3191
7810
2068
6095
404
1554
4749
768
4728
4363
6923
9747
1813
9795
4144
8064
2889
2895
2920
1991
4480
7751
5285
8680
9553
4553
2392
5342
8956
9570
6701
3884
8912
8157
4506
2173
5255
7351
862
1628
2730
8905
3878
852
3464
4037
3091
4478
5743
2447
7150
2486
8938
6895
3186
7999
456
4789
9140
8916
5086
3934
6184
7623
5975
9565
3365
4744
9529
1133
4145
2309
2649
4383
1099
9194
4782
2948
1262
8699
5842
8492
308
420
9210
2970
5991
6051
5895
3901
8455
9743
9708
3437
3319
8074
6113
1599
6602
7978
4021
6966
6388
2048
6456
5458
6196
9068
8418
9601
8293
8960
593
6747
37
989
3002
8743
3604
2183
669
708
452
2038
3460
6824
2901
5595
1259
7984
4136
3011
1104
7541
9202
9107
377
8146
7856
8638
743
8635
6247
1798
4550
8589
4561
6195
8439
2908
7846
6183
6474
405
9536
8113
504
6551
691
8258
1136
8204
4452
962
1313
3737
3264
8081
184
7360
4637
2232
1972
4563
4713
3614
5897
1521
6521
9249
2731
9753
1083
1897
4801
5078
608
3364
4289
2601
6335
7572
1463
4374
2942
2289
1792
8499
6653
6020
895
7194
1281
5739
4509
4417
7292
630
4458
7671
4317
2696
1223
9009
3959
4056
4474
5658
8752
1490
6719
5149
3005
4391
8950
1290
4406
6210
5292
5872
1030
1553
9080
7644
3269
9969
1756
5104
7448
2374
2259
6704
6765
3500
8318
1448
7511
4015
9579
2046
1705
4413
4624
5622
1524
7056
1192
7832
2423
9493
5758
421
2538
1396
2849
8857
4126
5161
5602
1880
9732
7364
1020
9256
677
722
8826
770
7875
9599
3163
550
12
3730
784
9526
4814
4617
9675
7730
7005
3511
6102
4101
3333
4794
9019
7177
5687
6986
4843
1683
6531
2479
6472
1656
9292
2248
3942
4367
3681
1349
7725
6084
2516
575
7089
6924
3501
2978
3335
2297
1973
5306
3049
6634
4023
2005
4215
9102
2994
9671
4345
1363
5082
1516
8850
3152
4692
8355
3657
3576
2220
8187
6027
6517
1080
8536
4157
538
747
7915
4984
5270
6092
8736
3367
3042
2926
9992
5347
2452
3026
2403
6068
2369
596
6286
7108
8094
5438
5016
7692
2985
2229
6369
422
8175
7607
4822
5248
9645
5391
6777
3253
6931
7538
3133
568
4564
7636
4241
6526
176
8127
2174
674
8505
4239
8788
5849
612
3083
9375
6695
7813
3406
4237
1629
2806
1025
2237
7004
3664
5866
6803
9433
6942
7426
6155
7254
9465
344
2291
7708
1212
1550
2306
418
1126
9096
2167
3895
7311
9448
966
3799
5388
5296
2344
4932
2921
1112
7830
6714
5221
4885
2962
9804
1465
9247
2081
429
729
587
4578
7120
9029
283
996
3952
9470
2847
5573
2577
6982
2658
9452
5274
8678
4456
3788
9262
1061
8069
6077
4240
8628
7749
4433
2260
7016
5179
7789
7343
5632
9861
2168
57
6947
7459
6869
4884
9727
532
6252
9848
790
1984
3913
8881
7981
4362
8156
799
5381
6751
1120
6224
5935
4105
4164
5451
4318
4605
7323
4907
3912
4167
6342
3682
4279
1265
9441
2143
3759
3706
1376
8530
1162
4868
1204
9152
1453
3392
6373
5725
7034
6935
6925
8582
8790
2757
4344
8977
8701
1695
502
8883
9125
9421
5565
3094
2882
2225
7525
6063
7679
8747
3827
717
6577
2122
1494
1471
1300
7027
9396
8130
9872
1196
8585
8796
2803
7988
8331
7889
6794
9749
8330
337
43
5239
5229
8257
5601
8350
7675
1815
6120
9583
3698
7186
1889
508
7138
8485
6600
2725
1430
7672
7568
4640
998
6580
6845
5510
9985
7288
8523
2148
871
6709
9026
9522
1865
7656
2810
6651
9846
7368
4172
9832
1169
4006
1336
1479
5364
1837
1892
3254
6571
9733
9895
3787
1529
2316
4064
7210
7161
3489
8902
7462
6865
6075
9546
771
6413
8050
9173
1856
4684
2833
9018
1992
7328
9880
9
2162
3328
7520
7740
7247
4146
5721
9487
4017
8001
2311
6017
1616
6311
3185
9881
7537
7312
3356
794
7340
9424
3444
8940
4544
2510
7896
5303
6464
3014
1157
6914
8586
8683
4641
8151
925
4900
515
5870
71
6544
6597
6235
3991
2136
2957
8040
6918
2632
5578
1701
8846
9422
4292
4008
1749
2914
5516
6019
1132
5173
4079
9051
8920
3381
7573
1821
3915
7563
9537
459
6902
7506
323
6658
9504
3027
7018
5400
6478
6108
6085
7516
7577
9836
8486
8319
1988
1702
3143
5772
1341
2011
3758
4798
2679
4375
922
1487
9774
2607
2742
7008
9906
2242
3018
2660
2654
6359
3423
4493
9564
2335
3964
2035
1019
9054
1128
5171
1477
3628
8806
5098
397
8828
640
347
1597
3545
736
3031
7734
3457
2090
7504
4047
5987
1007
224
980
7518
695
5265
8336
8014
2319
8644
2357
2963
42
7223
5506
4209
2279
7882
3536
4254
1366
2797
38
6173
1472
1977
8702
7431
306
2519
1909
7309
2591
4085
6971
9720
9045
2381
8471
8777
6638
579
2580
2644
3677
4119
8508
8900
5112
2934
2296
1608
3668
6825
7135
5514
6470
7863
9419
2595
6734
6441
9900
1853
2276
3601
7195
8371
2776
7973
8861
7039
9357
3527
8813
2274
4426
1641
1163
9192
7101
2755
984
4758
1539
6898
3055
2473
8236
7818
8707
1836
3660
8479
3267
7878
4766
2354
2241
2851
737
1508
2463
7347
5134
9626
8106
9778
5556
5048
8671
4877
2630
5269
876
1923
815
8041
8203
9970
3119
3238
9586
3814
1568
2747
4447
8375
5211
7439
8460
3268
1669
945
6996
4655
7530
9998
8646
190
8896
2699
5043
3618
2482
1969
3190
503
3570
2393
3443
1241
3931
9958
3126
2202
4745
4988
4948
8464
9558
3271
5591
5370
9649
6965
828
5598
4646
3084
840
3287
7788
5384
6161
7458
2873
6711
5757
8385
6699
9099
3056
8012
5422
7322
1425
5318
9494
7651
9282
8255
3651
6463
1164
8408
5371
5626
4370
5210
6039
4455
7079
4388
6073
1658
1214
9787
4648
2258
4656
4514
5826
2912
2615
4423
7480
9461
5931
2239
8125
1086
9891
894
6190
109
7147
3177
2915
7848
7397
482
7540
1875
8
1965
4652
5631
7066
2158
5492
5671
9423
8099
9474
8542
5135
8490
1322
7235
9171
3642
5280
3647
3182
7627
8213
1967
2796
6664
4271
3521
4003
6323
9100
4651
752
5528
3105
8785
4853
379
6024
1387
7684
569
9430
9266
6545
3939
8573
8131
1734
5549
1416
4911
9191
9377
1642
5276
3376
2251
5066
4851
3417
6972
5058
4366
4788
2760
7040
2451
759
9072
9287
4291
5077
3470
73
7075
7732
2745
6160
741
9411
4503
1228
3635
7367
5124
6498
3844
4043
5310
5094
3349
6604
4770
9973
2055
4385
8969
6798
1326
7583
121
904
2339
3693
9113
149
9685
4443
4706
7239
4929
3971
7174
8338
6277
931
5032
3516
5116
6645
9478
5338
3602
830
7966
9408
3643
7626
779
8524
1940
5491
2869
1993
8428
8663
5943
7842
7478
4301
4070
4840
8231
8875
9640
1706
2002
3034
4309
9001
6098
7683
2182
1339
1184
8966
2861
5425
8874
8395
4928
9384
8482
9555
3414
6750
6486
5075
6598
5329
983
2719
9332
4108
2587
4621
7822
6455
1783
8287
2724
2497
5091
788
7544
6990
3955
7500
6718
4833
9548
258
7554
328
8206
6513
8600
2016
9400
9882
8070
4759
8845
3728
8308
4373
2669
8607
4594
2789
9853
5050
351
1198
4441
9073
4857
6128
8420
7268
910
4775
2074
6518
7510
5359
3553
2867
1141
3041
9074
9300
4018
6833
6721
9373
7944
300
3479
9355
359
3763
5228
1609
629
8794
9972
5305
8280
1751
7136
9688
5961
5615
4915
3795
6980
9130
7515
3715
1150
4592
6708
4158
5139
7385
8749
7241
5254
1758
2389
5644
1774
2697
4942
7278
77
2127
8681
2342
395
1918
5418
3806
4664
9838
8757
7424
9141
3281
3778
5457
687
5533
9670
9184
8290
92
6979
8770
61
366
3466
8381
2727
8430
8827
2794
4925
8030
5555
1469
4203
2322
9310
1195
6365
2006
9750
1117
4235
2777
1896
9120
3442
9325
1193
8633
700
9830
2520
6511
8745
5798
2690
8264
1205
3858
1557
938
5643
9075
6243
1667
6469
2573
8696
1108
9714
7553
8664
9081
2110
385
3386
62
229
58
6059
6838
9668
681
4906
4020
873
896
670
5833
2704
5901
1118
6296
7826
4880
4755
7840
3889
7820
8412
9136
1873
653
145
623
3289
6654
6757
8761
6283
4910
3880
5264
7021
2787
5023
9943
2215
1917
6601
160
2358
1956
6450
7201
936
7409
63
3655
8123
8463
7438
1618
9894
6897
4658
9532
8260
8222
6840
4961
6774
8922
8135
2469
6106
4032
3490
6289
1778
3784
4849
6168
5436
2812
5828
9223
8931
6948
6083
5252
3749
1392
2029
2003
8976
3855
3669
1776
3231
2180
7173
3189
2234
6572
9255
8051
9834
3199
617
1844
9110
4638
1316
5432
441
4068
6802
8065
3156
8763
4398
6412
5801
9382
4740
9129
4516
331
9401
386
269
2150
7390
3327
9318
383
213
2496
4949
2120
3232
3507
4792
7070
5435
7489
9815
6820
2627
9149
301
2589
5695
4681
8262
8876
8892
3456
4072
1902
4357
1737
2088
5649
3744
7206
6163
5109
6070
1013
9788
3380
7794
9633
5776
2640
9951
8394
5919
100
6124
7417
2067
4590
5010
9471
909
1711
2123
3212
7886
9327
8609
5536
2417
4199
6858
1890
942
4679
8145
6237
5572
7050
3585
4169
4303
8296
7036
1046
6385
856
4460
6989
9543
2989
6338
3235
6353
777
7868
98
3123
1266
9517
2606
396
791
7503
4845
3397
5517
9237
1088
7729
5862
3223
4298
8718
9932
1489
6136
8640
5998
9971
4027
6117
2488
5259
6080
5811
7350
7809
6816
6655
3112
1584
9977
3907
7332
659
9952
7792
1021
1528
4549
8803
2967
4485
3808
556
1915
1234
9331
7528
6297
3161
8590
346
9238
4625
249
4959
3624
3823
9167
3398
6329
5393
5405
982
6479
7621
6052
2244
9187
4065
6514
1611
5959
9631
5661
1811
7331
1719
3904
9270
7490
3062
6713
45
4376
2197
4581
334
7349
5103
1515
7233
9592
9539
3382
5780
6149
2255
7932
2246
5243
3428
6868
2177
3525
7558
5678
7306
7632
4348
5030
9362
2218
5640
5899
9405
4545
4808
7142
9954
3216
3935
9090
312
4238
9600
7581
3104
2968
7143
1587
6561
5552
5106
8017
1857
7010
7885
1835
5218
5877
2298
1235
4330
6330
5268
4502
6442
7535
975
7091
7682
6350
7240
7957
4236
1374
6957
2446
5085
2734
8810
8746
7595
1414
6727
1784
132
9869
5593
9050
8239
5973
3515
7059
6055
6844
3555
8511
2129
465
1251
5341
4084
2192
4733
9198
4036
8120
1841
5710
5433
2477
5974
8365
81
9432
8562
8339
4635
4161
7954
3566
8027
3136
7615
1365
5302
9196
6465
1142
8397
4315
9866
2896
7207
5526
1261
7697
9742
8689
3542
8137
7157
9624
7303
4926
2879
4313
8403
3558
2558
2683
7888
7531
4083
6502
6065
1035
2774
8362
6964
9479
9459
3998
3609
2624
671
5293
4580
1170
8863
8623
7405
632
3453
9629
3732
848
1864
4397
9665
2759
7156
5519
4695
8335
5358
7641
1060
3013
1945
9907
2253
2315
1532
1570
8570
2937
2788
7176
1033
5513
3448
6354
2200
6284
2501
3102
2892
8367
5926
3361
7638
2905
8103
8533
6060
4159
9987
1179
4905
4714
467
9306
1777
1278
9662
3401
599
1329
277
8148
5970
8601
4538
6122
6863
3916
9988
7733
4699
6422
5286
3886
6692
5163
46
4650
8086
9704
9896
4099
9782
839
9790
428
2360
8924
7434
2406
6674
9850
8546
9397
9622
2546
7348
9094
3654
6663
8246
8802
1895
9509
4752
864
4848
7961
4724
3120
2831
4520
8233
7249
111
2199
1757
7989
4703
6594
6534
5704
307
607
6733
9556
8376
1356
1879
4280
1887
1149
4587
9814
5738
3347
3371
9944
1292
9087
6401
162
9242
4537
8631
3834
8833
7775
1520
172
4197
4500
434
9826
8606
9434
2415
2305
341
3305
2583
3211
6116
3302
6018
9569
7919
9435
2868
324
7605
4871
329
47
7216
6127
7724
3920
8910
7745
5741
2628
3831
9847
652
7694
2444
9476
2201
9472
636
8587
8138
1894
1881
1127
2287
7901
1704
9274
263
5488
9510
9007
2105
2749
165
7095
6609
7106
2899
22
2949
9912
9561
644
7576
5996
3353
9627
6557
6433
3556
2728
3480
6094
9562
7849
1766
1975
9837
3314
9781
9692
6324
1624
8274
4574
8668
7267
9654
9460
5642
7377
807
9706
2638
4171
5178
6735
8500
2321
2917
9468
5590
8401
1340
1602
7904
1145
2673
9420
4404
8657
7271
4353
7285
6627
5647
3107
1847
2224
846
473
611
2191
7294
5304
3368
2811
831
8207
424
1910
8720
5751
1155
7570
6081
613
3402
8990
1369
48
6555
7800
2314
5947
5673
4453
7709
1068
8378
7393
1122
6951
6788
7523
8581
302
8452
1419
9718
9587
1318
6933
1788
1116
6908
5059
9453
3396
1260
8829
2164
9617
8179
1994
7787
8344
2178
1812
5880
3743
4342
6459
3768
4693
5273
9281
388
1078
3620
4982
4442
2840
8569
4390
4601
7575
4710
2504
8221
2626
4250
5762
8598
8477
9503
5577
256
7681
1208
6901
9163
2684
3288
1886
5890
5423
7851
4166
1861
9840
5653
3930
7208
2710
9576
4332
3095
6688
8864
3412
8024
2343
1796
8440
4923
2754
5205
311
7020
7756
5165
8351
1213
7035
9659
4489
7296
9728
3941
9615
6387
1791
3735
680
4186
3694
3713
1565
3506
3953
5511
9674
4931
3346
5397
986
3498
8909
1446
2676
1389
959
927
1267
1045
9507
2928
8337
6974
9612
9034
728
7597
2738
725
5621
316
9903
1556
1353
2013
451
3052
2302
4011
5535
1298
690
3360
5505
3266
2709
5905
8898
1458
216
9264
1633
9101
8911
8005
2818
7905
1089
1534
7955
4411
9810
9806
9647
3504
2398
5465
1698
1941
501
4937
2821
2245
7052
2837
1294
1921
1454
6738
2119
8489
5599
2735
4826
7236
5813
1655
9254
4038
6496
7226
1109
2663
3619
2336
1093
5855
6076
3072
7252
7667
5330
4757
8915
8176
5669
4677
9267
8152
198
1846
2231
7053
1181
9265
2410
3803
5692
8413
1983
9286
2277
6213
440
6623
5144
4577
6139
8117
1445
3282
5336
4908
5367
7814
8164
8856
3762
6495
1042
5844
4800
5333
9481
5610
439
9376
8421
7310
9910
1391
713
3777
7633
4449
635
969
254
7881
8979
5089
4438
4150
2781
7277
1718
8281
5309
8235
4371
6448
8654
8688
8988
7742
3420
4904
220
1593
7375
8263
5339
7467
9726
6480
9379
3029
8313
4555
5783
6725
4310
4738
8110
6671
8974
512
3687
9516
6739
4459
952
4510
1372
2137
4649
4454
7339
8047
5177
7318
1785
817
3936
1138
710
1759
8985
967
9817
7521
181
361
458
2668
4258
2317
5413
3073
3896
3243
6606
7795
5434
3435
5814
761
4567
1583
3024
589
8550
9181
2099
2720
6917
9812
338
237
8008
3278
9329
9506
6772
1635
8630
8043
3187
79
7477
4427
8340
4660
9884
6445
6516
8954
1943
4771
6900
2740
2313
1306
8605
4602
4964
3322
7492
4277
4623
3009
5110
3708
8899
2999
1094
5095
4261
7760
9737
4768
6822
4107
4541
5883
8082
6729
5331
5017
3109
3529
1029
8870
218
887
4222
3649
3865
9135
3497
6410
7362
7072
3247
54
5322
5876
8272
9885
5693
59
6439
8808
7155
2209
8627
3208
5955
7378
3195
4381
8852
7122
8057
6202
4633
387
6193
7701
4211
1877
3835
9791
8080
3496
7475
4436
4867
5902
9701
6332
8526
654
1220
3986
167
6737
332
5981
461
4039
9520
1947
9559
8541
4030
7796
7437
4490
5
3546
8994
4113
3679
9915
6726
5787
7380
6468
9825
6540
1452
6646
3192
7043
6632
6552
6670
1257
4790
6761
2785
1912
1577
9724
4872
2772
5600
6694
4579
4469
7213
993
4865
3359
7962
561
7976
9467
8286
9390
9748
8913
7659
1676
3745
8729
1537
6402
8887
898
2437
8445
785
5939
3671
8811
2956
9524
5487
7631
6677
1930
5836
9103
3720
6582
1782
1799
5843
378
8441
8247
4705
3283
3110
3022
1106
372
1946
7943
9337
88
5114
8697
926
474
2713
419
9666
588
5230
1801
6929
8925
4765
7307
9214
2004
6006
2753
1379
9222
9176
3221
4142
8241
7841
5524
7505
693
6945
6411
3384
8576
202
9409
4777
141
8018
8519
6831
284
8243
4855
3648
1605
4820
8719
9934
6187
9498
4933
3060
413
9783
602
5469
9793
1443
417
7246
4151
4954
9367
2692
2111
7209
8617
9909
4816
3539
5113
3476
1405
4903
1283
4270
8409
2047
1519
9170
8509
3415
731
5343
2795
7384
9268
6337
9245
1754
235
8037
5220
2072
4552
2449
8216
5917
6429
4742
5645
8975
5894
9497
6082
3705
3342
8700
1677
557
6558
5635
7580
3697
1500
9164
8906
3358
9294
3257
7861
9560
8155
5946
5823
9213
782
1255
2603
343
108
7317
371
4802
1152
4496
9211
6736
2945
9316
9175
8034
813
3623
7442
4088
7055
1115
9345
7992
4256
3933
5291
8672
2492
2743
9482
282
7804
4597
9890
2028
6667
2874
9049
8016
2579
888
5614
7770
7067
8941
247
7728
8779
3944
8497
6525
510
207
9328
183
7586
3578
357
3487
6853
6524
4055
7416
6067
8695
9440
4952
2152
9709
6031
4129
5770
8177
4960
1996
4430
7610
7548
6944
8837
6446
1009
1806
4951
7488
837
6473
3483
8095
6576
2513
1772
7821
9016
911
2490
6028
7357
933
4302
7561
2636
8859
4718
2655
8192
8564
4536
8088
540
9442
2069
3760
4098
5982
709
9002
2633
2109
7425
6501
483
9386
4898
4973
4035
7130
2808
2890
3205
9154
6272
8107
6919
7748
8981
7653
9203
6792
8819
2521
2877
6741
8947
8061
232
8982
3965
2300
6722
9008
3293
9128
7625
9257
5199
1367
6260
5308
8184
7897
812
352
2223
363
5504
534
2456
4983
5709
5628
7994
3244
8487
2405
7272
3146
7968
5022
7892
542
9931
9443
4709
3963
1820
1063
7324
3927
7560
3644
6578
4484
6499
9642
5368
8199
4262
2544
1026
8744
994
5859
5365
1287
1200
3513
5476
7662
3454
1898
2518
5712
6523
4920
5847
676
5277
1646
116
3550
1827
6409
8278
8772
2361
8097
3173
3050
4994
4180
3588
7485
8315
1908
1860
6434
819
6240
8294
5723
3438
7273
4275
6391
7305
2203
8579
9501
7630
2140
7650
4248
5740
5063
2726
5848
7688
4178
7513
7023
2413
4535
6203
1517
7670
2964
3351
5245
1168
9346
9540
275
7165
7401
3947
878
4461
4894
8334
7567
622
9967
6536
5251
8525
5164
289
6038
1177
5047
6225
3170
5835
5730
4228
822
1899
3873
5542
476
5916
2619
448
7717
154
6665
4451
236
5430
3
5807
9059
1893
3528
8907
2021
9326
5893
6801
1512
9862
3179
3474
7093
3975
3491
6022
7185
9348
3176
1003
9813
6648
8162
9735
8325
8816
4053
6574
9712
5534
7198
5527
7287
764
9703
2104
4052
4389
4174
3226
5461
4096
8555
7555
2813
8323
3833
6705
1225
6983
7030
3969
314
447
5909
1543
957
5034
4466
2256
1377
2190
4440
3134
9499
4221
1604
5676
9844
2428
7061
2348
3273
4074
9799
2155
3951
4299
4793
1345
2033
3552
2280
6607
3595
6142
1412
2318
5079
3993
6625
86
97
8824
7902
9259
2762
5999
309
6532
3449
23
435
7468
1057
4634
3632
3928
7304
5711
8917
4050
5041
8652
7907
5912
4981
3111
4244
610
929
625
1922
6053
5567
6165
102
4067
5295
8765
3493
5373
5629
5652
3495
4304
7325
7400
5133
1476
9108
5720
3166
1368
2996
8032
7723
6246
8507
2571
1052
8245
1473
6776
3122
5107
4213
119
5166
4947
7837
3286
9525
1833
3973
5777
8649
1250
1001
1158
7923
2936
2621
8174
9463
6810
6250
7958
2387
3076
1215
7767
838
6130
6375
4080
6140
2207
4149
318
3659
7527
2205
6508
6813
6842
9669
5467
5227
2741
7336
1373
9444
5768
1709
4557
663
3144
7899
390
6998
8218
7946
7222
4989
3225
1823
5180
1740
3019
2211
1630
2894
6222
9796
1726
9361
3906
1097
8028
7569
7677
2961
1137
941
2261
1302
6780
2560
3388
889
3092
1840
4589
103
1219
8021
7855
8210
6233
723
123
1451
6134
279
3159
8831
171
7433
9426
4232
1073
7232
9383
2848
4165
6417
8025
7930
1594
2450
245
953
4491
1576
146
1321
8462
9634
3355
5378
6457
5483
5332
7199
2466
4694
2121
4612
7048
471
1985
2972
4134
5576
8965
466
5587
6157
3704
2666
3775
3168
5148
4881
2667
7874
3510
7914
1415
319
1541
7647
2974
1748
2902
1684
2721
6097
2909
5470
330
7011
265
5889
9182
3439
6592
6967
2598
2980
2708
9702
3100
5327
382
4400
5908
3309
8320
9148
3411
6835
1573
6779
6888
578
6740
9431
796
4781
7853
2262
8039
9333
7085
8750
531
2080
2512
8815
2567
7507
6546
9974
8468
1308
2206
6396
9807
8474
7877
4505
4721
517
3339
634
2809
8029
6242
4405
3352
2835
1252
3217
3592
3194
8709
7452
9010
6647
8973
4897
1450
4463
2094
3690
8552
3538
5732
5301
3175
1161
6477
6907
2973
1053
3207
6444
1862
4585
7461
5454
9056
8188
9921
6255
2718
8309
745
2514
3434
6072
9436
2805
7428
2487
8220
5654
3151
4416
7286
978
8128
7295
6206
7843
1027
1491
2681
9864
5380
4747
3263
4697
571
8201
296
5057
1293
6954
7017
8992
6936
9922
9899
3405
8643
3499
1191
2092
6220
808
6556
773
6405
5515
4764
1950
33
9831
3712
3847
1807
6683
1858
5090
2364
9233
2082
7391
7125
6407
3106
549
4796
3124
7975
2768
5486
3240
6232
4529
4045
3710
6830
6270
6849
1113
946
3297
91
1816
1018
5557
6595
7002
6916
9528
4415
6912
8072
4815
7192
6491
8884
2531
485
9062
8611
3596
281
4720
4118
9745
5863
5100
2807
2556
7001
5688
1678
1738
7187
9246
2910
7654
1370
9028
6275
9518
3695
2604
3299
4387
9883
7880
626
1154
7736
814
5283
8109
8361
7941
6631
4670
1926
9111
8346
2771
4335
1980
3956
4524
6878
9261
883
8515
2545
1504
5298
9393
2535
1614
5074
2613
1638
3270
1753
8658
153
3829
2648
7447
389
7217
7781
4977
5419
2688
9657
8469
6639
4378
7058
6302
4613
9157
9350
5978
131
7766
7256
5027
748
1746
2131
8679
4100
6438
5892
6880
4369
2391
4336
3357
5146
9515
1728
3213
9563
4785
577
4748
8256
6182
8939
2562
5936
2472
6981
8545
2661
2372
3025
2266
5522
8791
1480
9805
9939
7674
1423
3017
2366
868
3589
7951
742
7316
7690
450
1761
6587
9339
9713
7574
6404
4508
7603
9945
5080
5944
2429
4874
5873
9653
7872
1361
2979
2672
638
9466
7551
8918
2855
8215
9865
7757
5934
8438
3118
2960
7260
2053
409
4325
7355
529
9063
5002
5060
398
155
5818
2534
1176
7764
4761
841
8675
402
9144
6909
886
8271
1716
6484
5111
1561
1038
7407
2493
260
2612
104
3272
6345
9416
7834
1699
1720
4841
3790
8059
3441
8957
7987
348
3020
6539
1433
1436
7279
3078
5198
2527
4922
294
3171
8836
3139
8838
8171
6089
242
4974
5162
5420
5563
5225
1455
8230
792
9439
7893
5064
7977
9088
8501
1531
2363
2922
7741
6148
6889
5853
4403
2112
7771
5049
4862
924
8567
2541
4893
4723
5151
8946
4420
8189
5439
1652
3637
4112
7549
3069
6207
6787
24
158
1976
3080
7908
6476
5353
8571
4217
5428
733
9571
2656
7959
7314
1441
7998
3160
6993
3037
4465
511
8755
2548
5311
3277
2278
1607
6454
291
5088
1929
3063
2078
3404
4184
1335
7172
195
3917
8703
2593
1071
7699
9695
9299
8945
7365
6005
1173
7471
274
2226
9661
4069
7282
4985
2036
8832
7474
821
7600
2959
2924
8349
1084
4540
9234
7712
9216
4410
1400
753
7482
2533
3180
6273
6418
7806
8190
8553
4895
5119
3699
4063
8415
6581
4041
7220
2694
664
7864
6087
3978
5189
6852
7862
1647
780
2641
9768
2065
3667
7063
6603
1745
2931
6153
4936
7074
3840
1082
6313
9821
1654
3675
3403
6661
321
8614
8818
8717
8963
7693
3684
6666
5967
7721
5392
8212
2185
971
9738
6903
3393
4128
6239
415
3569
5410
6047
4622
9156
4967
4123
9607
6214
4007
8019
1884
798
288
4194
2984
7484
4092
9935
2826
3862
2605
6118
273
8129
460
8478
2060
3995
7591
4797
2337
437
5261
3674
1971
3202
6535
8311
8712
6420
2163
4642
7720
3459
1428
5788
9215
8165
7619
264
1540
8549
7338
9888
3564
934
2839
2238
1247
7204
776
7098
1272
1079
126
3431
28
7183
4631
6261
5747
4288
9855
5767
851
8116
9240
8226
5929
9042
7768
5489
3132
5945
5035
6985
3572
9892
4472
4562
9740
1295
1662
4384
6105
7777
1663
5785
2458
4608
9165
818
583
7613
462
7383
8046
8544
8610
6008
7354
2829
7264
4618
3625
5354
9227
298
1673
4665
9541
5360
5803
497
9552
7652
4995
9863
9220
1649
4162
4141
1872
8062
544
2187
496
4251
2351
8930
30
9784
7111
7916
7645
9764
5357
1172
3303
26
7807
3040
5501
7243
2
2842
9966
1578
5073
6040
1111
8063
2748
9445
4751
1284
8710
6287
1503
1280
4212
7054
6707
5792
5478
9342
4312
5411
4000
7003
7640
4226
1388
5995
6150
3961
5817
6956
668
9779
2947
8577
5989
4242
730
4143
4337
6678
9153
3059
2362
2102
3484
7594
6483
9710
2480
6805
907
6009
5829
4046
7911
35
4883
5313
8632
356
6938
8244
3341
4153
7076
2353
3337
3089
4560
8473
1383
4176
1819
6876
3306
5992
2213
9573
6910
5096
118
9280
2179
8396
1632
2439
5344
299
9554
4526
9961
7668
955
7244
3982
1310
1457
2990
7436
5217
5938
120
2285
8404
1794
2799
1331
810
7542
7584
1703
8079
4307
5081
7227
5278
9523
683
5588
8219
8903
7552
5606
8104
5241
9217
3680
2515
5657
9104
3461
1876
6564
1343
9235
505
2272
3776
4300
7917
6109
1037
8443
1809
5884
2425
5175
5236
8503
9279
7032
5294
5728
802
1507
1493
9746
6482
3819
7269
3919
7131
9341
3130
2779
7739
8704
5734
9700
5679
6492
2888
2001
436
4568
5404
6512
4913
9338
1730
9076
2662
8753
9336
5543
5398
6870
3400
4829
5680
9756
2100
5924
509
6393
7464
4842
801
7476
803
7611
2820
5705
8167
2919
9964
9686
7105
2077
2550
7871
7909
3794
200
6126
6071
9530
241
5479
32
2401
9145
3825
5362
310
4223
1710
7406
9378
9162
8667
7402
6132
5401
8252
682
2502
3849
6641
2050
6249
6137
1309
375
2827
8143
191
8232
2386
9115
1741
8604
2845
2687
65
5810
609
5713
6415
4647
6573
7937
7088
2652
8410
522
2235
1995
5564
276
1233
4386
2085
8194
27
8798
9485
9667
2695
5696
7995
9874
8784
6380
7454
1952
1848
9438
9492
3142
2249
4901
5234
7571
2323
3626
3798
6003
9123
7449
8434
7211
5484
8369
8928
3945
5748
1681
4156
6636
1350
3958
916
6248
2875
861
3565
8797
6565
6984
7566
4009
5445
5403
666
8732
7170
2702
5968
187
8733
2898
3652
3751
7865
427
6023
6962
4218
2375
7559
2843
2802
3988
1824
5215
93
1693
4216
8563
5958
325
6949
8166
3533
3877
2051
7642
7774
4125
1495
8726
5202
1347
9252
3169
672
4183
6144
9147
5769
9519
9772
4786
3409
4653
937
8575
5683
2324
2380
7188
8978
1914
373
1327
3757
9030
3994
8547
2876
8804
920
5412
7160
1951
7065
360
7394
9349
199
3748
3613
513
1409
4091
4615
2814
1050
4962
180
4559
1434
716
1243
4966
5940
2108
6946
8951
6336
4992
2590
2732
3291
2216
1315
9021
1822
8948
6921
3543
6503
6221
5118
7064
4700
1165
3587
8665
6611
8275
9204
5617
1906
392
174
4825
9886
2086
3046
2031
5123
3407
2723
6199
9456
3577
2870
3622
4196
7993
990
5038
370
3113
5249
8774
4828
1328
6855
1755
1418
4359
4095
4012
7783
5750
6001
4247
9923
6257
1256
9655
4616
5209
3701
1282
6079
1800
3764
3310
9824
4676
2846
5069
8036
857
9158
7799
9636
5129
8141
5242
4340
6349
4756
2338
547
8053
6090
6331
4181
9652
6361
4750
8356
1549
8566
9190
6229
3075
340
3711
1601
5900
4968
2454
2561
203
1982
9139
6238
5878
4200
6584
7013
1246
1743
6370
5609
161
4934
3977
3883
2146
3846
2037
8427
1131
5575
2616
5994
8089
3265
7593
1190
7422
9413
3591
8282
3725
8964
820
686
4783
8317
1129
3890
9924
3717
6867
4010
3702
8238
1119
6016
1762
7470
8178
592
4980
1802
2706
1505
3691
1314
3910
7031
9663
5789
9734
5141
1612
9625
3773
7313
8510
7622
8254
5499
5222
6515
8013
4205
5760
2419
6013
5554
9845
6
8858
8754
6563
9006
5816
7024
2448
6886
5547
8758
4319
5464
1069
9253
2157
1674
368
7713
2916
5986
3204
4031
9879
3734
9502
147
869
6320
5271
766
8716
8491
8886
6427
8781
992
7828
1727
5456
5072
4795
1460
8650
6328
8090
1990
5691
9464
6215
7078
7251
6700
1679
6461
1036
8044
1781
268
3394
4361
3640
3534
4103
5641
2426
1022
9798
9946
7869
8625
2464
5207
9380
9302
7389
7592
2764
1074
7785
6575
8839
9451
2611
8265
4753
6212
1814
9381
3898
5529
3646
4311
3809
7398
4930
7308
7599
5582
2475
3128
1432
2443
3805
2958
9304
3248
4230
2107
6279
9871
3970
4179
4276
208
6315
9450
3378
2352
1722
3285
365
4899
7833
7299
3996
3688
9638
1511
5150
5746
6100
7387
5452
7344
4675
698
4130
7479
498
601
6487
1407
9303
701
3321
3962
8126
1934
6988
757
3430
9462
2117
1424
5212
7618
6809
475
2897
3053
3666
6209
4576
2170
3785
5761
1598
9200
7221
7071
197
3184
7965
7276
9179
9207
9229
655
2350
133
3755
9611
7887
8841
2995
6953
8407
9159
1005
6519
1274
7193
5315
4993
826
8049
1227
4813
9160
5170
3390
7219
2678
1422
7956
6436
6397
9683
3881
4281
1323
1417
6419
6103
4986
6875
5915
528
3786
6943
9818
1043
6042
3673
6069
34
3727
8919
1771
1546
4140
7396
4598
9588
2484
9036
1818
2588
2712
9843
8456
25
5752
5794
5546
4659
4875
6732
2483
1636
2946
3508
1548
8314
6366
2171
8715
212
8368
9078
6333
8153
7046
7457
5977
4522
8782
3866
2823
6227
259
1779
7866
3839
384
240
2355
1238
5031
2141
4486
2281
8481
8786
4530
2424
3375
1381
2089
9623
2283
7494
9150
9095
2642
9960
4517
948
9403
1456
6032
3308
7116
6937
2495
3584
2462
2135
8442
8031
7090
4028
3385
4077
4914
7824
6697
2165
1903
8488
7604
82
5099
5913
3316
8393
4368
4051
7639
1723
845
3608
3940
3567
6630
1963
4586
5715
9956
7129
9138
5382
4354
5727
6316
227
9870
5764
7253
2145
3610
5204
2975
1627
251
8851
2863
5790
3639
4639
7265
1039
5518
9582
6808
7852
7971
5101
8613
7117
490
9545
1486
3903
9905
3599
5350
6742
2217
1978
9948
4607
606
6376
9580
7094
8807
6141
8484
7275
7812
4686
7392
3324
2682
9990
4407
3629
7353
135
7413
3897
1964
4305
1028
2333
2952
9023
3967
8224
7562
438
6192
5188
1342
4532
125
6649
7152
6926
1268
5592
6327
6541
8721
7565
9226
6841
4224
1218
8561
8033
3820
6976
8853
9618
8470
6549
3925
295
5856
1011
8006
4087
4392
8461
9048
9741
2986
1617
3526
2457
1105
6749
1051
3048
5424
1307
7710
3354
3433
2651
4736
4265
1974
2939
7972
1953
3452
2402
5874
8386
9197
4701
5766
2491
8578
9687
5508
2015
8182
758
185
5122
414
7140
8111
7444
2689
7790
2825
718
4409
381
1904
4016
9773
4044
7964
2693
5965
8849
6172
2139
5544
6045
3765
4264
4760
4958
2862
565
6167
1637
3869
8249
2836
2132
580
6383
8616
4297
974
3531
9360
5839
3229
8154
2455
7228
7114
6864
8472
4322
7664
6731
9040
6029
5791
3746
4414
6319
7556
9656
6378
6693
3517
6363
7543
6899
9077
454
9751
8209
5087
9857
9820
4837
6999
5920
3957
3976
2622
1589
6997
3857
4306
1087
6356
8780
2066
8370
582
2784
8529
8723
6617
4338
2010
6145
3633
6012
6290
7334
827
2792
5846
5627
484
8400
631
4863
3296
1199
3554
5275
8893
9013
4866
3006
3149
2219
5256
643
8537
8908
5042
3707
3241
9289
4606
8015
6307
546
4445
134
6305
4314
5570
6282
8115
4571
6837
1239
4737
3949
446
4873
7352
1375
7345
5571
5882
4078
6041
4979
7104
2700
4071
2166
7363
9057
6585
3473
6400
2161
4401
5143
4821
1562
9321
7716
6304
85
5503
507
4743
2230
8449
6851
586
8708
4912
6322
433
6437
7665
3771
4272
5167
2367
8380
8642
3750
2816
2698
4208
6904
8866
685
1182
5187
2506
8310
7990
5128
3842
3611
704
8389
2459
3071
1475
6314
7996
1346
6562
44
1023
7062
9680
9066
7547
3218
5008
7041
597
3087
4364
7722
6930
1435
3096
127
6629
1273
6570
5948
5044
317
3999
727
1885
5744
7629
8169
8959
7750
6685
8459
1997
9146
7099
6119
6879
5799
6000
4711
5181
1124
8952
9965
1842
8498
1032
4691
5152
5320
5196
9757
9201
3276
8432
9911
1226
903
519
9121
9033
3729
1254
1386
7000
8943
9630
3294
5192
5911
7356
8748
2198
639
8161
2646
333
9000
8108
9797
5858
6485
2470
8595
3549
4643
882
3387
7546
2530
899
8223
5659
6618
6610
4395
1523
9232
315
1742
7430
7049
2073
2125
3446
9407
303
2981
206
9188
2181
56
1653
4902
3251
8093
702
5000
5325
84
1311
9486
4539
4678
8343
9044
1146
3157
8991
6326
2057
94
1411
5802
7042
8424
7501
3260
6806
400
8496
3467
9593
2711
1320
7047
3874
6236
6675
3114
355
3853
576
1622
3085
6425
9955
6066
8333
4497
7953
9297
5216
4819
4285
66
8002
4324
8172
6278
1047
7491
6171
7191
4499
6871
9731
8158
0
7867
6622
4
4487
9609
2575
2647
2766
3948
8645
3413
5960
8514
5266
8422
2008
8921
7432
8288
8054
115
2408
5821
3082
7657
1393
5185
194
3369
5605
9982
4234
3966
3540
624
4296
2865
6922
832
2153
7685
5345
1591
3514
4817
8076
6691
6021
4347
8739
694
4593
6911
7609
1581
2744
5724
7274
4435
8897
3429
29
6559
8173
1107
2988
6125
6615
5250
1171
129
9567
4939
3573
6475
7044
2039
9574
9544
6784
7935
8987
6162
6050
270
1304
2399
816
4075
1253
2247
8661
8390
2880
3465
3343
9978
7985
4791
2761
8885
5231
2860
6702
2752
4861
7486
6764
4231
8867
4227
5702
1478
2193
2503
3197
2639
9684
5065
1724
5015
1279
252
5809
8521
963
1151
9410
4604
7262
5675
150
1277
1064
1230
859
594
4869
7128
913
679
8283
8648
4495
5472
8304
4523
3972
1733
4033
7012
5903
6121
6114
2786
5749
1070
8854
6399
3206
9143
651
6011
8997
479
6760
6268
326
3077
1067
991
4886
8353
3125
5562
5851
5585
7342
7159
7102
2881
3766
8159
6256
5159
3530
1041
7602
9489
590
9620
4554
209
9014
6543
7906
9521
89
2758
7960
6374
6657
902
3481
4945
8840
1474
9816
3638
3471
6775
7587
9596
8269
1707
8634
3370
8124
778
8180
9829
4494
5971
9822
5369
765
1048
6170
6973
6588
2435
6659
4707
7234
9412
1264
7980
5879
5244
1688
760
2982
5136
8299
545
9112
8136
1364
3326
829
1482
1694
7495
4294
226
2329
2308
8805
13
9933
6175
3736
9278
7926
881
1317
3284
1216
9447
394
8932
1639
8812
516
80
3222
4081
8800
600
9859
6887
7068
408
603
477
1729
6689
2703
3856
3259
380
9604
1530
4611
8342
7411
7714
524
9508
8624
1100
8935
6762
8602
3703
3767
5493
2093
8071
2592
6746
6395
4329
2670
1351
6151
8684
4727
804
4082
7564
211
7097
4515
5415
4488
8901
9991
9538
2169
5168
2783
914
6782
1514
3462
3345
3879
9209
8150
2671
4372
9841
5257
9003
944
2079
9098
6686
9363
1949
5625
3419
7019
684
2371
4177
6301
9437
9458
1378
1752
2138
8197
2578
9091
6416
3815
7838
6857
5018
6682
3738
3230
2977
3544
6669
5950
4965
5068
8687
3135
136
5561
6752
9606
2932
9937
7029
51
833
8007
4632
4696
3656
2359
6874
7420
7676
5722
2906
7755
3579
2292
5061
7687
2049
4671
7982
164
6743
2991
2751
7870
9950
4425
7224
7127
9093
9794
2267
4938
3615
8653
1098
987
1002
6613
3911
423
2925
7746
3548
7508
5355
2356
9759
1337
9589
278
703
8399
7361
6379
9024
9344
8303
8817
6447
189
5383
9635
5700
9398
9343
8225
1560
9920
6728
3523
7151
4189
9514
9719
1866
4976
8534
6015
746
6786
2950
8891
9929
2040
1913
5203
3383
5153
8584
9835
5297
9296
178
6490
5156
3249
1644
917
4610
3505
5624
1499
3410
8450
5140
6652
997
3634
6591
8374
1143
7163
5500
8384
1542
2045
3653
6386
9628
4127
5120
4260
2212
5589
4582
5523
7519
2250
2815
2034
6281
1849
8980
6672
4518
1224
193
6451
2270
4803
7472
3332
8877
3200
2095
431
2858
9959
5530
2884
3752
8847
5697
3237
3700
6795
3209
4137
8364
9395
5869
5773
416
8714
4575
20
1567
1643
2494
981
486
9658
8077
2511
961
3779
9716
5379
5988
5976
943
7371
6381
6850
906
138
675
7082
781
8548
9581
2301
8168
8528
3021
2098
1671
6770
2175
775
866
4001
1077
5840
8738
8615
1986
492
9597
1708
5775
9284
9723
8622
5509
877
6201
2716
4468
5453
809
9500
5226
69
7153
2659
399
4122
5637
5603
844
6062
5860
7335
7502
3997
5232
4501
1231
6179
9828
3598
5620
1569
621
9488
8078
3946
8603
2385
4859
4492
5735
6394
8267
7918
6177
9739
7658
3581
3301
5490
9769
4629
5694
976
7947
595
7386
53
5507
795
4057
2993
949
8202
8783
3164
266
2714
83
7158
4672
657
3838
6054
6308
5036
1156
9919
2101
1125
9313
1664
5875
8637
678
9916
2476
4106
9936
598
7144
250
401
2903
8727
1509
8196
257
9785
2044
1854
1850
5062
1406
1700
9856
2680
354
6763
2373
2517
3469
7369
1244
3236
4133
2345
6720
7370
1691
6690
4434
117
9673
1
8372
4547
9762
572
6579
5377
5997
4419
9446
3214
9811
2030
2326
7727
3557
879
6891
8677
6004
5288
6826
2930
5160
3372
7928
3908
