3219
8311
9273
8433
3606
4177
9687
1314
3911
4877
8389
2286
2699
7855
6470
1377
4683
1340
5964
6563
6173
25
9563
1121
8664
7615
3042
5419
9771
1494
8810
8710
9818
4230
3065
9711
8879
2268
4553
1745
9461
6271
8594
118
4966
4842
3415
5353
6433
4419
5637
6840
8040
3896
2359
599
2194
3630
3049
7132
3506
5414
1416
2217
4994
7797
7361
4310
8119
3206
7590
9565
9187
3666
5390
5418
2048
5874
8355
7138
3300
196
5199
7025
7987
3723
1668
6324
5991
6259
348
2448
9567
9166
2740
4433
4550
1330
5447
17
681
2309
3989
4824
7965
6467
4974
4331
3773
3612
4046
4712
9261
59
2254
6459
1088
6063
9284
2466
8731
6009
881
8754
2446
8420
9107
8048
2869
5371
2123
3212
7838
383
2867
6028
2751
6177
4743
4565
8393
3985
796
3815
1018
3418
1521
859
5581
9497
108
9735
5202
1261
6656
9385
9962
9363
364
8033
6070
9552
3288
9722
3016
7690
7242
6005
9021
9868
3430
5920
6386
6287
3830
7181
2069
310
655
2351
4137
5999
724
8560
3878
6544
7672
5750
8973
3011
7465
7920
9040
4373
9338
3966
7666
2974
6125
2557
1951
9262
5139
1888
6124
8264
712
2013
1095
2224
6441
6871
7147
1530
4454
9034
7952
7910
853
6708
9069
1123
808
3699
7624
4282
3341
3391
1635
8370
5332
9169
8544
4737
6717
1602
9798
8578
5397
7788
4898
3316
3738
9162
9455
4400
3359
1336
4995
2970
4495
7458
7802
9148
9422
9060
6315
3687
9846
7442
7917
2505
1688
1539
9550
4933
4991
6456
115
5320
7123
8476
9589
2427
72
9235
7232
8944
1577
5998
8873
9847
4029
8707
2310
8619
2421
5821
1853
6767
8401
4628
1680
5686
2778
195
1776
6505
7785
840
7709
7739
4491
1973
9892
8068
1638
5643
4551
3053
4219
3656
9291
2668
9305
3308
8847
2599
8909
5400
5548
3132
3651
4240
7792
4463
8785
6900
6338
4649
8300
8196
4273
4051
9321
8954
279
6691
6729
965
8817
4229
8883
5302
4810
8129
1552
9001
8462
8585
2691
3615
205
4366
7914
1864
565
2564
9811
4982
5555
9057
615
8737
2049
4453
7336
5948
3472
9915
8855
2080
9258
2415
3962
4656
5201
9951
1065
3626
1331
9411
5586
7439
6421
4533
558
6030
8985
7714
4486
2412
3621
3610
2787
6142
9532
3986
9654
650
4895
1823
756
323
9137
4381
2768
8397
5384
4126
8502
1506
1623
2141
9959
166
345
6220
4012
7262
1181
7302
9554
4270
5974
9814
240
2487
3727
5138
3393
4629
1964
113
8933
1013
8767
8314
3781
7388
9212
8013
3105
7986
1624
7793
7174
8136
4470
8065
3652
3329
1979
9641
5337
3747
5839
3864
4808
4639
5719
7925
2550
2214
6872
2330
6615
1882
3444
4871
7889
3221
6416
1784
3198
4042
6730
5323
4611
9296
7717
5911
7985
1786
9266
3856
878
452
5286
234
4665
4956
5811
9624
2985
5527
1449
8801
7446
4804
1713
3851
3353
581
3250
944
5674
6410
8348
1910
5846
3284
7304
2930
1705
5890
5891
9530
69
8285
1050
5225
1906
1344
1245
7884
9487
6158
490
5013
7530
1789
721
9946
9310
5875
4457
8706
1295
8893
3143
7930
1242
8537
306
4862
1610
5518
6401
8168
1421
9807
223
3268
7688
2093
6568
6175
4390
5528
5182
1452
6584
6027
2236
188
4351
1878
6062
9580
9147
5794
3466
5098
1724
2943
6320
1194
9736
3511
2279
9005
2405
5113
3609
7503
9256
355
4047
6448
6294
9170
6024
8163
805
7378
5862
7443
9859
9425
4733
7010
8165
4585
1337
1843
8755
1837
8431
9598
4574
8742
7438
6291
7167
5278
7425
3120
2334
1202
5879
8697
127
647
148
1327
950
9825
2063
2422
951
1666
8647
421
1860
6157
7741
4297
6198
2095
4084
7107
8530
7095
2757
6167
1358
1322
8916
4650
6864
2618
385
9600
676
795
5249
3029
9138
7541
9092
170
3908
8345
231
6778
2692
5779
4316
8465
4087
7239
9484
4286
2889
4092
4914
274
4348
9827
9948
9312
7520
9164
5430
926
5170
2852
5745
3936
1540
3734
7843
7360
8951
2201
4412
6908
5451
5834
6408
1455
3239
328
4059
8173
6961
4669
1191
3211
5032
9114
443
8335
4196
8920
9361
2495
4422
8739
4494
4581
4077
3803
5486
7535
6363
9936
1427
7651
7691
1762
5583
4939
5564
457
9009
8854
8837
6313
2816
5738
7821
1000
9737
1695
6319
4382
9976
9018
1782
9640
1448
5622
2011
8336
8210
980
7156
5989
1132
7116
6928
215
979
3425
9983
460
4554
7311
2016
9740
1703
7155
5503
5117
6579
5093
1200
3993
843
2029
7704
9761
1834
2602
5140
7035
5469
4539
5154
2027
1101
4003
1948
9928
5777
1180
7892
4208
3477
6216
8929
4398
7137
2019
5083
551
8050
8107
2767
2755
3109
7695
9330
7912
989
2151
9746
7648
6917
5053
1380
2581
6614
3012
2987
1846
3400
5993
9379
6919
910
6191
4432
6477
9568
147
8523
1297
8680
7762
8888
5047
3623
9128
1218
5135
4215
9172
4063
9881
3548
2257
4427
326
2172
6588
5111
1175
131
8227
5755
4447
1861
9830
5547
6780
9087
1826
2753
8547
4016
4064
6469
2374
54
7861
5861
4730
8750
2399
8302
8525
8650
9785
8094
8121
1389
9466
2441
8927
3161
7673
5296
8989
6838
6732
9099
9527
3590
9329
7831
3151
5952
4528
5472
2223
248
5374
9533
6109
3138
4936
7877
6932
2528
4715
814
6567
6279
6392
486
6061
8316
492
7598
2282
2700
4588
1804
5939
5895
168
1124
4753
8540
3648
491
203
5482
5940
8700
1125
7436
839
4716
4101
9522
1392
5787
3248
9349
3755
6394
8422
454
941
218
357
6257
1234
6832
7562
6335
6139
849
2436
4726
6132
6468
4237
4932
4304
9854
8576
4591
2608
5282
2887
7574
1487
6330
3504
8970
4792
2308
270
8053
7364
4072
4838
2918
8766
9724
6331
938
2895
3478
6604
845
8638
5284
5572
9156
8688
1488
4024
4065
9651
3877
2090
4500
5665
6685
7236
2508
8611
7034
4204
9535
9643
2000
4266
7102
621
3849
193
2907
7839
9865
9255
3866
6101
8186
5370
4880
466
9685
2737
1917
5216
4976
8797
532
577
2385
2986
3375
9907
9975
3048
346
8514
2245
9206
1941
220
3855
392
5316
312
5902
992
763
7473
2956
4954
6640
6559
974
4233
9505
5799
1934
1167
5927
4278
9942
5500
9693
5855
7853
2037
9168
5731
6107
6042
8057
1741
8679
5109
8191
1285
3254
4013
5556
4694
4896
1513
3269
7479
9957
6922
112
6166
6339
9216
2702
5127
1904
5562
3821
2588
3608
9852
3106
9334
2459
625
389
1032
5818
8467
2497
8230
1731
2362
683
9439
5007
7687
8786
4384
5049
3113
3809
3748
8955
1411
6841
4444
8721
5847
224
1507
7227
2656
3580
4973
3185
1162
2698
4934
4480
9618
9152
4787
1924
5037
1031
7338
3205
1829
8635
2843
477
1082
8318
5860
6924
7342
4276
239
698
1424
6481
6745
2076
7194
4112
3159
8565
8169
1118
4908
216
5100
3667
5599
8830
8062
6250
6540
9671
6190
9629
609
5604
8601
3258
5744
49
7135
4512
9135
1993
9030
329
9777
7499
3790
2087
2287
4937
1518
2931
6310
4684
5280
8851
5532
3447
2663
7490
5971
8880
5152
9095
5108
3452
2558
5683
5476
6831
1349
8251
4459
8284
5806
8583
7627
7546
879
8524
2023
2922
981
7131
1991
9906
7175
9591
7451
3841
1266
4409
5045
5455
3852
7272
1301
3883
6603
7259
4462
8439
8924
9884
6669
3236
8743
2349
84
3157
5576
7583
8368
6275
9445
5279
5022
9366
9542
5358
7345
1165
4671
1353
4085
4257
4475
9559
5035
4004
3561
8180
8665
9729
7773
9502
6513
6912
1683
7426
5101
3628
1711
2
4825
8981
318
2568
8769
9644
9545
8036
6385
7686
4756
3282
5868
2030
9797
258
5520
361
865
9104
2298
9150
2145
4300
5613
5061
8076
5652
2984
5575
42
2084
3766
8390
9336
937
3368
1089
7652
4184
8548
6478
3619
6267
7817
6387
9772
2216
8828
3622
1003
6076
9070
5615
4546
1614
4009
6211
3338
1504
8613
441
3757
7166
1171
2033
9791
4336
9728
4873
6794
3330
6884
7679
5898
8429
4411
2235
1726
4921
6649
9599
271
3331
8208
1249
4724
5126
2977
9469
5790
321
2975
2099
3371
7073
2265
8792
966
7575
2125
2617
6807
8522
302
8625
92
3959
7723
7377
2381
7379
4803
3789
993
8582
6029
2005
3067
4175
1848
8753
1381
9556
1192
7968
3987
5309
8932
5671
2814
1640
7416
4387
6893
6136
7934
6713
8822
5591
7824
3
2633
9102
3863
88
2566
1365
4950
6418
9388
3228
8228
4474
2781
3535
4467
1206
1631
6425
6119
9278
2114
6006
463
8353
1627
1645
4367
2577
9569
3313
8391
5653
8864
1360
1232
1248
2091
8709
6875
1219
1072
1505
5946
828
7780
7079
4102
6106
7255
640
5550
2465
4943
1148
716
7664
713
401
5584
5077
8804
5290
5124
5950
7534
3112
1852
3999
1832
1356
4277
8528
6064
1226
6455
5336
617
9604
7947
1943
3008
6306
8814
5937
3868
2438
2766
8966
1480
2661
2250
7794
1699
7060
1451
3731
9218
9423
2237
7355
5208
8551
610
9463
8848
921
5928
7715
1601
7423
9723
5448
4651
4523
4128
8943
6586
6887
5845
771
9240
5682
6692
9132
1404
4900
3662
8600
6168
5664
945
7724
1463
4785
8658
503
3559
8500
9862
9457
2014
2424
3274
8937
7806
7635
289
3793
7844
7177
8930
1820
1806
5258
2571
317
664
9952
5606
6679
5727
8952
7538
9653
4903
8872
5187
4566
6483
1083
4118
7857
5691
7512
8018
4571
9232
4706
1196
6023
4289
4719
2096
8778
7799
1499
2053
3549
6
8091
4436
2101
6458
50
7866
3278
4353
1898
7777
6282
9117
7572
4646
8149
3178
1224
3050
857
7189
4822
5717
5386
836
6484
2244
8458
3644
6472
8426
2120
5848
9223
79
3767
7759
4638
9317
2017
71
8946
1795
5954
1569
2674
5016
658
1243
1919
1716
499
6909
1185
9631
4268
7484
3474
6174
5630
9613
4918
4532
8593
8204
4618
883
8015
2163
7434
9603
8861
5953
7050
7314
6446
9712
4460
4210
2521
1012
6375
1625
7271
1537
4049
3481
5497
2597
7449
8894
8071
4815
2260
9926
139
3522
8292
1851
7452
6566
6837
1689
8684
5831
3579
3983
6743
9738
8730
9077
745
14
6835
7219
7880
1300
6543
1009
8105
1512
1553
169
6503
3499
8867
2136
1034
3059
4697
3884
8833
3811
2982
3108
8283
3653
4327
9844
4751
8273
1105
3674
5761
9157
541
9308
2697
817
3660
3285
375
580
2728
8276
5627
2675
7053
434
6737
5715
18
7414
3774
4293
7295
5380
7791
2764
1590
4537
4754
7368
4186
2667
1375
7023
5571
6874
2109
5754
303
5568
5036
4088
8148
7146
9377
3604
3554
6393
5359
3201
5678
2761
6606
4214
613
3252
6356
6078
3724
7786
5012
8261
7609
9467
9967
1531
4698
5487
304
3753
8380
1751
2804
4374
7833
821
4285
3060
7516
130
9639
6256
2066
6678
1721
3536
5598
5205
1609
3130
33
5060
5067
6506
2681
176
9491
4964
1952
8188
1538
6716
5362
4069
8047
1453
7266
7343
9869
2810
1343
3690
4771
2682
8763
4058
9697
4738
6702
6901
1296
1960
597
7501
9664
5936
2009
3872
1223
8691
8295
7495
7358
3707
8821
3196
2474
5578
6680
1773
9933
9704
7543
707
1043
6251
9140
1947
3461
5609
8058
949
2195
3785
2554
9908
7254
4750
1856
7587
6155
294
5381
9328
5610
180
4863
5094
2523
9592
3051
6759
5431
9063
5628
7093
5198
8415
502
8166
1136
9400
172
884
4812
6744
1021
3402
1592
52
5471
9911
1708
7918
2915
6114
2745
3257
4124
137
6326
4990
2917
5566
6420
1046
2855
7293
342
293
3697
6966
6575
8310
5456
7594
3265
5506
7418
5270
9918
9226
5025
8917
4883
2471
5651
7545
5801
7410
3517
7737
972
5484
9912
4640
4835
4541
9042
4483
3635
5236
7908
5415
2850
7506
8823
3729
2741
5798
6858
8733
8412
929
1935
9341
854
1740
5121
2525
3592
308
7249
3665
7758
5240
3964
772
3859
2549
2800
6050
8299
6162
3917
9176
9436
7003
9810
7454
9717
4160
1709
1752
9002
5396
7613
9396
427
9934
9486
5677
1371
2296
3150
575
4660
3597
282
9741
624
6344
2476
7292
7526
708
1593
4759
9978
1186
8074
1227
3922
3162
3694
3575
9548
5758
1135
2208
1756
1029
1283
2450
3578
5333
252
5388
5343
7301
1168
9007
6391
1406
7825
350
6323
301
4094
3379
4203
4648
7052
5762
1068
2968
5908
5687
3025
83
9282
7606
222
5470
1646
3585
5325
5019
9301
9485
419
628
9056
4195
9557
5967
8027
8627
8142
7988
6390
9295
2171
4641
6963
5433
8557
299
3800
1660
6598
6172
6514
6804
8534
4185
3736
7077
9795
9730
2480
7404
9774
2122
4193
5858
5541
8131
9038
3243
635
6595
184
6176
3924
9546
5177
2647
6795
1475
1653
5382
2468
5283
6318
3139
7332
1545
4265
6302
8758
6942
1312
5340
1672
5254
1244
55
3172
6740
4580
6605
4284
942
3607
7964
8577
8569
5210
5195
7592
3973
7607
651
6580
2594
6592
7632
2413
8484
9017
6999
6431
8374
1937
5136
5554
2306
8066
3683
4469
6491
1079
2156
7921
1956
4404
6377
2137
729
7356
6237
7018
2173
8622
428
5157
5649
4722
5191
4290
9109
6340
5563
9577
6986
6554
5481
245
1682
3637
1730
1754
3531
487
3960
6230
3764
4191
7941
7341
2844
856
946
1573
3583
2796
2449
6971
4156
4345
8716
6427
3309
612
1710
4612
7611
7221
9343
9456
9663
1928
925
7029
5956
4590
6388
6945
3076
4912
6775
5985
6706
6739
1501
8685
9831
9402
5206
5588
4028
6060
2945
5688
680
8641
8236
2177
2631
3891
2840
4949
2752
2720
3605
6343
2776
6601
5537
2596
6059
1106
9149
4940
2534
6632
2645
5843
5983
9384
3480
7804
1873
7979
5188
3848
119
3870
7324
9345
6100
7721
8005
3555
1257
7803
9860
2267
1594
9986
9044
3807
2273
4301
4395
6916
5319
4322
9873
9731
6104
9344
8377
555
7608
3953
6661
9619
6475
3304
5882
5549
132
9757
211
6666
3381
4763
6328
8315
608
8945
1967
7154
4311
9783
8543
9905
6885
1667
1319
1489
6980
2971
1284
958
4614
9932
2429
3913
4107
8278
7202
2251
2965
2241
6891
7306
4205
3564
2496
3538
8761
2744
496
9809
7144
4963
2323
5299
8312
6790
4008
8332
7696
4036
3776
4866
7081
1694
4018
4778
526
1240
8901
2723
8181
588
4795
6372
9801
8469
2828
6266
5923
7829
242
1551
5009
4664
349
4927
8080
9459
9701
7170
5838
133
5776
9885
5000
6704
4526
2772
9528
4545
6156
8424
1008
8379
5789
6976
3791
3854
4870
5951
2932
1775
5594
8975
2343
957
4968
3795
8099
3741
9158
2403
2527
4466
8408
5756
6037
864
5099
9888
6799
1939
5812
5780
2139
9426
7065
3955
1604
6000
8423
2780
6990
8897
6150
9786
5718
1
1363
5886
1905
1899
2075
8922
6244
6711
661
9910
6303
2743
7274
7707
9
7323
1070
1074
920
1585
4711
8620
6411
6128
7437
1103
2089
4347
6058
8185
1215
810
806
8478
1508
2401
8726
1182
6551
4607
6417
9773
2938
2876
6017
4840
3988
27
4764
3801
7492
2345
5567
4431
8038
4050
7981
7285
893
5112
9998
91
2200
8919
6074
1525
4713
1986
1345
1850
316
7593
2370
6996
8913
4953
6964
9776
4141
3589
2228
9307
3956
1693
4602
37
6473
3226
212
1772
4299
838
2186
2912
2857
6753
7101
7207
8504
1847
4563
7851
8508
1077
1733
7813
5589
6772
5024
3073
4916
9955
2197
2923
4318
7303
9028
5463
5184
109
3961
6509
5063
5816
4928
7923
5151
1179
1907
9581
8694
5149
134
8016
9979
9608
4828
2785
585
8260
4742
5197
4748
1697
4861
4025
8287
1418
3967
5207
313
6329
2559
7967
175
3095
9742
2739
2218
2295
287
8866
5200
852
1316
7129
1099
7549
9186
9318
4115
6264
5958
9122
819
9960
1478
7631
1485
1881
5406
2826
9327
3543
6951
2341
5477
6719
4675
5883
2271
2360
6031
6239
9406
9514
1674
3688
8296
1520
4631
1098
39
2382
932
2417
7179
3689
9053
3633
7828
9605
5351
3262
7309
7162
2747
4033
6881
382
2715
1084
4456
5926
484
3650
4338
8193
2328
7830
2993
2595
9293
6033
1430
8179
1581
9403
851
3948
4428
3149
892
1574
404
7907
6022
9732
4538
2841
3390
1431
7706
2242
2410
7751
4592
7502
261
1127
9481
3671
7683
7226
847
6089
7563
4905
2238
5880
4527
5565
3805
9364
4729
7529
1062
3183
13
3408
1333
9228
9756
5158
7253
4619
8411
2621
3566
5976
368
5398
3708
1396
5957
1936
2871
8190
9759
8820
3557
5893
8364
6479
5728
8341
5910
7228
7835
5437
7677
40
2193
9883
5746
6015
3158
5263
6495
5075
4505
8579
9974
2851
1445
412
9579
9958
6369
9490
5443
9826
67
9561
1341
2489
5103
8662
4704
7887
544
7850
2389
2375
1814
8473
8517
5014
415
7995
5394
1735
9895
6247
8738
19
1737
6184
3263
3229
9197
9393
4131
1902
7726
1642
525
6796
7016
9224
8383
7486
3416
4221
7485
5534
7886
4158
3318
4680
1041
5623
7313
2229
7954
7322
6756
9529
3207
6626
4854
8630
514
2152
3742
3187
6529
1440
1458
1210
2001
381
7845
5237
8116
5004
9298
6043
4547
8183
6476
3394
2312
6003
6642
7386
8492
7897
8564
2696
2284
4359
1040
8055
3907
9412
4169
9246
5321
2856
6629
5654
3886
6400
3230
8233
1172
5317
4610
7982
8843
5703
7945
7233
3094
2648
3705
3992
4209
9043
3458
2394
1467
260
3448
794
9483
6507
5501
5820
3582
2570
5990
3819
5005
3865
2078
1292
9309
3631
9973
2677
4337
8777
1932
6359
4678
9260
6283
1143
5824
5185
9200
3915
2610
6950
3406
6382
467
5215
3889
3364
8968
7795
4558
4130
3270
4426
2192
4048
513
7130
8002
9183
5051
2472
161
520
232
2128
5797
9662
7210
873
8629
1636
2790
6854
2155
3663
1589
1701
5172
4055
4211
6204
790
2107
9768
1830
3419
6867
8350
107
9079
5255
7013
5540
797
1366
7670
4642
5409
7747
3490
8239
8959
1152
2035
3560
8723
2532
6380
8877
4692
2878
4239
164
9234
1085
7601
714
8628
7022
1024
9657
2562
6077
28
6021
236
2560
3276
4361
7553
6546
3335
4007
3658
2067
2605
5853
7581
9656
3376
6280
1987
1289
6547
5969
1233
6736
4955
1817
8206
1393
7180
842
4180
3974
8073
8125
8286
3893
9839
6524
7872
8661
8818
1872
2097
706
9582
4517
6443
6556
3299
1909
380
4536
9961
3714
4843
3410
7435
8100
8404
331
1222
4823
9288
1798
8808
2083
7915
152
6866
7111
3540
1859
1204
8457
4890
9800
5726
1329
7826
717
5849
4577
4658
5996
7168
4225
9925
4091
4917
8672
7122
6011
3083
1648
66
3802
8663
2976
8182
2590
7119
3871
7283
1535
475
9171
6159
4858
4346
4677
4037
30
336
8008
1357
4135
8967
9921
402
9570
8135
8410
7340
6044
1893
3199
2847
8159
533
4417
6869
9016
9699
1544
3275
3822
3921
6762
7629
912
4421
6353
7477
7639
7720
9916
8704
9790
8678
9210
6654
6171
7276
6548
8378
1736
5065
3336
9834
1156
3995
6863
1026
8935
8588
6755
7148
5347
9003
2811
8245
2640
3730
5176
1687
9488
2710
9851
898
6080
9143
8649
576
5295
4632
6161
6403
2363
3103
9061
3064
7354
547
6593
8584
669
6325
9264
804
6865
9683
1686
2958
2898
8049
3718
4849
4197
648
2199
8367
8668
5522
2357
634
178
6746
94
9253
4958
3428
7241
124
8681
5115
7456
2712
4493
9636
6295
3084
7163
7903
3659
7867
7602
6890
2716
9875
6488
1114
4616
1444
5947
3780
1146
5244
3931
3173
9473
474
4899
9520
1270
8373
7017
7937
1059
6496
5119
1618
8327
1280
2361
667
1390
2210
143
7698
399
5507
7978
6450
2189
3296
9475
8860
6639
1509
1930
8603
1997
8126
7278
4292
1763
9872
9233
2832
1269
3283
237
9816
1958
2409
228
685
8221
4122
8856
6686
7911
750
1221
6633
9609
2246
5038
3123
2065
8702
5439
3261
4839
3702
7464
642
9477
1783
1778
8542
2470
128
2337
999
9970
9803
9337
9856
7902
2348
5056
238
5909
6332
8156
7809
7441
8836
2884
3640
3620
1933
7084
3320
6419
5666
6667
6985
9442
9995
8041
8324
2592
9720
1822
2960
2158
4747
5421
4165
6117
4947
2651
6647
7944
7205
8293
5018
6855
4674
8436
7140
4693
4687
4601
8533
4325
4364
4127
2872
2006
9646
2342
518
9812
1990
2115
3980
5460
2062
4242
5961
5457
1137
909
7115
3127
3256
3255
5708
5462
9144
2678
1090
516
344
2536
6957
7976
2356
3595
5043
5339
7505
9159
6624
1025
7752
8656
7705
9930
1193
2901
7187
3298
8446
2836
5871
3287
3850
2506
3456
6129
5464
424
7900
5807
5771
8028
2094
8539
8114
8112
4062
9999
6782
1774
9709
1117
8258
8890
5859
8419
7027
2408
4999
6862
5667
2689
6783
2393
7800
8806
2165
2371
281
6577
1001
4477
9694
9446
780
1379
1039
9947
6684
3901
5076
3577
2434
9189
7045
5432
2839
4782
3853
2411
7834
3786
2749
5251
420
6599
3836
1212
8574
730
6677
4814
3743
6179
7496
2240
6379
3873
5894
4140
8645
1154
387
2291
6414
7847
4368
4595
3001
5941
5814
8496
9920
1828
73
1139
4876
3277
1164
6968
5614
2404
2583
4617
7190
3838
8246
2185
9615
3061
9750
4662
1880
1047
2593
534
7256
5312
5656
120
9401
4998
6617
8211
799
7159
4794
4499
447
8010
9331
4068
339
1559
5196
2920
9765
8615
9779
6249
4442
9764
5219
6480
2221
7201
8701
7550
2634
757
2520
749
3272
3244
2025
4734
4762
2575
3387
165
9356
5266
8772
5466
6813
9100
4014
9027
4172
9350
7125
1517
413
9272
5261
9931
8903
1673
2110
1134
9082
8849
7742
2264
9051
4017
1887
9754
6010
5408
9989
6233
5420
764
9495
3224
7557
8529
2432
1656
1122
4383
9460
6349
3385
3875
5915
8962
7555
6182
352
2653
1761
4562
8069
341
7660
9248
9769
5179
3090
6585
155
3148
8257
7953
4015
319
2774
531
6383
5863
7112
1874
3932
552
8079
7697
2003
6749
7184
1151
4661
65
3692
7508
4520
6281
5401
226
6087
4216
6057
8329
1994
6451
7754
2548
2007
2998
4740
9322
688
781
6822
2407
867
4496
3436
9133
4695
9845
4796
5842
6826
2580
5626
2769
6522
8690
4056
787
9383
2132
2939
1408
4728
1626
6243
8795
7625
5517
8693
9180
2927
3661
715
2451
6213
8416
5262
272
7544
442
3097
8972
8934
4746
7347
8147
6209
9583
7975
4535
2469
9022
560
2135
2684
3343
1812
8369
9996
4119
5796
2859
5089
6946
4405
2458
85
461
9113
377
7392
7519
2541
3677
4996
6188
9767
1959
4606
6634
7171
2685
6223
1696
1692
6205
5757
2807
6728
483
6792
7248
5620
7951
3829
6539
6675
665
8452
7209
4026
6430
2317
6246
2239
9913
8359
5650
7518
6218
8889
7466
1584
1529
7827
623
7483
1131
9551
3946
3737
8447
2652
6589
6620
2327
8376
1651
3028
850
5616
4777
1208
4780
9575
6560
9909
9192
1220
5773
3469
2635
2222
1183
2616
6757
2428
8063
718
6906
4587
2077
8918
536
4418
1140
8034
6975
5873
6734
6321
9622
9319
7895
3528
1981
6020
1305
6252
4767
9141
4773
3032
1067
7224
4682
1644
2074
3925
7841
6134
7369
4922
4802
7091
7856
6361
2952
5495
1216
6754
9917
8371
8482
7399
6904
9208
3327
2853
3509
1420
5624
4544
62
1492
4498
4652
8317
227
5881
8642
4183
4676
2418
1060
8850
4414
7576
1237
6610
6219
861
1794
2266
9519
4424
705
9597
632
4168
5835
76
9437
2277
9202
9250
8686
7384
6115
7408
5865
5475
2628
8813
8192
5647
769
8538
6564
9990
9290
9306
8554
8132
1482
3892
5092
9572
923
4620
2742
5107
3725
1293
5679
2665
8020
9098
1755
710
6461
4556
2870
7703
8086
3494
1496
5521
9392
7370
7203
451
9299
7868
9849
340
6501
5621
9019
1678
5454
5876
9666
8326
8774
7874
5499
2350
1558
7432
8241
4174
6655
6722
3251
1858
4001
6992
8078
6073
734
8840
1235
5227
1036
1473
6485
8596
7213
8463
4262
3286
6860
8189
3423
9876
3397
7649
4977
3437
3978
5
5711
1387
1970
1578
2707
3777
1587
9886
3414
573
3828
2057
6984
1915
7883
8891
1565
6508
9977
6520
3181
3696
751
6557
961
7265
6959
5644
2294
4307
9421
4811
6698
5458
4308
9965
9901
6103
3457
9274
5658
4699
7020
7307
7875
1262
2369
1169
2824
7176
4705
9627
3349
2303
3586
4407
9673
2793
6995
3749
7055
9359
1863
5737
711
4872
2902
5028
6742
5387
1738
7094
5815
1037
9829
4471
2738
3808
2726
725
4599
7865
4355
5169
8729
6590
2205
1251
4670
5376
8319
7011
8460
6236
6618
563
6435
6153
7218
8035
4326
3508
5345
5180
7012
1977
5699
4965
863
7267
1017
6135
3023
5429
3601
4894
3455
5377
3322
9304
649
5827
2384
1395
660
6437
1546
4333
7433
8402
6519
2713
6276
3634
6921
5027
9297
6768
4826
4488
9938
4478
101
4040
8138
5131
21
6848
6969
1157
9268
5368
8842
5804
1717
2440
2212
2117
8281
3686
8780
3519
6763
7641
7823
5819
9074
3463
7577
9083
2026
8146
3374
1465
8561
9204
5723
6429
523
7376
8435
970
9496
6412
2644
1796
4819
697
4902
9106
2530
5617
8158
3459
4226
7026
4054
871
1247
8
8499
3778
5897
2499
2483
2584
3704
5275
4878
8347
8580
6776
3788
8793
4919
3942
2028
206
449
6095
9949
3056
1352
6140
8464
4485
6013
9832
146
2686
7082
7468
4960
5066
2587
8708
3638
9747
2414
9259
7963
8352
6847
7066
3796
5488
7078
9286
7628
3733
1938
2864
6025
9325
6764
3735
7149
1866
7099
2613
8587
8586
1190
8644
9480
2775
6953
9333
3750
4806
5365
8983
6217
9415
9130
8225
1777
46
4258
8960
3021
3432
6766
1273
7390
9068
4586
9493
6317
753
4074
8263
6748
2118
93
3116
5214
704
9899
5211
3280
9695
4515
9573
2373
8306
8921
3182
9362
6395
3038
1586
9050
1120
6991
8328
4190
1378
1133
3036
5015
1306
1434
4637
4741
8915
2504
9015
4238
3927
9536
2636
9904
1481
7927
209
8437
7710
3709
6474
9681
7246
4399
174
9679
9788
967
1985
6773
2760
9471
9649
5705
3422
379
3431
9590
2999
6648
5934
3691
395
7771
7992
4816
1654
2304
9578
1004
6643
2948
9427
6810
2789
8512
7708
5232
2538
3668
1957
914
1556
4760
7961
2881
7085
335
1149
1104
8689
4621
5234
3537
7718
8857
4455
2874
7769
7570
2431
4504
5366
6993
2771
2646
6093
6224
2654
5960
1732
9871
6048
8428
8101
6327
3920
4032
2021
6376
5120
366
1064
9033
7263
4393
2572
8575
7626
9703
809
6786
3433
7869
740
7488
9369
3523
5607
6518
4781
9067
6638
858
889
9972
4506
1197
1657
887
4889
2344
1685
7765
9669
7932
8827
3695
3996
458
1253
8171
6126
5002
9596
6844
4227
1075
56
8170
5648
8077
9387
6707
8632
6724
3475
6935
1184
1608
6370
6032
9376
8279
9006
5190
8762
998
2012
5277
9222
5922
9276
9753
2346
5618
265
5840
8269
7983
7694
8054
3846
614
9540
5856
9097
9492
3232
572
3446
7898
41
2321
8995
4440
2054
9586
2022
2516
692
8011
9236
6228
8070
4959
372
2921
2642
6305
5743
5525
7401
2788
2556
9201
5698
9440
2311
627
4901
1441
6886
2112
5069
6424
6399
2225
8235
9026
3488
4342
2567
2996
7644
8493
8505
1620
29
826
1443
501
1808
1051
1057
4605
2111
9661
4476
3378
7899
7126
4319
1760
7667
902
9219
4779
4691
201
1797
1966
4578
8604
7736
3641
5058
8511
2416
4951
2180
3188
2959
3041
1588
3009
5498
2701
816
284
4744
7279
1929
9280
1901
396
1634
4686
1533
2978
4609
7620
5878
4836
8222
4864
2055
2919
5919
2379
5597
2519
7596
1400
8174
5733
6947
7070
5740
8024
5268
5505
9429
8969
7622
3678
7653
1278
7647
3086
6652
1359
2275
4913
9659
6683
6447
7273
7510
2130
4449
8313
1091
3569
3624
2509
2671
3223
23
2511
6270
9549
473
3759
569
123
2954
7088
8360
631
8526
4626
397
7591
9870
8309
8333
8175
6895
9506
7058
9193
2964
7586
5435
7879
4179
2490
9835
5391
5041
465
5975
3271
1600
5141
7420
1950
3897
2378
3044
8044
5222
3563
5781
652
8953
436
4510
4703
5132
6442
3882
5133
121
9300
8325
5308
4805
3301
3880
8480
818
6373
2435
6815
9096
157
2709
6482
1199
7942
3845
6621
6225
3093
1650
3719
3373
4199
5493
773
7784
6193
9230
1931
890
9452
8609
9971
896
1339
3527
6581
3952
3325
8719
7991
246
6988
6532
8591
450
7296
9507
3471
8059
3434
3066
2213
812
5539
7551
8090
4150
9055
8568
1372
7558
2731
8809
7481
1923
6600
4681
6644
8590
2650
1550
163
8026
2439
3200
9919
1309
2676
6494
1484
6497
5673
679
8301
7755
2262
2211
1595
7145
2946
6558
4542
4800
9062
2655
9891
253
1291
6502
476
6934
6384
7124
5602
9940
8858
5736
6460
9500
6726
2574
8592
8648
5326
4776
3241
1503
9713
3152
9283
4788
7381
8718
122
3839
4287
1318
4152
7429
8671
4272
1490
7532
5772
2750
9848
761
5245
7204
4397
4807
7074
755
6899
7317
6432
1787
417
2591
954
2227
8725
3355
8320
3249
8747
6296
3386
1998
4941
3337
6798
3445
9389
7431
7993
2877
8240
1335
9438
251
4967
9988
7621
2044
3498
9433
6534
3929
8450
9024
3089
1063
3810
7599
9320
674
9634
8759
3124
2255
7193
1092
6965
481
7096
5803
2683
117
5585
9939
8938
5982
3210
7801
6994
3079
4423
3721
9285
6938
5346
2146
5641
5285
5553
376
8321
384
4879
2630
9805
1423
3571
654
6727
8127
3007
3553
4370
2929
9525
8266
9512
5929
5884
9213
4402
2815
3817
5074
8298
689
2157
1403
4189
3310
3600
315
916
6769
9985
4448
2376
9927
1665
1770
6824
9119
1522
5921
6827
4362
3926
8636
1564
8949
6138
1055
521
6784
1203
48
1615
9504
445
3775
6240
7996
5442
1414
2324
1827
2144
3005
2353
5988
844
5735
553
8734
2121
5570
8413
4314
1412
4291
4758
3676
2113
6019
522
3146
8549
2159
3417
4335
138
257
3305
1971
3881
4798
9531
9828
2607
8217
5231
3363
991
4220
8372
338
5810
7588
1670
6098
8791
6883
6440
2269
6967
9239
4275
8366
5913
4217
5057
9178
44
8375
7007
8133
2825
6834
8727
1944
1698
7157
7699
1989
353
5760
1629
538
189
5800
6820
1896
2955
3292
6389
4105
6144
9924
2615
1781
1659
7668
8863
9855
3279
9105
7848
5006
7412
1663
8698
3916
6535
102
5932
7056
4103
1342
2288
8895
6715
3698
6636
7469
8640
6396
6597
8218
6235
8046
5203
1617
766
3594
1112
3905
2961
87
425
6368
6183
5903
2280
7326
868
8881
4468
213
1361
3087
1241
1069
7748
3082
5712
159
2545
9743
3465
2849
3468
5212
2340
2056
9667
3030
9014
7212
6018
438
2951
5125
8987
358
1130
5468
9802
370
1519
6245
6463
1493
9091
3596
422
2036
3362
8095
2325
9566
9145
5887
6444
5213
7230
3412
8304
4874
2164
3679
1840
8633
8623
924
3813
5369
2829
6977
7286
4133
1413
7480
2627
9836
7969
7757
1913
151
1811
860
8199
2482
7740
7032
5970
8438
8826
1807
1044
2263
5294
5536
264
6846
8432
8115
1115
3943
1076
2015
3189
5209
1921
8497
8570
1038
1144
5638
3762
9058
479
546
283
9185
2102
619
6039
6903
7846
9984
8398
8019
641
594
5229
2081
3046
2529
1954
616
4288
3293
4818
6092
8003
4986
8491
6956
1429
9755
1598
8519
1582
1975
9780
9365
9419
7582
7513
1940
1767
2191
7749
5579
802
7959
800
7640
7509
5763
3072
5538
1911
2038
8886
7950
9953
2064
4138
8234
9225
2879
1093
8344
295
9678
5716
5247
1256
2823
7350
8157
6116
8906
4078
934
1188
5713
488
3842
5659
493
7419
5830
1459
150
8532
3160
5986
723
3006
9898
8451
1500
3346
7604
6911
2624
1255
1855
7753
7333
5194
229
1532
8673
3164
2706
9524
8643
1555
7605
5026
7542
2008
6833
4837
5054
7564
7062
6212
3380
61
4576
7363
8395
5783
3772
7103
2733
6645
959
7770
2230
7949
311
775
2204
5147
4121
276
2473
2285
5759
4274
3141
9413
4962
1491
433
9151
4192
181
7409
6658
3350
9610
116
3529
6307
1918
4755
703
5663
6842
5161
6354
4086
204
1469
3591
2563
4952
6549
778
2894
2002
5938
1750
7662
5273
3551
567
3370
6083
4236
9184
6056
9326
5062
8616
7775
9944
5428
6970
9794
2909
3203
1616
6705
3997
1033
1338
9380
4989
6800
3991
2802
3193
7885
6802
2420
8963
2794
5046
8555
8000
3613
7160
832
6238
4887
8303
2746
9139
6152
9706
2719
1652
4983
1189
4043
7403
784
3739
4717
3693
9408
1764
3486
7374
891
4403
5153
2430
8928
4157
7730
7471
9626
9267
1628
8307
2821
4869
3348
2609
9880
3860
1128
3470
3941
5465
9120
3238
8130
739
98
8448
4509
183
727
3311
7110
3142
9628
6925
6452
8445
9054
1433
5473
1690
7904
7397
8931
3981
6170
6788
9011
4132
9394
4988
8400
429
1974
3627
8800
1011
5997
8779
268
6803
684
3351
5289
517
6612
9199
5788
2868
4915
4979
1410
9281
6072
5441
6710
5704
1308
456
831
8117
5635
9373
9323
8518
9032
6571
2248
3140
4027
6511
2830
9688
5030
3438
4334
7028
6206
6148
2783
6657
9390
4938
63
3984
356
4224
6905
8288
2819
9682
1891
4667
7984
4255
4881
3726
4371
3483
2322
1369
3799
7151
7387
4868
4296
6016
3167
1596
5314
197
5181
899
1575
7476
969
9635
8087
3681
5091
7191
5367
3155
6787
6856
426
4589
8607
7331
6487
1543
2827
7024
4039
8209
6471
1471
110
1476
9674
219
1426
5217
8006
8392
8510
8720
7876
3552
9541
9672
1769
5224
2817
7312
1178
7400
2885
7746
8145
8670
584
1267
6453
5611
1639
5753
8322
1871
9071
9893
4306
390
2942
5360
602
9647
5410
8852
4564
3398
3761
4298
9012
9004
643
8771
3944
2167
593
7173
6774
9513
5335
3654
9707
695
6234
5720
8388
8004
4385
709
1702
6308
675
3312
962
3372
1883
9023
6819
785
7497
8618
1681
5545
4035
8876
2059
4379
9265
8106
9161
1599
6747
4568
678
653
9739
596
968
6664
3710
149
6565
4783
7552
7002
2725
7936
6818
6812
5702
6232
1402
4360
8722
5192
7836
1875
2873
7528
8226
1876
2759
3411
7450
5008
6345
9585
351
3179
2419
70
952
5944
8805
2467
440
3758
8531
7365
8442
1045
2989
8770
2891
915
7041
5444
2402
3384
1788
2736
2944
4269
439
7192
5165
5785
255
80
4386
8425
4202
5802
6668
6761
7049
4829
5178
8556
3197
1100
1080
2297
2190
1793
8124
519
586
2896
1747
1816
1759
3168
1576
8667
2997
2070
637
2313
8553
994
6108
1317
8455
1279
8001
6973
320
9175
6066
4232
7188
5450
6573
4613
3361
8941
7394
6987
3642
7523
626
9611
8520
5670
7603
8229
3934
7043
2601
9391
2143
8072
6047
1548
4935
6673
1945
4309
423
8017
7071
1409
407
2329
7913
1311
8085
4159
3792
2969
2972
4246
3492
6040
2988
7359
7316
256
9733
903
9035
9982
8153
8122
9564
2670
7460
4170
4320
8516
7617
9689
1466
2833
7948
1264
3903
528
3003
9404
776
7578
4508
7760
6870
3129
4668
7743
4727
8513
8868
1603
185
9191
7104
963
3722
5040
6258
1119
359
6008
1528
1541
3222
6583
9889
4153
1161
4820
1386
9340
5685
2170
8198
3424
2138
4770
9992
6641
8382
2068
9270
7540
8506
9819
5160
5243
6348
8255
4484
3247
9638
8794
8194
3291
7559
7380
431
8051
485
4080
7459
3576
595
8242
7075
2979
7225
435
5307
3885
8812
1174
3760
9560
1632
8042
8346
3421
6186
9523
3289
6434
3302
8495
6071
7837
9781
4852
862
9134
2079
1239
4439
2779
3429
4231
5629
8892
6845
57
8581
4372
4329
4817
9110
5590
5690
4260
504
733
5850
5150
7215
6195
4529
7560
7933
2461
907
5593
7940
3295
1108
111
4603
1303
1334
5110
8164
2178
8605
6189
3037
5256
7300
996
6194
2395
3501
6849
5162
1479
9686
4380
5123
8703
6695
9555
369
7245
6088
1972
8207
2133
5297
5633
104
9269
2619
8942
3685
5164
7567
4267
8363
7072
4438
2957
2842
5383
4090
2863
701
3574
2301
7580
7980
1415
7383
6816
6699
210
4860
9642
8289
3122
5782
5729
506
2052
1838
3227
6537
4596
8081
8838
5166
6160
5914
5459
6791
5569
8846
4997
4162
3110
2302
8711
8756
6939
3713
5889
8976
1483
2129
8865
5186
3303
7781
343
693
173
3649
214
6099
5489
1373
8631
600
4797
3818
82
5220
2666
9521
5357
7498
4010
5020
8764
1969
2860
7220
5681
811
5168
9503
987
7814
2454
7536
9375
6550
140
3347
2425
3928
9588
2688
1984
5189
7014
4971
8483
690
4201
2004
5171
8485
5059
2890
3847
6197
8515
4891
7182
947
636
8252
2355
4330
4109
6851
1187
5348
4081
2010
4259
4413
2426
1276
2202
468
6733
5792
7172
5257
7658
4111
6265
1729
1926
9237
5403
8031
244
5106
86
8443
5385
6689
5031
4125
3636
7461
6185
1803
4555
578
8184
5361
7633
9146
7470
895
601
1914
6570
6943
3027
4098
9249
6997
5546
9125
9000
4653
7566
8573
7216
6260
779
7569
1486
6527
3515
1676
7776
3938
2533
8546
4752
4410
1753
2714
6674
1367
1468
607
3797
5276
5660
8655
4144
6301
9547
472
322
7141
5315
9353
386
9211
7998
8032
1723
2456
3550
5134
977
7134
8243
9914
2579
1879
9121
783
4516
3570
1006
1968
8714
1211
6879
5071
904
9719
5694
1810
2331
6622
9431
7527
4136
3017
7906
4584
8617
4685
9352
803
9243
7328
5226
2169
5749
5580
3081
9025
6105
722
8911
5405
5070
8200
4857
928
6397
4696
2784
8023
32
1792
1714
8384
4324
5233
1354
1704
160
5044
6102
8096
3716
5496
9244
1844
5642
927
936
3526
6026
6499
930
8841
8683
8844
9335
8992
1768
9221
4673
8007
3643
3485
106
982
604
9351
9510
4981
9357
4975
8896
888
453
7042
7636
5412
9194
3869
1094
4218
2478
4149
2358
2649
7183
51
8140
5844
1718
1591
4875
3787
6151
4865
1288
7671
700
2352
7117
4575
6960
1802
1287
6958
9718
6811
8652
6154
470
7656
4163
6914
6918
2252
4487
646
3834
8811
7287
8567
6312
1869
726
9381
5791
2453
4328
8595
2886
3174
2967
917
6817
2249
8338
2283
7344
5668
6415
6337
6825
5931
4356
5252
7109
1236
2339
6623
7001
8745
3857
2050
6141
129
1963
3071
8134
2148
378
5291
7939
4060
7890
9478
3000
6096
2491
833
3100
2812
6113
4358
2484
788
1854
591
334
6436
9127
9727
7881
9745
7561
8248
8923
3979
1407
7113
2457
2259
3949
3306
5029
1087
3617
9945
7298
7280
4429
1176
4920
9676
6299
8741
5786
3763
8905
7822
2552
6069
2658
275
6272
6465
6843
7779
4147
940
738
507
9111
6596
4559
4234
1965
1633
8692
7229
2724
7701
8337
9242
7277
7807
8509
1890
6492
2086
4645
6625
5700
3862
5218
657
8991
1567
4117
9538
2561
5272
6948
7654
5852
5033
1238
8357
7402
589
1391
4443
728
6131
7319
3192
1014
1129
9464
7946
5767
6878
582
9072
9968
7676
6688
6409
9347
4452
1824
1383
9632
5680
3507
4187
2364
190
3204
7106
7038
2119
8396
6333
167
2792
5363
2805
5023
4256
8103
6725
1700
0
2187
3990
5474
8964
285
60
1497
2966
7351
5918
5904
6002
8902
182
6111
2911
5395
663
6868
8162
7712
3505
5935
347
4450
3450
2721
540
4005
4560
8187
3175
5253
4248
7275
4198
95
5542
4561
8550
9969
1744
6422
5828
7196
4176
9031
6068
7663
1113
3546
4079
6438
9277
7859
3837
5502
5389
9207
5411
3524
6515
5829
7842
2289
2233
3562
3240
3937
9008
9595
509
7789
6611
2786
7820
2897
1158
4630
2994
374
3771
8471
510
2147
3323
8250
731
5090
2735
9789
9084
5968
1275
2614
9314
2626
3502
3912
5784
9902
9879
3214
5143
3360
3085
505
562
6530
1841
2576
2196
1912
9602
5710
7457
956
3315
6500
250
2546
5104
9841
3632
9177
8839
6181
1201
549
2153
829
855
2179
3171
2058
6203
782
3405
6090
2892
1572
786
2524
6407
9758
995
2243
7396
8996
8869
4097
6897
792
3399
7440
3647
9509
8487
2258
4768
7500
9476
5732
990
4525
2950
5877
4038
3669
4707
2992
363
1725
2612
8232
8825
2625
8155
3503
2307
5917
630
7763
7247
6285
6526
7251
1675
2232
659
5751
3383
8342
9645
3131
4416
4765
3657
6714
9374
5087
7738
3121
4006
4882
9205
2372
8782
8521
554
3614
1078
1980
199
2445
3940
7554
7214
8097
4264
9813
3544
9101
4461
8109
866
1005
557
4856
3670
8453
2387
3473
2198
7970
8267
5512
8414
767
8614
7362
3134
4735
432
3202
6079
3899
9370
8488
8787
1515
3496
9124
7472
1116
2207
100
618
3568
736
5010
4392
5264
9762
8474
8994
4984
5619
4775
3867
6823
354
8624
9443
7600
4011
1419
7372
9843
6933
8343
8272
7680
4030
2924
8908
38
6404
8784
5734
8950
2598
3794
7261
5632
9174
1107
9416
4095
7722
408
3603
1606
7681
5837
2032
9049
8290
7015
7597
6750
1925
7744
7768
6289
9081
2711
4702
125
5774
6118
291
8790
4809
2234
3625
4942
5559
3712
747
2270
9405
6923
6288
266
5078
8351
2690
3225
8744
5334
2498
2215
8354
7689
666
8961
5510
1611
7595
1561
2183
4710
8406
561
7315
3392
3069
6001
6635
9837
1265
3933
8399
2406
6121
8732
7623
8900
6536
8244
1922
2611
7994
373
8113
6439
7098
6697
1272
8259
3909
7051
6406
16
9136
530
43
5480
8788
948
3297
9354
3441
922
7645
9614
2822
7745
1166
4720
2936
1035
8444
5265
8956
6045
6989
4813
1833
4279
906
4594
9065
1622
7000
7637
6613
5984
9448
1388
1727
9489
6253
4253
9311
2046
765
9515
2925
592
9752
2320
4451
2377
5655
8118
4247
7960
9571
7133
3673
5888
1023
4057
9470
9209
3184
2502
6850
1523
8481
9348
8340
5242
2390
191
1885
81
2910
4200
5942
1649
4749
5557
6133
3680
7393
6493
7142
5434
7764
5001
7893
9935
9167
1566
1384
8012
6357
3273
7121
4052
9367
5639
5813
1016
6086
5508
3039
6227
6974
9792
1450
3744
26
8143
6574
4761
3213
4518
8093
673
7956
2335
8999
9173
5657
2537
3746
5128
2660
2903
6687
3491
2773
6616
3539
8834
249
2904
9410
5906
1159
1081
8887
6054
9714
3994
9751
45
7260
286
4723
6038
403
5423
2798
5399
535
8904
8128
9432
58
3413
556
4354
4946
1630
8219
6876
5872
5238
5097
8936
4582
3307
5631
6398
3752
7057
8819
9179
5535
1836
6830
2397
6609
629
7139
8137
9650
2797
7
3804
6221
3970
2367
8009
3098
2705
9045
9680
9324
5137
9991
6341
7430
7105
3062
8361
7143
3812
186
3602
9108
9874
6877
145
5748
3593
2368
2184
1547
1664
8781
6004
2589
2513
622
6360
3717
7999
5364
1066
4503
4906
5504
4099
1027
7186
1170
235
9499
8712
8653
6602
645
2226
8705
5925
5529
6998
7943
2500
9254
5930
6149
1477
2962
1346
2734
2503
1436
3013
8776
2181
4108
3004
5689
5552
3542
2657
6653
8695
136
4479
8215
8365
277
1290
8291
9850
791
2166
8859
774
371
2799
5379
9382
905
4123
6428
4801
6215
6627
4041
6880
8305
2396
9420
3137
8998
6952
2290
7087
6752
2061
6094
7288
3233
4252
6955
8940
2475
825
3976
3833
6525
3369
3715
6521
7909
6336
3947
2703
687
5724
656
7237
4985
53
8853
4096
3074
8634
4633
9655
3356
5350
2882
3584
3231
393
2914
2953
9039
3935
9534
2085
324
3324
7252
2758
192
5676
8323
3033
5669
5646
1976
1394
1524
6978
6562
6576
6286
1894
5851
9417
6676
6196
2292
1554
9630
103
3035
298
4635
9808
1868
7054
7548
11
682
2400
9368
737
4548
4365
5082
3319
3572
3096
8675
7284
8449
300
5446
3176
841
2332
5612
6898
7731
7525
4321
3156
1637
7048
8161
8899
6533
6273
5896
5048
2354
6309
4250
1286
6055
7080
3045
7916
587
5449
5600
4071
1217
6449
177
2492
3460
638
202
1054
6873
2569
5355
3237
3154
9398
154
418
5551
5034
5959
1472
4406
4446
955
4573
5301
4445
7783
6486
9637
6983
6374
362
3018
1209
1658
360
9424
5129
8988
3972
7153
3218
233
4213
7427
2437
1454
5318
8490
2542
495
9316
6358
9196
9444
7901
4625
7692
333
2846
9660
8270
9890
1474
6930
9275
2485
7453
6127
5514
5949
9346
735
6261
2479
1819
8535
6528
4847
9029
5102
2933
6954
7478
823
7019
5962
3798
6208
8386
1198
5697
6718
5795
3328
3516
3442
5696
4389
9518
2188
8602
1195
4655
9900
5739
2365
6700
6814
8993
8651
3242
6859
3806
2620
8356
225
5241
7268
3118
144
2916
1447
8275
3672
4644
4679
8088
2154
5375
3958
288
1583
3521
1028
7299
9418
6075
5995
1347
8659
8563
1613
2386
5714
4636
2493
8978
4978
2116
9279
3888
7894
5933
6322
984
1516
1621
6284
6163
1281
6192
6041
5354
3968
6889
4082
748
5980
1007
20
4725
469
6531
2756
7919
1570
6274
2553
6910
1177
4388
8280
2795
9227
96
1995
5042
500
7061
8466
6751
2333
3290
4178
9434
3357
1511
6231
1886
8599
8871
1961
7787
5259
5560
5230
4846
4254
4120
3267
1252
1462
179
8799
4598
9558
3340
1498
4206
6169
267
5662
2600
6608
9397
7348
2820
2603
2535
217
9395
2973
1437
4569
8030
4709
5073
406
9675
2514
6569
5857
2664
4181
8274
3117
3525
411
2098
8637
9428
7235
6785
5533
3101
5524
3180
1274
2176
6012
6350
8980
5305
7269
4378
7634
2175
7888
4524
2134
9929
9793
2629
4161
3497
1230
4647
5349
1446
2299
5747
6781
4572
9407
6703
6454
4926
2835
2315
744
4031
9435
8489
7693
7840
7325
2991
2578
3404
6371
9705
5372
2730
7421
5634
6542
5306
4349
6097
6646
1612
12
7517
5907
9462
1669
5817
882
7310
8151
2854
2717
2899
4701
4654
6052
263
2905
4083
8334
719
4557
1460
2515
8421
7475
230
6709
3177
3664
6523
8067
7655
7972
3209
9123
3099
2105
3144
6445
7849
5516
7989
8083
1720
4909
2443
6200
7750
4634
8696
4766
2763
3599
4514
9468
7199
9181
1821
5342
6671
9822
3581
5300
162
6085
3646
5701
7515
6637
9897
4736
1942
8120
2643
8566
3629
5640
2518
1671
8213
9358
4930
6304
3055
6712
7618
686
4458
8123
5183
699
8677
7732
1417
9954
3495
9770
5605
1849
1250
3217
3420
7511
7389
5543
4465
9046
7815
5478
8699
5709
2462
7282
2150
4827
6720
8238
4769
8297
5003
9544
9088
9963
1263
6053
8265
4549
1071
7905
5582
1048
6049
1510
508
4841
9633
2161
3919
1865
5972
4166
3898
2463
5519
3194
7046
7346
2103
4848
8875
4791
8597
99
6628
7489
5992
7447
7619
5096
7678
6504
3556
5452
5531
933
7334
8479
2206
6857
8666
4832
8657
9251
8362
759
9606
3547
7161
5453
1374
1920
4600
8022
1746
7222
1010
3902
5684
5436
4622
4241
8501
4106
668
135
590
7069
4171
6694
6378
5080
8089
918
8639
9648
5577
7926
4376
8247
6777
2031
1534
7428
1712
5530
6949
670
4531
8717
8713
1526
4489
7337
7009
5378
3532
5330
3971
4929
6311
579
6130
9501
8021
6902
9447
8092
3170
3513
2392
3010
4543
1983
5344
1370
6578
9036
8965
4473
31
620
7702
7675
7957
1661
3611
4774
8434
5081
3396
2276
3115
7240
9668
7289
4615
4340
3827
7004
3904
1325
1748
6210
3208
9190
2883
5356
696
2980
7329
9516
1350
7407
5287
4700
7395
2442
7772
5084
2937
4853
5163
9665
2983
4146
8177
4497
7650
1722
9052
2641
7864
3058
2140
911
3111
9247
8176
7819
1842
9089
9302
3145
4911
4020
4511
9064
9574
4689
5833
4044
6278
6510
6229
3479
2247
6821
8111
542
2071
4659
7573
3514
3043
6779
7223
3951
8220
269
4731
3500
960
2041
7832
9861
1897
142
6941
5174
834
6035
24
3858
4173
6758
6145
1514
471
3740
7977
4396
2838
2494
1799
6347
6277
15
8061
760
77
1791
6937
985
464
7033
8626
1398
2865
4718
9690
2637
9451
9313
8262
7373
9195
7444
2082
7063
4129
7030
9217
8986
5695
935
2127
5943
8475
6915
1271
6065
5260
6426
446
156
2680
2336
5601
1715
4597
4482
8789
4739
524
768
6591
9760
4139
9085
9075
2300
4721
789
2669
9048
1684
7782
1231
8748
1953
3234
9229
7958
2673
3002
3484
1042
6298
5955
9073
1145
7659
7234
4212
702
7164
9823
296
5303
1580
6731
7761
2940
7487
7565
8456
8202
2531
846
4352
4155
8870
539
6936
9576
4708
3720
1315
5329
2900
5899
2935
7630
820
4502
3618
5327
8536
1260
1679
9245
8440
5965
3077
837
158
7178
3126
7719
9698
4434
200
6014
6861
9129
3449
4969
2687
9037
74
6793
6081
6498
798
22
2338
3754
545
8884
5645
7725
7037
437
672
4021
4464
9078
9182
6631
1246
3701
1706
1568
9708
4784
8598
2293
448
5841
314
8461
9997
6809
5916
2253
9332
6582
677
2694
8527
777
1647
3382
4844
8815
9824
1813
2866
2638
8427
8037
7445
5246
1815
742
4690
8589
7197
5118
6123
9587
4507
1771
7039
1962
254
5765
5979
8075
5509
4295
8060
4492
5912
2106
9093
5945
2808
7579
8610
2460
6255
5424
4972
5808
5675
3745
4142
6199
3451
7291
2573
9993
4363
8882
6517
3598
9820
6147
1228
198
9165
1147
8172
1779
4420
1015
1397
7873
1757
7417
5095
7700
1988
6364
405
1839
8831
2088
2464
290
4790
8223
8660
9725
1867
6944
6894
7547
7349
6268
7198
973
325
7614
8829
2488
2565
9964
2893
6241
1399
9188
7493
5105
9857
6402
4076
2762
34
9864
5338
4799
5114
6137
4194
3136
1019
6651
1323
9238
7021
7531
8216
5793
5404
3377
8674
848
4357
1818
6979
6659
2732
9584
1061
5122
7158
8803
5085
3314
633
3684
8268
2837
6693
5766
1225
5373
6464
7006
6516
7727
3861
8740
8154
2981
2512
4244
5155
5011
4579
498
9775
9617
1332
9539
7556
5596
1892
6290
2274
4688
4666
5311
6806
5228
2045
9252
9616
8925
7040
5574
1214
78
4830
6594
7860
2507
5573
1328
5322
398
9799
8736
7413
5825
5204
2517
9153
5130
6552
4793
6187
8572
8417
2433
5490
4377
7128
986
3914
8984
2047
6853
2754
7756
1655
2281
4369
4834
9878
1542
9086
3923
5021
9355
4623
7811
1742
8835
4714
4732
3135
9013
3165
5173
3518
2949
3352
7616
9080
512
7589
4280
4339
9867
9956
8749
2481
1405
801
2913
262
4263
2219
6587
4490
7491
8150
7238
9154
3782
1805
4116
2510
1096
9517
6701
2718
8802
3832
6110
4222
7165
2126
4317
2100
900
1282
1376
5491
1073
5292
8979
409
6839
2727
7150
9691
5223
1382
7367
1456
5823
9090
6561
543
1889
480
7728
2875
7571
7924
9700
8254
4323
2486
1470
7200
7862
9047
5544
2679
90
976
8676
4
953
8507
4885
8277
1056
9076
2220
8494
4341
2540
9815
7790
7971
114
6316
566
5145
6896
9449
7646
7816
1597
3816
4243
9458
7585
8571
1310
5706
5692
5730
8760
4113
7684
8237
1258
330
7922
3558
6413
9198
241
9625
3728
2522
4519
388
7870
3014
3957
3246
105
2168
3216
2043
7674
7294
5086
6367
5742
4892
1229
8052
1351
7308
1213
9453
4167
875
7669
5304
5836
68
9041
3366
9922
9866
4522
4624
7661
644
6770
9292
2963
4992
2555
2632
7327
6852
6036
6541
1439
5822
394
280
3068
7382
8559
8621
36
8545
8407
6663
1173
3890
5603
3675
8249
6672
4923
1903
4154
1877
4070
2606
1884
365
9494
3533
2383
2586
5427
5592
6619
4249
754
511
9612
9472
8715
5973
9710
2585
3020
455
3975
4305
7305
8914
8541
4540
2834
8486
5341
7735
4408
2623
187
3031
8459
4023
3435
793
4151
4344
2748
4089
2906
208
8409
2501
5068
7935
5088
4045
1002
931
5867
7114
5892
1845
2639
4513
8845
1155
7713
9386
1163
7097
4567
9784
8331
8997
9454
9994
6836
4002
7353
2104
3264
7474
3462
8282
570
813
1058
9950
1946
5438
3128
6650
3950
515
9526
4350
5769
6828
7682
1502
5587
3133
7878
1205
3253
8765
5866
6572
1579
3453
1900
5608
8562
2695
1743
3541
9450
5271
3019
1734
1442
9498
3700
8039
3107
4745
5924
3482
7217
7796
4867
8498
9303
4245
9877
4907
3367
2801
1385
3080
2261
489
4980
1766
4993
6248
4343
9943
8724
8430
758
8394
876
8152
2782
6681
2543
3706
3245
497
5994
564
8606
3639
7297
983
6490
7320
7896
2272
4022
3078
5193
7507
4104
3784
6489
3545
7008
9289
9257
1560
9853
9594
9702
5440
9474
7928
2366
3102
6269
9744
97
2858
4855
7767
7281
6982
2060
4188
870
770
8468
9981
3464
5146
5885
7385
3900
6723
5672
5426
9593
5492
4970
691
5052
6829
3512
6178
4019
9842
6067
400
2380
8477
4757
1927
8253
8441
6682
141
1138
5148
9059
1425
7610
9287
5221
7206
6120
9163
1785
8926
8939
3765
6797
1022
9562
6297
2108
6405
975
3395
8330
9601
1053
603
1677
6263
2319
7798
8798
6051
6981
5981
3024
1790
8783
3732
9203
5561
874
5055
3565
410
4886
9508
1495
47
9066
391
6352
1422
6607
7643
9342
6662
8735
5778
9131
7083
7406
2018
4312
3769
1857
2447
3070
6366
3191
7929
8454
4394
3493
6690
6381
3015
6165
3831
3088
4583
2861
3751
5039
1428
6512
4053
7318
9430
6972
886
9623
1728
943
1324
6034
8141
8971
7774
5393
9553
6931
2845
5144
6207
5483
6721
5805
3407
5175
1097
5625
6122
6362
8768
1294
7108
1268
3075
6555
6789
8646
8110
8082
6760
3358
8224
1160
4437
243
1916
885
7482
8056
3835
3186
7638
3326
8948
9766
6545
2142
5425
5515
5721
2831
8102
830
2452
5050
7257
7357
4164
880
3166
9894
4283
2880
7136
5636
3573
3119
7973
327
2305
6082
1086
3530
1870
5661
3333
9112
8990
7076
8669
64
8212
978
7185
8064
7955
4593
1364
3467
3439
3332
8682
8104
7059
7584
3876
1020
1739
2848
807
3977
1321
583
1435
292
8982
1277
1908
7100
529
3894
6146
3345
3215
7494
1030
9838
4143
7391
2908
1619
720
872
7448
8339
3682
3998
4061
8957
2039
6940
571
7036
6046
939
4627
1831
7064
4472
2551
9716
8178
7335
7711
8746
3260
5392
1259
7208
9980
8832
2391
5239
527
5064
7962
8381
2042
3063
9116
908
6457
3969
2477
3091
7808
9796
2051
3342
8958
278
3317
4148
8751
1895
35
1126
9670
462
4075
3022
7974
2092
7211
2073
5526
7810
1801
259
5250
8470
2934
9763
2729
3520
1313
1368
568
207
662
2941
8687
153
2813
2928
5494
8503
5977
5156
6808
537
3440
3401
2862
8752
9715
1605
3281
6927
7657
9263
5725
7244
1464
4888
5461
9118
6892
7467
550
7871
3104
2160
8898
3779
9987
971
3489
4313
9782
2174
9748
2020
2995
1780
4066
2423
5826
2314
9882
1719
8472
5832
913
4570
4987
5116
6180
3427
4391
732
6351
3965
7733
8195
4332
9778
2131
8043
8977
367
8098
605
2124
7264
5901
1641
8912
9482
8387
6293
3567
2791
5869
7031
3344
8014
3711
3454
9749
3963
7330
3879
7231
6670
9966
3826
1978
171
1355
1643
4831
7089
8403
5485
9511
1949
9696
3874
743
4441
2444
897
5905
4924
8757
9126
5768
8029
4604
7258
9863
307
5963
4228
4786
4850
8608
7858
4430
1691
3092
7044
3487
6365
3616
1304
7270
997
6201
4067
4110
2231
5293
1110
1362
6466
1150
8144
4897
2770
9692
5352
6696
5402
3918
1749
7375
3294
7455
478
7339
4530
762
1607
3388
1052
4931
8816
7521
6771
3768
416
2182
4945
1707
5513
7169
2539
5752
9787
4608
4425
459
894
8139
3114
5422
746
8775
8654
1049
4294
606
6920
6292
1992
3895
8349
9020
9806
3844
9896
332
6226
7405
5310
4657
9271
9543
3954
7118
9465
4182
4281
4073
3703
3825
4435
877
2526
4093
9941
9937
7665
7195
8308
2278
3645
3266
3823
5267
2162
4961
919
1800
9160
7524
752
5298
1809
2818
3147
5900
1549
6300
8862
1557
6112
5248
3534
1955
5072
1153
5966
5407
297
1835
8552
5511
7685
3235
2704
2316
194
7152
1207
7504
5331
6538
8418
7734
611
494
9479
9372
2672
869
126
3040
4672
8167
7818
1758
5864
273
9652
6913
988
9231
6630
9115
9241
3930
3426
8201
8874
3163
5741
2544
9726
3840
835
3034
3824
2072
6242
414
8907
964
3047
6660
5523
9721
1765
9537
9804
4534
4235
7321
2149
6423
482
7415
9010
5324
1461
3906
9360
9214
5313
8025
1982
5445
1348
4552
5328
8558
1999
6738
4271
9821
7537
5854
7990
8045
4034
7766
2888
1825
7568
1571
4893
8885
9414
5595
548
7366
6735
7716
5693
1432
6007
7086
2662
4315
1563
4134
4772
6929
3939
8084
4859
1326
2604
309
3770
9339
1307
1536
3510
4833
3389
5870
3843
6801
7514
9658
6926
8974
8405
8256
1111
9903
4821
3259
6342
7422
9620
6164
1109
9858
2209
6741
7539
5413
4643
9103
4303
6882
3052
2806
3220
7966
7127
7352
5159
9315
1562
4521
5809
5167
5235
8612
4910
7522
3054
430
7882
8728
8231
9607
4401
5274
5775
7005
7463
1254
8878
4207
5770
1142
6907
4851
9155
8197
6084
1662
5269
8203
2622
6091
2722
3443
5707
7068
5987
598
1457
824
9621
6314
2398
5416
7997
3588
305
6553
2326
3169
2926
9220
9378
6143
8271
8807
8824
5764
4261
827
3783
7812
9923
7250
3153
9371
815
7891
3982
9734
7290
9833
3587
2388
3945
3403
9215
7067
5017
4145
8773
9094
4375
5467
3190
6805
3334
75
6254
671
2947
8358
2455
2777
4957
3409
639
6334
7398
3887
2040
2347
1996
9887
9409
6202
5722
559
6765
7931
9684
901
3321
3125
5288
7462
7863
2256
4000
4223
6346
9142
5479
5079
7778
6214
3820
8910
3339
7729
2582
7612
7805
2203
4944
4948
5142
5558
7852
1299
7243
574
3476
3057
8385
2708
7092
89
3756
4251
2803
7090
247
1102
10
221
337
2990
1438
6355
7120
7854
2034
6262
2809
4481
5417
8160
8214
6962
6222
7371
2024
9399
6888
7047
3910
2659
8796
9840
7424
4925
3026
3655
1401
1320
3354
4884
8205
822
4663
9817
5281
3195
4415
7642
6665
2318
741
1862
7411
8108
9294
694
1298
9441
2547
2765
4904
7938
4845
1141
1302
2693
1527
4100
444
9677
8947
4114
3365
4302
4501
6462
8294
7533
3814
4789
5978
