4980
1326
626
2140
6546
4518
6819
5483
1189
8534
7652
7923
4190
3450
4666
6908
851
3148
7341
326
7944
6347
1273
9163
7733
5346
1032
1929
766
9874
3825
9520
4275
5609
481
8990
7945
7547
8855
604
9872
9798
1703
3020
6816
1161
6006
1993
8442
3090
8116
3150
2469
4786
3706
9435
4400
3416
2969
4367
7893
3418
3907
802
9030
7951
8301
2274
9296
7602
5369
7418
2398
6504
146
7247
3800
8860
5655
3009
4614
6428
4197
7450
1901
3510
6243
9484
5956
4752
3186
6058
4330
8090
5269
5831
4706
6180
3102
7695
8427
8182
783
765
4140
5486
9599
9478
5209
1393
9027
4474
6088
7105
9364
273
2434
2458
7751
9735
1547
7232
4663
8592
5197
5339
1628
1675
5239
3845
7278
8680
3059
6493
2436
1486
5292
6496
8923
7485
5488
7324
898
4350
4038
4440
3971
5862
4430
4780
4884
7132
6543
6902
6173
9600
9018
5952
1511
2922
5925
2595
756
589
7747
9083
1558
7203
1350
9175
7739
7558
5996
4335
1000
1856
2634
3325
2717
819
1403
5797
8781
4212
9365
1485
1577
2472
3966
7289
5668
7118
2371
2690
2000
4094
8148
6239
571
9277
8094
1427
3819
8289
50
2153
4160
2783
7908
4717
5588
1335
4692
3489
5186
5521
6297
6432
8185
6580
6366
6005
2771
2089
2499
7753
7667
8595
2116
2005
9789
5897
877
1771
8237
3803
5008
4055
5153
3125
5484
6622
3988
6605
8693
8193
1004
3034
7651
6490
5088
4806
3170
2648
4560
6228
1446
8484
6740
6455
836
2467
6501
2045
7106
9279
2915
6054
1164
6158
9180
5503
302
6962
6324
9606
1033
9290
7723
763
7627
5628
3010
4655
7995
9840
8542
8388
8415
3191
2986
6335
397
7605
4571
7187
9423
3271
715
7840
9855
6169
707
429
4334
4870
650
8329
4370
1809
445
8612
1992
1752
315
2841
2718
4723
5767
8662
9410
8023
6653
9490
401
6937
9884
5255
8007
1195
4438
8147
924
4740
8214
79
17
2225
3997
8125
4634
8509
2014
7070
2934
5207
8324
1034
3684
4720
2303
4860
2637
8544
9686
9232
9669
7393
6240
4385
6319
5318
9701
3998
1962
9191
9888
640
1002
5104
3623
2672
4791
886
4620
5975
5933
4708
9732
5790
1709
2151
5166
9346
2098
9721
9803
2510
499
4457
6360
6495
5381
1265
2059
8487
6370
280
5571
3875
6186
4867
5365
6478
9359
8861
689
9622
235
3754
3042
5164
4222
7466
1950
421
8836
2540
1617
6040
4030
1987
2504
8231
6304
5659
3840
2896
6147
5995
9617
995
4613
7607
6566
2124
6763
6265
3094
4810
3104
8958
4079
4459
6063
7542
4618
450
275
9655
5612
7346
3865
7150
4184
3502
2227
3112
557
5913
1954
6938
3785
9662
8210
4551
2805
3765
5785
9712
5191
3627
4470
3746
4128
849
8513
8092
7942
7726
9231
4542
6232
3061
3280
4481
6358
7161
9243
5152
2947
7843
1425
869
8602
1594
1690
3091
7238
4022
199
4737
8048
8800
2180
9281
3517
4501
992
5511
6521
3087
8389
9843
2828
893
7089
3892
7411
1946
4811
4407
9666
3361
205
9773
8983
2811
6168
6046
828
2580
5475
9965
8504
5894
8395
5022
692
5596
7137
5471
6850
6214
5941
9507
1106
9962
7109
4091
2111
4944
2338
2202
4788
2479
6694
9731
1439
4974
8454
9079
9185
4145
8180
4497
4259
4537
5711
8398
5323
7745
7412
4673
247
913
1228
2001
4507
1693
1431
2215
3816
5183
5377
8302
8366
8449
4826
9524
4185
1724
6257
8277
8154
2229
157
9369
2741
4272
1445
903
7624
7628
8640
8829
6160
4682
3198
6514
1100
538
214
2705
5299
1246
986
3595
1876
496
4833
6808
3669
8624
2933
287
5697
4597
7061
5868
1048
6110
7095
4521
7019
4156
2446
8035
453
6078
8928
4436
6901
1959
4134
6923
5073
7397
3395
2955
8805
4915
5731
7422
7675
1475
8380
4238
1368
7716
6775
1670
4368
9262
722
7958
1488
4898
3727
189
2286
7543
8238
9348
389
8173
7932
7834
6483
6387
8901
9408
9677
3626
7996
7449
9834
9213
3656
7245
2992
1781
1312
687
2219
7922
8099
3717
9184
1884
4696
2037
9813
6770
3001
6928
2818
4378
7890
2363
6338
4563
7925
7368
9381
4514
2016
3413
8402
8520
3987
1534
6161
1758
9852
400
8461
2559
2974
6882
4383
2662
8840
6385
8656
5669
6229
3936
2668
3466
8259
3331
966
2184
9106
9564
9781
7406
8243
937
1738
3873
5728
8352
723
8174
8747
1791
1821
1563
2110
3315
4036
7473
3492
6171
7943
5286
2793
9750
2209
2906
3299
2913
7916
5529
4530
7580
1408
1058
7461
6204
41
4247
8804
4152
6792
7572
7429
86
4276
7361
1550
1444
6419
7050
5312
8034
9664
9271
586
3863
6275
1413
9589
8966
6129
6121
7366
9356
7240
494
2013
6175
2591
2280
1222
2321
1533
9961
7196
7540
8926
8091
3680
1481
1325
2819
8667
7687
7334
6818
1519
169
8976
2270
3723
788
4615
9325
7402
2848
9536
286
2687
2272
3377
5774
9399
3615
1916
3739
6738
2538
4764
9129
1842
6244
149
4552
3101
8057
9274
4391
8875
5279
7483
4217
6249
388
6074
7176
2302
3195
3876
5963
9111
1461
412
5477
572
7811
9203
4204
1749
192
3424
6637
7754
6572
2212
660
7210
267
4635
7947
2809
2071
6761
6725
1891
3788
8869
4627
4337
8234
3858
3942
4742
3218
1333
4897
7023
9993
4760
3400
887
4556
3465
2740
3018
3183
8849
5836
6486
7158
5452
5712
2935
8905
7308
6787
9953
4193
3787
1085
5935
1443
2031
8941
6104
3446
6135
9971
6072
9135
8088
2719
4824
8340
4527
6794
7764
8832
1751
9772
6263
9136
8754
7756
55
4114
1340
7522
7634
8787
6567
6039
1655
9223
8932
4927
7601
9162
355
2459
1721
2252
7901
2275
7122
1762
6905
2726
9646
5977
7673
6704
9799
5724
732
7841
4271
2959
739
6
2307
5518
5699
5805
9361
2021
883
1737
4011
8403
9514
8354
2268
54
7280
25
6940
551
6075
2120
2732
5218
2891
6305
5793
2267
7156
2178
7689
3216
1855
4154
3355
2273
4284
8426
4550
4214
829
7706
712
9456
6351
9432
2194
9052
927
447
5175
1453
8121
9944
1811
623
9001
7815
6927
4600
9264
5801
3307
2072
6779
1203
2839
2205
3591
2567
9831
4996
5759
154
8762
5550
7145
4735
8848
7024
2327
4574
9193
778
9499
3954
5415
6631
1382
3173
5966
5523
9982
7770
6289
1280
471
5626
422
4640
7475
615
4192
2015
1704
4066
6999
6552
5616
5873
1560
4267
2984
9929
7227
4643
6630
7035
6362
2658
775
9171
1384
6146
224
295
1735
6125
9969
845
7166
8582
2439
1960
5776
414
8895
3535
9527
3329
4161
721
9936
2816
5666
3688
8260
8659
7159
7505
7557
6936
3039
4676
7988
8890
535
4491
6448
5267
3412
8587
2420
5005
8642
7989
8382
6401
128
3695
864
5037
4653
2747
3587
5143
6617
8205
4753
7136
2176
7486
4119
5173
6924
8936
3253
827
6825
667
3438
4906
6887
1625
3105
863
2578
7681
3470
6555
951
5987
6682
8215
8669
3016
1973
3721
611
785
4963
9486
7508
5755
4178
7275
8497
8126
1017
1330
628
2817
2088
8538
4781
8963
6406
3468
8687
3460
8011
2812
6931
3160
2609
9097
852
2007
3254
6021
3038
3811
6548
5980
2063
3751
4861
7950
1832
4226
6465
5779
1150
5864
4593
534
5743
3575
1353
111
1187
7179
231
1603
8492
1990
9300
402
4953
9639
918
717
2314
2316
6022
3705
5237
2802
4111
6974
8808
7865
3786
3612
6611
8623
1567
7314
6030
3929
590
4660
5001
5444
1700
6196
5358
4755
9248
5872
6865
681
1492
9031
8757
1783
5690
4076
8451
9605
2576
6284
6183
170
1178
440
7578
7879
2491
9285
3606
3110
4372
632
5649
7306
4320
3923
1935
5466
8508
7963
1173
9631
6178
7905
8368
6095
9792
1021
798
908
5398
8164
9127
2345
2883
9063
5254
3993
8188
4573
8494
5234
2488
5491
2378
4158
3759
5353
9801
5893
9565
8093
9377
8744
6714
6626
2599
5762
5467
1243
7055
6407
5900
5635
290
3870
6446
3267
3343
2798
3164
4243
7049
2804
8701
6893
810
4004
9897
1999
4490
9378
7611
5291
6654
8722
9395
9866
4547
9250
1024
320
4636
1580
9200
9637
5851
6062
3262
8960
3425
6956
2859
5373
7743
6069
271
7759
8560
8002
4558
9913
1537
5590
5501
6055
3545
2569
8569
1795
4352
9825
4249
3204
736
8030
5527
1714
4033
5705
3324
4934
3992
4377
1568
3927
1610
6303
8095
6111
7436
1484
9287
9085
3047
8609
1520
694
901
9873
854
544
2261
8677
3994
3375
5639
6060
0
562
973
7300
8229
67
1153
6542
1279
1687
3569
9562
2185
3650
5303
8931
4937
7111
4641
8779
6403
907
4325
2440
1967
2487
3928
3736
9760
3255
1919
2780
3445
5091
4803
540
6525
8826
7891
5360
4656
7130
5898
5997
2553
303
3772
3300
9952
8436
7564
4254
4907
776
4707
455
4121
691
7623
4733
7587
5921
4715
7795
8977
8308
979
6127
5054
2503
7772
4926
5147
113
4506
5461
5573
4851
633
448
5074
5736
7655
3334
6221
7839
9892
1452
5319
8467
3207
4149
9306
4040
9493
6689
5577
9198
2903
9024
5375
4362
9077
9817
3843
3287
8991
6059
2112
5679
3037
8714
6921
4401
2558
8871
9062
8880
1342
8150
3618
7320
1602
8272
957
8746
4683
8396
5078
3322
945
1878
226
972
1360
8045
4546
6163
3824
3212
381
8719
5355
1089
7383
7004
4245
9020
5572
9957
6671
2050
210
3096
5399
7337
1447
7084
804
8217
2807
6208
702
464
7142
3909
6522
8376
7814
6778
9424
7027
9156
9331
6884
5333
4282
2957
7270
4922
5592
7663
3554
6210
1943
7533
2787
9458
283
9931
1076
9235
3072
1144
4220
5696
110
782
8119
6837
9705
6238
9207
223
6722
5396
1755
6691
1607
6856
7489
8893
2517
174
3519
2444
5225
2872
1077
706
6003
438
5570
3029
2711
2523
768
4357
8548
2152
4579
8877
9860
8630
2755
6813
8625
2878
2203
773
6272
7704
5764
3691
9280
3097
6860
4042
8572
2905
1951
658
5955
678
3410
7562
8421
8362
3197
4179
2806
5708
8457
1790
6076
7340
7403
442
9691
591
3904
4564
6519
7100
8100
1574
5803
2032
1197
8267
4910
5185
977
221
7181
188
1646
237
8561
4132
2794
9116
9583
4241
3270
5994
6676
9842
7317
5735
2865
1717
4200
9084
1633
4101
91
4761
5437
6450
1300
539
2108
6675
5451
8014
3264
403
5515
4991
9433
729
4291
2715
2855
9428
99
5359
263
7114
7409
4525
3808
8870
2030
5726
8209
4970
473
4001
9128
6991
1003
7713
2127
6207
7468
9907
1424
7711
523
8645
999
9421
3926
6766
4631
4301
9569
8046
4837
5085
1848
740
3321
6139
9933
3055
9846
922
7886
9576
5030
7325
7850
7094
8445
3302
8296
3440
2749
8028
8493
491
5892
1565
4534
8038
6732
6380
3805
2733
7388
5915
7631
6027
6213
329
9091
1259
7735
8274
9626
8649
873
8844
3310
9284
8546
8408
7439
9998
3600
7915
5148
4940
5799
8066
8712
4728
521
7898
9455
2532
637
1324
7183
1643
3718
7654
4174
4159
6151
1272
1770
744
7002
3561
8105
3295
9534
1031
9856
3769
663
867
2497
618
6047
7093
415
8200
2129
9553
9010
7188
1283
7858
9504
75
11
8915
5080
594
8422
1768
9667
8816
5000
185
916
4413
5804
5327
4848
8635
8431
2217
5463
2105
6491
2964
5418
656
8660
7332
4344
3146
5433
2009
1998
8246
747
1098
7777
2372
3235
3989
8589
6438
4757
5068
8236
9329
8013
1099
9610
3750
1374
3423
4086
3221
7327
4966
7133
9630
1458
4218
4604
1357
9793
8233
7128
4679
3975
7344
9437
7746
5958
8733
6365
2480
8541
164
3048
3181
5934
5545
2761
9613
543
5465
4029
8384
7888
5093
8466
8114
3132
9202
8551
8646
8337
7929
6723
5700
2193
6561
4281
9847
8062
5414
4872
1180
5680
6742
385
2242
760
6323
8632
1871
1354
860
9920
6363
1159
6586
6048
2083
261
8666
2138
5714
5816
7513
4225
8518
4724
4083
8562
465
1668
7967
2197
2786
9181
5812
2596
7684
1339
5487
943
4431
504
5908
1437
3236
3652
1295
1974
66
9810
9263
4968
1390
683
5131
6279
8830
7928
6192
7757
3228
6820
7259
6899
4450
1638
156
3162
5004
1725
2379
3817
9141
1559
2383
5852
1595
7392
7953
7980
6394
4109
6236
3248
5118
5744
2296
5066
839
8954
7529
9023
3744
2836
4349
6467
1083
6199
1666
9090
379
842
3333
7779
2189
360
1659
8253
8771
1513
5656
356
7608
8540
9879
8261
4003
1652
1209
6344
8256
6698
805
2937
3850
3247
2536
3548
58
3838
513
6426
6101
390
8027
5247
3715
2684
8239
9211
8321
5984
3030
2125
6182
6404
9196
71
3963
489
994
6376
2421
7528
7604
6578
501
5410
59
7688
5888
7797
3366
3283
1975
4183
553
4289
1239
8313
1543
9521
2230
7668
4754
6638
7367
684
9699
9256
6354
1766
8859
8157
4269
8885
9165
4887
7266
9407
9828
2090
8556
1288
5954
2377
4235
2198
2703
5222
7423
5121
7550
713
4331
6799
8061
8159
3210
7538
6643
5643
2729
274
1732
2667
3226
7193
7999
5729
3240
5985
9754
2630
9247
1042
8309
7169
5425
8320
5029
1313
7590
9444
8670
1593
9439
9748
2311
1430
105
4221
8328
5877
5924
3867
4496
7975
6867
1708
1989
4545
5105
6254
677
9273
29
5594
8128
4654
1373
6961
1116
2087
8872
6260
4985
7968
7976
7258
6583
9673
4319
2336
9144
7585
7364
7359
2571
5092
4125
3306
5348
136
4903
5338
2010
4704
4392
7939
9386
3660
2313
2604
4528
8190
6759
4776
5161
1473
6281
2381
4419
7209
1619
8115
9041
1991
4904
8025
7938
5986
3345
3479
6845
5378
3391
9984
9070
4304
5599
7830
7146
3169
4252
3217
9975
8946
2864
8767
5087
6667
7570
2046
7718
8485
3585
5998
5216
7715
3677
8549
2310
8841
4085
2626
2022
1308
4236
7053
2531
2132
4437
5157
150
9006
1722
7948
2312
9891
3603
1937
2490
9621
585
14
6861
7606
3761
7079
9946
8420
2956
9509
3665
8935
23
350
4414
6608
1274
5361
4924
6772
8330
7480
3666
8350
3719
6853
5367
2515
1270
4541
7546
6033
4242
1764
982
7523
8110
5825
2677
2962
3293
7451
42
609
1651
396
7970
654
2843
2987
4263
9956
2406
5010
3738
565
2165
7452
8615
9050
3771
6342
8169
3643
172
3068
8748
3478
9087
8736
3714
3953
5288
9894
3681
3757
6904
6753
292
4644
8208
6215
4802
3573
3784
5177
5845
9511
7696
9330
2963
9392
9069
4347
6144
7786
9164
938
3984
536
1434
9167
1211
6627
3791
100
4557
4332
1599
6355
4411
4838
1310
2142
914
9220
4739
1788
129
7033
8227
6350
8071
4488
2289
7848
7311
7698
8304
6641
3895
6334
9074
7281
1091
2074
1745
254
648
6408
3741
5040
8822
2700
7793
6462
1736
6273
4462
4380
5417
9819
3609
1590
7809
2643
9210
3282
5469
928
5214
8051
7255
8124
6600
6684
7036
89
9684
9373
8927
1673
1812
7222
2464
522
9057
1940
5532
8282
9045
1963
9710
6386
5813
141
8413
8903
4674
4961
2862
9814
3730
6709
5127
2927
4366
1422
1201
2115
9105
7115
2160
1728
3441
8845
2632
82
5552
4013
1772
4364
3809
7588
5219
5721
9945
4167
5039
8073
1820
330
896
4854
2925
844
8276
6333
8876
9588
2973
7186
8710
577
9883
4155
5215
2566
2720
741
2328
5413
4157
3555
7812
3051
3026
9665
9711
3408
7576
9914
8552
1685
5300
2216
8331
4053
4092
6672
1508
92
1635
3277
1410
8817
4268
8839
9341
2201
171
4116
5823
7235
1630
2482
7456
2681
3852
7189
343
9808
5967
2851
895
7555
5101
7292
6109
5097
3074
4610
588
1759
5682
4695
3716
4819
8158
958
2814
7595
2259
6683
5442
3491
4341
9319
4201
5430
2562
370
5988
4983
5083
2795
9804
4738
2370
5640
6038
1363
6211
9088
9314
3617
4317
8086
5468
3813
2448
7937
404
9629
4889
1297
8040
3935
6086
674
9778
2961
1734
6436
4576
814
3658
6869
2597
7273
7217
1542
9950
5298
1344
6002
4648
8018
5271
4554
6752
7312
1972
1253
2631
3234
9715
2360
7149
8137
8681
2102
2850
7994
6690
9584
2433
1147
6595
9076
6488
905
179
820
4018
2847
7487
7593
2721
1814
2181
1757
2157
2100
9492
6172
7110
490
9824
680
612
3610
8081
5567
5675
4493
7152
4026
7310
7329
3005
3567
4909
5115
2295
514
2640
9654
608
4727
140
4049
574
4108
2086
9382
1028
7254
786
875
9805
7351
3520
9288
606
7868
8619
8047
3696
755
4135
2396
7493
4665
2118
8951
673
2426
5871
9994
6589
7737
8910
1949
4622
1739
9230
6007
1931
6390
6489
1489
2341
2766
7650
5165
7155
2365
4416
9545
8470
840
239
1204
8053
2797
5802
1498
7201
5506
7775
5537
2633
7563
2884
8567
742
8505
911
5436
8525
5615
8123
8135
7993
9625
3193
3384
643
6594
7559
878
4662
817
8988
3550
4645
114
9977
4113
8987
1782
3194
4814
1555
8833
5978
4522
121
4950
7969
8084
7088
2385
1663
5830
8883
8067
2034
6405
6786
9938
305
1793
5546
3957
1862
7434
770
1985
8536
2675
5638
4994
1139
4973
6482
4689
4831
6888
2478
5563
2239
4687
3576
8152
1252
5142
5149
1063
3443
5542
1964
6896
1573
1624
6485
940
2432
6218
580
9238
3143
3196
6361
2670
879
2350
2029
5576
6632
1232
7260
8675
1199
9338
3577
3340
4843
4624
2904
180
252
6764
1822
4285
6976
1143
4779
4294
2461
2751
7645
8155
2200
5664
1397
8087
1248
7482
5681
3251
9489
4896
8585
4943
8439
22
4850
9988
4180
5385
7729
8332
4800
890
9441
8264
1322
971
9075
7123
9166
9783
1716
362
749
4393
9420
2452
7301
3237
7801
5972
7519
9012
5371
1337
5192
624
882
1669
4487
6534
3724
5520
3692
1081
6149
5916
7856
6954
5347
1682
4115
7288
6341
6840
5757
9737
8293
2091
5270
256
2441
9460
2511
1924
1572
1141
7372
8172
9237
3019
5284
6569
7207
6417
4595
7062
9608
1167
4298
6253
970
8897
1399
4006
1079
7506
4808
3644
1718
599
7849
4866
7076
4535
4638
8142
2484
793
9752
5081
1469
1242
4124
6665
8083
21
5077
1510
9216
3894
9212
6399
5363
8574
8674
5386
5264
2410
8577
7354
8937
5372
3099
2245
5316
7108
2388
1524
9641
4540
6277
9941
377
1411
4849
5854
4599
4309
1608
6395
3999
7022
5780
2530
5740
6070
4266
4714
3339
2708
629
1311
2981
2686
1888
7154
5199
4097
8268
8729
9632
8249
4021
813
6728
372
2374
1913
8074
2161
7561
3860
1052
1281
2253
7844
579
8507
8533
1459
4602
9516
7539
1816
8473
8738
4295
3563
3933
1471
155
9071
1849
7930
4570
3594
8575
4484
5227
5281
6216
9743
4005
6079
2075
3962
4979
282
9832
3538
2392
4373
8325
5558
311
7290
3301
186
9571
2147
8286
6119
8498
3960
818
5072
9862
4181
1667
5176
6459
5792
4577
3261
1420
6735
5370
4
8907
9005
6028
5861
6481
5848
3783
9013
5717
116
7878
7518
4311
5798
5603
6939
7250
9132
7241
3081
5102
939
9254
1996
6659
6498
3049
1966
9112
5036
5290
7445
5033
3083
5412
4639
2320
7854
3982
2890
3397
936
8690
8697
752
4609
3121
5240
3213
8568
5498
8749
7574
981
9400
3702
1854
1707
4881
6320
4647
3905
9661
9113
2706
7806
4351
1468
4816
3497
8400
7236
8139
1692
7581
7428
1016
7617
1479
3462
7672
5752
8033
2725
5566
7425
4093
2367
9768
3273
495
7221
5979
4258
7442
4303
636
5168
2358
750
5275
1747
1061
424
5025
5472
6177
1346
7824
1267
550
8519
323
2612
8151
6233
9427
3752
2972
8583
1303
7618
259
1299
1858
3369
1726
2693
3880
7959
9056
1515
3540
2682
8686
2824
5390
2264
5991
1462
8785
4205
6420
2353
7046
4045
3335
4516
9186
4305
5449
7435
592
4840
1650
4960
5232
4678
337
9058
6282
3036
4719
807
6724
8342
3439
1995
8012
1761
3599
1314
327
4964
5479
3415
6313
3961
6782
467
1864
3346
1009
4182
3543
3461
7225
2308
719
6473
8113
8506
7712
9204
6656
2967
244
5064
3758
7182
6527
6203
7190
6130
956
758
7257
9531
3530
9355
5313
8814
4798
2946
1756
6830
137
5842
4299
8671
9967
2521
964
2846
6317
6348
2465
7897
2235
7160
2366
9453
1953
2584
6288
9811
5889
339
2333
1562
7799
6628
8424
5128
4729
8026
3481
9523
9580
5438
1169
5069
3777
3768
3523
1600
3488
4492
6460
1828
796
5150
5745
352
1412
3504
8041
4667
1796
8982
3459
9510
7708
1514
1378
6453
7825
2845
5099
5713
7124
6540
5905
8847
1219
3124
4523
2730
5794
3981
8476
9351
6529
354
6336
5662
1025
1566
4606
2792
1845
1277
5023
1127
6736
2038
466
1490
7641
9830
7828
9134
4911
2989
3336
9170
5746
6835
4774
197
387
5038
6389
6388
4913
1108
8510
2318
9189
6506
3903
6755
8103
9980
7913
8183
2236
5322
1660
746
9096
4388
6685
4195
2451
5172
8755
173
9311
980
9034
2039
808
3588
9214
8943
9438
3732
3154
3632
6195
4315
5519
1984
2776
6636
2025
1961
1723
7134
6719
5053
3205
6663
3952
500
6765
1774
2172
9000
9972
3
8085
9563
6115
4014
4949
1979
8024
9628
7643
2020
2104
5285
8130
1853
1634
5070
458
4871
2096
4801
6441
1060
3085
9228
4186
9927
3482
2438
6332
8665
4346
7532
5710
9719
211
4065
8078
1926
833
8049
246
8964
7318
5119
9585
7907
8300
7730
4244
9742
4369
2746
6230
9851
3807
1257
4168
7510
6345
8824
507
3103
2745
7001
8528
6877
7954
1014
4741
3367
3119
2767
8189
9016
5132
7802
2085
3182
1870
6731
564
5012
1925
7771
8273
2462
6814
897
3598
9935
3177
4472
2857
9718
9818
8044
6099
6029
365
7263
1802
2384
7472
7021
2849
9627
410
4233
468
260
262
3432
4832
2616
139
6469
9008
3853
3570
7102
555
3341
9904
8997
3426
4300
5364
9007
49
7567
1383
6098
4048
5326
7847
4914
1112
9046
6894
8685
5704
6963
4616
9370
2709
517
3447
920
3313
4467
9601
3108
7067
5107
871
9618
1906
1885
5981
3403
5212
272
2309
9867
347
9384
9506
9414
3707
2008
7904
3653
3529
5618
1976
6612
6919
1148
4935
2411
9173
7484
8879
2408
8795
1784
3281
3257
8756
9157
4823
3113
2155
5266
9596
8906
3635
7525
858
4526
9633
8942
5490
6114
1841
6536
3093
366
1319
6828
1512
5695
7096
4611
6068
2735
4230
4202
4500
3371
7881
8980
9257
1753
8298
9468
1664
2608
1285
7837
3066
3586
4297
9636
1269
8581
6655
5424
4375
4084
7350
163
1932
7208
688
620
4316
5840
2951
479
9954
696
6613
2237
1145
9042
6174
9245
7866
4661
7377
8464
2256
5432
9595
4770
8608
8359
313
2826
7396
3152
9526
5295
5702
3199
4916
8317
9036
917
449
1221
5747
1419
9060
2170
6917
8452
2731
6396
3882
6674
2602
2629
8278
8780
8537
3118
7736
6374
3114
3476
4830
4987
8737
5027
3638
3471
1509
1455
4072
8593
7991
3670
9899
9797
8616
380
8873
9898
1786
1111
1236
6312
4745
5044
2914
7610
1460
8077
2534
7674
8405
3781
6688
1665
7583
4869
4302
2002
5899
5641
3536
7912
6400
4981
8333
3977
4691
3514
3003
1229
5770
7295
520
7125
2886
2825
4447
576
6852
7769
9785
4633
6093
9446
5495
18
7003
2012
5204
2468
8310
7612
4191
7313
6909
2885
8856
4130
1315
6975
942
3123
1478
6625
245
9870
9858
3151
4828
5658
2183
1556
207
7946
5758
5397
2958
5494
6267
7223
9557
6128
754
9635
1128
158
7097
8763
6827
8079
5606
6965
9774
9272
8312
4701
6874
5580
7787
1823
6369
1564
8225
825
2525
6864
9072
4037
2918
5106
391
991
7658
3663
1476
74
9970
3503
8704
3084
4100
4441
1094
8634
5020
1879
4775
8305
4165
7116
5725
4067
4503
6339
5549
1526
9642
4813
4905
5051
870
9443
8559
6421
8919
2262
7165
5613
2737
7808
3161
4141
3040
2664
560
8357
3317
1191
8501
316
7973
2095
7644
8409
8443
6832
3452
9352
6200
781
8294
8579
2368
8335
191
4256
2911
5602
4000
934
5838
9249
8118
1136
9937
2079
4475
5273
5791
7957
6349
8009
5961
1941
7215
4878
8438
4133
955
5
2928
2724
6440
9140
8933
4646
222
5446
7902
5253
6658
1769
5114
6329
4260
5405
5011
1521
1205
724
8651
9143
6811
8765
2514
764
3349
670
6382
3884
4468
3583
132
9009
8080
3655
1131
5190
5009
8563
251
8594
2092
4637
9029
6692
2665
7394
3891
6375
9055
2695
2019
1622
6650
799
8453
6996
7268
3079
2772
9796
9301
9602
6790
3700
9261
9597
9999
6300
693
9390
2011
7694
7034
8784
7075
4892
4396
3129
6227
8141
9503
4536
1309
1210
1470
2663
9258
6955
9736
4410
6930
8397
6016
1662
5489
9303
1971
7692
2210
8717
1101
7669
2498
6746
8323
9322
6050
3014
9125
3951
8082
7782
6346
3682
2710
1102
5160
1254
8096
9409
2939
6285
5531
6614
8788
4107
9102
6026
6895
6398
5620
5809
7380
9391
4891
435
2047
2315
7941
5308
6906
1107
690
8199
614
6639
6720
5853
6102
4997
3820
5211
9360
2101
5634
5855
8524
1553
5630
2760
1268
4511
9839
2738
2844
9619
5953
9734
85
1882
3826
1407
7521
93
2556
6261
8165
1865
8401
3364
5800
6283
4329
6103
6700
8257
2744
8863
7721
2856
8874
7524
9658
4078
1070
2505
6948
1158
6859
5821
7249
1582
4532
6661
861
6997
5189
7781
2084
9133
3956
8950
1525
9726
3077
6866
795
8163
160
5194
2598
9380
9720
6984
1349
1892
4102
3593
5632
2613
8728
2622
8709
3532
8269
1152
7020
4989
4056
8065
8160
4312
122
1503
5769
1371
1846
9462
3487
910
9670
9270
5944
6603
5749
9239
6533
3887
5507
7955
1804
1053
6868
5136
3885
5221
6823
8399
2546
9939
3950
2113
6582
6357
1
6447
1250
6750
3115
9387
7690
6660
19
1124
4355
6159
4035
143
3368
4607
1897
2324
3526
5657
3227
7168
5904
6925
5946
6008
5974
2266
8255
6797
601
6994
135
7282
1020
777
7660
5723
2881
8604
3694
9246
1041
7859
6847
5427
5331
7012
225
8039
9508
1130
6197
8823
3959
60
6831
1072
4681
6148
4668
5236
6717
7
9411
3657
439
1626
2232
6292
9161
1538
8702
4544
2126
9844
7077
2401
9766
989
5435
6315
2146
9353
3745
8703
6322
4572
266
6524
6157
6604
8406
5547
3142
2980
1080
1936
9906
5522
417
6839
1779
5016
6550
4954
5086
3862
5595
4874
2921
4853
8995
1908
6044
4612
6053
1451
3654
5715
5420
2577
5379
848
3231
9890
2676
9188
1321
2518
2743
3902
7363
987
299
5402
1380
3513
7389
4322
9575
4228
6749
8916
2048
8639
9740
1302
1598
8418
6891
841
2121
8764
1785
4406
7175
5257
6043
5188
4219
4306
1396
2565
4820
4127
4918
6648
832
3243
7598
5650
5094
6122
1905
1192
7500
4434
2944
1168
65
3054
2485
3219
3376
1276
9416
5026
8348
1502
6414
4880
6998
9294
1175
7298
7516
7531
7978
6422
1934
4852
2868
4524
4596
9634
1450
6707
6000
3642
3381
7348
9449
8367
1206
3082
7615
5969
81
3507
4936
6912
4288
7682
3896
3931
2938
7068
6474
5882
6565
2652
2699
9934
4734
8882
7761
5554
7381
3176
1944
9068
6855
9924
3697
2221
4151
359
1684
5938
348
165
432
7440
3512
8716
104
4387
8842
7762
5773
4439
9115
5151
6100
9643
4054
5837
3527
1287
8993
2858
8042
8815
5512
4712
7469
4224
665
8369
1067
7309
9976
241
9234
1500
9313
2923
2158
1190
1019
7066
4290
1642
1981
9820
5562
258
1345
6307
413
8297
541
2442
430
3127
1245
2785
4703
7206
7731
7379
3200
4353
874
3919
812
2541
8599
7887
1873
4928
7302
1621
6301
3435
3067
8564
176
2154
2545
3358
2449
6416
4262
8638
6509
5601
1867
4384
7853
1006
4358
7997
3636
5556
7678
5536
6096
9452
4671
470
8799
631
3206
4063
6703
2455
1474
4080
8628
2431
1289
2130
616
4694
1773
1986
405
7880
8986
6136
8375
6112
2287
8700
2243
3849
9915
3559
4883
953
568
8813
5464
6255
3419
4642
2277
4060
530
4699
2325
6800
610
2186
1366
7783
6510
6558
4394
5741
3032
2390
7454
7914
4323
8862
8655
5103
7413
837
8792
384
1097
5737
6547
7734
7374
9815
5884
215
1881
8006
8658
6791
7432
3778
1135
9215
4435
638
443
7776
8414
7896
5352
6644
3004
477
5201
3834
9943
3116
3582
2770
6801
1035
9502
5171
4533
8503
9648
30
7876
1235
4790
474
8713
6118
8240
902
7345
9347
3639
4307
2833
1414
5482
5306
13
8745
9032
228
5826
6212
4253
8523
3722
7231
7883
9501
7613
3140
1616
6579
1198
6014
1012
1092
8460
3881
8917
6957
8056
3088
3879
3484
6251
5781
1109
5939
547
1958
2750
6480
2509
2428
1522
605
3911
8786
8181
3220
2103
4213
8607
8547
151
4785
9324
9448
527
7459
3130
9850
5431
3202
2950
7832
269
1415
6340
68
7073
5389
4946
1918
7333
1676
462
3451
3437
1466
8020
8378
4081
1641
3158
3743
9298
9787
7551
9488
4043
3141
8471
73
2137
9863
7441
5631
3579
7322
9547
1777
10
4951
1648
1930
6431
2603
9017
2049
3780
9022
9283
9240
9650
1548
8812
9064
6748
4965
1696
630
5622
3689
7370
7899
5428
3209
8818
1688
5426
7387
5476
5569
9901
7530
7427
657
4354
5179
9405
9542
9582
8896
1890
1120
9081
7826
2220
4477
8187
8037
6560
531
6973
208
8857
9445
4590
9222
4460
835
5787
6686
3383
5263
2285
6143
6733
8379
9208
3686
7326
5551
9268
9790
1813
2641
6308
1554
1575
3955
1844
2460
9310
6423
8245
6368
4839
5329
7884
2879
3190
8226
2774
1482
7863
7952
1477
7727
310
1887
4265
96
7026
9979
5345
1539
8416
8981
2445
187
5096
9552
9822
2671
1740
1050
4796
1263
5874
9902
7622
1011
5772
5672
7226
984
6071
9572
1170
1398
9241
7671
5248
4886
6699
3028
7274
1082
1765
8477
7934
4972
711
3854
8120
2673
8553
9002
9745
1965
3380
409
9512
4834
7335
9753
891
8978
3533
2294
6989
2453
9679
7481
8156
7031
993
8143
679
6615
735
2893
600
6164
7765
8306
9412
1352
2107
426
4255
9886
3064
6209
8098
7420
9326
3442
3574
3238
8912
4750
8672
2679
5090
515
6418
5210
7405
2168
923
4841
8145
6784
8598
9833
6767
9932
6287
3225
1591
229
1008
9590
8944
2586
4023
5578
751
8072
408
9579
9350
3011
583
3640
8718
5393
3342
8228
6364
3015
9829
6721
1388
8806
9342
7462
4090
2164
5252
1710
3915
2175
9178
5296
3065
950
3748
95
5604
7198
1247
4747
9028
4626
4553
2081
8490
5098
5496
4386
567
5155
7025
3687
5964
8969
419
5951
7919
7078
5262
83
1483
8688
6530
6202
9517
1448
5807
6809
4429
8410
9528
2642
6461
6191
2065
6520
9864
3431
9688
1763
8271
816
9823
2141
1421
2888
6745
7424
5154
3080
3937
865
6532
123
5229
1282
9983
1395
2017
209
6616
7635
2250
1831
3789
9889
561
6528
1271
5321
4670
3063
2495
2249
183
7833
3762
9229
9900
5015
3320
8846
6711
974
1036
948
5585
9620
5568
1196
1657
8489
7444
1095
1922
3546
2542
5282
5129
965
8280
8248
6326
4143
1606
4865
7032
7534
6776
5019
9065
9960
4578
3568
7479
4338
7829
7446
5795
7933
2403
6397
6941
5485
3050
7285
6771
7233
7037
5526
9861
3058
3490
3565
8794
3651
353
2593
1900
77
8316
8383
8043
6052
2213
7447
8852
1819
9179
4921
9859
4598
3679
4967
4605
2788
2073
5574
7720
1689
7167
944
1264
4273
3821
6541
8363
1839
1921
6137
2834
4480
6645
7591
4778
9297
9868
1680
7492
3708
6206
6442
3916
2627
5698
6889
4543
2524
3616
4705
2131
6610
9451
7342
8545
2376
8252
5839
7251
3571
7817
1516
1536
255
6841
5456
7030
5922
7520
4287
5919
2349
3893
3012
6712
5645
5031
4423
6487
4726
6266
8557
9795
6296
4408
2840
8918
9374
7153
6881
6910
5243
2529
5341
2106
4565
321
8773
3044
6945
4032
4856
4722
853
5784
8311
6789
7400
1251
3734
4126
946
8068
3760
7626
2539
2829
4382
4677
1334
3690
2600
6034
8107
6697
8908
433
7495
2696
318
6466
1720
2258
5584
9015
9397
3131
469
2866
8417
7051
8889
1160
5932
9048
1615
3149
784
5335
6773
9698
4510
8140
3856
9917
3901
8539
1653
281
9615
5046
9853
6573
5971
217
4494
5524
4748
5416
7415
4509
930
9876
7000
5783
8726
3249
1549
6621
2527
7760
7410
2898
8336
4389
2056
6327
862
8258
671
1323
2723
8797
1618
8653
1691
1119
6056
1808
1661
7527
6959
2024
3472
4340
7846
357
7625
9110
7086
2698
232
5206
7319
3941
2931
3605
8136
2960
5945
118
9549
3970
5605
5959
1172
9775
774
4999
5059
1815
4562
8292
6678
4232
6574
2871
5268
6806
5310
6857
9295
4923
2838
5125
2246
4234
4756
9278
5351
8000
9611
9689
3737
3314
9149
8176
9848
1843
3516
1329
2748
5535
2331
8821
7702
5611
297
815
3027
4206
6737
7620
8878
5911
8112
3350
847
8206
3290
3394
4376
1994
5756
7831
9389
2932
6318
9145
5156
9964
7982
7195
6982
43
7205
7315
6993
1249
3566
5561
1376
7974
2496
398
3832
1186
5473
5907
3794
5111
8358
6649
5304
9139
1499
6947
7971
8759
5701
6083
3699
9255
8171
1074
7512
6812
7852
7867
5233
4068
1948
5734
9425
6977
9827
3304
5564
9751
7331
2343
5224
9328
4664
6252
6983
6824
1038
4759
324
9707
3496
349
3133
5320
314
8287
2342
6185
220
7213
5883
9267
2269
6097
3344
4482
5328
525
2965
3404
9663
7242
1629
9343
3385
3286
2169
2999
2606
2422
1480
4009
3382
3796
3111
5928
2
5182
1620
1632
7457
1096
6325
3024
4246
9607
3985
9869
7791
5886
2583
8433
2404
1454
6557
9717
8740
1794
8197
4215
6082
1893
4426
7845
3897
6933
1741
3939
5028
6314
6848
6449
3347
5289
7264
7514
394
87
4041
8974
1810
249
8480
7504
5608
1194
9729
9682
3818
9487
7174
7455
2624
3509
3201
166
8934
3711
8219
9158
6037
9733
9837
9968
8381
3839
8532
5018
9118
1983
5929
9681
1125
5113
4216
8444
3120
144
2549
5021
3135
7873
8500
708
5665
5504
3829
1075
6330
8820
3726
983
7823
5395
8428
4360
695
2907
9587
5824
9259
1305
4835
2942
9037
6599
1126
4690
8621
6892
9764
6970
6392
7353
3378
9153
6607
806
2651
3900
9836
9990
2808
6142
9021
3352
7553
7496
5198
4716
9404
5167
830
7911
9838
161
2716
9469
709
2281
8751
3449
6783
9668
6870
8412
5835
4117
3297
9481
655
2592
8411
9086
4767
725
2041
2159
4986
8550
4095
5879
3463
4844
1611
4893
1040
33
8989
6205
7011
2042
3298
8807
8221
6258
5174
4899
3976
3332
1852
7476
2941
7048
7352
2739
7041
7488
7788
5896
9926
8459
242
177
7748
2206
8647
2919
6526
2781
7537
9593
5459
5453
3373
4203
9532
4443
8967
2976
790
288
8694
5220
1956
115
6914
2520
5976
7657
7253
9700
2208
8770
6592
5162
962
4052
7316
8299
2704
7184
2977
376
9603
1729
3279
2948
6878
3211
2283
2646
5421
4196
1968
8517
5703
4925
4732
7072
4879
1491
3006
7373
7790
8450
4529
4859
9638
2167
279
7262
8573
4308
2199
2516
1392
2500
6886
8626
8017
8526
3837
9219
7099
5110
6668
8295
8108
2867
6702
6780
3274
8327
8488
6769
6842
9109
9727
5440
6475
3564
7662
6651
6913
9604
5733
2894
1833
4486
5683
4453
703
4988
7336
9776
9043
3932
9974
682
2416
8499
1825
6871
1907
3877
4908
8343
5061
5885
3392
5441
6248
6018
9896
7857
1631
2557
9865
3945
5017
4139
1375
1362
826
7871
3436
8998
9304
2590
5878
573
78
9800
9591
6001
3847
5510
3095
8275
2402
9236
6633
1645
598
8429
4433
1121
108
6587
7059
7818
5457
480
7437
1441
109
5246
3549
8303
559
2691
7234
1185
8022
2615
3458
1874
2526
3165
6511
9206
3792
8930
428
6017
4684
6410
621
9992
526
4765
2300
2513
2364
6503
7800
8458
416
9466
3990
2224
6706
2134
7784
2395
4371
361
5950
6217
8472
7284
9321
2657
9716
8622
3578
4047
6985
478
6598
2299
5213
4582
2753
929
5648
8618
8419
1851
3062
9494
5135
5450
4395
5123
545
2187
5600
1391
7870
9447
5973
8801
7679
2779
5458
2062
6863
3815
2889
5462
9567
9183
4625
5406
3908
3831
8530
4515
5624
2354
9108
5058
4499
6822
3180
5013
5280
1674
9253
8010
718
6875
2339
5678
9131
2507
6120
3602
4945
2620
2757
2066
4586
3208
9978
1369
3797
5890
2522
597
4432
5470
4652
7349
9674
988
3092
838
3861
6539
8050
5042
6470
3590
502
5500
5579
734
6353
9107
7835
8212
9758
7575
8948
373
581
6402
3637
7502
3475
4766
5914
7202
5309
8668
4449
3851
1535
3551
8924
8531
2214
4617
8973
1365
6512
3511
2655
6150
1531
9148
587
3544
3524
4250
1118
1030
4584
8496
6371
8529
8075
2057
8953
6756
9038
6309
672
2636
5667
9678
7683
1850
2870
6747
3359
200
563
2570
7098
959
364
8178
1404
4461
4561
1432
4240
5559
9981
6352
3374
7609
8129
5002
9480
418
5138
6356
7882
7619
168
3641
7399
4885
8996
9885
3360
3351
7639
4799
1678
1338
5686
7127
5041
3076
9067
9687
351
2457
5947
1023
368
9051
6781
335
1387
3830
8641
8570
8611
7244
9949
5387
457
34
2475
6890
441
7648
3078
593
7218
613
4746
8850
894
3910
3327
2901
975
5768
5146
1895
7386
7586
6849
3256
3215
4744
2645
9728
3842
4248
8448
206
7045
3362
8692
3872
1706
5960
9333
8761
2306
7047
2400
4993
7064
1465
990
1767
6434
1523
5763
72
8565
2319
8089
1601
8211
506
9095
1569
9147
8463
2265
3701
6415
1207
2582
5636
2361
3713
9082
1899
6176
3986
968
5384
7414
5480
2638
8224
5235
7589
4920
3214
619
5646
4381
2502
2917
9513
726
1212
716
6045
142
5205
1877
5707
9905
3323
5796
6873
4567
7693
2782
2971
6568
6576
1743
4446
2916
5293
6851
126
2257
4466
5557
336
1013
6427
4007
4479
6885
4188
8372
7058
1356
2528
382
1494
5718
9857
3291
8355
2998
779
5060
4104
7990
8168
9598
7768
1122
3318
5833
6695
3411
4520
7460
519
3357
5454
3017
9744
6165
5241
476
8481
6464
906
8555
2405
8724
9039
2929
8344
2765
4343
4390
762
8735
3913
6065
5374
8796
112
3448
3402
9612
4420
9525
4901
8657
7962
3428
9652
3964
248
4110
9340
8465
3136
1181
1493
5422
4827
5926
2489
5999
5593
3417
8070
8430
6499
4594
8678
3625
6451
425
117
4818
9080
6412
1261
4498
3944
423
4397
1551
6679
7979
6107
4958
4794
3608
8739
2853
64
8580
3060
9725
6768
3031
7544
9491
472
5849
5259
7877
9474
1284
1364
7028
2985
2758
7382
9371
6629
7909
2228
1532
4075
322
461
5750
1719
483
3166
2574
1868
5528
9769
9570
880
7419
6274
2876
4931
8318
6051
4274
1544
7104
6681
2435
4969
1332
5818
1910
6554
6429
6435
9418
7430
4059
6081
5674
4847
2924
6220
9841
7453
9362
6302
145
5272
9357
7092
3764
3156
5917
6020
8319
2995
325
2244
102
3477
9657
651
3917
5993
4846
7584
4422
7677
4485
2880
9877
2617
8984
4978
8455
2978
6942
6089
6960
6517
3848
5937
1586
3159
4278
8149
4415
8235
2954
4077
3421
8884
8153
7998
8603
9948
6687
2241
6972
7703
6011
3541
7732
3767
5231
5827
7458
7016
787
8802
5492
236
9388
6551
5789
6091
653
714
3337
498
6457
4873
3296
2109
3100
5260
3704
6843
2707
1518
8291
1134
1317
8970
1883
2561
7404
152
4105
8462
1827
4463
575
1087
1627
8191
9683
8985
9376
53
7074
6262
4592
9581
6673
2789
2752
2234
7390
2970
1026
5597
1552
5560
5688
8711
456
2702
1797
4207
4858
8707
7649
7656
2535
2369
8386
7568
4261
7172
5460
2996
1507
4027
6922
5407
5676
4489
5311
9194
8661
7054
1047
148
5294
2560
1861
7465
2470
8947
6270
131
7478
1331
8961
668
9199
2143
6680
1614
6328
7467
4473
4815
1969
7820
6971
8391
3260
528
5691
332
1066
7900
9130
6710
6602
7600
7007
5903
7119
6949
2784
1805
3453
5771
2543
5895
8008
7199
5517
130
5342
1057
9327
8851
8791
4773
6393
5625
4327
7917
5223
8122
4424
7573
4069
2483
8706
1952
1328
2053
2481
1304
7642
8435
3664
80
8904
4548
8512
8853
2251
378
4057
1701
7305
2697
7535
2119
4971
8571
659
6883
5822
1327
3646
584
4930
1065
1435
3500
2443
548
4106
234
51
475
8478
1571
1429
9697
2852
7755
1612
9788
3521
3098
2610
7927
1914
4336
8766
809
8101
4947
7560
5325
8059
8063
8486
2991
6844
7276
2447
5583
7807
1898
5543
3401
5057
794
5228
250
5048
1464
1389
6433
4623
7107
268
7796
5992
1015
5663
9555
9875
5265
9221
4603
4345
7029
3747
147
3968
3673
2581
9653
7860
3973
8036
7836
4862
6271
8834
2097
1915
4743
7895
8972
7659
2821
6943
4588
6373
307
3661
8600
1278
1043
4504
6705
5244
375
2035
16
6946
2332
2863
5587
6479
3284
4628
8578
4608
9676
4131
1355
4469
7805
7778
5820
7416
1241
8482
5180
3495
7935
5276
7129
7709
2908
8689
6009
7448
3137
9680
8495
9966
9816
3184
3518
9187
5685
3069
2674
4711
6920
6951
9372
127
9450
892
2486
9918
8758
8899
4328
6189
5777
8514
7131
4749
9398
2027
8064
369
8527
3604
757
9426
6379
9515
4736
1275
7043
6061
7083
9550
1049
1426
2166
4359
6268
9312
3589
1307
5716
28
5006
985
4333
406
5962
8247
3522
5274
7507
4164
2373
7126
298
2551
8753
5445
9422
9923
9101
8696
7246
8060
2754
4630
2519
8909
9440
7014
4933
2423
446
3906
6437
2492
3494
5617
2061
889
8015
1115
921
1449
7491
915
5540
4650
4031
2218
1818
3864
4508
333
6381
3674
5881
9614
7015
3621
960
8491
2080
6559
3241
6080
9299
7328
88
1463
4539
5819
1780
383
1456
9307
159
7494
1140
4601
5989
3328
5936
9695
9947
2815
3493
800
2414
4730
9467
4403
9061
1727
2579
4444
9473
789
603
8741
7701
1927
6108
8475
1179
3528
7040
978
5575
4651
8131
2179
8760
2346
2476
1440
9317
3823
5144
5706
9845
9738
4569
8673
6156
195
7421
7323
6242
4632
4402
7821
7670
253
8734
8881
6201
3409
1860
4010
3607
9887
4959
5918
4992
3675
9154
1977
9568
9807
4425
6715
5858
8617
7640
9794
6515
7965
8266
9477
4519
4412
2407
4339
3163
5287
3244
5434
6751
2068
1104
9672
5553
4172
3947
7767
4223
3041
9209
7112
5050
7057
5124
233
6468
2163
6903
4495
8134
8684
4585
1775
1596
1007
7921
6152
4912
2356
8175
8783
7872
6066
8790
3775
7597
919
6306
5902
4148
38
1400
2211
6591
4070
2123
7752
8597
2813
437
4658
8721
9413
4731
497
5408
4709
4932
7464
2430
1022
9909
4672
4313
4120
3326
5108
6015
386
5307
9025
8432
1029
9003
3619
3596
9233
1343
4089
7599
4769
2949
9318
9812
7261
3802
1597
1291
4028
3505
8005
3311
5447
5187
5423
5652
2975
5990
3756
8843
8392
9592
8811
1214
7798
2397
7616
6133
7103
1184
4977
6031
2058
7365
704
8502
1920
6311
4990
1113
312
5942
3978
2912
7358
885
5843
6805
8605
2564
2895
1238
6647
6116
602
9996
6718
5055
6471
6019
4169
2926
7471
1318
9809
7141
5419
570
3073
9895
1359
106
9358
6458
3312
855
3552
5761
1405
9533
4314
1911
6757
6085
3192
7541
6513
846
328
3456
9714
780
3433
2139
5249
9922
5283
6004
9367
5644
5661
909
2278
4952
5007
1561
9345
9882
2659
8281
9538
2614
3725
9616
8914
3634
3793
524
8586
5200
5673
1073
317
5117
1290
4177
5847
2351
2763
1046
2768
7239
7474
5727
8
6409
9244
876
5671
6505
7910
6907
8705
7204
4787
9722
6618
5332
7117
537
3107
1223
9826
6900
6729
8566
7063
5766
1847
2279
3912
3592
6477
4956
8117
6986
6754
5811
9763
7164
9497
1294
8828
745
7191
37
2305
289
2810
5760
7138
5647
6219
1789
218
888
4471
9910
7949
5448
2666
4686
6367
342
4062
1155
4008
9694
1436
9741
8351
1546
2069
1165
7294
5856
2174
3508
641
56
8957
697
7010
2945
3168
9693
6726
6872
7135
8588
8743
3556
2326
9168
4566
4583
5137
1644
3365
7966
8676
36
9177
566
8683
2409
8900
7171
8925
9461
967
6635
1379
6677
5193
293
3372
7861
2382
7052
6337
8698
3187
9201
3498
6664
7417
2966
9120
7517
2386
7810
9685
7705
2601
7653
1037
2877
8032
7780
3542
8441
1227
57
1386
8522
9703
9266
6992
856
6987
6162
6013
3285
2429
8868
5930
8730
9059
4002
7722
5317
5841
3117
4025
6545
8782
6577
47
4051
3678
5539
5633
4902
264
8360
6154
6124
3859
6584
1467
8715
124
4399
5753
8356
1054
9530
8202
8097
7629
9500
7220
6950
9242
644
5208
1875
5505
7906
8920
2854
7960
4428
9995
3499
6187
7490
5350
9749
2334
6774
6231
6454
1835
7874
7749
1472
196
685
4888
5627
9011
5653
1132
9989
371
2173
5334
26
6256
5754
4793
2033
6225
6295
4464
6978
8468
1423
2337
8610
4442
2983
5637
331
5045
3753
8968
4058
5203
2678
5439
7018
4082
3648
933
6926
9709
6556
6916
1528
9586
9708
4452
3755
6785
40
8891
5829
9675
7964
27
4017
5277
7211
9138
952
5931
9335
4310
1377
9415
5866
6730
6224
2669
6497
3886
107
6981
7237
1826
2340
4171
7224
6463
9431
4538
420
5159
8339
4039
7515
5869
3624
7085
2207
9761
5116
4939
4942
9987
3710
9782
7339
1604
3153
8109
6278
8167
6246
9339
2611
6535
3330
2051
3278
1583
7676
1064
1997
193
6953
8198
2654
2594
2837
1942
1215
1237
444
5003
5388
824
6606
4147
9019
743
6092
1859
2875
6669
4170
12
3356
2791
2650
9806
5693
4292
6693
6269
5382
9316
7297
5610
7369
2550
2117
3263
9544
8752
811
2135
7362
3790
3179
2842
4948
3089
1702
7794
1114
4283
549
7269
510
7219
5366
2226
2694
6391
5508
3386
6876
5541
6734
8732
8213
7804
8837
1174
8250
8251
8601
8127
4363
6184
6836
8819
6880
1163
8809
9014
2714
5788
9498
1056
8596
181
1613
2456
306
7243
4581
1428
7774
1501
4286
5692
3275
8971
9282
1713
7773
7986
8558
2399
1137
4293
9702
1694
4982
899
3979
5906
3294
4409
9100
2254
5533
4895
3203
6343
4575
7087
4894
8353
1177
3835
6810
4697
8365
2979
9777
8999
1162
1672
2803
7596
7144
8394
8220
9286
5619
5120
358
7279
3525
4797
3233
8055
9660
4064
9921
6642
216
5844
5968
2419
7080
9540
5814
9916
2391
8204
3035
3996
1320
6798
4418
9759
2769
8404
4199
1978
3922
3631
4405
3303
5141
6623
8543
8241
1193
2494
2036
1576
2778
5586
3515
1947
7338
7707
8629
3000
9519
6619
2293
3925
2352
8194
578
1838
4050
1370
607
6609
2742
3537
1801
5429
374
866
4659
7992
1581
4812
868
5880
6596
9142
3406
8648
3557
2775
5867
881
5336
319
1840
2023
2759
6331
2547
9308
8952
8636
8341
6762
3898
427
9434
7983
8361
1579
1149
7875
1171
6915
9309
7594
2393
9305
7940
9476
4955
4721
1157
686
5170
5965
2437
7267
7892
4020
1872
9482
1894
1217
2585
9176
6795
6932
2004
8144
8069
70
9724
6879
3316
6235
1912
2619
5340
7819
6090
6590
2026
3614
1588
2628
2335
6383
7303
5084
4270
1156
8902
3430
6145
8374
4015
9078
8922
6384
797
7291
6944
9146
511
4549
4024
6494
9755
2260
9671
5314
1585
1647
1731
5376
3292
6472
5832
508
1656
2940
8407
5071
6952
8132
5067
3022
1381
7894
3940
8778
9121
5400
6727
4162
2554
7347
5178
6585
6411
6444
4458
8940
3189
5145
8104
8654
2800
2471
7360
6321
698
2790
1495
2860
6640
9704
9483
2070
2156
529
1980
710
3379
3057
2150
5344
2344
4257
1133
8166
2238
5694
1138
8373
285
4763
7180
3667
3855
5828
4771
2054
8554
3272
8003
7009
8727
294
5079
5538
1746
4454
1697
5778
996
1589
8377
1605
8223
3558
5782
8263
1258
3930
5024
6067
3921
133
2060
436
1234
487
9320
2148
7375
6804
2417
3370
6181
3473
7321
8992
1712
2680
3388
1829
5404
6170
5677
45
6032
5380
8590
8911
7438
5362
3683
5891
9546
6105
1938
6777
1117
5720
6167
6500
8345
772
1540
7463
843
2330
3890
9104
2920
7371
2474
4693
5957
2415
3965
4836
8102
8620
516
5582
9535
9578
3045
6140
2044
4875
2861
4513
5719
7212
642
5122
9566
9997
6113
7139
62
6166
582
1103
7548
9332
8777
3698
9334
5598
5062
4074
2635
8866
7426
1293
1044
649
9465
1869
9419
1286
3126
6990
8898
3814
8076
6194
2902
3685
2133
552
3869
2736
4150
2196
6023
5095
9150
935
3613
1636
635
3622
9973
2288
2233
9802
9784
8831
4517
8283
4208
8446
454
9470
8349
9495
6570
7163
7511
4016
2493
2322
8440
9103
5607
8854
204
5134
9522
301
9560
1123
9475
9739
5481
3185
7384
5202
4890
1416
3052
7987
6652
4845
4324
5324
9880
5901
6898
5356
6190
8614
5043
1088
3319
1834
4995
2412
2548
8001
3469
3021
7981
7501
6123
9383
2040
3308
8886
3245
338
6443
8288
9366
8793
1182
411
1216
1639
459
7407
4876
5514
6247
926
6456
7503
9985
3770
1055
4099
2355
5687
7101
6833
5860
9986
1225
6445
3242
8216
5163
9436
7509
5912
9363
69
8393
7299
4098
8644
7081
4957
6708
4587
1213
9124
5409
9155
2689
2271
4505
3467
2076
3387
4142
270
6294
2078
2936
6198
8633
9821
767
8511
5709
5343
8825
3735
7006
7038
1733
5302
5301
1988
2764
300
6593
1306
6624
7498
2899
340
4138
3239
2255
791
7151
7157
1679
2990
7082
2357
5581
7636
738
5530
4451
61
1715
35
345
5354
7477
6979
2701
2801
546
6424
3547
6117
7961
2240
1750
7630
3002
9291
2247
5251
2248
392
6286
7013
941
556
6807
3145
1401
7376
3580
3553
4938
119
3562
6741
6280
645
4187
3147
1754
8196
7680
1748
7822
2573
3171
4621
1442
7008
5923
6131
212
6064
5349
6575
9730
5100
32
2713
4153
6666
4229
8864
8474
5670
6234
1787
4657
6826
2728
486
6935
2835
6964
1230
7924
3013
1496
5940
5525
9928
6662
3693
5642
9099
9190
6516
4825
8031
8469
3025
3389
8775
4685
6290
5112
3390
5730
2508
558
5075
5330
9315
9767
6179
3268
393
669
5949
6492
9276
1800
3995
4782
2572
9854
7140
2304
2418
2722
9122
8177
1202
9779
1385
3601
6969
8664
5256
3348
9911
1005
7710
3943
8146
4112
5876
5806
9780
2910
3109
2773
8810
7214
6298
4478
2621
4619
5052
2298
9053
6537
4809
8347
9558
6854
542
1798
9137
3888
5497
1705
6739
6073
9192
9126
1497
9430
9227
9172
3804
8254
3958
120
90
2301
3265
5614
2099
9770
9252
6713
431
4211
1417
3799
2003
9205
3560
731
6995
9218
5548
7851
7714
7549
8387
3630
6817
596
6796
6743
5403
2892
2623
39
5654
2993
9908
9537
2943
2734
3223
7185
1686
1086
8994
5297
821
4356
4591
6193
509
194
9791
5875
63
2136
9225
4421
3455
4087
8201
3798
8535
8723
6299
771
5140
3354
4900
1837
5621
7842
6571
2290
8314
9403
9117
2463
5509
1817
7632
2552
5032
5455
3485
7889
3980
8207
3629
296
661
3457
8708
2588
344
4361
8892
4198
5927
9226
4758
3444
9119
2043
1945
3836
1530
3948
1361
6758
7090
3008
6588
3501
3534
1760
9349
4277
6657
5817
9217
4555
4962
3288
5623
3572
8965
8827
3938
7443
1110
7661
3801
363
1640
7526
6377
5065
1336
2639
3878
4136
3846
2688
7173
9574
6502
243
138
3075
5689
7566
9925
9471
9713
101
6523
7869
5245
2263
2900
5722
7691
5983
9337
485
3776
3883
4857
7005
925
6934
1069
9659
627
5513
4103
9609
227
8058
4476
6430
5392
9940
6696
3023
3056
5748
76
8772
8244
1090
7192
6036
720
7614
9919
2822
6222
5786
2625
3868
5846
7355
1226
3480
291
1084
98
3866
7697
9293
6276
203
1154
1584
407
8195
3429
8230
2188
3844
6237
701
1570
8004
8606
2329
7042
1188
8679
7252
5047
859
7120
3232
3229
6549
8838
3974
6634
9529
5368
931
9963
4821
652
8731
5591
2192
3224
505
4044
5478
7433
7148
3620
7724
2777
8390
6564
5815
6378
1051
201
3422
8835
9035
2028
634
2506
6544
2873
532
8627
1358
8975
4882
8371
9551
4280
3729
533
5014
4264
1409
6966
7666
3531
3309
2064
6538
5158
700
9912
5076
3230
1296
8894
4189
4176
1654
7728
1671
7177
6476
1902
7646
1681
6042
7699
8016
961
769
5943
3967
3924
7717
1068
6829
8929
4817
4166
7827
1776
8803
625
7792
9594
2618
8052
3393
5499
1658
4445
8370
125
3649
6581
904
997
2799
3086
9159
3822
3841
9696
2644
2727
6821
2149
2394
5948
7664
7470
3506
3731
346
9849
1045
7545
4568
7633
3353
8576
3611
1909
518
3779
7554
94
4137
46
7113
2424
5516
5738
7178
4688
7571
484
1529
3934
8162
7170
1730
52
2171
1078
2988
3712
5910
4629
834
1059
8307
3833
4034
3539
7686
2427
8768
6126
4768
3597
1394
5651
7293
238
4877
2052
1142
9417
801
277
2712
7287
554
9457
8479
6760
2869
4175
9644
97
2968
4321
6087
4559
6846
6057
4675
5920
3134
9396
1166
4805
6802
6553
7330
4483
8938
5383
1649
304
1266
8867
488
4296
759
1010
7552
2067
6310
8346
6084
4531
3407
3246
1857
9991
1151
5742
9251
8279
9539
6815
1487
2114
947
4777
8284
4122
7738
9640
7789
1262
1545
4237
8218
5230
7977
1039
1792
8798
4318
969
3972
9265
1866
1711
7147
9786
482
8133
7700
4998
912
7750
162
9401
831
7956
7069
1742
8232
2953
4751
7060
6967
3269
9561
4984
503
9624
4713
3128
9394
4804
3633
1695
7408
2466
850
6153
2827
5337
7685
9765
7248
9375
6701
9054
730
4863
4649
3427
5394
4227
1517
9548
308
6968
5732
2832
1578
1105
595
2231
3857
2533
309
6744
4917
4772
2122
7228
276
7864
1256
4118
2952
2292
3174
2994
8326
7920
9496
8265
8949
3672
6372
3949
9289
3782
2555
2282
8270
3871
3172
617
5226
8315
748
4465
9160
9114
9951
9771
3709
334
1778
1347
5082
3399
9756
2380
2647
9004
639
9543
8955
9656
9093
6106
4239
240
8913
7838
9505
2831
3483
7272
6250
622
5982
1372
2830
7401
4417
9169
8979
2375
8192
2195
9541
5865
3946
8029
7813
6241
7903
8956
3628
9049
7725
4698
3703
3668
6094
6518
278
6291
1824
9649
9942
5278
7378
5857
2544
6620
3252
2082
1744
9336
3289
761
6788
1071
7763
4762
664
7816
5443
5739
8769
5401
8019
153
8285
4061
1527
2692
6929
2162
1438
9197
7719
4822
9881
5391
7499
7758
2537
1341
5887
7603
8186
1889
5589
1348
2413
202
3396
728
6188
9692
9402
6918
8385
8262
8434
4448
2897
7398
9195
5238
4173
753
1218
803
9454
8184
3766
792
5196
2997
4919
3806
4209
4210
6858
7044
4795
6245
1244
6259
7565
8054
219
1807
9344
6793
9094
4231
9577
1917
6293
395
284
4455
3178
5250
4589
4792
184
2190
6132
9958
2512
8663
5493
8521
8613
7741
6439
1402
3827
9623
9472
1208
6226
7637
7091
452
3969
31
5502
2656
9442
230
1200
4088
1093
2874
1799
3474
4427
7742
1433
5089
5411
4789
2222
2568
6838
1587
1677
7343
5970
3810
4929
7582
8338
5544
2649
7194
7647
5169
134
1903
1683
4710
6316
3258
5034
976
460
2094
2660
7121
6035
4680
8111
2887
2093
4784
6531
2473
3676
3773
872
4144
5056
3305
9479
4976
2077
1406
9746
4374
7638
7556
9651
8179
6563
4279
5859
2145
3405
4829
1298
7931
1955
2930
949
4702
4941
9260
7071
1904
3338
2756
5751
9930
4342
3774
7286
9224
8774
6508
900
9098
2055
823
3645
8652
6562
5195
2177
4502
1367
5357
9269
8939
3733
7056
8290
3139
8516
4842
5139
7304
9573
2661
2683
9762
7395
2191
7985
6041
8699
7356
4512
9092
3728
5684
2425
5181
1260
7621
2182
3007
9302
2796
4855
9073
7972
6980
8742
3398
3053
857
737
3795
9835
1018
8456
6646
5808
1224
5810
2477
178
1699
1928
8682
6601
1240
4096
3914
7918
8921
3175
7065
5474
6010
7385
6911
675
3874
5258
3157
4379
20
1292
4975
175
7039
8515
9706
4868
8959
699
822
512
705
5130
7230
1863
3222
8138
4071
3046
8106
6134
2589
7296
3486
3259
2575
4012
9089
727
1457
8858
4129
1609
8437
7283
998
1803
7256
2362
493
5126
3671
9955
9
1231
9878
5775
3071
3742
2823
662
954
8483
5909
647
8203
8720
5765
8447
7577
1506
198
3250
7143
8021
6141
1970
24
7744
2685
7885
4718
8776
2223
8865
3812
1316
4019
4326
3363
1933
9554
7536
884
1592
3138
8591
3720
2454
7431
5035
4725
5049
3740
7497
9151
9518
9556
9690
8170
646
8637
1418
3043
3188
1836
2128
6012
9459
6988
3828
9182
2291
4146
1183
2587
2820
1557
2297
7936
4580
3889
5565
8695
182
7265
6138
3414
3033
9747
3070
8584
5534
5109
9959
9047
4251
1939
190
3420
4398
7984
569
3647
2450
8222
1233
6077
2563
1806
7197
8643
8161
9323
1623
167
2317
8691
4348
3276
2653
1176
9485
5850
1301
7766
9757
8423
8364
1220
6958
9645
3122
8945
1027
5863
6897
2605
9033
6803
1830
3983
463
3106
1505
6425
399
9647
2018
4700
1129
7579
9903
5217
4163
6264
9385
9044
8425
8725
8750
5133
3920
9292
6024
434
8631
9379
7862
367
9406
5660
3581
8888
2389
7592
2348
4073
2501
2006
9559
6716
1896
213
9893
2982
1504
2204
3659
3464
3454
8887
1637
9066
84
2909
1982
6670
1351
9174
3434
6359
7357
2323
6155
8962
44
6507
4783
15
7307
676
9429
7926
6862
2762
7200
1001
5629
1541
4807
2284
3266
6597
7271
9040
5261
7229
4669
3749
6025
1957
5184
8789
5870
2276
5242
3899
451
8322
265
1886
257
6834
7569
4404
9871
7277
2607
9463
103
4864
7017
9026
1923
2347
6484
5834
3167
4046
9464
3918
7216
6413
9152
5305
48
7803
8242
7785
5315
6223
3991
8650
4194
733
9123
1698
7665
2144
2359
8334
7855
1062
6049
5063
7391
492
9723
1880
666
9275
3584
932
3763
7162
3155
1255
4456
4365
3662
9393
6452
2387
9354
9368
963
341
2882
1146
5555
4123
3144
7740
