194
8002
3570
3000
3680
1274
8318
2056
417
2798
7243
4350
7879
6506
2729
2439
4829
616
825
6022
7667
3145
3924
7673
3571
49
4855
8061
5906
6115
733
7031
1795
4542
8116
3378
1074
1594
1437
6360
9080
3009
534
2367
250
612
9322
2526
9308
7891
8356
7281
8496
4214
6362
4114
5139
9193
2714
9123
9947
8651
3723
9231
2182
5535
8405
6937
3329
1327
5782
6605
297
5654
9999
7792
2212
4280
8779
6831
6726
7396
3155
9503
6487
8948
8056
2067
5085
9621
9463
4830
7709
7886
4927
1467
4571
8641
2932
1736
9439
8945
193
7525
3128
5194
629
4150
5429
2665
7485
7762
7256
5200
1111
1557
9716
4066
4915
3563
9576
4277
9594
8339
2919
9135
6749
3585
492
3703
2059
6897
316
4154
5000
1037
6887
9009
7910
1545
5375
2324
8094
7147
5986
2954
1607
2085
5838
789
5849
7398
1435
9262
1495
5721
2963
2668
2345
5149
5252
8070
8325
6457
4517
3992
5257
3803
7903
3918
3415
6976
6250
5499
1862
5379
602
8783
214
4376
3504
7174
5957
1829
1954
863
9481
1447
736
7465
5470
2384
6464
6763
8985
8437
4941
6054
7204
9201
5874
8978
6088
1067
7645
8046
9610
5852
5527
4759
2310
613
757
3388
3464
1948
5811
7688
3005
7649
9783
9064
2563
9726
6205
1140
9788
8991
2461
1016
3017
1283
4815
6025
1909
2156
5373
7648
8756
4644
3244
2599
3266
2189
4331
3919
6003
5837
4275
5034
5667
4887
6830
7029
3544
5033
4490
7213
7769
3963
9101
3170
5907
4306
6680
2855
2762
3654
6695
7422
5013
8192
1798
4598
8673
346
9400
6367
4049
3598
145
6299
2856
5304
1698
6106
3048
9690
1285
9813
4299
6718
7094
71
8383
5983
3475
4374
9597
3614
7064
1044
1531
146
820
3186
2793
280
1994
8357
8503
6210
2674
1312
1726
4545
9239
9142
1014
64
4534
2293
5806
524
3422
5110
7736
147
1346
3131
2962
2403
8220
2657
6331
7992
1715
4293
1122
2767
4958
5007
719
2158
2006
5916
7852
7473
2852
169
3561
1091
8582
8580
7822
9048
5262
7565
3699
8921
7698
8153
2656
8589
3451
8595
1129
4165
1154
3897
6846
4520
2594
356
2425
8754
9268
2210
5908
4658
3492
9938
4161
9475
6107
4989
1478
1132
1924
5902
2064
3511
6123
2284
5699
8704
8206
7060
8928
277
9930
8807
9810
1853
3742
9914
4171
4173
1002
5010
4512
3594
4695
709
9586
4920
4831
5536
3705
9603
9336
9210
9196
4834
9246
4912
4610
2834
4010
6135
3683
9353
415
8846
873
412
808
6049
3274
9117
565
3733
5158
7855
8121
1883
2385
9892
1660
8461
8341
2224
8831
7916
3515
6569
2121
1488
556
3738
7777
4519
2704
8495
2060
7318
5612
3672
3409
5127
9097
9961
4444
5921
4772
8768
1705
6636
8853
5609
1413
3722
4709
1917
493
4042
7703
5431
8858
429
8539
2771
3166
9667
8737
7752
5995
4125
7058
5821
7124
1868
2988
2079
3156
14
8290
1654
9161
3964
9550
8549
8297
3548
5624
8077
7967
3081
9684
6195
5702
8315
1200
3255
2587
4189
2965
9598
7521
7960
898
7655
1554
1628
7719
1295
2984
5998
8960
8237
1335
4934
1300
5734
2854
4575
2782
3398
7355
9367
5286
5786
1420
8973
5063
3584
4470
7714
9878
2496
8104
2866
1164
6703
5
8291
586
4893
9483
1494
3309
3959
2116
3796
9169
784
5403
5913
838
4007
2184
8708
6877
56
32
8378
6531
9650
4409
75
5389
2691
4814
7819
86
2924
6000
4535
4801
8132
9767
9676
575
9812
7114
2314
7042
2087
3338
3428
659
9030
6651
7383
2183
9995
5348
7323
4992
5306
4312
3467
1137
6686
8649
6342
6898
8254
1561
9462
6064
8559
912
9909
5559
8380
1587
1210
5791
3089
9652
9364
1348
2142
961
2358
1925
7558
6561
1031
5466
1439
424
8347
2648
4455
155
6433
3045
3
953
969
7851
4068
8229
5840
3100
7002
1753
1643
5362
1483
8585
7194
3684
708
5387
9585
6352
3161
8790
455
1781
3461
7102
4924
1459
3714
1168
332
6912
8761
651
4684
92
5221
5011
7806
6956
8043
6310
7046
9962
3753
6604
8678
9174
4069
864
2811
9898
278
3929
3739
8213
631
7974
3188
3466
2521
4835
9034
8980
3203
1588
1170
880
2154
3488
9740
6985
7738
4315
2868
8828
9966
1688
2951
9253
4566
3788
452
7948
3582
94
5525
3888
9880
7897
6681
1146
4216
6579
8216
6633
7934
1165
2737
1142
4339
2909
4047
1787
2321
9601
2509
200
8114
9425
8374
6785
3102
611
8117
2422
8927
6239
393
9025
4018
3187
9715
9216
7235
8009
2148
9063
9579
7107
7908
845
9430
9876
8151
2151
2847
3983
5215
8778
4589
9028
6671
3808
8743
705
1553
3974
4659
7373
3883
1479
8317
6237
9837
1518
6525
114
2529
5315
3961
2200
1711
8516
6760
4537
347
1502
1961
177
6981
8250
9298
5190
4342
916
7125
7286
4370
2851
213
1227
2694
2917
8145
7519
9619
2464
1648
7240
6014
5842
977
8593
2688
3906
3441
3696
4414
3104
3773
5384
7291
2048
6614
8986
3365
4282
509
6555
3320
3666
8053
3271
1086
5051
2105
4208
4764
6842
870
9003
2989
6480
6943
6739
6335
2418
2499
4435
3157
9190
3217
6260
59
9478
4334
2139
7454
6459
383
3641
7188
508
5236
1125
1885
657
7178
436
4355
3771
5173
718
28
1572
1758
9832
4982
7287
4964
2525
4206
7532
7620
7888
3163
314
5710
4769
6861
3726
5380
9794
9278
4163
9543
2802
2915
6192
780
750
2463
1081
4983
9274
9024
3674
5748
748
9488
500
5594
217
3377
2929
6002
3076
4466
9841
6231
3129
6477
5774
1497
5451
3324
7048
661
7429
9691
2996
6174
4998
351
6516
3931
624
8238
3536
1388
6816
8544
3379
2417
6165
4890
8360
9417
8942
8166
374
5653
6274
491
8904
3597
2415
8354
9008
2959
9913
484
8965
2265
7604
9163
475
6946
9792
9951
3740
947
4766
1620
4454
4978
4003
113
3307
7382
5886
6476
1844
3213
5161
8227
3452
2711
3537
1473
1664
122
4379
5616
5947
285
2230
2337
7734
2775
7224
6940
8835
4617
7782
9673
663
5671
5202
5040
6710
5810
5052
1667
2392
6740
3318
6509
9764
6589
1527
3444
849
942
4988
184
897
7625
9124
4133
9502
3528
4852
5716
9126
5551
3900
464
7030
6928
2658
3520
5166
8723
6870
1869
4903
8402
9620
2864
9964
1748
3189
5390
5688
2073
773
7796
4426
7363
9355
405
630
8530
3003
4703
4176
2821
3006
487
7973
7357
1911
5621
6944
9975
9460
3280
9885
6189
2005
8724
4337
3646
8493
8088
5571
2157
1881
437
2122
4335
8289
3302
2574
8793
8707
701
7436
5119
2741
2873
4178
5238
9067
9490
5459
2912
5440
7229
7617
6751
8644
2948
692
6267
826
6627
7811
3165
7766
7218
2480
5394
8734
1221
660
3123
7643
8425
4859
104
617
298
3877
7450
6075
2697
5531
9802
846
60
5398
6803
9343
7912
6873
729
499
691
7225
2238
6004
3743
1025
9888
6167
2679
5633
5904
5334
5039
2444
8272
5057
7415
7759
7075
2716
2378
8397
7482
7181
9757
9743
6313
1033
3711
3852
6311
7939
8513
8454
795
4017
4796
2781
9370
7061
3765
3932
1226
2181
5108
734
1839
2676
9105
6962
1615
4899
8514
539
1104
8107
8478
1732
8731
1008
6240
5376
9899
2339
7062
9700
3468
9532
2601
4577
1600
1072
9774
8485
3008
2012
1321
3755
4867
3557
4288
9000
2820
6209
7543
2551
6743
5059
9005
3024
226
5147
1042
1845
1754
4326
5343
1583
1451
5591
7070
6978
6951
2972
520
3645
3994
2307
3799
6188
73
3292
4144
4923
5733
5569
1872
9324
2171
8821
1046
42
1546
4462
6061
4412
3618
6184
6795
7927
9381
6794
4473
3317
2566
619
7884
959
1858
8674
895
1617
8983
2179
1550
4481
8048
7661
240
2140
9410
6864
2806
6370
183
7510
5738
4349
3596
6357
3034
8766
7946
5318
2618
3374
8538
7268
7986
1201
7093
4798
6117
4504
6952
2768
3573
5209
8952
4710
8504
3519
6190
4521
5456
6423
9062
3209
950
6702
2944
4651
9554
3854
5672
55
6662
4511
4888
6330
8834
3813
1525
5488
6545
5922
1069
8562
4034
7841
1143
5642
6526
1078
9744
9928
2945
3059
6429
2643
7095
8294
6513
9756
364
9678
7152
3855
2973
3811
4942
8126
227
2228
2827
3230
7273
5698
2138
6708
9541
9915
1239
9134
6992
2144
1661
4797
5543
876
3976
4630
2786
8200
7550
5191
760
4231
6185
9706
1674
2512
2906
8670
8749
572
7691
2037
7950
8424
1271
6719
6841
9344
6874
6899
7554
5274
3053
6840
3539
4555
9348
1311
6829
5950
4976
6224
8472
2130
8727
9468
1838
8782
9559
329
9206
7462
3868
595
1060
4237
7810
1181
8443
2119
3549
2545
6163
7043
9187
2195
5514
4623
1141
8071
685
2552
7776
4358
6114
7049
6009
4284
5283
257
67
8816
3783
2669
9102
4184
1575
3790
6181
8029
4968
2891
2913
9854
7375
6382
4588
3138
1837
2516
6502
3190
5025
7591
210
5805
9100
2498
3807
7354
8502
8406
9758
6122
2226
1218
9643
971
167
3846
7642
9996
4856
9640
4132
3778
8259
3656
6399
8488
2102
8964
7176
9317
9071
3946
2763
8362
1357
4969
2608
8954
7906
1533
816
4364
7186
3802
2435
7890
7351
5192
9724
7686
498
5014
1547
9145
8703
2114
1616
8447
6238
1486
9014
9046
2897
4468
3369
6097
4272
7922
6166
4624
4021
7312
5608
65
6108
8266
4727
5265
4166
8299
2175
2818
8018
1598
3349
2660
9357
166
6932
1263
9889
5182
366
8617
8253
5501
3553
1889
3325
5772
9822
3744
1816
4637
8164
8369
1841
7694
1820
3588
6574
7010
7439
9986
4136
6157
440
7863
7013
8518
9346
9321
9628
9637
1460
9639
8627
6288
469
9158
7751
8366
3655
6471
1061
5109
6059
6699
7899
1898
470
6869
9746
305
9886
9816
8280
7962
7867
8550
4528
3607
7223
2846
5987
9233
6406
4388
4149
6461
8304
7825
4493
9319
5426
744
1921
5582
6355
7542
2257
5106
1010
3580
2094
6682
1364
7846
8368
2467
4354
5170
1770
17
473
8995
1277
5845
2039
1492
1299
246
1130
5993
7628
8611
9159
5576
5123
3335
4457
8598
6931
7119
592
4788
9242
9211
2393
5919
5997
4627
5558
684
2219
2871
5229
1801
3015
3675
3135
1209
8856
4697
7907
175
6808
6867
2877
5722
8990
9081
8628
1635
2033
6350
8381
4005
4453
353
6320
9418
8680
3736
3850
2404
4495
6659
1639
2096
5467
6384
7701
6152
4076
7138
6948
273
9232
6764
4357
5203
5416
8125
4633
134
9753
3333
4605
2298
154
797
5340
1476
1985
8247
6999
6995
4874
3928
7380
5563
6924
3080
4459
5890
5585
5048
1831
483
6707
50
4333
1733
4806
9780
3471
2482
303
8407
9304
2611
5047
9372
4026
2199
5068
8689
1846
302
4097
2274
349
5369
8919
2961
6986
7885
4352
1326
1270
1815
8777
4972
3020
1762
2237
6866
9710
4404
1873
3450
4252
8914
6451
8561
2414
3075
2636
5266
6508
9098
3050
3669
3885
8879
3848
497
3057
4913
8367
4906
1627
8943
3168
7008
9714
2825
9205
9444
7280
9769
673
3342
6427
3321
418
931
3195
4386
7360
6517
6990
6347
2596
8241
4936
9220
5150
6177
5365
1984
6148
5433
7214
1813
3254
9384
7325
1156
7633
251
4313
1363
7708
753
2234
3327
1064
3113
317
7685
7294
467
4188
6603
7990
8436
3246
8841
9053
3784
8716
2796
170
4407
5073
5307
5408
7961
2169
1951
7991
6458
2787
5900
3899
4502
8845
3716
1306
4957
5509
5151
8769
4211
2493
5640
3132
378
9631
6111
7696
3715
8535
8675
1474
8813
431
3436
4836
8923
442
1819
5207
7987
5893
6910
5414
5844
4106
5050
3791
8240
9638
7362
6610
1121
4907
115
5251
8141
6284
274
2260
9664
6539
4860
544
3330
6611
2046
201
3068
8040
1234
6179
5195
1461
7893
282
2641
3397
106
4816
3078
9466
4031
9045
2553
5164
766
4011
8898
2600
8784
8386
8660
2534
9292
6588
9772
9599
2285
3895
7014
7564
8728
7418
6537
5464
4112
3866
9061
9568
2604
1301
178
3212
4940
2560
5242
8163
4187
8169
1632
3754
4664
5354
2753
9362
8926
4642
5249
2389
4812
3490
5911
5246
1372
5417
2149
4846
7774
8055
2062
5696
7342
3986
1764
901
3200
5552
1047
3108
2830
6409
5808
7050
4486
1212
4296
2038
2517
922
9941
4690
338
2057
3405
365
3829
1738
2264
4748
2935
4294
6646
4996
5206
7716
9291
6203
5864
3839
4036
9333
3125
7401
2745
7025
3038
6343
2445
3380
2340
6917
7553
2992
1329
7978
1539
7317
7788
2125
6852
2332
2627
1668
4483
987
7144
1309
9271
2632
2294
6126
2903
5718
120
3627
5589
1308
7844
8075
2473
4832
9929
4916
3204
7017
7251
8196
5446
5243
1272
8446
6036
4181
4111
3935
7141
714
1802
3420
8667
2799
3482
2127
3610
9752
1482
6199
8073
1722
8189
728
5072
5930
3150
5693
2678
7614
496
6233
9963
9073
1124
5418
7344
7790
1160
9335
472
8255
1896
1932
1986
1935
3477
6969
2240
2886
4264
3478
5099
9456
3874
5498
9092
7104
4765
6577
4974
8482
4383
4533
723
7368
7385
7718
7624
2598
9853
1828
4229
2637
5673
3312
6058
296
9337
6141
7390
3169
5788
9265
2194
2524
8830
8557
3290
1778
8953
1082
271
2791
2580
6405
8744
1017
9402
9771
8962
6498
9971
4377
2899
3940
2027
6395
654
8096
2470
3775
1791
7726
7856
1477
54
711
9004
4750
7233
363
9658
3025
4587
7895
4103
5955
4736
1536
9669
5259
392
7443
135
7764
1516
9925
1519
7526
6044
9453
3127
1599
9188
4200
4338
800
3980
7018
3340
9604
6619
3357
8568
1360
5729
5581
3485
9912
5462
3001
272
3264
7135
8001
9765
3595
741
6219
4905
2995
5405
9136
9091
4343
6916
7556
9111
4937
9351
7416
5605
3503
4728
6622
5388
6351
1524
6974
5929
9361
7737
538
2764
3947
1777
1462
8414
3192
3011
2623
6538
6264
7684
7220
4699
5322
5665
9315
3914
7112
4857
7149
8401
5401
5856
4310
2942
2460
8016
4240
7019
6982
9027
2349
7900
578
2969
8
7088
423
261
7395
764
6081
4655
198
4795
2160
4720
2701
2804
4681
1562
1417
3721
4753
3687
2011
2456
6016
2143
1663
1050
2479
6186
9266
8687
3863
3953
3121
8597
8553
3322
5216
8972
7232
1931
3002
6769
3300
915
1880
535
3022
3249
3180
3572
7358
8624
7975
1558
9804
8963
6632
941
9326
8087
8808
7393
5276
8217
5137
7935
5402
5300
8586
1169
8826
2617
1913
9318
4340
668
9121
5932
4675
7515
4979
6977
7539
4318
9325
4494
6432
8820
3609
3857
3766
4090
5595
1284
5686
315
8851
8353
6120
5526
5888
1517
2829
9377
2558
3112
248
2267
1070
9245
7161
7170
5224
7346
3148
2408
584
3293
970
8149
2387
4385
5679
3373
6819
9289
3028
4185
4777
8747
3640
821
5172
7143
9494
9198
2662
9394
3824
5324
9717
1662
635
6005
6587
6110
20
553
5952
8225
1155
5799
6697
552
7622
5111
9283
6248
2651
7909
2270
8997
9056
8931
6515
5538
9903
9184
1669
3948
9519
9902
3046
943
6410
7040
1468
6922
6180
8310
2609
3268
917
9562
3199
9200
3729
4931
756
3697
9275
4778
4195
5005
8505
5092
6051
6868
2036
268
4667
778
9820
4301
5185
6291
4451
9761
6674
4725
2975
5593
1975
2190
2229
6862
8548
7411
4162
2841
1395
5804
4593
3332
8640
8429
373
1895
9685
3054
4636
2533
2510
8866
2698
3116
9879
8891
2805
9083
6154
2447
2732
7011
1225
1723
5883
3619
2368
7053
9006
9821
3273
9807
6304
9107
8993
199
6925
6393
3304
8929
441
1322
4634
6015
4210
4559
7583
3987
3622
1041
2940
3110
4217
7639
2462
5976
2571
5545
6953
6439
8933
8342
9204
8156
9557
4522
7227
5809
7601
1973
1464
501
3454
4295
8637
9571
2304
6631
5169
1999
409
7827
2380
5928
918
7079
4118
3960
5646
9049
1725
4987
695
5507
7942
5179
1490
2329
7447
9094
2757
9485
43
3805
9154
1857
5234
2320
3435
5741
4985
1466
8796
6455
2448
7120
4203
9555
2857
4250
7700
9119
1297
1093
4602
5281
1727
8529
9230
1193
6987
456
1960
8361
2431
2295
5094
6417
7009
8223
5084
702
6376
4392
4045
514
7116
9911
771
6168
8499
6542
3372
2176
3297
2845
2481
4177
8351
3027
1751
4620
7512
5750
461
869
6790
5492
4126
8118
4756
7509
4270
3137
444
1864
966
7869
8893
910
4611
8685
1649
4729
1039
3171
2615
4271
7976
4807
5923
2352
6844
312
6156
5070
5477
4570
1680
6832
7904
9522
8780
6175
3628
2023
5709
4328
2491
8110
623
360
5018
2892
1976
6566
6183
4866
1998
2666
4592
6421
809
8440
875
74
923
9237
9156
8686
8636
9900
9371
6055
4368
7730
245
3030
3363
3073
8246
7402
8204
1953
9202
1902
819
935
1316
8277
1380
4786
2363
196
2074
1701
9828
4532
8102
3427
4001
5601
8365
6105
1001
5783
1979
7710
7956
5578
7376
4997
2235
1914
5827
9583
4896
1135
7802
4739
7603
8209
3865
5889
2633
2901
9026
4858
3251
1034
97
9584
8669
2394
5896
4489
8564
5524
6378
474
8862
1530
2546
6388
8857
1205
2459
2746
625
4146
755
4369
5450
3910
7350
6926
9076
4760
6583
5328
9535
3154
2634
9721
8868
4604
7830
7296
8832
9177
41
6344
967
2928
8938
6980
543
2876
8844
8869
1062
3671
3780
8684
2203
5948
2528
7823
7872
2865
5869
3395
4539
2758
7126
6052
7889
6654
3084
3984
2003
3206
6878
4973
2058
3457
1452
6825
8588
4378
1251
837
1742
8692
4441
7658
7293
990
5618
638
6346
4396
9059
8030
4077
7930
5839
8603
1640
5439
7456
8895
6491
954
2466
2485
7471
350
2342
5978
5083
4138
5352
9754
7945
8120
4028
3836
9388
3500
9514
1059
52
6401
4599
7618
9180
3818
8713
9495
1515
1377
4733
1712
1952
5363
2016
47
4192
48
5078
5568
1756
6621
7264
9905
7651
5121
2446
1117
5471
6486
6563
1400
5979
2055
9782
6801
9085
8130
1767
5074
1856
9498
6876
2201
5102
2726
6564
7379
5506
8752
9047
2040
9447
5247
8840
348
3525
5643
76
6380
4000
6929
2813
8468
4500
5496
882
1759
6694
3242
6720
2884
8222
1183
372
3939
8108
3706
6445
4562
9125
4606
5344
3892
1005
9160
2045
6303
7198
449
4657
4507
5312
4091
420
9567
5331
8487
4939
968
8602
6412
8379
2065
1340
7775
1959
2129
9208
8256
8884
2519
8688
1625
410
1056
4526
4478
2450
8303
3860
9051
840
5513
3437
9269
2269
7172
2815
8333
3390
9839
9674
7106
6736
1739
6791
8000
1279
8221
7327
2474
5129
7302
5663
6191
7162
5529
607
7646
1535
8412
2402
3882
5319
6839
6443
9130
3470
1630
6796
7001
1621
8982
3521
4130
6849
6879
1051
9890
4980
8086
4741
646
2777
956
981
3901
7266
4266
9260
842
4648
3058
6354
3124
3118
7557
9074
1700
4227
7442
300
717
7809
6818
3911
8100
8296
8212
904
9513
1830
7881
5248
3701
4406
4059
6079
495
7182
3431
3487
2653
9041
7187
8410
2471
3491
4963
3869
2585
9507
4487
8416
7861
7183
9506
735
7853
8542
8426
2159
1915
4631
6505
9376
3516
101
1689
8569
3800
5763
9341
1215
7695
341
1368
6709
1982
9499
3652
9781
1264
8329
2009
287
80
9840
3432
6361
6933
5953
1580
7551
2021
4087
4809
3514
7595
5425
1906
6524
945
8051
5263
1167
6037
6488
7260
7966
4205
2747
7217
8791
1555
2326
5193
4506
1785
9236
9523
5597
3067
6601
8479
6597
9065
53
5649
6013
8683
8996
7654
3568
8467
2620
8959
3069
2867
6214
506
1710
3439
6620
3632
8023
8316
6323
4290
5901
6911
8308
980
3590
6327
3279
7818
536
3275
4094
5966
31
7535
6781
4380
8137
6125
6438
4411
707
6213
126
318
2382
5781
5292
2379
7479
9997
4734
7773
8600
2490
1504
3643
7349
9347
4479
354
7520
162
4688
8202
9591
5053
1415
9978
8805
5914
1666
7674
4613
4421
1028
9842
4190
6548
829
5154
9575
2162
8012
4115
5969
6530
2372
928
4578
9868
9683
5544
9590
1022
7508
6553
5367
5725
5096
8776
5938
1806
5122
8517
7163
9801
4527
891
8340
8720
5675
8419
5480
669
3456
7150
9095
3459
9482
1803
8244
6779
3880
5657
8497
9762
2603
3215
8787
5038
4670
1220
8676
7979
9089
1493
3816
2409
6713
9989
2548
8671
936
9729
8594
5964
2918
4141
3092
1406
1106
8843
3047
8258
8239
6738
9257
9359
2916
1989
3664
576
5117
6280
4805
1159
6771
7993
112
5909
6496
3164
5841
425
7247
2052
4246
4063
3695
2095
6573
7772
6397
2126
504
9033
5177
2532
9627
255
8194
6454
7164
7086
9218
8639
547
2628
1004
4863
6385
6927
336
3942
2305
9380
3141
7516
686
2976
1426
8343
2872
2256
5954
5727
7314
422
2250
4242
2008
385
8111
88
3513
1682
230
3709
2280
7271
626
5089
5386
4551
513
5133
7504
3737
8512
3287
3576
7662
8932
8372
8528
3276
4429
9681
1252
8090
2991
5364
2780
8314
266
2970
4109
6076
8173
3509
7111
8696
726
3060
2555
6278
2086
6757
6712
9755
7244
2920
9455
2941
2890
2569
3757
7146
7739
2437
4761
558
2911
5704
9244
3337
4071
2736
8335
8646
1242
4400
1966
4233
5019
2247
1760
593
5865
9843
597
1520
9122
9267
7424
3210
4824
2359
6848
4700
1566
8574
6197
5469
8789
4966
9054
7284
5606
7403
6282
963
6784
7514
116
185
121
1166
8219
5472
2699
1481
8969
3347
3644
426
1063
6252
7919
7984
4081
6019
884
2196
9850
5903
4802
4837
107
5579
5222
5562
5945
9693
3833
9883
8033
8915
5681
189
6724
4909
421
1755
6011
4105
8483
7878
9722
2612
3937
9515
3228
5167
3806
8199
908
5120
6415
3263
7470
9405
6649
9480
2664
2875
1088
5684
8925
1245
554
5847
6411
2885
5626
4465
8264
9709
5946
9013
3847
6886
7965
8576
77
6723
33
9738
7045
9104
8484
851
6270
1043
9990
4089
6919
530
8279
8154
5547
5933
6092
4717
713
5445
8573
5142
9649
4347
9404
1949
7659
8848
8131
3670
5424
5641
6017
2343
2091
4754
3134
9985
788
9461
6847
8486
2002
8282
7435
6896
7606
3975
1928
4221
2824
4027
1923
3637
4456
8694
1241
6854
1250
3031
5753
2810
5564
3426
3626
6934
4583
4117
8532
4381
9383
2613
7763
2405
4590
9946
3056
5542
6975
4160
1977
9763
7272
6512
5798
4869
2218
238
7310
1470
7831
2397
3682
907
1892
9549
3945
6033
7177
694
1013
4991
4072
2646
2592
5357
8584
4732
7502
6221
5301
754
5476
2245
9773
5866
6721
7843
7850
9662
2994
6481
5296
8458
4922
9759
6194
8083
1101
9434
8036
675
8331
5584
4781
1217
7914
8852
517
7569
8123
7784
2506
6612
6979
8643
9910
3070
4238
7015
7319
1116
4752
3208
962
4990
3533
5863
9952
569
622
4911
8930
4123
8714
5887
585
5422
40
9363
9132
6642
9867
8395
3375
1537
220
5218
3934
8270
4702
9345
8191
2204
2900
7813
7237
5635
6263
7513
8006
5910
6993
4054
3393
2765
8427
4948
5148
7175
9815
6071
2227
6234
433
2317
6984
7682
805
9770
2313
8710
9223
6001
5284
3394
2557
4263
3787
7191
7729
1847
9044
3179
6552
6532
3794
3447
4854
9296
3587
439
6413
3481
3667
6684
2215
6533
376
9536
1314
6425
9504
7430
4524
7713
745
5093
3346
9375
9451
7665
2152
7568
3356
5787
7681
2717
7413
6543
5800
1434
6768
791
9373
4488
7585
3294
8642
8560
4427
7579
828
3308
5522
7270
4012
3474
7575
3071
3480
4579
4285
1353
1776
1161
6198
9870
6704
5475
6050
4428
2887
6228
7660
9040
8218
9712
1886
6494
752
6074
2258
9055
1123
6744
6752
9152
9473
642
7335
8888
3353
6390
3673
1805
4891
4194
2292
1619
4446
859
5144
5406
6787
4292
9786
1083
1113
8439
6758
4917
9157
3036
7561
998
6907
6444
3600
7842
7248
5697
580
8859
9018
5717
7022
999
8838
6930
2707
5353
2263
4745
537
6018
4345
7406
453
6377
7735
6645
9022
6318
6638
7493
8275
7077
6648
295
3174
9035
3182
2032
7505
4134
9285
3922
6485
6446
8547
5029
3826
7343
5012
9440
9651
6688
6383
7101
4999
2943
5712
1821
149
6679
4361
5269
5002
8047
8095
7299
4561
3908
2907
396
4787
174
8536
2839
4029
3648
5826
7082
5732
9293
5984
6029
4847
804
3530
1809
527
9656
3411
342
9350
6096
9546
3875
9630
3746
2645
5279
2373
5338
7276
594
141
335
8243
8251
3142
8011
9633
2597
9286
9844
5590
6811
1108
66
5054
7410
6900
8974
2325
6690
5368
5884
7072
9642
6529
3878
7207
1032
5611
1411
8860
1414
3638
2089
2365
5500
5596
7211
9432
8711
2401
2426
5832
3518
1676
2838
8373
8916
9306
5687
2432
4121
2442
9737
649
4461
7142
9825
9178
6730
7425
4298
9993
1328
6246
362
1740
3103
4663
4714
930
3988
3921
9518
4061
3098
5517
2132
3870
1324
9038
7836
6746
2578
7573
7056
5178
1874
1579
8988
932
8180
9249
7972
9858
7246
361
7407
1551
9340
5290
5299
9547
2862
6967
1294
191
9719
1672
7377
1077
4169
8850
1538
6170
4043
8293
9368
7257
8956
3445
4023
1320
8665
7203
2327
9635
8233
2220
3693
153
9021
1375
2672
9166
3079
6294
2178
7882
8612
1424
3310
6008
2455
2946
8903
807
8008
1339
8449
8578
5270
6575
5086
2308
8388
7507
8450
5784
4234
7484
4127
2436
6731
5112
6884
9309
5235
9150
4871
3044
1073
769
5342
3037
5570
3658
1747
6089
8235
3250
4928
5303
5346
1323
229
8072
4153
3040
8788
4053
4254
2723
3858
4518
3752
7481
2428
6664
5980
3665
6422
8650
7653
5233
903
1604
4082
5382
1967
2514
8168
1956
6024
8142
2141
4949
4232
2266
2412
3532
1964
1528
7740
9516
8133
3823
866
3613
7205
2268
7189
2131
8540
7995
6456
1361
672
3950
2279
793
9998
3635
9859
2375
1119
4740
5644
2063
5855
6945
3158
8822
3720
4482
3443
6450
103
7165
4274
7453
4622
8025
5813
2870
656
7566
3270
700
601
4955
2703
1071
1691
4447
8022
8014
6565
4167
2769
4249
7589
3494
4877
1356
6727
2858
5280
6968
3065
9677
519
8382
375
6341
6277
2301
1330
893
6332
6989
5355
6666
6523
1053
9826
1702
5060
3191
4443
3159
7421
8992
7761
3421
5289
3886
6134
4113
2282
7877
7298
2848
399
1162
9694
8287
7089
9459
8682
9077
817
740
5752
1090
3419
798
5745
6338
5115
2071
7560
6490
4371
1102
8657
1734
7594
9279
7007
7828
7742
3760
7901
7047
1647
8571
3122
7208
2222
6755
2007
5639
5762
6067
8064
1623
6147
5494
4943
3109
6173
850
451
9338
9760
5897
3795
6957
4258
7488
447
8717
4607
6639
5031
4785
3577
4576
6913
3049
1087
7110
7303
9538
1255
3306
6447
3776
6788
7201
9036
3717
2622
6153
3063
7666
4395
3207
1656
8510
1249
3926
1789
3786
5870
1457
5680
3400
9084
8024
7805
6031
2650
9595
304
5381
5982
157
1721
6258
5457
9939
2950
6650
5744
7404
9735
9609
3552
3761
3505
5091
2118
7476
1491
9699
4986
1568
7944
9817
528
1665
2082
9708
7854
3446
1851
6813
9534
1068
1192
9968
8265
9954
6169
762
4726
1412
5305
2843
5268
4325
8309
8520
223
4827
8750
4615
9533
3700
1724
8726
5879
8457
8092
8301
2985
9248
5965
1038
398
4419
5768
883
9454
9017
604
2221
8403
7269
9450
397
9856
1888
6858
8103
7037
5599
7597
6560
8271
1237
7212
8736
4399
785
1194
6921
5350
7959
8278
8917
8049
1498
1009
3545
6797
7156
4853
3702
6094
6273
782
1860
2303
9561
2859
3893
6903
9360
7158
600
8224
3905
2505
8207
9703
4050
857
905
7683
4220
110
571
6045
6056
5973
1489
4682
6765
8918
8748
3898
5046
9948
6420
9508
1947
2702
2357
8899
1393
6598
9313
3423
6316
1988
3323
4696
3019
2993
8062
381
428
739
1422
2165
5867
9958
7206
1292
108
9170
9942
8984
7253
4850
7988
8042
9203
8201
4654
2262
8136
9625
6732
8376
219
2458
8185
7309
21
703
8889
4556
8311
7918
6609
8205
5652
1634
5532
6159
5253
5924
1449
7721
5227
2967
7678
3579
1026
2823
2465
3226
1608
621
7574
3662
1281
5818
599
6372
9849
9847
6954
7131
5438
6838
7193
960
8936
6821
2078
4464
6672
8745
879
6269
3543
8463
3043
3843
6997
2041
5309
5756
2734
9229
8534
6452
8798
8912
7034
334
5255
4701
8691
7474
3779
1006
2504
3534
7171
5183
5105
6353
44
9075
3077
3550
2020
9247
3725
8877
8263
6585
9058
9155
2272
1399
8276
730
836
1189
4452
9443
8509
2540
4116
3506
1136
9307
4952
1542
4880
852
1049
5617
3933
4235
3727
4006
6229
1995
3328
678
1926
4621
7278
3642
9672
3551
3341
5730
8799
4711
3871
7503
2331
7036
9988
6947
6814
8160
2696
7023
6300
8882
7600
9728
2724
286
9131
6628
5625
5436
676
6340
1644
9143
8537
7461
3991
8652
6254
1199
1659
6894
127
5918
9704
6859
293
5868
7611
432
1103
4800
7511
3692
1500
8527
5990
4438
462
7277
3434
1716
5213
9458
9129
7634
8091
6920
3599
4523
6035
69
8867
8971
731
2242
1099
8203
6584
5959
8742
326
933
6521
7300
9181
4212
6880
982
6857
5196
3358
3583
7848
3301
5186
3560
4861
4230
1571
1729
8605
7076
244
7771
6109
5351
3334
9725
7304
4413
7295
9857
1652
2047
1685
9960
8140
358
1396
9212
2712
9487
6698
212
4597
6431
4515
6528
2934
2147
2535
6942
8013
7265
2004
5423
7255
22
4164
5468
2486
4484
9115
4092
4876
913
3735
4498
5256
2966
1332
4698
6275
4080
9103
8638
2833
3384
267
2419
4790
9612
6550
2840
5015
9020
4239
2093
9214
384
9614
3241
1919
9413
8027
3981
749
7894
6776
8324
6139
1782
9264
5267
4914
8319
710
6799
9707
652
1458
3668
6658
3366
839
4782
7631
8870
4269
5107
5212
3140
5634
6047
680
8475
620
7311
476
4584
7795
8551
6236
2644
3319
4635
8456
2728
9991
4348
3462
7021
7283
4224
8067
8190
6500
7627
7602
2163
9865
8751
770
5583
6599
2958
3793
7598
6144
9305
2136
4287
7494
3527
8648
5743
5577
2346
9730
5461
5419
8626
2776
2577
4546
653
7615
7969
2275
1893
4839
5497
9819
2468
854
4223
2309
2800
1840
4085
9331
8701
7540
7432
8281
5181
9711
4439
8507
7951
9029
6655
6647
7692
4595
2236
9528
1419
7052
8176
9492
5484
7768
6472
5407
2072
172
3004
9314
974
4652
3013
4967
9663
4064
3218
9618
8922
5706
4743
2377
9542
3884
7753
4309
8873
7725
1651
8541
699
7794
3569
2539
3225
4471
4823
489
822
5400
2606
7330
7971
6970
8474
9185
2318
5219
8144
5962
6099
1786
3541
5327
4549
3039
1190
3389
2398
9407
5356
3160
9572
2186
1254
4735
9540
8896
7160
2693
7419
1730
5759
4317
644
3214
7902
3508
5795
5751
5374
3283
7757
9984
1735
8976
3841
2878
5817
4448
5968
4591
4879
9967
7693
7559
5385
775
8533
2423
3894
2795
2910
1626
1825
2895
1987
5474
1231
3417
8074
9328
4609
7219
5685
5043
6895
1334
6091
9747
243
1882
6325
339
4954
6571
4262
5097
5473
1236
5066
9539
7226
8084
9644
4873
8698
9118
4977
1612
7857
84
5677
511
1823
6242
9623
7139
197
9486
2971
6133
3973
5523
5994
9809
8661
2629
6078
5023
3177
7518
5600
4981
8864
6368
3252
5705
4721
2537
5330
1675
8473
6119
1937
2939
1997
5396
1714
6145
8307
5926
9564
6359
2573
4713
6906
6640
4004
7305
3425
9219
89
9734
5631
3965
1638
4131
8814
4300
3175
7445
5232
7408
275
6889
1475
605
2518
8677
2625
6495
6802
6404
6030
3657
5977
9882
4962
2031
3359
6641
4014
5485
2968
6792
4841
7386
1699
7409
4680
5937
6875
5881
8066
7157
1673
3406
5017
6448
1441
3834
1614
1383
8433
5534
8792
9733
4509
8398
6312
6624
382
4496
6314
991
1118
4569
215
1246
9144
6171
3473
7953
8352
4375
3566
1222
1505
8613
5664
2898
7783
6558
7791
232
4821
1955
7414
402
486
9420
435
2113
9852
1379
3383
8017
3298
4900
1737
5250
7952
7071
2894
8592
7630
9113
79
4202
1613
1349
9874
7801
1707
2081
6759
7153
5146
3902
6735
319
4236
7446
380
6077
794
7883
249
7664
8441
4204
1708
2508
400
6504
4256
8462
3891
1240
9670
3817
8302
7496
3181
8434
3704
5925
2205
283
1605
7392
8079
4984
2607
5876
9409
9544
3407
18
4708
2374
9861
6960
5037
16
5502
4540
1963
1939
1315
5620
4458
3376
2429
609
9588
5095
8653
1268
7252
7623
7812
7859
6827
3781
5104
6072
4139
12
4665
9675
9464
1110
1848
7760
944
1293
2104
640
8565
466
3748
1796
1642
3630
9342
2927
8871
1595
7016
3774
1769
1371
4418
9227
1655
1404
1512
6149
9613
1983
3944
9827
9696
211
9551
6716
2570
9263
7000
7499
4661
4086
2225
4568
4390
403
6482
6607
8284
8167
8464
2117
2288
5548
165
343
9526
7427
6756
6293
6475
4193
8059
3367
9896
2931
3438
1347
2722
8418
8459
6572
9477
6581
8883
6080
5272
8370
182
835
3350
2819
2755
522
1641
371
721
4449
2673
1389
1057
2923
7528
5335
448
3840
2028
5822
7940
4747
395
4662
8998
3639
1934
9527
3295
2783
1112
8127
2233
4344
2278
1854
737
5165
25
4902
9833
6729
6315
2399
8920
6522
1822
1030
9116
5975
985
4148
5199
1877
2335
294
5931
70
5024
3259
1151
301
8195
2576
4305
7431
3565
7599
4095
3465
4707
5981
1773
8905
6129
8210
6402
488
810
5064
6040
6706
6657
7338
1238
871
4384
639
254
5452
3822
7122
26
3768
187
9634
2134
559
1876
15
2709
322
868
7870
6737
9949
1343
6484
9605
4215
1428
9838
9646
4174
2692
823
1567
6069
8824
8236
9766
7085
2107
8847
1052
5225
3042
4563
4079
6251
3026
2575
8435
4030
3345
1908
3698
2586
4362
1409
9316
2211
7592
9284
8906
171
7892
6039
3825
331
8583
5316
7840
2680
548
7537
2083
6158
7365
8739
8248
1410
288
5648
4431
306
8320
9934
7361
7668
6418
9493
5927
463
4817
1790
6617
715
8941
8806
6057
4308
8262
6865
8089
2652
3688
1187
8774
1401
2286
6557
5288
6805
6196
6046
8607
7065
4848
7352
7374
5145
5430
9860
532
3413
7862
1496
7495
7469
8174
3728
7839
1694
8404
3524
8695
2283
8052
6028
3998
9497
8431
4273
2128
2614
7671
7997
2675
119
7955
4771
5197
156
5598
7702
2433
8312
9397
1891
7747
4629
1244
7477
4397
4965
4862
1503
681
8801
2489
8632
3814
5775
679
7399
6271
8438
3278
8115
8892
8979
6983
1981
4302
105
5682
9221
5504
1207
9800
4359
8399
3719
610
4255
2738
7336
1454
573
6549
6700
5411
3476
6257
9411
8786
3633
7704
8885
8494
9349
5090
443
391
6625
5647
7690
8545
140
4183
5329
9042
9923
6235
5478
4600
5332
9217
3023
3371
5437
5180
948
9908
269
8725
133
4046
5988
3144
566
8451
5302
861
8181
1289
5848
4119
4137
1055
2356
6379
2933
6339
1120
9629
1606
5796
4261
3592
8385
6725
3115
7638
2322
13
5623
2655
1198
5124
2001
406
9171
4995
4408
1126
3136
8690
9596
3035
9901
340
722
2937
8390
8349
6812
8466
390
856
1157
4039
3558
7865
9698
7957
9128
8208
1092
9606
8546
1174
1968
9592
8913
4770
8524
5377
9426
9106
9191
1351
253
5735
5226
2670
6201
61
5071
7039
7609
411
91
4970
7067
7041
7313
6824
9862
9869
234
6232
9787
8500
2977
1810
8179
7983
9421
2788
5201
6
1191
6882
9933
4463
5143
8124
4025
6468
7728
2276
3957
5135
7797
781
3979
2936
1443
3245
8371
6717
3529
6396
8579
8146
1585
9408
3925
4694
561
7464
2925
7786
2981
5020
2044
8825
5792
7741
641
1501
2880
344
3623
6206
7517
6915
5974
5814
2366
8078
5230
1036
3589
6400
5087
9977
5444
4746
3810
1
7619
1696
8019
9060
512
264
2013
2406
7936
4199
1719
1586
3296
3659
9254
7707
4226
3982
7400
3424
5113
6820
188
8306
3759
8230
2983
1012
6594
4715
3091
150
5174
7108
1706
3496
9653
4784
161
5674
9615
7758
2708
389
7405
5336
6272
7035
7381
9423
1563
3501
6535
2483
3235
2164
2386
3828
8924
9327
8476
9382
5282
3316
8080
5371
6256
6295
6043
2369
1577
5662
8575
4147
5358
2155
3368
7166
3220
3232
5694
4322
3977
3216
3686
4669
6663
2108
9750
4099
224
95
5669
7925
9127
7546
3018
4152
5573
7109
9374
8355
5156
7506
6772
1574
6322
9500
9895
9282
6775
4596
7533
30
887
9427
1817
5739
1287
3449
5204
7210
802
6132
6988
3315
4946
1318
9779
477
6336
2626
510
5460
2254
6371
1514
8803
8558
7876
3747
8375
6774
4525
359
5860
8413
3066
2000
7073
5939
7943
7288
1818
3247
7715
9273
1291
3517
8880
2333
3205
4878
6345
1763
8422
637
2248
9472
1576
8900
555
2831
2953
4508
1750
1197
4975
4678
1824
8039
3498
9406
1591
7249
6676
8097
8028
3224
2316
1565
9891
485
5872
1020
1261
1901
531
4574
9776
6734
7845
2024
2348
7837
3621
216
9823
9392
7596
5557
7105
5152
394
5434
1179
2120
6777
6493
6398
494
8392
9510
2180
3448
4953
518
2879
6888
204
1173
1355
9395
4186
1671
9570
1180
7720
9866
5703
9110
1678
9577
921
3554
9565
5027
1775
9529
6328
8772
3472
6689
1257
8498
9680
643
4307
1894
1344
1513
1247
5163
8811
8647
9399
2649
2424
9578
8057
4442
5765
3605
1720
4316
7954
142
3812
9290
5747
6317
1582
9661
7290
2150
5291
7438
7963
7524
3267
9548
1131
8733
233
98
8038
5278
7051
1693
9922
8823
4129
1075
9701
3972
4582
4993
5882
1938
1695
5989
4241
2361
5695
896
3830
4279
4683
179
7924
6567
3196
9907
445
7356
3819
4804
8794
9149
323
9385
7339
5726
7044
2049
2751
7083
4402
9884
2297
6860
9795
9329
5546
1398
8615
1899
6616
3876
5383
7199
2616
7032
5858
9312
5999
4792
4843
8143
9186
5483
5285
5690
4433
8987
6063
6871
8865
8050
2809
7923
4908
6101
9387
7644
7917
4467
6255
7123
9007
606
8268
1900
628
4649
8300
1933
5449
4530
4401
1186
9924
5482
7981
1529
4067
8119
2561
6138
4910
5758
6442
7637
2647
751
8809
3616
7926
6644
9093
3483
4389
5519
1313
4737
3133
8935
2070
732
6773
7466
3442
8257
6093
587
934
5603
7306
9682
4767
9396
6673
6155
4935
1172
9120
8106
1920
7159
308
290
2371
7824
5443
3354
738
8175
5830
1465
4175
1305
6127
1133
3311
5915
4093
8242
8214
2472
4668
6164
9970
4196
2249
4951
6965
7858
4366
8741
8770
4794
2334
4751
5773
8764
6904
562
4222
1373
9241
7081
8076
9617
993
6082
4918
1224
9437
7129
8758
6419
9099
4586
5941
1208
4472
2869
8003
1958
5767
8148
3804
772
4673
4083
6586
5237
2022
787
5720
5940
4248
3248
9069
7057
2443
4840
2232
311
7723
7929
5441
3920
7320
6890
4002
7743
4151
8890
743
5184
2191
8400
6696
5008
7412
8384
9151
4044
270
2312
5638
9023
502
1589
848
1203
7279
2784
8763
1910
9705
9731
9749
1799
3408
3777
2287
5378
5175
482
5138
8004
4304
2066
4276
9589
7871
1610
8113
9965
1288
4440
3949
2710
9226
546
8150
279
9280
6591
414
1158
3750
7636
9277
8767
1597
3694
6835
9955
783
3463
892
6750
7610
1390
4666
8519
1367
655
5812
790
9002
7727
1800
6661
1350
3923
4819
2835
5825
93
4218
2390
3021
1175
9435
5602
9648
9228
8490
6941
8432
5435
3507
7378
5188
7632
8842
3211
1875
5153
5656
2523
9611
5317
1703
131
3912
5155
7341
1526
2513
3344
2370
2690
3231
6140
8010
8718
6608
1945
1429
1171
6885
6244
62
986
5055
1304
7670
3930
4016
2565
4813
8511
8338
2684
7949
6741
588
919
3859
3391
9666
4505
667
1861
4547
1814
9391
7705
765
7675
6253
8958
1392
3586
6083
4037
650
1741
6855
2761
3130
1230
5553
4022
8193
5586
9050
3526
9240
5503
2541
4919
3396
2110
260
8387
2562
4155
1523
5956
5850
704
815
6909
9288
5004
6298
292
3479
8994
3535
6070
6780
6961
9851
4679
7629
1633
1445
6810
8732
6556
4619
8604
2452
8970
2883
521
96
9751
9148
1929
3401
2584
899
5360
1849
4849
7697
4704
529
5157
2123
1793
4904
9981
814
6501
3041
8394
4645
3820
4889
8526
1003
3615
4135
5692
2080
1427
2671
5337
1145
3651
6289
4422
3173
6265
6761
5572
557
6387
2681
6497
2550
8465
7241
1744
1214
6006
58
5518
6592
471
1177
4024
6643
7898
9919
1256
4730
4768
1243
9936
9877
4808
2420
4585
330
1282
939
6918
4828
6130
3864
7460
3815
1065
2663
3412
4213
4558
5659
1333
143
853
8228
855
1690
2759
7449
4259
9713
7038
1023
4245
1506
7275
1021
7657
3881
4749
5678
5851
5275
4469
5481
6733
9808
8415
5395
525
6845
7080
3111
6137
1602
7230
3313
6262
4724
7154
4822
2536
1444
5447
7500
481
2115
5393
9146
8295
2252
8188
6667
9940
2198
7091
9162
888
5878
57
9830
8211
5778
5566
1325
6041
262
7478
5632
5556
2197
8147
3362
1262
3223
8910
4410
6118
2853
724
8165
9153
3647
768
9424
9072
7814
6908
7118
8760
3286
7587
3617
3952
7420
6161
6851
9448
4321
3172
3176
9742
5627
8345
1510
9784
2438
5028
5370
5041
5715
3237
4567
6470
2914
3499
7132
321
1408
3285
8015
8508
9323
9587
4938
5042
5958
413
9137
9356
3958
3260
3556
1548
7417
761
3149
3889
1757
5404
9068
9276
7647
6520
6691
4423
5780
6872
5520
1697
4838
5311
7635
5313
458
712
7020
6334
4474
9141
239
7027
6386
7332
3489
5326
4632
8444
2559
4485
7459
665
5592
5996
2350
3838
3792
9980
0
2161
9660
7441
4424
9112
1544
5894
1752
265
6518
7982
8391
6843
5587
596
2844
1684
4503
9108
9011
3835
6416
2098
1084
5214
6113
7130
6562
3730
9310
2135
9563
4297
1930
4327
7367
6693
2106
45
4731
5749
4930
523
2930
5056
8170
5061
5885
5310
2092
6626
924
4580
7437
3086
5297
3291
1879
7545
2630
7140
2807
2683
992
5670
683
2223
4492
1438
6266
7676
6826
2109
8817
7197
2744
3460
1448
1658
7549
6474
758
972
5588
6541
7590
2998
6635
5972
9
2979
9238
2556
909
7816
8663
3606
824
209
2639
6559
1456
1432
8155
3734
4329
3101
938
6389
3540
4882
6991
1556
2061
1260
6959
6150
2290
4145
6131
1884
2146
6211
6815
4803
862
2353
8135
618
1761
989
1687
9668
289
7308
8026
5128
6656
2391
8186
8501
3962
2828
1418
1440
2837
1904
450
7584
37
3782
38
4851
4844
1233
763
9873
4201
3162
3183
6068
132
834
9300
1035
2583
2112
2497
906
9702
1552
4826
7787
5777
7640
8961
5760
6103
1019
4553
2832
7750
7672
8288
9431
8531
2812
4253
7254
2068
7985
8746
4552
460
6430
7875
2025
9739
8957
5861
9957
1991
2619
9778
6678
8555
8887
4672
2153
6675
8863
6202
1259
9256
3913
6963
4603
8523
774
3951
3147
1540
7169
5211
6085
844
8455
8480
9992
8037
4104
8215
6806
357
9270
5561
550
2980
6065
7078
4536
799
7457
7340
7593
2259
1779
8396
827
4677
4398
567
560
9032
886
9109
5245
9428
8298
2299
3936
6692
3993
1629
7063
9195
8554
7669
2207
3879
1850
1358
3678
7387
1646
3014
2785
3751
205
3523
9632
2659
8635
7781
1421
3418
1560
5560
5853
7650
355
7931
7770
9875
8679
4078
8245
5032
2803
9580
1927
3873
9334
9848
8105
5835
1970
1423
5833
36
6048
7090
9829
4323
3967
3724
8525
5136
9622
3985
1912
3339
7767
4387
328
7452
6143
6364
647
9581
2956
8666
2797
5044
5807
7555
5944
7933
9209
6193
2595
1425
4341
5495
3966
5820
645
1603
3430
3288
1511
1085
6580
2300
9412
6753
1338
2355
7765
5075
9467
7780
4870
9645
3106
4251
4156
8187
2947
4653
6754
3167
8601
3117
9172
8947
1114
9243
4198
7261
2273
6630
4497
4445
4476
5295
23
4674
5271
9777
5719
5345
3262
7804
579
3915
3272
5829
8755
3403
6142
5176
9524
5549
6955
2477
9070
8477
9222
291
2388
4971
7168
2487
5486
236
7200
7369
8630
8810
7552
2507
8408
6489
9295
3010
241
1000
7938
577
5391
4491
6634
2808
4881
2177
3890
5160
9530
9824
228
6296
2905
8999
5463
8975
6510
6950
7913
3542
4143
5819
5240
8622
1149
4640
206
8491
5162
2421
1509
1836
6602
1871
7932
9789
1307
3938
186
7337
2986
207
6836
9973
4947
9252
1248
320
1341
1153
39
8058
1771
2271
8800
99
6021
7475
218
1834
3567
3284
9945
3414
7534
9474
5508
7444
1683
874
6230
9994
6971
2192
6435
46
8161
3495
5610
5565
5920
8672
8069
6800
9194
6100
4514
3990
2376
2251
3707
2974
5615
8323
1485
8358
742
1940
3769
2739
4793
1407
4058
5824
8063
7451
7359
5530
2766
9031
3798
6728
2730
6333
6809
4945
3360
479
3763
2137
2451
9953
7864
5877
6366
222
3531
5035
6321
8802
9926
7483
3831
4319
2978
526
7996
9297
5320
8833
4040
5828
1045
5779
430
8659
51
388
2749
352
8614
4032
7012
6936
9803
9641
5790
8128
7066
4356
662
2610
9732
1601
590
4303
4159
1570
3653
9834
5757
8812
3522
9727
6007
2964
8664
9441
7397
8109
2172
8260
2602
9864
1670
221
6215
4052
5533
192
8328
4432
5427
6090
8618
7744
7371
1232
3348
3575
2354
4430
4332
3927
9818
1749
4676
1980
2742
6905
6653
515
6891
9320
9491
5220
8197
8321
7724
7999
3971
9574
2019
168
8159
1430
1794
3856
3907
3233
3486
7680
7905
4477
3185
247
7711
2166
9906
6086
8735
2949
4074
6268
5058
5067
6652
8364
3277
6381
5168
7423
5261
8292
779
5512
5912
6225
8182
4289
2416
9484
1298
4373
5036
3484
313
8966
6449
3370
3072
7370
3718
8908
2315
9442
3146
9863
9897
2306
5392
8448
2396
792
9556
902
7833
2407
1950
176
2631
8522
2794
2554
5622
2661
4382
1163
4434
5189
1826
1992
5658
8060
4925
670
3126
136
5420
9582
2364
7563
6669
8249
7998
4685
4128
8346
4320
3809
2362
6208
1094
5761
677
7005
8656
2515
5323
9974
3685
687
8655
9066
1592
8623
865
803
9679
7920
2075
6600
4864
1609
2547
4019
9369
996
1416
2500
8762
3120
4897
7626
3289
6715
7055
6568
2323
6369
7179
3593
7980
9927
2685
4959
9165
3392
5264
459
5098
7748
3258
8152
6374
9560
7789
925
3732
1280
7749
946
6326
1624
6440
5103
7572
5126
3404
5258
5118
2789
1286
90
1521
1471
2770
2902
8184
4405
7026
6863
8081
3624
9010
5131
5607
6292
7989
4565
2792
7190
7803
7463
7098
664
867
2719
6670
6407
4921
9573
5967
3997
6146
563
9918
1276
276
636
4122
8587
4742
256
3845
3082
542
2501
7388
7663
634
9616
7529
5079
8020
4360
7731
2193
1728
3012
8460
2861
7334
3152
1508
4033
4594
4650
1835
4643
7687
4363
6437
9183
759
7571
5630
4531
5001
8894
9608
202
1015
7259
9176
1079
570
4460
2997
4719
2
3650
5942
574
6722
7440
4641
7498
9255
8875
5891
1453
796
1887
5789
5943
9894
5228
83
9197
9366
3954
6460
1469
4543
9893
801
4051
3660
203
2246
8198
8041
4738
5636
9496
7706
9422
6259
5971
9213
434
4868
7113
7236
5836
2882
9261
6578
4244
5308
7297
4548
5823
5009
8326
8570
3299
3088
9043
4267
2084
8566
2214
648
3178
6042
9689
4895
2720
6066
2413
6285
4391
8567
3094
1336
5339
833
5210
690
6828
3236
8907
2124
8068
2814
8098
3087
5793
1859
1148
4926
9791
4180
2774
82
8815
4062
6020
5239
4102
7074
2494
1182
138
8409
2520
6902
1842
4564
4932
4170
4646
6473
6747
5574
8389
7832
3789
4544
6782
7333
3243
8967
9979
8332
6247
3689
5755
4671
7826
3708
5880
4557
9932
4723
6711
6762
2982
8158
7148
1345
975
8082
5862
1941
7263
34
7847
9855
7578
689
7699
8305
5003
8693
3636
7215
8336
2330
4324
9250
5724
3896
6241
8469
9389
9403
7316
8377
3612
258
3512
8775
4818
7345
4425
9916
4110
9465
564
2590
7307
812
5366
7523
2488
68
7562
2990
7613
4257
7068
6207
9302
333
3093
7069
9330
4035
8631
4513
2579
9501
4560
8633
9012
4124
7849
7977
7605
5728
8721
847
5951
1569
1596
4660
1686
6590
6973
2952
2043
6547
9545
7173
9207
4744
1105
8837
3611
2311
545
1018
6511
9332
6576
7372
8044
6893
164
2522
1066
4351
8625
6084
478
589
4608
5260
4820
9723
7489
3538
386
8543
1097
2206
8937
4705
2395
5637
7391
3361
4872
2217
7092
5629
1387
5241
767
3713
6073
7536
4008
3904
8738
3269
2328
7779
7133
885
1228
7231
4048
2849
5489
9624
6217
4501
4885
8606
4475
8172
3331
2302
8619
5171
6462
6554
4944
2581
4098
9520
5875
4228
2568
7679
6778
5803
7468
180
5676
9449
5742
7717
2772
4718
7324
1100
4415
5895
4550
6463
5244
3502
9921
8591
1109
7970
2383
8138
5661
9078
4886
1139
3690
4013
72
7458
9920
2503
5082
4775
9987
6363
3578
7384
5490
6358
949
8034
2654
3105
7097
123
9798
9365
6403
900
3257
7024
7145
9745
9446
983
9655
1774
3956
4172
5960
6428
6060
7155
2567
6426
4096
2484
7331
1922
9969
78
5030
7289
2538
7968
3261
2167
6546
1376
1229
3995
4142
9904
284
7821
3227
1011
1653
195
9401
7347
4638
8226
1385
1936
152
8715
5769
3197
4789
5683
3741
2174
4825
6629
7541
1152
1766
9983
3591
368
8819
7348
5141
3978
2255
2715
1788
8773
8178
111
3314
9600
3872
6222
8729
1743
5231
7608
2687
4182
7185
9521
6687
7722
6834
4716
6116
7873
5273
416
5650
1370
5723
9917
3153
7866
6685
6301
6373
124
746
1369
1772
9471
2754
8705
9469
6618
5510
5899
6441
2960
7115
9956
3029
2582
3749
1657
2469
1185
5834
8878
5458
2173
4450
1487
6823
1128
2495
2202
2756
1107
7732
1296
2640
9768
1436
1267
1855
2076
4191
9636
2543
3797
8849
4810
299
9167
516
2209
6595
9358
5555
2187
8700
7887
5254
3629
3052
9688
7530
2014
6745
1965
1303
3281
7321
7798
6637
9959
8949
9299
151
137
3351
5540
3061
2842
8886
242
3867
1564
377
3970
1559
1450
9415
7641
4692
309
7712
7745
85
4209
2170
8421
6479
8572
2779
4529
8722
6305
7941
1618
2686
3107
3562
8035
9173
5707
3305
7209
4291
4499
1905
1394
4393
9505
5125
1903
507
1507
3201
3969
2053
6665
2457
1578
1746
8359
6850
9259
4367
3282
5846
9531
2511
1679
9390
9001
2589
8609
7234
4108
3007
671
957
811
7262
1833
3559
4140
6053
8134
5455
1534
8836
5415
3385
2133
7815
2731
4260
4776
8621
9479
5076
8709
9016
6218
8818
3399
7621
603
994
7322
7389
7829
5187
3837
4898
7228
4845
3681
4933
4791
8719
2476
2773
7128
3114
446
3364
1804
4100
9736
1645
2889
3239
4075
7616
4712
5575
8032
2860
4417
7216
1993
6434
7329
976
8162
1138
7527
5776
889
2893
8231
9438
9943
9845
5731
2347
4618
6837
6938
1867
806
2588
8944
5754
4538
5347
6767
5785
5816
4614
1863
6540
7947
6748
7490
1089
813
698
911
1195
8596
9566
5567
3861
725
3916
2410
8348
2740
8702
1942
5325
8085
3955
1543
1650
407
9558
2908
4625
3386
988
325
1792
598
2863
2735
2243
9086
6151
1455
6098
9251
87
4283
5479
8872
7195
5298
3497
8855
7364
1541
8065
6309
2449
2624
1499
5550
2874
8712
872
490
3758
7652
4892
6467
6178
8599
9692
2638
3265
1446
6483
9199
208
9378
4107
8608
7581
8681
7250
6786
4833
6817
6160
7522
5069
3608
894
4541
1115
5843
9147
4762
6212
2026
7928
3202
4314
9294
6519
1897
8177
2111
4783
9470
100
5021
2050
6793
6478
8911
8629
860
7544
3402
327
9096
674
7486
1972
2564
7799
5651
1978
6026
5397
2572
6766
4278
419
9785
3139
8765
3253
4884
8753
5521
1590
4084
8577
696
7746
3510
1990
8442
7807
4101
2549
5465
5515
27
9509
8428
9659
7896
6302
2213
9133
4811
7480
8989
9741
9489
4626
877
3096
1184
2530
9931
6544
5487
5100
3234
3355
6798
3851
6220
3194
5655
9090
6249
5016
5797
7487
2605
4516
6660
2216
8261
9537
3193
697
2208
1631
2635
5432
1472
4168
109
345
5080
1029
7921
139
6789
7033
2850
6527
5049
7103
3453
8861
2103
3219
6136
5505
3032
2999
2400
6623
1188
2718
614
9790
4572
5421
4799
5711
190
5448
1362
7238
7586
129
159
2492
1144
3764
9797
8327
1290
5963
369
9114
8662
503
1384
7096
6307
7434
5132
5399
7834
9139
3433
2748
4436
3352
8946
8411
1374
9225
102
2593
4693
6062
408
3710
1095
6923
1731
1265
1054
1378
7531
2713
9748
8757
7570
6095
955
9569
3429
4687
4480
2411
8781
5604
7874
6112
9175
7134
5208
6822
6306
2097
5645
7028
7003
4330
9079
10
2816
965
9602
7428
8940
29
7677
3151
1382
367
5493
914
3055
2336
7576
5708
9215
7835
6668
8322
4416
1275
533
158
9339
1223
818
3661
9944
4372
3238
7274
881
1832
5287
3989
7733
7755
9695
3625
2527
5205
1080
9657
4346
8099
6958
7222
1827
4956
5081
2244
1522
6087
2760
9793
6499
1593
658
9665
9224
5349
1098
8590
3547
878
2296
2241
8492
6582
3844
6804
1258
8171
4581
2430
9433
4057
7915
7167
1581
9301
5801
3631
6606
2752
8616
6408
8045
24
5935
1352
5491
1811
8934
2591
6705
3184
7567
6012
8827
6770
926
608
2955
2677
6964
627
5372
7994
5528
1076
7656
5771
2957
6613
1269
5294
890
9718
8286
3602
3634
581
9379
1235
3832
128
2544
1996
9626
3941
1366
7754
6807
1403
9671
9087
1957
8267
3240
786
7151
5614
3853
3620
8112
2896
163
6972
7548
3731
5361
8337
457
5736
3842
1797
7137
6714
9052
9593
8730
3679
3064
7285
2926
1219
9138
310
9775
4088
7301
8909
5934
11
8521
9311
7242
7756
7099
3440
7059
7448
1916
9352
5114
2826
9607
1611
117
776
7292
4157
5613
978
5410
7577
6503
4041
1713
2231
8785
8334
4055
984
3074
6102
1808
3016
952
2088
940
9019
8759
8795
5905
9805
8054
8157
6128
1622
3410
4073
6949
9697
3387
2790
4268
632
8581
3458
2881
3821
832
5713
4286
7245
1337
1354
4437
2727
5026
4015
8506
6356
5159
6172
8350
858
1484
3827
2502
2434
8420
4265
1843
5134
2101
1709
3062
1549
3051
1974
6892
8552
1342
6286
9182
4686
4960
3455
6279
3762
716
4758
5992
7472
1381
1027
3221
6833
6297
7004
5198
6348
5701
2381
3336
3222
5936
551
6038
5409
4755
9982
9654
181
5045
4158
2281
1048
7426
8981
7136
2922
148
3581
6966
4774
2642
7366
427
468
7084
2700
8977
8563
81
9234
7
6245
2689
2145
6027
1331
2888
6391
7239
8232
370
2018
1024
9258
1310
5293
173
505
7538
727
7180
9303
9647
4225
4403
9179
1405
1127
2351
1870
7817
8556
3143
5516
830
2621
7588
720
252
401
9082
7580
9836
7353
2010
958
3712
9525
4573
3601
9831
7689
8697
6492
5873
225
8901
7820
3603
2051
3343
4394
2042
5689
5802
160
6392
1637
6276
1784
7800
4689
2478
5314
6424
6466
582
337
3887
7054
7880
9386
2319
3785
8620
3090
1442
4994
5970
6124
6998
9476
4706
6593
4281
4601
9168
5217
9553
688
9806
8489
4020
3649
7778
9057
8393
8654
4056
8874
7267
615
8273
995
920
7492
3772
2801
9935
259
3676
1783
5223
2035
9088
5333
8951
4883
4616
3382
3767
6121
3999
8797
7202
2030
1431
8031
324
3909
6414
5628
8668
6856
979
7964
4179
7497
3917
1907
5859
2921
6994
130
5660
2817
929
1278
5831
4763
1391
747
3770
3303
6536
583
1866
5666
9272
6883
6365
4780
1745
118
8515
1196
3381
2743
8122
1007
8902
6853
9281
3862
4842
1317
6914
6032
633
2253
9429
5341
2338
2542
1807
7328
841
6281
540
3756
9871
4009
8771
5454
1677
3555
9419
4929
2239
777
9512
2344
7860
5321
1584
6324
9517
2725
6615
9037
2987
6176
9164
2360
4757
5101
4219
9416
2099
8658
1150
5006
3903
1890
4120
5949
2069
2750
6349
6453
1969
6375
5691
8645
1096
7911
2029
2168
4197
1944
6935
1692
1768
7785
5130
6329
4639
4311
927
5116
6534
5541
5442
6162
387
2090
9881
6881
5898
4247
5619
2721
4207
8740
5511
438
6243
8274
3033
973
8344
5892
7121
4691
63
1852
9393
6034
1134
7501
5453
2017
8021
1319
7582
3996
2277
5088
7221
6783
2822
5766
4554
5917
7326
5140
9814
8452
9015
3691
1962
1178
3968
6187
2188
307
1433
1211
4243
7127
480
5740
8423
404
541
706
6939
591
1266
8129
9937
9039
9799
6283
3546
9796
7192
5413
3745
8470
4647
5991
1636
6287
9189
6507
6677
5277
4365
6551
1213
6683
237
5700
693
4894
9398
6226
9511
5580
1397
2454
9414
1176
2427
9976
1273
4353
2185
1812
1865
8007
8417
281
6901
3943
144
7006
6104
5737
831
9354
7793
6023
5770
8252
2695
5428
5854
682
8005
1681
9457
9452
6319
7491
9846
1402
9972
7937
3085
6436
7117
7282
2836
6290
8453
5857
8269
843
2291
666
6337
6570
1946
8634
4779
3416
2034
1206
8839
1365
3326
7258
4656
231
5794
7838
9687
2475
6514
3097
8610
8939
3099
6469
2441
4628
2682
3574
125
9287
1532
7087
2261
19
7467
5985
7394
9887
6742
5961
8897
4875
2100
6200
5668
4060
9140
9235
5065
6204
5815
263
4038
8330
4950
8481
5062
7433
8285
9872
7547
7315
8955
6010
2531
8854
9552
379
4773
9436
7455
2289
8101
8445
1704
4865
6308
1253
1359
3119
9720
3564
5871
1943
5022
8139
2778
6701
3083
8234
5359
1216
9950
8183
8706
2015
6261
7100
5746
7607
3469
3229
5764
6465
8430
4420
5412
4612
2341
5077
8876
5714
6996
1147
2938
1765
3493
1971
8093
1718
1878
964
9835
6182
8699
1302
1204
35
1573
7958
8313
2733
6227
7184
1918
3604
4510
5537
235
6596
8829
9811
9192
1386
3849
8804
454
8363
997
7808
1780
8950
3095
1463
1202
4961
4
4901
8968
2667
3256
6394
3198
2077
568
4070
2706
4722
3663
465
9445
8881
2440
2705
8283
1480
7196
5554
2054
951
1058
2904
3677
5539
6216
2453
9686
6223
7868
4065
937
549
7612
1717
8471
4336
1040
3801
