330
1306
3134
939
246
4707
7620
656
3396
6002
1845
8871
721
1328
2859
8522
1525
5922
814
1786
1547
2945
2163
7197
4861
1937
3636
4773
6024
7200
1001
5381
6616
740
1238
3768
1353
1312
3806
2181
9018
3507
1444
3580
2177
1508
2638
9316
6337
3911
4620
110
6015
3067
529
6328
861
2046
7439
6897
8229
1168
7638
5597
5716
5985
8761
1103
7475
7451
3649
3896
4739
8213
2893
2161
510
2605
6020
8545
4249
2732
6751
2083
7990
7685
6237
6074
2128
7920
5443
3296
2326
6990
4823
592
5512
53
1914
4287
4258
7069
576
8330
8648
9336
4105
6634
9801
2277
2622
1729
5962
7692
639
2022
2065
3148
9710
5794
4274
74
4538
4572
3236
9387
3797
7459
7203
3901
6716
1226
2816
9622
9170
4071
8819
3361
129
9299
8086
8345
1758
1981
112
4132
8989
1285
7184
8925
5258
667
512
636
1840
8873
8647
651
9161
1100
8223
2084
81
2422
3904
1889
6090
4337
4374
9763
2166
4052
2346
1639
8836
4090
1919
6248
5372
1101
3780
4027
100
6160
1141
744
8768
4505
9035
6471
7760
1552
6266
7021
2681
590
3103
5018
262
7922
5047
5840
8052
9782
1056
2552
4212
4659
3652
3569
8010
8292
5303
6657
2759
4277
8855
5350
9653
4640
9089
9311
8344
8365
4375
2574
3325
8677
5781
2451
3465
137
6627
6504
2223
3709
6624
5728
5387
3528
591
9328
9247
3541
6578
7857
7413
585
4827
3408
1244
1246
3802
3304
5776
9332
738
4691
1203
6288
5233
7799
7810
4894
3386
1308
2712
2786
1899
7435
4223
3728
705
8790
1002
6981
5451
5604
7854
4399
6481
2965
815
1251
489
9661
1424
5020
197
7297
1299
632
8464
5422
5169
2784
9637
1553
9198
3695
3366
7978
7090
299
7464
6622
78
7449
3512
9815
4815
6696
7122
5085
6714
8653
4918
2672
5389
3480
3206
7048
1843
5048
8846
4716
1761
4031
8834
7154
5552
4682
5182
2721
6573
8993
5179
493
4624
4601
3634
1863
7264
1117
323
7983
7087
3368
4380
746
4289
3204
9662
8671
5566
6068
2224
2699
7781
5730
4692
1324
7485
1178
5780
8971
2847
8919
3749
4925
8849
1053
976
7851
4016
2896
4700
7480
3475
4966
5832
7474
5644
3066
6393
8128
302
4851
1194
6479
8874
2265
480
919
9176
7385
5441
1891
3274
6557
509
3290
4040
6323
7144
4087
4533
4142
424
4469
2419
756
2066
3944
5377
6929
9780
2918
1484
6467
3771
893
2659
9117
5624
6071
6848
3354
2427
101
1163
1994
1719
4983
4029
6783
2875
727
3191
9648
6988
9540
1130
8452
9863
7280
6448
4903
5855
3565
1376
6215
1500
5611
1124
6586
8643
5899
9835
5788
2441
7193
3440
1980
8654
4189
3176
5415
4353
8017
2685
5581
3640
447
7769
7006
6180
1887
4439
5605
5782
6492
9900
9163
7565
4889
1157
3384
8096
6199
5409
103
4675
9307
1423
9178
2055
9233
9237
6815
761
4408
1651
3614
9459
8757
8733
7826
7374
2645
9044
532
819
970
7241
7234
6246
662
6468
4884
7195
6035
2421
1043
4806
8126
7341
8720
358
7345
6920
1645
278
2577
4395
9447
34
1907
5039
6645
5920
162
9538
7171
5854
2881
7447
1064
2016
4736
1823
8381
7343
4916
3222
4660
9993
2217
6795
9206
1936
5436
9007
5031
7245
2370
4299
6649
1777
1699
9640
2402
1341
7034
5812
8634
6753
3513
6173
5964
1544
7274
903
2476
6303
9028
5094
2743
8284
1265
7139
8923
1492
4667
6893
1174
7542
9649
513
853
698
9752
1093
9221
8076
5632
9249
9552
2982
1292
6324
3700
9238
6419
7127
8326
8656
9928
4170
4657
4576
5957
8364
7753
9464
894
7070
5241
3470
380
5988
2683
1747
6245
351
1361
4734
8376
7028
247
4412
938
4061
3069
5800
4945
2388
7033
1842
6327
1633
8547
2308
9592
9694
7580
1276
5335
7246
1364
4554
3744
8307
6144
3399
6566
5488
316
6190
1523
2637
2958
9953
1659
6699
3958
8982
803
917
2266
9870
5693
1430
7032
8584
1549
9481
768
783
6186
1453
6485
4391
5237
3890
9245
5115
6762
5915
2454
6444
4810
2648
8892
7673
5232
3626
8338
2273
8563
2818
5249
7497
7733
9560
7801
5895
8687
9370
5816
4795
3568
25
1888
2560
1354
8208
537
7643
1749
1668
3681
5760
6493
235
8282
5731
5306
9975
2079
1785
3479
6175
1021
3427
3610
9499
8221
2150
942
5081
9856
249
7317
1177
580
4614
3887
5809
753
6372
5963
5468
9867
1933
6010
265
9413
7787
7654
2926
4838
1253
8708
2184
4393
3590
799
5718
7077
8158
2841
6927
8259
1517
3698
4500
3943
5858
8607
5495
5779
88
5627
5280
5550
6637
9030
9128
7412
733
5934
7811
3675
9184
245
5500
9950
2873
3030
7652
7243
7576
6089
9160
3116
1170
1062
1501
785
2660
2145
2205
7000
2101
2975
6134
2491
1175
3269
9548
1513
1519
6612
6311
7001
9498
9588
3286
2587
9337
5358
5365
5049
8770
6064
9349
5158
2352
9976
3592
5002
7973
2471
1978
8264
2285
5212
9186
2940
4082
2639
677
1290
3477
1040
3015
1717
4461
6103
1858
7242
280
314
9264
9488
3305
7992
1409
1534
2538
4759
4534
4988
6501
6721
6582
5557
2175
6906
8908
6499
3925
1550
2883
7904
7672
9172
4603
1804
796
4151
2255
8604
6305
1151
2020
1872
9295
5121
161
2581
242
1154
570
7943
9922
3294
6301
7238
6049
6740
1165
3655
3058
9739
7036
151
9850
2380
5726
9286
3492
6072
5710
5103
4366
3961
3939
4866
8700
9100
1915
6459
8399
2612
7438
5830
2756
117
3180
2956
7370
181
9703
196
4407
9158
5807
4819
2515
7915
4848
7372
3762
2684
3414
866
1237
260
4025
9989
8385
8551
732
7535
2966
2872
1438
4737
9401
7089
2041
398
4406
454
7567
5357
3258
3483
1092
5022
5753
2183
6320
2199
2691
3763
6203
2040
5879
885
5612
3628
2938
6006
4886
416
4328
1622
5222
5651
6104
1060
3403
7083
8936
9500
2892
9574
8952
5841
462
2188
277
5427
2553
5518
6688
6959
1420
8493
4787
2569
3936
2900
4400
5136
1489
3853
6824
138
4485
4686
4019
191
8373
1617
9345
589
3429
5186
4976
8446
8111
2915
7388
2189
5217
2856
4066
7708
8143
6917
3828
4420
4800
6803
5520
2754
1599
8943
8736
7840
9504
9280
1590
4626
3632
6129
6620
7321
1051
4577
4456
9426
5228
3996
106
8406
8916
2867
5955
1939
5244
5579
9620
9760
259
6239
6558
4455
2434
2561
2948
6628
979
2207
610
7329
5314
8101
7007
1580
3506
4596
2749
3466
9428
3892
6931
1245
6723
2391
8215
8043
27
2301
1753
9329
3336
419
6225
210
7968
3741
3267
8018
3824
7358
5026
6038
216
1741
1034
4343
7764
1115
3329
4590
3160
1006
2795
1684
7785
169
8205
731
6148
6336
4911
9219
3467
6377
3888
3662
9636
8484
2479
4694
4564
8987
2705
6437
3935
565
2642
3530
2939
7039
1755
5336
2551
2999
1744
1658
8806
7207
5311
9009
6391
9452
9731
7167
2070
6632
7832
1155
765
3091
1969
2343
1301
718
8027
2509
5059
9414
3723
3758
9702
7011
8668
9824
691
5127
2313
2314
7894
3394
3405
3209
4118
5806
5660
7950
4647
8553
7988
1210
6969
206
5509
5105
986
2631
5554
6902
2548
8784
7880
5208
2449
1371
7610
3684
5369
9090
8976
6136
4398
3208
4776
2781
7068
2726
7423
2933
7803
263
4425
9949
3044
5284
2700
2236
7444
5538
6226
6230
8683
5150
6080
2426
9585
9991
6826
6131
7681
4076
9446
1269
4402
8619
703
4922
4745
8069
4234
6195
8944
2104
3122
653
7701
2778
3793
7300
8094
9962
616
6253
1159
808
8539
8358
6087
3795
5231
276
2650
3529
2179
1979
7524
3699
2428
3172
4748
6992
8153
597
8054
3248
3318
6200
8771
7116
7327
4049
9242
4072
6679
9543
7228
3736
3926
7361
7695
7675
1318
8888
9683
1497
8822
7041
1448
7088
4973
135
5405
683
9890
8059
988
1380
1603
9986
3501
4623
3343
3094
5706
4770
4725
2060
5678
6293
3096
3268
4276
4018
3596
5170
5410
9720
5005
7642
6495
6709
7858
3894
4135
5617
5478
2929
7752
6539
7160
9216
7108
7362
9591
5762
9220
2649
3874
916
3677
6560
5705
7966
9994
1468
8125
965
1298
3916
1270
839
4465
3848
8990
7749
5040
9355
4450
3447
3230
4570
4034
4073
7294
9878
635
7311
2828
5655
2808
9155
8625
128
8270
4792
7744
5884
9565
8941
2803
1787
9334
6677
4104
1820
7867
4789
5108
4147
5868
7766
9027
6463
9272
4004
8488
4051
5093
1536
3527
7221
8574
3690
7507
6735
2127
4005
6895
7502
7740
9342
1272
5688
3918
2540
6133
5070
1436
1322
9487
1802
7267
3881
3880
3183
292
1934
5181
4414
8337
6332
4080
9394
3946
2974
2835
8335
315
1902
7520
5165
5851
7320
6636
3510
2834
9200
7155
7277
3834
7702
3139
525
3314
2274
7030
9088
6987
6330
5104
2831
1027
6653
6078
2902
3566
1277
3098
9772
2722
3284
3885
4746
8598
3359
9534
4154
704
2898
7495
6295
8265
1358
7209
8212
8491
6659
4169
8074
250
8884
6451
7770
1383
3229
9360
1207
1561
5370
3422
5032
5773
4371
7492
7906
5902
604
9546
1601
8839
4839
2139
7802
6375
2330
5153
3724
8650
9770
8256
3349
1965
4567
3509
3071
464
5530
9686
9932
5754
8380
2282
9970
7572
2445
8548
9282
5223
6972
7004
3487
3365
6687
8603
7044
59
3112
2997
120
3127
3115
7430
7562
8387
9152
7595
9052
5007
5628
6965
6371
8184
6411
1614
7930
111
5585
9508
2869
9354
7349
5442
1709
3062
9795
4608
6684
2814
8133
3326
9050
7530
904
9195
3597
2423
7013
1537
850
5958
3011
9137
7180
9062
1201
4591
4195
450
4990
4443
1996
7635
133
2354
7153
1047
5450
9477
1949
1413
396
1280
3106
375
366
1815
5974
6549
6737
1262
2516
9956
1008
9260
4997
5856
8362
8835
9434
3003
6619
9650
4649
7896
7359
8947
7396
8353
9829
3188
5499
6353
4333
8576
2339
6952
1347
972
1067
6356
9771
1827
6951
7560
5330
2071
2829
5056
7994
8465
2550
1166
2006
1463
9483
7964
4379
6297
1732
7583
9071
5304
4542
1673
4949
8030
2572
4611
455
5183
6407
4137
2418
9461
8630
8317
369
5379
3992
4211
5876
7501
3560
1213
641
877
2490
391
153
6436
9655
9547
6731
9179
4191
9906
3666
928
6223
9491
7958
4742
4963
9762
9084
3678
6596
8741
2393
4166
2044
4744
4980
244
4369
8599
5021
7103
5642
758
4079
1695
9404
1964
7076
348
6062
8378
8865
2698
3171
8062
5008
999
119
8235
1955
5564
7925
5650
6567
4162
3718
3036
9371
9836
496
7703
2287
7298
4829
5395
9232
8009
2566
4771
2888
8998
4347
329
5836
4820
1890
8755
4094
7706
2067
7307
5945
7987
1369
3389
306
9432
2461
9611
7953
1725
7196
6818
6520
4115
5024
1671
873
497
2102
8661
294
8285
5035
2413
164
6346
1593
8175
6019
7035
3857
1396
6832
5675
6510
1970
1972
3595
3942
7705
4341
9011
8058
5271
6052
9055
2995
1071
5910
5784
2562
1912
8559
2594
994
2533
4781
6119
5704
6086
3833
2011
7817
6460
1542
7882
3221
6559
4114
7804
4522
9164
2245
7224
4964
3319
6536
279
4926
5109
1063
2334
1370
367
3059
2805
9005
3712
3006
820
7907
5649
3575
5037
3444
8093
1773
654
4932
248
2074
1085
9830
6425
9381
3858
1249
2400
475
1624
5359
5967
4144
2697
5698
8675
5320
6861
6672
1811
8333
665
3571
1379
3426
7314
1766
4296
8552
9472
18
8620
2452
5741
9227
1945
1410
2507
3383
6505
2280
6878
612
8501
8627
949
2432
2694
2813
8670
3244
643
1808
5282
9977
7688
9869
6581
2559
3388
1569
6360
5546
3836
7793
4376
8963
7999
9258
4504
6191
8759
4816
6042
4836
6046
6941
122
5765
831
1661
3921
786
9146
3986
145
2779
3412
6828
7324
3534
9236
8933
1556
6603
4037
3478
1991
9688
6435
7113
8518
6234
4047
8600
5487
7611
6796
2292
229
6179
6779
332
3495
5239
9144
7270
7061
2417
9623
8869
6576
58
8778
8475
6137
2826
7114
1465
4424
9607
1957
7162
1311
5943
8281
7019
2777
686
2477
2504
7674
1853
4102
4207
1882
4635
9708
9851
9367
4415
1461
1533
3624
3281
1810
7470
9904
8541
6607
5376
9465
3500
7591
9032
6543
5909
8673
566
438
2167
9240
2506
6562
4530
2991
8602
8140
5755
3743
5493
4546
3578
9841
4175
2095
9860
1408
185
4870
5386
6752
9872
1769
8689
8209
9873
943
9396
5097
2487
9921
701
8662
2429
8728
6484
8911
1069
2378
6780
6671
4095
1809
4340
2375
258
8807
2523
3692
7608
6648
2180
2623
9545
6385
1931
8123
5003
4298
2275
7886
2894
7080
5159
9246
1228
3616
1637
6739
2110
8838
7789
9351
8507
5471
9300
7056
57
5428
7713
2132
7844
9034
7097
5820
516
3303
3915
1605
4103
5607
4475
2192
7924
4678
3179
2478
8443
5211
5725
4239
9745
3988
9445
1921
3847
6345
791
7278
9652
5205
9826
5116
254
8542
2045
9632
4777
9742
6833
337
4253
186
4664
6470
8290
7969
4315
5206
3117
9119
3138
3518
3055
3516
1775
4024
2580
8462
1401
7299
3114
9106
822
573
1740
7181
5229
3133
9273
1607
8390
9891
2634
902
9738
1395
8440
3333
3689
8357
8413
7071
3014
5556
6595
1806
1195
780
6219
6652
2462
9471
8645
222
2171
1860
87
1846
1963
2693
8255
3679
9709
4706
5072
4053
7841
6555
8740
8416
5029
1437
6508
7371
6056
6522
8550
5702
5151
307
966
6870
2043
4238
5601
1910
9036
1058
6921
1356
6204
178
1003
326
3908
3288
7552
8237
9251
9768
411
1248
3979
9397
2457
620
1634
3657
8459
4116
1734
6694
2246
8843
2117
9474
9357
6193
8904
7355
6217
9312
4566
1721
5907
3328
4944
8886
3998
5519
5399
9671
4982
4314
3673
1801
1302
2525
8276
6321
1278
3339
1691
9722
2039
3168
2758
6183
3997
3455
8688
9884
7363
8945
8817
76
4813
3775
3378
6898
352
1816
28
1089
7233
8036
5996
7016
8231
4404
8426
7024
6278
9817
9112
6201
1125
8414
7045
8245
8312
6402
7859
3563
9580
3561
1459
3441
3428
8002
2774
3124
7054
1669
6955
8196
9936
1923
6159
581
6996
1989
5276
7141
9399
5636
8685
6682
739
6106
7873
6251
4971
7828
7112
286
1960
5984
4947
5337
9542
751
115
9864
1327
491
7003
1794
2218
7348
446
3420
2403
3963
3800
4044
6631
9681
2690
1307
8554
211
5190
4294
1013
1443
5363
4155
4003
2027
9506
4871
4329
1320
7660
4269
6643
1878
4790
5761
757
6224
8216
7395
8252
5317
7400
6874
6116
7111
4086
8056
2399
5346
7600
775
7720
9270
546
43
9363
354
8749
8219
8421
712
257
9104
6880
8561
6389
562
8680
9358
2465
7146
6934
9081
5490
9925
9390
9091
9123
3861
886
3865
3659
3593
3437
4888
9125
2600
8141
3905
4558
8921
6442
7798
6670
8478
5498
926
4121
9131
9728
1404
4834
1796
789
5640
9457
2832
1540
4780
7121
1780
3255
1470
5903
1566
615
3200
5881
7085
5200
2667
4363
1647
3283
3400
1182
4454
506
508
485
6575
9971
5575
4227
7047
4490
9118
3035
3093
948
8262
202
7993
67
7722
1133
4525
6063
3411
1535
977
5768
4426
6961
964
2568
6085
4344
8375
9536
4098
2
1263
8352
8249
5240
41
882
3983
7868
9003
2823
1393
2484
8951
5438
7123
8228
9208
7081
4854
3353
2295
6414
5383
4760
6394
1527
961
7357
2674
4717
201
8031
2410
982
113
7593
2353
7569
7607
8238
4930
5256
1584
6280
6908
8405
8669
9469
4811
6704
1332
8218
7177
3838
3249
5298
771
702
1504
3647
9441
8037
5694
5227
5419
4729
2848
9797
8064
2840
4473
8389
9173
3118
6823
5804
809
80
4934
9672
955
4190
7625
8885
4705
8057
8909
1335
3309
8490
373
3468
4057
6030
787
1874
4240
5990
9022
9297
9852
6523
3716
9692
8717
7253
3108
1619
8639
1951
9905
1333
8657
7704
2094
4857
2227
9894
3173
6061
1039
6316
3672
2546
2389
6158
9254
5637
7231
1903
2603
7212
2679
410
4722
9696
946
9322
8408
1079
9253
9265
8171
1316
6139
2147
227
1667
7276
3708
4218
5738
5786
2810
1315
5526
3147
1657
176
3235
675
9130
1859
6984
8615
8234
9725
2140
8564
2480
5590
8023
7658
1036
9346
4658
3615
3697
1866
4862
8520
5591
1135
3041
3472
8898
2086
7332
7629
3057
2521
4491
281
8258
9029
6113
8257
9533
6888
8905
9981
6534
5511
1317
695
8968
5599
2985
6171
4639
7982
1095
7957
9331
6954
1499
4772
6669
4856
829
6886
2820
9954
1387
4331
3341
4478
8436
8308
6786
6518
1683
9323
5278
1678
3844
7365
1712
6216
7782
75
5561
6705
4875
8068
9324
5269
9073
7038
266
46
1392
2026
8979
8482
8288
9205
7009
389
2692
1857
6446
6923
747
7331
4606
7414
7791
572
8131
214
4993
3275
8914
7215
8496
5668
6975
2549
5447
3582
962
8722
2959
3576
9625
8538
5872
8343
7220
3520
715
3327
8176
1736
7323
5889
8095
1898
2231
2946
9335
9309
6940
8327
5203
6198
9658
7697
1512
3601
2153
4413
5444
9897
9746
3494
2746
9974
82
9177
3546
9120
5036
4941
5135
3782
3205
7313
8586
8825
8984
9659
5625
7716
3097
8765
2885
4981
4543
4014
1242
8073
5747
6040
492
9080
2247
1449
8775
8480
6007
126
5446
2728
1381
1081
633
3668
8359
4896
8910
4448
5719
9732
7747
9940
1483
36
4761
9008
243
9861
4939
623
4266
8972
1287
9729
4030
6960
7304
2124
4849
9853
3808
1374
127
9529
7482
4139
1894
2928
374
5366
7731
601
1258
1612
6647
881
9202
2878
5272
1330
7883
386
5926
9098
8714
2264
5947
3631
8624
4869
9135
3197
9804
7420
1592
342
586
5242
7734
5639
6169
1943
8716
5476
1771
6561
8591
2866
224
5966
1190
9064
7477
8144
6166
7687
2233
5060
3189
9425
2613
2567
3545
8709
6162
1631
5892
6322
9682
3971
8061
9053
759
3307
9521
5619
9026
7415
629
4045
1854
426
8398
7603
7806
5925
3068
6192
6625
990
4182
7159
4743
267
2598
4786
2082
4387
7758
4935
9765
8913
1224
5919
1309
524
73
2483
9116
8961
9664
4972
7137
4802
6730
7165
3090
3485
9641
1546
8605
6039
9586
6416
371
6794
8242
6590
5532
1646
8744
8087
8516
4645
3839
6285
1477
1214
85
1730
1595
4070
3156
207
4179
1273
9234
9756
5193
5075
8374
3902
2216
5052
6261
1121
9741
9714
742
584
3392
8994
6666
5294
854
8174
9573
7651
5531
9248
3008
9579
7948
1150
8435
9171
8156
5867
370
9833
4953
3073
8320
5724
6339
6235
833
5391
3733
4128
9138
5433
261
1120
4569
1075
3929
8814
2543
9067
9679
12
560
6814
4672
2433
9056
8804
8299
7919
8596
433
7976
527
4544
2755
1229
9143
9532
317
1382
7597
3791
4384
6041
2258
3170
7169
8696
9142
5254
9685
2593
2570
6977
3306
8072
9888
3280
6591
6674
437
4537
6462
2511
975
8161
8042
98
3434
5861
4671
5504
6181
2801
2738
9769
8022
9748
1106
3663
5393
3076
1385
6685
5290
2932
7312
7855
6808
9392
4463
7148
4345
2910
9892
4622
5202
4216
4077
5521
5012
4832
7694
5510
3599
4948
553
2211
1570
3511
5653
6727
8681
2159
4158
1707
4152
9450
9605
5553
4418
4898
3409
816
9628
2663
3784
2528
7404
2458
3710
671
7644
1650
2431
5321
9476
5043
3251
6449
9617
4874
9639
2328
4956
8328
327
1498
8177
9214
1211
6937
8134
9287
9169
5692
5025
9439
8915
4356
864
379
1014
7627
9790
6115
4112
2994
1
3544
5885
8660
290
313
3310
7895
7191
5622
297
1635
7073
8959
9046
4107
4588
2535
9383
4288
5742
6712
8210
6939
184
9188
865
4822
8240
5663
2105
3192
8188
3760
7058
3184
578
7892
4026
8666
7822
832
2890
869
2118
3755
1164
6212
2715
1261
8206
9895
2964
2731
9082
2162
130
4610
2232
4817
6123
6985
7536
1976
6797
1791
2260
650
7067
3224
6708
9808
7017
4180
8050
5099
6639
3882
706
5595
1961
4583
8970
2091
9016
6111
2688
7909
9576
1240
2644
2647
1984
2702
1179
8340
838
7830
6118
2248
5850
5890
3370
2191
6994
9157
6782
9114
6313
7509
9228
6128
7375
9165
1475
9758
7622
1025
8631
8469
2628
2008
3937
7472
6507
2729
9108
6117
9151
5680
3895
1835
2001
4197
9839
1146
2111
8748
5361
5720
8636
3976
72
3239
1596
9663
750
2753
7663
8815
1349
689
4244
3040
469
9678
6537
1044
5246
4171
8499
6531
7578
8104
1655
5164
2675
6362
8827
6107
2299
6854
47
7149
3462
4130
6084
8684
6091
2505
6924
4476
1604
9412
9127
8699
2210
2502
6835
4985
6945
8250
538
8581
3945
4887
6307
619
8394
7678
3720
4749
8935
1171
2250
5825
3746
4531
1946
6329
5938
2687
5924
3312
6772
720
9378
8181
741
5069
2993
8530
1086
8902
9031
3727
8813
3398
349
2377
1336
3081
3687
8431
394
7176
252
3484
2725
2018
9854
2665
1152
5621
9983
3667
1856
4912
9929
5277
1136
8355
1415
2493
2857
7442
2004
9569
344
954
4281
9718
4250
1084
8121
7532
8889
8808
2164
5842
6837
7185
8127
4320
6759
9563
6275
3146
3505
2611
9943
2882
3047
9063
7500
2042
8801
6126
5162
2220
9680
499
253
5430
3556
3454
414
834
8424
2078
4630
960
1871
5795
7079
7401
2271
7991
5517
2309
6409
1503
6105
631
4892
8949
20
1059
8842
6244
7517
4208
9305
338
4043
8788
3033
1279
7211
1733
9960
5826
9024
423
4998
6376
7571
7670
4799
7657
4335
5309
6702
8370
4188
9757
2469
7974
5398
798
9083
4699
7707
9181
5033
2830
1412
4282
6983
6799
5654
3357
7874
9968
4493
4010
8474
5932
8207
2080
5508
1221
4617
5740
9448
3125
7669
5295
7714
2677
9918
7406
4865
4126
5283
7074
4902
1329
5009
5339
2099
545
5923
2170
9794
4833
3738
5308
3641
6691
9838
1966
8812
4685
4153
5975
3107
8526
4821
872
4165
3418
4351
9753
3352
3975
6098
6726
6422
5805
6304
4768
2268
9862
4529
4167
9823
5797
2792
9759
1832
3054
3433
4349
7457
1574
9319
1216
7852
920
3799
8931
1149
835
7680
1598
5364
3000
6763
9061
3424
9865
8185
658
9102
1502
649
4952
8297
1191
5691
3515
4986
1985
7499
3039
1187
2200
8753
9338
7721
11
4618
6397
5968
6967
6273
3421
9704
2438
8783
9002
3086
852
717
8318
9606
1325
800
1626
4419
6367
817
7505
6165
6349
1138
8829
2442
2652
9001
6872
4680
3671
3331
5894
2757
1363
3691
3573
6503
8008
9368
8840
7765
8579
7230
4653
4160
1227
5913
4388
6660
3508
4278
2989
8606
3941
1793
9406
2035
2744
7928
4643
6910
9393
7951
5096
9484
4756
3
4652
7977
4007
4828
165
5485
5933
2575
7308
4629
8635
4515
5356
4373
7667
6553
4322
3029
8974
8274
8227
5634
5338
5270
9086
3837
6896
7422
1454
4
7942
9553
7117
3207
8332
3807
6094
6976
8294
1576
1109
3367
5221
3868
9415
3027
4378
7381
6132
9111
5737
754
2767
6700
5189
6167
3295
9713
2695
8724
3415
5727
2237
7062
4835
382
4301
2357
4405
6963
149
3259
1571
7792
6163
417
9695
2093
7392
1019
2971
3456
3968
6112
8962
2735
1790
5626
4123
8419
5751
8309
2024
9806
9896
5638
8877
8434
5017
8166
6545
3358
7797
3829
7923
9420
6881
6662
4015
3897
7981
1259
2853
3789
7590
4741
4825
3113
383
324
6357
9330
8626
9886
4362
6936
4203
3658
7563
7446
2261
3215
6031
8113
2833
8792
5819
5482
6962
3899
8583
9141
2038
5847
7624
4581
7393
9624
3572
1865
6743
6800
7284
8164
957
608
7402
2913
4058
7550
7156
1618
7049
3781
6300
7100
5970
1435
5235
887
1377
1817
1038
5580
9875
9744
5473
3919
402
5385
9021
4487
6775
1666
8715
5491
1199
4824
6152
1065
6176
1848
1543
9241
7105
4316
7661
6003
6009
2526
5822
2405
1323
8893
7333
6693
7120
6390
5646
7029
8084
9244
8195
2112
3622
5759
2630
4738
8876
4046
2670
7980
2555
1680
1876
3981
3079
3445
3075
5141
5560
3082
4940
2230
8928
9755
6208
6932
2986
9660
3262
4960
969
9857
3869
9619
5700
3490
8395
1844
1016
7183
6458
6426
2730
439
7020
6325
4852
7587
2796
5833
7143
4513
170
9438
431
1200
8489
884
9879
3772
1738
7483
2338
8483
420
3308
697
9440
844
4416
9229
6150
9400
2134
3338
29
4605
9876
1710
1653
6287
5259
1250
218
2329
569
7410
4574
3187
1348
230
3007
9065
4001
7125
2440
6210
1788
8536
2409
90
1032
3822
3639
3843
6512
790
2425
4365
6388
9750
5050
66
6476
7490
7057
9183
7266
6777
7636
801
1473
7260
7325
2629
4587
2947
7554
9475
6944
1685
1704
2311
4141
7887
33
4555
9435
2508
9333
3005
4219
3438
9933
1988
2122
4541
7837
4914
1702
5514
4361
953
7666
956
3335
4261
3707
4665
7616
143
8618
2160
9527
225
2142
6405
2708
8460
7152
7053
2089
2394
4999
5167
3555
1896
9444
7890
6500
4156
4472
5949
4885
992
5494
7710
3990
4518
6788
6156
4840
4575
9920
8
9113
1862
8912
7730
1434
1687
4145
449
70
5791
8802
4394
6875
4670
9557
9676
2734
8463
7814
1654
6667
5848
8079
9134
2178
7926
4386
71
9898
4446
3023
2607
7436
482
6568
4150
19
5368
9924
6269
4928
696
9512
7322
4427
9773
4498
5927
6146
5431
5180
9630
7140
1990
8032
6638
6319
9883
3859
5697
4382
6615
1282
4580
3026
1611
2503
4561
9908
2397
7577
7533
62
6196
2963
7163
408
5864
3482
5789
2439
3390
8676
359
1054
7965
9060
2646
6209
3252
6381
6686
8882
5745
1632
387
5775
8686
1090
7956
9411
659
9645
5666
9310
6498
8067
5995
3001
8098
5065
7429
5796
5041
7425
8222
5657
638
6053
5659
9480
4676
3321
7623
194
9012
3080
175
9602
3375
7273
730
5748
440
8535
8115
4492
8988
4348
8651
6399
9584
1757
856
630
3266
8486
8313
9549
2545
1638
6711
1516
1608
7346
9025
7258
9938
1482
9362
8612
8512
7060
3099
3379
3644
1169
1147
7589
6563
7179
2284
8735
5152
5664
7902
6851
1944
640
5312
8693
3302
3621
4702
7913
6466
7093
9912
3038
6904
1342
2293
6742
2996
8707
7168
7952
501
3877
1585
4291
5792
9845
9902
7147
7612
3397
4381
6231
6550
8595
6254
9934
3845
6398
5683
459
1107
3805
5420
8005
1073
2194
4466
1640
4631
1048
157
6154
4174
8479
1099
236
4242
8918
3016
8157
4970
3811
7292
6829
4654
6655
2174
9599
4230
7409
8571
2395
2106
385
3938
4958
37
2497
104
593
2769
1917
5766
2073
7082
8366
989
7763
1745
8150
1188
6750
5477
6060
4431
2762
9930
5119
1927
355
9217
7605
8015
5497
8271
5568
4962
7262
4552
7916
8691
1033
5906
6220
784
7656
4458
2005
2222
3769
2303
998
664
2957
3377
3835
6805
2448
3376
4984
5942
5297
52
7133
4011
9578
5067
4429
1078
3886
4797
3158
9716
2460
7599
6073
3088
6255
1694
1715
3537
7819
2113
5374
5351
5703
8407
7387
8137
7440
6417
3948
8532
6351
5541
3181
3237
5459
6755
1326
2196
5609
8582
6950
7227
1105
3292
9721
7339
8225
5413
6044
7295
2895
7540
6143
9877
2172
9572
6689
2682
1005
40
6868
547
1480
1983
6051
6270
2861
9635
7897
8983
2741
325
6601
3270
2155
3729
7761
8787
9458
4938
9212
8449
1834
611
7986
1362
6901
3471
4138
2617
7384
2977
6076
9124
1620
3373
9776
6218
4864
7831
5746
9257
6926
8217
8986
996
1116
8940
6257
3850
3243
182
5912
4352
8461
8544
6066
5484
4501
2165
6274
8136
200
8816
8273
1418
4457
3489
5681
1471
5139
1530
3196
5785
627
5315
1274
6524
9717
2257
8782
4059
4923
4110
4318
2901
3167
607
9846
5787
6258
5527
6488
5251
7933
6869
8932
6885
213
2306
4109
5319
1050
7838
9038
5596
5887
4164
2100
8641
3391
5380
2836
3119
830
6342
204
8756
514
5618
6533
2355
9941
9453
4330
9556
3875
3213
3519
6121
6617
1610
1968
7232
1952
4048
6207
7142
2750
9589
6584
1132
2459
859
908
8895
8750
8226
2037
404
507
9291
8078
6574
6971
4921
3298
5178
9979
4560
3109
3617
2500
5318
674
8870
3889
5098
9308
7460
6440
9668
2336
6748
5077
3730
7827
6054
2527
9701
2281
2238
4801
7226
5669
3812
9372
3752
7094
1481
7893
9352
2788
1496
295
694
9505
7235
443
1359
7202
1015
4913
8081
8244
312
7579
3540
8230
339
4767
456
6911
7255
2362
8280
8953
8762
9919
4006
2899
2661
8727
2544
5808
5362
9812
7699
6882
7598
7960
3413
7431
745
1782
5734
5160
6384
8608
5367
9990
2854
8441
5802
2737
2696
6890
875
6756
2765
2983
1911
1855
4710
9818
8470
9225
4796
7342
3719
1127
3032
2524
985
3446
5576
6001
5631
6953
318
5513
4021
2401
503
5261
188
2249
8147
6065
22
7745
8146
626
3995
9571
9373
9054
5316
5539
9638
2278
8797
3374
5886
5028
8692
7921
2320
7225
9136
5529
5019
1918
8103
8623
2811
4751
3594
1852
8139
4480
4198
2936
121
9669
1800
688
3820
203
1942
5157
9281
9997
2137
2010
217
483
7845
2961
6997
118
4495
6511
8351
3385
9325
778
5412
2838
3972
7871
777
2090
361
7779
2342
9409
8471
167
878
116
1935
5414
1102
223
3607
8528
6747
3618
9250
9618
1066
6556
9230
3464
3486
3827
9785
1271
981
3276
5606
3748
6836
4272
8655
2456
8428
5562
6122
9405
3574
3917
7229
5643
6715
1476
3993
1551
3395
6569
8772
7879
9121
4213
4867
1403
255
7621
8024
9911
558
4613
8368
9684
461
3685
9437
9269
5111
6804
9306
8818
1558
5536
5292
8830
2858
4831
3579
8386
8880
5608
4038
8800
4548
2272
7368
582
2658
7223
1783
5952
3264
5544
9946
5989
9222
3989
2583
862
1256
6577
3022
3980
7484
5857
3753
7824
521
9530
8978
645
2714
8537
4713
8611
7846
9633
1908
7175
2979
3524
3277
172
4295
7911
2573
2635
7655
5474
4690
8106
2710
9194
3739
5714
2135
1406
8092
7465
7821
1289
559
2701
8997
9959
7240
7462
134
9042
8682
287
9190
1893
7935
3722
6676
3143
9276
9315
7454
8920
2789
1464
44
6635
89
6916
4108
6891
8995
7118
5257
3664
9698
7515
3798
9723
1940
7586
1652
2992
2656
6494
360
7109
6438
3612
2007
4421
5349
5767
9460
5695
1701
8856
1724
2604
8300
1061
4122
152
7138
2063
2865
6914
1602
8508
5230
9197
2197
1288
3999
7157
9115
8667
2307
5334
4346
6719
2724
666
445
406
4688
8773
5177
5243
8046
1088
1698
1664
4967
3776
795
9068
9593
8663
9775
9493
1235
9793
4232
4396
5578
6036
7946
8513
1296
8356
522
5645
5814
6291
6309
4850
7498
16
3583
7941
9192
7416
9948
3332
7164
535
7386
6831
9754
5545
1350
997
32
2387
2709
7609
5210
3077
1160
870
4262
1999
6968
2886
198
9995
4327
4091
2109
209
8214
6970
1414
4931
1112
8811
2009
5291
9813
2624
4372
7646
7521
4273
5076
9644
1973
1286
8780
7870
268
793
5273
9070
6312
8323
642
1472
7881
511
8065
536
1555
7853
1742
2096
812
2374
7426
8417
7379
6813
293
7553
2310
7296
8511
6262
3740
8789
3819
5548
7383
5998
5166
2486
7046
345
3162
2158
3198
9074
4028
5220
1198
9819
6138
4306
700
2376
9366
9982
7441
9609
6070
2771
397
8985
7525
9374
5274
8116
7452
3432
4176
2072
1441
707
8331
8891
8622
4243
8701
7508
7650
6900
3638
9361
4897
5696
4668
5054
1000
3163
2968
8562
1225
4727
6765
296
9418
4146
6551
5827
102
1539
4131
8737
353
2864
7889
2596
1478
9462
4527
1091
4251
5140
728
7519
9296
1446
5263
6717
3613
4168
6452
4687
7676
6883
910
6102
4312
1134
9909
825
390
8439
1255
2382
9583
4163
9182
6802
8517
1196
7356
7075
436
684
699
4592
963
6194
4612
3145
647
8295
5074
4586
8866
1300
5354
7115
8847
1616
2173
334
8678
4068
6027
3240
2925
8048
2800
1993
4101
3458
4148
15
1509
781
6037
4730
7390
4662
8035
8965
3654
1400
2130
1662
7748
848
947
797
8301
918
9575
7698
9224
1145
8026
6100
2381
284
2468
1643
3257
8412
1588
6428
4579
4453
2286
1343
10
3260
7376
7275
5118
2887
2239
6552
5948
8523
1104
9629
9848
2903
2655
495
2348
3152
5133
5865
4484
9017
9562
9568
802
930
6912
4808
1208
5904
5011
5426
5817
9078
6410
7689
901
9631
8170
288
3356
4961
192
2825
8927
9693
8558
4550
1077
1828
2033
7547
6157
3271
5125
3121
4740
9037
9810
3070
13
3715
4845
9301
9285
2530
6048
9513
4184
9478
6720
7783
5378
9279
7405
4215
8108
5464
9840
709
9582
3218
2455
9174
766
7272
542
6403
9743
1189
6623
8729
7078
4063
9085
6172
5344
652
4428
4764
9966
2283
3089
1111
219
5662
7213
2146
3497
3046
575
3238
5977
405
340
515
7513
5707
4917
6767
2862
9880
8367
8587
7380
9076
2398
1681
5503
807
4858
2863
4020
5146
6352
4562
5882
8966
272
3786
9043
2723
3627
2321
3285
7289
8080
8879
9931
9603
7648
8969
333
5001
927
7582
968
4597
6773
7865
2154
8085
5956
4510
2891
9687
8289
628
3436
3037
3870
2125
4246
4468
8907
3629
7786
995
6843
9952
8000
4470
4039
5993
523
4302
3102
1975
3435
6028
9207
4311
3846
9386
2827
9914
2061
2610
5630
7173
1024
5960
4056
1861
7885
7271
96
4651
1294
552
7119
4074
6656
7523
156
8060
9654
3120
5950
6938
2234
6379
7369
6571
1510
7391
663
550
5524
8712
9149
1748
7252
7102
7479
1554
9376
3693
9803
2802
5588
1868
1485
2733
2333
6892
1849
5102
5078
4539
2315
6396
3128
8302
9436
3584
5373
9424
6140
3498
6161
6839
7834
3241
9189
7759
234
5411
8149
3419
7476
7936
8502
2547
2064
8190
4248
6604
5880
6502
3701
6964
8903
1731
8996
2151
6654
1559
1998
463
3650
3680
6849
6095
7461
911
845
2138
8521
2582
1905
8864
6588
3185
4696
9996
328
3072
3425
4732
8853
177
4860
108
9259
9570
7516
5979
8555
8198
7649
3645
1700
3387
6277
840
7662
5877
3517
1511
818
8011
1310
5034
3651
6644
9910
5175
9667
4750
3717
1129
5437
9087
7820
1394
2824
6703
6915
924
4433
7037
2198
448
876
7809
1479
4342
1439
6598
3947
1762
5586
3496
9274
8275
6519
7682
2206
1718
4221
890
9456
2028
9787
3132
577
2590
752
8837
4204
256
2536
6382
6905
2195
9185
2846
9935
2632
3227
4093
2360
3300
2703
6012
9288
8495
1339
6675
6527
4765
494
7780
7059
6810
4464
7285
2973
5799
9479
8090
6999
5301
2350
3536
8117
350
595
7686
4661
2766
2704
6238
5397
8077
8107
3013
6761
8934
7481
7690
3355
5255
3704
561
5542
8012
2069
1137
617
3909
7098
148
4119
6108
3669
7606
3287
8167
8236
3912
1082
4489
1531
8429
9511
4920
241
1560
826
8360
8363
168
9666
1219
7683
9518
8119
7050
5042
6369
500
6526
2849
6047
1390
1222
2025
4245
8745
1340
5392
9858
1402
2447
5066
3195
6827
2906
5547
2473
3619
1185
6729
8924
4718
8063
7900
9734
8857
3588
6286
7443
763
5390
6124
8199
9350
889
7244
670
3913
3852
9290
5281
5394
8425
7424
7437
6760
7095
4900
520
1416
3932
3737
9000
3794
9417
7010
8361
1728
99
1895
7777
3653
5860
2595
3194
4479
5589
5112
6754
6789
9596
9193
69
2270
6441
7378
3202
4951
719
6862
4907
5551
9937
2107
9766
6368
7318
867
7338
251
3153
8448
2839
4644
1541
3810
4319
8396
1524
6570
7042
8051
5207
1206
5838
1776
8393
1805
4334
5082
1925
2254
6482
8531
8287
1486
5016
4763
1491
2585
5679
4979
1467
362
3713
6668
6681
2962
2921
6083
9947
1389
9978
5396
4325
1956
9033
4321
4432
4711
9581
4615
3449
205
3567
6475
673
4133
7775
5247
3085
987
8409
2978
4106
364
8967
6400
1281
240
5044
5670
9154
871
5416
4477
3488
1869
3620
4594
2244
8942
5951
7979
1572
622
1986
3585
9495
5462
7511
7739
6153
8348
8505
4482
3951
9494
9677
723
6758
2133
5602
1493
7876
2589
6340
3543
7265
8473
3856
363
669
8589
1220
6243
1938
2116
1971
147
9849
8658
9915
9523
1264
4430
7984
3104
7190
9926
4609
8277
3136
9730
8742
5238
1897
1722
7927
7529
3380
1266
9656
6478
9965
4557
7790
5279
3674
909
7863
6665
1422
2669
7618
8243
1581
7940
6021
6308
2263
7945
8283
3340
2556
1037
9798
4853
5930
3105
9643
5749
4410
1140
5215
5982
6979
6798
9168
1466
9389
1924
2085
5600
6033
5965
4460
8863
8053
8890
2414
1357
1824
5302
9604
1474
4442
1627
1338
7239
3060
1839
1679
5533
2837
5174
9515
5461
2799
1726
5010
49
3056
4826
1901
9419
2673
2485
7364
2322
2364
3526
5073
5908
5658
9377
5866
3149
3481
9122
9231
4081
8159
6909
8578
8697
4666
7746
3553
7955
1029
6022
1697
8796
1098
7134
6517
5448
3735
6746
3282
6069
6474
1881
6366
1987
5615
2917
94
8403
3864
6109
8652
63
4283
4703
2923
2773
7679
4309
3431
6834
7750
1212
1197
6032
42
8570
4172
9261
1600
3922
8310
6958
5936
2984
1778
3250
3443
6271
984
4785
1344
5128
7996
5489
8900
7561
806
1767
9951
2143
6776
4905
8798
6486
526
1883
2202
7743
303
2290
5456
3242
8760
6859
6919
4507
8766
4205
291
9537
9699
3092
9779
4224
7257
8458
5896
8341
9364
7566
9408
7558
7724
1425
3801
8719
8560
8350
9567
9614
2003
737
9079
8347
9167
2148
7556
4220
9235
8734
2950
4723
6860
4818
4247
7110
5188
7411
3587
7762
2529
5015
6018
5713
6935
8858
7092
7129
2225
2626
7302
8616
9075
1119
7967
4304
9094
7709
7963
8637
5113
6606
2804
2185
4517
896
9945
6991
4890
5343
4012
1110
2141
2889
1948
6081
1074
2482
5469
4679
8690
304
7645
3600
3832
4697
7594
7354
346
1094
1563
5971
3453
7310
6565
907
6663
2564
7214
7201
3933
8293
3548
1351
9791
4481
4511
7684
7158
1526
5839
3217
3129
5250
4909
7514
711
2822
3050
7934
3940
4067
8422
6593
8515
9268
3345
50
6608
2748
614
9105
3608
8649
3231
4830
3694
5831
3950
6178
921
1713
3469
4236
5823
9385
6395
7878
6147
6310
311
7373
8867
427
3430
7808
471
5209
2424
2032
8718
9388
2047
7399
7052
5325
6769
6664
3604
9096
5674
3493
1076
3474
6678
7366
9327
6602
5083
6858
4200
5323
5401
1754
2152
6350
4663
140
6306
8527
8028
5340
92
8973
8592
1564
9802
2819
7397
7186
5676
6439
8404
5935
1716
648
4260
5092
155
4390
9735
8165
6189
3159
7101
5106
6820
3779
160
6651
7768
9267
6075
452
4775
8617
6532
7546
813
8420
139
8937
4064
2416
4735
9807
1920
1367
5421
9204
5064
6265
2740
2609
8324
8950
5266
154
5973
1291
5869
9213
8860
2385
599
1609
1886
1052
8777
2463
8809
1495
8785
8999
1283
9541
6045
3551
3732
804
2304
8543
2522
931
4621
7772
1545
4486
3021
5470
9774
3646
6413
4206
3535
5914
5777
3558
5457
2092
533
3442
7796
5976
6713
3702
1629
4297
6792
1837
6412
6233
2269
4996
2879
5690
6284
9590
8764
4181
3504
7135
7417
2120
6857
5030
6344
7510
4447
827
1432
9646
4632
2470
3219
3201
2990
1031
6247
6174
6629
6690
3879
3606
8868
2510
3928
2972
2640
8455
7615
2620
6421
425
1586
4467
5479
460
2219
7544
1703
9051
275
7326
6101
2136
8820
221
6490
3272
6980
7306
2627
3514
8613
6206
6541
3025
7613
2616
2565
1797
4551
971
2943
9805
2472
8992
2430
4873
372
8102
6807
5062
9402
3676
5555
490
4252
6359
6913
505
8832
4364
1696
5843
1096
6427
6903
1209
983
7719
3906
3049
6016
8049
2098
2618
0
846
2591
8738
4942
6354
5132
9223
8091
2279
8430
141
38
9866
322
6768
5507
3967
1814
2657
3363
4307
1784
7145
7736
4300
9783
6925
3476
8039
5265
8758
2297
5352
598
8525
5736
8391
1929
1621
564
6516
3017
5940
4392
2877
8304
1594
5371
7771
3155
3969
2653
5770
97
8253
8862
9777
5144
3970
4804
1589
409
5687
9969
215
1821
7970
3773
4256
9019
7774
1407
7888
4584
3004
7795
208
1567
9916
2059
6125
6738
418
8781
7106
4719
3787
1977
1450
3406
7128
8322
8410
6057
4602
9944
3914
8896
7251
2209
6242
2344
6946
7351
6650
3731
5142
3199
9811
3611
7219
4720
2941
8476
131
3721
7947
5893
2115
7843
5574
7107
4582
2498
4496
5463
9501
4521
6793
56
5143
7949
9577
1241
5486
5901
7064
5084
8099
7084
6587
5214
4157
2736
3324
2706
3854
568
5954
1451
3381
7015
5918
5300
4201
271
2318
150
6528
782
518
8629
811
1628
269
8384
9985
836
1046
5492
8472
7570
6170
7718
5149
2076
9298
7394
8498
6866
3825
5610
3137
6847
6879
4893
2467
3177
1455
2435
5647
8020
7574
9139
1686
7
5682
973
4389
3591
9407
4910
3688
5199
7899
2967
3174
2186
8339
6986
7421
7541
8315
5480
6930
2798
692
9353
481
1368
4423
8438
4096
1490
4908
7818
3063
4842
5148
7172
6592
685
9215
2169
1674
2855
146
4904
9784
8540
7944
7884
3247
6513
2324
1992
9789
8197
2518
9429
3064
3589
9380
7205
1751
4837
8519
8130
9148
3985
9496
6840
1521
5187
5425
8960
8148
2793
3625
9657
8610
487
1366
8371
6241
6770
5671
4317
7573
1892
7767
4017
8354
2907
1215
4225
905
1239
4502
7631
1009
5324
2671
3598
2358
9211
5593
173
7671
3891
498
2905
2949
6943
1469
4259
9647
9430
8514
5129
2633
9814
6749
735
4161
2619
7619
6469
4279
298
4422
1587
2707
8883
9816
3554
7478
9365
6361
8071
1004
3313
3924
722
4078
3927
1184
3369
1488
6222
8981
5466
2532
5155
2602
5793
743
8754
1142
678
9443
5709
3522
7031
3603
8423
660
4754
8805
5939
8142
2785
430
7640
7189
5224
7727
9140
6974
5525
6646
3564
3876
8334
4571
6168
5978
5101
4263
9781
4085
6318
1023
1293
9642
2751
1833
8444
61
4607
5216
8129
4891
5310
1676
634
381
714
9077
429
1097
5992
2597
8316
6642
4084
4136
7539
764
1417
1297
8025
8456
5667
3135
3299
4843
8703
8169
6978
415
9610
6865
9923
2668
3910
1284
4807
7382
6819
4784
1035
6014
7559
7328
5432
8120
9712
9340
4062
8001
9957
2262
9318
6430
9485
1230
5883
7450
2012
8957
8828
2276
4210
4528
5286
7998
935
767
3101
6583
4409
6621
3012
2411
7166
8201
9255
6626
2123
1873
8597
4355
4449
4731
1010
8875
1803
3734
8260
9998
1565
2812
5201
1267
4499
6966
9180
6673
6887
5537
412
9882
551
5613
9203
2201
6790
4536
8752
7151
6120
2157
7340
4788
1457
2716
5743
4757
5522
2384
1583
488
5
2576
8040
39
6299
892
5937
8580
3491
5587
5299
8854
9740
93
114
4462
6525
392
6830
3010
2934
2002
9218
1913
4782
2955
6088
2850
6408
4532
2213
8509
6640
5862
6363
1460
7634
470
4178
5987
86
4540
8055
8633
1030
2908
6724
2922
1884
7217
8450
2871
1275
407
1337
5598
5307
1737
378
1080
2406
5946
3254
7236
6264
457
7741
3952
606
4846
2392
7352
5176
9786
4793
9832
8014
5172
5353
2953
2349
724
5086
6418
5772
3344
4229
655
2797
8791
3878
8204
3539
2621
8767
4589
1573
9159
2654
7971
4367
2475
1236
8451
7248
6806
5408
3813
7630
2015
4975
3907
4728
7256
8638
5424
6004
2369
3346
2208
2331
1752
8674
8427
2981
5472
5699
5871
7813
1365
5347
6844
1772
549
4267
3965
8187
9196
8013
7776
2412
6155
5192
5360
7063
1049
2386
341
9551
4520
3110
3214
693
4440
7315
4712
769
142
7458
7182
8799
7849
1173
7815
3851
8070
8041
3402
1087
2121
7522
8861
4293
5852
8577
6443
2537
2760
5252
3450
2782
4585
729
8665
2267
7751
2408
8173
644
8739
2126
8152
5275
6579
7962
64
1355
1928
2182
5506
1411
5844
7335
9449
2453
1505
1962
2775
9612
6404
5859
9421
4595
2373
9799
3955
2034
3078
8721
4877
713
863
2312
195
474
7717
9847
5355
5757
2316
8730
2049
4117
2531
9093
5305
5620
4270
4774
7218
5296
388
7453
2952
9271
435
4488
5465
5515
6876
8588
9724
403
7575
1433
6432
8585
5665
1234
3154
8151
6658
8189
5972
7178
8402
3630
3796
8640
3934
1162
7901
4097
5110
4547
7473
5944
4134
3549
5837
8504
8590
7286
8186
3182
2666
9391
7471
9821
8314
6706
8261
9594
300
9109
6374
4726
5722
8194
504
233
609
453
7104
7954
8850
2678
1916
3960
4859
708
399
7269
7891
3557
9375
5677
8786
3686
7469
3439
5931
9715
2880
7040
2068
618
4193
6279
1705
7755
309
7504
823
7568
3320
8392
7617
7347
4368
6695
1582
9010
4524
2144
9467
4636
9497
8291
4650
9275
748
4032
9796
6918
2404
8239
9788
6697
2030
4698
7862
7096
5095
4844
1663
1462
6
9314
6292
17
8743
4060
4637
6314
7653
1649
468
3193
6429
7204
6055
3705
2474
1875
9539
5897
5402
7989
4695
8369
770
7283
4805
179
5285
7008
6683
2241
567
2204
6383
2323
7303
8776
7367
6256
5375
3142
3301
9913
4779
1108
5137
5778
273
5815
7005
3323
4915
900
625
8045
8162
2437
6017
6732
5582
4303
3164
519
1578
7581
1779
4149
2954
1083
2383
7301
7961
4506
4065
3293
9767
4099
7022
8192
8203
3964
2228
5750
5434
5429
3451
4714
6899
7337
24
2088
8878
8938
4814
7170
602
1831
3660
8172
7334
5382
1743
8534
9868
7812
2615
2450
9339
1181
3051
1941
5684
6864
4284
8803
6734
9209
7545
4924
5941
26
7293
5540
4876
3212
2904
2379
9145
9382
1851
9410
8319
7419
7659
8006
8887
8503
9321
9554
7723
5483
993
1506
123
4397
9967
8731
1113
879
3317
9564
9015
8841
4863
9395
9831
5087
9092
3821
1204
7602
9191
9187
2289
967
2776
5891
6710
3246
912
7995
2252
5191
8881
4762
7985
7066
6023
3823
6043
7633
9597
5516
7445
1148
5053
1319
4593
736
1613
8821
84
9992
1636
3278
6554
1011
8497
9987
4619
9516
4445
6365
8336
132
9039
2444
6661
9859
2302
8248
3542
8437
5980
8021
9262
3841
5061
8833
3253
9201
8659
1260
9502
1205
2415
2351
5332
2542
7199
7126
7696
6801
2057
7773
4209
5091
6298
1765
8492
7700
4042
107
8183
8824
8823
5534
9719
5225
3785
1548
6785
65
2970
4231
1456
9379
5810
8105
9289
6787
858
5467
401
7023
2791
7330
8774
1974
220
1388
1682
83
3803
8646
7132
444
4194
3473
239
5329
2366
6907
1217
3502
4140
9175
7918
6472
9778
51
6618
8510
2359
2807
3360
8418
805
6928
5641
3883
8922
9057
1518
4254
9700
2052
6011
3562
7604
4127
7489
3872
8926
4494
5194
3532
5248
376
9470
6850
1830
6600
7336
716
3974
891
923
2229
4183
5406
6745
1028
2817
2014
5423
125
2396
6141
335
5004
9132
1759
9239
5327
2513
2806
9988
3962
7012
762
5384
4959
8279
2534
3020
3087
5198
7601
6348
4035
5260
3141
3095
4286
4929
8533
3423
9317
5006
3291
479
9150
6630
8557
1223
6263
1906
621
555
2520
596
9423
4943
5717
9153
5326
6764
9834
8897
2054
8442
4222
9705
2013
6973
8118
5154
1798
5013
1764
23
3742
9343
9126
4995
1904
9792
7668
2519
3131
2029
9881
5744
2651
2780
2625
7496
9369
5594
4878
6680
3994
5685
6816
7908
9689
1304
5870
7847
5333
531
874
3157
914
2345
1660
1384
9674
1247
1688
2909
2717
5213
2924
3790
3404
4092
6401
9341
8964
6852
1218
5783
5130
1352
3211
7408
4599
1538
7564
6540
5184
8383
541
3351
1232
3842
4041
8377
1825
5196
1818
7222
8946
8155
7917
7639
5458
6424
8939
1867
9843
6333
544
5863
7551
3550
4113
2466
4715
2390
6185
9129
6364
5572
548
442
422
5404
3703
9278
2190
6998
8311
8710
3766
1057
1630
5449
2876
6000
7632
9885
5328
5185
5764
9326
5829
4257
1789
9069
6142
3525
6496
6228
4992
8795
6114
8929
4255
9761
6489
4474
6447
4684
5834
1836
5057
8135
9595
540
2235
7869
4435
8679
8859
3552
3815
3372
5475
5348
6855
3954
5505
4733
2226
8016
1131
3788
5961
2371
4202
8917
4497
8477
2492
3216
336
4436
4237
2372
3347
679
5763
2747
1528
3547
1346
124
8432
7316
7467
855
6197
35
2103
2931
9320
9463
3140
1770
9665
7842
2713
8298
6127
2960
8168
3178
4642
465
8632
5063
4186
6956
486
6822
4628
1487
9615
2325
365
4214
6733
8278
5567
8894
31
8372
5739
2075
7259
7389
7725
6993
4265
2081
6282
7263
6236
828
4946
3234
4769
1795
4791
3987
2588
77
5288
6812
5134
3770
5997
7250
3804
557
2337
5453
8487
4437
4573
991
5888
9097
4285
5577
6097
5287
9670
6249
571
4009
2641
2842
4798
1813
3210
2935
4054
9842
6338
5071
5721
1880
1953
6692
7290
5729
6343
594
5821
1139
2291
5633
1829
3609
9283
1781
4758
1947
681
331
3957
5460
937
5981
1268
6184
4441
1711
8044
9544
5455
5124
3953
6509
3711
7488
605
3048
4370
4559
7641
9058
1692
2495
4669
2868
6589
8268
4957
9103
3581
3279
8628
1870
4075
2203
7829
1055
8247
79
7898
5388
824
933
3523
6757
772
6029
9403
8955
4950
4177
7210
794
3830
9294
7208
4927
2288
3045
320
8711
368
2051
7065
2860
857
7737
6609
860
4965
4755
6572
4968
9587
6957
6050
2019
2852
3884
2998
9473
6188
3661
4471
779
9626
2689
2488
6373
2056
6267
4124
726
8980
1405
3150
14
5648
2742
8433
8075
6841
2187
6386
3028
7543
9927
1615
183
1447
6542
934
1243
3460
4701
1313
2464
5038
8296
2489
4403
3084
3682
6252
2058
8269
646
7588
3362
7729
6491
1192
264
5921
1114
1128
554
9226
9958
4841
3065
8844
3871
951
1252
9800
4089
7130
2988
5917
8163
171
7715
7468
7291
9313
8852
432
3726
3348
4978
4598
9013
2298
9524
4563
6942
5528
6151
3042
9101
847
1427
5845
8200
3175
1644
8977
6594
2554
3330
3586
8991
7428
9292
2367
3297
5114
6863
1018
9427
6431
7282
421
4809
9059
6034
3126
2937
9747
1959
1429
9737
7712
8180
7531
4512
7287
6948
5445
4936
3816
7528
7738
2340
4503
6464
9431
944
8182
2680
1041
5345
1997
682
3982
880
6387
5835
530
4616
8160
5549
6182
4655
5558
4509
8003
4855
4275
9733
8848
9468
3991
6456
8303
3683
1372
6547
8246
1792
3410
8529
1507
7432
6433
940
2718
7072
9736
4452
1458
3893
6846
8082
2557
3289
6741
3190
4535
7281
5131
8034
2608
5573
657
4217
3637
5045
5733
5535
3959
2720
2097
9963
8694
2676
8038
3973
7742
888
528
4013
1665
2930
1522
1689
8851
749
6453
5079
9535
2514
105
9048
897
1144
3903
1693
7206
9525
2614
5322
9822
7353
3100
588
8906
5563
2481
3956
1900
9613
9162
4656
7534
4264
285
7914
2361
190
6465
68
2920
4233
6817
1677
8831
5916
9482
9014
7726
109
1690
8556
5559
2062
579
3656
5583
3898
2739
3273
2563
6535
3315
8454
8695
301
4673
4565
2870
2951
8485
4354
2031
2365
1656
5614
8975
7732
9284
5496
1739
3123
1452
6473
4411
1373
226
9616
6302
8466
6791
7778
1257
2874
193
8019
5813
8958
343
7526
5959
2114
6334
7596
1143
3316
2764
950
7754
1431
1026
6521
4794
5068
9156
842
7344
4339
6736
9844
2214
3643
1723
7872
4977
458
319
9510
2023
3930
5905
4625
5046
5875
3923
3083
2815
189
1440
7466
4880
7691
9020
6317
7800
7997
9433
8500
91
4753
136
1515
4634
2294
5197
6420
9675
9961
6856
8178
7407
3747
1303
6483
8241
9210
5543
9454
6059
4111
4310
1442
1398
5204
7043
6701
2119
5523
788
8793
2911
9531
1648
929
7433
1672
1597
6283
6423
6546
2050
7866
8305
413
3337
6457
5635
2599
5440
9634
5774
7418
4483
1879
7194
3459
4919
2772
3670
6461
9561
1864
270
9984
5801
1020
9827
1932
4359
1126
821
6358
6347
8109
1445
8457
5452
5616
9903
9466
9999
228
4083
6781
2719
2761
6766
3165
1727
1720
1735
6580
6077
308
1520
6240
4933
2976
5126
556
3863
6290
2048
3696
5219
8401
932
2768
6825
8609
2912
7187
3256
6281
4641
6110
6506
9955
6450
906
1172
3706
7972
6232
1180
2897
3151
6989
1161
7637
3761
3052
3826
922
5313
7861
7025
5849
6202
6082
899
7592
6260
7665
5145
1378
1186
5878
9601
9099
8481
574
1231
8702
8004
3322
2443
1922
7086
4783
8100
5701
5708
1176
8124
637
6250
5953
3778
310
8083
4693
2571
9514
8769
4549
3633
810
9023
1670
1768
7247
4955
4906
4683
8698
6884
6296
7677
1042
7584
8601
7823
9133
4069
7903
1123
484
3382
4324
5672
6722
2212
7548
2541
9243
9520
534
1360
2347
2606
1575
8321
4881
7493
7494
8145
3018
3867
1419
8468
6149
5929
1826
5341
7254
7216
3783
8594
3448
5051
543
958
5014
4708
8097
7237
5090
3860
2407
8713
2499
3263
5400
6213
7403
9095
3648
3043
2021
3223
6744
4226
6008
8621
5846
5803
3642
1156
4434
3503
356
7131
1529
1838
7192
8379
4271
941
2436
895
5769
6335
9528
9621
7136
2845
4937
8110
9004
2259
9442
7937
6454
8948
7614
7538
7455
974
7537
5161
5584
6585
1807
1562
8453
1233
2643
5652
773
8956
563
7693
3570
144
9398
7268
8397
600
9980
8899
1022
8447
8329
321
441
5673
2809
9871
980
4326
282
2251
7174
7875
7816
9356
6378
7279
1850
2420
466
2327
6092
1822
395
8810
9764
8112
7664
6778
8415
3130
8306
472
7002
9706
7161
4882
3774
3623
7912
3521
8569
6922
6564
4241
4336
8179
6187
4023
7319
7518
8642
4159
428
4677
5853
199
7491
8524
9889
1812
5911
2512
4514
5790
8346
1494
2844
883
4508
6821
8954
668
6415
9509
9707
305
467
2335
3750
4125
4358
5195
690
5403
159
8232
959
7377
680
3342
5874
4969
3463
2821
5811
5756
7910
6272
6477
3009
9917
7091
5758
8568
3350
9303
4459
8202
4308
4036
4305
5226
7835
5058
8614
3605
5686
174
9
4050
6605
7833
4357
1428
95
1153
4553
4674
3531
8572
1399
603
5715
6614
2745
8593
4989
4633
2969
6480
1641
3111
3978
5712
9809
2794
8400
3757
1321
9416
9422
3759
1391
4638
760
1760
8445
4088
6548
7850
8732
2636
4545
6497
1068
8664
1763
400
9072
4228
4192
9040
7288
9566
4451
6005
4803
8747
9277
7124
3461
45
725
6947
476
5983
1045
8349
3311
6718
8132
1334
6214
9455
2851
4516
6515
2980
6315
393
1799
3161
3745
8704
6294
8033
7249
936
7014
4033
8254
8325
6894
1012
6341
9690
613
4899
8567
945
9110
583
6871
4129
8672
2578
9293
7555
4974
6877
5234
9837
5824
5023
8494
6135
5689
9489
54
2193
3767
2243
5055
8726
2711
5501
283
477
1331
3818
6610
1158
3452
9749
3777
1847
4648
2601
434
9691
2332
4338
2787
1072
4401
4002
1397
6067
3665
3364
7905
624
238
6853
3862
3166
4444
1070
5289
8089
4556
8193
7261
9344
9550
6370
6130
6845
837
7757
6641
5117
6809
5898
6867
7647
4292
4883
6013
3751
7959
4173
60
5171
9559
6530
4646
6842
9972
868
7527
2317
4438
8122
3225
5027
1958
6784
166
5656
587
5571
5629
2077
3031
5481
6544
2752
4323
755
4000
5439
9651
6633
6164
3559
8411
9049
9893
3226
6079
8845
6529
3840
8723
2296
502
2558
1568
9901
7825
5418
4055
3765
4187
4704
2987
792
6613
1305
274
4526
6982
4350
843
672
6597
9503
5771
7628
289
2763
4568
478
3232
1841
7860
8573
7055
5123
7711
1122
5900
2584
3019
7398
3866
5122
1642
6434
7728
1926
5168
9147
3984
7585
4752
3407
9047
2149
7350
6221
3024
3792
7836
7051
8191
1118
9820
7756
3635
5603
7784
7305
9598
5798
5262
2108
9697
4954
5732
1774
6728
7735
4600
5407
7805
9855
4100
734
5994
7864
3809
3401
2168
2036
8154
5264
9711
6211
6514
2494
1183
4022
8794
9451
6995
3756
347
473
3849
4313
2300
8506
5173
6058
7360
3034
8342
4417
710
4627
377
1421
3061
48
9828
7839
9608
180
9266
4185
6259
3764
9600
163
2496
3754
2341
1167
212
5156
8263
3817
2017
3714
6725
7434
2944
2592
1254
8114
5661
231
5991
1909
9107
6611
5999
952
9727
3499
9964
5623
5293
8220
2176
4120
8388
7198
849
4872
5828
4879
4143
1950
1995
3265
1930
6227
661
1202
8930
3457
9252
3233
2664
451
2927
8751
6707
8211
4280
1386
5080
3814
7463
7788
898
5417
5245
6873
9507
5000
1345
1756
3053
55
3245
5089
6331
9492
8779
8575
6838
3261
6093
1675
237
8088
517
5253
1750
21
539
5163
2087
9519
9256
7549
5565
6177
7427
6599
8705
6487
2356
913
357
7506
776
6025
1579
8565
3371
4778
2242
6205
6933
1819
3186
8746
4519
4360
6538
5569
8066
687
9199
8251
4681
7503
3416
9045
5268
3074
4008
1877
2156
5147
2919
2368
7856
9751
2363
5107
6326
7931
7557
8007
2783
1708
9887
6889
2586
3725
9522
5267
1591
1007
9939
9490
5435
5873
2914
5342
2256
7456
3920
5120
8286
6811
8224
925
5088
1017
3855
978
1606
9348
2446
5218
1532
3873
3900
2517
9899
2131
9942
7932
2942
2790
8872
4868
3334
8826
3966
7309
9673
187
3417
841
7807
7188
4847
6276
3949
4724
8138
1193
7939
1625
5986
3220
158
9066
8725
3931
1746
9384
4721
2240
2579
7027
2843
1967
4377
1982
384
4766
4709
3169
5454
7486
1557
3831
2686
7877
4199
3977
6145
8644
4895
4991
8549
9263
2662
5735
8233
3203
5100
915
6026
2221
5969
8029
9973
9825
8546
2727
6949
9526
6455
9627
5502
6289
9726
5331
1314
1375
1426
8047
7512
3228
1295
9517
4747
2215
2884
8706
5592
9874
7018
8266
5711
7794
6445
8267
4332
2253
4987
6355
6380
6406
9347
4604
1954
8272
4268
7626
3144
5570
6698
6774
6096
6229
3393
1706
7848
676
6771
6392
7975
7099
9555
8382
4994
851
6268
4385
9041
4235
4901
3002
9302
1885
232
3577
9907
8467
9558
7487
4196
6099
2129
2501
7929
8901
2916
9304
8566
7150
4290
3602
9006
1714
774
9166
9486
7938
4383
1514
5928
5138
2539
2000
2770
7026
5818
4523
4578
5723
2319
8763
4689
2053
1623
30
9359
3538
3533
4812
1577
5752
7448
5236
2305
