5596
8717
228
7170
1102
763
6349
9094
1429
9021
4739
7515
9797
8048
2034
8014
3939
5470
8982
5113
4785
3678
3010
5207
2163
5551
3509
3195
8290
7193
6966
5883
3782
547
8411
1039
9439
5702
7174
5331
3228
8355
7363
908
5376
9813
516
8781
1343
1707
5382
2522
8197
3146
5583
1426
5907
8154
2208
6774
993
9496
1747
6000
50
9725
3129
2003
5836
4448
6210
9383
7996
4281
8990
677
6322
4112
9418
7992
2471
7010
8269
5213
4816
9270
3308
1535
6153
3376
8147
1804
5162
8150
3120
3995
5151
177
8486
5306
3566
598
7380
9068
7205
7433
1879
3587
4983
3631
6628
3174
9864
8192
4503
6027
2024
9623
6009
2427
774
9062
9063
4677
6240
8745
3787
6710
9510
7444
3791
7677
1572
3048
1309
668
6773
65
9350
4012
1174
3882
5038
936
2196
9676
8375
5635
2828
6748
1946
2994
8114
6919
5808
3337
9764
8100
2966
4604
4202
2920
7832
6392
4691
6364
8547
2186
8883
5860
3160
8719
183
7135
1783
7159
9454
3979
9444
2048
4099
8499
3288
9610
4383
4542
7751
8262
400
5948
1279
9559
217
2626
7273
8738
2575
148
8785
3648
7555
5708
9455
2699
4634
5681
4325
26
1777
746
4454
2674
6766
9918
1005
4419
4082
5260
2906
1228
9504
2489
7998
815
4046
2812
1470
9019
7975
574
8423
128
9928
9765
4314
4717
5156
5569
4516
42
4125
5524
2780
5864
3092
8057
3506
5936
3570
7014
9344
6707
8800
2220
1192
1598
7770
6286
2962
795
2666
8377
1941
4591
1721
6976
7873
6409
4541
7336
3567
2268
2539
3934
6280
6813
2338
7955
6342
4646
8728
6341
9202
2455
6046
6959
2740
675
6765
7153
92
5566
2435
8740
4973
2360
7569
9100
1216
6585
6681
2600
8330
1890
447
2327
5728
7408
6423
1137
7683
6247
4737
7326
3194
1811
2019
4195
1495
4804
5490
2262
6743
9223
4111
5795
5854
1214
3081
9031
2997
4452
1928
4981
5788
7761
867
1179
3674
5944
2272
2487
7532
3452
4346
8965
9787
8430
6732
9721
5800
5133
5540
6642
9363
5806
6661
5248
193
9452
1737
2067
5120
2223
8169
1378
6389
3340
1490
2730
1207
438
3753
9302
6429
2071
3827
4357
2274
5263
5185
6598
6826
5895
1500
4211
4631
8672
4964
1665
5523
9966
3583
8682
5393
6655
5063
412
5925
4595
5606
3519
1782
5847
8007
2639
2882
8088
7824
1822
7384
2763
4537
7593
5148
2467
6334
4462
4760
1590
6871
2505
7204
9293
9287
3360
9807
7437
6793
8267
2100
3244
1674
5776
6954
2332
7169
449
7219
2023
31
5171
3456
1360
1745
9735
4216
8307
6584
3205
8059
8685
2292
4852
2334
9681
229
8374
6723
9420
7612
2696
5623
8162
9512
740
1754
260
8542
3378
8168
2901
2932
2695
499
6769
4354
5093
2664
5850
4492
4150
1138
3591
2277
3434
9290
7208
2028
1377
4343
5917
9806
2046
4423
6241
6354
8011
5199
8393
9390
3121
9833
5784
3178
5905
8412
7226
9819
57
9364
4284
7553
3126
8586
6789
9138
3270
9702
8306
1173
4156
4041
39
5336
4013
7393
3561
6439
4955
5362
9142
3560
7700
4613
6177
1131
2225
2271
101
2801
7436
3825
1147
697
4369
1347
8241
2141
5515
8452
9484
5743
1551
7953
7821
7919
8511
5169
1997
8585
7609
6996
7880
633
1169
2092
4925
5240
5398
7818
9505
3771
2514
3511
712
4777
4464
2893
9326
9990
7914
826
6055
6939
3451
6880
2774
5880
5462
4788
5298
1756
8914
4401
258
1339
3277
2852
5823
9111
1115
3210
1406
2198
1979
8379
3785
8346
405
4406
2810
8768
1462
7869
1130
1567
9322
946
6297
428
1176
7096
6997
7911
8446
6884
3923
3602
8180
9792
9327
6492
7889
9025
5070
259
1200
1491
8470
8752
1998
8952
7940
9198
1907
7808
6110
7485
2221
9778
3466
8149
2630
9128
8304
8451
5172
111
4105
5879
2412
9541
5226
3984
7392
6972
9014
8624
7212
5940
9032
4954
2445
758
7773
872
4906
901
1445
2564
3670
6567
9995
5673
5086
653
7554
4051
5025
5141
4312
6249
490
6460
5410
5274
7418
7679
4472
9839
8460
2610
53
2755
6475
2439
8233
9469
5820
1539
8234
8381
6968
6652
3170
2359
4735
2300
2756
1508
9013
6729
3119
9393
8373
3775
5841
9802
621
5553
7653
8828
5234
6235
4991
8021
169
7032
9254
3878
5370
7972
5333
7647
9830
2778
430
9768
3107
7905
9286
4356
2873
3159
9723
3950
4957
6524
1856
5229
5636
402
8669
2124
2177
6084
8228
56
6564
7005
6174
9959
100
3212
485
7094
8152
461
2900
7625
3590
4015
7329
5276
6152
7030
1763
9651
5828
4556
7529
4986
5608
8333
4310
2105
4663
4519
2569
6943
5500
6302
6329
9941
6291
4391
6074
588
3495
2184
9361
520
5712
5057
9627
8339
399
5307
3912
786
3613
274
785
4932
8474
6634
3207
541
894
7145
1862
4990
5626
2924
7860
8351
3639
4331
9191
1718
5453
6419
7566
9265
6961
8842
8042
187
2493
9726
509
9088
4160
6838
5494
951
1444
4668
9263
4946
9211
6669
1847
3732
8276
7160
5074
3956
8967
8994
3542
7573
4752
2597
3019
313
6111
5386
4117
219
1188
7844
879
683
8767
9972
7280
9523
13
7039
9426
6889
6904
3497
8271
6057
4580
2776
297
7662
7183
1208
3677
5690
2565
8553
9071
8933
7022
314
6574
162
420
2451
9550
1892
1113
7177
34
3749
850
9370
7696
4803
2091
8103
9451
9203
9402
6867
2720
9197
9373
9051
642
9115
3074
2823
1310
4528
6053
2644
1069
6155
8922
6794
3634
3794
3102
7944
9441
4707
4522
4618
4559
9170
1634
567
1848
7008
3919
4800
718
9795
6387
123
5928
8599
3773
8695
9580
2401
9083
1457
3406
7274
5182
4590
2263
9107
9600
5910
4252
9561
9667
1915
2426
1100
2702
5517
1163
2090
7717
5701
6906
8897
8177
7430
5530
6928
2513
8555
8033
4018
4280
8706
3318
7598
4226
2764
6740
9225
8799
147
2026
1654
5762
3604
4994
1995
9150
5285
9867
3359
3799
7838
118
2953
4904
4068
6507
7047
6226
4279
7369
3473
8515
953
7741
1513
5570
4192
4563
1518
8947
4930
5840
3948
2743
907
2998
2399
9215
61
2654
2853
5804
2503
2447
5314
2961
7161
842
1463
5373
1476
1658
8286
9987
1580
1584
8915
4359
8495
6622
2057
7385
5381
1333
298
522
6683
9543
1853
979
88
2287
8630
9786
350
8540
2088
1806
9947
1677
6355
5562
1609
1614
2598
3315
5203
2001
7178
8808
9005
2985
3608
4670
2941
3981
5302
6012
748
9980
597
8264
44
6924
8993
8296
2415
4345
2171
9542
1218
4571
7544
231
863
7368
3220
7583
6605
3179
3809
3707
9668
7455
7479
5353
833
1550
8505
5970
4768
6891
5476
3954
2238
9654
451
3481
8899
9782
9563
2819
452
1917
2032
4508
8268
1987
3852
9266
3027
7726
300
3489
6101
4534
3914
5439
7446
7848
2700
8999
513
8755
1265
5305
7140
7021
6874
1967
2927
8507
556
4060
7766
654
3116
4864
7172
9476
1280
5568
8653
8758
367
9306
3380
8826
1038
7673
8681
7899
4610
9660
1487
5035
1273
4398
862
9159
2765
3623
429
5268
7864
7074
4475
6709
7521
8309
9588
3607
7458
852
2891
6476
4159
558
1795
9173
2285
5684
8697
1187
254
6699
9996
2216
2121
600
9045
5130
5060
5661
3871
6745
7539
93
7976
8322
3227
1464
1186
9919
7131
6529
506
994
4182
9262
1714
5892
4218
5152
4238
8279
370
2158
5010
2314
5323
8979
7966
3026
8005
5785
8257
1220
4387
8801
9872
369
3370
6438
7854
7083
4067
917
6736
7648
7429
7201
5085
4890
6228
1558
205
2093
5637
2214
1753
8328
7771
272
9192
5724
4179
8579
6893
470
1703
2476
9669
8607
3396
9114
5605
6975
9318
8552
5897
8087
787
720
3460
5440
8317
4217
51
4088
2122
9736
3681
8963
3265
2138
7524
8457
4351
9579
527
7129
7922
6811
5396
6336
4405
5751
7644
1807
741
1688
7550
289
3412
7605
8164
9957
2128
1964
8310
3698
5253
7163
3932
9249
6614
8625
3693
281
3374
2943
2833
3141
5009
1660
9894
3444
4427
5482
3005
1640
1160
1062
189
3955
4399
4883
8798
1037
5843
6577
9923
4251
1391
7427
2031
4549
8848
2839
6733
5744
8575
8027
2782
242
5556
4757
9148
7895
6018
4960
2705
7364
3311
8480
5955
8107
1675
1126
7528
1117
6682
8702
6095
2392
9448
9461
8606
7102
3630
9037
5399
4361
2679
7707
3847
1531
8776
2559
1121
8436
2133
5885
9638
6246
515
9832
8089
2964
5721
6971
2296
8311
9459
6050
1732
7220
743
4058
1912
7823
6680
6509
2114
3249
5537
572
3688
3711
2785
4732
14
6308
3676
5750
2373
2010
5514
3672
374
5142
9673
703
149
1969
4380
6934
1563
423
115
1648
8280
1479
419
7233
6500
4941
8145
3440
2064
1397
2951
4832
1475
638
5598
8459
5017
2366
1061
6215
8536
4026
1471
9194
4562
6295
1233
9547
2351
47
5157
2119
5356
2976
966
3078
3940
4313
494
4601
6775
2878
1496
9567
2713
1692
8240
1696
9674
1507
4043
749
6473
8091
5805
8869
6949
8345
8850
3181
1407
7230
9828
4799
5406
3003
5208
2443
3402
3996
1947
6569
6190
1561
4071
6883
5942
3692
3096
9825
7667
6714
6945
4101
7272
900
8041
7248
2958
7755
3549
983
5852
4098
6141
5861
761
8910
3870
6417
3730
899
796
4449
9633
9834
8771
6786
2264
9027
8034
1691
8830
3943
1136
8340
5715
5277
6142
5586
4712
528
8882
9838
1512
5461
6776
143
6352
8109
9816
7859
5961
9967
354
6604
8356
6182
1769
7243
9715
7535
4246
7582
7403
5874
236
5326
1606
7215
5471
5929
3942
8805
1074
1771
7650
8955
7023
8497
6834
4463
7302
8772
3045
6039
7009
9555
6718
6008
8039
3157
1699
5559
835
304
84
450
4455
8936
4342
6344
7056
6405
2528
4087
2722
1483
3428
9413
5761
8058
643
4397
4886
137
303
8627
8946
3429
6721
8718
4841
7819
7416
8699
6271
727
2004
4025
46
800
789
6254
6985
4188
5415
5091
7801
4092
4031
8211
589
1704
2496
9752
1992
1453
639
6339
7340
8884
1411
2142
277
7317
5654
3201
7195
2516
8927
4081
9858
613
8958
8037
2188
8415
9544
2761
4501
609
7321
9480
1573
3931
4917
9091
2814
6984
1372
9409
9340
9869
9360
3963
95
4070
493
2249
9827
345
766
2185
6338
1180
2452
637
1543
2526
456
9739
3193
3908
9927
6978
6445
3668
4151
9487
5930
667
6311
8326
5327
4615
8529
5560
3206
7467
9397
6705
7723
9208
6543
2940
1877
9671
3718
8384
6325
1482
3095
3986
9485
3098
6674
194
3756
4965
9103
9871
1388
5468
76
6551
8583
2592
911
5592
6014
7862
2885
5255
8775
7120
7413
5504
981
1283
1831
1929
8613
7534
3488
3969
5043
4564
5051
518
1327
6170
6276
4748
9065
6697
226
7179
99
3094
2657
4641
9404
4690
2143
4094
4692
8140
5764
6514
3811
3708
9053
2817
5545
52
935
7936
3203
9179
1326
2012
9206
3551
9492
9516
8213
7855
8983
3187
1976
7420
6416
3548
4353
2579
929
6092
9679
7339
864
15
6778
9288
3060
8285
7556
7191
241
6386
709
8226
2013
6151
4285
122
5576
6820
5101
4815
9092
604
5124
4951
9204
8877
124
1568
2748
5372
8400
271
4870
5083
8561
9106
4147
5672
5991
8720
2588
3449
8855
906
6135
6285
5259
373
892
7266
1808
4651
7932
4643
6078
9637
1041
7141
9644
2368
7827
3111
1611
8949
1715
3644
6437
7502
6617
4368
5547
2488
6814
9738
5357
587
2826
1105
813
7633
8853
7061
5251
7575
4969
3728
7227
4750
8158
2645
1161
403
1711
1078
9820
9389
7275
3442
7029
9672
5664
6418
2502
6842
4635
9803
7837
8217
2115
1729
8184
2213
8212
1221
6222
9057
1043
352
4106
552
1231
2108
4447
5826
8181
4911
8461
8023
6747
2830
3679
7759
5975
3016
6494
3826
6607
662
4942
1097
1710
134
127
6510
119
9553
3705
9619
2461
1690
8144
6517
8118
9636
4796
3737
7735
9705
7448
1486
5055
3233
7875
7424
2305
8159
8727
7693
3041
8614
8886
5434
6129
4746
9244
8923
6741
7257
1641
2120
4305
9584
8998
3909
2291
8904
2096
4742
8344
8319
4224
5068
3403
3747
3134
9734
5022
8844
2584
3696
3863
6888
990
1755
2641
6233
1904
1983
927
4439
4858
7465
421
6480
6728
1018
206
3326
4835
722
7012
3237
943
2879
6394
264
2754
398
5303
623
1570
9781
3299
8221
687
1546
2864
7828
301
8944
8155
2000
2904
4024
4235
4109
7713
8564
7084
2176
5763
66
2921
1623
6250
7000
8652
565
9137
8638
6368
9456
7704
6856
7398
4365
1888
7790
4874
6384
887
2261
2284
2244
2270
5969
9922
8964
5295
335
7938
9029
7362
4339
3430
6779
9793
2955
664
3921
9305
3767
8160
3426
7792
9921
3875
1944
6847
6895
3218
5946
9379
4429
152
6561
631
7657
284
7454
3675
4458
3122
3689
5726
2521
9096
4627
6580
1143
5798
9090
7399
6909
1003
5974
6755
2045
8816
585
769
6255
2347
4939
4880
8277
4363
8867
646
3258
9500
5935
3189
5824
6183
387
1844
7756
2535
533
4136
1527
2297
9034
4680
6687
8832
9219
6638
404
6528
5709
2345
2265
9154
7698
4172
5988
2393
584
7225
2922
5617
1128
163
3865
5821
3895
9463
5894
2353
9953
1637
3966
4901
1733
1906
8639
5741
9471
5967
8676
2876
5343
3738
2251
6613
6369
9482
255
4209
6666
1661
1184
926
6833
658
8760
505
75
6160
7969
165
4695
4496
7453
7342
9750
3149
6451
9594
1065
7789
8791
8077
4940
832
8494
4283
760
466
1622
4774
5604
1542
2147
488
7494
706
8335
8594
1031
7239
8063
6171
7167
9304
4100
5447
9457
7600
6430
4794
4609
9410
4907
9349
2937
5947
7252
4005
3105
1398
6679
3391
6830
8677
9796
1768
1991
1067
3636
7188
8871
1986
3646
4812
4232
3145
5062
4808
8636
3392
7512
3298
6664
2867
5913
9006
1064
4255
2106
6234
1154
5996
6935
6887
2769
2416
3891
9939
1240
2381
594
4200
7661
4820
5627
5747
5287
858
8054
7352
7059
8894
617
5768
1182
8881
4266
6455
5418
562
9860
3946
2410
9095
5428
9339
4126
8973
5922
6315
5825
4963
1313
7765
2378
3925
8807
6784
6472
7099
166
6307
666
806
5409
7654
4028
4649
9976
6626
4780
3084
3293
2989
4931
7861
6208
4444
8535
5868
5722
5757
7134
110
7055
1082
7464
4540
5558
1566
6287
4640
5006
6312
7527
902
6955
1870
2606
1738
7733
4350
8878
7042
3988
7929
3000
3633
7703
6858
8
5918
8432
9942
6051
8558
2948
9998
2631
7674
2400
8587
22
2622
5597
8854
4584
3066
2708
9405
7840
9663
8176
6283
898
434
2717
6944
8200
7236
4104
1903
6167
3305
3903
3059
7449
6396
5777
5589
3927
7537
4819
6656
4168
6161
3792
4370
2632
9002
9044
817
8747
6952
7197
9424
6367
9743
7892
8358
4566
6147
7164
9136
2316
343
4009
3008
5290
3574
8444
2651
5272
5227
9620
4877
4021
3935
5170
3699
2365
8622
5121
5273
4149
1664
9789
8142
2282
2379
5630
8019
1656
1211
8824
33
1780
9221
3377
1153
7791
7959
1758
7926
8817
3973
3760
1895
2766
9893
2806
1328
2472
3110
5427
2834
1424
1509
9012
1743
6359
4093
2905
8803
8230
1933
1830
8688
2157
3358
5941
6692
2650
5732
6875
1502
8912
4698
4684
2156
824
3256
9934
2813
1110
7962
471
1118
79
9066
2275
1837
5519
1338
7115
8926
1249
8427
8700
3740
5106
682
3037
1485
6957
3638
2371
9979
3051
5575
1602
816
5423
2164
7346
6537
4525
7127
6159
9859
8839
1114
9401
8243
6810
484
5887
9503
5585
4446
6556
7064
2983
6309
5047
7847
7278
6244
9371
5149
6582
9513
5407
5546
2236
1087
6686
7289
5803
8026
4763
4914
7961
3289
9880
603
1909
6245
7459
4090
669
8919
7157
3493
8238
2431
417
9946
3329
5319
3930
6034
1148
2421
7580
6134
6404
7665
5110
8382
5366
6433
1937
5997
9622
5318
7016
8462
3739
3152
532
2946
2279
7775
2465
3525
1697
1009
2627
3427
6563
2739
1434
1164
7876
8674
6808
48
8312
9943
7190
1057
4091
1851
4891
9607
5301
1514
5971
4375
2796
4773
3576
3168
1869
1980
9419
3684
8386
1312
8692
5622
7509
141
2612
2775
9320
7738
5239
4536
7298
3958
3643
7372
732
9259
3465
7109
7825
1814
3744
2095
8911
8836
7799
151
1954
716
9465
1321
3537
1608
69
2861
9124
3918
1292
9551
245
7867
5584
2055
4588
2563
4905
4263
6395
5030
6453
6990
7871
6195
2175
6742
7517
8475
3600
9848
4450
6562
2212
3379
9903
1922
1730
8784
1724
9855
4623
7350
3729
3035
9099
6744
2063
1876
5629
9609
8634
4593
1897
7038
7721
6086
9229
903
7070
1592
3118
315
7510
8314
2737
7846
2574
5084
2918
6463
3624
9386
6493
9190
29
8223
9495
4962
8498
3264
3063
9910
2746
3230
7299
8380
8117
2441
2478
5952
283
5414
4551
2551
4197
1989
8347
5391
8254
6063
546
9161
2258
8274
9824
5324
1532
9729
4321
2333
78
5452
992
8478
7031
7130
6970
7185
7004
6522
7463
4157
5979
8611
4171
4597
891
4390
3517
1012
6881
117
5041
1099
5717
2182
2363
2643
1683
5888
3528
7411
1461
4524
6503
530
5591
2728
6965
9742
7747
3947
5587
6923
6282
9938
2232
9146
1369
6037
4989
6798
5486
4253
8556
7182
9639
7691
2840
5204
7916
5683
4270
339
4029
4471
9384
1921
564
5350
3029
5200
4871
2547
910
9415
7404
9701
1295
9481
3464
4258
7080
2518
1616
7549
7758
1923
2146
568
8629
4490
3247
5067
9499
5466
5345
3229
6365
7245
8743
436
4915
1159
2877
1818
6719
3937
8950
5628
8224
4169
2803
9569
5449
4240
6708
5753
1682
7858
6144
1195
5008
9231
581
6434
3790
2820
9521
4038
9133
4440
4511
9740
2068
35
1574
6621
9691
9682
5232
8739
690
3772
846
1927
246
8827
1337
5660
608
9719
1468
6848
8116
681
5195
351
8960
210
1557
9634
3075
5341
3113
2787
8305
2033
4299
408
9761
3243
107
8413
9656
131
4433
1945
5549
9608
2587
8045
1712
8866
9799
736
8765
6915
1049
4141
1613
2310
6163
1142
3040
8656
1071
9113
4823
129
6616
579
6199
2545
1469
4637
9210
2469
3446
9956
6896
4645
3694
8687
5951
9391
7752
5389
2751
7471
7782
2805
9746
7589
4272
693
9737
1101
7724
3339
8675
1970
2014
5214
8678
881
4389
6253
4052
9217
7946
4120
8337
8395
3204
6119
4838
486
5469
9417
3099
9145
2736
1320
5835
9757
7371
1676
2348
9940
9024
9388
7547
1583
2917
2649
3163
2243
1681
3142
9232
7894
5109
8397
1034
4844
5159
8133
915
7602
9929
3039
2625
7604
1341
4938
5819
882
142
2056
2911
7912
8931
1473
6593
3100
7736
3294
2537
8090
9534
310
6892
5844
3344
3818
595
5781
1112
3223
480
5657
8231
7315
2483
7530
4569
9809
1556
4602
649
3612
3866
7345
2162
7872
379
6619
5081
479
5245
4008
6191
4966
1506
247
8907
5395
213
3726
7991
5243
5957
1223
2181
3665
6275
6179
2030
7328
8298
138
9618
1025
5007
198
8439
4817
2731
2710
950
8406
8418
6837
2117
6989
3833
6274
2554
2633
1417
7511
7165
4669
2242
3292
698
6035
6104
6977
5966
5005
9680
4702
9358
4453
1011
2307
5019
243
7522
5962
3342
931
1826
9153
233
230
8761
6639
5729
8003
3846
5244
2848
3044
7795
5325
2038
9165
5178
2567
4896
6114
1885
12
2005
2794
6371
2135
2608
6753
6032
5363
3317
6560
6885
4759
8120
5831
3706
4767
1961
472
1262
4833
8206
4647
2021
4662
7725
1891
5491
1977
2601
1832
8822
1875
1765
7540
6759
3803
1803
7788
5634
4115
6379
3697
8875
5212
7900
6956
3543
5136
8352
1467
1403
5173
222
9914
8132
2954
7896
9333
2899
6876
3872
7286
8313
6251
8157
8972
5688
2422
269
5669
1376
6066
4581
4084
9870
4667
9643
9707
7379
4039
9652
5873
8980
939
8175
3655
5813
3423
4916
3589
1036
3325
8124
8046
7658
9140
5330
319
6026
4515
8545
4681
5904
5810
9183
7284
4665
6722
3550
4495
4520
6640
8813
4225
5404
3900
7585
203
7786
1886
5782
560
6852
4402
5572
6373
8047
607
6578
6484
7783
8165
1055
8862
4376
5689
5696
1918
9801
1481
7222
7001
2844
2566
4292
6186
6083
6764
9751
214
1668
7073
2405
432
2619
9220
837
841
3385
1431
724
9930
4127
9791
453
5160
3610
6827
2237
2947
2260
5176
7151
632
8465
3166
8434
4574
3169
5014
6273
5280
2617
393
2491
8455
4311
590
563
3079
2509
5402
575
7720
5736
5698
7450
7216
4335
3967
261
8051
336
7483
3213
7592
7176
1019
6512
731
4045
6220
4201
2541
5405
6695
940
1607
5653
7121
7057
8190
4831
7508
8061
7620
5364
6647
7486
1789
7105
4227
418
0
679
144
6532
3658
7552
5554
2
8920
5765
7709
9098
7608
1248
4174
9909
5982
1266
2130
1234
2925
3424
7255
3717
3951
3538
6482
8017
1863
7343
9850
3054
2002
8592
2888
492
3944
276
5451
2490
3798
1537
2215
3167
3593
2165
3352
977
848
7077
8218
5206
5028
7445
2903
9509
346
4114
4721
8504
6200
7680
2930
6450
4893
2017
2463
2615
9539
6193
2344
3183
2984
7189
8519
1344
508
5650
2006
6292
4766
5832
3055
5071
6444
2129
406
3437
1858
4308
8633
8939
6219
5978
332
2707
8598
2356
7514
6007
2202
7874
8924
4821
976
9104
1575
2576
6931
5249
8815
8110
9925
3330
4771
8043
5981
6824
5480
5154
5069
5175
7366
2777
9268
5742
9932
4193
2634
2986
692
7796
7933
4872
3752
5977
477
6644
5697
4578
6936
3287
2458
3813
6458
3104
8130
5378
296
1889
4657
4337
9968
7440
8901
6921
961
8968
644
109
4862
7626
4381
2377
3438
1960
5065
5734
6763
6570
176
9917
2845
8953
5403
2289
2595
1645
2323
6087
7045
4132
7596
9958
6077
2081
5972
1073
3087
8024
6011
2411
593
6239
2434
4736
3177
9687
4437
3751
713
90
6263
5542
6615
2960
9245
9003
4489
536
3486
7250
491
1620
6768
8420
3009
4407
5346
8105
8055
9169
2453
180
6414
2246
9427
7632
1538
4010
8522
6800
5230
1553
3700
4724
8621
9994
3007
4338
8302
6845
7181
1776
7211
1399
8209
561
3272
9213
3252
5574
7306
7367
2530
914
2358
4050
965
1666
4425
4236
7111
6470
7462
1599
877
4166
9125
4044
2254
4644
614
8837
5934
2640
1272
5125
7128
5994
5964
1545
5649
4642
3616
5739
5270
6120
856
6390
1135
5985
5857
8974
9931
7142
2437
3562
3202
2357
6816
4507
8247
9443
1510
6382
9722
1454
3723
3257
8020
2773
4364
1410
8548
1379
3199
5511
554
6505
9844
9067
7845
2847
7294
9577
7093
9314
9309
5903
4487
2413
2109
3219
4298
2548
551
9274
4372
6150
2239
4340
2407
2822
3418
3770
1825
1657
7293
186
9387
3171
964
500
2716
9199
497
2233
160
4186
6760
2094
9185
7935
6204
7276
5408
9582
3499
2394
6854
9069
8831
407
2838
4626
6168
9997
4583
4352
8956
896
376
1785
5044
922
3393
7146
770
6618
8456
2312
9377
7803
1439
7309
4851
8779
1383
7531
2317
8563
4348
1070
9214
3964
9906
791
4184
8367
1002
1578
5652
2788
7520
357
8000
1054
3797
1728
9598
3114
890
4259
9640
5792
4294
1846
3088
4334
5893
4696
6737
8689
4165
309
2066
1731
308
7506
3028
7112
1669
7114
7901
8508
4075
212
6211
5286
7378
6353
6333
8245
7618
401
8121
7288
3221
2802
5616
5775
7316
3617
5980
5076
8479
6073
1314
6726
685
1441
8524
1988
8342
9307
3546
9912
747
6459
4762
9036
4445
1762
4575
696
8012
4993
1521
775
7570
23
2022
4162
9665
4275
1920
7493
8182
6207
699
1760
1072
4513
9464
218
4137
476
3281
8736
3915
371
2281
1010
5138
9182
6306
1633
8485
3512
8860
4181
3128
2596
757
6103
3254
1702
9035
5593
190
234
7934
1419
517
6277
5752
6185
6751
7984
6791
3501
7241
1198
1270
4910
2319
6127
4019
8076
3085
3395
7857
5758
7497
4207
7835
6730
2148
4733
7217
3898
3997
4987
968
6477
7954
8500
8383
7473
5931
8612
7244
524
455
3313
9724
8348
7734
7688
4984
4418
5924
1663
3038
9558
3064
6720
905
4178
2309
2671
2683
8703
3185
7199
4482
8908
3661
9242
9952
3263
3905
978
9166
9963
8570
7087
9648
728
89
6076
8892
8484
5256
2694
9612
8825
1861
9515
5443
3547
1687
8075
2369
9139
3808
7507
462
7062
5459
6269
7664
9074
10
9964
1253
1790
9595
9129
9981
9984
5040
1085
5695
4628
1636
4908
3899
5642
1133
9760
5796
7265
5609
6948
6535
4416
1547
9250
290
4509
1183
4839
821
8250
5510
2618
4074
7820
954
4436
3971
8489
6552
9779
1106
4802
5309
647
6284
1958
7822
4152
8790
3748
542
4302
1241
8002
5352
4903
9423
2386
395
5508
5329
1975
9899
6506
1686
3545
2308
8468
20
4754
5089
7841
3324
4262
1577
5489
6139
2457
9080
9992
8647
4430
7634
8737
7466
8366
6501
9336
8288
4108
3855
3058
4929
3215
6061
1972
9311
5674
5680
6022
1090
5986
9630
1838
7076
7863
1359
6557
2837
4431
6107
969
4545
2668
9890
5919
9537
8275
8520
1306
6024
362
8945
2662
9089
2449
7806
347
5435
3235
6790
8643
6754
130
9951
982
8959
6447
1448
3881
6633
1449
4598
8463
6579
9332
9171
8987
9773
4881
7939
8988
2681
7354
2811
1560
7898
3531
1494
5291
6665
987
8890
7357
4443
240
1911
1394
4745
3455
5621
7304
442
2256
5725
5388
1930
5848
4326
2397
2234
4183
3266
3952
6973
5078
4203
8657
4869
5097
753
1484
6886
1957
9530
3998
5943
3131
9915
2663
9849
7611
7523
478
3757
9769
7349
7412
4704
8604
4814
3606
2174
5856
1190
5179
819
5756
2767
5112
8891
9556
7097
6443
4718
9357
2390
9296
4673
4543
650
5442
6925
5814
4999
4035
8749
9693
6899
4358
2151
6942
6290
3742
8725
8447
6545
1540
7850
6462
5297
4776
9473
2571
2892
7768
8925
3595
8429
1251
4333
3242
1421
2897
5080
2799
7565
7307
4085
9564
3961
3280
995
5397
809
7660
1260
4923
4420
1141
1016
7234
4899
445
3985
8601
2963
1318
1460
7886
8684
3341
2510
3015
7638
9713
85
7028
3017
4849
9431
2809
4065
2018
627
8318
2865
8541
4055
2591
1420
326
5535
1489
8329
5265
2798
2132
2278
9374
3637
4245
7353
3766
8732
9151
6520
9023
9050
615
3936
7963
503
8572
656
6483
6332
5538
8178
8167
3626
4622
7831
6620
5886
5463
8997
1045
2786
8660
58
7613
9041
9226
6289
6113
1652
62
7913
5360
719
2677
701
5379
9351
3584
4506
8938
9812
7194
5839
4535
112
2313
4286
8031
382
9278
2517
3754
3284
6398
9883
87
6653
9310
4847
839
1659
802
1357
3186
9437
6603
4624
6558
4922
5536
2939
7355
9770
9078
672
25
4882
1015
9017
3353
4561
6348
531
8770
3837
8357
9394
2857
9851
5933
6054
1725
5189
6278
3296
8733
1966
9042
849
8265
8664
4265
7603
4795
2935
3117
9908
3777
7730
8691
702
8343
6841
8359
3854
9101
1689
6777
244
8930
7138
704
8069
7435
7572
3887
2926
6490
7499
9081
8056
5058
2942
8229
8113
8338
5563
6703
9526
1816
9329
32
7285
1913
5283
5479
1493
4714
6036
221
2207
5026
9969
3941
651
8567
5118
7906
4856
1916
1963
3516
539
7335
3555
4295
340
306
5662
8876
7560
6864
1246
1080
2473
1829
9117
8694
1884
4587
9520
6328
2987
8600
8509
9535
7659
5250
60
5467
9269
3338
8978
7098
980
2602
5640
9323
4713
1175
622
5472
2311
3716
1401
2726
2646
49
3136
155
4077
5643
2868
5730
7377
2069
5902
7261
6428
2241
7728
5834
302
388
1023
3647
251
2972
5818
1629
1276
3013
8970
3239
2180
6196
9645
3978
7968
4456
9255
5128
8079
356
9152
4582
1212
7982
8792
6202
6164
5527
9868
5786
803
9988
9392
8416
3025
9879
9670
8083
6010
9745
8320
7262
4861
4510
6337
6988
5658
9881
6216
958
7595
7409
717
9453
3021
2304
375
2635
7
3508
156
7615
9710
3526
2661
948
6974
2561
3821
6205
4676
5801
9458
6366
1793
9130
7878
9772
2894
9586
483
1899
9407
3093
7126
4135
3577
8166
5061
2714
7391
780
2086
481
5778
4483
8913
457
9049
7546
9511
5105
8928
3462
937
8199
3295
9353
6265
7254
5161
1840
8757
6635
8394
2553
256
2098
8363
3192
6929
3091
2578
5956
2655
8880
197
3840
6469
548
1167
6116
2179
8971
4210
7358
4396
7247
7902
7043
8626
6040
3304
2760
2197
3089
3933
1168
3924
1526
1993
602
4488
159
3320
2498
7800
2370
7772
5599
959
6105
9205
248
8016
8139
6678
9615
2996
6491
1761
2979
7338
686
2711
6629
1047
6088
2620
4428
4271
5465
8710
1787
6165
8239
2784
9973
1060
6600
9711
8565
1723
9432
1873
4813
5450
3251
3441
6555
293
8044
3999
5916
8787
1951
792
7994
7877
8015
1555
618
1914
385
5082
8186
9234
3115
2849
1854
209
5812
8932
2464
4014
4392
7088
6716
9028
5881
7971
6536
2546
3618
6980
5641
6861
2729
3835
7760
4920
2116
8544
8865
9971
3032
3328
7277
535
1385
2104
2825
6230
6901
3463
2629
9788
6839
2395
5455
7813
5882
4309
2161
4639
3494
5745
1324
7888
3414
3869
1982
9862
6258
7374
2523
777
6189
4944
6822
9282
7235
1626
5197
4879
1226
4679
3356
6571
8620
433
9330
715
5139
6169
9895
2302
7947
8962
8336
7305
266
5049
9836
1237
6717
8810
5289
6831
7793
1984
8783
8030
280
5896
6118
2589
7993
1093
1799
9163
5123
4829
756
4616
5644
6350
4191
4995
1217
1243
3625
3246
1662
9276
944
6668
2231
8849
6224
4605
9805
1505
4968
3283
1519
6319
6840
4889
4185
6917
7981
8073
8573
3970
8437
6140
5534
3367
873
2070
7162
5749
1694
170
4992
2167
923
571
4142
1107
8895
7067
7829
4659
9591
7481
8735
7777
4950
3024
8425
239
146
9058
5235
8560
4153
1736
2322
1245
9876
1290
5167
5816
2209
8492
9575
6320
1792
341
7778
2346
3069
1345
1443
7732
8483
9442
640
8143
2689
4652
2772
3416
5677
4678
4599
2605
8551
8818
3208
8903
9047
4249
2590
8419
3001
9275
3539
102
5328
4480
4709
2895
8295
6025
4017
6231
6627
7237
1705
1146
2515
5862
365
6131
2199
182
5163
6950
1749
3234
3417
1819
5937
5791
8282
9920
8595
232
6515
9398
8350
9616
1092
6261
4214
3759
3301
9354
2923
4526
6882
6048
6772
3431
7505
3274
3413
3006
489
4158
7925
1098
487
3354
1651
6408
4728
353
8577
9292
7739
6611
3503
6806
3628
9814
3346
6301
1224
5769
2818
1857
9891
4411
4743
188
4857
3715
7270
7816
7476
1779
5098
7089
9731
8742
3411
6487
7986
6879
4076
40
8261
9604
2910
2586
6704
3285
1981
3151
7269
1820
8227
8232
8151
9079
619
1936
9901
7977
4306
321
4980
6097
7865
8467
67
7423
836
6478
3922
8297
8618
7917
8957
8365
8659
1883
7753
4666
5344
4223
342
4403
9878
1627
5335
6799
1165
5518
3432
6340
1552
822
5614
4596
5242
1541
5095
9775
1242
9341
6335
9552
2723
4228
5914
1366
5613
3327
8796
6296
6184
7694
714
1387
5799
1679
9108
2419
7365
2967
4062
4177
6549
2433
4491
6495
1935
7048
5000
5976
81
3150
4032
2988
2303
7646
5300
3836
7210
919
270
7967
5284
6918
5219
9084
4937
7576
1504
2678
7287
6323
6780
7970
2912
325
3101
8976
1149
6252
4260
9590
9678
6910
1746
7207
8823
200
1199
4568
1384
6907
8134
3822
8900
9400
5522
2577
7320
7041
7375
4119
6497
4720
275
6406
7388
8641
2913
1229
3691
6787
1772
7586
5037
6067
5678
6702
729
9762
9147
6712
9375
7668
5464
5675
5220
2286
3453
630
8196
7581
6499
6523
3897
6029
2080
4144
2011
7025
5281
9898
6602
3109
1095
413
2020
4323
9446
2420
1353
9706
1365
3568
4753
2060
6940
1836
74
6724
7910
7402
7107
2294
808
8201
6481
1077
6530
1670
8096
2499
9975
9300
9625
8975
6963
28
7941
6030
3405
544
6041
4477
2673
1418
5011
9237
512
9597
5871
4020
8714
1396
2758
8368
2218
7798
207
8074
5679
3667
6749
9334
2724
705
7885
4658
8658
6100
3238
8170
8187
6065
8095
3248
1300
5036
2301
9494
6260
8820
591
1402
913
6727
7443
8481
2975
4608
3103
8334
1040
912
9525
1052
59
1232
4287
9771
1066
1079
6376
4912
1949
1735
6225
8127
7171
1896
333
9486
870
1744
1924
8589
1205
9732
5419
8574
9531
893
582
1157
8138
5938
3014
9695
7117
8006
3513
6994
8889
8608
9754
5412
6411
6281
9576
1284
8846
6809
1238
5020
7708
7807
1990
4621
444
2757
1305
991
755
610
4755
9076
8009
1939
8645
3049
918
5990
2653
8650
3622
6913
6412
8984
7731
4565
2750
3398
3399
2087
1075
829
1791
7958
6662
7948
2919
3962
9756
6916
8750
5822
3004
750
3977
5505
2800
6586
6176
559
6441
7956
807
2916
2134
5310
8538
1525
9181
2504
5056
6982
5018
2732
5783
9479
9491
5703
2355
4047
4632
5927
1778
3144
2448
468
8131
3211
1081
150
771
6461
1559
7136
4873
2406
6068
9241
3106
9826
7003
8191
5578
7983
5845
7158
7817
9613
3829
4237
3056
2339
6070
989
5483
9905
6533
1842
4806
2125
7279
5859
1209
1263
2638
7883
3556
3240
1800
8992
8407
7655
2085
4215
5694
6270
7035
5567
636
1024
5413
7106
8596
710
1926
9359
3222
4661
6758
1275
2725
4703
9603
5564
9962
3290
5099
8219
4102
4243
7297
6654
9156
3504
5430
9474
7432
9209
9046
8568
191
1798
9158
9684
5501
4675
7839
1325
9808
2733
8693
1585
8935
3788
3816
6873
2995
1938
8532
1022
6900
6785
5531
6003
8734
7024
358
4175
2191
7060
9611
1534
7563
6857
2324
6739
1334
4982
1162
3401
8523
5573
8766
2172
1084
8391
469
9467
4140
1030
8141
5045
9251
3652
9135
7428
5900
7797
1685
7985
6489
4727
2283
2624
3478
4213
3953
4315
7457
7617
8471
7400
4913
9852
9168
8441
5984
6426
3614
2506
1311
8934
2534
2544
3200
6457
4040
2430
805
9257
1362
5119
3259
410
3030
3703
6413
5134
2367
684
6360
7051
3445
6237
4095
8477
2293
1053
5317
2552
6606
4134
827
8966
9369
4173
7489
443
7610
4997
4860
2529
6002
3097
6132
860
857
4230
6756
744
5115
8431
8879
1943
7711
3148
8385
7681
2053
11
4269
5441
9875
4164
8673
7396
2603
4465
8628
7743
1375
1293
3990
8078
3161
730
7746
2977
4257
6466
6624
2350
8746
768
844
2999
4003
583
9236
3269
9367
19
1129
9628
3135
6266
6452
2582
4775
6770
5667
1925
1882
9703
9355
8995
6941
8888
3734
4811
4133
372
5666
6855
4016
4288
5438
1351
4273
2880
5780
3850
2665
2362
8428
5196
1617
9328
797
9372
7050
5308
3761
8403
1277
8811
359
2354
9493
5053
2543
573
2052
7590
5968
1436
2315
5665
4421
3300
257
8035
2189
5891
5890
8071
5774
6021
9212
921
9822
1299
7907
8665
4505
6511
7834
9097
1000
4924
2276
5474
5999
8646
2408
7564
2136
5497
1140
895
4056
707
8260
1
764
4710
2099
1048
8991
6991
9650
2331
1706
6485
1805
9641
9840
7757
9626
9753
7804
2573
3214
9246
5431
3746
1435
6962
2824
620
6198
153
4206
8372
2770
6706
6374
2269
8874
157
2226
3349
4422
1329
2205
2965
784
1612
8590
2795
2793
1871
7410
5143
8501
7567
378
2206
8996
7218
3345
3725
7002
3253
5704
5177
868
9048
9238
7675
4264
4393
2712
9073
788
446
45
2727
4744
2703
8323
6911
6096
4078
9143
4011
6999
2762
9548
2494
8631
4933
1866
9692
3484
3197
2636
3112
7516
735
7597
8724
6133
7488
5499
8202
1955
6672
1603
178
1994
904
1120
1529
1564
1516
5365
6146
1202
9472
8909
9999
496
2144
6947
7519
2328
2887
8195
2192
4726
1868
5129
7722
988
3588
9587
6676
8671
657
7461
9462
2507
158
7853
794
1650
3810
4848
8977
2863
9945
5015
5525
9557
5865
8526
5254
4194
7893
8299
2599
7591
5349
6187
2025
8101
1693
4629
1815
7749
5579
4064
8835
2856
3993
9572
7223
2474
2550
9110
4290
3893
9399
6677
1646
5603
1919
1618
8521
5320
9794
6427
1291
3268
216
71
9184
6109
1307
5965
7684
411
1978
2915
8896
8843
139
6539
6399
4163
5588
2007
4059
7918
5012
5145
7091
3323
4394
3858
7764
8819
1466
121
5711
4554
1631
8390
3575
5425
1257
4699
3435
5383
154
7897
8562
9982
7381
4466
9030
9056
4620
7139
586
5313
3750
3043
4555
8858
555
9449
6518
7629
7322
9596
3687
5516
5624
9536
2562
7706
1587
9060
381
2501
2672
7805
5266
9201
8528
21
751
6601
6403
3132
17
5458
5269
1734
4572
9699
2957
8885
8806
8458
8640
3365
475
3090
6468
3321
6410
8464
3762
5513
8666
3965
2909
1586
8490
8493
8099
7727
3482
9285
5714
4355
7715
2789
7330
427
6432
4180
3769
6573
7327
6318
938
2075
8476
2217
1667
3387
5833
2149
287
6293
9436
6081
2446
1569
7601
6381
7137
318
9082
2009
414
5625
1340
9911
538
227
424
970
3848
6137
3654
77
2692
7811
596
384
458
2991
4875
689
8989
5340
6684
4373
3736
8146
2609
1766
3987
360
8236
8488
4546
8751
285
4716
9783
7337
2044
6846
6544
3065
224
8840
2956
2680
8062
3083
2201
9863
2127
1849
2527
2580
2682
5066
1432
9642
9004
415
8148
1342
9
7491
7228
5279
5174
6213
7389
73
8814
116
2372
3660
4319
2821
8123
6391
6803
2508
3814
4442
1817
463
3468
6630
3322
7699
6446
1091
6471
9688
5140
6214
7754
1880
3597
6486
3510
3735
1834
6362
5258
4706
2652
5369
6818
1335
4116
7168
5338
5424
4291
9356
7303
2229
5
6064
5638
869
3839
1150
2686
5866
6425
3515
700
6700
1021
307
8448
4947
6734
4189
6326
7950
9180
9632
1653
6380
5699
9134
1181
292
3959
8156
8469
8194
4267
1501
7419
2361
1872
8569
8906
7007
4386
1621
299
273
4688
2771
8360
4324
4550
1413
3862
957
327
1773
2123
5858
8726
3764
871
1562
8696
64
8053
2759
4827
5645
1447
3685
8637
1247
4850
4256
1213
6541
6752
9900
4845
7147
2938
1123
6299
6735
135
5746
634
8756
4855
82
4936
1615
2131
6071
4830
3156
9321
4791
2477
2107
8325
2404
6264
3394
932
1852
6801
1835
6316
4233
2558
3856
9434
4036
9059
7281
3184
6958
5676
2745
1898
838
6670
9070
9744
523
2459
1596
4650
3408
6496
502
7447
7386
945
6981
7763
2691
4958
5184
3072
6595
3585
1367
4687
1591
5394
6321
288
4866
3261
5225
6143
4689
974
1423
8387
5339
4612
7924
5355
4461
1717
3191
6421
2768
9700
1678
8440
1515
9054
4289
8163
9621
6761
7980
7037
2424
8066
1323
4086
5164
7387
8214
7033
8571
6542
54
5686
7750
7319
1642
3400
4672
5992
7779
4502
5837
1824
985
4918
4765
6465
3164
1801
4573
5221
2990
6927
3949
3982
4897
7579
7785
7568
8557
7599
1700
4037
9075
823
5387
6851
1285
8916
1709
3615
3860
4378
3906
4417
2616
441
2862
8635
9331
5809
5959
5278
6023
7921
8748
6080
80
6651
3569
5116
5433
8353
136
5647
460
6525
3669
5875
2701
8289
6546
4054
2718
9902
6347
9659
5932
8065
7180
8902
2384
828
1390
8266
9718
1695
5830
8220
4792
4734
9188
2418
6553
3776
2442
9429
3563
1017
5870
8769
9554
7815
2706
2973
5767
9470
4723
2896
4576
8661
7503
5738
3436
2340
5371
4413
8780
2744
3369
8704
6089
5473
6815
3381
7441
9519
3968
7290
173
8205
9653
9118
425
5475
8937
482
9414
1775
7536
5607
4412
1893
5186
7518
876
4801
4828
6121
8580
8032
8512
8401
5737
3474
7376
3459
4146
3832
2036
5150
6711
27
8795
745
9301
1492
5863
9602
3470
2970
1414
7945
9477
6675
8404
9733
9533
6782
1632
9717
3812
2628
928
9010
5646
4894
5247
5582
9157
4282
7607
9186
4199
252
5543
8794
5059
1281
4948
305
465
8270
7312
8986
7006
3319
1726
4979
1026
2854
4424
5529
4789
7887
8905
4317
3467
3332
6902
6513
6016
9675
63
3507
1680
7543
1548
4122
6576
7132
2511
9224
3303
8514
2871
2227
7710
6870
2349
8549
2841
3673
933
4004
3605
7044
6243
8893
8778
2533
9866
8013
6304
9949
3124
9657
9614
7086
1029
4
338
9842
1014
6442
8253
2247
7904
6534
8303
208
7331
9817
394
6201
5021
6059
4493
3231
7671
9175
6330
96
8961
6232
8711
7701
4504
1887
1027
7784
2137
9892
6060
6696
3267
6897
1088
1302
5960
2414
4805
8716
8251
9885
9365
7292
7558
8370
2884
4320
2685
1582
5135
1116
550
2428
3209
7414
6361
2078
9475
4096
3067
6047
5670
7484
3425
7214
5571
1797
2791
3838
1458
2851
9950
3443
9086
9317
3527
7995
4837
5594
6212
3945
1672
3874
4110
6693
3052
8399
6802
3805
2500
920
6992
7296
4033
196
9629
4926
2440
1764
4722
1103
2933
2084
2929
5075
3743
4212
6351
878
2222
6062
3262
5884
4336
6098
3012
3306
7587
7271
1595
4988
2159
7100
5351
5337
665
7081
8126
3225
195
941
1032
397
7065
7071
2140
5815
3363
8284
2697
8722
2306
2858
6865
1427
7173
4347
2337
2190
7156
5619
6671
3357
4761
9149
8008
733
5103
8668
6045
2468
8128
7231
5565
2352
8050
6115
2908
3133
238
2113
4919
624
4208
4518
1855
5577
3823
2058
9016
8466
328
8004
7200
6203
2321
8829
4638
391
9428
5223
7882
2790
3867
6324
8723
2660
8616
4674
3609
38
7559
2540
9177
2266
9606
8392
2083
4113
6288
8222
6192
8861
4708
7405
7942
4080
331
688
7856
1287
5520
1827
3682
8712
4664
3061
5144
830
5541
2173
2402
1296
1058
5416
2255
5294
4219
4479
9421
4023
4633
4809
3845
9043
4863
5241
4606
7979
4943
8188
83
3047
8244
9696
8527
3662
5921
5878
5267
6987
680
1033
9026
4388
6422
3907
3496
3724
237
2656
4586
3802
30
4961
8951
9018
16
9677
853
7562
2883
9524
4517
7192
5989
416
5793
6516
5046
1581
5153
1544
1358
94
8029
5855
4079
9366
5432
3138
9907
2570
5104
2248
3690
2118
2329
5620
9730
7729
4022
7714
6559
2968
3224
6823
7762
1244
9841
7545
9935
6685
5485
3472
2290
9865
377
7833
8292
2676
7639
3851
3671
605
4145
4231
4089
3877
9798
2832
422
6660
6166
8038
3892
329
1166
8863
3182
1282
5122
6300
8255
9164
6565
3599
3397
5073
312
7614
7075
4589
6850
9468
4854
2326
250
1716
2936
9545
5224
8859
1644
7341
6908
1965
3960
5023
793
8052
7394
9195
4959
8308
6878
1046
799
6663
1104
6853
4303
4784
2659
6314
5205
3861
7356
4030
9583
628
2102
8097
8183
6019
6042
2486
9127
1630
4557
5601
1289
3390
8449
7259
2015
1348
7282
3763
956
9240
8663
2621
9776
3666
776
7943
1752
3765
6052
41
8438
7351
1256
7690
5953
9338
9857
8278
9522
6926
9585
6868
9368
5539
7256
2466
8838
2475
2082
9279
6238
1839
6157
2815
2450
3439
8518
674
4123
2993
5190
9207
1554
5380
3454
1881
3781
8396
2808
4042
2230
8981
7361
3275
7150
3976
576
875
648
4840
1264
9843
7426
3372
4985
6099
4902
5087
4415
1451
3448
7049
3155
1576
9008
2432
9884
5192
8834
2037
1063
8173
8948
5222
3198
7213
1499
2193
752
5312
7017
3619
3640
1477
1823
8764
6995
7631
4138
5908
181
7643
9581
9897
5031
3819
9109
6090
2169
3571
3710
9784
3795
6372
3036
1336
4592
6641
6221
5417
673
7063
2647
1144
9624
104
8389
8581
6862
9020
8537
2971
1422
7682
9889
962
3042
4512
2160
1628
6953
265
9704
6440
4161
9038
8454
7915
5495
5869
543
9989
6581
3020
9888
645
4715
1389
1455
380
4377
5321
9697
9690
3580
2585
4782
7997
4953
4859
8804
6358
3904
9381
2872
6596
7794
9986
4887
7425
1430
1638
1523
9167
4196
8082
4655
1533
1727
8642
4553
1859
3154
984
6689
2039
6788
9295
3108
691
6488
2403
2228
7370
5503
1647
6612
8040
9284
4868
8324
1910
963
3974
4404
474
2860
4069
2749
5512
9666
4124
5039
8921
9709
4885
1096
9281
473
7133
3073
3913
8730
8582
3023
2154
5789
316
36
1940
6188
2898
2959
5444
4949
9312
820
9121
2153
9325
3433
8294
6701
6637
762
3137
5487
2981
3801
4385
9498
3714
6079
3260
6257
3196
9846
4244
3180
7606
2690
8852
3581
3853
4975
834
3050
9853
5211
1643
8237
6385
8593
6566
4529
5374
282
2875
3745
435
606
8225
4560
2797
9015
4826
5347
3894
7052
2480
3175
5460
7415
8705
9000
1349
1193
6648
5710
8092
8293
2245
3857
6474
960
4749
1125
3632
7628
659
1774
5108
6526
7092
6623
9039
9823
1739
6715
6937
9780
3273
840
5811
9478
7740
6538
7525
9216
4976
3002
1392
7965
5127
1178
8525
8321
5216
8422
5367
8662
3312
9685
106
5027
9763
2008
8106
2614
8376
7526
4268
454
4360
4751
9061
5759
1235
8670
3529
897
4242
2492
9408
1152
9193
7641
8584
6836
9345
3592
7928
8788
5384
9445
7492
9466
1522
5264
5217
9119
5448
3559
3140
6508
5492
24
8985
4764
5168
4459
8424
3806
3524
7903
5754
6698
4204
7931
1301
4469
9376
1850
4693
1446
5580
3523
2881
5282
6401
1741
2072
5610
3885
426
4499
2549
6148
5849
5315
3890
8362
8603
253
8433
3190
5114
6646
5202
6694
179
9861
9985
5210
6397
6550
9422
334
4481
3130
9767
1356
3241
5484
4544
7909
2460
9040
3902
5077
172
5236
4974
3657
6667
3419
7487
6178
4531
8332
1316
1843
5733
8301
1206
4682
6498
2388
5090
7748
6420
6821
3162
5656
6590
2949
8098
3564
599
5755
5050
4884
7300
9308
4318
3480
8291
2112
7496
6272
6812
2203
4533
4567
3302
3457
2152
7442
5872
9689
6938
3722
2456
8287
3883
6180
2187
8417
3476
2335
3994
2642
8102
278
8258
5481
5271
4304
1874
814
9517
2178
1250
9549
537
3663
2076
8316
8530
2325
529
464
6044
7500
6317
738
6149
9758
5993
6608
3518
6128
3147
2741
5342
7482
3911
8774
4468
6829
6138
7053
9230
8085
4790
2481
8210
1610
5111
9324
2126
2484
9874
635
4409
7533
742
909
525
1020
7119
8072
9011
4061
9886
7802
6521
3158
1355
3896
4810
6762
4888
2859
8786
577
5228
9948
4892
5368
831
9566
2444
98
7015
6588
1267
7475
5377
7843
1056
1089
4190
2829
3741
6599
9141
7468
3226
4527
1588
678
886
9385
7687
9155
5716
1068
7417
3579
1297
105
6043
2734
6540
7978
3704
7640
3384
1530
2982
2170
7434
294
68
3282
2969
1597
3586
3721
5949
2846
4307
1155
8172
5735
1298
2210
1719
6049
6859
6792
3859
140
9965
9235
6805
4705
9937
8137
2538
7649
8104
3053
8435
6894
9447
5292
1953
3733
2581
3627
2051
6218
1908
9829
5632
1412
2250
8028
6872
5533
2804
5198
2155
4072
5807
511
5299
6172
8084
4329
2364
5700
4441
4824
5779
4198
4898
9362
6843
521
874
1701
779
3842
9716
2267
5215
9297
7814
5590
8315
8361
6807
9160
5723
6548
9811
5096
7221
8081
2318
6194
7240
9267
8283
5659
311
3768
498
2336
7020
670
9052
8762
2061
7689
7344
4683
8929
3343
3334
6154
4118
4170
4967
5550
2035
3216
1363
8331
363
5602
7202
9172
711
3807
4002
1751
847
8644
7636
8256
3532
9450
6844
7383
9961
7842
3297
1408
9570
5094
9755
9001
6572
7395
767
3926
8327
3407
3557
884
4143
108
6378
3232
7490
7538
9256
4434
3410
6983
9913
2139
4400
2593
9854
6072
6124
9430
5498
6020
7474
9970
2089
8602
3659
3458
8754
4603
9712
2183
7879
3483
5107
7149
798
5691
6033
9818
726
9991
3620
3653
2280
1440
6415
4261
4558
1308
7774
1346
721
6643
3046
7501
4935
5718
845
3386
3422
2374
1381
383
1894
1673
4729
2855
1655
1405
5853
9617
3022
5421
6547
9845
5385
7930
9528
9683
5488
1480
4486
9635
4222
9507
540
4867
8025
9319
5817
8482
754
5846
7209
949
1288
804
612
7652
8680
9460
6967
5509
1134
2097
3888
6136
4484
6108
5117
7927
8070
9649
661
6056
3991
924
4686
1236
7637
1536
4842
5877
765
6796
6126
9289
1488
6305
9856
9239
629
7264
9253
6757
5663
8753
7249
8534
5147
3383
4053
1294
5252
6268
1119
2874
8193
4247
1478
3649
8426
6960
120
8273
8969
6229
1001
5092
4330
7124
6400
1901
1517
5165
6227
4900
1122
3316
9072
7999
1170
171
4494
8546
9294
4379
641
7964
3447
6
192
6038
4747
1322
3804
3086
7144
2047
9228
1158
883
8410
7431
8235
2195
9316
9978
3910
2992
4341
6636
5191
1748
4220
7908
8841
4738
7184
2779
448
9022
3928
8208
1845
9546
6659
801
3309
973
8171
3505
1962
8036
2342
9777
3650
1968
7438
8272
7957
7027
7267
8873
268
4865
1900
4793
3485
1428
9573
2101
8543
7890
3382
2752
4836
1619
2288
8503
3421
3880
4001
8898
4395
7577
6750
8207
999
7868
2375
5633
5827
9120
3720
3409
1219
2843
1878
7036
8349
4853
4250
8402
5552
952
3719
5183
955
7397
348
72
9527
6162
4978
5731
2792
3389
8610
1812
6587
3601
7651
1571
168
1172
9664
3709
5618
4822
1393
7078
1503
9187
7258
1999
7263
2842
5201
3844
4274
4607
504
8759
4187
3686
9896
925
7616
9790
971
1759
3450
9749
8115
7104
7310
7347
6015
3758
6964
5426
3373
3534
534
7952
6797
4700
8917
6435
7809
2027
4066
3873
6504
7619
2295
4410
7627
7891
1932
7656
8198
5901
2065
3554
8721
1684
6001
4129
8942
5246
5358
4843
6890
1465
6094
5668
8713
2436
1395
1404
8473
3336
3307
6058
4498
220
7712
1813
5437
4876
1004
5187
3062
8216
7069
3271
7584
3828
204
5052
3793
8443
5740
9847
4783
3310
9873
5429
6028
8868
611
4467
364
4611
1713
4300
1549
5713
5899
783
3656
3784
7359
7987
3245
459
5705
185
5231
5361
5496
6464
7108
9837
6346
2398
557
4278
4332
773
885
7974
1191
2931
3498
7187
9815
2902
7186
5188
5687
5532
6860
1204
5958
440
6370
3596
3843
9489
4154
9122
625
5311
1368
7937
392
671
3572
7635
772
7695
2240
616
8763
3713
4083
9102
7229
3824
2040
7621
5915
3082
8204
7767
3347
1985
4500
1781
2479
55
4945
2062
2380
3680
9800
1565
467
3641
3415
2524
6331
5334
5693
7238
8655
9303
6986
7314
4934
7318
5296
6093
9396
6122
4928
9435
6004
5561
1931
8566
2438
811
6825
2980
9342
1589
6828
7478
8872
1722
8588
947
3864
8064
9337
5528
2950
2747
3127
8263
3683
6407
320
3929
7382
975
2111
7090
9260
4769
4301
3165
9196
8049
8591
6767
1971
4530
6449
6691
8086
1828
5238
507
6259
9403
8421
8623
7013
1239
7744
4130
4786
7046
2594
5998
6006
3368
6969
9162
6013
9720
2150
5003
6454
4382
2583
3540
4570
6363
734
5595
1197
6781
361
7951
9831
7672
2485
1934
6849
9882
7884
5748
9887
5033
2721
9105
3031
3123
2194
1373
2978
1254
1382
2693
3972
7166
4998
1425
6356
8122
5332
3080
7692
4654
7323
1268
8136
211
1352
9593
9877
7113
2320
3018
1959
7143
9601
3629
7622
7116
2224
5400
2330
9766
810
1255
5526
8597
8496
1222
2781
9655
1416
2613
4426
4457
3849
9252
4660
6158
9280
1132
368
5411
1459
2049
4277
9116
7011
2423
1127
4432
694
2219
3057
3514
5445
5611
6242
3611
7642
8450
4296
996
3603
409
2252
1203
3388
9416
390
6173
5237
3552
5692
9272
439
5079
7557
366
7989
3830
279
1139
6091
4097
2945
5906
1821
6145
9248
3651
5719
759
5457
5685
9271
580
9176
7155
1624
4063
9728
7705
3778
6069
9346
3355
125
1006
3461
2667
549
4221
9055
7495
7548
7407
2670
553
6993
5155
8179
2952
8632
1474
1258
4322
4521
9694
6294
708
5016
3173
5257
7308
5024
6589
1230
3502
7812
5794
8870
4552
6979
2866
2738
626
6795
8453
5158
2495
4787
8010
7881
4653
7203
1720
8135
201
8018
7373
510
3351
7456
4034
5034
5422
91
9200
2059
2698
6130
9189
1076
5316
695
8174
3404
3780
103
1315
6436
2042
5502
286
6713
9774
37
6657
9352
7206
2557
2079
3491
5889
9599
7198
1051
1286
4239
7578
3731
7260
1354
9233
4927
997
9433
6877
4327
4476
6933
7470
8001
6527
6903
1042
4797
9698
4921
2103
8405
1472
5348
8094
7716
3350
5048
854
8559
5477
2041
2512
8364
2389
5950
1304
5706
2944
6206
9112
6248
295
1450
7776
9514
4711
1177
3789
8744
4778
7849
942
6863
2077
519
8773
4956
8067
3255
8060
5945
4538
4148
3172
2974
5615
7541
5842
3868
652
592
9568
6804
9916
9589
514
3578
9258
6181
1639
126
889
6310
9686
386
6125
3333
3176
3033
7663
3125
4600
3834
3983
3831
4414
8259
9406
4539
1442
4971
1520
9605
5973
5131
7769
8615
7291
5939
9565
2391
5727
1319
9785
8809
5876
5829
1035
8408
7295
6082
225
70
3598
167
6731
8502
7333
8845
7686
5838
737
2253
2482
223
7251
8189
4254
1194
9810
3331
1350
1579
9227
1528
6912
184
174
578
7082
9123
2807
8864
1794
6298
6597
5456
9502
2166
9298
9560
9490
1330
9347
4585
1784
3477
5648
1171
9131
9936
655
1370
5100
3565
4697
2836
6448
7040
3796
1865
8797
1864
114
4131
1600
3278
9178
1303
4176
2299
6866
7311
4474
725
1274
3471
437
6688
7224
8690
570
2687
8491
9661
5194
5392
1261
1952
861
8153
1796
6650
2753
5867
3712
6930
344
7332
9222
865
9540
8812
3236
8833
2637
5920
7702
5288
3366
9299
6123
6106
3800
7072
5772
3841
7669
7851
7923
7154
7990
5304
3980
2409
7118
3522
2204
7406
4205
1210
5390
8539
9835
5682
86
6279
6112
1269
4701
9741
6017
3558
4316
930
7110
1948
3335
8709
545
9335
1271
3068
3536
2341
2890
9283
1007
1698
5401
5912
5771
5454
6914
5193
2889
2709
3250
1317
4636
7594
7623
1225
8487
113
4139
3920
4328
4725
3573
9518
8252
5446
6223
4297
164
7101
1386
3621
1374
4371
855
9483
9261
4229
9033
4619
6424
4781
2043
4730
998
4049
8578
6610
7551
1044
1649
4241
8550
4977
2611
3879
6583
660
2396
5983
1757
7472
6267
4694
6575
2870
97
7123
7196
324
9747
9977
4485
355
3475
2886
8125
1215
4408
6631
7313
7574
18
1371
1151
7401
2520
9804
4344
6819
7561
4756
7066
8111
322
2387
7422
2831
5995
2417
291
5181
4276
6922
5790
2200
5420
215
5088
5261
4970
6835
782
1124
5013
1750
4648
9933
2675
676
2259
1905
2470
1456
7324
1008
9132
8022
3362
3783
2783
3938
8414
8617
812
1767
4758
7085
2560
1809
263
9506
8887
323
2928
8398
3779
7325
6402
6625
1708
5766
3070
1437
330
7920
3076
2497
8708
7718
4772
5493
6197
8847
4523
843
6932
7781
9243
2382
972
9924
2684
4497
9574
8129
9077
2536
8300
7988
1524
9658
778
3916
3889
5218
9497
3276
1671
3701
2704
2835
2658
249
3364
5146
4435
7719
825
859
8609
723
3490
4996
4478
9631
7960
8108
1950
7666
3492
2869
8715
199
3553
2211
9315
4367
1415
9380
1331
5787
1050
6236
8215
7175
5773
8701
866
7670
175
8729
1109
7742
3314
3469
6998
431
2054
8119
1742
3635
8185
5909
9646
4384
2429
6951
9821
1604
2669
6031
4798
5233
8821
1601
2648
5581
8943
7830
7148
4741
9759
9412
2519
1498
3535
8793
8409
6117
7018
4807
9378
3077
1409
6375
880
8857
1974
3582
1860
8242
6738
2542
3375
1740
3143
7460
9438
3533
6456
8080
5262
7624
2298
5612
5760
4007
6388
9009
1094
7452
2914
4048
2568
145
5557
7949
5029
7870
1511
9126
5631
1802
9247
2827
5322
9960
4740
1185
317
967
4818
5137
8341
7232
8516
4293
5032
6554
7678
9529
6343
8513
1635
7360
3544
3917
5548
3348
7152
2816
5001
7480
4779
2623
3886
1145
781
5354
6431
6175
2742
4909
4731
9264
8442
6832
8940
8856
790
3594
1786
3815
5102
6085
6519
3034
9592
6592
5954
9714
7787
2273
7079
6946
8851
9382
3695
7421
132
888
7836
1973
1833
3645
4155
5126
9007
7439
8648
3702
8248
1400
6649
4451
4656
5209
4121
2462
4362
2385
5797
4057
5600
4366
9748
1433
3153
1841
4167
4103
267
2074
9273
6313
4128
5275
9087
3727
2257
8651
5436
9993
4107
1593
6673
2454
5720
7268
2555
5042
1364
5639
6102
1594
4625
3876
2029
4846
2168
9954
9904
8576
1361
6303
9440
1996
5293
1770
9093
7125
818
9395
8161
9085
3884
1438
7645
6817
8281
2532
9538
9174
2073
8954
6005
3786
9501
2235
6467
601
8354
5671
6217
9313
8777
8533
501
9343
8093
9571
4594
6262
5655
5132
8506
3217
7504
5521
5911
8378
9291
6869
4577
2907
495
8649
6632
3
7348
5963
1196
1332
7390
1086
4895
6609
6783
2715
7054
6920
6209
3992
7451
934
9488
8707
2376
3901
349
2735
6771
3664
6156
8605
2850
2572
5004
8619
4548
6377
1867
2145
337
5923
8203
1156
7477
3820
3479
43
4438
7826
161
2604
7630
4248
3487
8445
8941
5478
5506
4719
7469
3500
5002
8517
1013
3642
8388
202
1497
5802
8249
4617
1059
9562
7498
5770
7542
1605
8667
9508
4972
2531
4470
1189
3774
1278
986
7068
5651
7697
7095
8686
4630
133
8531
3011
4547
4671
7334
9064
8246
2110
2050
3371
3291
5555
851
4834
7571
7810
5375
6256
2688
9926
9277
5507
3286
1902
5064
6898
5072
1942
8068
8782
7852
4514
4006
6383
4473
8369
4952
2525
6594
3541
6658
5851
7513
1201
1788
3071
9983
3957
2343
4073
7685
6393
8112
1252
5359
9411
9425
7103
7026
1259
4770
9662
4579
8789
6905
5926
8698
1227
9955
4532
6479
6531
9974
3755
7301
9708
7034
8510
262
7780
3361
6502
1380
6725
8554
1108
6591
5054
5898
8371
9647
8918
2383
3139
1083
3188
2607
2719
4000
3521
4685
3989
7122
1452
8654
4825
4027
7745
6345
6645
389
7973
6568
1111
7246
663
3420
3520
2016
7253
9944
8741
7019
7588
3279
8679
7866
566
3975
6690
5166
8472
916
9727
7737
3817
4878
569
4374
9532
5544
6075
235
1028
4349
9348
4234
526
2425
6327
6746
7058
1625
739
3530
8802
4614
2556
396
1810
7283
4460
2934
7676
8731
8683
5707
9218
7242
9578
6357
9144
5180
1956
5987
