3104
9189
9200
3764
8720
1081
7468
805
2383
4133
5243
8632
3527
8556
3955
6788
1585
5887
5808
7930
2809
5277
9012
2237
5723
9643
2318
2384
793
7654
4828
9993
4747
7653
4971
8367
1652
9236
1148
3190
4707
7840
8412
826
4232
1837
7454
8721
8795
4712
1566
3549
3350
3146
5032
8013
1428
852
2087
6883
1254
3335
1830
7815
7088
113
6448
5423
9345
5368
5486
1909
1619
7538
96
5871
1350
9770
7848
3360
949
3439
8160
4965
434
2465
1240
2325
2368
9509
8073
4237
335
7232
7527
6546
2361
1305
4360
5855
3457
4851
6598
4048
751
4816
9746
9288
9650
1116
4541
133
51
6562
6176
8553
9615
1249
6906
2800
7026
9452
5603
1664
4159
2395
4871
1856
6077
418
9959
9837
1705
4865
115
5270
4515
829
4370
8103
228
5873
3169
5175
6701
4912
7077
5265
5669
3664
7774
5136
5432
845
1716
4347
3157
4260
8365
466
7123
7606
2843
3945
6945
7206
3618
226
6904
8409
5006
3790
5257
5051
2593
3298
8542
322
6360
7235
6877
4309
9262
3443
1676
3513
2823
6092
9512
8111
4248
2524
3409
6864
7014
7364
5411
539
3931
8393
3076
6795
7569
288
8149
5694
6106
5161
2211
425
9594
2984
3487
937
7377
2158
1336
3504
3702
9610
4959
7258
5530
9605
688
9109
5839
5935
6511
4147
6852
5930
5786
2532
9381
5984
6249
8500
1928
4432
6623
6037
7470
8375
8836
4753
2993
8618
4447
483
5675
8142
2171
3558
4061
6692
5117
8807
8791
8138
8742
4288
9628
2410
7791
898
1860
7022
3395
4184
6513
8352
1910
4600
8790
1130
5352
8817
2541
1511
1817
7809
5932
4636
8615
5994
5660
7504
34
1077
5398
1048
522
2621
3968
3296
17
8014
9333
8075
1633
1778
1432
8547
5206
8907
2812
412
393
4087
2945
4568
3307
7585
3583
8482
4442
4739
6131
1329
8321
6875
3601
9689
2538
4580
2053
3559
9988
7387
128
857
6177
5296
4736
3384
5255
6364
2451
1555
9240
7763
1824
4923
8668
8631
7661
8846
6117
6813
2857
7760
7111
1247
6294
7599
2370
6017
1314
9267
7295
6251
9645
3937
988
908
8964
1667
3568
3502
7837
1024
214
9100
4759
4656
6932
3422
6588
2594
6020
2471
4699
3302
4093
2806
6156
9192
2436
3774
8667
4710
2798
3802
4844
9206
1195
8194
4769
1053
6132
6379
2717
6112
6459
9434
8797
6890
9439
3892
1661
2999
5485
7007
8872
5534
391
3371
7110
1311
8314
9769
3770
6921
8560
7421
449
3537
9181
3830
456
4817
7788
6826
7463
4446
1268
3884
102
2977
7098
6837
6330
9104
3571
2066
9807
8775
6039
1554
4863
2848
4661
1122
2521
4735
2714
227
2101
3199
9340
7794
9440
5156
6313
2262
5900
7611
827
9675
8718
5707
146
3416
799
8701
4391
269
4299
5765
8994
3806
8028
8900
9904
6309
6209
9042
4764
7667
6315
5358
3622
9745
2397
7325
6363
6663
3385
8158
7385
5598
7352
9351
8896
8477
2912
8780
6355
6828
6046
3954
3761
4663
1222
778
1565
2268
9293
2915
5525
6293
5681
3344
9287
3997
1605
516
6499
753
5224
1717
5321
9073
1655
2598
9682
155
7531
6094
8222
672
92
7481
5801
8309
8870
2585
9194
8800
7288
6161
4617
866
5054
8642
4642
6596
2327
2440
2503
1069
6657
2548
8786
4994
6456
5449
3285
742
5635
5240
7500
6987
1051
8360
1079
4398
3671
512
4746
6894
8713
1410
7859
6741
6139
3725
3291
4486
7716
3437
865
6078
5618
7034
374
977
8374
8832
2710
7028
2718
3821
6982
5544
7889
120
8773
2850
2890
4939
7991
2084
3235
4374
9116
2269
3780
2396
696
4403
825
6758
2214
2650
4667
743
1321
15
9762
9750
2111
7759
9625
8654
4520
9175
679
2729
9906
5114
1377
5336
4702
7354
2138
3615
32
2813
2587
9165
7299
8271
1534
9308
7673
4074
9549
9219
7892
3556
9261
3957
7296
3631
3935
2664
6995
9881
1006
1864
346
8961
5756
5879
7119
1133
9237
3295
5439
7669
5222
879
7458
506
1424
7534
4434
9995
6791
5050
2551
8903
5843
3281
2328
7842
9526
7992
9872
4789
738
7561
3643
6570
2425
2747
7652
8814
1660
5238
1634
1426
1580
1947
6057
4542
5177
5811
9984
6942
9717
7003
2210
7037
8915
8132
2175
1203
2487
9370
240
9257
3096
4337
207
9580
7780
2335
3286
9227
2075
1654
8867
3847
4136
8455
5123
939
9771
7025
2528
7768
6703
1816
3533
1343
3106
4698
154
9588
4720
8265
7829
7089
9159
8492
6036
9058
2506
4143
5179
2683
4205
9706
4750
7966
1105
5231
9545
9147
5543
7423
9823
2738
6203
7006
760
3978
168
9821
8960
6776
8388
1005
5090
5458
3126
5680
5219
1387
6808
4287
6237
6246
6348
1770
5998
9218
1586
8332
7163
7342
4999
6152
9567
4991
2676
6633
652
1894
9657
3536
9110
9463
9065
2646
7394
2288
5103
2578
9833
9336
9380
8965
1704
2877
3742
2900
603
5690
8137
7790
4496
4676
7922
8558
7968
4380
7943
7155
1559
4694
5936
638
5651
5638
1103
5353
9332
4962
5346
9513
6108
5779
6655
1145
437
2936
8127
7415
525
6884
6342
1777
550
6892
2677
9413
6988
8676
4383
8865
9862
9887
642
4330
9385
8804
9298
8261
7749
5000
1197
6147
4289
2209
2588
1112
7540
5793
3640
8724
9337
1882
424
4231
1124
8120
8784
5228
1818
2028
167
2903
6862
9019
5077
7431
5025
4787
8396
134
6337
8386
4970
3836
8394
671
6847
5964
2533
3699
2464
395
7452
4291
7247
4777
5642
6458
3516
931
8889
8969
8853
4983
7405
5702
5515
7252
7902
9863
5484
2475
4105
1922
7743
3330
5429
607
1642
2153
9000
2845
5097
9634
6580
2830
5580
6040
7291
9266
5585
3967
3231
9715
1549
4579
7467
3483
644
3493
3284
7619
5761
249
286
9720
573
5394
8914
1542
7734
467
8971
3388
4500
6664
3038
7919
1594
670
8837
9612
9108
2760
4628
1992
7555
1235
3272
3661
5516
3008
5584
9278
8520
7449
7082
9979
2078
7168
9369
1452
5274
2286
8881
2965
6234
464
4088
1455
5899
3662
1380
4525
2036
4166
8058
7598
9867
3740
2586
2653
1994
4272
9428
7336
8493
4354
5571
5828
8045
2750
5621
306
6433
5587
8747
2713
8628
3351
6280
4217
1836
5505
990
7456
9362
4604
2093
7914
9824
3225
5303
933
8336
2026
6116
3127
2788
3877
4282
4016
6182
7725
4057
2852
4508
5221
6083
3283
3386
3872
7650
9566
1903
252
841
1590
7934
6377
4462
7426
9859
4614
2904
1049
5639
6592
2108
2251
6169
7845
75
6171
4461
4718
636
3831
5750
3196
3930
1682
6322
4110
9353
7341
701
303
7292
5427
7965
5995
9429
1114
9211
1757
123
2889
3675
7008
9022
2753
938
1101
2780
378
9431
8318
3118
9732
7744
1357
2278
6937
2762
5443
3723
3065
5480
1696
9538
9367
1644
7722
6498
6068
9952
7176
3776
5755
9879
3036
8584
1003
7403
3572
1813
1108
8418
2366
7533
7819
1199
757
6523
2602
5100
3405
1917
1351
6939
180
2350
2381
2168
3744
278
3150
7297
8192
4758
2624
2696
7835
8141
5608
4700
2359
7608
8739
7972
7646
769
2979
4028
3510
958
4378
7802
2540
4766
1084
8612
9983
63
1007
6735
3971
8104
2038
7623
8732
6974
3517
9323
4426
6396
3484
7732
2243
914
3434
3394
2529
8254
5342
7278
2937
8991
3833
4142
6296
7841
9054
2355
8423
1411
7476
8787
7560
3162
4018
5467
8288
2706
8293
3423
3041
3825
7316
5980
6669
2115
5226
297
1784
5426
4172
4425
9271
674
8995
9828
336
2011
3867
3932
4556
5038
6976
1911
878
6257
557
518
8990
9119
6855
7049
6829
99
64
2536
5788
7277
3678
7135
3940
3694
2479
7938
6207
4886
1695
6747
3886
8571
4849
4543
4961
6061
3209
4559
8583
8297
8693
9089
9680
1683
9153
4646
9334
5105
5079
6104
6351
5196
1779
4240
3454
3254
6076
2804
1944
9667
7752
498
6041
1999
3794
4503
4561
719
9842
8475
2604
8554
9407
691
4784
8310
3192
5590
4273
900
8
9506
3448
5157
9719
3614
8488
7418
6901
7923
7547
3009
5068
292
4312
663
2156
7445
6911
454
5902
6885
5065
6303
1973
8001
6717
8308
3611
4197
8766
1551
6048
8012
6334
9997
8379
1029
3921
2721
6488
917
8910
9324
8495
3417
2202
50
5945
9870
9613
2733
6785
2040
7838
5421
3918
2270
7348
2672
257
4823
1067
3719
1953
7695
7459
1508
1993
7283
7777
1407
542
3441
5875
5636
8368
7980
1919
5821
1672
9504
4846
6576
9464
3465
9630
8294
9547
5594
3985
9151
3325
2218
2200
894
7286
2625
9918
7701
5643
1417
6682
9424
5763
2105
7648
3588
6905
5214
870
2972
271
7490
6616
4552
1659
4296
9557
4926
3113
5682
2876
3837
3788
6428
1274
7276
9481
721
3466
5494
3451
5182
8569
1198
8377
1440
3506
9319
915
7676
3625
1500
4214
2408
9143
8341
3259
5993
6277
5566
9586
2392
9281
3282
4538
1920
3529
9704
4726
7054
5311
7317
8941
6336
7333
97
1959
6794
7708
6010
9656
5535
2691
186
9135
6967
2939
8230
3824
8744
9835
5366
7824
5991
7712
3898
5395
6853
3656
9915
405
3355
8938
3749
9425
2250
5011
5094
5151
8107
6643
7960
262
298
9908
8827
5666
8184
5511
7865
9619
3490
7282
4674
4144
2751
2860
3301
5922
5819
1741
4387
9930
4109
777
8970
5013
67
6751
4022
6256
8532
196
2642
8656
4444
7478
5692
5496
7369
6697
1374
2678
8824
3318
8249
5160
2973
2644
9127
2442
4616
6734
486
6369
4812
5754
8280
1138
9558
4505
3442
9344
923
4345
8407
6189
5716
3108
2911
5098
6935
4021
5796
547
1276
1272
3309
2961
6502
5559
8706
6432
2283
3102
4073
7887
4213
2833
7196
6291
2746
9901
6949
3366
2757
8933
181
8908
455
9587
1971
6413
3319
6565
921
695
646
9244
3136
4412
4724
4905
8328
1322
5260
5548
2724
7847
2261
9255
351
9676
7323
4565
4190
4941
6158
5282
9328
1543
8238
7334
2391
6888
7864
3339
9920
7719
615
6431
8704
887
786
2864
5478
1515
3603
9008
1150
129
5732
2187
9415
1537
4401
3693
2759
3401
986
1348
3960
5002
9935
814
8145
749
3066
9134
9252
3249
9669
510
7251
4477
4262
6051
3375
5481
4869
9517
5234
4644
1225
270
4195
762
3567
1863
8919
8973
9654
5805
6559
8921
1060
3045
74
2143
4056
4037
2731
8708
8699
8892
6772
6618
3613
1548
3093
6728
9031
7839
6866
8417
7100
9885
9922
427
218
2690
1307
5015
9103
7704
4942
8440
9472
8300
8416
2379
9459
1206
45
1451
1866
1912
5720
6722
2189
3585
3059
121
8543
4209
7081
3575
861
6126
383
258
3609
3801
3673
9636
1391
9410
7677
2566
5399
7779
4660
3956
9253
4701
5207
4984
145
8093
2050
634
1938
171
6023
1710
1742
9790
5246
5043
4502
7495
3151
8614
8745
8616
2935
3347
1942
5340
1541
9903
9051
2605
8055
7499
5549
4589
2654
429
6783
4554
7330
197
1467
8850
6181
4405
643
5252
7326
2403
4134
4979
9599
1518
2620
3901
7183
2149
6760
795
3965
5738
8032
4152
1194
5359
2259
7588
4261
9421
4320
824
1900
4775
8070
2130
4148
2949
4206
1244
4484
580
4839
7035
1470
9021
4340
9570
892
8526
4625
6474
289
8484
9028
3056
1996
5929
3598
610
9136
2497
9029
3919
9417
1787
8999
7664
7067
3948
3340
5459
1544
179
6408
4825
9072
4814
3476
3206
7156
1042
8209
591
7986
342
2135
8712
7390
5383
4612
5292
7032
645
8625
3369
543
1560
5802
6970
1880
5953
2472
9259
4894
2419
348
8392
1933
8866
8299
3732
6221
862
4266
6587
4706
8717
4937
1728
7048
9683
3353
4526
290
5392
7108
7952
973
3497
5092
1173
8514
4047
6072
7424
5577
7095
3852
9064
9637
7302
7624
1563
996
6770
6030
3538
1461
2635
4914
8877
8694
5247
4300
5241
5890
3871
1677
2692
2565
7023
7171
3874
9137
6008
7553
2439
1970
1167
6671
563
3698
368
848
3278
3958
9638
9320
8179
6777
5539
5059
6505
5375
1984
5837
7254
4801
5968
896
4897
7132
6282
6555
3551
9754
5569
6681
9033
6811
164
9980
5351
3652
5807
678
1867
1443
6412
4730
8504
4821
2118
9132
9052
205
2782
1715
9724
7575
6183
7209
8527
2362
9074
6961
9317
2009
1623
3273
6572
5800
7193
3767
8599
6670
4219
8940
397
2478
9420
2199
8463
6306
213
8401
8770
9518
5344
1415
971
5198
6130
558
3433
7057
5812
6622
4669
1622
6661
1843
6763
3238
7016
8697
2920
6135
5545
6899
1259
230
5452
3274
9761
6699
8521
8719
6371
5111
9435
9485
7666
420
2680
3683
1481
5632
7931
2769
1117
2926
507
4332
7512
1286
8972
4326
6773
7883
6560
8640
9450
7872
1037
7935
5348
7625
3616
7340
6940
4885
6492
3197
2020
7493
594
6196
517
8362
7068
1260
2144
4695
4423
7144
2052
4023
3240
9976
8844
9176
4043
3002
3471
9727
9560
1371
3870
3750
584
6781
995
1968
4938
2378
710
1858
2435
3494
4549
9886
8768
8231
5649
2068
5372
9233
7253
1711
6332
5115
9107
934
1204
9497
2194
8825
9722
8852
1365
9795
7754
4454
3314
5628
8692
7410
9044
3154
9256
5062
9393
7766
576
4414
2884
1792
8240
7103
7530
362
1096
2869
706
1211
3430
6252
1400
7674
5686
5536
1781
1292
2765
4955
1829
4985
1109
9712
6165
8620
6652
5424
2142
3165
3676
8934
8665
5970
9664
5147
5574
2715
5858
6497
3468
4334
4051
8390
8171
8274
9507
5521
4690
3051
2817
4989
9158
1098
7720
5409
358
6378
7234
8181
3829
6802
7240
9010
2743
4091
9396
8912
9614
9078
8175
9455
2726
3413
76
3626
3522
9026
2232
3071
2767
1000
7455
5027
2882
718
3561
4116
5213
3593
7822
4202
5327
9419
265
4950
7856
9037
156
1767
5335
2836
1965
3990
7929
2254
6510
4533
2003
9852
1495
944
1595
4597
2865
9301
6630
754
8765
4258
6174
7605
7440
3049
8371
9639
4602
1497
7273
3187
3119
9589
508
7175
6271
6226
1372
6029
1934
1946
5328
5041
9925
9286
7633
7335
2658
7800
2088
4274
608
1783
6836
4653
6279
6909
3714
5625
451
1087
476
6335
1054
2229
7705
820
6528
2085
3810
4878
8572
2674
8403
8253
2698
7787
6895
301
2058
6589
8752
2227
3047
4435
8793
7332
9437
752
1059
4161
7306
5145
515
4648
2398
8183
3651
965
3597
7347
8262
8650
4199
3845
1670
8187
6863
9295
7260
1510
5668
588
1043
1698
1974
5782
3696
126
5526
685
5596
5354
1638
2319
4514
8858
9140
7823
1459
8357
1057
6402
6780
7651
5797
6969
3576
9740
3176
8883
9596
1868
1764
8925
6624
3912
9392
2777
9647
3820
3077
733
6512
7368
7435
3747
1852
2399
9329
46
1753
1055
9739
8331
3684
4705
8200
1967
7973
87
6462
9314
6818
4898
384
7070
2257
3993
1152
6714
8185
2390
4997
2127
7756
3303
3578
282
505
8301
3144
2719
4078
148
5533
5211
6484
1575
7757
6997
8087
5281
9519
8259
8490
7064
8270
4196
5730
8806
7451
402
8944
6446
9708
2636
4544
2630
7543
5052
2393
2801
8605
8932
1215
1687
6903
6897
4003
8657
9456
4171
8439
1178
8303
4890
5611
7228
7434
6612
5746
4968
3670
5689
8034
2297
1340
8285
4974
7483
5470
5036
3591
9400
8843
7066
5719
2948
8710
2981
534
4782
1629
872
20
3717
4704
4445
236
7170
9606
1490
6399
979
9430
3700
7793
5870
9114
2648
2314
2248
881
7886
4596
202
8674
8140
2055
8348
9223
9416
983
9460
7429
1477
7821
3343
1289
8295
3332
8673
4742
1353
8411
101
9576
5216
5507
7785
1369
7944
5477
5509
6880
2932
6915
6440
6405
1389
6579
1120
3492
9023
6679
8205
9775
9006
2518
2919
4339
314
9465
5579
3115
3862
1192
665
8831
8529
8443
3148
4585
9514
373
9868
6953
9508
9899
559
3962
3768
9225
9699
1766
2997
8983
6403
3436
5895
8415
5578
6415
1945
499
9831
4422
5923
3463
4173
4211
895
5614
9331
5037
7721
2987
3883
9533
3574
9938
7724
9810
1269
722
9782
9520
2129
1761
9958
2875
3697
5341
5482
3110
7318
4135
5849
4772
5217
8645
2123
2481
4327
2819
88
3646
5861
2255
6155
5056
6960
1106
2353
4066
7906
4778
1538
2773
8384
8890
6150
564
3064
9389
8830
5948
6477
9185
9583
6195
1075
4216
2748
7379
5148
410
1482
625
4128
2063
4346
3374
816
423
452
6910
6366
2453
9688
6007
8517
9203
538
8436
9230
6941
1562
4420
9315
657
8545
307
906
5903
5456
5949
9182
1591
432
7917
1153
8173
2815
772
8150
7004
7579
5838
5185
8162
8019
4103
3069
2226
942
4953
6873
9620
8257
3447
4201
3934
1750
4072
583
9515
1887
1760
5202
441
1296
2039
4493
4338
5739
3449
5370
6400
2386
7475
1172
8845
7345
5297
3942
9053
9083
2405
3943
6545
111
7355
8406
3004
8056
7231
3048
9799
998
175
4725
1227
5612
7213
6980
8723
1315
7539
9383
9601
1577
7983
3210
7614
3327
3634
4379
3980
1604
4303
3881
6586
8115
2802
7618
4424
2766
4176
7237
9743
4011
9443
3158
2892
9524
7397
5308
2841
9018
792
1763
2879
465
8930
9527
9166
349
3976
2305
2641
4485
7961
1645
1797
255
526
2794
4474
2656
5450
9911
5083
1376
9973
5143
3996
3182
9871
1988
8118
6595
4463
5171
1405
635
5567
281
6034
9855
9749
1397
7086
6530
8366
8578
3721
3685
633
4397
963
8662
4685
7747
3267
4498
7091
291
2225
6241
1430
4210
5285
1421
589
1466
3346
6715
6764
1981
6815
766
1014
8992
3638
6374
9106
4117
9503
7204
5166
1582
1578
5597
7670
8757
4494
5599
6583
9890
4127
4988
1688
5708
7473
3659
1847
8531
4275
1097
1963
9551
5644
2070
7511
5741
302
1662
1721
970
9111
8405
2112
7562
546
7955
5609
8772
6390
9487
9270
7013
9130
1636
4960
3915
7894
7880
2348
9556
3873
1354
2580
1975
7565
6665
8728
3775
5974
5513
177
781
2606
6021
5778
1962
6805
9942
4936
4785
428
2293
7020
3983
5172
21
528
4629
247
4793
8097
2458
5384
3548
6597
5095
3260
5906
1703
6716
188
4254
4064
3239
9142
554
2553
2166
8234
6931
3645
2167
1166
9347
5529
5818
1681
521
8690
6619
1032
3380
5388
5860
1045
6958
4915
7523
1568
3399
4957
1576
4745
9571
7281
5982
3703
1366
5133
2597
9090
6756
163
1897
956
5119
3098
6585
2514
9196
9803
8210
6694
9559
3193
1237
8414
6447
1162
7284
5987
1584
2334
8533
1008
740
7739
1603
4068
7102
450
6324
3232
8727
4247
4386
9665
8391
1144
386
1431
5583
4843
6009
5127
4203
7753
8085
3946
660
7976
3070
58
7349
5798
5772
7448
2667
2239
1349
4106
4489
2685
7636
1618
1751
9781
2596
1232
1616
7733
3320
7097
9122
6254
6614
3757
8101
3665
3924
7870
2795
6180
4583
1915
4634
821
8641
2061
9794
406
9155
2891
2330
5852
2971
5227
9783
1663
9670
4835
8017
1983
7191
6289
6845
3496
7130
4355
3079
3933
7279
5324
7085
6856
160
2986
3377
2530
2825
9891
1557
8485
7087
5110
7363
912
3803
9866
7148
1561
2420
3701
1790
9907
7735
5300
142
6991
2736
5789
6963
2018
8726
4952
1487
8279
5880
1468
8610
3365
6567
2783
1190
6250
2826
2139
3245
2463
5184
9501
6144
8927
8466
7581
3052
3505
5060
5709
6590
9531
8818
8275
3992
9354
6989
1671
8080
7604
6122
2315
9138
108
9316
6550
3546
6206
2326
4808
7849
8248
343
7214
3550
8639
899
367
9624
2240
8199
6208
9633
907
1989
6702
8425
3654
8315
5010
7069
5295
9618
8327
5140
1651
9412
7899
6926
4591
2854
2312
2599
5552
7947
9388
331
5087
9498
4547
999
8687
8541
2582
4162
3367
5884
7489
9757
4631
6395
407
5696
5678
9215
8165
3779
1812
7610
2609
4931
1768
5856
7265
7167
8716
7656
2184
5405
5854
4031
6810
9207
5962
9310
1749
1608
3033
7728
1519
7924
4058
3911
6518
3242
1423
2308
7396
1985
8269
8635
4906
1748
6727
527
9876
7425
3257
7190
4650
6060
6922
6631
4949
5711
7781
4643
1607
5256
6085
1514
9149
3109
7259
8445
7031
5538
4363
2709
3731
6927
3195
1327
4524
835
5408
5841
9621
7150
2274
7987
1546
9640
8976
7294
5381
7139
5201
1473
7179
9937
2402
4239
3554
3523
5699
6424
7202
3415
9764
8984
6228
4946
7471
2925
1439
6737
838
9088
9299
4165
8320
8467
3882
2797
4038
2177
4723
2470
9418
7310
1932
7207
1004
964
834
9480
7583
7065
1571
9124
4756
658
8895
9874
8823
4932
2340
3839
7898
6278
2376
621
2930
7275
1320
2699
3211
2933
9449
3015
8590
9848
9294
7381
7903
6870
4039
4733
200
6162
9496
2290
5983
6637
78
1159
985
4575
5766
209
0
1839
7861
5897
684
7180
8469
4672
5291
6233
4683
6087
810
2415
4540
114
9296
880
3547
221
8588
3778
3621
4417
9608
4468
5030
4286
5568
8779
204
9672
770
6718
4737
71
9684
7731
3897
734
5225
7365
2893
4433
3440
5973
5401
860
2064
502
1862
7400
1265
5039
6345
1874
7916
4177
4990
9932
6761
4902
305
4460
2005
5952
6114
5012
1078
4762
2008
8376
7413
2601
5154
5058
7039
1020
1146
2952
1872
4242
5462
7182
711
7568
5220
6219
2119
4649
6107
9505
4115
1257
1724
972
7239
4012
5367
8039
5768
8342
9277
7005
3528
6928
4104
5415
6380
5677
5176
1083
8928
4004
2245
804
2424
251
2300
5101
353
5759
3253
8778
3290
489
2311
5532
5938
3460
3594
5473
867
8796
4822
4870
3953
6675
6329
8617
2120
57
8465
6620
7662
6832
7200
3718
8450
648
3530
9495
4137
3644
4394
7094
1906
4167
774
8759
2341
1323
4311
3275
4657
478
8229
4978
3595
2310
3655
6264
5676
1913
5457
8133
5640
7559
404
5547
1507
500
9117
9678
6713
6520
2373
3134
6220
8857
6050
2791
8893
1896
7021
3966
7497
3769
2113
1998
4584
6373
6807
2178
1184
3686
8496
3161
122
3265
6859
3034
4654
4174
8243
8387
9767
7371
9350
7416
6746
4613
9436
1530
5199
3390
3103
9623
5748
8306
6472
326
2432
80
1755
7858
1727
3828
6617
4872
9352
6983
7810
494
932
4916
836
7488
2682
7875
199
976
6557
6769
7145
9279
7586
376
9573
764
4007
3398
6232
3891
1352
2374
1747
4026
8307
2702
4044
1009
3787
3822
261
2652
1961
6463
7384
4264
2295
6482
68
3716
4377
4824
4480
3200
9895
1820
9663
9905
4951
7339
5853
969
1312
4892
4040
6700
9068
3695
3902
2447
2145
1861
8949
8613
5550
5728
7814
1056
4615
2047
3116
9565
9546
8429
2996
5836
6842
5978
2793
3080
2643
975
6265
9222
5623
1739
4569
8203
5657
7160
6123
3663
4155
1504
9861
6793
1798
3564
4466
8031
4944
25
7655
8789
2241
3783
2296
1498
2712
4546
7970
8958
9632
2277
3018
9659
5844
950
4252
5947
6467
2941
889
2545
1964
242
5323
7891
3025
3793
537
9462
9326
859
2928
2543
9856
3400
369
9827
619
6445
5999
1531
7893
5152
7076
1735
2500
7582
8242
2054
673
4587
1631
8176
4867
837
2031
7801
697
791
8911
37
3171
6981
229
1161
7224
6049
6613
3299
560
1040
9943
8748
4437
8442
3917
8449
8383
8568
5859
997
1873
47
6302
2015
3691
1293
2537
2056
8244
4895
7592
750
273
8007
7798
3789
8829
3763
5158
590
3450
7764
3627
6004
4605
8989
8634
6175
1243
1104
9403
1686
2433
5314
9948
8201
4792
6882
6331
433
9974
1628
2837
2572
572
9467
2821
2409
170
2510
4077
2124
6493
8119
4519
1640
1220
3682
1921
9748
1390
987
9934
8985
7738
1626
6464
2161
3503
7261
1630
9231
6235
2560
2195
3751
5230
475
709
6352
1071
8003
6349
3838
9806
604
6383
8066
4557
4588
5517
875
5799
8334
5404
5911
3429
8849
5616
3711
7494
9129
3827
3222
1319
3445
1731
4581
481
7649
3511
1370
4428
3074
3811
9401
8190
2976
6035
3754
6444
7936
4922
9655
8776
3592
551
2146
1553
7298
4721
2666
6145
9377
8354
8512
8929
2201
4504
5705
989
9406
9951
744
3474
8627
4361
421
103
4080
6704
4692
8731
1331
4399
2959
6089
1324
7409
162
7120
6423
7243
210
5153
8219
5670
7826
9914
3657
6757
1600
7238
4268
8016
4603
9818
3858
4244
3499
3141
1070
5976
9034
5018
4972
3500
5258
6179
1904
9681
471
5537
1284
6326
4029
9500
2705
9387
9897
6419
1643
945
9970
809
8335
2013
1972
1445
4910
6417
811
6712
7867
7113
8478
3666
6452
8923
6533
5592
1061
8788
6606
6359
4316
8636
1460
9529
897
8899
9857
6605
1925
3617
7641
9994
2913
1093
3900
5815
1990
2942
9084
6825
2079
7001
8683
6143
851
2775
1547
7136
1930
5683
6814
5345
6178
6752
1436
5029
2547
6551
8168
4392
9004
4864
1848
8268
687
9945
1929
3159
9873
1242
9696
4888
4798
6820
4006
3268
5169
1501
5189
9186
6263
135
4187
2740
2502
3376
4030
5116
8453
6442
2827
1707
2001
7406
2764
8537
3424
3835
2887
4928
1927
495
4285
2220
9148
7194
232
8604
9221
5557
9105
991
1835
6767
8123
2844
4251
4576
36
2266
817
2483
5713
6101
1493
274
7116
8998
3003
4186
9060
6526
1267
5769
7915
149
9445
9811
8577
7665
6393
7878
4842
9929
4627
443
2707
2874
3928
624
8523
1041
8356
1458
7195
8709
7833
4351
4598
7525
3214
1474
3216
1936
190
4138
1801
690
6796
7109
2242
8546
5528
729
7703
5364
9595
2816
3311
4024
2535
6157
1290
6111
1001
2728
9629
7370
415
4372
992
1977
5357
7223
3243
6389
936
3333
6311
7444
2364
8538
6224
3899
1299
2881
1155
8146
173
7506
4271
8937
806
8696
5795
141
2365
842
575
8433
8630
439
2995
2413
5919
8936
1337
1762
7236
2918
5558
5878
2589
2947
7250
7134
533
6891
8100
7391
1581
2983
8454
4973
4076
6615
4794
9217
8228
9963
5420
1539
982
5373
9609
6259
7446
6314
4665
1441
7638
5430
7971
5469
7293
3832
7591
9777
3563
790
9977
8349
7187
295
158
4368
7742
5377
2377
212
3461
3633
254
3542
5864
8861
6768
8156
8808
4062
337
8430
6996
1855
52
4158
1301
8649
8071
1596
7694
1013
9723
4963
5502
6421
9268
7710
5122
3916
1723
1789
2043
5378
9883
1960
468
7137
6297
9686
5977
1023
4803
339
4651
8109
4658
3410
7460
6830
6868
6485
7884
3765
6800
2880
3927
4409
5956
530
2592
3456
553
4610
854
2076
5602
4781
9150
5436
8575
7797
4495
8164
5144
7274
1503
2067
2198
8214
8322
1422
5276
7404
6222
453
2057
3247
2964
7745
8967
5659
4132
44
3050
1362
7982
8239
2517
874
4516
2695
6140
3022
4829
2910
8898
4861
9096
3315
6346
8946
2561
1486
4192
797
1034
7154
9541
2508
8136
2878
9325
9691
4993
6626
6687
7311
5330
6543
3584
2331
935
2032
2099
5697
4359
7060
2663
962
3964
2883
19
2772
7709
3573
4071
4637
1302
3269
3910
5831
6052
8302
5089
1785
1002
6797
8508
771
112
43
4501
8559
5326
8421
3373
5053
1680
8316
4537
1841
7852
1979
95
6846
6397
8589
4513
3906
9780
5086
2544
3097
9949
6854
785
5622
9390
6411
6091
8182
5588
4577
8202
7215
1793
9666
16
5441
8672
7229
1074
4810
8507
9272
3397
4560
2272
3512
7101
4786
5465
299
9311
765
4100
3818
6288
2855
3453
1068
596
3641
6900
3100
9815
1895
5645
2098
9931
8974
1176
6654
4791
3557
654
8196
3604
9562
6786
8988
3072
893
2134
1017
6527
2557
3381
352
3387
2449
9483
5522
1978
3851
1052
4045
4430
5253
7953
2095
3753
8059
7692
9399
8487
6231
6784
8552
5416
4703
5776
9282
3979
581
3112
2546
8945
2495
8997
1326
9283
6666
4652
2434
1610
3623
9260
5784
3515
8479
9969
7063
3326
8950
796
5235
6952
9703
3258
477
2190
11
9786
294
1709
7871
224
4404
1639
2591
9049
9921
3866
9291
617
7
7450
3181
9451
7580
3361
8163
5989
6936
4693
6088
7122
4868
6449
3888
9247
3553
6213
2065
5652
260
9112
4681
6164
9493
8051
5794
1769
8722
8816
440
1419
5135
8813
8408
3207
7700
612
5787
5735
4929
5107
1266
5180
5309
9232
682
7964
6916
3024
4193
5259
2339
4845
9755
7969
9375
9289
2019
9059
3606
8106
1513
3520
7881
7388
1282
85
1902
419
8358
910
6223
3629
275
1147
3959
5066
5305
4853
6317
5020
2960
8959
6833
7950
138
7773
7166
7092
8943
3975
4124
9813
8040
7854
4975
6990
321
967
6561
727
4163
4727
7615
8395
9776
5736
980
9530
9475
3687
8570
6804
5664
1149
4479
3840
8208
728
3887
2337
5232
1665
6141
8340
3539
7942
446
8611
5419
9447
993
5434
1279
549
1379
5266
4964
2835
3029
5966
40
6480
1726
5865
7011
6267
5523
4593
1827
6491
8060
2770
4783
3868
3501
4227
4027
6248
4800
8802
1746
9913
8489
7149
813
1142
7613
943
4342
7869
8207
3880
1089
8444
4840
3739
4090
8811
1414
735
8682
552
653
1952
6216
3808
4146
2037
3674
5997
6524
7597
2131
3198
9522
89
7257
7573
5279
1956
3596
9658
1589
4837
2689
2583
7672
6475
8549
4092
5379
6695
9711
6438
8126
3173
8792
3357
9927
4619
8422
4811
1844
5302
363
3480
5289
7621
6720
2276
3713
5851
6578
8026
7486
9198
3488
9555
7629
9736
8272
6874
7017
1689
2174
5560
293
1226
6388
5662
7050
161
2321
2569
1275
2320
7927
7812
2416
8084
5874
8052
9561
3143
840
5400
2044
5514
2271
2722
6841
9543
5078
9402
7616
8725
9448
6709
23
6972
9469
783
9965
9796
4439
1125
493
4487
8653
9226
5751
8651
2520
5685
3213
1129
2741
6149
2669
6229
4909
5476
191
9011
3125
6031
5792
5070
5823
952
524
3107
7526
8083
5313
5909
6361
8009
4236
4448
9397
5781
3306
5912
832
9585
7010
5672
4757
2136
7461
5715
9960
7926
8102
4697
7225
6283
7126
3431
8468
7741
414
2558
9955
442
3313
6893
3826
1064
3391
6243
3030
5758
2182
4900
6840
7730
3014
8098
2179
1209
4708
4367
5333
831
5637
5318
2291
48
5150
4866
2324
3982
3733
6454
784
1814
6538
1011
2059
6170
3798
2786
4509
310
2814
3017
6115
4371
8702
2568
4396
2213
7484
5722
3485
9309
2686
9457
4607
5655
6197
435
2369
5965
9726
4687
4050
807
7882
1251
1285
2600
6409
333
948
523
3869
9978
4859
4098
7974
4233
7807
8707
1188
4478
6683
2357
8347
730
3579
1574
5047
7267
9047
7876
1678
2169
4321
8758
4416
2590
712
1294
6779
7805
2785
5862
1823
3224
1134
3792
7492
3354
3607
2789
941
3709
6721
3913
2662
3175
7524
6121
7242
4084
6532
6965
9554
6321
2989
9838
9121
6372
1280
6055
6398
9346
4041
8918
4290
4113
354
5888
7201
4664
6535
7627
6200
8975
7266
7044
4449
2090
2477
8966
5483
79
8211
4815
8962
4899
241
9280
1918
5067
9048
9751
1463
9962
8091
7825
8038
1475
1212
9191
3580
3383
5167
3566
6920
2203
3271
2980
7256
3105
106
9348
5893
8143
7271
2761
6742
8730
4873
311
472
7723
7313
9773
2485
9990
677
2208
6778
7683
4000
8948
1799
3532
4805
2234
9145
9971
4671
9627
9356
2322
7469
4259
9014
2694
614
1803
7362
3060
2081
2924
1187
220
668
920
2206
9024
2041
1447
2103
748
2872
4101
5455
5014
6205
4388
8398
3349
7395
7172
403
978
5817
8324
693
5725
5074
9785
1684
8355
6416
8191
924
2197
5322
9
1889
3425
2564
4518
1018
6159
9884
4226
8224
9458
3063
1154
8042
9900
308
8292
3890
396
2207
3658
6327
8557
1252
3797
9297
7378
9163
9673
426
5275
4249
4564
3438
263
8062
8079
2083
7220
3895
5760
3759
8743
1382
713
6059
6676
136
264
5445
6425
8350
7487
8432
6985
3246
3455
194
7212
9832
5463
3879
4573
2527
7635
7626
5239
72
6304
2899
6258
3817
1658
901
6835
9536
379
8389
8278
930
5245
4818
6554
6238
6607
1509
6253
6368
4366
1567
6656
8213
6093
2212
9989
640
2739
1342
4129
8283
6310
9991
4308
2684
3094
4408
585
7280
1712
5130
2525
601
9131
2846
6320
2612
2385
5129
9139
1180
2803
3084
4682
8502
8931
6966
6292
355
3846
6902
1182
1434
2555
6086
3419
4182
5712
4668
1317
5173
888
246
8170
3007
6469
1092
267
5391
1273
8178
6507
8135
6198
8879
890
1701
8916
3189
2953
6782
6556
127
3092
7218
215
8680
6860
3669
137
2235
256
9737
2027
4149
380
2441
5209
6247
6636
3904
5981
5894
8598
1339
8659
2554
2967
8074
193
8629
1338
5726
3317
4908
9273
8333
4246
3577
8834
2224
9379
248
2573
8882
1588
7203
6975
3164
4901
2302
960
7351
4348
6962
9395
7647
1505
8400
4666
1657
8755
1360
1110
8457
2371
4120
8424
6844
7558
2693
9919
3950
9494
3013
8372
4310
7033
5892
9484
4121
1601
2963
2294
4238
1454
5141
6281
1478
3368
4534
5556
5448
5882
548
6831
1881
2871
2006
5943
4608
8227
8317
6098
2921
7412
3920
6225
3521
5963
6391
586
2128
8041
4826
5630
641
7442
1330
8483
8564
3854
2082
9373
4883
7995
7329
4535
1914
1046
4749
4572
4528
789
1892
2737
3636
8131
7990
1271
7268
9386
6964
1650
5343
7272
8121
8580
7918
3889
8519
2688
2354
1878
5402
1625
9759
8608
4715
5218
1743
2896
6418
5035
6153
891
8783
869
8427
26
7096
3541
4609
5700
8048
2394
2622
8756
5920
4740
2617
6821
1485
7796
6696
9032
6136
3086
5371
2445
7755
1714
8782
2049
1532
7392
2275
5491
4635
4168
9869
5951
5386
5033
6834
8486
1484
3137
9162
3758
6668
9747
7548
651
5615
7133
9825
1708
6998
1401
6540
9264
3406
7112
4491
5387
8652
2217
7443
6690
9677
7055
4280
7546
9229
767
1713
203
6487
2181
815
5933
9992
225
1165
6384
7356
6319
1230
9118
6673
1771
1113
9537
5316
4458
5562
438
7343
9070
9854
8198
7997
4292
2567
6801
8428
2940
2615
13
7366
3348
7360
4640
8848
9341
5747
5347
5329
8820
7353
1253
5586
7029
5881
8913
491
7373
4086
1177
5842
7566
1398
7221
3486
2969
8815
1795
7249
3600
9616
2539
7505
3843
5827
387
4069
2956
686
4122
4563
5250
6907
6244
1010
7680
8705
6848
2351
5605
35
2233
7786
4277
1444
3356
8246
2022
7270
8018
9917
6672
4001
5905
9038
5553
6190
54
6430
5233
4655
9077
3058
2931
2651
2080
474
8594
8828
7514
2894
6054
5492
183
5931
7949
6584
3329
30
4838
9005
2204
8579
4438
4180
2219
2107
7427
2222
3984
9893
5195
5251
9086
7328
1208
460
8426
8404
2249
1888
461
1462
6272
5896
8510
1115
2102
3679
7775
9249
3469
473
6750
8979
1859
3287
6451
3289
377
7941
7246
9738
1758
6301
6659
6204
8607
3201
3587
1065
773
4662
5438
7877
2697
1950
7985
9763
782
401
6944
9923
6547
4457
7401
7131
9756
8226
7216
5604
8550
863
341
3328
458
4234
8144
5393
6401
6689
5120
1229
8539
2978
1347
2062
469
3389
919
8152
296
2140
9671
7263
7073
4956
5829
5203
8497
8996
8276
9284
833
9030
8460
42
5396
7687
223
485
8166
6739
6765
4691
3044
6719
3156
4141
5320
7979
5261
2774
3
2147
3163
9234
6573
1635
9133
4711
5283
6774
5620
7428
4218
8729
6323
6443
3762
7699
29
3667
9398
8622
9490
8221
2584
3710
3215
3053
9378
7040
6127
5026
2264
3170
1522
5170
4571
5294
2467
7303
627
5868
3796
1137
8290
2303
41
9157
6053
3408
7052
7550
9843
7542
2507
7184
3266
3481
8874
4530
2498
5273
6120
7783
6799
6063
6333
5317
2236
8993
2238
9564
5684
3543
1702
6099
3766
1725
4331
3981
3706
7729
5413
823
2838
9161
4917
4095
8953
3221
6022
2839
1943
5382
1729
7576
3819
9693
2832
6160
9523
3951
520
3172
2763
4471
318
9292
327
2450
4744
9057
6977
6236
4483
7189
8260
5898
8273
1393
7564
4488
871
2313
902
6339
1310
3672
5958
2732
7996
9947
3177
9499
3849
9321
6956
1038
7104
6629
4467
828
8591
3782
7999
7896
800
6930
1734
9674
2346
4431
5542
1425
5212
6110
4373
2534
1564
8803
5688
5091
4492
3334
5653
655
6460
569
5954
6019
1035
8284
4767
5886
4335
541
6420
8513
561
3569
6096
1736
1297
7399
1545
2193
8856
6070
8000
822
1901
2116
9126
6382
6299
659
8754
2422
6441
5003
8515
2228
9966
9168
6038
8977
1174
6043
2452
4079
7607
4352
1063
9224
5967
5044
3035
9477
7436
2002
1807
3681
3370
1516
1754
8805
1050
5582
2017
1386
1494
7027
3236
1719
6137
9454
9998
567
2072
1815
5914
5743
5575
724
9486
4269
7466
7464
4921
3023
1196
3998
4418
6645
1846
5269
2162
8212
7072
6163
9180
3393
1123
6295
3785
2730
5885
4221
4855
6789
2943
6012
6947
2021
6290
6154
2121
1805
7331
9302
5524
9516
5901
4679
8351
5464
83
7398
8459
1164
3057
9098
4097
3581
4099
86
1281
3478
768
761
3771
2523
2700
143
5531
2633
1216
7570
8939
981
5293
4476
4751
9382
8666
3288
7174
77
8258
7702
4475
637
3184
9290
8740
3412
7767
3205
1656
7948
2284
3016
7746
4145
2474
53
6693
2137
9120
2304
4891
382
8021
6549
7628
4497
1241
6067
4796
1175
381
9635
7169
3729
4510
7402
7778
7185
6635
1980
4807
1368
6913
8323
1384
5454
5380
361
2657
6227
3741
8544
7905
509
6466
5299
4276
2461
3264
940
7620
2360
5187
4344
5331
780
3228
2188
4082
9376
2258
6287
2985
98
8894
222
882
9170
8088
8741
1234
6775
6058
7181
1345
6300
6080
198
1246
4215
3088
1385
6142
7697
4052
7900
5132
7549
1951
4992
3730
1907
4752
6318
8886
9371
704
7771
3166
3338
9426
717
7789
6634
8924
6710
2446
3341
731
3227
431
2482
3907
3055
8689
4555
3544
144
7491
3223
776
6015
4469
8963
6642
631
2007
9085
3090
9592
3396
9368
6537
2626
3552
5472
5907
4325
1609
2349
3305
7437
9269
1572
3308
6824
702
5753
5627
3131
1940
3420
3261
7217
3565
4893
9709
2033
6486
6827
90
2307
5847
8664
1941
7693
2818
4558
6738
2905
1558
7324
4241
7419
6646
1957
2114
8735
2574
8920
9568
8585
1141
1893
9216
3475
6426
707
775
2886
2192
5624
6230
6898
6649
3482
6358
8771
5210
9199
9953
9880
7357
5634
1341
8177
8113
2623
6574
6285
5418
3743
4622
1583
6185
5656
8204
7601
8646
5356
630
7477
4170
1334
5606
2895
909
1465
8733
7750
1832
2938
7998
8602
855
9361
8794
9967
3218
7834
9409
5137
4847
8880
5174
4175
9774
650
7828
7925
70
7502
7885
7071
3132
2704
7645
1621
1786
4350
4595
1796
8698
1418
4450
6167
4456
1969
9898
6822
2117
7862
7462
7380
8737
2023
5138
9845
3428
3807
6503
5301
9204
6658
3006
620
4980
849
2046
1842
8471
7984
8764
332
7056
8458
4179
22
4930
4647
9987
4934
1231
9896
3324
6858
6102
6968
2014
2484
1479
5057
4659
5493
9826
7226
7083
1021
5809
7690
4065
8448
5576
3650
6103
6471
9611
6026
7727
2923
3114
4400
398
4114
2982
6312
3736
5081
1214
2515
1066
1720
4102
2306
5910
501
9972
8005
317
413
2029
9910
1641
375
1446
2299
2994
1624
7589
3372
2106
5108
8296
1876
9408
798
737
9488
3746
9209
5304
1632
2421
7827
5629
3219
595
1699
9550
5565
7554
8441
7305
9521
846
3715
4032
9125
107
6357
1095
9366
1450
2716
7541
3738
7408
7030
883
9195
6979
1333
2563
350
2808
3926
6436
3212
9471
5349
1140
1399
4709
2735
2990
3153
6347
1615
5310
616
357
1693
9007
5488
3773
9095
7600
6925
5941
9532
6489
5298
4771
2344
9343
7309
4154
1620
3531
639
8437
5775
5916
6798
7197
9604
9305
1179
3534
6394
756
7210
7457
8551
3925
7584
8474
922
6667
7715
3570
5016
5191
7222
2329
4773
4301
187
1163
4230
2619
6344
2758
8491
3427
9174
6404
7080
7508
4986
5527
7954
9254
8638
9242
5498
6113
9339
7945
4139
7830
9511
4302
470
2799
8311
2571
2309
8511
1408
5142
7907
1058
536
238
2412
3101
1309
2034
8291
7042
4393
5591
5706
928
7375
3859
2863
9359
7817
5703
7820
8501
7515
9679
364
1012
1022
2955
4307
151
7843
8835
3083
4255
680
1773
839
4034
8078
5654
3174
7832
3620
4860
370
6688
2988
8363
1121
8267
1833
6803
8675
5500
3251
3099
5271
7177
2073
5155
5904
4253
4788
1700
8057
9466
8402
7480
2526
9800
6090
5284
159
6519
3509
7411
4918
8282
600
4977
6749
9572
925
7118
5777
8566
2260
2323
9179
8855
6172
8561
9889
8264
3263
7816
1512
662
9865
2679
9171
2862
9986
6889
4765
3168
5671
8670
4731
4925
2165
7772
8851
81
1690
3704
7376
8462
8446
7319
571
8621
8037
9792
6027
5106
6422
9062
8298
6276
5223
5471
1135
9322
6128
2944
2929
9578
8679
6354
6105
5619
9982
1186
9003
7024
3411
325
3426
408
5695
9045
9841
4225
65
7689
3526
2853
3724
1804
5646
1213
8600
1587
6465
1181
5165
3462
5595
555
6641
9479
6353
6148
7141
1599
5806
578
2071
6602
6529
9101
2363
5944
61
579
667
7879
8536
689
9318
3130
2504
5128
9444
8157
5834
7714
3091
7393
9878
430
2608
4506
8364
2768
2110
300
1151
6286
6650
6625
4089
319
7603
2946
5339
8595
8839
4675
7513
4384
8956
2639
2665
5267
694
9961
6239
9808
9146
2388
8878
1891
94
444
8643
9851
5774
1865
4235
5704
8217
7932
6325
5229
9470
3312
904
4413
4317
4831
9055
1987
2180
1030
6478
3277
4451
3514
1402
4008
8319
4411
5023
4441
4228
858
9141
7956
4376
6896
5745
118
698
2289
8842
7128
7099
9285
1028
5891
7630
929
9933
4369
7002
8821
9829
2480
3908
5770
2711
5109
8703
1666
8326
9154
9036
2576
2796
5593
6146
5126
2456
6632
1456
9766
147
2097
2968
9999
9641
6188
2150
4189
6732
1810
2154
5412
7482
5192
6599
9476
5717
2406
5701
2613
1825
4191
4472
9725
4156
5613
9593
1168
9063
6771
4075
592
5055
954
1673
7337
4582
545
8838
6002
3179
8090
9184
4200
7846
9243
4015
1136
5863
3122
1834
1346
5365
5121
9716
5307
7811
6151
8235
5687
2681
7036
6097
7125
9128
3922
6999
1653
7675
5406
8161
7978
8174
1303
8761
7314
6242
4452
9626
3188
5080
6753
279
1791
726
3947
4112
3040
4019
5178
6066
2096
1765
4645
4684
3963
8982
2562
5248
2133
7640
9926
3028
3364
5600
1031
3167
3841
7813
2847
1529
1224
3885
3142
9210
503
4680
6603
4499
8155
8660
2628
5737
8225
1126
8593
6217
7516
2687
2505
2752
4375
9882
5540
7572
7888
4443
4911
6006
7061
4059
7860
6138
2957
8661
3129
4002
6525
868
4343
3186
1437
1955
7262
5215
632
39
6262
5287
7637
5872
8397
5008
6268
3905
3524
8862
2792
1457
2347
5563
2888
66
31
788
4919
2787
1890
2077
6924
5846
4283
4896
5972
344
7631
4531
4550
8871
5017
2908
5064
9276
8122
7140
7911
5658
1258
7084
8678
968
2859
7129
7913
7321
7346
2404
3021
2160
359
9081
4429
8548
6129
3760
8286
7079
5504
28
6762
3180
4263
8833
5757
5362
5714
2104
8020
802
5093
8256
3689
7219
1838
9797
953
699
5940
7285
2778
3608
1270
6707
2429
6755
5487
4455
3952
2191
787
4536
626
6515
447
9714
8518
178
2542
6437
9651
7532
7045
5048
3304
3039
4611
1997
4323
4641
1954
390
7658
4630
3909
3336
316
8909
2556
8337
2244
8905
7594
1356
7479
6581
8195
628
9622
2870
6984
4850
7518
1931
4527
7474
3973
2301
93
5785
4318
720
6468
606
4738
8116
562
6640
519
593
1221
6341
6563
3800
4969
4356
8819
6566
5447
7383
8255
8022
597
7863
3322
959
5186
6439
9552
7165
5425
1361
3363
9894
8868
6912
84
3791
9834
4319
8464
8597
7975
1217
3519
7609
9789
3252
5431
2831
5950
14
6569
6698
3128
8981
3082
5254
2861
8378
5124
1800
1850
3705
7417
5489
1694
49
3540
1649
8534
6028
6033
8885
5718
3850
1706
9844
5049
3944
8901
2469
5803
4881
1238
5149
1236
8763
5825
763
4336
5830
5112
1525
1375
3342
5460
3735
3708
6202
5446
4035
6639
9411
9540
7018
152
1647
9617
1926
8189
8592
7093
6018
4060
3133
8452
6509
6950
9330
2281
8711
1536
8522
9394
8516
2183
2152
7776
876
4967
5960
4887
2703
8809
9975
1570
283
5451
6201
6534
5397
741
2822
9251
1853
3185
961
2389
1025
2428
1288
7957
2958
7567
8186
1648
6024
7208
5288
4620
8935
9372
6724
8266
60
4328
5021
8644
201
6133
6929
3012
759
5325
5102
4164
8586
1738
1845
4421
4036
8626
4160
422
2010
4995
1697
4624
618
708
7146
1016
6356
5570
7804
3421
480
5510
8655
2550
7074
9909
9212
5918
1869
8451
8245
6214
6948
38
5942
8681
7596
8663
490
8287
1036
328
4857
3677
6005
5503
4381
6381
9427
8582
7117
3147
2856
5280
850
3977
2991
9701
6340
3043
9985
9220
1579
4877
2570
3293
5946
4204
4830
5237
4125
5867
2247
714
9702
2155
7498
488
1523
4267
9936
2273
7761
9306
1668
8887
462
4507
4903
7503
417
8082
9598
4322
4119
1404
1264
8509
5731
8006
116
8130
6192
9258
1935
7818
3853
5236
7188
1
9575
4562
3498
7264
5780
5242
1102
6867
8648
7679
1019
3202
916
2086
955
1679
4688
8047
1076
2779
529
2649
7510
245
1132
6376
8044
1924
6684
1675
4966
6042
1228
4094
385
6653
8596
217
6375
5046
6211
6812
994
7192
7529
4981
7043
100
7634
5361
125
1406
6370
9816
4020
4245
9441
7121
9603
3031
5442
2109
5410
7227
4046
5512
4638
4410
6887
3988
9187
3815
1191
2647
6184
3000
5071
3121
9875
4329
8434
3459
340
1250
2668
5363
3728
5771
7577
5022
1218
5679
9001
9102
7241
6621
5804
2417
8419
716
9099
2974
8024
6501
7047
3809
9788
5764
1298
9197
843
4880
4714
9056
5028
1448
272
9817
8004
9002
8399
2491
9819
2252
2382
885
5
6016
5721
7000
2246
3555
1127
8043
5937
4806
3805
9590
6193
9263
8762
7420
8854
5278
6744
5183
4987
5168
6993
8236
7844
7105
2186
8105
7198
2423
139
7289
1854
877
6908
544
1828
7447
2962
1740
2253
598
4353
1325
3637
3630
5915
304
2954
5249
1774
2489
1086
6685
4948
4854
8749
3256
649
2126
732
9193
3816
2157
9830
189
974
2951
6392
243
8769
4729
4194
1355
2025
1646
8117
2092
8700
5082
8535
3525
5355
3842
3237
1524
4590
3624
2851
1540
9812
356
9534
661
2221
6973
2185
320
6316
884
8247
9491
1851
7312
9177
8563
244
5866
2000
8345
394
6245
9092
1313
3999
5925
3648
844
1782
6951
1809
9721
5631
8658
5740
7713
1394
4465
2867
6553
6611
4357
9335
7041
3078
7038
4220
8897
4754
4924
8008
7688
2317
9730
9080
6166
2431
9602
622
8030
416
8847
4385
3855
1304
6766
9916
6955
5390
2342
5928
8413
3250
6725
9502
6648
3781
6881
313
7770
8736
6100
1732
6071
9349
7663
9201
1527
6082
8753
2834
2917
7762
9653
8751
9482
5337
2343
169
8481
4014
5332
7795
1937
5555
6000
4797
4998
6506
6959
5921
8112
6918
7904
3995
7853
4053
8313
6470
7173
9718
6307
4719
1091
9355
5315
9342
9954
3804
8623
5009
6647
5193
104
6548
8089
905
9804
9474
3279
1499
6003
3011
856
8435
284
3479
9094
6571
602
6343
5869
153
6705
2401
5085
482
7472
4884
4841
4005
6386
6481
2660
7659
436
5334
1131
6516
8555
3692
7386
739
2380
6978
8922
8869
5573
4689
5934
1802
1169
2356
7009
6748
6849
2511
1898
1395
6308
3560
8252
9075
1464
6608
918
497
4419
8188
6298
5403
2358
5733
6792
4954
8461
9358
3969
8329
2338
27
2427
8139
4083
1831
4169
8952
8565
7959
2230
2004
4181
4713
6095
6638
4293
9600
1871
3085
9758
3649
185
6494
913
7432
7211
7737
8233
8002
5497
8092
926
4920
5159
5848
7668
6457
6062
3938
315
6531
4512
9542
6270
8134
8128
3680
5350
8081
4118
6119
7361
9300
7152
8125
312
4256
2069
1261
1597
7552
5453
2549
6500
3737
2631
4070
7359
5601
7681
8647
4732
7438
7563
7890
8050
1256
7308
1471
5286
9156
3756
6711
4208
9902
8581
9707
7537
3241
8232
2627
9438
1316
8023
4490
8094
9183
309
4523
1233
1617
82
6817
2035
2352
5040
3472
9685
2645
8767
2267
324
2488
2754
3939
4799
4553
4257
1026
8110
3194
2901
3914
5063
7578
8624
7612
5724
7509
9241
1691
1875
1373
8476
3359
3860
7706
1367
8576
6723
3276
511
7051
9363
1517
9374
7496
2516
8220
4804
5826
911
2638
6790
5414
8223
6838
1593
7244
3941
7114
2927
2909
2632
9087
6946
3639
8129
1438
33
4464
5468
6593
7958
6504
8498
5734
1480
4836
2934
4790
8029
3635
3722
3124
6134
9027
1520
966
2492
4341
7574
9928
8573
4539
1744
3294
5877
6651
1073
2749
239
2159
6850
3089
1433
4633
4852
8241
6819
1991
2367
4795
4314
2577
4153
2387
4025
3712
6273
2725
6218
9478
7557
6508
2805
8289
2493
1183
2607
7233
9710
947
9946
3929
9968
8095
5125
2531
8685
3545
5208
6680
9313
3876
6933
531
399
7765
1160
927
6568
6079
8840
9205
9733
6938
666
5338
3414
5306
3734
9662
4889
1119
7556
4440
4
6274
4157
3452
8108
6450
6839
5084
6075
6210
5520
9864
7520
4063
2807
6627
7269
5005
8609
7046
1335
3042
2285
3111
6047
9510
9742
6934
268
3001
669
2723
8250
8067
457
9660
2906
9405
2673
1429
7501
7186
2595
4741
2670
8957
4140
3936
4295
7857
8524
2287
1669
6496
2333
9574
6660
4623
6410
3668
1185
3345
2141
1483
5490
9853
1318
3903
1308
9809
157
9692
9582
8033
7441
6215
3632
3270
4677
9697
150
3418
577
4365
8926
5162
3061
259
55
5813
2030
1388
8978
7199
2476
3068
6385
5992
3183
873
6056
4748
9039
692
7545
4111
3226
3799
3321
7344
4566
5667
675
3599
8470
4459
725
9239
5113
9093
9188
6084
7855
6305
8036
109
174
2966
8891
9698
1170
1737
4017
6994
8343
1733
3748
3135
5959
8864
7993
3602
8304
2060
4621
1826
4802
8339
6199
8035
8480
330
3562
3233
4875
4755
5833
4284
2522
3473
2163
2902
1488
8159
8472
5466
1472
8064
2125
287
4770
3720
3139
1277
6025
4511
984
8025
7255
4716
9779
819
3878
5665
1201
5360
3863
8061
5263
8027
9123
4696
8876
2858
7124
323
4042
5840
5971
2744
4874
4033
253
2840
6473
7059
504
540
7012
2051
5641
6045
4212
4958
5926
2575
389
5104
1381
4606
9741
6081
6013
3844
7951
1528
6
8863
3095
6577
3120
6328
6736
3535
957
1171
8154
3407
2708
3660
1949
9046
1300
1776
7528
5727
5369
9784
9113
5385
8822
1328
4389
2426
9535
2552
5610
7158
794
2618
3814
5519
9778
7989
4150
4406
2223
4586
392
6074
8750
3300
9250
5564
629
9892
8431
2418
195
5499
166
2922
4270
4686
3755
6365
237
3727
7937
4229
8528
9820
7090
9303
9939
7307
6168
5073
4123
9076
9274
1637
7909
9579
5417
1492
7632
9772
4678
8826
7921
2216
5581
7711
1033
5857
9265
9668
3323
3220
3856
2559
219
623
3310
6754
1435
5986
2916
6173
9357
1916
1849
2513
2176
9801
3352
6816
9061
2132
1383
535
8053
3991
8810
208
847
3987
3152
3777
206
4358
1015
2727
1193
5272
9607
1606
7161
4945
8947
131
745
1573
9015
7058
2640
3813
1099
1627
5883
9414
5979
886
3495
7595
8011
7660
2790
8385
4085
2720
3149
9248
7382
8046
2873
3970
3203
9164
4882
8361
4390
411
8603
9473
1526
6240
9097
3875
10
2998
7304
4265
6594
5031
5790
4198
6186
4529
5752
7151
5099
2231
9043
371
110
8633
2375
5312
2466
6266
3864
5518
2438
400
8774
4151
7736
7544
9846
2
9275
6032
1995
7300
5146
3229
6609
3586
6338
5244
4551
747
8305
7691
6564
1344
6001
3961
1262
6435
176
3081
8686
2745
6479
7657
9591
4858
2897
1884
4982
9791
5190
1611
5791
1685
8216
5264
1806
830
6733
8096
2045
681
2437
7430
338
8359
9433
7162
9597
2263
7769
4306
8540
6212
7078
2970
570
9041
1111
1449
3262
4081
3026
7287
2468
3280
6731
6476
3619
5075
4820
5045
2460
3688
6187
3404
3208
1976
808
9528
4761
9735
8499
1908
4907
4779
3244
3155
2016
4278
4594
2448
2637
1491
5663
6879
1047
5007
9091
5820
1295
6628
7327
4876
4567
9642
746
7115
9648
6483
5607
9577
6575
9160
4947
3403
6677
2820
5572
4055
6917
9847
6125
2345
5561
7106
7671
8799
3653
1044
8980
3507
5435
4774
5479
9877
4096
8873
6600
233
7521
9312
4427
9644
4207
4305
3690
1506
5961
5674
2490
4834
9238
736
8859
7358
8169
3075
6644
3255
9849
6407
9190
556
1840
9391
9705
5019
9728
1939
4578
2661
4364
3054
5650
9646
1255
7536
8054
6260
5824
3379
8951
9713
6517
5626
5661
8072
9814
4298
9035
6759
6064
723
9793
6427
9840
3834
2811
2256
9173
7873
6726
5461
4188
4481
9214
2907
2280
6362
7019
5744
4760
7707
7901
1550
8447
2849
4722
487
2048
4639
6865
853
7322
3518
5262
5024
1674
4548
2671
3894
2992
2279
6957
1094
3191
5783
4049
5673
2454
7147
5506
9327
9805
6011
4809
1759
6745
9649
5647
2842
2579
5374
4827
7748
7686
7644
7350
3027
3178
9964
3707
2776
1602
7639
4943
4879
1210
7127
1248
8369
1885
5917
7967
5433
7372
1535
6914
7698
1948
703
6284
7717
8015
5001
2486
7485
6350
119
56
2443
280
1966
4054
582
9169
7153
9067
5990
7519
3073
7940
8065
3628
2074
372
758
4178
7946
73
6558
4436
5767
3140
7590
7782
4324
5996
1359
3893
5762
8180
2885
6542
605
91
565
8530
3446
1202
2411
8076
5876
1533
8902
9661
6455
8380
700
8193
6986
3582
9172
9082
4010
566
5850
3589
6729
2701
492
1396
4670
9888
3605
9115
7301
1413
715
3337
7389
2742
2336
9539
3477
1453
2265
9468
5118
140
3067
1556
7808
8438
8263
1772
1278
6453
6740
3230
4618
7803
7453
8086
7939
4570
6536
6429
9079
1283
1082
7685
6073
6954
5134
124
9020
5495
2430
4130
7075
8684
231
4223
7981
8456
1085
2898
1857
4521
6191
4281
9802
5072
2616
3037
9228
9245
9364
5163
9246
3234
2611
6414
3949
9009
6919
6662
812
5444
4349
779
1412
5957
3848
4313
5422
4904
1420
6065
3752
6255
3772
9384
3989
6610
4728
7507
7726
4131
8503
7433
8069
6514
3123
8153
8172
7138
8562
9996
2499
7792
3138
7178
4304
479
1794
62
7988
8370
5205
1080
951
8099
9144
2866
6552
2634
8148
6871
9213
6490
409
8637
2771
9553
2094
9941
9304
8987
2372
1730
1521
3642
3010
8875
1207
5810
5197
1200
3470
4294
6730
8955
801
5474
7157
6923
3784
1879
2756
4415
2164
1157
9798
4402
3857
5508
9956
2205
2810
2196
8077
9858
4780
9167
6787
5194
4768
2868
9066
3994
599
4601
3020
5541
5061
1822
1552
3392
2012
5927
2509
5589
7994
2614
1613
5814
7751
3467
8505
7874
1780
4453
1883
1039
9631
4013
3402
5908
1306
4717
818
513
345
1223
6674
5832
1062
3464
3046
9202
1072
5913
6044
334
1088
5004
8669
4592
5204
8420
7928
6843
2414
6109
1502
6678
5742
3382
7367
9178
1923
1692
2581
2148
4996
3647
365
568
1107
8671
755
1877
4395
6495
448
5889
2914
4126
7617
1886
4362
3590
1239
3145
4297
2659
5407
484
5200
9850
8167
8606
4940
7407
4107
6886
6118
7977
4517
647
7718
4522
2042
8049
903
1403
8601
3297
8942
9040
9944
2824
9525
3923
587
463
5428
2519
7868
1592
2734
8812
6521
9453
9071
5501
2950
4407
2173
2610
1752
1409
7963
9365
1027
7920
6124
4067
9017
8330
9690
2292
4243
8325
8798
3032
7740
1870
8068
184
7230
24
532
329
3812
7684
5693
7784
7962
7320
7439
6544
8063
3610
9404
3745
5551
8734
5988
6971
1496
8677
9422
3358
6601
8777
7465
6194
6806
7908
459
4848
8010
611
1416
2332
9765
1245
2603
3292
9235
3005
9860
1263
2459
8715
5773
8346
3362
2975
7897
8494
8373
9652
5042
8124
946
1332
6539
8917
1469
1378
2512
5710
8353
6872
8206
2172
5924
3795
182
4183
7696
9687
3160
7643
7912
8151
3435
9836
211
6269
8714
2784
4632
5617
2462
4856
6541
1986
1899
609
5633
7338
9787
3823
6876
3508
5546
4108
1287
9152
6809
8738
4832
9695
8410
9700
1143
3974
6406
1090
5181
7836
7053
1139
4315
2655
3019
9981
172
7851
9752
9432
5845
4333
9461
7290
5729
1358
7799
5319
8473
2091
3612
1442
2501
277
1118
7164
6014
1364
6261
9822
8954
1427
5475
3087
2122
8277
8986
2024
1392
5188
4382
2755
683
514
5437
5268
235
803
1363
7248
2400
864
7143
8147
2444
6878
4279
3432
1982
8567
574
9924
276
9940
4862
1756
3896
1569
5835
7831
4673
7622
1489
9731
1100
9013
7895
5139
7414
165
7758
347
4470
5969
3217
5691
6582
5939
2089
4222
7062
9760
1291
1775
1156
1819
5985
5955
1745
5554
8688
1788
7602
360
4776
5290
5440
8968
5648
7517
4473
9489
3062
7142
9734
6387
216
6851
8619
8888
6522
8281
3986
2316
8691
2829
4933
3972
8841
2494
6706
5749
6992
192
7422
1718
4250
6275
7910
9069
366
4763
5131
8237
664
6869
2170
9016
7682
7107
9307
8312
8860
4976
9544
705
132
285
445
1811
7587
3331
4599
4935
117
6708
1128
234
59
9950
7205
8906
8218
6591
4574
3489
8114
3204
8884
105
9338
676
3444
8344
5088
2407
6434
1821
9548
7374
8215
2457
6857
8525
7678
6823
7015
7593
6691
6069
4482
8695
1614
6943
1958
3316
9581
9050
7850
9957
4913
1808
2282
3248
1598
8338
1158
9025
1722
9768
5164
8251
656
2496
2675
7245
3786
7551
2828
9569
3458
8587
9446
5376
8382
8746
7933
69
6461
2781
5698
9753
3491
266
5034
7315
1612
9208
7642
4813
2100
8904
8197
9694
613
8781
7571
3117
6686
3378
8506
6743
5822
2298
4833
2473
1189
7159
496
9744
9912
5076
4819
9442
9729
5096
1905
9492
5975
7866
3861
8760
9584
7522
5069
8785
6604
4743
3865
8381
3726
2215
4626
2151
18
6367
5389
8574
1219
4927
4734
1476
7535
5816
9423
4545
388
4185
9563
130
2455
8801
9360
1205
4224
12
4009
6861
4532
9839
7806
250
2629
