6247
1326
2667
2965
8246
2024
733
3768
6042
5933
4296
2656
9273
487
6665
2016
6791
5033
9519
4493
4742
7986
9999
619
3323
4876
9754
6416
1479
9587
60
5674
3162
3365
6510
6339
9421
8044
1150
1975
6710
964
368
6405
5624
3541
5320
2379
4301
4290
5453
2903
5258
1520
6174
1973
1548
6002
5422
6904
4178
2166
4570
7806
8481
2578
7079
867
8409
9779
4389
488
6646
2495
2456
4517
9475
7912
5632
8354
4574
6633
4384
1481
6933
2906
7364
5878
3334
1758
6964
8653
8877
6440
1529
8482
1312
4235
98
5430
1257
486
4840
4395
4893
5236
2556
5894
1399
9445
7326
8239
9927
2681
4470
929
2932
4814
4710
7582
437
5287
2489
7999
3538
817
1251
5983
6664
5435
6190
5619
9577
7049
5285
4923
4824
8109
4213
9722
1544
3984
5139
9614
8205
5559
7135
2624
2796
3391
4732
1319
7400
5338
7402
939
3636
4319
926
6622
7187
1456
9819
1126
7835
8942
8144
4442
5148
5781
7874
7785
1938
2636
6214
8148
1928
7150
6871
3760
7113
4380
5305
8270
4158
4903
8901
3199
9812
5643
81
999
6732
6308
4171
9140
9510
1095
9881
2200
97
532
907
1717
5661
5815
2061
9274
3960
5441
6673
8372
3300
3893
6357
326
4297
1148
2386
8982
9957
314
9932
9536
1769
8096
4248
812
9970
8731
91
9152
2792
16
5513
3044
6137
9910
3013
8710
9616
8336
7571
5740
9142
1567
4586
5873
969
8083
3819
6504
3209
8578
1327
5424
517
5847
96
1806
7481
2583
8694
4711
4663
3453
1551
1795
5466
165
1173
2654
69
9977
7623
7095
606
2223
2317
8688
5383
8394
5871
8195
4020
3004
6562
5275
7279
5262
3993
7160
2397
6389
4409
3451
4316
4681
3696
8706
1952
411
7017
8103
1539
9036
9336
2234
4439
5839
5794
1149
646
113
7915
2394
2897
8590
5787
1697
8140
6482
7133
6192
8687
4405
6696
9360
2059
536
4693
2528
5741
5425
9913
7537
2390
1176
5149
2970
4
6485
9991
7859
6466
9813
1309
3339
594
4865
9166
7793
4512
2937
4331
5929
1663
9163
2609
1684
2733
3179
1953
7805
8676
8358
2168
9038
3955
2377
678
8136
8041
5949
8160
4518
2865
4662
2971
1592
4065
2980
5633
5535
7074
8875
5541
8949
779
4538
2362
9508
336
2741
6180
7877
9773
4552
9097
3730
5530
4941
1766
5126
3340
1880
5214
1910
5046
125
202
52
4077
364
1473
2687
9193
4593
1114
6553
530
9835
341
460
8622
4214
1649
1738
7331
2111
1272
3450
6614
2440
1718
7173
7290
1101
1303
8755
2253
6456
2391
4748
7348
5934
4600
1765
8417
5974
8175
1503
4485
2192
3236
3114
9621
8097
4156
5689
1789
1378
668
6613
1705
8899
3272
2899
9302
107
5561
8099
1643
6659
5556
318
726
4940
9511
8714
9092
9496
6064
4553
2541
5283
5473
1951
638
748
6373
9318
8442
9128
500
7742
1018
9804
3486
9785
8375
9561
4419
2238
9903
2784
5956
2513
1324
3634
9314
3660
4216
2546
8917
5103
7137
8668
7630
1186
2505
3591
5963
497
7897
5913
9889
7085
1020
4838
7976
5151
616
1629
1256
5581
6183
5202
5599
292
3856
9022
7614
210
7202
2094
857
8761
4822
4450
4967
484
4303
6841
3990
8649
3688
1560
7752
4766
7953
8799
5461
3954
2388
4894
3138
8085
5241
8004
40
7994
3832
8801
8107
4070
4891
9262
8138
3075
7974
3638
5654
8764
5816
5639
2538
3841
169
9018
522
4668
1206
4867
3120
73
1453
6528
6603
1812
6191
1041
2047
8057
2455
9871
8050
6898
8856
1192
4145
7787
3818
2429
6506
7734
7646
296
6824
4784
4839
4482
7256
6802
108
9426
8185
6402
2459
8286
6315
2313
5280
8313
2779
5916
3631
9742
7852
7831
2747
8903
2704
5757
126
95
489
121
4126
7956
5725
6989
5762
1782
2096
4667
5112
6426
5845
6629
6641
9253
3961
4088
3876
7362
8891
6690
2151
265
3147
9582
7426
7566
8926
4931
3675
6800
9356
4745
4852
7923
7284
980
5474
5040
1026
6772
8681
2471
4052
5756
9463
7813
2617
3665
2821
9437
9175
3508
2723
2951
353
7253
6998
476
7101
9763
8282
5703
946
6393
3506
8736
201
1767
8684
4697
9854
7450
9380
7510
571
8240
9250
2017
4279
1508
5642
8810
6811
9391
6650
7207
5330
8142
8520
8960
9094
4610
2659
7611
3413
9796
7896
9155
3058
8654
8540
1890
8124
3078
6184
2991
457
6432
7413
976
3903
8762
9534
7858
5225
1005
5489
5254
8967
143
7864
9394
9086
6702
1720
4997
633
9312
6851
4566
3897
9503
2385
9530
4166
829
4954
2864
5172
2713
2363
3193
2767
5514
3305
7019
5496
4056
3809
531
5979
2978
135
5119
4253
3174
7763
6083
5701
1224
2852
9533
3763
9002
5123
4627
2643
2835
7687
1175
6196
2585
6679
4897
2537
1947
3314
8839
6272
1163
8965
8594
2176
2915
334
8141
6374
3060
4219
9470
6265
6487
4302
3825
2804
1668
4415
4534
5076
2754
3247
7470
8929
413
9983
719
2936
5831
8016
6857
7807
1937
7238
6380
8128
3653
5594
3700
6516
6442
7753
7781
4536
9420
4689
8618
1692
6032
5635
7332
4717
5117
1816
2837
7258
774
7410
833
6019
3607
8888
5162
753
9546
5311
6597
3611
4526
2498
5658
7871
1487
3066
9984
1265
4709
7337
2850
1461
9909
2299
564
6201
1552
9452
7115
6113
8705
5308
972
233
8389
9637
6781
2153
4467
2608
662
9204
9182
889
2068
4555
2696
6945
5936
6548
3582
2603
6605
1155
122
7360
167
7782
4907
4792
4972
1306
4446
3221
2009
8159
8558
6211
6576
6931
6047
9650
3423
8559
2961
9916
5224
7234
8401
7794
9838
901
4604
9374
865
6704
1871
7200
4365
6660
3028
9808
1138
1455
241
2342
992
8089
8371
5010
8108
2180
458
9949
9493
1401
7194
1412
5600
2916
1850
4539
2788
4507
6803
789
3544
7165
196
775
8440
2212
3942
8204
944
2672
2882
6514
3025
5649
8816
8112
8055
521
6009
4204
9460
4760
5835
8104
7598
5177
700
1661
9574
3382
4071
1408
3811
5093
6624
3203
9056
3153
29
9008
1111
7399
2875
8542
1046
8288
6715
6874
6324
9960
197
1644
2621
8750
3535
3613
7686
5288
1188
7192
1616
6601
1367
4294
7684
2648
9211
7710
3392
805
5828
2352
5266
1065
6999
9620
3041
3080
3065
3332
5223
494
4730
4207
9942
1291
1130
7416
8502
1220
3049
5589
5507
1066
2884
1913
3552
3833
1793
3641
777
8322
7679
8802
6872
9197
4309
563
9091
3343
2632
2341
257
6117
5697
6505
7998
5948
6906
549
6858
5402
2727
1267
354
8789
8007
8874
5807
6515
2503
4445
3823
8824
2226
4376
6301
9659
4849
3619
7617
2308
2564
5486
8539
4411
1593
142
4618
9378
6391
3489
8341
963
7205
7191
8352
4307
9206
4740
9584
3347
6923
8344
4980
8113
5005
2418
6692
6303
8192
1565
1097
2158
1258
3686
2384
3173
8392
5429
7523
9241
6052
2714
1238
1828
3740
635
9789
3979
5286
8100
8445
1617
7116
2799
8892
7047
9524
2753
8908
9339
5652
3982
5336
5927
285
6431
5669
6424
4589
8515
6284
9288
5617
728
2210
9723
5034
7010
1264
2522
1015
1443
6000
9703
2988
9433
2947
1439
1060
5861
6691
8117
1642
1021
6830
5274
6454
5500
9468
8988
647
1394
4048
5465
2960
4265
6680
5173
6320
7383
1072
290
4289
8453
8015
2730
9594
7926
5910
9325
8040
5947
7015
3301
9323
5788
4890
7069
6220
1726
6090
5586
8405
4965
3052
5626
5439
8739
6370
6955
7849
4159
8599
6556
7392
9707
8437
1999
7770
8598
7162
7618
5870
1052
506
7081
8665
3958
5054
1939
5484
1271
3281
9237
6938
3816
1360
8179
5282
1873
5334
6590
4599
5499
7512
7589
4083
4167
8529
1290
8600
385
6081
6476
3076
4249
1729
6805
661
7607
2448
3790
9603
5692
4420
8364
6501
7381
418
3421
8504
5111
9515
2633
3526
3546
3501
5715
8884
9006
9224
9049
13
1369
2521
9042
7977
1057
8999
3072
280
7368
541
6849
6573
390
4603
4909
4185
5836
6491
8020
6094
1074
642
9132
4757
3527
3026
2195
5264
7634
5217
3574
9
2366
8429
1874
4245
2023
2430
2703
1294
4836
7889
347
1172
8909
3649
8573
6216
8236
1423
3208
982
7276
5696
1434
6307
4910
9335
7788
9387
658
226
8716
1533
6153
7480
666
6306
5001
6892
1845
5421
1590
3758
9227
8001
1886
7072
3005
9750
435
4053
6063
8165
874
6159
9523
6079
3664
8420
7642
1178
7739
7294
9877
5062
300
7080
4772
5360
8940
3720
4291
6225
6428
1025
8395
9824
4626
3214
6296
2605
9371
5868
2404
2346
3947
5088
4806
386
8968
3282
9552
6604
8196
3622
3386
2690
2081
8355
3533
1897
3920
3540
1778
2217
154
4431
1298
1757
613
1356
5020
1761
9244
2350
9544
2486
960
9083
7024
6582
693
4120
9980
4602
2599
4988
900
639
7349
379
4879
1033
5442
6521
4625
2620
7946
8460
7862
6297
2774
1968
5105
3416
8822
7196
9654
4143
1307
8441
8292
8878
1994
9267
2891
3748
9412
1599
1388
4585
23
9074
7083
3400
8898
491
7619
3434
6834
7001
9697
3685
4605
5851
3164
801
212
9540
5130
9674
3342
8211
4860
8329
8724
6539
2613
4230
6716
3865
5628
2305
9425
9531
7407
7780
4305
6065
3799
1849
5723
2028
218
4653
3454
4554
5263
8959
4795
949
8812
683
3243
6413
2777
9578
4455
523
3350
5886
6784
941
8305
3989
3711
9499
3054
6953
3548
8715
3288
6213
1753
2776
8954
997
5032
9969
7042
1977
9089
743
2689
4991
8167
6980
7708
146
4856
7520
5482
420
9744
2519
55
5975
9570
6551
5210
1632
42
8105
2357
1930
5371
6381
6187
1741
2493
1631
3710
1807
2337
5401
7960
371
3310
1105
7629
4930
5357
6779
5731
8784
45
9307
3869
3690
5053
404
6881
9832
7797
2237
409
4375
3377
6819
3001
3871
4591
2846
8078
9746
8381
492
9173
9151
1
2213
1522
2092
3806
3326
5326
6947
1278
7243
178
9825
620
160
1382
8518
4631
1019
9242
1115
7087
9682
7433
9972
2018
4713
4747
3659
4456
7334
780
8146
6886
8077
9828
4520
2133
4716
1371
3898
5922
7533
8970
5294
7828
4939
87
1997
3082
1711
7248
8800
7046
319
4284
3269
5315
258
9520
875
2310
7214
230
1336
7139
5605
5433
2898
735
751
7988
2969
6144
4993
4393
189
6457
5493
3081
9829
9522
3821
1344
6329
1875
8804
1112
555
3604
8397
3525
6406
4902
2559
2351
802
4399
1695
2661
9636
5296
2227
2581
8184
9436
1884
7987
9148
8643
2702
9446
211
9077
3781
4650
8843
4475
2794
5231
9297
4687
1526
2142
9919
3304
3250
5722
7343
6608
8500
3732
3491
2482
8793
6927
2527
8266
6167
3844
2757
4556
329
9201
3088
9564
9282
691
2693
9405
5094
2215
32
2268
4326
1675
3239
200
8414
988
8121
4383
3022
4228
1277
8921
7112
7441
6078
9329
9440
6546
2802
6062
5833
1819
8158
1036
299
222
6799
4035
1998
4644
9466
7904
5454
3448
6667
190
5459
8069
9028
534
4266
6734
3456
6770
4831
3890
6251
4738
2825
1320
3009
7000
1462
1342
7231
1343
3380
8307
3171
3571
455
5380
4058
4278
9422
9423
7261
9144
6035
1881
5957
3745
6208
2343
5662
9147
1028
445
6282
7958
1421
8042
7748
9807
3870
7270
4722
3722
1452
4318
4530
2964
7650
2497
8678
7305
9044
2242
5270
3167
8166
3972
4963
8061
3691
6681
2447
2306
9469
6023
1385
8729
2715
570
1755
1809
7190
7474
4344
3579
9303
7762
1236
2925
5051
835
9734
3970
6549
4692
1085
6764
6889
1734
2097
2477
4642
3249
5060
9174
2207
9622
3411
4353
9509
2286
4743
191
8369
7750
2296
3995
1528
5553
39
9783
8289
6429
2251
2
7587
1292
7972
2692
6782
6
8188
4410
6037
7359
4197
7668
4832
4068
4016
3
5713
628
7955
9176
1117
4098
1987
5785
519
9165
5899
279
8552
4451
4351
6688
8657
7689
5497
2822
8871
5890
769
3497
7552
398
7420
4514
2887
2745
2150
6662
1918
6854
5201
8150
5136
8361
7158
4368
4275
3349
3201
592
552
7464
3906
358
7479
7144
8209
3773
8861
4152
5700
2867
5738
3797
7692
6005
5013
4124
7318
6860
1134
5510
4527
8183
7822
1798
9119
9820
2927
8021
3424
2420
7067
2771
5273
8704
2664
5391
5584
4491
8227
4842
2082
4006
1158
1633
4729
967
4855
6390
9003
7421
9291
4844
1961
1837
7866
8251
5860
1323
1199
7501
7991
9702
8469
4023
141
3511
5437
5748
1680
8886
9131
5920
2797
250
8075
5939
8669
2428
9477
3092
9874
6869
6642
3420
5230
1801
8658
842
4060
7693
599
3359
7562
6758
7251
3017
5984
7273
4386
8194
1427
1596
8393
2549
8873
3018
1516
4050
3079
1177
4436
5170
7189
4064
8973
4546
5419
9542
1209
7440
3318
8443
7105
105
7638
4621
5567
7817
7467
7740
2412
2464
7123
6745
9987
2274
3077
1032
5641
2085
2257
6458
7583
768
2666
4723
7264
443
1422
4834
8923
9626
2246
3719
9357
8252
74
3599
9040
9485
7068
8487
104
5038
2433
8868
6045
8293
1882
845
7325
2547
205
4461
2752
4117
3867
7307
7591
2697
8872
8198
5135
9668
417
3135
7230
1894
1361
6607
4356
3169
8333
493
3027
6825
2901
8630
8852
1931
794
7844
6761
3817
2209
7653
4562
9135
5427
4359
1193
9301
9106
3124
9139
4694
2912
3949
5732
3064
5629
5691
7657
6723
6481
4195
8419
9438
7244
1751
4151
8713
7593
6990
957
1362
1834
5277
338
1694
5092
5309
528
9305
4387
1354
2415
1355
2056
1814
9891
2663
5993
5610
8201
1485
3707
7476
2902
3670
1847
5106
1338
9581
3385
3678
1636
3902
3363
1201
3891
860
3403
5533
911
7717
5531
1775
9727
8335
5773
1208
9057
8521
4975
3892
2892
937
9690
1883
6865
4800
9103
152
861
4698
3805
3880
3145
3782
6783
1851
5896
973
5039
2660
6104
1349
6670
7821
4612
4691
8019
4286
6149
5154
1696
6172
1061
376
4989
4162
8339
6653
1011
5153
4408
4741
1935
637
1868
2734
4929
5269
795
3096
9714
1067
302
510
5834
2940
3143
6530
9046
5200
2060
5026
6813
2594
8747
7654
1402
4076
5888
6891
9865
887
9726
2576
8120
3439
1799
2552
362
4870
7431
6513
9261
8118
9403
9597
3373
6827
6060
8262
2466
7328
3024
8900
5021
5998
7338
9324
3682
6182
3371
6698
859
6010
1907
2006
2453
4073
5968
3116
7627
4033
277
5944
7595
9982
475
885
1458
8169
8026
8671
7779
1447
7272
495
119
1419
6852
3195
1808
9951
9299
8283
1457
750
3721
4744
1228
1420
3333
7090
3630
1781
9286
4924
5252
6916
3414
2502
9407
3226
7575
7005
5587
6267
8212
9921
7765
1630
5455
8778
8797
8927
7093
1921
2904
5335
5403
3021
1800
8565
3503
8719
7945
5795
9873
9141
858
3308
2637
2992
4714
5351
4857
5881
1252
6181
2186
3180
8514
3429
5665
5324
3108
8034
9213
6974
8126
1603
1416
6089
7968
2778
8363
7485
6922
8070
2443
884
4407
9786
3262
4541
3536
1582
468
2340
2606
3621
8990
2938
5074
9079
8306
9100
7180
3346
7966
2395
2836
5289
480
3618
4979
4161
1031
1728
3693
8757
1196
6817
5134
270
5268
5174
3528
9298
8966
7906
9560
8936
9326
9020
6364
5345
2832
3534
7142
818
3212
3755
6417
573
474
2981
4321
5007
7597
9931
2571
4322
3913
4976
9801
412
1673
8337
3576
8554
924
6617
7282
2458
3355
7333
6971
511
6168
6727
4928
3109
7117
137
6312
9076
4731
7219
7141
2462
1076
1925
910
648
8157
1334
9105
9390
1216
6414
2122
6794
7757
5986
4382
9315
706
2141
4756
7211
4682
1912
2086
2164
321
8534
9821
4028
4136
4013
6920
1856
5578
8147
4533
2567
1064
3559
4187
4888
3461
704
3235
1268
6544
8094
6008
262
9344
1651
8234
3452
2033
4672
9280
4024
8859
3113
4390
1588
5333
3674
6859
51
4082
7637
5216
8760
2706
4338
38
6492
6765
2724
852
6951
898
7704
2573
9208
6831
1314
8403
7174
1893
9275
8707
9065
9078
3273
8672
8712
9968
9859
3991
3196
4192
9712
4850
560
2330
7626
2124
556
8315
809
4656
6634
3187
2419
2737
9505
1364
2986
5133
1974
981
3743
3471
1213
9177
2405
3944
1374
2284
2651
705
3370
4200
550
6327
9897
1719
4734
9161
1727
7870
1580
8434
5318
713
5445
3443
419
5812
2190
3861
9455
7937
6318
2532
1113
9150
1902
8708
3855
591
7846
9741
297
9780
7281
8862
9013
7233
8937
1346
6109
8258
1665
9930
8889
8232
3953
6733
1281
5919
9185
2955
2191
2156
1838
7166
882
891
8485
701
7628
7339
7839
5208
7138
5002
5958
1063
4481
3939
7756
3793
9617
7283
9138
64
261
3771
7625
7444
130
7928
3442
4962
372
9528
8697
4981
7505
3759
3772
9892
5917
4203
7461
9507
6337
7012
5082
1217
792
8790
7658
6040
9051
5132
5158
4021
9168
1731
9400
5739
1906
8740
5017
5229
3286
2591
6080
5390
996
5612
1840
8400
8840
6762
1525
7130
3738
6570
6194
687
5048
3648
503
9481
5730
6074
3046
7942
9549
2958
1353
129
6053
579
566
1404
9230
6531
9866
8945
2847
7720
2558
6935
3765
9600
7228
4039
309
6538
7984
343
8291
2911
6218
1620
172
1145
3784
68
9389
9170
6963
7387
2400
7894
8709
6131
8944
1578
2126
6298
2454
4329
4573
5322
8415
3762
2719
471
2826
9836
6995
5432
5925
2909
5563
5729
1166
6275
7568
8845
5973
4957
3296
5501
9689
4629
2383
2942
2338
3988
6069
2389
7278
9276
5519
1104
770
9178
7574
378
4780
527
8458
8014
2334
7651
5509
7044
8781
7860
4182
3426
9876
8734
3396
8505
551
1246
5707
31
1118
7103
8620
3975
4683
2436
5883
46
2800
4851
5042
8685
2145
8986
2045
4587
848
30
1899
6082
7514
9547
2670
1075
8342
4401
1038
4397
4277
1558
4725
4807
9442
9745
157
6643
3184
9462
3261
7311
650
7789
7954
6447
7983
9257
2475
3994
9693
9928
415
6158
8250
5243
3602
4568
1007
3629
8786
2694
6942
6661
323
6038
8320
7453
5989
8009
7601
1859
9090
708
8963
5601
7934
9573
1992
5644
7891
2872
1618
7314
7097
9088
8857
6304
696
9188
7673
840
4261
7401
659
8509
5992
4703
3978
3679
6085
3152
3776
1029
3492
2368
9553
660
526
2221
5966
9559
4118
7516
7463
895
5323
4927
754
4398
6084
7404
3774
8741
4971
6591
9586
1147
2698
3210
4702
3100
3128
9341
245
4298
9976
6333
322
3933
4937
679
3215
7129
838
3692
9217
5233
8384
9718
6560
9296
9648
2025
3753
9915
9677
4437
5786
4468
8454
5471
4770
9612
2057
8149
2866
1796
5350
9246
7496
755
7295
9585
5276
3106
3287
7120
3387
9513
2791
2580
1376
9032
7365
583
6741
5375
4469
4898
4463
5100
1688
4606
357
9137
1836
3399
5342
8412
4348
9093
4199
5783
7385
8579
5965
7930
1203
3873
7641
8049
8362
182
1811
577
5325
3458
4565
4130
4063
3606
2845
4736
461
4524
9248
6139
7879
4486
2870
4427
7830
8182
7131
6147
5167
1039
921
8837
5780
978
4609
2318
4645
6579
6058
9878
448
3479
7394
9066
6093
83
4905
6450
4332
1325
3324
5211
5483
5292
1093
634
8930
4951
8583
3457
828
2840
7929
4441
2491
7564
8347
149
5820
2087
4737
4974
1707
7681
1667
1701
8768
6408
2020
2814
4584
2828
5414
5104
9349
8759
6766
7424
9322
6522
8383
1202
1742
8693
9476
7724
1909
3668
71
4686
8370
8823
5155
43
3712
3964
1269
7901
4239
5940
5824
8390
3033
8446
7751
3207
1817
58
1484
315
3154
4180
4641
7035
6822
391
5573
7415
2335
3912
4423
1295
1735
6075
1989
120
1273
3785
4863
8614
2184
7147
2854
2478
7845
6437
6394
7293
3800
8941
6954
2225
5562
7841
3858
7347
2709
7497
6810
1714
9375
1745
454
4104
9414
9568
451
6941
1299
6290
8805
9764
274
1092
3969
6171
6820
310
6061
1553
6636
2267
6222
1381
2280
3219
9525
7175
4414
6786
8501
4412
1131
7357
5580
2421
3588
5359
7766
3522
1174
8627
1916
7783
9810
2878
7722
3477
7538
4901
1274
1756
9827
2297
8208
3056
629
9200
8605
3325
5683
1571
8161
575
1966
6224
7026
7495
7903
3284
7602
8948
798
6687
1444
8998
2361
9681
707
3303
3006
2483
7308
6686
8318
7636
325
878
3198
6887
5550
1368
841
4819
2946
545
3165
8972
9548
9019
2588
3358
1691
8022
61
6867
2473
8613
6778
8662
4719
8444
9385
8284
7776
9229
1672
6724
2179
4273
9053
1613
3639
7796
9680
6244
8939
8543
3073
2043
1219
6365
904
7819
8582
307
4680
890
5303
4472
6738
7315
7964
4217
4315
5872
291
2487
7660
5708
3834
5849
2188
9749
1279
6262
7436
7092
9512
6366
8766
7465
195
272
1790
5218
1869
3849
7388
9441
9430
5299
8833
4651
2803
2140
2171
3928
4521
4811
6902
918
8602
6509
6444
6325
6981
4679
9685
682
7161
6305
4314
651
2548
4619
6925
6027
8580
5255
2233
5418
9304
8387
20
9580
2311
2665
9021
1100
5168
4325
3223
9428
5502
6341
8517
1657
3985
4859
7632
7009
1280
7429
2271
2520
6372
3916
3383
864
6066
1263
8000
1739
971
7531
2908
6977
2103
79
762
2129
3129
7768
118
4623
5579
3877
1878
6202
4142
7344
2817
8610
9670
7022
1284
3118
4428
4133
5792
2647
2378
9408
9713
6517
5668
7437
5160
1058
1164
4608
7014
6330
5393
4489
697
227
1721
1944
9924
8114
4029
1373
3475
9826
9688
346
3185
4042
6102
8746
3229
1194
3946
2551
7459
2461
9981
2250
7306
9199
308
6136
9195
1450
7521
1605
9116
4649
1621
8171
6221
6848
1141
3689
8735
273
6760
6850
2229
236
8777
423
2812
9295
286
1676
3780
7492
1317
4557
6238
6847
7620
349
5827
3624
188
4234
7769
667
8399
7921
8855
1959
7741
1004
4246
9609
5063
8178
3155
1073
4613
4283
8723
9905
3742
444
9673
909
866
1597
5716
4336
3884
9625
9870
6843
1321
1081
5765
6798
2994
1876
7435
832
3074
9926
1068
3550
3644
5685
580
2679
5343
2744
7446
6861
6223
1900
327
4735
3575
6936
5678
1740
8427
168
6467
9607
1185
9938
4880
8101
6195
1586
8641
7553
8675
8056
7226
4762
9589
7967
2066
1958
450
8807
6537
6326
5349
3398
8700
7816
945
8287
2676
4300
7699
5526
5935
7391
7949
1971
2417
306
872
7457
8093
3206
8633
7380
9885
1392
8841
7645
827
4103
2542
4360
2307
6049
9249
7774
5272
6967
2077
8814
6250
9887
6016
5491
9486
7527
731
5527
4881
3656
6529
3937
8299
6067
1316
9009
1411
4453
6600
739
1195
1442
421
2818
3279
5763
4186
8230
9058
2842
88
4964
2831
4191
2635
7884
2008
1431
6708
465
605
8008
2631
1310
407
9562
1862
2301
3709
2437
5227
5397
2442
2105
5389
9287
8644
5856
2773
3280
4150
2053
1568
408
4866
2751
3200
5557
8752
2132
1730
7895
9992
7478
1867
5399
684
9895
2214
6711
7398
4123
9397
2650
5718
3098
4670
380
7682
4648
4047
8985
2107
2883
589
4404
2514
3397
9945
6619
381
6134
7599
9988
90
6507
2678
8163
6116
3791
199
2211
6988
505
4577
7718
361
3285
3431
7269
671
4119
7029
2833
4669
6494
3051
689
5328
5907
7111
5219
5250
3568
1562
3470
2630
4551
4193
5180
4877
4147
6651
5253
7484
5904
7075
4995
1737
1014
8430
2517
9309
4134
1387
2042
9179
2329
3015
3934
7132
3789
9355
9292
7126
558
3717
2349
1142
2982
1982
8608
5843
5011
7370
2795
4595
2117
6051
1670
1488
3923
1493
6206
6804
5585
9649
9610
8692
1556
4825
3376
21
6317
7853
9506
9284
1492
3512
2582
4184
5417
4994
6070
7245
8302
8366
742
4674
1870
5095
3935
1917
5377
5859
876
1749
3132
6155
5616
447
2256
3854
8265
1379
6541
1736
7418
5953
8779
5448
5889
9852
3230
6495
3523
8304
9277
3646
5064
8628
7451
9444
4861
3507
2921
4896
9753
1660
2763
4443
7887
2187
268
6534
8819
4564
7609
183
756
6839
7758
5677
1432
9943
1027
3585
8957
4751
3093
5008
4037
3705
9880
9104
4946
3795
6532
1860
3278
7997
9853
7448
3532
1089
424
3216
3460
8035
734
8811
6639
9416
7880
7471
6676
229
525
1813
5903
5066
3845
8071
9629
3567
6472
2348
3256
3617
1540
4537
5259
8295
1786
6119
4673
8076
6446
1022
3829
2930
4563
1972
729
5982
4633
5187
1521
9192
547
9134
6095
7121
7948
8346
2787
6343
9737
7033
4528
8220
6780
759
4502
1936
2157
9099
3032
4992
8516
2720
7873
2973
820
1476
7198
4036
622
5622
3036
72
4413
5428
1957
19
4125
7865
1908
4797
5688
4547
3729
5118
6105
8374
3966
2533
2372
7713
6150
6840
5832
4707
3048
6178
7848
5406
9404
7838
8893
9985
3783
3887
8634
5621
1956
8424
4093
783
9263
2626
2435
4181
331
6924
2469
6580
7872
5726
2326
8036
1704
9417
8311
8095
561
5829
5101
4611
4936
6311
3801
3473
7350
6739
6403
2793
2320
2115
2805
53
9153
5369
8418
5085
2411
8010
4700
2587
1435
5911
2396
5999
7662
5083
5914
7023
4165
7140
7073
4218
9879
5228
8897
9252
1305
5043
3822
9017
3968
2841
8067
187
4116
232
4799
7108
8595
5991
5457
2880
4816
3063
6635
6754
8386
8528
9997
5869
8139
4111
7239
1993
9450
7635
8348
7761
1440
5542
5395
3244
5719
6864
8190
7163
6663
6041
6398
1009
9198
5220
3412
4578
9590
7366
4773
3657
482
6749
2989
694
8828
3563
3313
1215
9388
7854
253
8701
2276
5015
9669
1144
2629
2031
1700
4661
7218
3369
131
7857
7560
9424
5279
6030
219
1042
1715
414
6656
7356
9409
7950
8023
9363
3788
9662
1536
4785
9015
2857
6602
572
5027
9743
1446
618
7039
3828
8537
3883
4942
4222
2485
9222
2441
8527
6752
7254
7094
736
422
114
7423
9504
1286
1941
7378
6523
903
388
6319
5568
2154
1546
8170
6550
249
9761
1946
2858
9096
8846
5684
6693
5144
9979
2114
7924
1464
8411
5615
5387
933
6615
8584
59
4168
440
7222
2183
313
3289
4601
9598
9395
4912
5673
5651
8245
3327
7361
4400
3306
1614
9381
2874
3194
6204
8002
110
406
6878
9684
8589
6609
4926
8864
22
712
1260
4255
1386
9073
4377
6332
6197
3601
6500
772
7674
1976
2058
3948
3127
9569
2041
2444
9946
1826
8064
8585
5003
8556
9353
7355
8350
1040
2090
1116
35
8273
1370
4001
3091
4054
8617
821
873
2116
3161
1702
466
3777
6145
952
863
4952
4728
7936
7869
6787
8278
282
2529
8478
7922
8638
3312
4190
5307
2820
8867
2007
6006
2612
6243
4996
7208
7594
4900
1923
5805
6383
4826
6796
3842
8200
5779
3205
5339
2178
9186
5996
6470
2026
2808
9940
441
9815
995
5080
1963
2078
5771
1689
6217
905
3826
6118
6598
5169
5912
2148
4330
2128
3425
5381
5607
7159
2110
9554
7358
1822
5705
1635
117
176
2806
1648
8499
9050
2894
8798
4657
4379
3178
3655
7373
6748
2358
5006
1331
9247
9730
5185
9393
520
7691
1250
7384
8695
9729
3736
2570
954
6151
9231
6334
2119
8547
2886
3932
7082
3651
2623
7020
3561
9864
2050
6835
3864
8915
155
5206
6991
5800
7725
5932
723
1559
4358
5327
4146
3652
879
9212
9566
1650
6801
395
2967
6259
790
8421
7737
1495
3137
2292
5346
9069
4172
1088
674
3494
2859
8086
3204
1929
947
429
1441
5840
3415
5727
4140
7989
4984
7772
2004
8428
2830
3317
1254
3520
6273
5865
607
1713
624
6033
7675
5249
4594
5520
7157
9361
6952
5560
3754
5552
1094
2476
6918
3824
2072
4803
6355
6473
2040
8174
8422
9120
9114
3335
8522
2252
625
8438
2890
5069
4572
9075
7422
9494
4094
6768
9839
3908
7462
9867
3945
4583
9768
8674
2755
2275
6540
4113
7970
6775
1646
943
6377
968
5558
690
8203
4096
1967
6877
1532
5129
9651
8225
4560
7549
4476
9490
9379
5517
4202
1983
7070
9376
256
4128
4571
4934
9345
7076
5014
3813
5009
54
4919
351
6044
5614
1626
8221
9933
2688
1204
8512
2569
2290
6910
3518
1501
8849
5537
5498
6423
7685
2123
1805
2288
7892
6949
5329
7508
2680
7303
2843
5004
7487
6448
3812
6449
293
4072
9615
8906
234
8018
3878
1848
6274
3020
2907
3562
7868
5838
2231
1322
446
9700
4434
9731
44
3565
4908
7483
4225
8314
3321
3930
2431
3837
8951
2255
9359
1121
3530
7460
3850
9846
3761
2137
4635
8164
3039
5113
2102
2160
5931
6363
467
2900
3146
6930
5611
6310
9575
9974
9401
4575
1538
3866
1640
1754
2869
940
9293
6281
3577
4092
7043
2367
6684
4402
9775
67
9054
9447
4324
3614
4873
1852
7733
1772
2131
3608
8312
7799
9834
7062
8995
3500
6455
8844
1830
6677
6331
5627
1467
3148
7034
5475
669
3241
5508
8588
7223
3008
1152
3725
8577
1302
8068
8934
1372
8508
2408
955
3627
3662
5961
8045
902
2325
1927
5572
6007
3302
5203
8636
9108
8189
2507
732
6025
2877
4352
6788
4580
4293
7622
4259
1226
8476
5404
4818
9081
5825
4581
6236
2398
9894
1955
8572
6261
156
7028
7792
7312
6618
5945
3125
2249
9369
3242
5186
5826
3702
1270
4794
3298
4343
2596
4251
3820
741
7580
2983
4776
8535
6395
5967
897
3099
6543
8680
621
3578
7605
4494
8490
4921
4012
576
2260
283
382
7210
3228
8464
1297
915
1990
5142
6255
1227
1733
724
8615
5061
7939
614
8349
2135
4724
3699
7556
6915
6965
5803
1417
2146
3012
4026
7726
7031
5029
1863
3515
3360
3680
7071
1683
3593
956
2228
7134
3275
899
6257
8619
923
4739
203
8479
1576
2099
8385
7405
2913
5344
5481
7122
2201
112
9160
4516
5447
7703
4363
4421
3002
4127
6242
4755
2798
8326
5412
2641
7304
9235
1124
6866
3874
2034
7840
4798
384
1981
9990
4208
3168
4432
8338
8737
7032
9366
8842
6110
8832
9321
8792
5434
7546
4567
6445
5518
7386
8407
3055
7249
5570
311
7696
4149
8629
7808
7445
8193
5352
477
6345
8092
5854
5906
490
2615
9535
1230
4712
8047
1841
843
1146
499
2543
1554
8043
2470
5593
8910
9883
3053
8574
6870
3997
3910
7569
7716
6512
8238
2038
2512
7749
9762
2772
1980
8359
8971
9576
6013
5138
4367
3447
9348
627
1459
7719
8682
3914
5056
7727
3059
1415
1547
6746
403
7182
4887
9164
1403
1625
6286
6979
6088
6894
6725
5656
5548
9845
3603
4506
8498
942
8332
6099
3899
5598
3158
9061
2232
9765
953
2169
3107
593
266
1591
7298
1652
7938
3943
9107
8492
7482
6241
3558
1162
1585
5841
5463
5181
6563
251
1345
6427
7700
2602
7408
3495
5693
7439
3509
2019
2839
3744
6961
3097
9993
7888
9156
6360
2175
6968
1922
6950
9675
5332
1151
3283
9758
1035
4559
7263
2289
6583
4212
4718
3040
6525
676
2424
47
3177
5204
1210
6254
2876
9798
5676
7250
8310
389
5146
6753
2222
7656
9451
7045
7723
3766
7430
2922
5235
400
2202
4956
2108
5472
8367
2022
5179
342
4254
1333
5776
24
6647
3517
2838
4306
9084
8247
6712
8953
2888
958
6592
7648
1604
339
1891
6547
7288
2711
6207
4643
7058
3390
7883
4004
9868
5754
600
3977
8060
9642
5733
811
6671
8497
5150
6439
9557
6039
2756
1678
5830
4812
8980
5631
4311
7701
1241
366
2088
8679
3112
355
2579
8769
8449
2540
3348
106
3505
6436
8088
8711
8356
7570
6012
9833
7511
4846
5050
9955
1496
4620
5536
7933
2871
3962
4067
886
767
4223
9031
7118
6154
9900
1276
5124
4829
4274
8651
3830
6926
9567
7125
1942
4257
6285
1518
504
4793
7791
8257
7962
1964
8787
8702
224
6975
6054
8489
6917
3245
3086
5024
8448
5462
1296
2928
4720
6658
7995
8831
3410
8191
3484
2639
7616
1451
6797
9158
1898
3735
8566
1573
5460
8905
2813
6199
7002
2506
2293
3170
472
7280
247
2652
7519
175
62
9695
6829
4011
9059
3731
8402
5281
7183
9608
4131
8133
6385
2873
7124
220
8132
8298
6503
6595
2161
6022
8123
6908
3311
4196
37
1313
8013
3043
1844
1579
1895
2324
5972
9923
2285
951
2093
3338
1109
3218
8640
1583
9658
508
4789
4917
8451
2914
6209
4285
6484
6170
877
4579
1911
5184
5031
75
1818
2331
2530
8037
7319
5125
77
7842
5265
1607
1991
7764
3640
698
2860
1674
9791
7089
2463
1664
6648
6328
5467
7246
1445
810
8791
5364
9167
2823
3539
9373
1395
8748
7257
1797
8012
5864
4062
1233
2239
9784
9221
5592
260
4761
9888
3045
2758
335
7322
2003
1468
4708
4341
5115
610
1006
5591
9624
745
6987
9458
5660
4704
5361
6807
6789
2426
3123
8488
3879
5736
5523
3381
6944
9398
6675
9025
8961
2944
3803
2062
3068
86
1337
4091
3796
5298
8011
7003
7655
8677
4675
5055
6434
6452
5671
8435
4002
3625
1505
4232
4958
5156
9411
4362
3677
4833
5702
3848
4114
2270
1428
7985
4542
3151
4752
4299
350
8938
3852
4959
4334
4987
6542
8471
3963
3615
3697
5182
4164
5505
9449
6767
3362
5981
1637
2382
1222
7535
3220
2039
2625
1595
2467
4327
6288
6362
6369
1681
5663
4496
4782
8743
8106
6912
2319
5451
2601
5887
5341
4878
2005
2566
8241
392
4726
3620
3827
8267
6740
9782
1474
2484
8981
3683
3661
5777
9095
1087
2653
3835
3616
1000
6855
7824
5067
8596
8127
8549
6713
1570
2193
3463
3952
5822
2669
3751
1932
5862
3570
1143
5695
5164
7683
206
6890
7367
7804
7755
7902
4373
6212
7065
9592
3716
4226
9127
6577
8300
9565
8530
8474
2098
7167
5962
8567
6356
4466
330
9459
8946
7128
3354
6245
9635
7526
2071
3251
935
8689
6620
5114
4640
740
2170
7212
7927
2765
5372
8885
4525
6486
4617
2091
1502
4666
1569
1857
2722
4267
2055
383
9082
365
5246
2360
8830
377
2347
6480
4378
8564
1709
4848
7555
8264
1332
1543
8467
3130
3240
5891
9842
7110
9936
1340
9258
6567
7265
7197
8330
4945
5571
4034
4457
3715
6336
1016
4786
5267
1043
4654
4345
4237
5157
5415
4925
4746
7563
2990
695
6939
2010
78
128
192
5370
5798
6792
3089
4607
9710
608
2526
4768
9154
9814
6114
3596
9045
9550
641
1389
133
8162
8324
6959
8663
8308
9518
6014
8570
4758
4678
9934
4998
4911
9419
3446
1465
6657
3464
4090
9989
1699
2243
3181
6425
7900
2371
1594
2649
5987
3836
6682
4459
9415
7557
3706
5394
6493
5079
548
8155
2450
5882
3388
9966
688
173
9539
1070
824
5597
5952
2592
7458
6982
9857
4189
3050
1449
636
3804
1200
6175
3271
2241
5195
8229
2432
7979
6077
6072
5030
3061
7217
588
6135
7767
4337
677
9270
5037
9893
8135
4243
239
8979
2304
4920
3102
1300
3115
5744
4531
5392
587
776
4350
9004
6277
5176
7309
243
1760
2051
8562
6409
7216
9692
4484
3727
8661
6018
851
6299
5799
3299
5964
3915
5479
5811
6628
1053
3600
5245
6882
7944
3925
6087
9613
9347
1242
3724
8379
6845
9806
2935
3427
9687
4211
5698
5407
2862
8727
3336
2374
1262
6568
5954
5452
1835
7329
2707
4017
8869
3868
1214
5331
7172
8029
3860
1096
3951
288
9181
6463
5317
1584
799
416
1677
6984
4684
1514
3792
6844
8955
1896
9098
1858
3003
7697
3927
2291
8216
5724
432
8456
553
7547
5240
7016
5189
1600
3023
8484
1865
1341
6352
8922
4471
3992
6623
8863
2993
6421
2726
9126
3253
5385
132
1915
6755
6127
3862
881
513
139
868
6721
2501
8813
2312
1827
7670
5209
2662
7910
2863
7665
7099
2189
4066
5743
725
6106
2834
9191
7981
950
5717
9906
6404
6610
6235
710
5960
6120
8745
7534
459
3330
9306
9803
8733
5686
3632
3111
304
6397
7052
7736
4695
1979
4492
6316
4854
632
1770
3843
6111
3580
4950
5438
518
2972
4947
9728
6880
1366
758
3459
5549
7300
8592
1933
8256
2604
3320
4511
3188
2811
3635
3277
2881
1527
5384
2328
8237
9935
6699
6958
4889
5823
2273
1207
9882
8691
4323
8377
6048
6499
9317
3462
2266
1328
4374
2106
1154
4452
7581
8794
7164
2614
3584
602
749
5892
5857
6367
4087
3650
692
7037
7731
4479
8277
9035
9837
9843
9272
8962
6126
979
7517
3701
5876
2339
3445
4280
5251
7059
5646
8222
6842
8152
478
7499
6462
115
8030
9495
8601
9245
8587
7811
9118
5175
6252
7156
5764
6375
8425
8129
3554
6407
4715
7690
252
7996
3900
8606
965
7856
4821
3609
5116
4078
3191
5801
2668
1301
4342
4429
6210
3472
6589
4499
2783
6833
5108
9110
3337
934
6294
4009
1506
1743
1229
5044
7875
6490
4615
582
3156
1425
3401
1311
6497
1017
3432
8795
1920
5194
6876
8223
4364
9641
9694
6969
9087
7488
1475
1519
2480
9579
6518
9725
6234
4188
5608
1779
6913
9595
515
8860
6057
5300
7242
6593
6392
3105
6983
9471
9896
2353
5884
7468
8838
6474
1211
5221
6384
3981
9591
5444
4985
3197
4206
652
6948
9026
788
6561
7920
4659
7801
7377
5165
6478
1978
8199
7455
7260
5319
6985
5897
9060
5735
2327
8447
4671
6260
8368
3895
9255
714
1853
7109
5928
7271
9117
9068
3626
3101
4688
5951
4665
4628
9967
8992
6666
2413
6535
919
4049
9657
7847
8783
7613
4540
8673
7584
76
6189
4269
7061
6559
4777
145
9064
9207
6302
2300
4061
8815
7850
5367
4655
3840
3252
7466
1135
3418
8969
8416
2021
5171
1190
2134
3408
6826
254
6957
1282
4676
4480
4955
931
1825
3258
5226
5261
2136
5737
9043
4101
8950
150
7867
7515
6046
7919
7301
8656
8215
8463
6176
1988
5374
1759
567
56
8439
5766
134
6903
7712
6280
9760
8301
1517
8876
5506
2807
7543
4030
9747
4144
7011
4519
5750
5946
4347
4969
6743
2416
7417
3234
8360
7810
1234
4333
6703
2332
3490
2302
3007
8655
5687
7066
6300
4424
2167
5797
9027
8054
5045
1802
9994
26
7395
6314
7551
5022
401
3436
225
7317
5950
6103
7802
3764
5742
186
2036
4205
393
557
7390
426
4884
1231
9884
7013
2717
5893
3268
238
7006
9922
2235
6934
6278
2013
1171
1943
136
8902
9606
8541
3293
2957
9971
4256
3290
2027
5814
9062
8263
5613
7760
8062
7735
9392
8052
127
5495
1750
1077
2336
1608
8604
2725
5410
6152
8796
7925
9851
5413
1531
6188
9719
3881
5097
3643
9334
4690
3231
9024
7036
7004
2281
1047
1255
1984
2030
2356
3356
2924
4460
4727
9492
2269
4759
715
3739
896
7030
6264
1489
3368
2515
4569
3345
7898
1153
2748
9386
586
8260
6572
8829
8726
3237
2685
6731
4966
6465
6239
8317
9778
5081
3553
6588
3545
479
6164
9588
3449
9239
344
5070
5547
9541
1686
1167
2410
8854
8470
7104
2423
5938
483
370
5539
2457
7882
2716
6674
49
2917
2321
8228
84
908
8005
2589
8494
5848
752
6996
6554
5099
6966
643
2402
2095
8612
8996
6616
359
9399
5041
782
9644
6978
9115
3521
7286
3353
9683
2810
9497
2322
6123
9501
6203
778
5102
5450
6884
6594
7647
8890
3498
9848
9431
5774
7528
6545
2691
123
9844
7664
1610
7203
4953
4122
3254
3267
3372
2618
5985
6527
2403
3612
6836
672
7289
2856
2574
6627
501
3190
3642
6142
6596
5239
5796
4139
6354
4464
2203
1710
7714
7177
1023
11
2628
9232
569
208
1785
2481
9435
9382
8698
9269
8914
9652
4990
9886
8340
765
1601
442
8652
1872
4417
7624
2198
5566
834
9410
2409
6017
1722
4174
7640
8334
990
3483
8244
4170
7773
6001
7472
2147
8452
9010
9016
9240
284
2686
6253
8493
7823
2149
9774
9328
3351
5551
3999
4487
4597
9121
161
4258
7397
6229
2460
3094
4430
1339
9672
5049
4031
7502
2439
5247
6763
6309
3297
2524
6399
244
3770
5192
5634
8079
7558
1397
9278
6177
6004
2655
8551
6011
5540
8309
1577
961
5863
9063
9310
825
9908
1059
1084
9289
787
2427
3182
2240
5782
1083
5709
9962
819
5071
6695
2819
4978
8575
8134
1463
8119
5494
5821
7698
4086
5464
1777
4320
9052
3587
8436
8272
9243
3929
6728
7237
3119
3378
7659
4961
3405
9724
5664
6464
2264
8758
3292
718
6034
6722
8720
9162
1611
9413
6477
5623
5867
6742
4177
6929
3746
7652
5420
434
9858
6165
2406
9498
7554
9860
2674
8098
8382
5405
1051
2739
7375
8137
6460
7240
3465
5355
7077
9146
8975
1184
7184
9034
6970
3676
6443
7671
2893
5640
3839
6611
7695
6268
8907
3404
4588
7536
9639
3144
9736
1169
8664
5356
5019
2644
3474
2769
9720
9973
1436
289
9790
7909
3859
6821
1549
4805
6146
1259
1764
5490
9311
9125
5366
9818
6511
5690
1266
1030
4403
883
3564
4733
1690
3389
8365
3225
5666
5852
8548
2646
6376
8603
6714
3435
2295
164
8553
8728
514
717
3142
8635
3919
5630
8074
7447
3516
4943
6205
5131
6526
3011
2509
5302
217
6719
6907
8396
8882
6584
2118
1965
4914
4510
9294
8177
4231
5468
7993
9953
8271
4892
2422
4080
7449
544
9343
6914
5853
2789
1348
4753
9029
2531
4932
8378
7411
7145
7899
7048
9631
2933
7151
5706
912
8110
6469
2185
3926
7639
793
7911
7241
8625
8091
7561
8631
9474
7054
8666
2675
7965
375
2918
6453
9169
9676
405
1655
1843
9901
1357
7438
6121
89
4582
6498
9956
427
255
2553
7335
6631
5588
3595
2345
4632
1478
9429
2732
8683
3673
6776
4652
535
1380
8321
5353
9794
1304
7374
4089
1627
7021
6043
6640
1698
9396
9950
2113
5503
8351
5875
6632
720
8483
9133
6287
8806
287
8933
4808
1609
3042
7119
7051
4041
4357
5596
7268
4864
1008
9816
2750
4885
1687
100
8836
2272
1261
9039
7711
7336
5659
5340
7091
9368
6468
1602
7777
3407
914
6655
4638
2205
6185
2204
5714
2953
9384
9717
2369
7590
1128
6901
7544
1308
4677
4392
9605
716
2079
5476
2848
5512
5511
1926
8285
3034
1191
7542
8956
655
7152
4440
6003
2248
2120
3233
4109
4781
8495
1232
4465
1949
2465
5073
9611
5900
7969
2224
2479
3090
3062
2974
7053
1287
1732
7195
6899
585
1587
7730
1945
3810
6909
7227
597
352
8866
9986
4418
8327
2896
1086
9809
702
9856
6973
3121
7507
5036
3814
4229
7354
6706
8770
1098
9448
7274
8626
626
8788
6726
7213
4355
3224
3586
539
2244
5970
3029
2073
1523
1671
428
4504
7978
3441
7833
481
7229
5075
9849
4882
4163
6132
9234
9869
2563
5759
6031
5376
1712
3560
1924
2996
8176
7027
80
1962
5543
4155
6233
496
8925
7567
4112
3487
1541
1223
4968
7382
485
3974
2575
2216
8080
6718
5747
2584
102
1275
3909
6823
4175
9072
2945
3921
3917
6293
4804
6793
5363
5065
9735
6169
7565
1103
3980
5091
1180
9109
7541
7469
3394
4862
630
2550
9667
6581
6410
3529
3663
574
8173
7363
2303
5137
2044
9338
9037
2083
3172
1515
4221
4416
5532
3752
3295
6418
7941
4137
9516
1634
649
8224
3775
3227
5028
9655
8025
2910
8233
3555
7296
1877
598
9759
8848
2049
367
2069
4810
9358
3070
1106
7600
7432
3175
2929
8525
6422
786
8017
5969
8887
839
9633
7940
1901
221
9183
2012
6972
27
8116
9342
3885
1647
6508
3469
9337
9638
9708
6359
7320
4270
8732
7409
3749
8081
7738
760
2721
7798
5470
7201
5057
2731
6378
2939
3480
538
1347
4444
5941
2749
4853
5480
8217
7316
5237
7745
9596
8624
1776
3248
5990
5976
6263
8506
4354
1970
4201
348
4823
5152
6200
2370
7477
2775
1500
6956
3211
9482
4813
9122
7490
5248
7427
9706
6555
6536
9995
2963
2075
7341
4426
9805
1418
9645
9975
33
7631
9715
7672
8480
8345
9532
1071
5358
6021
680
2399
5058
5242
9563
340
3329
4503
8943
2365
9491
3110
5306
3647
2768
5808
6412
2177
153
3922
3519
3083
2262
4721
5767
4074
7935
9899
1351
6141
5147
3344
3466
764
8207
4198
246
7603
9180
1365
124
6863
5699
7754
9800
6946
9855
994
3104
3549
8742
1566
3176
8066
4268
1490
4292
7287
4102
8904
6096
4262
116
4079
9443
1056
8406
2162
699
6986
3084
9281
6774
3901
177
5638
3778
2155
509
8919
3030
8214
6270
6519
5109
4802
8821
8028
6524
3896
8984
6475
9601
3573
5059
9958
6895
3010
109
938
9143
4658
730
8718
559
1102
3316
3667
5609
9205
3847
215
166
1679
1861
7209
2627
4010
3276
1510
1832
2781
3694
1406
28
1123
7980
295
4871
2743
9752
4596
7992
8053
4153
1846
2414
158
800
3257
8756
8916
1658
9698
7878
9961
4973
2499
8894
5924
6932
4915
9260
2736
5426
4513
9333
4837
9238
5959
6837
8895
6246
8586
8696
6400
2895
9219
4462
8168
431
8853
5089
4008
1794
5604
4775
6029
9467
8976
4046
7961
4210
5544
6814
9085
6059
9738
3628
7863
8767
9454
9602
7252
5271
983
7102
9679
6685
4701
402
2220
3838
9123
2316
6161
9529
452
9947
9023
542
615
4477
4425
9817
94
6997
9331
8323
6323
4523
6893
5199
4474
7885
581
3987
5817
2143
3831
7837
7678
2265
4847
9113
3597
5337
1486
4845
6707
5316
3213
7491
6028
3183
6496
1810
9157
1589
1044
2001
7149
5918
4121
1885
6626
6411
3708
1034
9489
25
3499
8131
9526
7176
2966
9346
2196
5409
8808
7041
1045
7573
4241
7666
6489
2976
1768
8568
3014
1752
8991
2919
590
6873
8880
7055
9863
5244
9350
3139
8455
6092
9268
1639
791
5086
8151
7728
3904
2523
1653
507
9772
8031
2181
2445
3437
8772
7442
7825
9875
3594
5141
1563
5902
5791
6737
5096
5850
144
1363
7577
9472
101
7550
6349
3270
1724
9911
9214
5077
6846
9279
7905
7729
8607
8027
2718
9646
7224
4614
8557
1774
5382
2729
7136
3645
2534
3510
1001
8879
7559
7154
3940
8771
8459
5310
1575
2984
6186
5997
1398
7908
324
5554
9640
3364
2194
8473
4220
4478
1140
4646
5386
6564
4276
174
826
7815
5534
2766
7973
6340
6228
2536
975
8765
9367
8432
6557
6896
9890
2950
9313
7291
9000
7820
2364
5416
6818
5458
8279
2323
1182
3524
5545
8935
5354
797
5844
1581
6488
8782
3998
9351
4843
6937
6068
3117
1504
8413
8210
8153
7
3357
7707
4107
3095
1448
1763
3514
4922
675
9285
9233
6578
267
8809
264
4830
5313
7918
3393
0
7881
516
9228
3455
4129
5789
2554
3166
9434
9352
2677
5431
7694
198
5734
916
2254
6198
7342
3255
3291
2452
242
7721
673
181
9330
1049
6649
2959
8932
8468
8231
3419
1165
8125
9543
8646
6812
6237
6750
453
8721
1780
7302
1315
8477
5942
5068
9811
4639
6928
9033
2407
7340
5234
2488
906
1110
5923
8918
7178
1662
8660
3718
2208
7644
7663
7784
9664
6654
4616
5980
5877
4250
1889
99
5090
7800
6962
1716
8206
1384
4385
214
9619
6759
8763
9965
4447
6669
4505
8818
103
4754
7106
1471
7957
2671
543
8581
6668
8690
36
3684
7524
7018
7914
470
2315
1352
8835
7572
9604
15
9514
2738
5222
9048
2683
4501
8987
1108
2139
8457
4820
4236
1482
4948
2380
709
8825
3157
7743
1119
578
1624
48
4369
5657
179
4097
502
3217
4664
8642
7369
1744
6795
2861
9370
3714
1212
5312
2770
5749
6388
8532
57
6098
9732
6351
193
4346
808
1831
4227
5207
6520
7063
6911
9055
4913
9643
2998
7206
1198
5515
5653
8102
5988
7277
1783
1606
4938
3911
6430
2182
1024
2855
397
2508
8896
9209
9527
9917
4132
7705
1948
5052
5564
430
140
6705
5443
5110
2999
8667
6269
1498
8090
7393
1390
4361
7525
9996
537
3894
9129
5477
4370
894
7143
3556
3444
3103
7608
439
4522
8154
991
5753
2080
4372
5667
3802
5752
6883
9691
2829
70
6256
6166
1914
4019
663
4869
814
8357
2492
1483
4349
2314
2735
4449
9912
7677
8994
7592
7310
5637
6179
5178
1405
5388
9556
7171
5577
1433
263
5971
9377
6227
3654
1535
4983
5813
9124
3440
269
8319
9172
8850
5348
6558
3468
3263
1511
2700
3592
1996
5761
4271
1161
9787
8261
4018
977
1062
8462
3938
18
927
5485
7266
2375
425
9030
1156
2561
5620
2710
5760
8526
8751
7153
5694
5895
1905
7428
8181
1082
9071
8974
6156
5205
6943
757
1197
278
1708
9320
6322
5487
1864
4488
2975
8531
5874
7579
7267
9007
813
3485
3071
6625
8593
3438
5087
2560
8507
9660
8032
540
6026
1950
869
1318
2298
2619
3741
7612
374
8046
34
9266
4394
207
2065
2230
4022
5188
5440
2879
216
9571
6160
1438
2816
8773
9850
3986
2607
4543
6295
1685
9203
9488
276
1855
9656
3478
6777
1289
7425
8213
7008
4005
4260
1245
2565
3000
3131
6020
7064
4183
6232
8632
8122
9701
240
7747
281
2598
1466
7186
9136
8511
1247
6219
8496
2032
9583
925
4059
1189
8738
7661
9070
163
9187
4007
159
4778
7836
815
1960
180
2920
8623
1430
2000
9599
194
5122
8472
5368
6621
8461
2035
3808
1283
3589
4295
6387
9711
9793
6461
6900
796
595
9319
7916
8827
4148
7088
948
3936
6433
1002
7759
2962
2684
2695
9145
3610
8912
8290
8248
8218
1409
6291
8717
2539
8920
4647
6097
853
4317
7932
5469
333
8380
5680
1383
2705
337
4263
4944
5926
609
5529
7990
3537
8834
9184
7169
8325
9666
4982
7473
185
3976
1396
6313
9432
6091
1136
7790
2762
1887
1995
7412
2449
1240
3428
5728
6730
9902
7832
6720
5772
856
4624
6689
7313
5145
2995
9623
6771
2381
2144
5084
3971
5521
9978
5806
6575
7504
1815
6335
3967
8006
4438
3704
4548
966
4473
4038
6992
2790
4809
1986
3882
1393
4448
2283
2015
5866
9149
1437
8510
4105
6587
1821
554
4750
8650
766
396
8059
7907
9781
456
5524
6112
3260
8503
4194
5198
2127
3031
9797
8033
2511
3547
986
6125
5232
3067
727
8082
2701
1375
8388
2294
5770
6612
7606
7732
5120
373
1413
6415
4550
2616
5018
2923
9011
8111
6808
7812
1477
1159
6672
5704
4868
6076
6868
5995
8353
5301
4817
138
2387
6441
5362
1623
1377
6905
7403
1561
6565
4769
6024
5546
8475
3637
1940
4272
3956
9218
804
6678
6809
5107
3973
4630
5712
5378
8431
5121
9427
6638
464
7540
9769
2355
3341
4779
1237
2657
6258
9822
9483
1013
5238
3422
6128
2245
5516
5213
9830
3189
6729
3038
8130
1225
5295
7513
2354
3222
8993
1454
2708
7060
2282
7518
3590
2064
7795
8964
2956
5650
2472
6292
5522
9663
3409
9418
3361
4084
6353
8408
1470
7886
1969
3572
1829
3488
3726
5488
8911
2545
8145
5304
2002
4508
8785
3126
7680
6338
9012
4224
7204
7007
5784
2165
3863
5645
4535
2344
1127
7503
1784
9196
6107
1804
8197
7493
4340
4454
3888
1555
3737
6055
8294
703
4040
3307
1537
2785
6036
9538
4242
4141
9005
7649
5721
8259
5804
8513
2600
2278
5880
2764
6694
2525
1139
7179
2780
6919
7379
993
9632
1218
8243
6709
8865
7826
5755
2952
5538
5423
3581
6379
7456
1641
3965
9799
147
8087
3037
5790
5625
4433
8024
6350
8536
1669
4075
9716
9439
7746
9748
8410
5746
9907
5582
3328
1682
8563
8343
6143
394
9721
1557
3786
4764
1293
3846
2634
356
9661
2490
9300
3872
7170
5710
4699
2742
66
6637
8328
7913
7262
9478
9521
5023
9939
7259
2868
4095
657
303
5575
1460
9998
5193
9733
9696
7038
2468
1762
1598
1091
5365
2393
9159
9102
4696
4110
3569
3395
3698
1407
2504
2121
7475
4115
7084
1499
63
7588
1003
807
8913
2997
9290
7127
3150
3019
4916
6994
2261
5212
871
1513
4483
959
1954
2931
1824
7255
5775
2172
640
2941
4592
3703
6283
5504
312
6736
2247
5449
8776
722
9464
2934
7406
565
2699
1235
4135
162
822
5672
6697
7771
2052
7522
5373
1803
7078
7715
9771
9225
7040
9537
3733
2309
4281
3543
4240
7596
9226
644
2535
7506
846
3875
4660
4069
8404
844
4634
17
2197
2786
4287
3159
7803
4209
5842
1055
4918
433
4328
3681
7297
8156
9766
5915
1791
82
2844
781
1787
3496
3259
8858
998
1133
7148
1771
4014
298
6856
4749
3907
9480
3319
4875
7818
2500
8465
9767
6101
7345
2109
6276
5809
1693
1132
5321
1248
4858
5047
8851
850
9929
8637
4157
8316
5379
5636
7610
4264
7086
2577
5574
2138
2518
4960
8847
2782
2954
4999
1480
7323
1530
6644
2206
4827
6806
5576
7275
3623
836
5528
9872
3016
7353
1823
8645
148
14
1904
1239
604
9453
8398
4705
9251
8817
3779
568
9647
6921
2037
5035
654
184
773
8373
9555
8928
6790
8754
7688
9402
2474
6897
1429
4244
4872
2593
9365
2112
6133
2333
1205
1350
3950
387
6976
5400
7971
7943
4796
6173
4767
7947
5183
4497
7352
8226
5347
9215
5565
8172
1746
5711
6566
3996
5583
7855
7389
8331
3186
6438
2682
1888
8255
1179
3315
5793
3750
5977
6569
8670
1833
611
2199
2611
6157
5655
8
320
7893
6056
5901
7215
9372
5446
6838
1747
711
1078
2622
6086
2159
7056
9802
8621
5943
6347
301
803
656
6129
9111
9220
5098
1335
7372
601
9665
111
438
2014
8303
7775
623
6585
3666
631
9925
7434
223
9461
8571
5818
3140
9256
6815
7530
837
6420
928
5930
3957
1010
7532
6756
1187
4500
7585
681
8433
3504
8523
2401
7181
2568
7199
6368
3931
3583
8639
1253
974
1572
1244
612
785
7330
2104
5909
9954
2815
2712
1288
8924
2642
9067
7778
6483
1545
8616
603
546
4138
7498
1985
3531
3798
2130
5978
1329
8545
1509
4106
6744
204
209
1703
1125
7221
3232
4495
8297
3669
8084
3149
6757
8555
7786
7834
2125
645
1137
8730
3265
1622
2885
2977
1842
5606
6879
3728
7232
7146
6163
9705
2968
9709
7494
6240
3047
2173
3605
5408
275
1079
1645
213
5858
8051
8749
6015
8576
870
5810
2728
41
5163
4252
5675
8544
8561
7376
5555
7057
9223
6342
8063
1330
3757
4544
7843
4310
3375
7545
9014
1249
9823
3035
8780
7890
9332
3695
4215
6574
93
3687
5196
5072
9457
7951
9456
1168
4247
8550
5751
2359
2562
892
1748
9500
7452
5128
12
1120
2987
8774
6816
8546
8038
4238
8947
2586
231
8180
1048
7185
771
237
6459
7396
6396
4771
5955
6382
7443
363
9479
6586
5143
5456
7193
7454
6701
7586
6279
5855
2759
9047
7709
8958
4532
9130
3163
7876
9914
4685
8977
1424
6138
8249
2174
3734
3467
9841
7500
2425
2979
1358
913
2218
8753
7346
3133
7576
4622
5778
917
8952
6993
920
1892
9264
9517
3309
8826
4458
1410
6747
5396
3379
9918
5290
7351
7050
9283
1160
3671
8235
9948
9964
4986
2496
6751
7917
8039
2746
1619
8533
5846
4044
1391
8659
4774
8983
3192
6785
9502
2590
9101
3402
9756
3787
410
584
862
1615
9194
1839
9627
7236
8597
4371
7486
9831
7931
2740
2557
9671
1037
7975
6358
3807
7669
7548
7419
4027
8391
5215
8186
8560
2084
685
9080
4558
2572
8989
248
6652
3983
5602
4099
8253
8978
9630
8648
4933
823
463
50
3633
2100
2985
5398
8423
369
2011
3756
3959
9259
9265
5525
4815
6321
1706
6630
524
6249
1122
3658
6071
9487
7982
4899
4154
1550
9653
6346
6073
8202
4935
6348
8466
6266
7963
9751
1050
4787
6862
6735
6193
2943
2544
4391
345
7578
562
3857
5679
7114
7814
6050
922
9941
8072
4949
6419
2905
9704
4160
8870
9236
6289
2949
9362
1012
9340
4788
1497
9001
7025
2853
1903
4498
360
9618
4176
7615
1638
670
9898
436
4000
5603
3513
5190
2263
9904
6271
7643
5260
4057
6885
8268
9189
987
5000
4308
9740
3238
2889
8065
4169
3767
3294
9484
1469
4906
5166
9937
4765
1494
5140
3713
4977
4396
4173
686
3406
5569
2555
3723
8187
3366
747
6773
617
7851
3264
4801
6479
4081
5159
930
5618
5745
4970
2438
2824
3905
2258
7604
1426
4366
9777
806
7861
2451
1792
1524
8722
4763
399
3769
2101
880
6100
2827
5314
5819
9686
2638
92
3202
7702
3246
529
2494
2076
816
3069
1099
7321
2801
3815
3557
1400
7744
462
2851
8003
3266
1507
6533
2760
2761
9792
3322
2046
1107
2392
1069
7667
5647
5595
7168
1854
3493
4598
7489
962
6344
6148
271
7621
2089
3924
8820
9699
1919
473
9628
1564
6124
7676
6361
4509
2277
3476
5921
5012
5908
8296
738
5127
5682
5161
984
5256
4406
2446
3918
9788
9473
1574
7235
3566
1866
3747
7098
7371
4886
9112
8073
8725
1654
4045
4828
3482
936
1666
2259
4874
3417
3542
316
2948
3672
5837
4032
2376
7100
5905
1788
9316
7247
4529
3134
9920
3502
6108
8491
8647
721
4381
3886
5898
7529
5670
763
5648
8686
2673
8703
4312
5293
7959
1879
7539
5197
8699
1723
8775
9862
2610
3851
2054
2595
3085
332
4636
2645
259
9593
3136
7225
3274
4335
6853
5937
294
2074
831
2279
2163
7633
469
6122
5590
5436
5278
7096
2510
498
3430
665
2152
2640
6683
328
3367
7829
9406
4422
7952
7107
1090
7809
512
4179
6248
5720
3433
5478
8611
8744
3160
3087
8280
3374
4388
6130
5284
8274
9210
1080
854
9354
4003
6451
4895
8219
1773
4841
6717
8538
8569
2926
8276
8486
9755
1243
1181
6940
9678
2236
2373
2849
1512
746
9551
784
4549
305
5025
2219
1221
970
533
6435
4339
6140
1472
5291
6471
1542
596
5681
3352
5879
3331
4783
5016
6226
7324
8519
4025
1129
847
9271
1414
4313
8883
737
855
5758
761
7706
1157
664
449
2516
1725
5191
744
5885
4015
6231
9572
6769
9861
1656
4561
1054
4100
7220
4233
9545
8450
8048
4590
5769
9383
9364
6875
8881
8931
653
6115
3889
6645
7292
4791
4055
6215
6371
4790
7188
9963
2067
6960
8058
888
8803
3481
2658
8254
7285
8115
4288
893
1934
8609
6828
4304
317
9308
170
9757
2287
3853
9465
3794
235
4051
4515
4490
5078
4904
6606
1628
7299
6888
9795
1285
65
7827
8281
830
151
2434
9041
8524
5297
1659
932
8997
3122
9327
2063
8591
5994
4883
8242
3551
5802
6502
1183
85
8376
8143
9558
6700
228
5492
2597
4282
6832
985
7509
4043
1534
9202
3384
6162
3598
2070
1359
4435
4085
8269
9216
2809
2048
6552
3057
989
9739
10
8426
9634
3141
4108
9952
6401
8275
9944
4545
849
6571
5257
9770
7155
6386
4835
9847
9171
5768
9190
7414
4576
9959
4637
5411
2029
9776
1612
6230
9840
7327
6599
3941
171
4706
5
9254
1820
1170
1491
