2482
145
3272
1014
9401
3532
9998
6624
1972
3109
3118
4321
3039
2393
550
8688
404
3361
8645
8635
5719
5644
5496
6883
7765
9184
6760
9287
2546
2088
8073
3743
6426
4744
2709
673
1538
8689
7040
1071
2028
5484
2758
7958
2496
8721
7151
4536
5150
370
4917
8811
3560
6316
2828
3129
9481
4617
2396
8625
9058
6952
9597
3953
643
8698
6697
9840
7490
1009
22
1005
6109
9930
7098
9165
4441
7817
2507
5964
6002
1592
2010
3823
3377
2358
7285
9900
7715
1206
217
849
143
3061
4330
299
4068
6565
362
4171
7232
5725
7578
794
6909
6492
9327
6299
6691
8180
1488
9572
9912
3900
5759
5747
2113
4263
4276
3566
6173
4970
2304
8403
4294
6443
6547
4267
9618
856
538
5202
5138
212
8234
633
6034
7256
5923
2257
9484
5942
9639
5309
1914
9002
6353
1403
2580
2521
9712
5539
486
3883
5082
3736
7140
8170
2406
9601
4163
3461
2801
7952
9861
4290
5914
9152
5225
6331
5376
6057
1845
3596
7704
9291
6444
3463
9095
4963
570
8795
4115
6592
6430
623
6966
4788
8214
2557
8131
8219
3686
5032
178
3082
3402
3287
8825
4500
5454
2617
841
349
4023
3480
1333
9672
4226
1554
8664
3238
6268
6746
5578
452
1510
4215
7483
1619
7273
3930
3428
9010
1832
1722
1905
5651
8250
8578
1391
3568
8007
8503
2627
2717
3013
4655
8261
7462
3014
5470
874
6227
5530
8873
4394
1796
4875
7015
2919
3626
2782
1533
5127
3350
4260
4505
7778
7399
7935
8324
4870
8785
9227
5243
5161
6832
5773
5139
8686
1978
5591
2829
4557
9454
7469
9979
9681
7136
8571
7617
6137
7001
2667
9382
879
6335
6046
7926
8881
2968
9271
2523
5841
7931
1171
1237
6546
3782
4480
5665
5961
986
7599
4980
4478
8919
375
4630
7659
7328
4411
2375
2004
8124
5240
4402
3268
85
7505
6329
1753
1308
1616
7785
2789
3076
2483
3920
4623
907
3439
3543
5978
4871
5197
5632
938
462
7359
2008
1756
7670
5730
8459
1840
8060
7477
7589
2202
5256
5445
5421
6024
4709
383
1653
3999
5400
848
5324
2219
2777
2201
9698
9707
1437
2224
6603
6580
2518
2550
7131
6931
7727
6098
2869
321
2738
5290
9490
1065
5374
8518
426
9606
1666
2747
9571
5234
4230
2905
4932
9714
1686
4867
9744
4346
5755
9793
3089
3170
2915
9407
8426
4499
4584
8048
3794
805
5808
9053
3534
6148
5466
6203
1470
786
7750
460
1323
8877
992
8101
1757
6521
7594
5822
2015
4014
3299
3905
5585
8865
7164
3694
3909
2282
1446
2240
5529
9667
3269
2841
8329
6817
3642
3084
8680
7135
3072
5363
945
2026
1302
3885
5205
928
5928
5378
7156
4772
4288
5456
622
6296
5101
1733
8271
5969
8870
7834
6938
578
1097
9700
8071
4001
3165
9806
5805
262
6136
9388
5288
7125
5779
596
4996
9532
4270
8564
6642
5222
946
4083
34
1951
8420
5636
8296
7986
8285
5330
1406
3415
8076
545
3087
9652
8802
846
2589
5700
9612
8038
3382
8717
8998
6300
5601
659
5295
5852
7325
8630
3744
1157
301
3120
7176
5933
9893
7712
6975
4350
352
108
1110
2809
3987
8967
1896
4286
3178
1094
3852
3833
2336
930
156
4135
7806
8247
4795
1595
5696
1916
5368
5733
3602
5337
1984
6235
9959
9316
4798
9689
8414
6651
8084
5886
3213
4567
1122
9757
6583
4560
9566
289
3464
2067
1255
3922
6165
8522
7844
7161
5231
6234
3619
9848
5889
7315
2744
4756
2423
6944
5040
2928
6874
7676
9797
8022
4611
9983
5603
4700
6246
2969
1714
410
3258
2331
5742
3250
3011
3022
7180
4192
1263
9827
2774
7827
5956
1033
3135
2476
259
4876
4869
4676
388
2587
8548
3483
766
3005
1261
5574
1791
645
2238
2191
4883
2506
825
3498
2827
8253
2193
8524
6381
1763
7418
8584
1441
4631
4055
6179
7609
2824
1812
9587
5052
3443
3263
1586
8857
7908
4184
8491
8855
2754
870
5088
4351
1652
1276
55
6035
8671
6669
5394
1156
1378
9918
793
5931
4765
9447
7672
3720
9011
7121
70
1849
7419
7162
7831
7914
3251
5123
6477
4775
3708
194
5803
7579
7149
9232
6948
9208
1726
9885
5783
6091
2930
3888
7336
7774
1971
3975
1331
3624
2054
7216
9177
3986
45
2534
1366
8957
7393
3577
3298
4173
1257
3366
7539
7323
8471
1491
1397
1445
2188
9458
3180
5679
9516
3218
739
3192
8952
8773
1079
7879
4694
3185
4801
9914
4092
9850
6982
2662
1598
6933
597
1591
3221
2743
6625
2552
7791
892
5389
3400
9644
1386
3363
1536
1452
5925
1473
7306
6998
453
6340
1176
5506
295
6665
7718
3255
1961
2763
3132
8355
3209
5631
7202
2544
5791
8217
9441
6383
7410
3497
6113
3336
1349
6043
6745
4423
6712
7083
6058
6782
5122
5640
3982
9044
9766
2247
3580
3168
6059
95
955
8847
3689
4826
973
6498
5036
4461
8709
3778
6838
2584
4047
9765
8256
9921
1493
3355
5235
6476
483
7018
8016
8192
9780
2333
3964
6783
6219
5081
1407
2421
6516
8100
2628
4425
5652
5280
7348
8603
5216
4684
9925
4483
316
2559
3055
8191
4096
6615
8943
7709
2380
6229
3695
6384
6523
3795
7207
5124
1355
9094
6285
3281
1780
853
1161
1708
7242
2075
2272
9860
2261
1259
671
4993
3872
2525
4862
4251
4329
226
9956
9155
6
4901
8211
6864
6201
3670
4494
8663
8108
647
2432
149
7407
1230
3396
9236
8019
7921
1227
227
7014
9452
7655
9409
4464
529
8849
5794
8499
7751
7471
7491
7281
1711
8798
4447
1851
9342
9538
5059
5086
7212
3293
8596
6486
8474
6836
58
6424
9435
5804
2274
7095
4852
741
329
8380
9594
2222
3875
1590
1203
6643
9815
3544
2591
780
1683
6541
1827
3322
4454
6493
1180
7390
3530
3683
495
4739
1194
736
3151
657
7042
1903
1552
5887
4296
6689
8695
7141
2991
1675
7641
7282
9699
3617
4512
3177
4268
565
6666
9693
7502
6585
617
6102
5916
7051
909
9565
3924
8336
1063
4378
4583
5708
4278
6330
9117
7965
5540
6816
1850
9153
2784
2892
4967
1531
2426
9596
7732
7799
4302
330
818
7901
4379
843
8482
2755
8275
3805
5060
8425
5842
3659
9978
7944
8715
1061
6983
1997
8951
251
2983
7344
6005
9264
5326
8159
4594
2415
1247
6491
5888
2063
8056
5364
2040
6586
1730
814
9267
128
5271
2395
6542
3699
395
8468
7590
4097
5077
6495
232
1626
8550
708
2212
167
2233
6967
7425
9767
4974
7557
6408
6485
2429
2466
2190
7495
3169
7298
1501
1980
5354
8372
1868
5385
6858
3297
256
2106
7082
4656
9289
549
484
4029
9642
3958
1600
134
6676
9972
6683
9396
5274
3300
4375
7104
4887
6237
9473
1143
1213
3481
1736
5588
2992
3890
9187
7173
7296
2422
5298
9628
2796
5617
6163
7876
2131
683
2886
7402
4634
7295
7288
2151
9663
4143
9203
1920
3431
2427
2463
7312
3605
638
5056
2488
5425
282
5680
3105
7515
357
5198
6061
8781
9820
6737
8703
6457
4299
2699
348
2363
33
4861
3473
3145
6841
654
3586
8075
1829
9831
7604
2602
2740
7734
7240
3819
4714
5062
389
6228
4089
1486
7342
639
2089
4149
5864
1185
6323
5884
2526
978
8668
804
9041
4355
919
6052
8354
3117
9833
2792
2258
9027
9021
4245
1251
3189
2577
2820
4389
1607
7719
652
474
7130
8927
5939
6789
6596
8282
2776
2607
7000
6971
5796
8860
8815
7127
4220
3133
8307
3757
444
7260
1387
7662
1499
6044
8418
3669
6317
160
6368
1389
6740
8560
3347
6980
9242
9980
8543
861
6009
2006
927
369
3358
1735
5754
8279
6777
999
4894
7355
9103
3201
2270
872
5862
252
9462
3150
8517
5810
1231
8092
5472
6360
4051
8801
8975
9702
526
3079
5438
3490
7028
7534
6671
7347
9084
8248
298
9213
1015
6332
7189
1283
7433
1518
7115
9986
7795
7062
2424
6313
9674
7964
4054
3588
3945
4003
8776
1503
9781
3582
3630
5149
5713
6216
5267
7987
5025
1583
905
900
9719
8549
2419
263
1327
1218
1379
7264
4850
5392
2620
9118
6903
5207
323
25
3877
2741
871
3274
6973
5110
5302
7634
159
4307
6260
8911
4933
5563
5553
6522
1377
9277
6716
1481
8631
4445
239
4099
138
5373
1052
5744
2818
7668
1284
4997
3911
3304
2848
9254
4053
4194
8205
1456
9813
3717
1162
61
5323
1962
9690
8854
8607
3728
3896
9252
5415
772
5817
2143
187
2990
5681
7967
3817
1511
8251
4231
9329
822
8566
5531
1222
9309
4240
4678
3842
5320
1935
5292
1543
3719
8923
9050
7992
3430
4502
9178
7942
8316
1191
3442
3159
3197
9937
1627
8460
8352
8506
1509
6434
3680
3616
8400
1594
7726
5788
7645
1615
4651
3429
5800
5340
8648
5594
7261
4954
7237
9661
2399
1929
5707
559
8990
6904
618
9884
9577
9713
2400
2170
2126
275
5648
5136
9673
3136
9910
4825
3531
1084
9803
3316
3789
3493
306
6334
3450
3837
7838
1039
4214
4325
5192
4544
7413
2433
2529
5404
2543
6867
5639
7771
2821
954
121
8516
1214
3960
2391
2194
6125
1442
5595
3291
3991
9356
431
4670
6420
6494
4724
887
7059
6828
3554
5824
3507
4741
3732
522
5751
5590
8856
2177
8176
1939
4633
2081
542
421
1436
642
123
1737
1260
8527
9955
4748
6752
9328
8992
2870
508
9364
6761
6209
2210
1211
2629
507
589
3264
492
7917
7707
2360
66
2531
9311
4128
2533
8385
4125
9428
8383
361
7915
2250
8030
863
8243
9241
3353
1906
1870
3685
3540
2540
9729
305
8568
4846
3539
7868
5533
5749
768
1898
3391
1728
7026
7793
3058
7554
7616
3484
7530
2855
6155
2885
3799
855
8172
8925
3043
2167
1278
2904
6871
4401
1135
2835
6675
84
3410
3451
3131
5912
4745
3370
4300
497
667
9098
7862
7016
6496
9539
8388
2370
3222
3425
1996
749
1610
2704
2823
2309
9974
9038
9190
8281
2839
6945
8609
1795
1291
4116
8488
5370
7293
179
1944
7009
8537
7219
7133
1739
5549
7945
4157
6199
6257
5236
8774
520
3492
5915
86
2570
3326
5548
6371
2101
9738
2460
1521
237
9434
628
888
8567
69
3956
1348
6873
7005
6587
9777
6723
1492
41
4366
5596
1744
3435
2924
3614
7902
5793
107
1695
5266
9721
3947
2197
7784
3884
8612
4517
7814
5428
5620
2062
7201
9483
1416
6386
8392
1857
281
5398
4618
9722
7290
7620
8376
4715
4890
5896
7459
6899
9359
8832
7441
7551
3776
4076
80
8681
2657
6743
8254
797
7301
2847
9284
2913
9398
470
2428
5813
1747
148
1435
7475
2509
7124
1816
4587
4640
8836
3706
1547
8395
5133
7248
8394
1036
5883
1532
6144
6727
9837
5038
3023
6423
4585
2545
5970
977
3311
5718
8706
5185
1068
2756
5219
1277
7074
314
5084
4539
268
164
2342
547
9838
7081
50
4103
9882
6030
2
9808
1846
1809
367
4752
7437
803
4087
6840
2654
8683
2140
6252
5068
250
9026
457
8495
4794
8351
788
3501
2052
979
2925
9779
2859
6554
4507
6824
8585
8365
2979
8110
3134
8938
5465
6112
3721
2158
4033
3722
7960
9196
5220
6176
2118
4577
1193
9554
965
994
5654
1069
4217
806
2748
1794
2160
4373
9132
6213
5917
3897
3804
1371
1550
3317
1863
6226
4647
9730
4605
344
6879
9607
2351
8347
2436
9805
2292
4600
2467
4863
4961
922
9687
38
3631
8123
6186
730
5303
3635
5919
5576
8024
5375
1423
6501
4919
8102
4473
2519
7755
5495
5608
6240
3009
5523
5175
9675
8035
7735
4482
3188
2021
5957
5799
4062
1146
3740
500
811
3724
3384
4929
6561
5846
1320
7244
454
9718
9944
8432
254
5405
8986
5020
6627
2214
7320
5857
2378
235
6029
244
4519
153
8371
866
105
2778
6183
7520
8299
8799
8497
1376
2431
6190
4024
3207
3903
9710
4538
422
631
4080
2736
880
5741
3650
1931
582
2443
5814
7884
9857
9654
1648
9819
7275
440
9494
4942
626
4749
9991
4912
7810
1300
1976
7129
5921
2154
9294
1424
5366
3108
8690
3075
8055
8928
9337
9591
300
8763
9060
3469
4928
5988
636
3445
7319
139
6574
4311
2888
2997
918
6890
3004
6083
6270
5196
229
2491
9
4582
3538
8268
4677
4309
3392
4792
3342
653
1886
2112
5971
7035
7697
4977
3040
2237
5704
4937
7366
1098
9406
7895
30
381
9240
9012
7644
242
7550
8231
3748
8949
5093
4022
8839
8908
9077
7179
4289
4514
3928
9247
9771
1720
174
2875
5233
8904
9579
3663
9996
8929
6620
2330
8467
8348
8167
2907
5448
3846
3696
5480
8999
2168
9079
6089
5890
6028
5361
5191
2985
5586
4363
3432
9282
5875
5230
6834
1495
9251
2503
6103
4372
2091
1718
8104
3422
4100
850
7075
4657
7089
1447
8406
6928
4593
9110
9929
936
9367
9024
1770
2076
9133
4823
9416
1936
9142
129
3770
920
9226
2871
293
2069
5476
6655
7174
1030
2180
91
4628
2124
1671
340
4535
8787
240
8723
5798
5275
2896
9668
4770
3555
1912
4596
9386
8965
9631
967
2078
9238
1621
3787
7574
1823
6555
4645
726
8828
8046
2962
3950
1693
5997
3791
7841
5022
5560
7912
8656
3860
1087
3241
2981
8292
9384
718
3567
4158
4965
132
3080
3278
7175
6156
7701
233
7924
3372
6130
1388
890
9792
6239
5338
9519
2677
7417
8734
5894
75
225
7782
8379
4527
5612
1793
2345
8079
693
2641
9694
838
8626
7929
1869
2265
1773
1631
4071
2982
2770
1209
5489
176
9366
2397
3526
9323
5786
9498
266
7577
6935
1992
9139
1462
3196
4806
1820
385
8290
4601
7665
5728
1985
8983
8997
8528
23
2404
1381
2660
2771
3398
1941
3658
8044
8692
9292
3948
5117
3351
3176
6133
319
6432
6359
1516
1589
8273
5147
311
5409
2767
9624
9379
4686
6961
6118
1288
6719
787
7968
1933
4738
3233
5626
4333
6822
5991
995
8978
1051
9505
701
2578
7815
6550
2684
2246
1790
9274
8525
8608
2879
1472
3910
6878
7872
9082
3553
9794
1252
7451
9369
5168
3416
434
2697
3419
5763
3246
2440
7380
1814
6068
5659
5131
9533
4025
2872
6611
9776
4395
4031
4056
6664
7822
283
2108
7525
2912
8043
5130
4732
7625
4568
6505
9970
1606
7365
9371
3949
5526
7166
6132
8897
4563
5342
3522
8878
9907
9869
3869
1167
5551
7309
1192
255
9029
1253
3841
3574
4923
9305
5732
9888
5669
3440
1923
19
6976
5027
3284
9971
3206
6703
3713
103
5028
807
9015
8384
1092
5515
9684
2425
1512
5105
7663
3376
5276
7639
4783
2367
6168
974
7612
5049
1657
2300
6460
2178
8906
7580
4550
3203
8066
7865
6036
6901
4492
5691
937
4854
5248
2058
903
4380
9734
8068
8510
3737
2314
5015
2866
4457
8210
4814
5761
6773
1293
4218
7947
3935
356
8436
5687
4662
2316
3974
2204
4456
6232
6885
5737
8378
6701
7317
7432
958
2308
4058
3970
2701
9429
3249
3932
1676
9114
3766
4971
119
3194
3271
676
9604
6852
6357
8165
6015
3824
3407
6766
4761
1698
1001
2555
665
7329
4315
2018
4067
3038
6730
1738
8492
704
4063
4005
2306
8094
4763
8225
4407
2861
4356
8980
6563
9528
9392
8473
6607
2186
7979
2079
607
6925
3979
6020
2659
3397
8344
5487
2996
2739
10
2729
4035
1177
3046
8207
9148
677
1026
3267
2175
6220
7311
7980
7741
4021
2935
7518
3957
3191
865
6823
6934
5694
1067
7294
727
2145
4945
6913
6960
9272
2798
4396
7740
8051
5016
5007
220
6974
6839
699
8188
600
5667
651
291
2049
5657
4409
4133
3809
7012
3383
5642
9504
6987
3523
9588
678
7102
1197
9905
3471
6202
760
6135
8305
2498
8412
409
3643
477
3247
9895
4955
9960
6660
899
5091
7939
2510
147
7486
5089
8713
9397
3262
562
1124
9724
5949
1750
9312
7452
2661
7905
1329
7543
4272
5257
3645
6200
3453
5767
9859
9403
3242
3245
3489
5146
4079
278
9476
8792
3026
6076
1654
8830
6778
2033
2403
8586
5753
9263
7468
842
398
8062
4821
5499
7116
3758
8162
9927
8933
8360
3025
3946
7052
9261
3514
5341
9064
3681
9517
9640
4341
7629
6567
7786
7721
1758
2668
3248
3862
7394
424
1513
4392
1630
9128
8438
6953
5114
4182
3122
8866
690
3968
5426
6167
9335
9107
5513
1642
2281
5869
5568
5945
2373
3243
8280
4728
1115
3210
1234
4108
7566
3141
6576
6799
3963
3807
9659
2850
6621
9189
4921
5474
490
7959
6946
528
9739
3710
4578
3742
4488
2596
9072
7972
4371
4589
6887
9433
6755
6417
455
2073
9632
4061
3783
7384
5724
9477
2562
9812
536
2795
1469
4468
5154
1677
9171
9008
4455
312
882
5333
6507
1468
7066
7214
4258
9595
5870
6242
4284
5643
5238
6827
9115
3064
5655
7642
3925
3641
9185
6025
4249
326
8770
1555
1651
3329
3519
868
8298
8433
5500
2032
743
5135
2499
7352
8581
1183
6116
4385
7313
1706
2721
9268
2663
2512
5984
52
8837
57
3919
207
1986
8889
1400
5849
7421
4751
3537
7109
3832
8641
20
3097
9156
5210
777
2808
9042
7918
3898
5166
799
7435
2183
6785
4435
836
2715
8410
1047
8480
3345
6920
9567
2680
6416
6294
7626
1425
8922
7314
8501
6259
223
8742
6757
9564
4515
9464
3774
8178
2297
2055
4703
9214
1449
6802
7677
5932
5727
6813
1335
8932
8208
6060
4002
9828
3969
4902
5029
4238
1974
3016
1299
5905
6686
8174
5535
764
5327
5809
3060
4497
7852
8769
9904
3542
3505
3618
2354
1601
4682
6278
7099
9234
7978
845
4020
280
1558
8020
2446
7416
9883
7392
292
2965
7008
2000
852
6765
5386
1494
8894
3234
3990
6269
998
8511
2334
9173
8746
3224
8014
9222
2417
9655
9383
886
9733
8655
5505
7003
6392
6814
1988
7053
624
8040
9906
2317
6459
6364
413
9573
5212
3199
307
245
5987
8513
3465
2093
2674
7903
7449
6004
6804
8353
1632
1844
1877
6764
4975
322
79
7032
1085
694
8026
6017
7522
7913
99
4200
972
3313
2324
73
7923
7598
3606
9881
5703
9509
8128
702
1667
1465
5412
9736
67
670
9669
8962
2082
9849
1507
3533
5019
7725
9013
7498
8953
9789
2453
3839
703
4386
2831
1530
1482
7148
9939
9513
5092
331
1144
1332
9708
7412
332
1760
4444
5502
8496
6947
4433
3727
6781
8164
5490
1064
2189
341
7801
6670
1178
6021
2893
3051
210
8611
910
9140
8786
1017
6520
1697
4766
4405
700
438
7086
3152
560
2898
9104
3215
4155
6811
9368
6054
6161
644
6744
3709
206
2874
1574
2563
9872
6648
8852
7516
8342
3768
9285
8905
9706
202
5450
3820
5738
8105
1420
5829
3099
3423
27
8001
8401
9754
1527
7878
6610
9201
8619
5057
3834
5959
5399
7883
913
3679
5065
6895
3503
9678
3952
4966
1232
5992
7492
862
3254
7011
2652
8269
5461
9419
5179
5649
5564
2724
4893
8127
3219
9795
5306
5005
1946
4243
7047
7956
1271
9031
7266
4032
4414
1835
7091
3857
9728
6855
9557
9598
5967
4643
9745
3562
9209
712
2031
8892
3388
656
8201
8216
8284
6230
3759
8435
6293
1834
4323
9290
1894
3334
8899
7804
8757
378
1879
7381
2707
9495
746
4837
4487
8386
4735
8346
6544
9445
7409
9336
1393
7730
943
8142
9550
9160
5346
3904
8882
5497
425
1038
6854
3294
7756
8416
9704
2535
1249
191
3116
3796
6244
4436
3584
6551
4661
893
7684
7949
2576
9590
3114
3279
9854
4114
7601
7820
4849
5567
3100
494
8772
1861
5831
5926
6187
7660
8535
5720
6178
2072
6394
3330
3482
9961
4458
9814
6451
4659
1871
1303
5623
5023
956
5247
4467
7046
2757
719
8259
8693
4650
9581
6147
9649
8520
8437
1443
6084
9545
296
1298
5664
3433
2833
2411
3119
630
260
2356
2984
9150
1137
2608
2179
9522
4387
4242
3764
7403
5877
6869
7887
9852
4629
8765
3827
6245
3761
7389
615
6833
906
1884
5735
7060
8893
7544
6205
3912
571
5903
7408
1309
1405
3290
8300
1304
7254
4034
9941
3031
7695
3002
7899
8116
6518
7654
4809
2873
5899
9000
3454
8735
961
4691
3010
6140
6715
9871
3252
802
9063
5690
2269
465
8898
1090
552
2066
3200
6194
2320
7304
7576
4706
3816
199
4176
4153
1453
4625
3063
7049
873
3632
3474
6196
8455
7890
8610
8863
6684
4004
3411
5837
1981
6793
9306
568
5573
2359
136
3111
173
1836
31
4673
3214
3318
9448
1107
5734
4102
5710
8267
514
5979
9529
8000
2961
5721
4417
3154
9648
8015
2967
9892
1032
5895
9782
3745
7780
3510
6805
7283
5165
2328
6047
2445
8597
274
9113
287
8262
3698
4074
8551
3800
2845
7048
2213
7897
8447
1004
7199
3467
4818
7186
5018
8375
1114
5555
4692
6134
8853
1008
9574
2187
9763
5237
8270
6349
4920
3926
53
3731
5662
8590
1959
4072
4718
3045
1412
2275
7467
3339
2301
346
7981
6480
1188
8147
4948
265
6906
6131
6276
3765
3779
8640
5070
709
4802
8659
6636
1
8644
9460
2832
5955
1322
5170
1338
8106
3409
3590
7664
590
1108
7278
1775
4663
1439
7990
7110
2377
3801
4339
2335
926
7957
4750
4186
6795
9151
3677
3678
3276
1129
4857
7464
8559
2254
9994
4636
8914
4159
8498
4941
1729
8529
9753
7628
308
8118
9112
7571
9121
5443
6882
6312
3307
2348
2464
1696
6218
4877
2382
8274
9239
6455
3380
2027
4649
2229
6450
4537
498
1539
4429
5920
705
8144
2339
8212
7223
9474
7499
3198
4882
6415
6412
5953
2505
2479
4719
8895
6266
9804
2165
2538
4638
7364
6191
2530
605
8373
2111
39
9973
6779
724
1715
7823
9166
4786
325
7989
5766
1306
9773
1701
2978
5039
6739
6564
360
3734
1732
5000
1522
320
8736
1669
4246
8319
1410
6741
510
7787
4320
881
396
7029
915
2807
813
9233
1991
8311
5190
9129
9530
5615
2597
333
9583
2687
6097
3959
7183
8557
9280
6261
4642
2341
9056
9964
3655
952
3364
934
1502
620
7376
5047
3309
270
4078
9347
666
8858
2196
122
4696
4353
8333
9122
6897
2369
6378
6192
7832
5099
5866
3478
7434
5641
6082
4354
1078
253
9664
5458
8402
6796
5879
2860
9940
7521
4335
6311
4357
5494
7794
8988
1024
126
6087
5260
8931
6632
6152
8057
6090
5223
8357
3121
6281
6673
3266
5938
5003
2977
1564
8808
2876
1624
6584
5856
9420
1546
7567
2594
6282
7073
4723
377
7480
5411
5285
7396
7517
8733
8629
6466
4532
109
6160
7
2117
8924
9829
5297
8241
4987
612
9137
358
3413
3508
3746
8729
5812
5174
2569
8139
6419
783
6600
1926
2142
6094
1888
459
5482
4716
1645
2064
4943
6401
2283
9231
6780
533
4416
5983
9952
4179
5372
7826
1839
2056
5328
9211
3
2278
5769
6706
6819
6382
4844
7280
4303
7777
2493
9199
1150
2504
7405
4546
5069
101
1363
1170
6540
8143
4476
7995
5334
5232
2830
430
4264
7789
3158
9686
6425
1854
2678
1837
4028
2761
4160
4304
4348
8404
9576
5546
9256
4712
7258
3847
2561
6988
8939
8325
3983
1907
8805
2061
1186
5201
7209
3029
0
3054
1699
8756
5172
7203
1925
1127
4697
7529
5973
7069
9701
3913
37
8577
88
9511
3059
960
9891
4554
1305
695
3296
9195
3701
988
3627
3077
135
152
6963
5789
8453
8151
840
6959
6482
1396
77
6215
8969
5597
5362
1721
3085
14
8824
1163
8206
2255
2599
273
6993
7717
7532
2862
9259
6707
3838
5775
4803
4204
1195
374
8189
6579
4252
7033
2880
5253
366
2603
2517
8321
3327
3512
2137
5910
3818
1086
5566
9414
3015
9709
3030
9874
9502
7916
6053
8658
5940
8588
7096
3609
581
4172
3907
2264
506
527
2797
6223
4091
9071
4141
8813
8502
3285
7689
1824
2537
198
7531
6733
2514
7833
4241
3546
6080
9677
1454
4398
3328
2554
5321
4856
3460
1853
4206
4853
2959
4553
2098
3773
5485
140
258
2623
8034
3881
1274
4841
5847
6532
3146
8691
9119
7568
9527
5729
6377
7310
4776
3690
1375
3702
7681
4327
1644
3053
7044
4591
9410
4449
6320
963
8149
9326
8606
7398
3570
1663
6977
7439
5403
4746
2286
2858
7904
2211
2379
7760
7071
1233
8639
9136
6812
4400
4931
4991
2439
7698
4219
5273
5881
6591
5045
9176
1179
6774
9472
2746
5002
8237
6694
3603
3103
6677
6815
479
1458
519
1670
3647
2489
2601
3020
3611
1035
5821
4297
2588
1784
2234
6538
6049
5854
8061
1467
5181
7920
5143
6543
2706
4408
8304
1892
2138
4787
3102
200
1325
9877
9334
9543
8984
83
9349
3476
1358
6517
9634
5716
6537
5433
9592
4598
2227
3845
5006
9210
8546
166
5902
6395
6064
8834
935
8759
1691
3195
5387
7019
3581
7253
1866
9948
640
8018
8872
6595
4271
2720
1625
3812
3936
2037
9783
9742
1917
8393
4365
213
6010
2765
1159
2253
4612
9471
9096
2394
5776
6078
4607
4905
7635
4754
1556
5314
2003
6614
2245
2501
3781
4484
7812
4910
3175
5227
8594
9046
759
8890
6646
6204
9650
1225
4820
9908
3760
5924
6954
8033
7300
8340
1048
315
9399
7101
5577
1801
6631
5048
3390
2387
6527
2332
8317
334
2109
4336
1421
3157
8868
9183
2922
1076
1766
555
9051
4552
9174
4740
8995
6654
613
6188
1578
2338
5307
3310
7783
5629
7027
5880
9629
1622
3594
1612
8613
4038
6314
9784
9558
2494
1117
5695
5714
8797
7448
7573
5351
3548
6071
9507
5671
5066
5521
9332
7624
748
7501
6063
6663
5893
3324
3434
2349
9480
7508
948
7193
5381
7426
4119
3389
7065
9928
6685
8047
8896
932
3036
7450
2844
685
4232
7137
664
3785
7657
2973
6843
5072
1596
9613
5624
9614
6553
2020
2579
5582
5406
8910
142
2640
8293
3183
5668
1792
6388
6718
6464
8562
8907
1100
3700
6791
7230
2293
4895
9609
3171
1077
9682
5845
6490
5478
4521
4807
3684
3500
4830
1761
1273
6092
1272
1409
8622
6324
7479
6081
573
6292
9453
5840
8687
2413
2174
6831
1199
133
8775
7640
4498
3876
6570
6907
4154
3906
2878
4156
241
9605
9772
9330
7351
7843
9014
9865
1414
1565
2822
3093
9138
3792
2843
4010
9958
4944
9040
2458
5397
7349
5661
586
5162
1950
6376
98
5561
720
9080
1312
1059
7289
150
1932
8117
3163
7870
4137
9157
5653
6211
4479
3971
5587
6233
9945
4060
3437
2376
228
2096
7386
43
917
1317
1258
8005
2389
9200
9281
3657
1290
3216
8091
5186
7263
2622
6289
1937
7447
6991
1734
6942
3289
5436
4669
2672
4755
2638
682
5383
6066
5270
4362
583
8573
3227
3204
6012
481
7482
5142
634
1934
6319
4254
433
8840
7119
8089
7262
3593
3357
4390
6558
6249
4431
5815
2166
9500
2434
6775
3915
1360
6385
5951
11
3027
5908
8946
9656
912
5825
6067
1563
2046
6318
4653
335
2556
9085
420
4273
3772
6750
3107
7438
7803
9443
2365
1998
4969
8200
6984
1050
3672
2585
1588
982
3874
1224
8158
9075
523
9400
8862
2564
9446
380
4490
8
4057
1022
6014
7546
5580
5613
706
2044
6594
680
2474
4018
2090
6556
9424
5477
3208
6892
1673
1551
2558
970
6283
9470
2071
8620
9740
9947
3821
828
4927
68
2733
1572
151
8993
2299
8534
7504
2999
7656
1245
3565
5784
4427
9568
4081
8444
5676
7245
3286
6910
5432
5647
957
2664
6628
4293
996
9055
9934
4212
1357
2444
4496
2442
3229
4225
2080
731
2185
6048
1580
2812
7650
6162
2854
1841
3261
5618
8242
4771
1915
2536
59
5449
8130
6870
821
4903
2806
9845
5388
2001
5581
261
1815
6513
9732
8059
9816
7385
4358
1658
5556
5299
3939
271
7586
7821
9593
4930
4043
6588
809
3587
3424
5792
3323
9381
1561
668
2528
4566
2716
1549
9867
8308
792
1785
7291
2868
6189
7184
5688
7848
195
4555
2153
2164
5650
2104
1880
2618
2727
782
1464
5121
1876
7157
7218
9081
4609
3395
4075
7197
3368
6511
3962
1311
8901
7509
2127
737
1570
7270
4094
3220
2900
3517
7757
1221
5453
5897
8666
1241
461
8156
12
6065
4399
8313
1587
8740
9627
3438
1759
7610
3893
8989
503
7962
6042
2710
8879
3365
3446
534
6124
8312
8697
1479
6454
8150
3725
7220
832
2953
4839
2495
8555
8636
7458
4177
7339
931
343
185
3112
5311
5075
9361
6302
390
4939
6427
7368
2726
3676
7592
9768
7246
3571
911
6891
116
6500
6315
154
6630
4504
3651
1783
7259
6748
5137
9354
2994
4981
7797
4516
6250
6968
684
2243
6170
2511
8451
5677
7855
8221
9818
5795
4235
9638
1662
6635
7064
3343
9524
4403
6286
7404
2673
4197
4134
491
8851
8753
3815
4495
8135
9578
4193
6549
489
8638
7414
13
2864
7269
769
8484
6786
7678
9541
897
8961
8082
1979
6297
8533
9569
5420
7813
9864
968
4990
4318
8456
5468
5183
4319
9307
7563
8137
8478
5768
591
7691
3648
9680
8408
9321
7330
4221
3521
8310
9493
6830
1519
7761
4907
9313
4282
4308
9106
4342
9589
551
7488
3914
1927
6917
6410
2903
1141
1500
1975
9279
517
5663
8784
5067
8160
6958
924
637
7387
829
2302
9439
9389
8634
4768
2645
7134
2737
6893
9086
4710
5263
7303
5479
1314
6433
2259
2921
5286
8314
7885
6888
1042
4727
750
5043
2034
3933
3331
9790
9302
8182
9423
6668
2092
2451
7696
234
3644
1243
6957
9170
9759
6398
7152
9512
7906
2567
2228
9088
2986
8711
9617
397
8146
1173
2532
9842
3856
944
2691
5504
7700
9161
6077
7600
6531
3882
5213
5463
3070
1883
9449
616
2942
5261
4384
9555
723
5936
1973
1805
9899
7217
1307
2993
3705
9760
4306
9378
7738
2730
4381
2438
7705
2624
2478
1911
3528
8252
4835
9035
5102
7215
1254
7861
9999
6105
4957
8098
8653
6344
3472
6481
7796
8025
3673
1774
4428
3371
3966
6248
3633
621
6922
7400
3226
4654
1515
602
2644
2803
4562
6041
9101
4675
2910
8823
1484
4805
3067
9665
8155
4434
5851
9125
6578
8809
9549
6475
4052
2352
4015
3092
4285
3303
9352
5999
4452
1826
5251
4310
7108
2750
5073
4547
4253
4013
4247
8673
8490
4317
3667
1990
641
6559
3349
9950
6037
7067
393
6986
9099
2851
5501
3601
833
898
6436
4364
4832
2105
3236
800
2492
8941
6073
4511
9463
524
6075
230
4906
2669
6421
7805
7767
1537
4614
1154
6366
1731
885
5442
9966
4725
4549
3620
8500
5104
7276
5054
7710
2280
9295
9990
1873
8008
8421
8777
6803
4679
5447
1679
4523
44
3024
5630
2834
8831
3455
208
3340
7667
5244
7423
8794
7630
6322
6955
3420
8458
9873
5827
7107
4959
864
7925
8198
6439
6713
5944
796
6999
6405
6617
4210
4565
2462
324
7466
286
399
4465
7666
2321
5739
4112
5820
8793
4120
4459
3786
4526
4572
1966
386
5384
8871
9570
2785
1411
8570
5382
6347
1545
3559
585
929
1797
4543
3674
2139
8718
7874
2937
8707
3859
8157
6295
1013
8767
2298
8337
9967
2914
4994
1427
5419
9186
6602
4828
8977
6721
5242
8531
1901
557
1382
4989
2457
8514
7070
1018
9145
9923
6465
5455
614
6962
1070
8912
6678
1478
2671
3967
9523
2437
4524
1021
7038
1703
4257
2355
2549
4769
6548
8803
9584
6306
6606
8789
6749
2692
6641
9430
9105
7894
2249
9377
2134
6397
8424
5358
8493
601
4493
4195
6114
4168
1803
7847
2508
6145
4470
6725
5518
989
9880
5180
9785
4791
5611
6771
9548
8665
6013
7084
1523
4616
823
7941
3917
9894
7460
3458
8220
3769
3599
543
8419
9506
3662
4279
4446
4437
1384
9977
1954
511
8848
9324
5078
7068
8443
3980
5828
9216
3639
7507
3174
3865
2938
7238
8741
2621
8702
8705
2465
8464
8909
7602
1353
6714
7769
1244
9205
7970
5610
1680
5457
3282
1989
3399
6978
7922
5037
8833
7030
5107
4095
1483
1656
2614
9411
5044
860
2791
4438
141
4472
9499
3797
267
5304
8985
1928
5986
3978
1813
2686
7358
753
407
4165
7494
5542
6101
2681
3918
8470
8462
9068
2266
2675
6792
5009
655
4880
1655
6138
518
8515
5106
2826
6829
3653
3466
2039
5152
6222
5111
8134
2279
5865
8168
4144
6597
4721
4988
4813
7766
9599
7333
990
5129
2252
3486
3182
3941
4209
1007
3640
9703
9822
3589
4626
8087
2184
1751
8064
1798
2009
1956
7372
5427
4506
6345
8080
4298
2918
6649
8530
7537
4781
1993
2769
2723
3595
4621
5481
2205
5941
3944
8591
9868
188
5678
696
7836
9685
463
7790
4259
2209
4167
4331
1694
521
717
6810
1640
5772
6251
6441
1429
8069
4648
2819
4426
9856
6365
1121
729
698
7673
8600
9821
8768
4808
8621
6859
2162
9415
186
509
7773
5604
8587
8667
6221
2899
1566
89
9278
2230
6462
6429
4244
1341
8976
4466
6445
4345
7023
3149
5434
9417
2989
309
923
1821
7332
4262
8446
2980
3511
1948
5514
6023
8343
1808
3244
6788
4729
7331
7411
6693
387
2646
6853
7360
1643
9020
6582
831
3668
6339
3940
2477
3292
7824
6896
4688
5801
5901
8445
4041
5522
3775
8700
4790
7117
2565
675
9547
1623
950
8487
7713
7128
3992
7229
6835
7850
8519
8565
76
2029
6474
8598
3137
4486
3615
2698
8744
8163
3535
6754
219
9194
2735
9111
7424
4590
4874
94
7231
2941
2846
7160
2181
3138
190
2605
355
3564
338
6894
5085
9962
5509
8661
4150
9791
2353
5544
264
9206
155
7143
1448
4359
4602
9054
5861
2325
8982
408
9380
9421
8685
8152
2877
7966
572
5717
3098
1799
4111
3406
7863
1319
785
9376
113
7346
4947
2452
1060
4888
7540
5064
6472
2291
4037
6593
6127
3057
184
4420
3711
3156
9788
6149
3123
3032
3506
2923
8239
4349
15
468
6929
9154
7363
4393
5807
7297
2307
9775
4229
9489
9467
8126
8764
5228
8463
7851
5833
4430
2267
5706
8674
3259
9492
7845
6169
5226
5593
6881
6939
9823
876
2383
6380
1198
7536
5012
742
2949
7816
4872
3844
3762
6449
9172
2277
7618
6338
9273
5602
8669
4796
2390
351
1942
3385
4236
469
7446
8058
5322
8676
9116
7061
8956
2159
2152
7103
4556
9932
1431
8258
5469
1010
1370
2940
2405
6503
7208
629
1027
7167
7268
3854
7324
3855
6512
1628
3375
6700
8148
5264
1239
7454
2362
6923
1395
966
6350
3561
1900
1476
4816
7651
3337
734
175
3996
5195
203
3359
2516
7429
4314
4992
416
6011
8822
1056
4540
3607
441
5571
6336
6351
2619
9679
2952
3301
169
1365
6277
8112
2340
379
372
2447
815
4481
4908
2319
1611
8572
6333
8184
8099
2718
744
9485
1581
5619
9179
7595
3028
4337
504
7144
6770
755
6736
7190
8195
7010
7453
2658
6019
2768
9343
9315
9070
773
5909
183
1754
8817
4132
1002
7321
8224
475
7511
1474
2192
2388
1787
8323
1599
8660
4026
9537
784
3751
5777
3494
837
2221
6367
8367
3541
9237
1354
2753
1147
4827
3260
6514
1891
9475
1603
9922
4597
3088
5108
6370
1074
7077
3625
1430
6326
4924
8593
8339
221
5282
2313
3813
6818
467
6487
8238
7857
8662
1889
5743
5355
6309
2811
1351
3315
6844
6644
46
710
7476
1265
8249
7239
9951
9432
6581
6731
7936
7744
8738
8154
6807
3235
1858
1924
9025
8349
5545
2610
5239
8202
5740
4784
9319
2086
8326
4733
3943
7210
7846
4610
1908
1043
6291
8074
4978
9175
9479
3228
7362
1689
3000
2571
7973
2236
2909
1710
1111
7163
7058
7946
9946
1106
9830
4388
5975
8382
9036
3654
1540
826
9030
7375
158
2694
7770
9834
5344
6088
4207
3929
660
111
6981
4717
941
9204
4976
3021
112
6342
5950
7430
1083
1422
7749
1902
8954
3106
9616
1109
5965
7277
7195
5034
9727
3976
8726
6453
7934
181
4985
4953
2284
9890
9786
2019
2312
7891
9385
8145
7736
9450
781
9580
4338
1965
6166
5128
4878
4938
663
6399
7356
4234
8448
3597
5294
2220
1373
2902
9258
8618
7327
8045
2456
8745
7013
6667
827
1882
4635
2310
4369
1003
3139
7063
9191
9431
2475
7570
3240
5627
8232
5520
4949
87
9197
1745
8888
6846
5635
9985
4665
5289
8771
8125
6337
1637
8804
8758
8107
4922
3456
3257
6821
2593
2966
6458
5963
8850
6979
5605
8974
1881
4671
435
4881
7250
3901
2070
4570
6467
4886
7950
5184
1037
1921
2911
9004
8049
5033
8816
5892
4810
6442
2323
2262
5017
1810
5929
2527
5100
4604
4964
9293
1091
7808
6994
4720
4773
8884
539
7547
9622
9422
4973
7607
9976
7524
1593
6849
515
6970
5305
679
9862
7056
106
5315
4332
971
2295
9438
2804
7877
7299
2688
9683
4224
7584
5310
1166
2409
8415
1262
1292
9975
2712
9370
8161
1362
9943
1313
5369
2114
3735
1438
6264
2649
18
8272
6640
3394
5606
1315
6717
4188
7034
29
302
914
4360
778
5746
4951
9244
8140
8489
4884
1095
4190
1712
9843
6107
499
257
5946
3155
294
9303
8295
102
8429
363
790
5459
7369
8959
2087
4690
8751
391
9017
1455
3902
5844
3916
4202
6119
6728
5592
2206
6797
7401
4574
3495
6560
3346
6198
7856
3427
5660
4573
6115
1743
3687
8780
7341
6566
3217
9344
2172
6506
8712
650
9560
32
8477
7272
6618
1125
7473
8504
7535
9619
7754
6126
7085
9006
6552
9325
896
4956
1145
6658
1602
1874
6659
7493
6468
8481
4419
1480
7326
5510
6193
7139
8936
1918
1130
7383
5218
196
5262
8920
7514
4328
5144
9249
1930
177
1865
2149
9314
3436
9466
9633
8070
975
2030
4641
1682
8561
2779
7558
9262
1817
4066
3516
6210
4817
1113
4191
5430
1279
7559
6404
8235
558
8814
8006
1236
130
197
1444
3348
3525
7187
2685
8037
2759
5512
2107
3908
3830
8364
8193
3277
2225
3610
7545
4731
6932
2315
2095
3723
100
8926
6150
7928
9162
7745
6471
1983
3714
3360
8397
9076
2287
6100
5731
7613
6195
4660
4050
7737
1802
447
6734
9418
6006
8278
8428
3937
544
3828
8760
5001
7685
1856
7422
3638
7703
6308
6142
4613
4898
756
6354
2441
707
8218
5723
2043
8194
3840
5193
1401
1040
1762
8335
7024
1727
5452
2077
1690
6095
9109
5598
8391
4687
1999
1350
7688
2207
238
9916
8523
6860
9735
3115
6177
939
6164
1316
9510
1139
7519
3338
7158
7690
2666
7155
1562
8716
5947
7714
3449
6704
7561
9301
9219
7983
5316
9901
7211
6687
5569
8601
4711
3808
5272
8891
8472
594
2226
553
4793
205
4136
2856
8841
1535
8508
2895
64
6217
9620
1128
8885
8762
7621
182
3305
7200
2929
2133
63
1028
6431
8039
7637
6396
2392
2732
304
8819
3656
610
2002
1134
7711
4726
7606
1922
5966
8266
745
6569
6529
4077
2787
1609
436
8494
4509
8788
9089
415
6629
3354
7484
1337
4797
2956
8552
5823
2484
1457
1138
3320
9725
7236
9968
2976
8322
1367
7853
8199
5906
2703
4016
6951
595
8947
2586
1752
8196
5853
1175
3104
9087
8800
5204
5464
5525
767
8627
3448
8086
5148
7528
689
7996
2581
3414
1685
9993
598
473
1505
4301
1524
6121
1919
2110
1885
3853
5519
4418
90
754
604
8918
4595
9913
5096
2775
3866
908
4326
4261
6185
4624
8875
1238
7562
3850
4652
1347
4183
2147
7683
8283
9218
7669
6557
4747
2783
7204
5960
7093
1842
6680
4608
5158
104
3452
576
8554
3692
5600
3179
9097
5041
5159
6473
4950
8790
4439
74
97
2182
8728
4789
2041
339
1702
7729
8623
7896
1133
451
4508
8327
1811
6997
6877
584
3981
2450
4946
8136
8078
3600
5187
4685
2800
5859
2215
6601
6995
7350
9451
2849
9102
35
757
6265
9375
2085
2838
1833
1636
42
36
5407
2468
3942
7933
1825
6403
3665
16
4868
9748
6255
7842
5937
9887
6969
980
5943
3518
4534
8903
7763
2639
2817
3403
9716
8810
6139
6001
3780
9250
5527
7395
3047
9019
9800
1943
9300
401
6533
5011
6406
6258
4432
1665
3037
5524
4774
4831
2635
290
3790
603
7603
6996
3167
1339
8649
4175
697
51
9886
28
8838
3202
1296
1672
2764
9917
8042
2318
6876
1081
6051
4762
6409
8722
2141
373
2575
7057
1116
6422
3161
6536
2513
8358
9497
7948
3386
211
1268
7585
532
5083
4248
6921
3193
9164
761
3333
1390
4007
3878
7050
4045
1334
1364
2725
1220
7631
6117
6776
9317
6837
7169
8442
8512
8088
847
4
3048
7234
962
8213
6645
9333
9600
6940
5094
985
163
7267
2987
2541
8752
2285
5780
9444
608
9787
3739
6018
4599
4088
49
1223
7226
9520
6016
9697
6711
1440
8181
4899
4704
2128
611
5507
5265
5517
6407
5417
1463
1788
5063
1451
6861
1342
8960
669
6720
5145
4558
9863
1000
997
5493
2136
3954
56
8077
5541
297
7334
3253
5891
72
3283
9482
4469
7937
9774
4940
2582
3275
3825
692
6372
747
5622
8171
5365
4984
9526
1786
740
8869
8095
40
5473
5042
9478
8796
8883
2025
2719
9468
8955
7565
1096
9798
4925
3636
4201
2762
8632
1099
4166
1875
6271
9405
6321
3806
8737
496
9143
2865
5977
144
4851
9391
5516
6794
5498
6608
6924
1949
1618
1189
7864
733
8654
2485
7322
2500
9552
844
4627
894
6031
6705
5087
5532
1330
7849
8604
513
4707
5189
2917
9374
2022
4104
6288
6238
1909
4404
9635
2572
9322
2790
17
2760
2734
6612
394
3126
5080
5826
2381
8228
5607
4085
6497
6949
8826
8829
4968
8454
9090
4701
5151
4424
4936
8405
6393
4256
5254
7428
4838
4632
9561
9535
6657
7247
1705
5616
6884
8302
7112
8028
8461
445
2121
8973
1012
8341
1778
5684
3529
9741
6122
9801
1713
1887
1280
2239
8179
8724
1559
8441
9841
5974
6212
6207
3798
4344
7615
8720
7553
478
6174
8294
5014
1328
1633
1947
8835
4391
9016
2714
3527
8807
9124
246
5462
7764
4639
9147
2119
7357
8173
3886
9455
1182
7017
7316
6679
7781
810
2814
8981
1635
3730
6470
8011
5835
2988
493
9168
1526
6681
8642
3691
4410
5318
7196
8265
2889
6039
1029
4255
4962
1023
3314
1772
6656
3444
4305
5357
1970
2974
6489
9981
3747
7470
1597
3880
5035
4713
3488
2863
5816
9404
8377
1118
1374
5211
2600
6484
6298
1584
7907
2693
7869
6845
3211
9363
7036
4489
6695
6346
3225
7145
3184
3475
3162
5860
342
8731
6729
4885
6688
5771
6348
7427
9936
1269
7100
7538
1215
6325
3071
3777
9518
3826
7373
7222
7743
3557
2894
1336
6941
7788
1165
3369
4101
9671
2731
5570
9796
7581
1717
192
4109
6926
3997
763
4460
2420
2852
8646
8115
6099
2013
6847
3829
8166
1383
8475
3212
2690
648
4909
1301
2647
5255
5972
6361
7227
5614
162
6848
8963
7122
8880
7927
4892
1104
1294
9100
5095
4117
4702
2631
414
7007
4093
2329
5352
284
7308
770
3128
2926
9057
2548
353
2386
3172
1158
4367
3362
9559
6104
9341
26
7768
4216
7456
7378
4011
3803
2412
8677
3094
5646
5171
1661
4250
4049
9212
3767
5291
5055
8063
6106
6908
1289
6753
5329
7527
5076
8122
6937
1131
3062
5673
2407
2326
5215
6072
7582
5350
6905
1534
3733
9758
7251
8303
4559
4879
7094
1485
9623
2418
3591
4501
7858
1075
189
9746
5995
7882
5911
9898
7120
3186
6647
1575
6674
3984
4139
6515
8521
5173
1093
2057
9752
5934
5625
587
8672
8330
5872
4039
3270
4376
7252
3921
8592
4979
6709
2094
2539
9662
3973
4127
2944
2398
5221
8114
1688
3187
8449
7374
3012
2960
9469
9503
9402
9304
345
4982
1344
824
1764
7984
5440
3381
1855
9807
1459
4767
839
8306
8553
2679
5206
6343
328
816
6653
2689
5764
6262
8915
6280
1755
812
5252
1963
5492
115
2908
4864
6842
8994
1940
248
1542
8209
7444
4124
3007
5380
7792
5697
6096
7638
951
4708
9551
7622
1019
8778
9496
8569
4148
7126
4129
8260
9879
5554
6181
7037
5050
4415
2346
2502
4443
7345
1475
6033
2957
1807
7636
3083
2590
7825
9726
6369
9695
7742
3147
7802
71
2634
1716
9395
4785
9413
5756
124
5435
4952
2836
5209
1967
7087
5675
8072
646
2472
5395
3549
1582
6022
1487
3573
9508
8050
8719
6243
834
8732
672
6056
6040
7699
9691
661
5634
2195
4283
1659
8328
8657
6086
2890
6437
4551
1415
9514
1282
6418
5203
8440
830
5283
6927
4658
5156
7031
593
1433
5335
9876
4413
8187
4471
1200
7976
1006
9394
480
6157
9562
5543
4780
9824
5300
9373
6400
9131
4668
9585
5169
2551
4666
4522
6616
1372
3652
3441
8230
7943
8727
4442
9283
5377
5705
450
3771
854
8246
817
6699
2542
4865
3335
1852
7526
4637
6528
569
7367
6301
9074
172
7694
5686
9666
7192
6428
5258
1953
6290
8363
9069
722
8021
8647
4121
1765
9023
3550
8812
4995
1789
2132
9658
277
6184
4736
4900
7436
3755
6990
9159
9875
688
9310
2053
5736
8309
6800
2683
3003
2950
3256
3050
7961
959
9488
6756
4693
168
9747
3892
7079
7225
1573
9534
3575
9531
2163
7860
2016
2231
3477
3069
9858
1140
443
5584
2289
8257
9130
5958
4842
1660
5806
2448
5208
8739
418
8887
1782
1340
2007
774
9078
3142
7415
193
9123
7873
9461
1958
2242
8582
4187
8617
8682
9903
8111
5331
9811
7457
427
6508
4918
7954
3822
632
7871
8175
5126
4513
9092
8169
2970
7686
5790
458
8675
3646
9255
5446
3405
6742
350
1767
2435
4764
7228
969
2742
8350
8486
627
4233
4138
8650
9540
3479
8381
2932
5301
7440
1297
9982
8096
2038
8097
9715
4312
4914
732
365
5818
4274
8859
7132
4107
4934
4824
1058
1011
2199
5658
4322
857
7353
8589
3044
7172
4588
7758
5913
6915
7004
7940
2374
9615
1103
7370
5787
4889
6253
4695
9696
1862
9836
5628
5638
4541
4619
2651
7463
7991
9938
3052
2036
4347
3341
3418
1890
6143
1910
6652
7340
5709
625
448
6263
3401
3426
3753
6108
118
5848
1345
3994
5609
3649
3095
2129
4178
606
691
6772
7619
5284
247
7171
5850
3569
4778
5444
8286
8996
9339
2920
8332
567
7443
9720
5682
9243
5471
8937
2469
5868
7687
117
2745
8361
4998
5287
9992
4743
1196
3927
4699
1450
8934
6452
4646
8132
2486
4352
2361
6735
8320
204
5317
5550
3232
5656
5878
512
1123
6440
6446
9235
4009
376
6327
1080
2100
5293
3788
4916
1681
1201
7088
8017
5200
1528
6307
3592
9637
8399
5259
4450
9575
8679
8390
835
4090
2271
1250
2276
2897
8010
8615
9756
8725
6900
6479
6279
2169
8971
5693
895
6499
9544
8539
7733
554
2461
4463
1831
8009
1101
7025
4580
1749
5268
5758
2609
2042
8670
3843
8633
6085
5160
1514
1867
5948
5467
6175
4189
6856
5508
93
5030
3891
279
4698
9045
8599
8595
4812
5770
9229
3502
6577
9853
6197
120
1843
7185
4118
7343
5863
5026
8053
5486
8287
1404
7041
5279
6862
7716
7747
6605
8113
4734
400
4799
7249
563
3125
3041
8185
516
8917
2122
3989
5423
1800
2815
7092
5379
47
2794
8678
2065
209
9198
4667
5345
9963
4529
2470
2568
3378
2288
5836
5701
1062
795
8485
8913
3367
1046
4958
6287
9126
2473
5120
1073
6724
2176
2642
9066
5332
5004
9120
9817
3756
8704
5319
1668
2702
4672
8027
9393
3726
2573
5990
5781
2840
3006
6911
7552
1281
2606
4730
8979
2357
5132
4760
5140
6519
2947
1508
7503
4664
3190
4440
4152
7819
2708
9749
3356
3042
1149
3447
2017
3863
8843
1678
6373
6702
7611
4644
7198
3459
21
1408
4896
9625
3536
285
65
687
419
4705
8244
456
7153
5830
9810
1646
6956
3302
7723
6362
6026
7455
7002
3951
7138
96
8203
428
4999
2173
2083
6790
5157
1168
8699
3993
3763
7900
2305
7728
1264
5583
7997
6698
7533
2248
4174
6633
716
6007
3034
1184
3551
8602
1684
3697
9346
1266
1155
3811
2260
6274
7828
4170
9942
751
2592
1151
3716
8407
371
7776
4196
758
8930
3181
5214
791
8334
1828
4972
4126
2995
1207
5103
4753
891
1148
9059
6820
8197
7549
1240
9426
2402
7337
3148
9266
2047
1641
775
6526
7658
7382
6093
9465
3499
2766
7233
2901
1577
3319
1541
2945
2024
2751
1172
2882
5985
9826
6710
2035
5645
3509
2884
8121
2700
2560
5229
6241
9350
7021
3955
8032
5572
1126
7560
3784
7379
4592
4548
9692
8023
4759
6303
8575
6389
8229
4421
1529
2948
1517
8277
883
9182
8902
6304
7679
4324
3965
4674
7569
635
9931
592
3628
6146
8616
1560
5176
472
6798
9052
8002
3457
2682
1872
5715
6639
1724
4475
5391
9911
8876
4564
7072
7953
1838
1174
3894
2637
9896
713
2148
548
4275
2115
1899
3001
7335
9412
9362
4462
4198
8950
8684
762
6182
6571
2655
3998
3931
1585
2713
7893
1553
8842
4858
8479
1181
9636
6267
1674
7706
6208
5757
2217
4223
9365
5245
5980
6868
3938
6604
2881
8935
5797
8505
5074
714
7286
6638
2155
5976
1893
7391
9611
4265
1119
4606
1057
7775
2337
2232
2636
7235
798
2954
540
9427
1544
384
4048
3237
5559
3858
4069
8750
81
1385
1520
3583
2198
5296
2786
1748
3585
1496
993
5164
4147
4000
7377
1413
7461
6355
991
8374
3520
2125
7993
4615
6413
1498
7142
575
5424
2998
4722
1267
5194
2223
6151
9933
3552
4377
2273
3308
7271
9065
2005
5689
5246
5871
9651
5125
359
2630
6128
2598
9141
5119
7951
6696
765
7588
5712
4098
7647
6363
485
171
530
779
405
3868
4280
5536
9919
9245
3421
7866
8708
7692
7608
9276
2670
4503
8532
6305
8081
5390
9926
9762
9345
9657
5278
4269
3352
7583
1226
752
5599
2084
6534
1818
949
3563
940
487
7292
7587
288
5010
3078
904
4530
4777
3144
7406
1318
884
9007
1490
1617
6448
1369
7305
2964
5785
1368
7731
3754
8783
6992
7680
4843
3864
8338
577
2410
1639
902
537
4142
8779
5873
1477
5534
4211
1248
8536
8940
1219
7243
8236
4383
1776
9188
2676
3018
3688
1286
9556
7661
3831
9799
6865
6038
8065
5811
6356
5008
1210
7255
1152
442
9723
2515
2972
5989
5750
9501
2344
725
7674
5952
6589
1878
5633
5666
964
7898
5079
4683
3579
7652
2150
5698
2157
8052
7998
8942
8369
8547
8083
3693
8701
6488
2867
1664
7487
2788
215
2813
9037
7178
8215
3033
878
1604
9253
7020
5981
6758
7474
2103
2102
4833
6375
1864
8845
1089
9372
8245
24
2799
9297
8476
354
1054
8509
9839
4620
9149
1848
1742
4105
476
681
9181
6456
5241
7772
3749
9646
9360
1228
7113
6609
3558
8710
9003
7982
92
8563
5439
9047
6866
3972
4477
3849
3412
1471
5349
4848
6003
3205
5367
3090
1132
3887
5726
3056
8370
3675
1326
5097
7854
2656
662
2011
7985
7671
7512
5927
3634
4528
4008
3086
2408
8090
6626
2487
4140
6158
1777
7889
4622
5998
5579
6062
4084
3613
6599
7875
8540
7556
6275
2520
6738
2384
6079
5562
6390
4065
9061
7971
9308
2449
2099
2203
5308
310
1620
2705
8643
9135
6989
4412
1044
2522
7675
1461
3223
8452
2971
5224
9645
4453
7818
5178
4510
9586
1982
6857
2793
7653
9610
3404
2480
9546
6469
2241
8945
3096
9909
5674
4340
4829
953
1779
5360
1506
5437
8264
243
437
6055
9582
5832
7542
819
9351
7800
6562
7591
3703
5982
7354
8466
715
406
1256
7371
976
5552
1740
7880
4575
2256
2650
3321
2116
8036
4836
9750
8991
9764
7798
2372
3470
1310
771
4847
5898
2781
6747
3265
6032
7090
7988
8483
9711
347
711
5994
6767
482
7702
9456
6972
1270
60
9954
6851
276
5460
1525
3408
9127
7593
4603
5339
2574
7909
1460
4911
5336
7969
6180
5269
201
1392
3306
9536
9995
9144
9949
1960
6231
6672
3393
8782
7835
4343
6825
4915
4368
114
7287
2014
3835
6590
9878
2626
6502
7708
9643
9134
9357
2216
5702
8263
161
4576
789
7748
4161
4815
7510
9553
1399
7039
4525
9193
3666
6284
2366
6027
8846
5024
4205
403
5431
8743
8012
8389
8886
3836
1045
7994
1285
9846
4145
7753
1380
392
4281
2616
7123
2773
3487
7257
5855
8186
574
4046
875
2887
9246
5996
1569
3712
5503
5115
8507
566
7397
9755
3468
2385
1955
5918
8580
9965
3871
2547
9844
4845
2891
8054
8921
7643
3312
721
9825
2524
8431
9630
4859
9005
3387
6575
6535
9521
3332
8103
8576
1295
5537
7693
4181
5441
8031
1235
4422
402
925
1343
8696
4130
9230
1275
6662
6478
561
3704
7006
1031
2837
9487
7605
6463
983
3379
6850
6964
5858
7445
801
7147
6461
3462
1419
4897
1969
4131
9688
8970
9265
5538
1634
9997
9717
5637
1605
7911
5547
7265
9660
8041
5882
7159
4027
3895
2931
9870
5867
1687
9288
6801
3961
4586
4086
1202
7188
525
2955
9083
1647
8177
5876
1571
2633
7919
5356
4779
9167
1034
5250
5116
3629
9832
9093
1208
3870
9033
2772
5589
3793
6914
7224
4866
1613
5968
1968
2632
157
5935
3556
4180
7191
4518
6358
2728
3101
6623
1741
8538
1806
1725
6129
439
1847
3524
531
3513
3374
609
1567
4451
1904
5511
9608
6525
6154
8119
8120
2454
9653
9073
6206
5141
7977
7022
5167
5401
1160
1016
6524
5325
3081
5413
4491
8844
5422
1719
7146
449
6110
5954
1136
7809
4581
7274
7168
2695
3985
1324
1895
4040
110
4122
1692
6930
9009
1819
4237
2371
1938
9457
1361
3707
8791
6509
7837
2459
8067
4334
269
8766
6863
9224
4382
5312
7938
412
8874
1053
9889
7045
8465
7497
3295
2749
7420
9039
8288
4819
6880
6214
5699
9670
3239
1629
5922
851
869
8004
916
9437
6225
3612
8944
2490
7078
9048
7097
1557
6387
9108
2933
8628
2927
5685
3049
5782
3110
411
6708
7114
4737
7614
6613
8579
8366
8138
7632
6826
5483
4397
5414
1704
4110
7888
1246
6726
9028
8318
9989
4162
1771
423
541
6341
8411
9751
6751
9018
8413
8916
7472
6622
4758
7930
4239
7338
2595
4292
9924
2951
921
9915
4913
6661
2350
4834
3572
2665
216
5762
6809
8153
8255
2566
5760
6069
6762
4044
4986
3598
3729
2263
3621
9957
5153
9835
231
8013
3545
6070
9769
222
7633
1426
7596
9353
4164
7623
125
4361
9355
6918
6045
8755
1576
2244
1066
9223
368
6159
9705
4782
1417
7779
3073
3622
2696
6008
4374
2045
5371
9348
6379
3019
9802
9542
4113
9920
9525
1112
7572
1394
466
9296
4208
8820
3124
9491
3873
984
2752
5418
6568
8368
5558
3879
1822
7720
3504
8651
3934
5313
9563
9602
5528
2156
5900
4873
7955
2059
7881
2303
6391
9043
4406
5683
1428
7575
9987
5778
8749
3851
9984
8754
5722
6732
364
3496
2916
3143
8190
9022
3231
5491
4082
1142
5051
4017
3140
1120
6985
9621
5098
8439
5774
9855
2368
859
5416
5177
8396
8085
1434
8558
4227
1055
7627
7722
5343
4935
137
9761
7496
2050
4059
2097
7182
1025
2643
4199
6273
4222
1088
5874
867
6637
2120
5557
2612
2625
9146
4579
9192
7284
2235
6889
1700
9217
5277
4277
4448
3664
3661
6510
6919
1049
8958
6916
3515
5745
9743
5838
9676
6236
9298
8605
9390
686
9067
9091
7746
535
8417
6224
7181
9269
7829
1781
9220
4855
2414
9935
808
2401
4533
5396
4926
3608
4983
6902
6898
6374
6943
9603
5752
6123
858
5199
8222
224
6690
1897
7485
2012
987
3576
5281
599
4151
5692
1768
6120
5359
4569
7177
7213
9180
7649
5930
738
7318
3741
417
7541
429
7513
4840
776
8966
7597
9338
9320
236
6950
4800
6539
6247
3604
6256
5672
4891
1041
2430
2471
8223
6310
5748
7910
4960
9866
1746
6172
2805
1497
4531
1548
3637
5834
6936
3417
735
9032
6763
9387
4036
5765
2816
8141
7221
2364
4064
1432
8387
7154
2060
3160
7932
8542
82
1346
5711
7500
6650
4904
5353
2481
501
1169
1020
1957
3814
5031
8574
6965
4266
4545
6808
7548
6141
933
7055
2200
4689
4006
8434
2123
4030
5575
4680
3547
9340
2611
8637
446
3715
8359
4106
5188
820
1190
4561
5843
2711
4213
2416
8964
7974
313
9286
981
1072
2604
8730
6806
6074
7506
7105
1402
7999
7811
5046
1217
1212
1568
4228
2939
7724
6254
4291
889
8226
8987
2290
9034
1769
165
9988
6886
5962
4185
1216
5907
7442
658
3066
7762
9260
9425
7752
6619
8948
8315
249
8694
2347
146
9163
6352
5348
1608
4203
5993
8003
6682
303
7165
9202
3091
2322
5021
3988
3273
8867
3288
3035
9408
2653
901
3802
5163
1995
9902
6171
9436
5451
1830
7489
2842
5061
2722
1352
5182
8748
9158
7859
7867
6875
1964
1804
4742
4019
3173
8093
78
5393
8450
7892
2146
2135
7682
2553
180
9486
9847
8614
6153
4571
556
3738
7302
3861
6572
9299
1356
7054
4485
214
5621
7279
8864
2583
7106
3017
6438
8422
2171
9809
6411
3344
1994
2497
1723
2943
2810
3074
947
2946
3068
6722
9647
1649
3164
3718
1153
336
8291
8133
3153
6598
8276
5217
7206
4520
7481
2144
3848
2311
5429
3130
5488
3008
3810
3485
4313
54
8972
9440
2648
7478
3280
2208
5802
7963
3867
7431
6787
8761
6872
8821
2296
2936
4811
564
8806
7886
7840
9001
8652
2068
4542
2455
9358
5053
6634
1359
1398
8356
1242
6328
3373
5904
7388
9731
6483
9270
62
8301
5410
1164
7080
8240
1229
5819
1102
9207
5839
8526
8545
7465
7564
1579
6692
4070
942
2853
1105
9969
6768
2268
6504
9737
4042
5155
8861
877
588
9953
2963
1287
5071
1418
9257
8457
2825
8227
9778
5113
8204
6912
8362
8427
8129
272
3065
7043
4860
4073
3977
7307
2780
5885
579
3752
3578
7076
1614
5058
4146
7975
3491
6447
9515
8469
7555
2975
6000
4681
2294
327
1321
8345
2857
2613
5408
9626
170
9851
7118
5109
5670
7646
6402
127
649
4822
8827
3623
3671
5112
7839
9318
2883
2023
9459
505
6769
2327
317
8556
8423
2130
8233
5134
8398
2048
6414
7194
3230
131
8430
9331
3995
9897
2161
3889
4474
8541
7830
7170
2958
3660
1913
6784
3923
1638
4169
9049
5118
7361
8289
9215
9770
5013
2802
8583
7241
5
8714
6272
218
4316
580
9169
8297
3682
4295
5475
9275
1205
3750
1945
432
9228
318
3899
464
8968
2615
7739
2343
5090
8029
4123
728
1707
6111
502
2051
1489
5249
6759
1082
8109
3127
8183
9221
546
7205
1859
7759
1504
2934
2906
8331
1860
7150
7648
9248
7111
488
8624
3325
6573
9225
7807
9641
9442
6545
8818
5565
4370
8900
7523
4757
4287
2074
8544
337
3113
6530
382
471
4012
6050
1187
1466
3166
6435
8409
619
8747
1204
2251
5347
9062
4804
1709
1987
5402
1977
674
2218
1650
48
1952
