6288
8610
4317
1593
1817
7657
6793
8714
196
1110
3539
1275
1657
1698
9143
5301
9089
8392
8012
999
2598
7086
4606
5063
7735
1526
4011
5094
2923
9234
6324
9584
9021
8360
4799
3441
6523
4704
3163
2061
3989
9248
7589
9316
2723
5803
5844
6604
181
8671
6274
7962
9483
9838
3553
9969
1864
4075
4960
344
2846
3288
1679
4237
7276
1205
4022
1356
3629
8220
7659
1211
145
2873
7062
8033
9301
3567
324
9429
2298
7707
1109
1736
9997
662
5757
9074
1459
4564
9097
3047
6442
2299
7766
4556
6780
3631
9222
6551
575
2920
2944
1868
9072
9376
5295
3085
2183
2268
1366
2197
7793
3612
4179
9096
7543
9974
975
4113
2620
1490
8342
6934
6379
2489
4275
9596
7410
7070
8024
1149
4023
5933
103
1399
3776
2803
4098
9917
1432
7596
5773
9520
6195
925
5303
1140
6798
5925
5717
6110
6646
8977
1150
9495
2894
9090
2233
754
9443
9184
8645
924
8058
7750
804
1179
8692
268
7780
7653
2055
4071
3513
5048
9580
5641
7138
5175
4714
6657
6741
79
9751
4393
5598
9526
6832
3081
8590
4428
7201
4512
8199
3550
6564
6980
9979
6533
959
4049
6010
2239
7095
8398
7004
3979
1312
5667
7156
8289
5293
7903
7480
1635
3666
9646
4801
5676
5891
4177
6215
3800
7040
2761
8374
8413
5714
2679
7399
3263
9953
7460
6219
4402
5943
1517
60
6053
9049
7332
3394
4039
500
3573
2200
6025
672
1824
2765
160
1785
800
542
4800
8547
34
9897
9910
6549
9403
377
9492
3354
6962
8900
8393
6213
767
5277
6477
9185
6931
4527
5841
3579
2606
4112
5035
3382
2322
4273
5241
5946
6814
464
5724
5725
9318
2037
1760
612
1168
4311
3794
9685
2888
6905
5606
2641
4122
4166
7222
6504
9435
6796
9636
2366
5070
6944
5655
4589
3356
4989
7946
3996
5398
6795
1250
1933
358
9071
5960
2593
1114
6852
7306
1644
2507
7478
9592
3262
1599
8731
1871
2381
7066
9016
4582
1184
6984
9030
9079
6334
6023
6373
7927
7804
7972
1244
3348
8404
8141
6117
5302
1471
9534
7090
545
7542
574
6920
5478
6975
585
2904
2113
7854
1656
3587
8705
7204
1597
3705
3000
5268
5568
7568
3673
8371
203
234
1866
6986
2513
383
6065
8630
5867
5186
8263
6858
5019
5197
3075
9755
6726
8212
1041
5586
2950
5429
8871
4654
5826
6085
1100
7984
8746
2809
3190
2416
4740
6207
3577
7042
3749
6239
8171
5663
2306
4133
5654
3474
4284
4872
490
8255
9444
2537
6929
7430
1105
6627
155
6810
8744
3005
4545
7594
9926
8257
6520
6109
4155
7017
4328
571
3759
3211
4521
3578
3070
1613
9775
8391
4097
5959
3511
8778
483
8088
423
225
1153
3970
2906
9362
4904
3291
1972
5694
8595
7726
9358
2914
6211
6144
5886
4374
9861
4746
7566
2448
3010
4716
7358
1106
6066
8442
2548
1327
2296
6730
9963
8861
2657
8142
2699
1645
9654
1692
9006
1757
4038
9361
4780
5615
2064
2019
8857
3108
4549
5348
3833
3316
1347
4691
4776
6326
458
2895
2551
4430
8655
9027
6082
3724
7286
4436
9510
5044
3349
3886
65
7020
6228
3091
4407
1867
2082
1702
1829
1378
4293
4669
4834
947
1815
9817
9761
9859
8181
5656
2964
3084
3485
2331
8468
9573
945
4308
859
5316
1247
9807
9630
1562
1839
2733
6874
7335
5513
1314
1886
8092
4195
7530
7490
1309
1966
118
2532
212
3335
5975
4424
4348
8253
5498
9793
8521
1667
7341
8605
6725
5269
5237
3315
9436
5228
4434
2121
5642
718
8114
7712
9523
7767
9847
1940
8764
4073
1410
4352
3449
6553
8335
8629
5359
930
3044
7022
2690
8526
1894
9835
6912
802
9659
3054
938
5314
4101
6354
6111
1093
5308
2744
8622
2318
1699
5917
7252
1056
6517
8056
3224
2838
5443
4707
8410
9480
4713
4274
528
277
5962
7508
6424
6618
8627
213
8530
4703
3074
4973
1008
5535
5532
1674
6721
2453
5203
6893
8565
3640
8479
5722
3924
9163
6246
4188
7749
5760
2041
9173
2354
5156
906
1637
9354
9493
6775
9410
3882
5032
9258
7960
918
1769
9314
8656
8149
5357
2981
8287
842
169
2050
6134
7444
956
2552
4046
6074
7375
5159
7812
4033
5173
5761
775
5779
9791
1994
2550
6453
596
5086
6096
8435
5748
5839
3777
156
320
869
4733
4264
4845
4531
3931
644
2120
1433
5966
9406
6951
4897
9456
6342
1688
6610
4465
2078
1455
9264
9127
6230
9253
3117
3572
3848
3960
5674
5963
5555
5688
3188
8498
7297
1423
2672
3454
6349
7305
4139
2909
7526
3446
1067
976
7748
6398
4294
5415
3304
3543
7914
467
154
4701
4893
5923
6685
6185
3906
6164
468
7381
1714
8098
4786
6084
5828
6410
3355
1756
5752
7298
2196
1689
3569
1037
1976
5678
7189
7901
2353
9902
1505
944
1203
6463
6428
1833
9829
3434
5665
9827
391
8070
1343
5936
4241
3448
6652
7107
3113
7842
3881
8452
7770
6393
548
7651
940
3913
5588
2530
513
2508
8564
3726
187
6714
8529
1321
1819
1881
7699
2438
5880
5198
9928
1720
9613
4920
6135
2910
6992
527
1421
1352
2227
5743
2128
461
6285
5624
2186
7546
3737
3685
1571
3098
905
9466
2704
1023
142
8128
2182
8828
7455
8562
108
9482
9730
3679
2109
6968
1270
5447
2359
3435
4129
565
7897
1099
6127
3255
4279
1158
8456
3168
6488
4587
7916
1557
7817
1511
7679
9705
1164
4998
3972
2213
703
9013
8063
1353
2194
4150
2380
1151
8078
8974
2494
4546
3706
7571
405
7268
9656
8134
7644
5649
2782
6499
3286
946
3828
5850
4583
3281
4257
1292
2467
8425
1060
3915
3934
9753
493
5853
2063
7756
4680
7892
5973
8765
9904
3080
1836
3423
6953
4138
2553
6829
1380
309
7121
9053
7184
5238
8463
199
3739
2946
2917
6353
2148
7131
1313
7395
9180
3187
8074
3337
9619
878
6833
1537
6238
5409
6683
2629
3669
4948
6457
7751
648
4735
6697
9818
5242
2664
1671
8957
9450
4382
5613
1227
555
3164
9587
1464
2582
8665
6345
5683
8749
2040
755
7940
6311
2431
9496
8515
8643
7237
8947
7538
1302
9602
7513
7215
2169
9951
9104
3056
8657
9942
2635
5712
558
8176
6272
6680
1373
5047
5480
4642
3557
9365
7607
8302
2625
1746
5608
9893
8109
4298
4591
2603
5038
5956
6988
3684
5501
7225
769
7326
9388
8158
993
3129
9842
5231
2377
3624
1377
8575
6585
6949
6315
5691
8448
4708
6568
6343
5895
3836
5114
4490
8518
5677
9008
7977
8555
1929
6900
5901
6331
8750
1065
2591
1249
7863
1654
5603
20
8096
6357
5419
6079
8727
7024
5890
3414
8739
554
6073
4907
836
8754
1424
6016
811
8146
4458
7119
2597
267
7061
4289
2338
2515
3546
6547
6629
8497
4087
3995
5984
3463
7815
3064
9229
4114
8983
752
6086
3911
2486
5713
9005
6480
8297
6928
2091
439
7603
9162
8225
3741
3616
8843
8536
51
9412
792
7640
8051
4462
6104
3209
8683
8115
1083
5456
2545
8405
6346
2556
1718
586
1879
1765
1755
9672
5118
134
7140
1853
4672
4185
251
6818
1089
4756
2442
6872
9226
8588
2192
5440
9176
7101
7230
5623
1085
579
352
8375
3125
5087
2989
4358
9627
1024
466
7899
8633
1064
2370
8777
936
6300
3438
8736
4446
6508
5212
6914
3842
8038
3592
9759
1920
2936
8951
2808
9154
3596
7795
506
3206
652
692
5595
152
9363
2275
717
5011
2814
6136
9353
4795
1534
5689
6129
7469
6752
1561
4247
299
1457
7462
1519
624
2008
3002
8534
2867
7888
7151
1709
2436
6600
4186
3472
8236
1893
576
7205
287
5108
3021
2746
6516
9103
9425
5816
4047
5798
9414
6402
7782
2595
2125
1014
5486
129
6633
4534
5620
4778
1542
7387
6000
4000
1551
2898
4581
3076
5115
2739
76
3464
5746
7947
3606
2879
958
5573
3611
4542
5700
8978
3468
5080
4717
7283
3221
2272
4394
6374
9918
6146
6365
386
5402
9394
2596
5371
6184
9550
382
8506
2760
8122
8205
6105
4618
6081
3980
2446
1137
7991
8239
1820
8841
680
1215
2563
8787
4111
879
3420
5234
4644
3270
2115
1012
2326
1186
3099
77
9852
6674
7695
8742
2046
2012
3682
3703
392
3086
415
6204
1772
5644
7522
5468
9210
314
1007
5881
5490
5565
23
3610
5914
9780
2714
2540
9813
6005
407
6269
2145
9820
302
7544
1775
7935
8406
2711
5522
2241
9921
9954
7493
1669
3771
9707
7678
5806
2469
3276
5054
9216
5510
2124
0
8093
274
2962
4251
6812
2729
9693
3755
3309
1861
5010
255
6286
1975
9507
9140
5506
4910
1305
8143
7256
3424
7917
7710
1297
5369
4760
6997
6115
4596
1941
9876
6176
2506
1541
9077
1480
6509
9352
7786
7906
4395
3500
2360
2769
5206
3712
8591
9477
5319
1803
6591
1156
2323
6543
1394
6884
9326
4788
4013
3531
6271
3998
3131
7247
3925
7058
5362
8307
3147
6960
2021
939
7126
326
7540
9561
9769
3260
8112
4429
653
6729
3707
1982
4006
6677
9967
637
2557
8048
888
4888
8046
2594
4553
465
6881
4664
9092
245
207
6788
7762
4578
131
9586
4761
7683
3986
2394
5204
1525
9771
5105
6443
2036
8677
4418
226
6776
3754
5967
7197
3443
2201
3566
3571
3668
5313
3057
109
1182
8638
5037
9331
7807
3552
8888
1280
3352
3222
8382
2051
6406
7520
3258
5166
6032
2780
656
4838
1108
6925
2584
8909
1086
3570
6150
3229
6871
1680
5065
6596
2027
4607
2705
6496
4473
1938
5831
8394
4535
6843
8619
5052
6321
9505
6686
4085
2754
5491
9457
5165
2070
4984
7116
3049
6955
9141
3926
6446
3954
6071
9135
9866
6797
6695
4419
6906
796
6305
760
9094
2032
1498
2691
7595
8040
6202
7108
9078
3526
266
4084
4454
8981
2273
3675
7704
5458
2389
7135
1612
1084
1850
4519
9579
9467
3243
7564
1544
9014
8118
7033
2308
9952
6644
2610
3204
822
2180
2542
1663
995
8208
8136
2740
8667
5088
8733
1707
5823
8156
5497
5021
8794
1224
3977
7269
8589
7203
9930
8010
5367
4259
3927
6242
7000
1229
7081
7760
5559
2535
6327
6722
7600
1628
494
8050
6889
3128
492
3966
7882
9423
1908
1825
5253
1318
1716
7008
8663
1049
4928
914
3109
7623
2899
3088
1949
3515
3796
2777
3665
5553
3031
8868
149
8664
4721
5343
5351
1385
8009
3725
6739
9501
3803
1963
3981
272
3607
6175
3867
9804
4787
3171
5073
5992
5255
9758
8691
7084
3272
7647
9854
1204
7554
9517
8396
9256
93
9478
4362
6769
6924
9527
7255
8577
1641
8972
8557
1725
5435
4677
2399
435
264
8578
321
8004
627
9469
9778
8178
3233
8077
441
9914
809
1771
4541
2391
3793
1691
7498
8640
4266
295
7779
3933
7620
1875
2844
3090
7030
5715
4532
4156
4190
7415
7384
8233
159
768
4557
3384
5775
6622
4106
1079
3383
8625
8243
5833
2387
9075
4661
6601
273
192
7162
2212
3009
376
5585
3155
2238
8240
551
9683
9032
4379
7681
475
9676
8311
8859
3430
761
4440
7557
3677
4719
8903
7787
9843
204
2190
2590
2101
1630
7285
5083
4695
5001
4901
6232
5138
4510
8198
7796
1499
2301
5309
3559
293
9238
7604
2321
402
7339
5472
9767
3585
8451
6557
616
7662
5202
2052
2628
8816
4227
9664
5576
4327
695
2541
6363
1299
9566
8838
6231
8057
9768
1632
7980
1438
5140
5570
9357
1133
6771
2795
7833
7150
1610
3728
1812
7299
1389
4964
6277
8305
4479
6930
9235
2526
7632
2686
3094
3237
730
2220
1962
4066
2695
7172
5653
2419
5493
6225
3761
5485
2004
6042
7519
2357
3145
3307
1586
115
1878
2958
2973
1223
7470
1767
9488
2874
7244
7183
2924
6437
269
8443
5334
6690
1728
6853
1845
9048
6275
4876
7179
5769
4213
8000
2300
9965
6894
7951
1510
9111
9833
2781
1569
5119
657
175
8966
1509
6577
4511
1801
6513
7327
2544
3788
8007
10
7875
1154
3615
8925
5188
6287
359
2997
7303
9884
3625
5983
1948
6445
2246
3743
5383
8669
4375
4658
4825
3632
2117
7614
7591
4986
1046
6330
6002
3416
5421
2409
3182
6237
1000
926
375
965
9981
6341
1956
1626
3297
4524
7159
3841
3792
1764
9035
2288
5113
9616
2562
9051
5994
8250
1786
1880
1710
5092
6649
2971
5177
8486
6619
1931
3279
5664
6368
7711
8572
9297
6384
5155
1341
5066
1130
2488
2828
7249
9408
7774
2343
4399
3391
3170
1453
9121
5597
3305
2375
8159
9432
1476
5462
3778
9170
6052
8943
2499
6409
3524
3657
5621
9118
6203
5957
8831
8769
3322
9543
4218
5009
9857
9015
8023
2473
7518
3604
3528
8185
6768
5153
704
7294
2237
1902
1134
3393
5840
8366
9919
4887
7992
9773
6021
1793
7844
7885
7506
2640
7855
5410
1712
186
4752
5256
3363
580
5101
2367
2475
62
9896
2658
1484
2978
7246
1402
9281
6857
5423
470
7555
2824
189
2204
820
4116
7848
1734
6350
8481
4515
1456
9418
2281
5297
9708
3083
9445
4147
2095
5283
3422
9303
603
1427
1097
4018
3956
2848
8309
1265
331
3403
3834
8853
9473
8256
9269
3413
6556
8611
58
8384
3694
3015
5900
4957
141
8106
7199
5158
2297
618
2897
7075
9188
6608
6688
6378
6794
8467
567
6335
4930
962
4945
3535
313
1330
8866
347
9890
3491
2193
7581
173
4057
8103
4603
9572
2880
6448
872
6257
158
6009
3818
1991
8628
7628
1315
2574
3622
1745
8471
1611
3740
5000
3518
3562
3689
9459
8052
7483
2861
871
9131
8439
116
250
1831
6617
4513
2611
903
3823
839
7365
6859
8774
5557
7093
9696
3634
8695
1687
4763
6031
5533
3028
2173
429
1627
3719
9808
6126
8563
9621
3837
6514
2707
6097
1365
1002
3928
3462
5393
124
6093
7529
8884
9581
4725
6279
742
6870
5039
4390
5327
9463
2911
9401
3708
9690
9328
5858
7484
8820
9228
8330
4732
1207
7329
3859
521
9946
6259
1828
5870
4516
4601
9439
9285
7282
4980
4962
6458
4444
5698
2767
4091
1695
8723
3052
9
9725
3648
4406
5378
1827
4326
8732
9610
7190
5223
4396
4370
6130
6191
974
83
8524
3373
3758
1282
6848
4699
7845
6422
5390
243
7879
5128
3179
2266
6039
2429
2892
6854
5143
90
8370
1624
1655
9875
5324
6057
49
1481
1927
9848
4478
2802
1113
877
1319
502
7672
8658
4729
9190
6764
7175
6522
3613
8760
7819
3277
2105
4590
7164
7050
4744
3377
2067
1883
2806
38
3938
6267
734
6828
5205
3875
1784
7957
5110
2312
8533
1430
8472
3747
2794
8458
5594
9564
6678
7722
9400
1918
3292
7757
2694
881
9936
2752
2257
632
1127
7104
6397
6423
4004
7808
6014
3908
6791
9657
24
1306
5464
1235
1212
8431
4295
4309
4161
2258
5875
6430
8157
172
8967
9299
569
9742
5437
6917
4794
7655
7166
5637
3941
9069
3339
7883
5693
9727
5675
1208
6157
29
7035
8850
4053
7610
4824
102
8
5132
4410
4881
5894
7501
986
5481
9348
8997
6902
9667
2277
8489
2493
5436
7251
5802
7397
4265
715
4392
2669
5091
5519
9589
8509
1887
4494
9528
7856
741
2503
4063
8131
7405
4885
3652
5958
8019
7133
8207
6165
3681
7006
9745
5015
1937
9240
5413
690
5889
688
5564
3257
5385
7482
1075
6506
9124
846
934
8334
16
1717
8464
9117
4042
2961
1500
8886
3410
4814
7831
4638
587
333
4115
4173
7112
7406
4058
6472
5893
1147
8696
3102
4495
8322
5477
6882
6873
4127
1804
1694
3660
7092
9535
168
9956
1548
9119
9309
4220
3232
2452
6481
4240
64
5290
3003
4605
2462
6501
5328
1121
2210
7473
7181
9821
6077
7675
5892
8717
3107
3946
7505
4598
2737
1369
5133
8459
2652
4334
5200
3912
4437
6153
1413
7645
1580
1111
9922
4967
1625
7471
1152
2748
7271
739
306
2843
5952
387
242
7560
3756
7220
1983
1488
2822
1387
2623
6282
8200
9789
2327
6687
5921
3268
5582
7355
6048
5342
8968
5207
5852
2757
9434
7671
4742
904
2529
3583
9841
8133
9865
7419
9241
3844
9583
3614
6696
3138
3330
7969
3200
2445
4709
3369
456
700
8748
7775
2060
2660
4253
7602
2189
9886
2567
2325
6336
1052
2352
1642
8102
3674
6811
6826
4798
3817
9729
2929
8189
1073
6382
8711
6926
7279
7955
5174
5949
4388
9029
147
1822
431
5709
8454
6255
8795
7072
6808
6563
4125
120
7227
1190
1185
8295
773
6252
6538
2580
7763
3095
883
3714
8188
8286
9606
5659
910
8154
6713
2039
457
311
5862
2612
6778
5536
5218
6036
3620
8670
9514
6308
740
126
687
4840
1608
727
8948
9399
7915
1254
5217
1300
9704
7402
4384
3440
2155
211
4846
6438
2140
2925
2680
12
6133
4551
1173
3469
9681
2811
8228
7288
3459
8935
5126
678
3381
2057
1288
3948
5927
5146
1311
4442
5265
9003
1986
7700
9950
452
6076
9645
3275
2937
1646
3766
2875
2430
8085
2575
5325
3248
3621
2963
4849
1234
8918
3898
3750
3564
722
3017
3488
200
675
6981
8915
1677
4611
294
1092
92
8249
8262
5640
1087
9254
119
5551
6648
4468
7451
4628
6976
4777
5581
4566
1905
3133
6367
1860
2365
5764
1349
7418
4809
7825
9246
9701
8889
1116
2132
9082
8753
2821
4476
9617
26
7449
7425
5671
7805
2363
6038
3824
2851
3536
442
1512
4868
6710
6029
510
8613
7643
6337
2178
7680
9249
2956
9565
9849
9274
9472
6370
6732
1435
9487
1739
721
5906
6248
5168
8689
6033
6983
4288
3864
1575
8594
4076
4482
4646
3729
7708
812
4636
8851
3988
2993
7461
7321
3140
7907
4296
1142
5236
3753
1524
9972
2414
4143
5074
600
641
1372
6737
9901
374
332
8032
9206
5149
4210
8470
2106
581
9638
8386
9525
5755
3429
6573
4592
18
9343
36
6751
5515
1243
533
7161
244
8879
8357
9023
8354
5426
1342
7308
3249
7561
4571
8681
3957
3127
8864
557
9975
5182
6035
3868
133
3858
9368
4365
451
9424
5845
5657
997
1529
7567
2056
281
5397
8811
8938
6145
4886
4501
9047
7694
920
9695
8584
4371
1187
8730
3244
9934
6576
42
1538
8673
2812
2968
828
6166
5279
6784
8724
8704
3782
4639
9831
9043
1004
205
5163
1271
5079
9560
7630
3658
380
9834
7018
9440
614
6037
9720
4620
3023
6376
3194
8708
4206
8899
6170
3872
5673
4491
5257
8821
5368
9147
6408
2649
4291
7565
1683
6993
3362
4351
8598
9738
4734
6245
8455
3696
2626
3722
7754
9889
4065
5465
9569
247
3512
816
7783
1914
8675
1921
1192
1904
4917
4064
2284
6692
4974
8090
1895
6355
8856
8312
5222
511
731
969
8246
2727
7005
916
5161
566
770
3225
4205
1172
2303
6221
1643
5171
9684
8011
9172
8950
5686
3203
9219
748
9451
4484
8550
410
1998
8137
3333
6676
8430
4657
9811
789
7109
8084
7487
2133
7691
4497
4145
4182
3033
5804
40
8087
1044
55
9734
674
968
8661
8116
1253
276
8845
9438
4261
8653
1589
8882
874
6534
5846
5211
9059
7870
3261
4902
9411
8523
6569
1440
2901
5926
7224
2344
3499
3520
4906
6519
9413
2954
7900
3772
9262
2222
8940
8770
8635
2531
2358
1452
4329
2815
271
4061
8184
2122
7228
8130
7724
88
2336
8541
5144
1178
1047
547
2024
9714
1638
1924
5185
2074
6186
3544
7579
8617
1723
8071
9846
6733
5627
5337
9346
9026
9691
5887
3063
5625
2825
4209
4223
5235
1502
3992
4067
8095
7458
9153
262
5827
3283
8971
9366
7416
907
707
6095
9597
5077
6800
3280
4131
4808
9869
1274
220
821
170
401
6945
1621
7401
7799
4443
992
3370
4254
9618
8791
3763
5022
4017
210
2502
2585
1155
2716
7374
8824
6583
960
8980
2434
9568
5276
1219
843
44
4385
1043
1301
712
1167
7348
6588
8383
1974
9726
3192
6963
8676
4504
2432
6586
1077
4282
4850
8191
9662
8931
9590
8020
9519
1245
4575
5781
4167
8104
8022
1585
2018
4828
2279
2539
5520
7806
9815
3810
9221
6091
3540
8320
3853
5768
5514
474
4508
1618
3982
4966
2558
2682
236
1797
3058
1653
5178
9752
6727
5740
9960
9938
3130
2410
2700
5825
8721
6172
9041
2058
5771
7385
677
2199
4092
2706
434
1183
1658
2276
9556
9532
9252
7634
8224
966
3909
5247
4753
1289
6532
9245
8414
5799
3482
78
7941
885
9022
9138
471
7038
3065
4455
5152
853
7764
1233
1559
7639
9227
8044
9506
9920
9255
3746
503
1751
4894
2309
8447
6268
1576
5658
1950
6682
7877
4389
9167
4
4679
3173
4690
5540
8395
6891
4835
980
3037
2262
955
4045
2422
9533
8586
5067
6602
4783
7719
3408
1434
5800
1969
5249
4530
163
7079
1891
3212
6711
6296
3425
9308
4036
7717
3215
6386
3236
5003
4330
8901
9665
8544
5226
5062
4841
9460
8911
7721
8642
4417
1238
2849
4837
4160
5876
7648
1467
3687
921
1634
833
716
5822
9607
5412
1705
4487
7446
6043
7076
3760
7776
1558
1516
4246
4995
4387
3105
613
1721
2089
8932
7202
9009
2773
6763
5232
2713
711
8740
2863
1458
8006
3623
9988
9268
7059
2947
3548
8752
6767
1145
2945
1196
5723
7745
6615
8049
7740
9615
6704
5704
562
531
9416
5145
7558
7597
7850
3720
348
7841
2728
8493
1264
6050
7840
8508
522
5662
3180
438
2753
4726
6449
1508
6694
7738
6078
9225
3688
8684
9197
4697
7548
9142
865
6883
7037
8201
7433
7236
9631
8195
5403
3821
2525
3111
1286
6636
6614
5
5280
5786
8560
4415
7612
8513
1816
4026
8254
9498
1533
1770
4671
697
6560
8213
5708
6735
6260
857
9270
917
9944
5972
7056
7569
523
4102
8780
3861
7990
6571
7590
7998
4341
5124
2559
2788
4267
7452
7212
9183
2836
7229
8580
4433
3123
3582
9372
2934
3900
793
9611
6582
3816
536
9744
4860
765
9554
1578
7442
5645
9012
5749
3920
9653
8885
9212
6546
4935
139
6180
8469
9476
3476
3325
9168
6494
7625
4522
9888
2600
3735
5941
5600
9160
7281
3790
7838
3412
9193
5832
8503
4225
3402
8409
3639
7894
8965
1266
7195
285
7420
9470
2412
2975
1977
2406
1842
4377
1766
5631
2135
3497
7479
6888
9686
5484
1546
8407
4536
2315
1383
5106
5726
1882
3969
291
3343
1754
9415
6933
6148
1080
6177
5626
8891
2184
4498
8097
1582
1017
5685
6352
4158
1917
9294
6101
1870
8076
709
3150
5829
7486
1832
7145
5379
5356
4368
5230
8219
2172
552
4926
4103
4197
7031
4934
9776
9805
8353
597
7858
776
8694
973
4483
5951
399
8834
4745
8339
117
4070
3034
9612
8953
1596
8310
9374
1750
9291
6061
5593
153
2662
5701
1935
1989
3721
9867
5323
9933
2149
2011
2094
8709
4459
4486
6439
9442
2481
2621
202
4290
8429
9731
2496
9272
3294
5031
2999
2269
7208
6088
7424
3371
3533
2712
8907
1874
4694
5767
989
7631
1120
3532
7965
6183
5860
6819
1513
9839
9511
2709
9243
8793
2415
5815
5602
9122
8519
8849
7784
6890
9002
178
4431
7353
5830
2320
9601
5873
4529
1328
2350
2533
6197
1061
8034
1098
3812
2085
3902
5311
4325
2922
629
3208
3093
1590
756
8660
2650
2005
6415
1039
1539
5448
4670
9417
9214
3999
5584
2454
7970
5401
3051
2966
5374
8437
5349
1291
2783
9378
3142
5741
5261
5730
2265
6411
4767
8735
963
6224
342
5199
6880
9087
5896
3404
290
8641
3306
2471
5288
446
4736
8259
2111
2274
7702
8803
799
8728
5987
8401
639
3958
8852
7349
484
673
9647
1690
8701
4832
6518
9551
1019
2601
9001
4475
1351
2643
9957
2807
8773
5191
3508
403
3591
8433
7253
3565
4715
1787
6435
6908
8432
5879
4667
6594
5135
5248
4233
7366
7134
9567
30
5707
4991
777
5819
4232
8817
3594
7027
4683
738
7771
1417
4461
7123
8147
9236
519
4110
848
9080
582
834
1629
4751
5364
6922
7736
3896
463
2330
366
2564
3387
5219
6528
3072
1909
6306
3825
174
8954
7120
9989
3939
4449
7925
4572
8318
4630
3238
9232
9939
7615
8771
4499
5428
9571
3936
1317
7154
6747
5981
9116
265
5321
6964
6535
7412
3321
5104
6620
868
3845
8073
5463
300
7866
1727
2576
4457
3751
3942
2337
6179
5350
2329
666
7936
305
8941
2304
4356
6388
6660
8113
4674
8276
2959
2107
2987
5209
9518
6100
8917
9462
1181
4453
7437
638
2710
5591
537
3465
1992
9697
5131
9202
4923
5849
167
561
8068
3327
4107
114
9157
8438
3121
9055
2482
4851
8553
1876
3709
4130
6907
5492
8561
6433
9266
4682
239
41
4805
8449
3647
2790
4621
1985
6749
1730
7835
2719
3576
9591
4403
1054
4895
8678
8737
4306
1623
237
2345
6545
4180
5061
7051
7132
2176
634
9955
1810
3259
8688
4771
8796
8988
2043
9748
7746
1325
5093
8825
8858
3893
7533
384
8647
6223
80
4165
5518
3398
7563
5069
2171
1102
9598
5427
2850
3366
9136
3178
7663
1170
6062
4647
4705
5778
8182
7739
9999
1260
7032
8626
96
8378
5617
4975
9045
5240
5945
1650
7626
8296
8204
1483
4833
2044
2747
6643
4855
7211
1252
7572
3873
2918
3626
7865
2209
9503
15
1826
6444
1666
2528
3542
9500
9515
7350
8738
5471
9765
106
5848
177
1547
9102
5986
4622
6118
9716
9421
9644
4123
3436
729
6205
7019
7996
4448
39
107
9359
4952
9099
5864
5016
5076
7153
5616
4839
2191
2949
4619
9588
1640
9387
4608
5569
7198
1031
7670
5376
2908
197
851
4944
3704
8173
1791
8232
3914
8531
7656
2522
5834
2146
7822
5229
9054
7881
9144
4068
7528
5246
3769
8490
1595
75
3691
150
5025
3762
7689
3608
123
1118
8014
669
7896
7319
2622
2402
9947
4728
7064
7347
6970
3878
6284
981
3683
5213
73
927
9028
8369
8202
8790
3597
2990
8782
1159
6226
6004
7839
3522
1222
395
1206
601
1038
6541
6716
9088
5036
3388
619
3805
7378
3360
1474
6671
9380
2615
4422
1171
9712
4335
5590
1774
3344
4940
5545
7703
977
316
8990
3189
8465
1442
2772
4149
6254
8898
7111
2126
6647
5643
7275
3310
1104
6702
1477
2520
4028
2637
1600
1530
3467
4416
8120
9347
2862
9803
5672
1583
3811
4747
378
2572
8672
3300
1995
3633
1577
4426
4870
6303
1157
3783
6915
2340
6124
4641
6750
9794
790
3266
5592
9044
409
9648
7986
3901
8757
696
504
2217
4438
7337
4346
3889
7649
5310
3965
453
1136
7467
8569
307
3320
6982
7218
3538
8510
7330
2170
8482
3043
8083
8585
8269
534
5274
4427
7041
4271
472
3040
6459
4141
1776
9367
6937
6544
3700
4074
5151
1331
7715
1298
2444
4200
4124
6414
8758
4287
9891
8231
5187
4096
1382
2156
8789
8516
3804
4775
2732
9342
5489
2474
5537
1362
8288
2743
4653
9677
6969
8876
8031
1572
1981
771
7382
5333
235
340
2776
746
606
9369
3148
6470
8999
4560
9795
4692
795
2681
1794
505
2665
4082
2675
5523
5258
9220
1932
8945
5354
3346
4044
9046
3745
6208
2617
3773
228
7889
8264
4586
3551
4196
9764
1103
546
2476
328
8779
4811
5116
7688
8776
1218
6375
3334
4925
9728
8549
5335
6460
8582
2294
8874
3645
6051
3916
1527
6236
679
7436
3389
3038
4121
8436
4249
9344
9449
5979
2263
162
9984
2565
5985
7049
7404
2980
3089
8593
7391
6141
9540
7551
7696
817
7911
5811
3899
9622
3651
9741
411
1263
488
6293
8869
8402
3136
8294
3019
7314
2286
3252
5810
9709
2569
7216
5460
1567
9754
1813
6580
3798
449
7099
6631
5751
304
6340
8326
2599
3935
9402
5629
8216
1780
238
584
3556
4238
6103
2793
32
5772
783
7100
2902
3067
2447
8616
6761
9178
1125
9083
8348
8028
6836
6413
592
615
7553
4310
2174
6024
3797
1964
46
1844
2986
9658
7761
4757
5289
1491
7963
5702
2602
7223
8507
6756
7200
4366
691
9305
5361
5005
1843
3888
4610
8881
5918
61
5251
896
6019
8993
4857
4996
4803
6822
1028
6642
7948
5745
3328
1602
498
2075
8169
3950
6265
9398
4617
7278
5272
4069
6665
3418
3141
8755
7741
3869
5932
3227
8125
1848
7698
2206
5546
2734
3642
5320
5847
1027
2439
594
3450
7177
1961
3699
6405
151
4500
7509
6099
2418
1392
5754
5812
3059
9461
9828
2373
312
1020
2477
5851
4203
583
4614
3453
104
8698
9553
4712
7272
6143
7447
9655
5422
7217
5024
1486
599
1444
4474
8913
6803
2374
1942
5284
8385
7876
9319
7466
1507
3457
7922
183
3201
8248
2280
9816
3055
1269
8271
4202
7137
1636
9056
9084
2648
6844
5130
2332
7207
263
6664
9247
5682
9287
5111
2
8234
573
9678
5004
7790
4466
9207
7379
9877
1729
1107
1726
7468
4305
9391
477
8332
5444
3196
3139
4965
2890
6281
6502
1855
4968
436
5650
5929
6122
6022
3407
7373
6820
6638
7788
5090
2472
1851
6575
1091
1768
3885
1030
8942
4056
2670
654
2639
7311
7254
3433
1568
7873
4782
2413
2290
2081
1360
7867
7445
9790
3870
5750
4985
9882
8926
8441
9894
2633
6659
1897
2103
1885
8768
1675
8963
4550
1951
5614
8258
7085
7967
8504
3727
4942
1258
2570
6012
3350
5417
1487
6896
4632
5544
8478
647
2940
2860
9733
901
9649
9945
5905
1194
5365
7742
2048
6167
1554
9785
3717
7422
9181
259
1345
499
9203
362
1553
4650
728
8599
6482
3723
8355
343
8792
1873
3027
5924
4299
894
1422
784
5660
6839
1945
2256
5071
3174
6612
7464
7136
9858
6736
3945
5970
2003
6868
7129
5157
1749
9052
3525
5721
6008
7550
2673
7829
735
9812
7088
4439
8457
2166
2832
8719
8975
7380
1731
3447
5903
2118
6456
6314
2560
7435
7106
5732
7023
1143
4229
5639
6860
4727
4766
1468
2738
6371
8477
6392
2218
7071
541
7592
2977
2876
8162
4554
9481
3904
7743
8532
7685
7474
4025
1799
7582
3891
2165
6003
6098
9290
3452
2378
4616
9174
8460
5920
8955
5965
3185
9661
2333
1662
2291
6007
630
3439
5795
4467
8840
6483
7517
3895
5189
1545
4698
5433
7661
988
5150
3375
2267
2068
6140
2816
8814
2310
7521
6083
2943
7586
2630
3406
4827
7176
7887
9689
7118
9628
3020
7939
3802
419
5307
3521
9230
8427
9966
7245
3775
5028
5955
6916
7923
2339
2813
1573
4194
3466
8875
59
6841
1652
2167
7798
1925
3983
1706
1565
485
9903
935
8013
8129
8741
4152
1021
7231
2420
7535
2653
3865
6189
5995
363
7089
8883
9943
2251
8412
2231
1821
6299
1846
6420
7322
8712
7192
9452
4884
826
7364
6865
3226
4445
7891
4373
6898
1922
6995
6244
8270
2889
70
9244
3929
8261
8444
5243
4718
4243
7868
6495
9300
6356
7593
9018
9293
8615
2763
2392
7185
6876
4297
7654
1631
4866
5488
4565
9552
7238
275
198
3265
6554
3470
3545
3808
4001
7769
1970
2547
496
4938
8350
3290
1335
193
9927
5181
6799
8960
9468
8005
8177
4349
4662
7113
4029
5930
1858
7174
9106
5033
1057
2158
4892
9145
1469
6121
2741
655
7994
5195
6712
353
6486
254
2362
53
3112
8127
7067
4903
4088
6552
5549
6106
4743
8315
7289
3554
1322
3278
6399
2480
4146
6020
9687
1598
5950
6247
1840
7985
9307
4822
3213
3104
8119
3069
6466
6416
5865
3143
5160
7194
9433
5607
1990
9370
2656
5278
2249
5572
893
5363
6333
772
9385
7718
2592
7918
3169
1359
4913
3897
994
9431
5180
2671
6013
216
9317
908
8380
6878
482
2405
2618
9128
8693
829
3161
9718
6307
2823
1522
6966
1248
501
4949
3314
2797
4363
7820
345
2440
4768
3785
6850
1915
2534
7988
6834
6973
4380
8327
2766
5381
7975
8716
3863
7333
5360
7934
31
4451
4245
487
222
4404
9426
3332
5318
3490
964
9351
7025
2856
6364
7047
6123
2566
550
3764
978
6566
779
1614
5526
232
2498
1401
7143
1160
2818
9576
8059
8072
412
258
4807
1391
7547
1409
2841
1965
4826
127
9777
7357
8163
3857
6823
8135
279
3519
7328
7052
4914
8424
9703
7057
517
6309
5450
9273
2866
398
3656
6163
9600
3581
7302
1068
8702
9987
1221
3379
4040
3530
3372
4211
8902
7733
3574
4899
5611
3813
2062
2701
724
9881
241
9064
6217
4924
9750
2478
4915
6339
8718
301
2177
6128
3077
2002
6817
9906
8908
9447
8897
4471
433
1059
4956
9546
3001
577
1830
3024
5899
4874
5935
6999
9205
2328
5982
349
4032
663
1953
6651
4848
5352
9513
1231
4528
246
1708
8161
5404
7930
6383
5392
9582
7525
6138
7453
4409
1536
4164
2742
4951
7448
4748
1619
6045
4432
750
5078
3516
3846
4883
8634
404
4128
3507
394
8812
6734
9155
1189
1907
710
8229
2627
1348
4163
2852
7843
4626
9109
1236
6759
5112
3374
8639
308
4749
3663
3411
1889
725
1900
8422
7500
9132
396
479
7909
8729
1446
7635
824
5521
2935
1735
478
3947
6403
6400
7465
8364
9508
7869
922
1960
6578
1556
5167
5439
9937
2720
4879
9870
9320
1257
4629
7638
6158
6112
489
3397
9428
1042
7074
1574
2457
4686
8303
8959
8984
1295
9339
7816
7257
5148
6369
5120
2651
1199
2674
9296
7830
4481
1884
5192
2751
2230
7731
6188
8679
801
4978
4320
2805
2501
1543
9826
4594
9257
8329
7210
6389
5394
5330
1290
1045
9639
4858
3289
4207
4562
4797
9559
4993
9892
5331
2960
5072
8190
9093
7394
2424
5098
1916
7919
9204
3479
645
4802
6668
6845
1773
7952
7414
854
6436
2749
686
3918
9446
5380
8275
462
9783
3589
7541
4344
7010
8474
6454
2758
1400
1029
5648
8842
4142
9396
9673
5406
1996
4750
2195
8806
5791
4781
9146
6162
8798
9199
8238
1535
2689
4489
3079
5525
9822
4119
223
2549
354
1462
8505
9844
5425
7552
943
6724
6558
701
8488
737
9980
7087
1783
7396
5057
6774
6754
7495
2785
5991
1715
4873
9623
8462
3732
1660
6447
2390
9536
1193
2495
8267
4144
1308
4400
4503
5728
6565
5785
6758
6706
7574
9698
6027
6825
6276
6901
9797
1418
1032
1082
5496
4171
6451
6723
1809
230
2229
6505
2996
2546
7122
5997
6875
5541
2408
5534
6396
635
7248
7345
6595
9625
3149
8832
9242
397
7575
339
625
4830
7383
5262
9874
2688
6487
5612
7937
1175
4722
5260
5370
7949
3234
6325
9169
9337
9782
9863
9735
4731
1138
1742
4050
2708
1437
390
8552
923
1954
8079
1639
5305
2252
5414
759
8687
3428
9830
2517
5977
7354
2676
788
3814
371
6606
2221
8662
3974
880
1865
9437
7232
2717
6214
6542
2756
8123
4183
5051
4021
7583
7627
4675
7439
4187
6998
3852
8265
4405
346
5670
7834
8461
3273
6070
5835
8767
113
4969
6467
67
7523
4285
8894
1375
5877
5338
1307
7273
8476
1957
3151
6394
9114
526
3331
595
3473
2114
1514
6786
389
8649
6815
3126
2979
7068
3851
889
9007
8922
8865
7352
4609
9389
3223
5027
2244
8317
5543
2159
4398
9110
5869
2692
9332
1859
4921
3672
774
8266
3256
7318
8446
1397
987
9825
2538
6055
440
4230
9629
8570
8418
6790
892
9711
2033
2034
8892
7429
8179
1034
56
1162
1570
5466
2578
1518
4685
3575
747
3547
1216
1837
5782
182
1748
8596
9430
5040
5934
3807
7103
6673
5854
6322
4318
5452
8880
7316
7619
8846
9781
6479
8223
7450
1744
5636
5227
2059
9549
9489
2685
227
6253
3529
7141
5220
4488
7295
9885
9682
5438
9158
450
2668
337
6227
2865
9642
5554
1055
2853
8706
7499
6251
2974
6842
2976
4331
1664
8609
6753
4193
4937
9724
7117
2884
3269
6196
2009
9105
933
6978
2427
7660
2589
4789
5137
9159
8919
4813
5355
421
9405
85
1350
3432
5225
1443
7163
5692
7148
4853
249
130
9853
6994
682
1396
9779
1209
9311
2484
5651
2696
447
8830
9912
5291
6809
9091
2831
2882
6574
3678
1050
5294
97
844
516
1701
6515
6719
8126
786
9982
3506
2215
4015
6869
3537
9545
4162
3456
8053
7576
928
9562
1431
2096
6425
3770
8896
9740
9531
7778
8998
7243
9760
1363
4890
9757
9916
1838
8064
1847
5882
3247
121
1555
7912
9524
3923
7511
659
1473
7263
4634
4089
9810
9837
4818
8290
2045
7609
2972
9509
5476
6942
6639
6419
297
9304
681
8403
2870
6592
1665
8537
912
4790
4645
1355
5434
4452
2511
3860
1681
9067
3116
1778
4847
8989
3568
8165
6359
4538
4880
5141
2093
589
284
4477
3876
4869
1096
1141
91
2065
6160
3062
5953
4579
4170
2663
6054
9420
8703
8659
3431
7929
2587
240
7573
1035
6835
4939
9465
5096
8747
5273
8781
4994
949
4199
9068
6155
2411
5418
2188
1788
7083
1340
4222
7759
9971
8002
8419
6941
2798
7475
9000
4300
3661
325
4060
4260
8214
5089
1777
8826
7160
4505
6034
4234
1370
9836
1398
5948
7127
497
3035
427
6292
1923
8587
5988
9522
8363
685
5499
4831
8336
2400
3427
9195
6837
9992
9911
5530
8805
9721
3345
646
7765
525
6728
4014
99
4981
1678
480
6715
7928
3932
7755
4035
4625
8117
9201
7235
9660
2819
47
7862
7853
5939
7570
6421
1090
3514
3341
9098
3082
1354
2150
1936
7872
101
351
2047
7682
4580
5164
5824
6469
9538
8836
1166
1279
1911
5938
4871
5502
6319
2571
1700
7003
8556
7920
9824
6645
336
4723
8970
9486
3073
7115
6762
4576
2519
7727
7979
5861
9271
818
4816
1176
5122
2020
7958
5634
684
6698
7186
6789
2152
6783
6280
544
3011
9458
5550
6804
568
564
5797
1119
9034
9840
7997
4764
7309
4612
1420
835
8937
2722
329
9384
6092
7260
9680
5008
7720
6785
942
4037
6040
6434
2030
7641
7459
6655
1528
2730
1285
4118
593
9350
8939
1284
782
3267
2235
8473
2035
6450
8110
898
5684
4201
3177
5298
5647
6198
5633
2871
8573
764
8397
5527
649
1993
5705
508
3910
5340
4688
6572
9671
5567
3698
2260
2349
5056
5473
4280
1805
8597
8522
753
112
4077
1390
7036
7524
9832
6273
8356
1606
2403
4711
6351
9113
6903
4052
6974
7956
1506
7173
1256
7310
4224
8837
7193
1296
1165
4615
1009
4312
5244
6080
7312
7536
4010
2382
520
8150
7931
8426
4666
8247
6607
9713
1523
8854
7578
3282
8631
7372
8099
330
1906
9577
1276
215
8710
7169
5267
4613
664
8065
5836
7797
3329
9502
360
950
1952
1255
1465
3006
6168
2234
3199
3736
8274
5915
9633
3401
4702
5609
5053
57
7291
2791
1872
2799
4687
6987
9879
8877
9862
5783
3228
2645
3029
9312
6366
6707
7725
7443
6193
7369
3892
6290
1489
1532
605
7577
9899
8121
2903
4724
9675
9386
2181
9137
3053
5699
2282
6744
5299
4376
7472
4226
951
1273
4256
1188
341
2127
1503
9991
1051
2240
6107
6598
9334
1005
5574
4316
9289
9455
6200
549
6156
4867
7669
8352
9427
660
2139
1371
6950
5538
8756
7325
9381
6510
8690
1594
757
1357
6137
539
8606
21
6943
5619
1492
8930
9976
5817
2919
9547
621
4829
1040
7233
3667
4526
7130
6940
2985
6864
4812
8491
5495
5978
560
5389
2667
6011
4055
3921
8934
953
7226
3308
8081
1605
1693
8680
1549
9149
3961
7029
323
2827
535
9608
7324
5878
3368
7549
7860
5885
7423
4929
7995
1789
3271
5134
2211
845
3791
823
5210
1579
8923
6529
3693
9605
6142
8583
2468
4696
4898
2335
7400
2771
5454
367
6256
5871
952
7012
4843
3826
4659
3395
3905
5531
509
2072
5142
6947
8887
8026
4817
9019
7926
7794
5912
1220
35
3849
1892
5459
9139
3475
1988
3646
6132
3715
4094
7624
3831
911
4959
778
2896
5014
8060
7728
4333
2995
7028
9390
6119
9011
9747
1713
7665
8003
1704
6895
8652
2175
4360
5408
8175
8501
9736
7124
1374
6075
5013
9182
1939
6757
3191
1740
4859
8105
248
1495
1604
8607
1607
3670
6169
8186
69
8995
9925
9393
8535
2483
623
4236
1117
86
6921
1011
9640
1501
8603
1411
5266
9555
8813
4480
3595
5006
3461
292
7758
3251
7598
9739
9542
2245
9763
9298
4078
9125
2479
794
5058
1163
2858
9574
4574
406
4012
1504
2516
5560
4120
1466
3158
1560
7864
7280
3701
9737
578
2938
144
5646
4302
1278
6391
9192
6879
7851
9177
6295
5270
9325
7562
6258
3838
7048
2202
9134
5215
2659
4737
1006
6813
5442
6229
876
1310
4624
5214
1661
1210
8304
633
8037
3695
6887
9964
3496
3697
6650
6670
72
3975
8061
4738
7262
4321
9323
3806
3510
4730
4421
6923
7390
5911
2346
3879
1531
2324
6304
7905
8235
5512
3967
146
5524
2099
4537
9038
201
7507
6241
6380
9743
3690
8475
5993
8500
8272
5109
9949
2514
4420
9233
338
1148
8480
2616
7426
9371
5777
4337
5030
7633
5622
1703
6113
1682
2646
5679
4470
862
961
9123
4272
1197
270
2293
4176
1849
7152
63
8015
2164
3239
9355
5399
5049
7315
6666
719
2006
7284
4215
1281
408
7791
7823
7516
6201
7157
4600
4509
4739
350
8890
9994
1376
1277
698
278
6441
6461
5500
1999
3799
166
5552
1441
2317
7781
3018
6990
8801
5196
6301
7342
1971
609
9267
5928
7532
3767
2988
2967
2536
2271
8699
9864
4877
8668
8164
5317
3509
3101
7491
1058
1901
1404
4908
7752
5339
2383
1198
5250
5902
6972
5064
2725
1320
14
8145
4208
8804
8985
5034
2449
515
5259
7053
8291
4569
2792
2715
8347
6979
1460
8268
3590
4540
1013
6064
6904
4769
7837
3
9801
5239
7504
7973
3165
6846
9464
3250
4533
6675
996
6581
4971
4544
6478
6468
8870
7125
5857
2796
6641
5837
2162
3097
8548
8025
1094
4774
7773
9558
651
418
4338
161
6816
4891
6708
5487
2855
5738
4593
572
7301
2939
426
3856
979
437
7168
6701
5727
9819
4648
5386
9039
4463
7078
335
6679
6918
5968
218
1115
808
7016
3122
2086
2586
1835
9282
7046
8194
6892
6151
6500
5539
7377
1591
8139
3744
6635
4367
1899
3710
3264
4277
5505
3061
2510
7531
7616
6967
2886
7105
1361
825
2779
512
2573
1854
5018
1070
9063
310
591
4307
8525
2313
9475
4355
9060
1795
3549
2084
2372
4408
890
781
2994
9717
221
194
327
5117
219
2347
5332
8036
9908
4255
8466
3110
2459
5430
8624
4882
9283
3560
454
4990
4313
7331
3302
6407
322
6952
6866
8377
9766
5449
8341
8166
1622
5910
2426
6935
8217
1620
8844
122
4081
8408
7629
3455
4345
8713
6779
9218
8863
2369
9595
7463
5944
8349
2203
5154
3887
37
4759
2015
5395
3323
4270
5763
3993
9880
6755
1987
8818
1088
8237
8368
9484
5776
7584
4086
1454
8218
1337
2311
7814
8325
4950
2543
4791
8300
3386
7187
7847
1344
1470
1332
3451
897
5172
171
8496
1381
3609
4655
991
4079
4354
6689
3156
929
3586
8415
4217
2786
2112
5082
5859
6026
2804
6243
8517
636
6216
6298
3444
3471
317
9036
4997
6320
195
4031
6060
8388
1672
8867
7494
3968
4214
9175
3830
5668
1237
6283
6936
9935
8245
190
3692
7362
7250
8313
2314
2219
231
1395
8221
8783
3285
6772
5042
4072
22
4864
5919
4548
6663
3820
4919
6059
6806
9327
6777
791
7861
5445
7954
1202
6182
7716
7982
3653
9107
6766
941
5341
6395
9643
3340
3312
1955
1798
4773
9120
8343
4080
813
8725
8400
5431
7932
1139
9115
5784
8815
9407
5838
1069
6440
8100
2319
8301
8991
9570
1095
518
1018
6338
8376
1928
8637
9802
9333
1072
7732
3409
1818
3357
7621
8720
2025
9209
726
8492
1283
2931
8001
3096
5400
3216
4343
1407
8035
607
2907
355
4372
3883
6667
3367
4762
4912
8632
3501
5503
8905
1806
932
856
8054
7800
8067
830
3843
2385
6289
9280
4134
8559
4135
8994
8654
1475
4204
1482
3193
948
6781
8379
9189
7007
736
5059
6261
2491
7496
841
9715
1329
2840
4577
6961
8927
4340
9448
7559
5233
4520
4656
2289
469
972
2187
4955
2016
7376
1324
9973
7034
6656
971
4151
6159
6524
2774
6218
17
5976
8193
2951
3046
2697
5669
5275
6801
2270
4126
5628
6192
7802
4896
9732
8809
2561
2123
1214
365
4633
5050
8082
8140
2305
9263
8808
5391
8153
2397
7515
4567
1617
7300
3048
1856
9909
2735
8581
7386
3484
8726
3317
5556
3829
2130
7239
6589
9062
7277
9809
915
3884
3421
5085
4660
6372
6114
3987
7588
6401
7945
2407
4228
9335
3442
2487
6312
4492
111
256
2666
2955
8387
9037
2613
486
8910
3636
9382
4563
288
1896
4678
8107
4108
2930
5183
9161
4539
1217
3092
1934
4770
532
6072
5872
3205
2088
7664
8172
3855
5482
3787
909
4099
6390
1001
8807
8800
9620
803
8612
5980
1494
400
257
7944
7859
954
5989
5029
1174
8992
9265
6738
9702
1200
66
1566
861
4003
2726
3493
3195
7013
661
4412
5271
283
8952
1303
8895
5441
3835
128
3742
5821
2869
132
5292
6740
3231
7677
6593
4889
8306
9061
1697
260
850
5007
693
9787
5420
7705
4946
7307
8206
2916
9070
5264
3943
6911
9278
2443
970
8144
5580
3253
6028
4954
4357
6742
8802
4976
7441
3437
5470
4252
5475
5733
8196
855
9548
6087
1472
9669
368
3186
7964
5169
2102
4323
6720
9315
7026
3718
8086
1496
25
832
1294
5940
4386
1779
1066
8566
71
9130
3217
7214
837
443
5756
3146
6863
2425
3012
8592
8920
432
110
5579
4002
6471
7999
8987
6173
6787
9040
7267
4030
9706
3242
9996
2437
5375
8281
2759
253
3274
5863
9931
9100
3157
1753
1268
2859
3795
8483
7539
157
9990
5405
751
3036
3748
4314
7826
3022
3359
8280
2864
9985
5706
5026
8546
2010
6235
5547
4456
2801
6017
4221
9512
1834
5971
2104
9688
43
8542
9900
7884
3364
5125
9895
1913
1316
361
2421
6473
3004
4381
1670
4319
381
611
6971
2485
4681
5969
1246
217
3132
1414
5396
4258
9208
2368
1796
4585
4292
9774
8091
1412
1762
6821
6886
805
2023
5996
4175
6856
4999
2957
2083
3489
2049
7908
9164
7637
3415
2878
9179
6540
2953
4796
9156
8494
8602
1439
6849
7240
7809
2100
7832
670
2983
3738
4865
2655
4159
7290
4792
9261
9868
8101
1063
3517
5605
7323
3580
5012
9784
422
3602
5961
8292
5638
9349
1584
1287
4936
8847
6958
5347
6996
8423
3399
9330
7846
3183
4485
8916
6328
7002
379
1485
5916
5842
7388
1711
3218
3588
6567
5511
6484
5162
7408
1406
3338
208
7772
3871
206
8620
2079
5453
4649
8707
4852
5193
8345
882
5813
9213
4009
8365
3198
7196
7737
9166
8030
9970
7880
28
8027
2404
2636
7488
7959
7182
1010
8539
3527
4043
8372
5020
7978
3481
5716
8527
6613
2261
1814
420
2259
7054
3494
6149
4693
6429
4643
370
5224
8055
5913
5818
5516
8279
3347
2921
699
2826
3477
5931
8904
8244
5758
3295
1124
4322
3115
6570
8788
3780
8576
252
8016
8873
9530
1747
1146
7687
4269
1261
8485
8197
6139
2762
4525
3991
8215
8111
3176
3994
6418
8608
2401
7065
2736
9494
3498
2770
5964
9324
3342
3734
373
5780
2000
8299
460
5753
891
1426
8132
334
6527
5147
8017
5245
9042
559
5787
563
6381
3039
2609
3318
261
9529
1364
89
4435
8763
2492
7618
84
1408
643
6831
3235
1415
858
9599
6102
8138
7622
476
7989
6210
8906
4823
2969
6250
5528
5263
4383
7693
1493
2764
990
9887
6462
899
7317
6069
8528
8252
9962
8961
9322
8226
8321
2054
1025
7942
7734
4506
9126
7898
6658
1128
52
9968
6503
1461
3985
7673
7363
280
2952
2334
136
7139
4842
4286
9073
6760
1003
6867
3293
3880
852
6985
590
7950
3649
5372
5630
4059
9948
4250
6562
4517
1251
318
6302
7785
8260
9650
6492
9194
8242
3114
8860
3680
3016
9279
7953
7428
7011
4523
5999
2497
6632
3219
5788
9231
4024
3702
9539
3964
6840
7810
9855
7902
937
4303
9171
6426
4136
631
5954
9108
1659
3874
3087
5720
4758
4933
1450
2157
2684
9499
5558
9915
9593
2098
8340
540
1563
2292
6264
5296
7242
5696
8445
2147
5998
3686
4178
2243
8484
6212
3417
5366
1451
7094
3301
5286
7966
6743
9792
6603
2026
6693
5411
8041
6861
459
4350
1926
9872
414
6094
2097
9485
7128
5599
7890
1144
4652
1479
1930
1738
9196
2857
2524
5796
7082
2619
3483
5509
5346
9024
7668
1161
8745
3160
2013
2579
4588
5285
4755
3241
6550
2604
5002
7611
5820
5575
1053
838
8167
3984
2817
6190
4568
8399
3353
1550
481
2090
9152
2450
2755
1076
6464
7993
7147
4856
8428
3628
7824
3066
5618
4570
9150
2151
3894
7789
2168
1984
7146
3124
9666
7167
7514
3458
1684
1540
2250
5908
5729
7407
8784
7398
4754
2687
5747
806
4324
3445
8914
428
3779
6959
3716
7968
2371
8066
5300
5287
430
1696
5922
8284
4514
6266
9624
7293
8227
95
8986
140
3627
6206
3962
866
1722
4573
3951
6063
81
1521
9504
5216
7893
6899
6897
3949
5312
3175
5583
7457
733
5252
5561
1230
671
2970
732
5868
1869
2877
4027
9516
9129
9151
7170
5737
6654
2982
4558
3659
4518
1036
138
7983
2342
2466
1447
6827
3137
7503
1898
7264
5801
68
5474
5382
8682
2698
5179
1733
4496
6807
1048
6147
7417
413
7871
6662
1071
6587
4637
3313
9961
7768
9033
7646
6209
9923
6717
8333
7219
9441
9521
2066
6360
2555
5190
588
538
4378
8636
5687
9668
5344
9723
3731
4242
5666
6497
4008
4104
7165
5736
5136
8148
3166
5322
2588
8453
7213
8420
9286
3400
3134
2224
8373
9898
9978
4007
2028
164
7811
7274
1959
7642
5432
48
6628
2833
2837
7206
650
2634
5315
6455
5127
2581
2001
7828
2784
6691
6830
6030
1131
8361
7063
4932
8618
7534
7427
6178
3060
8344
1944
7340
4983
9770
9165
1445
282
2029
5358
5947
4953
7729
1336
9878
298
1334
2223
2433
8108
4631
6431
7178
9719
143
7852
4016
8862
135
529
8316
8170
7338
6991
9341
7320
1743
7886
4174
13
7502
3495
9377
2642
4191
6485
2386
2141
2255
7801
1888
5856
2136
4900
6317
7674
4140
3541
4353
2775
233
2232
2348
3944
1807
1267
9392
5735
8450
3630
8946
7403
8674
4342
6637
357
4347
3135
1425
2842
4604
3026
863
6234
1686
7713
2226
7608
3298
5170
1
9379
8936
9345
1601
8551
8571
4411
3311
1225
553
5254
2913
9578
9086
6417
2080
8514
7389
8650
763
5176
2461
2607
1647
4401
4673
6746
3392
8759
9397
3245
3840
3635
9913
8359
2883
5388
4963
7367
2153
9066
1782
5652
2703
1033
148
9959
3839
3207
8964
4413
1403
5742
176
4423
7091
1732
5201
7961
622
9395
495
6609
6161
7142
2071
9422
7346
455
188
8697
6910
8495
385
913
417
2236
642
787
3866
7073
9634
8183
4062
8574
8835
3385
6611
3997
6805
5904
6862
9663
3637
1074
2881
8982
286
4820
967
6838
6240
5807
6525
7360
2509
7537
668
4559
2092
3599
2885
2683
4051
8822
598
9081
7938
3296
6957
5604
8969
2295
749
27
3850
7658
6329
6154
3638
9814
2116
9336
9940
8761
1478
2287
4216
2247
5635
2638
3299
9632
2302
7753
1515
6699
1967
3765
2138
4584
7454
94
2077
1463
8833
445
3220
5416
7001
8151
2307
3619
7777
3847
7045
2393
8351
8893
9670
7359
714
5306
7921
2839
6672
1802
8976
762
9873
7304
8646
8021
2460
4339
6661
4706
2395
7676
7015
5661
1761
4665
4819
9958
3303
8043
2778
1520
4262
6125
5446
4988
8283
7744
8210
1649
7556
2069
6531
3172
9798
1676
5601
7684
8700
3990
5100
7895
9031
7434
6362
7747
5843
6559
8762
815
3971
2991
33
8538
5711
2053
8554
8069
3287
9306
5942
5055
9133
9786
4982
9788
4878
8168
3603
1448
3534
4172
3030
4239
7485
9796
8241
957
8293
4048
7188
209
3641
2624
6015
708
2384
3419
9746
4153
2518
184
4552
7924
3774
9356
9017
984
5884
4414
2042
6476
706
8540
2554
1673
54
9276
5578
2242
4810
2356
5587
9905
6174
9329
831
4332
5734
8298
860
2992
9065
8772
6748
4168
4020
319
3963
3078
9198
8799
5304
9924
1241
8152
2341
819
3733
8722
4987
9575
1823
9191
9187
2490
9375
4248
1581
7421
1449
9585
6824
82
5790
1877
3655
5529
7241
6108
7813
1272
530
6498
2264
8666
137
2073
9609
1419
5542
4364
2915
556
7456
6041
8080
6512
6877
4597
6058
4663
8174
9050
5697
4941
6220
9364
4219
7910
1592
8499
5494
6511
5589
6294
7077
3103
7587
5517
8230
6977
8734
9722
9823
5789
840
2253
7697
3336
3118
2022
4992
5384
3922
289
3809
798
1379
6624
2845
8358
4105
6605
3940
6385
6530
5326
1910
8996
6310
2900
8487
2455
8956
1239
6131
3598
1201
4772
1841
3486
1428
4977
1386
570
6291
7069
7413
6626
2933
8222
5208
9237
1112
1262
5690
9313
180
7097
8421
7258
4304
7974
6344
766
1177
1903
8277
8211
7652
3752
1588
2185
713
5102
6718
1358
814
4198
491
4916
1416
3041
640
4547
1980
2893
1979
6233
4561
7221
7266
931
6361
3502
19
6640
9845
5103
1852
8604
2927
8651
4947
2007
2205
3361
7344
4184
3618
6938
887
8308
3284
5596
3862
6262
2527
8209
1346
3184
9076
2456
4469
7296
425
5563
6358
4189
3601
1668
4844
3240
9404
3827
7261
5407
4684
4863
8319
8949
665
4148
6493
2632
4595
4502
8829
6630
9756
7714
9907
3584
5814
7343
8251
2388
2163
2608
9004
1304
4095
2512
6584
3917
444
2458
1603
5023
7580
6946
1800
4931
6616
1259
7144
2605
4460
7110
2523
3930
2355
6090
8973
7080
6489
6537
7477
3181
9679
1191
2644
4640
1741
2129
3662
8766
4623
5345
6802
100
2872
5455
1615
8600
1758
7481
9277
8042
8567
6089
4235
1078
9537
6249
2829
5043
185
9871
9594
864
667
1242
7371
5898
5194
9360
5794
1022
3050
3730
1333
1648
3563
9085
617
3154
1497
1790
8381
2110
1737
9284
1651
8180
388
6001
2278
9302
2721
6194
702
7686
3152
4555
785
9058
3781
983
2379
2905
1169
9749
3144
416
9614
9851
7497
2108
6006
2661
2577
6989
356
8512
689
5632
2417
902
296
1862
8686
4922
448
8187
9651
9224
5766
4668
7692
8346
7585
7987
9292
8434
5888
5855
1015
8285
6599
1367
9799
758
4041
8958
7510
7392
8440
5373
4169
1724
5046
6387
424
4720
5762
7438
4627
610
1293
9637
3600
1943
5336
9850
8543
745
7617
9223
1616
2800
9471
9806
9260
6625
6919
9474
5095
3819
7913
3919
6199
620
9977
5084
5566
8331
9057
1958
7601
8417
179
2854
694
6579
1946
3100
8579
7492
125
6536
1388
9186
8933
780
7836
5805
8545
4425
8324
74
6700
1609
5068
6047
8389
3119
3358
7411
3593
3504
45
4054
2465
5129
4283
9259
1973
8644
8810
8912
6932
7803
8278
7690
9626
4602
873
4244
9983
3460
5990
2835
2677
8328
7971
1947
8568
9215
9710
2131
7043
8648
2464
9383
5770
7476
3396
6521
2248
214
3008
6507
8839
9772
2724
626
9373
982
7512
6046
8715
9941
3650
4157
3380
5353
2750
9563
8685
8848
8797
5907
5548
8367
5571
5017
4927
6927
2038
6316
1912
6681
6939
3351
7849
4464
8775
3558
393
1405
9338
7096
7292
705
6653
847
1122
6709
8614
4083
7356
2228
6770
98
5866
1393
3976
3326
2154
3978
3007
6597
5282
608
5874
3202
7155
3120
2678
1232
6621
1552
5075
2216
4785
4301
9700
5792
8511
2731
4599
2137
4493
919
50
6851
4741
8155
8124
3605
3405
8558
810
5045
7605
2810
4700
2017
2891
3617
2376
8039
3159
7943
6731
9200
4034
3854
4278
9288
6452
6018
5610
9652
5060
8075
4137
8520
9148
5974
867
5577
6913
6561
8823
8928
3365
6956
7368
8929
4132
2830
7489
2500
3014
9217
3815
3561
5793
1436
4806
3254
4231
2143
6855
6313
7334
2225
11
2942
7545
514
720
9250
5479
2179
3877
9101
2435
2396
9932
6297
3664
7730
7
7431
6318
3153
4447
2160
4090
4836
2207
3822
3025
2647
8089
8921
4909
9694
5508
2470
3643
2568
6634
1857
3214
3480
6669
1978
9544
6792
2702
9883
6474
628
364
6909
8962
4507
2789
7044
7234
8785
1384
87
3953
7666
1213
3426
6348
2504
2198
2928
3042
6049
1062
2654
7409
2614
2451
5809
6965
6068
3210
7874
604
4450
2254
1081
5451
9491
6526
2718
849
658
4979
4281
5695
3319
3907
7706
1338
9541
8018
8203
5377
8338
9454
4005
4918
4315
9762
9800
9112
2868
8094
9211
9604
7709
2847
8416
4710
8878
1226
6187
7209
5562
7014
5808
2887
6847
543
5121
8855
3768
4765
9635
1135
3937
8062
5184
4862
6623
4961
3032
3013
6703
1228
9239
7259
6427
315
3071
676
8751
2998
5469
8314
9321
2693
2364
5467
1752
5107
1633
372
7636
4369
827
6152
886
2161
5139
8008
4391
4815
7792
5081
2583
884
5457
3378
2941
7904
6347
1195
4911
7055
5424
5483
7440
1368
6465
8621
9295
7723
9998
191
4212
4268
507
4651
2144
8872
229
2087
4854
2820
8502
2787
9419
5718
6116
723
9409
1129
9860
7180
7818
4100
2505
1180
7613
1808
6948
4263
7149
9497
6432
2316
6056
3973
3390
3644
8282
1763
870
2948
5883
743
9095
998
6885
3654
5221
6782
5681
2361
6590
6263
5897
1997
7351
7606
1429
8323
3676
1016
7039
3478
2965
524
7361
1026
2423
2768
9025
4676
2031
1323
6181
5719
3784
5504
303
7287
7667
8601
3890
9340
7060
6171
2631
1781
9856
4970
7098
3246
3789
1792
4181
7393
895
1919
7432
2428
7599
5507
2076
6773
4943
1968
7370
3230
7981
9310
2134
6412
3162
8273
7933
7114
3503
6044
7650
4359
7976
1101
7191
3959
3487
9995
5123
6684
4972
4804
4472
2142
5731
2208
2214
9490
1890
9993
5909
7701
8160
797
9020
8623
8045
5703
6270
2912
8743
8944
3955
683
1685
6745
3197
6404
1339
1587
2745
2984
6555
8827
7102
602
4192
6490
3671
8979
2926
2285
4784
3801
807
165
7857
9699
7313
7270
875
4779
1811
5765
3492
9692
6120
5281
4875
1863
3903
3106
2014
6491
9674
8411
4543
2521
5739
473
6
4861
3045
7265
1240
744
4905
3376
4821
3786
985
8786
9275
5329
4361
4093
4793
3952
5097
7009
9453
3832
1126
6222
6332
1326
6539
4019
4109
8819
7878
7821
3757
2351
8362
3068
5937
6954
1132
6323
9479
6475
4689
5759
5744
4336
9010
8192
9557
2119
1759
2398
900
8337
3167
9603
6705
9986
4441
9251
9929
3555
6765
4276
5041
8924
8390
224
4117
5710
6548
3523
7827
8047
7021
5680
8029
2834
2283
4397
5387
6377
3324
6067
5099
7527
105
4635
2441
3713
4958
1564
3505
4154
369
3711
7336
1123
7171
2463
1719
9641
5461
2932
5774
7158
6278
