6663
5340
771
447
7296
904
590
7037
1781
9449
2542
2653
3846
2543
319
6143
8812
2523
8757
5628
9567
9488
3658
8581
7324
6275
7668
257
4441
7641
8845
5086
6245
7655
153
2768
7490
8022
5640
4943
9929
3148
3692
3367
1730
2720
9471
1768
5815
2713
4220
6777
4348
7584
2402
2939
7486
6553
1873
2538
2777
2611
107
4453
6742
1805
5318
2397
2640
2198
1697
7843
5110
3162
5087
2529
6039
9080
9002
9431
1584
2172
8224
8859
37
4924
8645
971
7669
2605
9901
43
3227
8807
6676
5953
285
8777
5363
6206
9907
4052
3929
4096
5700
4598
4620
2468
4798
8756
9827
2137
3260
8319
3601
1220
5463
9911
6921
3317
3986
3035
7332
2602
9495
5728
8120
3537
1855
198
7624
5234
2573
8794
9949
1462
54
1978
4570
7910
1920
158
5032
4410
2994
2315
9943
8610
8403
3553
2151
1300
3013
2991
2271
4865
6994
9814
4796
6913
3441
6428
9472
5351
8732
6540
3228
6233
7737
1881
8050
3208
3423
4746
5900
9973
9581
1737
3853
2798
3167
6470
6509
806
6381
6535
3756
8072
4207
7631
5671
2092
6049
9327
7512
3560
2842
3431
4836
4647
5522
7132
9118
1682
1865
7173
3541
6510
4495
5084
6160
4817
9893
936
5733
6011
4712
3135
7559
5105
7116
8502
1758
2212
2329
7461
9994
3805
2847
1535
3369
1242
2110
2753
9602
9561
7609
7519
7161
1394
333
1727
4393
9236
3269
1038
2935
6224
8929
6450
2891
9646
325
4477
1185
8375
9187
798
3206
8345
4461
9328
527
960
3962
6888
236
7670
6560
7716
9032
1093
8126
7627
235
7072
6212
7814
6734
4180
5575
2751
5372
654
8577
2693
9420
7610
1847
166
717
8067
4632
7759
6802
8971
2037
4907
3224
9112
5154
770
1986
8870
1615
4813
693
3397
1104
5822
2987
2140
6082
6790
393
5972
2862
1788
5636
5659
9332
5970
5977
4999
8336
2176
7155
2106
1095
6050
3253
8235
5884
1565
1503
6548
9946
9791
3252
9835
7531
8207
6076
7272
5042
992
5939
408
8666
9917
9238
313
8412
2218
2071
9217
4937
3019
6814
5944
4507
4757
258
4691
5828
6267
3674
4501
4918
8880
9500
6343
1887
3333
1048
7309
618
3278
5103
6059
6209
3946
5144
5177
1482
8219
8946
1017
1989
1463
456
1560
9531
4363
251
9951
6838
1086
6019
5723
1685
3017
8986
4741
4643
6105
1655
5456
5859
8746
8614
4203
2646
2496
7242
7233
6219
4053
7221
6823
96
4788
7781
1668
8488
3024
511
4955
2233
1899
3699
5466
2249
8734
7003
3803
5514
5437
9
7822
4885
3390
8467
3794
2337
4397
6111
3740
9848
9405
3022
5213
6629
5798
4612
7522
712
4748
3624
3842
777
8053
3614
5220
7180
2357
8562
9051
1493
9904
7572
3124
2100
2404
8764
3603
6776
3041
7982
1429
3342
5197
8080
3293
5153
1008
1665
5881
7930
7194
7820
6612
8436
1148
7294
6102
3600
9204
4848
2814
3549
1186
3325
3790
7773
9993
7223
7213
4272
5995
1571
1003
1599
3789
8353
9156
3654
315
9762
9686
8032
9775
8770
2772
3403
6556
3849
2503
5544
4446
8528
6174
5864
5616
760
9808
9763
6429
2417
2282
3593
952
4413
1997
2733
183
6778
7338
2643
6686
4211
2811
4044
7742
5092
3193
8323
6932
9566
8673
4607
410
2742
4157
3834
5757
5641
9100
2027
267
5606
8694
505
4719
6937
7667
2966
4202
219
2504
4382
1122
5193
411
2073
1690
4152
7195
4970
3404
76
1874
9233
5204
9548
6270
2248
7829
2010
9707
9447
5140
9499
6603
7963
9124
90
8071
9945
47
8571
8370
4291
2181
1762
2879
5399
5481
7830
3447
6469
8095
834
4221
1379
7500
3891
9875
3373
9803
6127
1722
7847
2364
1347
816
2355
671
1633
7616
7345
8655
4739
3010
7995
7126
8290
1711
1688
1826
8693
1169
9800
844
1700
264
6006
1157
9962
4035
1013
4126
2809
1509
2963
4506
6409
4489
6400
1816
2237
1924
5912
7872
7608
2658
8221
4650
5803
4452
3242
6973
2244
7355
5950
5591
6699
9200
7974
7523
9594
4270
7058
6015
866
1284
1934
5106
7884
4912
8213
5173
9408
1047
2082
6120
1386
7487
8178
4350
9092
9771
9748
460
9954
4186
4707
7439
1230
7312
584
8679
7348
943
5926
9926
307
7444
9151
278
2238
7298
711
16
6774
9777
4816
4744
9295
2025
6040
5978
4402
7157
4326
9157
4649
5833
4089
1592
802
7576
8522
7036
1311
1638
9558
7475
3977
8136
697
2268
8108
7951
2792
4445
2873
5800
7477
2589
2885
4463
8431
947
6155
6772
1649
2478
1748
9637
9111
576
7779
8076
2318
3782
7962
8686
7426
7628
6132
6052
8949
2269
7120
9305
4297
1264
788
1923
6368
9625
1913
2437
8427
4352
5743
9925
6682
2143
8143
1877
8886
5634
7832
1556
508
5842
3076
7757
6386
753
9179
7834
9934
515
1885
2024
3406
9329
9724
5389
6890
986
7879
9833
6333
8192
9804
4179
9284
9104
8790
5401
5677
6315
6424
7211
9302
8171
7419
2289
1374
2
2714
4538
1549
6541
184
8020
2715
5224
5425
2906
4149
4422
4966
4542
3079
6466
2033
144
4471
5781
6878
4803
8475
1519
5906
4698
8088
5969
6740
7517
4212
622
7253
4859
5754
4641
15
9242
9887
6061
5047
6524
7677
3073
9672
6229
1602
9957
7520
4101
9114
3907
1524
5342
6534
1580
7305
2454
3169
761
5210
7129
1146
6244
2197
1164
3332
4078
5492
6005
3890
3639
6167
3042
8633
6923
145
477
6095
8414
1344
2099
9000
8227
2947
2970
4724
1083
5115
5804
9585
7989
9237
4692
2913
6925
4772
3399
4219
4017
303
7135
3852
3671
5420
9614
6922
5327
366
5137
5251
415
1473
9199
8503
4628
9377
6348
1136
1119
6919
7650
7150
2485
7580
5577
1903
639
6591
6582
8523
2686
3356
5261
6215
4399
846
3565
7335
1578
9802
9766
9467
206
29
3491
4790
7380
1385
3033
1650
3080
5386
1356
9220
3283
6313
4575
2934
3302
9366
1772
6449
3892
6464
2858
6499
7858
4427
886
4923
6179
6746
8305
1071
574
87
1693
6847
889
3691
2918
5809
4844
4588
2068
9760
9085
3801
2752
2064
6598
2682
463
1456
7057
538
7696
9769
8975
4229
8061
4296
1992
8705
406
6075
9150
7636
9628
7836
9861
373
8724
3270
2305
4159
1712
7837
4940
5396
3490
7780
3422
6645
1375
2849
7810
8008
983
6918
8881
7123
4381
4476
1831
1947
85
7680
663
7509
2049
7917
5789
2261
7595
3196
5085
3244
2513
2766
7497
5244
8196
6616
9956
9333
5323
9704
5434
5693
3437
8438
2206
5332
8574
6787
3385
6150
8969
7124
9288
6354
4991
7034
6299
4591
7935
8151
8919
2907
7067
8268
2161
6765
1036
4256
6722
7179
6689
1211
7684
7365
7169
6700
4930
5973
5955
5561
6983
2516
3975
6885
7318
1308
9497
5101
7558
1154
1815
6500
7770
6657
6708
7472
8167
9130
1763
818
9622
2481
2088
1377
1002
1392
340
5410
6304
7262
3511
9575
796
9364
8177
5433
9409
9665
1930
7599
4977
3218
8926
9668
5902
2219
2655
4680
9757
6836
837
7250
8656
5353
4311
9776
8825
6208
4805
9394
7886
1398
2642
5060
8101
5549
9636
8163
8608
8033
1451
744
4205
3433
6990
6396
6530
3859
7566
4830
8961
4889
4225
650
4113
5008
1498
4204
1361
5445
784
8359
4139
5452
8834
4358
2116
1012
2209
7447
5980
3021
2846
1116
4241
9465
2758
4087
2122
2762
4559
5954
1486
298
5071
767
7071
6769
6617
4279
4192
9012
1006
8541
6364
5664
5248
4246
1609
1845
7026
2119
9961
3243
7390
4191
6811
3882
1458
5164
5179
5610
167
2458
1336
178
140
9557
2117
6112
1312
8492
8109
413
5221
4960
6494
4556
2933
1949
1277
7702
575
7749
4521
1754
6853
8118
9826
6880
795
291
5964
5274
8658
6169
8297
8707
6759
5595
7961
5786
3556
2607
5479
4651
9780
9443
5155
594
7826
8454
8103
4583
5112
8582
451
4519
4498
4428
5502
8738
1078
6825
9958
7031
6536
6576
6767
8819
9767
4851
9014
489
4823
6914
4375
573
3969
1828
8371
2472
5974
6443
9120
8665
11
8576
304
4020
1595
7441
5114
5691
42
3378
8745
778
5699
9897
496
4030
7350
1597
4614
525
8538
4239
8483
6703
9674
704
7689
5427
1460
2908
8995
4841
3864
4288
9742
1707
7975
3625
5625
6799
6331
9430
1651
1040
5812
2396
4068
6727
8329
1738
2213
3974
7967
8465
3533
5183
9789
1210
9543
7800
9969
3457
5219
188
405
5497
6826
893
2371
5288
6329
5404
6749
8300
8597
9920
8982
5282
640
2787
9849
7934
4636
3608
8469
9392
5080
3924
8795
4690
3578
1721
8173
9549
3729
217
8924
3648
8185
1901
9291
9194
1179
255
598
4333
9343
8835
7229
3234
3881
8238
2866
8799
3090
7646
8766
5799
5518
1775
2666
78
6453
9046
4081
3598
361
4820
5172
3631
9169
1553
2379
2755
9068
4092
5526
7277
4584
4812
1946
6690
6316
3062
479
1133
4447
2579
8455
473
8393
1475
3276
7433
2190
9015
7582
8463
2314
4622
4459
4984
3762
7864
7227
7265
2130
3011
3315
3768
6327
3816
9491
2465
7015
4916
3334
8179
3056
6017
6874
5208
5679
8802
5614
1273
6351
6655
3823
8421
6352
5307
5037
2594
9806
5075
4262
55
487
832
8484
8063
8774
3800
6735
6717
8651
8390
5853
4230
715
1228
3886
4314
7091
6080
2163
613
643
7679
5306
2276
9163
4247
1052
5336
448
4245
8210
4386
4729
7728
674
3047
1301
6531
8273
4952
9347
2460
1406
7850
619
6024
6107
7364
2628
3127
3205
3999
3489
8211
4837
6070
3616
1042
8761
910
194
9448
877
3201
1915
41
9393
4417
6640
1879
8531
2090
7297
497
9340
4831
765
1797
6300
8092
3028
6063
635
3874
5759
5382
4781
4509
5149
1201
9783
6108
6310
9539
863
6886
4894
7672
322
4913
3695
8052
8426
7591
2695
8100
4533
4779
4725
3091
8741
2066
6721
3105
682
151
8883
6834
8089
4115
8709
7888
5585
6122
1360
2185
4124
6927
2427
7681
8272
4668
6355
2506
6417
9573
6498
9484
3020
7389
2833
5553
3288
4547
2960
5320
1974
6225
3097
9896
3531
9772
1110
7909
4846
2157
1563
7526
2665
6326
4604
8442
8710
1709
3610
7062
5731
4801
5122
7604
5160
1520
3281
5036
9266
9966
4810
2158
8758
6691
7714
6636
3086
9570
7307
4443
8873
2995
3938
3896
6852
4484
2313
3880
826
3764
8865
3765
5258
3263
3274
4366
4173
8001
6295
7899
5559
6106
7148
7320
1995
4275
9358
3597
248
5899
7398
5573
2317
7563
7804
3941
6552
738
4412
7111
6178
7658
7094
3150
4336
6949
4679
2959
3649
6388
5957
2022
7451
1043
9782
7907
9965
6658
2927
5255
6670
5905
5428
5480
4561
8497
6383
6950
8148
9470
5328
2275
6892
5846
5468
629
9568
1303
4619
6490
9143
4469
9658
311
370
6747
7483
987
3031
6025
1973
4481
3040
1053
1428
2577
1814
6711
4269
5676
1683
9306
1735
4274
804
5118
8311
7648
7238
8378
7675
4218
8460
7052
564
9428
2278
132
8544
9171
6820
2687
710
4295
8383
4032
1378
6938
4567
3412
3539
6622
9979
7392
1942
8624
7369
3581
8271
292
4877
7957
615
3700
7025
5858
5633
1341
3168
5195
4148
4103
4791
8569
464
4286
4365
7731
9649
1505
9110
979
6568
7654
7970
1882
466
5603
1113
8112
3304
577
4578
9432
3068
8813
754
597
1776
2747
9476
4411
5831
4585
6750
1583
8247
468
9410
2435
3183
7839
1528
914
7005
9278
4976
4990
6521
8752
8823
9815
3585
3339
8134
3928
1909
776
2030
2630
5932
2142
3347
4085
9507
2915
4036
4949
4224
180
2718
8064
3505
3512
2863
8344
2971
1276
9102
9473
1005
531
5093
101
6289
2464
8480
2599
2320
33
9941
5078
3054
3046
2839
1011
708
6165
7740
7554
9967
5885
2414
2428
8769
9153
3807
5278
9547
1454
641
8518
3139
9550
9192
3931
2764
5946
6625
2883
5429
9844
1950
3916
5431
9225
2530
9287
8809
314
3305
8821
6282
6493
181
1474
1773
1114
6752
1433
7206
7613
210
6543
8641
2252
6882
2345
2473
9292
6058
4112
4676
2053
2719
3867
9813
9854
3697
3104
191
3158
9653
9276
1399
7849
9846
3247
7735
8730
5849
2627
1829
4007
1698
600
3134
9230
5837
7964
6719
4596
5478
9105
3045
4013
4840
5624
9603
5892
1806
133
331
5485
1244
8922
6203
6793
8055
7340
102
2290
7546
3876
2522
5147
2040
9513
4629
4351
3075
4957
9461
2507
2684
1530
838
4282
8536
8850
4424
7503
7182
5435
8546
8493
4025
6291
2304
4909
9174
3786
9030
6141
7988
5958
5552
8422
2592
3430
1999
8552
5188
6957
347
6558
1444
8098
6704
4593
5609
3967
8759
7449
759
5820
9743
8789
852
6653
5157
7896
7218
8308
5556
335
1174
8908
7828
8921
8330
381
7438
3753
3759
8661
229
7542
8234
3796
4998
5263
6780
3605
7541
2199
8265
2840
768
8448
4483
6366
8416
2541
5296
5983
5510
9856
5212
2647
8513
3522
3479
8079
8191
8149
230
8841
8677
681
6456
3989
3266
5096
7532
9308
9359
6216
5627
3381
799
4738
8459
6810
1618
1897
8840
110
310
4377
2757
7495
8347
7691
2638
8933
7805
1959
3050
4042
5862
2888
9793
4200
3061
9541
2675
5761
1070
5843
6730
1809
2349
404
2619
4374
9133
6142
7142
5104
5775
4356
610
4631
3973
4325
5254
1037
1963
9852
8829
1191
8176
9903
4657
2169
6043
1719
2220
6272
1676
4644
6803
6196
1467
5380
3617
7300
1808
7844
8527
9687
8158
1098
4635
4194
6666
6701
1187
9736
807
8805
9006
4455
3365
3743
3470
3255
3311
5997
5004
9520
4704
2923
2703
9406
3667
2510
2051
6656
4518
4541
4460
601
3887
2279
3250
1839
9650
7343
6384
9341
1774
8765
7459
885
1331
1860
1430
8884
7147
8781
492
2424
5270
4010
2796
9582
9739
4789
2596
6961
7776
7683
2477
8396
9360
7729
6900
3131
5286
7184
2291
6901
6394
4853
7922
1567
1318
7574
7236
8145
2039
5215
3316
5844
1425
2182
3799
5186
3926
9987
6951
3259
9882
3459
931
9620
3545
65
3236
8085
7023
7260
7383
92
3693
4151
1325
6471
4118
7788
6423
8959
491
8575
8817
1457
9519
8166
3030
4914
1824
1684
4767
860
4312
6488
9106
9722
1533
3425
7418
5505
2899
3599
8526
1350
1550
3972
7361
6276
179
6170
6875
286
7727
7210
4736
4003
5411
7330
1364
9974
3991
9534
6086
9055
243
4340
5574
3502
5207
541
8978
5860
9439
9071
5747
5341
4782
856
5176
6688
4091
932
4855
3678
3530
1534
4760
6724
368
6768
4989
7432
6335
2007
3098
2531
242
5805
3595
5893
5189
8720
7443
3815
7984
7133
5432
387
3612
5045
6044
9376
223
1720
9433
5243
6643
3870
6088
1713
3357
4135
7176
657
2528
6771
9065
238
8044
6457
3152
3679
4682
1422
8141
824
8920
8407
1542
8837
8945
1895
8955
3213
7790
4168
1785
3439
8363
8462
4132
8939
6827
7225
1194
3507
7096
7331
659
2595
1068
6051
3708
1765
4684
6407
5605
882
4086
4196
5542
63
3392
4074
9422
9869
8762
7088
850
9180
5123
5727
8406
8338
5527
5857
4731
8832
4875
9483
4843
7130
9988
3123
2423
8803
8252
2303
3320
7784
4763
475
3232
9215
4167
4342
4009
8269
3827
7016
5025
1791
7719
8175
165
1342
147
978
7794
2553
3469
2657
3471
2673
3735
205
1391
34
2229
9025
4833
5294
6505
3427
8688
1983
6074
2823
8451
2850
6766
9866
8990
1175
683
5053
1566
7164
9210
5026
3828
672
3584
7464
5262
811
9091
1424
5660
2308
782
349
390
6779
9121
6958
4974
270
9243
3480
6618
9368
9576
8573
6190
8495
7087
3528
1184
6580
6824
8712
5923
1496
1123
1271
4343
9953
4932
2521
9877
3726
7674
412
7709
2258
3154
8862
7704
8631
1600
7008
3516
344
1539
8301
1725
6185
2729
1770
2475
5802
9414
290
1933
5646
7965
146
3458
4903
8634
709
678
2779
7538
4616
7665
6323
4049
1823
1452
918
6069
8276
116
5015
5725
6319
6477
8672
985
8122
546
4408
8811
7543
9279
9837
72
3994
5872
9188
626
89
2973
162
696
9109
9148
9937
8557
6032
4290
8782
718
2002
2226
77
8604
9741
7113
6125
5787
4175
1018
9299
3811
4675
6980
7055
4787
7777
6084
4163
8791
1744
6405
8748
4579
2018
8775
272
8146
6027
924
5031
7193
8976
3467
6255
495
540
5806
2517
628
3251
891
5444
565
1075
2156
909
793
5560
6986
2455
5867
201
3538
3465
8996
532
7745
9066
7859
5260
3959
605
6067
4310
4723
6495
4123
3633
6421
2877
4771
6748
1427
3488
9805
8515
2344
3966
3810
7172
7168
1631
7454
6342
4807
883
537
9186
625
3721
6511
4065
7978
6945
5446
1952
2217
2645
1532
9139
3536
9918
5300
4662
668
5943
375
5069
7162
7567
1608
3835
2983
9640
3696
9067
7570
6023
779
7377
3354
4369
9293
6648
3394
7902
1784
3106
1147
8638
1132
7007
490
5898
4996
3645
5654
1000
4329
142
1677
7466
10
5647
4
7138
4479
3569
9635
7592
8739
6590
3868
57
1686
3820
3534
8193
3730
7189
1316
8716
6837
1020
2011
3396
5108
7976
899
562
1477
4263
9349
6159
3187
2141
8231
9818
279
9830
9184
7222
8917
6090
3862
6193
1407
2967
5619
8800
9689
9119
5996
18
7753
240
2401
9264
800
9503
6176
9412
7203
5287
1626
4467
4327
9745
999
9923
4880
203
5418
5209
8006
4321
4987
7197
995
6672
338
8742
9078
9825
108
8381
764
7671
1224
8397
6199
8283
9140
8292
1149
5354
386
5161
925
8648
8350
9863
2490
4829
1270
8164
5851
9375
3043
2021
2210
1322
6651
129
4416
5291
2659
3935
9809
8295
6908
8137
1159
9656
8731
5119
4750
6979
5567
8603
2848
3510
6592
2295
8153
2880
3432
6757
6893
7201
653
2023
1531
2016
2403
5903
5557
8420
9831
3950
6819
6915
4318
5162
8208
6707
3642
3190
8346
8988
164
7397
3159
5504
3223
6213
9173
8225
1050
9079
8256
5882
9311
3709
4057
5408
9888
7261
2432
8326
4795
2774
1621
6936
2389
2467
1234
61
3145
3023
2322
1261
2804
8927
6048
6227
9205
4899
1084
6161
7252
1783
5330
3594
7119
6871
8138
5089
8545
6661
190
5829
9196
7997
7442
1021
2336
1340
2283
8048
1214
2136
4143
378
8339
6117
9069
5343
3029
4785
1313
9940
7579
1811
7701
5838
5464
9900
5165
7431
6575
4835
3034
2251
5229
2928
1515
1904
3844
8902
3640
7678
7083
4420
819
1206
887
9218
2633
1891
2342
7685
4394
8947
3979
2274
7334
9035
9696
1958
8973
9728
8810
3359
5797
912
4169
9787
9711
2060
4147
547
3157
3795
6604
2328
6788
4942
9301
4678
6566
9829
1339
185
8885
2546
6473
9750
7158
8839
1066
5756
720
5430
3629
2044
4076
6795
9538
1321
5417
6942
435
9801
3182
5651
3515
7339
9717
3296
6887
1990
7946
8316
4396
429
7856
7467
5622
7412
2069
4670
7540
6896
6613
4544
5239
2696
4070
9054
5776
6843
675
4231
4280
5986
1525
1892
8248
6619
920
9402
6382
9486
8787
8589
1089
855
9116
7952
4216
6418
4021
9037
6281
8598
7235
733
6370
4058
4919
3194
6280
4660
5590
384
6930
8119
7293
1461
1590
5834
8867
6941
3854
5352
8643
4908
3997
2737
5580
4059
7256
591
1906
7373
2957
6361
9429
9797
2310
3518
2707
1297
2462
1603
7676
721
6254
4008
2196
1396
1541
3289
7585
5873
5314
1635
3475
6328
7806
3976
9451
1593
695
118
2856
658
9677
3812
3583
7287
3495
2324
5824
4034
1395
2807
7686
1346
7027
8956
7912
6581
5218
3016
4012
52
5685
8669
1388
345
6031
4947
1746
8049
3156
299
9070
4900
2704
8611
8027
5414
5635
4783
6243
5095
8755
2793
8131
362
9496
360
3543
1090
5346
9820
5751
5438
3988
8534
2949
4338
535
1607
6294
7292
5519
8162
957
2031
1025
2734
8031
2495
6177
3919
2126
8243
572
8384
4775
7915
2062
8482
9137
5301
5010
357
1917
4876
3845
6057
8698
3303
8579
7187
6822
2912
4166
5304
6861
7246
688
156
6465
5152
4963
7393
9383
2125
4373
2868
9142
4450
1792
805
2280
630
6812
9132
3287
5163
4037
501
2456
968
4004
599
6764
2759
817
3770
7556
2093
8584
1212
7354
2590
6876
2370
772
7659
9657
1905
6389
9170
6652
1848
2487
8466
9031
4125
5594
2256
6931
8174
9353
7496
6760
2698
6533
5652
1512
6999
9836
8365
6365
3477
3166
5910
2399
8450
9355
3018
397
797
5240
8856
4384
8229
9817
7028
973
1662
4320
7188
6963
3299
9452
3984
6266
2598
2311
7827
729
4276
4141
6071
1373
4364
9027
4367
2614
522
8664
8827
1363
6195
617
5148
5745
4088
8254
5345
9415
6647
1352
867
8244
5503
4737
13
5726
420
9209
4532
2748
6452
8195
7817
7323
9310
3769
3992
407
2919
1854
5409
6564
221
3965
5001
5508
5673
2084
3199
2170
2857
1716
8639
700
4387
4244
1902
8404
9018
274
9136
5365
5138
8892
1327
6412
8183
7263
8086
3802
7761
5245
7045
1752
3684
2663
9356
6910
7437
1802
4198
686
1152
2166
3561
7645
2231
8695
4946
3766
7165
3496
7054
4901
8332
5921
6218
6302
4770
1971
991
2560
3181
7877
5897
3866
9641
6816
3142
4195
7697
1403
389
7446
503
9705
7405
8822
4552
5377
6743
2656
4613
4439
3897
3903
1102
9400
9442
5994
2003
544
9099
9285
7038
785
2195
4765
2200
8440
5562
399
874
9474
9456
1589
1485
5126
8172
4491
3662
7069
685
4129
6972
2558
6860
7937
5531
4337
4625
4661
7291
526
871
1761
3291
1794
3481
2904
2270
1620
3961
1103
5299
4421
403
8733
8567
2569
8548
6520
4967
3656
7063
1026
8366
3548
160
6072
8667
8767
4671
7456
2838
3546
3550
8685
7245
6924
8505
9659
5440
2160
5861
5836
631
4267
5317
649
7881
3321
9084
8099
7932
1778
2341
4043
9380
377
4066
9379
2547
4531
2149
5520
5630
7276
7077
9061
7127
3172
2029
4879
1659
9617
8133
2215
4825
9676
137
5766
5794
9052
6745
3964
2189
2821
2343
8446
3240
3438
4346
4050
7515
1033
7103
5142
9624
8936
833
334
3851
9259
6238
2977
4797
1419
7954
7862
4265
731
9788
9361
5272
2778
8433
7688
7857
6933
1281
8286
820
2905
8474
3310
269
5128
7848
2843
2679
3402
4624
8394
4079
6235
4119
9454
8994
9960
1867
8684
6252
6940
3525
4664
7254
5412
6399
9609
1736
9661
7980
7174
5615
4395
1335
9865
3915
1156
750
8659
7099
5934
7374
1181
4986
8223
723
1818
3125
8398
4562
4056
3677
5816
3663
3409
8737
3407
7491
112
949
5532
8627
6539
4814
8706
2527
9185
6033
5901
5145
1779
1673
3380
5178
95
7295
3733
5543
6754
6638
636
6068
1945
5735
9664
2124
1
9939
9043
6879
6844
367
8501
7637
2009
2382
3419
7152
3318
1329
558
4626
8843
6339
337
7208
2048
6173
8090
444
6098
4516
2020
439
3958
6478
1912
5181
1431
2120
964
3745
3829
5642
3686
9726
5732
3290
5856
2006
7470
8395
5523
8894
6602
8549
6087
3389
353
6975
2980
9615
4162
3044
1916
2520
1402
7237
9774
9606
5139
8298
1508
8387
1196
7190
2162
3122
8719
2081
9938
2107
775
7121
8226
4926
5763
2831
5475
6694
3840
6870
8181
1760
5598
7507
3366
8708
6395
4917
8701
5981
1384
3146
3902
3072
4958
421
7109
8953
905
939
2700
5059
8220
2671
39
6577
8888
2754
6928
9260
168
1838
8348
5205
1415
7344
593
1875
829
6454
7065
7070
8535
9678
8391
959
4852
4332
4950
7011
2652
3824
6000
1610
8123
7122
7156
5716
4558
1162
9281
9166
6442
5778
5416
853
2710
9269
6334
7766
1080
6584
4451
5235
8785
9889
149
656
1348
4784
371
9828
6714
7279
1769
9556
6679
6574
6137
1801
9744
3596
2041
7435
234
9753
2445
8801
202
6344
8016
969
8447
9056
3038
5005
4488
9352
3209
9485
4878
3912
6060
1786
5663
9977
1338
6981
9972
5298
1435
3117
7807
2756
8237
9698
7818
5668
1793
5940
3037
483
7302
4449
6659
266
6601
4754
4862
3954
4061
6330
1158
449
9257
8135
7232
4717
8206
3547
5979
5714
8874
7549
5604
6463
3188
6565
3661
3501
4564
4606
9172
8303
2725
2159
5783
125
7869
8473
3144
9324
4858
6152
1832
6250
607
7319
7852
4047
9648
5774
6907
9178
2109
7191
6431
1365
1850
5811
7923
998
7243
906
7690
7768
684
2561
8793
4834
2724
3261
734
1643
5607
664
4854
2221
6189
8430
8284
3053
5792
3751
3338
5661
4925
5878
5003
1141
1097
4391
5688
7177
4995
7035
8331
4000
7207
8217
9047
4254
2165
4285
2889
1554
252
2604
9604
3265
1955
5426
8826
2785
7084
8413
8654
486
284
8711
4890
7966
1718
7014
9161
8461
5847
7505
1777
4982
2631
8456
1526
6631
6849
97
7114
8019
8200
7414
5880
1315
5658
8844
2699
8652
9053
5268
294
2325
956
7958
7861
2948
2192
3126
6964
6109
7478
1105
7
2319
6610
6798
5895
5120
3690
7075
9050
8691
8239
5840
5538
523
305
2637
6028
2931
8830
7754
3908
9022
3660
455
8566
5141
6138
6551
6733
1798
1817
6673
5392
5540
7284
6349
3571
5171
6956
4379
3453
1795
5214
2887
5367
8517
6497
7809
8715
7460
8068
6821
3727
1964
7598
4281
9596
563
5054
1536
1368
8772
3819
7931
1109
9910
3413
3485
842
9254
8401
4016
7241
4705
6710
6671
6705
2511
2920
350
7823
3705
7452
3990
2183
1366
7494
8897
2508
7783
2392
7066
5200
5675
8714
1667
1287
7623
975
8644
4850
890
1980
6293
5588
6317
4941
9996
3714
2046
7100
5388
1551
3858
8635
6489
7409
751
4557
4237
1641
5375
740
3440
2326
277
9441
9222
5242
2065
9928
7921
1527
1516
1221
8771
9159
6549
6286
8263
6864
7280
7868
5908
4181
8367
1653
8444
6458
5376
7102
9673
1572
6545
5666
6948
4666
4686
809
1056
1813
2153
2128
8065
3434
5064
8104
3500
2028
8619
1263
6856
8047
9645
7371
4979
7760
714
5397
984
7215
1405
6817
3833
1252
7306
6420
4473
6782
6226
9028
1699
1568
691
5029
8320
5350
2008
5182
8957
6514
3930
8831
4109
7956
5896
1878
6140
1442
9871
9847
7571
4383
5061
4323
4821
7767
3906
3340
3200
2114
9090
8318
8302
8362
2981
5355
1247
7657
9303
9562
3067
7095
7217
5066
5582
5737
3914
6089
6
6976
5395
9445
8105
1717
8043
8199
4482
5024
940
3830
1922
32
8274
5009
8609
876
2826
2288
8026
8824
9843
7481
5967
1369
9902
7143
2894
815
5512
8325
9601
1656
7311
7652
8556
6569
3364
3211
212
7905
8233
3472
3843
5216
8554
3630
1434
1268
4075
5347
3344
323
3804
2228
7998
7160
548
7060
8948
3563
9004
1092
4120
6303
4110
8999
9583
1645
1414
9437
7145
8625
2390
7384
5043
8563
8630
5460
3998
7378
6336
5796
3214
5866
8018
4304
3905
9733
8294
4116
825
376
766
126
4107
7353
4975
4390
1703
4826
3607
2697
567
7605
2997
676
9839
9879
1810
3170
3294
3001
7990
9859
352
8291
2203
1310
5631
5358
2050
5740
2191
3353
2418
5405
828
506
5724
7198
3026
835
3285
1289
8838
3273
9290
2015
7131
3540
6256
5217
3682
9147
5158
2309
4027
9487
1129
3519
2581
3444
4072
7955
9093
1497
4753
7732
4313
4264
5537
7647
1979
1060
3901
8424
9183
9023
3704
2852
5821
953
2818
6034
3246
6306
5121
3164
4555
6935
6247
7092
2351
9794
4022
5450
7533
9060
2346
994
1691
2063
7593
8280
6022
9714
5324
4722
5265
1215
7527
2688
7445
2413
5230
7313
499
226
9057
8900
794
4581
5423
3945
1743
5767
1421
4860
4806
8595
5102
3666
6205
8435
1371
7663
961
5935
4992
2975
2438
9162
2892
9862
7009
1256
3623
9778
5083
7039
220
7746
6596
418
2178
5360
7619
9388
1120
8615
667
2940
845
6851
6614
9267
2005
4438
8507
6695
8070
4486
2749
9232
9692
2780
8828
446
8170
4353
3000
8539
8925
1317
5134
9921
7562
7882
977
8882
2293
4444
4170
1438
970
6013
7625
4278
4715
8662
3384
5550
8392
9747
4560
7395
864
7799
1466
5333
3857
247
4308
1031
5945
9389
8410
6792
4063
8087
9336
854
9089
4764
6687
9481
6770
8653
8547
6290
4487
2362
5817
1893
5755
1636
742
7586
7730
2618
2903
3466
3103
5455
913
3567
8616
780
5280
9294
3186
1991
4155
7621
4114
1529
6502
7244
9198
1023
4808
6356
8804
6665
1876
9670
2422
1127
4108
1027
8132
8674
1510
4535
2394
1490
75
2626
5309
6984
4322
5911
3203
1627
3314
9263
5
4800
4406
1953
9768
9011
2407
8618
528
4494
6486
6284
2534
6188
6485
8441
9569
1168
7269
8342
6969
7499
224
908
4669
9912
6359
6588
9709
8023
583
1370
8035
5127
8324
4437
3711
1588
328
6253
3197
422
7894
4508
9527
4504
9312
4708
1041
2294
692
2089
9107
6360
3981
5825
5534
7703
7943
8066
1061
5874
3893
8911
3734
644
2348
8912
7480
2096
2497
4223
122
7560
9713
735
7310
4339
4307
848
3778
5020
9296
2105
6800
8749
5302
9710
3861
5289
2225
59
9878
9876
9335
651
7875
7725
6761
2012
2366
2057
8689
2255
6606
1755
2624
8923
3460
4973
8307
1481
2813
3012
4161
9514
670
6273
4828
17
7706
6632
1799
981
4615
1558
4073
1153
2782
5758
5222
6716
3184
4235
1919
896
1495
9457
4758
3499
1502
3155
713
5715
3573
3217
1943
1417
3591
6737
4425
2307
3993
9229
7401
4292
232
9440
6753
3517
5361
9097
436
4305
9795
8751
2871
1911
8385
1766
9963
9679
581
7758
1231
3576
8596
6035
1432
5156
2836
3085
8983
3724
8993
4093
4261
2937
3689
8650
6786
9756
2953
1288
9796
9651
7656
7271
5987
1787
2253
8077
5050
8532
9334
4465
8516
1455
1436
3143
9884
8682
321
369
4470
6175
6738
7535
8692
9823
6696
1732
5736
5686
7802
5422
9712
616
5779
6839
4972
6197
3301
9453
6064
2702
7925
7115
5773
2363
3774
9013
282
5443
762
8806
8288
8972
7202
3198
6739
6198
49
732
9309
6586
5998
4672
4298
7097
7723
1996
3229
1291
3676
1935
372
4303
3383
507
9434
3
2728
6729
4868
9735
6634
3878
3151
8622
2834
9036
5709
1138
6609
5267
281
5406
8932
521
6775
5985
2273
1390
8082
6988
9610
4033
2878
2832
8437
5621
3119
699
5058
5507
5551
7855
4462
2434
4667
69
701
2564
4534
5684
9338
603
2654
7933
3039
3736
6419
3331
1764
5028
7022
595
3424
3814
8314
2962
461
3398
5383
8583
6397
7996
3297
5034
9899
8629
3818
1166
4458
3268
7936
6042
4872
5680
8963
2622
6228
7411
2074
2859
2800
8863
8402
7792
7969
1173
8128
5276
8038
7821
2476
4054
9821
7885
8056
6301
400
2193
5584
2824
262
5470
8014
7589
25
7747
3738
4888
6447
9318
1192
6526
8967
478
342
3889
1204
161
1564
60
4733
3752
9886
4965
1330
1144
791
6230
2815
4594
6532
4580
5374
2998
3659
4702
3957
2593
6866
609
9094
1218
1209
2744
9464
627
5877
2440
9216
1238
9553
9241
4095
6960
3809
4407
3767
1353
6341
9563
9684
3647
6943
445
1582
7061
8814
3401
2775
8471
4742
2550
1483
3873
4359
3280
4474
6236
8560
2406
8411
2583
2340
3215
7741
6191
901
9872
1180
9694
4571
6258
8991
6402
6221
5133
690
7548
1286
7163
6092
1644
2771
1240
9662
2482
1894
8261
6278
3180
3716
457
1484
8037
3358
9404
289
3680
3527
1372
3132
3222
5379
9493
8372
2257
4847
3627
9146
9277
3590
9348
1250
2410
1413
9593
2267
6003
5765
8494
2201
5166
2019
1236
4640
5962
2180
5312
2287
1016
1977
1967
9255
9026
6841
309
363
3374
9983
9395
1257
6684
7601
9469
5184
9525
3943
8418
2951
2860
4490
250
840
7765
5469
4378
8304
2685
2608
3346
5167
3352
7524
3927
6448
7994
5612
7891
3486
551
1617
3130
7801
423
1293
6392
3171
6891
3349
1849
7564
432
1290
7281
9944
3003
3295
9816
4502
4345
8405
1812
9283
4856
6119
3147
6985
3763
8704
7074
5362
2358
9154
3066
2574
7786
958
1282
2930
9362
2969
2123
8264
1280
8914
5914
698
4654
6621
9608
6862
3462
5697
3632
1634
9725
6181
3949
9407
488
2094
4652
7687
3604
6697
4927
2356
739
231
3681
1241
275
4921
2139
365
8941
2890
8333
8357
6180
4228
3393
1857
9633
1675
4597
7136
6723
8519
9627
8096
5738
1029
6441
2452
7508
3455
6563
8901
2855
4687
7117
3822
7771
430
1642
6762
4587
4266
7473
8587
8833
9235
1695
2035
9074
3330
7568
8009
192
4721
3747
1555
79
6094
498
1259
3821
5746
5509
6830
4870
3483
8464
9081
1998
7736
596
4041
1237
8599
7987
743
5956
9850
1099
719
569
9354
9058
7755
9749
3775
2491
3442
2886
2489
861
5835
1835
4896
7352
3277
7778
1246
4232
1323
3239
2882
8114
2243
452
7278
6055
1734
4673
1825
9385
7020
4873
7878
3494
4001
3589
1789
5494
5190
9655
3175
8570
5076
5930
4563
9317
9919
645
7234
7048
9864
3592
1062
8443
1488
8944
6594
8778
6079
611
592
5385
8868
109
934
9371
4189
7316
2408
1576
3940
3776
4522
6904
1151
7425
9752
3118
2222
7128
6484
1742
9351
7428
1383
2535
8205
6242
9779
9436
7693
3551
3195
6269
2000
7694
5116
9101
4330
4251
7516
539
4208
302
3382
3048
6946
5941
8632
6129
4142
7406
6259
5271
6375
5335
9206
4301
1283
5305
3520
4954
8904
4642
2446
7948
915
1883
5150
7715
9234
7337
9990
6271
1733
1161
4182
7506
5496
8877
9867
2958
7370
9149
8201
1731
8327
9639
1954
7471
7224
1007
6783
9498
9986
6635
2584
9734
2554
2938
1345
6709
8470
7785
5563
6869
5784
6693
2582
4357
946
6261
2532
9458
2741
6030
5264
7536
9851
3588
1198
4048
9213
6214
3454
5202
4911
3706
4210
6314
8150
9042
6018
9322
329
2312
356
1188
2731
808
1790
4349
4213
6615
4773
2950
7666
3920
8386
5717
6542
8578
1890
9059
6373
3636
3544
6475
6446
6260
6868
648
9003
5626
7772
1910
8337
4978
8960
4938
9618
3637
5703
8005
5919
382
6077
6865
8486
9857
8889
7382
8277
5044
2488
4511
747
7528
5682
1750
4242
935
1213
3355
2999
2902
5712
1190
5499
4134
2786
3387
5070
1993
170
5541
1182
7981
9695
8257
6045
9221
5762
1696
1846
136
5006
2239
7489
1629
881
3838
193
2368
2235
8864
6501
2323
5329
3793
9494
4334
3257
5933
7960
3971
7887
3646
614
6906
211
4710
2383
4206
7192
1296
5136
6953
902
8374
2245
722
1022
8866
7301
7602
8074
6298
5706
3773
2461
8670
571
8106
359
4331
9868
2979
3449
3202
965
514
781
7938
9504
4576
2641
966
4645
3725
48
6460
7639
3825
4780
7530
9413
5769
9345
5252
4133
8204
8718
1299
4271
8820
2194
4249
8981
1480
3082
3426
7510
3523
7141
7682
276
2943
520
9268
4550
7219
3611
280
9372
7078
5048
4127
2405
9508
5018
3877
6881
4385
8024
9555
426
1900
4530
6321
8602
7214
6461
3279
5484
4665
4882
2929
6801
6037
3651
872
5546
1072
6369
1334
8046
900
3309
1960
9344
6265
9024
8452
4370
5247
7181
1925
6362
9289
5356
4315
163
2385
9086
8306
1612
8680
5016
3109
3345
1165
1841
1235
2036
9219
4289
7874
7086
647
9502
7212
530
2576
7251
9450
632
3710
1389
9621
1418
5107
2421
2334
9076
3717
5441
6818
6600
1106
6968
4568
1112
4951
5187
827
3219
1292
93
9316
2681
9834
1178
5929
2127
4931
2284
3282
6480
7903
2761
6654
2398
5597
2297
6249
2740
916
341
7391
6168
8275
3826
364
5949
9117
774
9683
9424
159
300
8281
5194
7632
186
4553
1577
5922
8683
3099
2232
6620
6487
8310
214
8915
9337
7266
7642
4589
1343
8743
8250
8010
1489
4060
1537
7622
5988
7151
7140
2207
1245
9446
9873
74
2509
1479
2365
7816
2138
254
8069
6401
5749
9723
9790
1654
5790
3478
703
1866
1189
3064
3832
5493
1034
4423
249
3163
1601
8312
5421
4472
3241
5124
2524
9584
7146
6967
2648
9746
2830
4099
81
8194
6010
7911
3129
5819
5099
2828
5780
4240
8078
4703
7325
9417
7833
2501
6867
974
8906
5587
419
5832
2072
6393
7199
1625
2897
6073
38
8512
5325
5364
5656
869
9654
98
8918
6162
4324
9634
2621
814
2415
9020
1126
2091
5696
5269
6182
2617
5359
7798
4656
3643
5273
8489
3885
5863
7137
1657
31
3482
5576
1470
3900
4818
9479
7638
4426
7175
7726
2145
6595
4024
2870
7708
1332
7485
3792
9595
4574
6118
6264
3405
7750
8222
2474
7842
2480
9411
4922
1319
3566
6008
7264
5777
9007
792
8355
5618
1908
6550
6145
5007
3944
9528
5131
2609
4316
5390
3256
5056
4915
3102
7341
7733
5807
8607
5823
7359
2644
967
7125
608
4403
3983
3058
4493
1928
7649
509
6007
7722
9630
1216
9932
117
9855
7661
7362
9258
3116
301
1217
585
728
3300
316
6398
705
154
6503
4799
9895
5489
62
4335
4566
6148
3687
9638
2129
7249
4811
5548
6664
9300
2188
3461
5151
8703
1863
1044
2299
6681
200
3847
857
7752
8259
6157
1145
2900
7551
8951
2922
2045
1623
8007
44
1858
982
9191
4713
7942
6103
3731
8818
9270
6251
4832
8439
6611
8647
6785
7597
2984
3837
8937
5876
3065
5275
5290
6637
7200
5681
1702
2709
9367
3865
3757
5917
3210
7186
5852
8260
1861
8713
922
6633
5236
3503
7479
4492
2735
7328
2205
9652
9522
5645
9544
2411
1137
7000
8687
4514
7347
4603
1266
9214
4711
8036
5565
6585
9001
2515
9759
5865
1155
1459
2854
3348
12
6009
2067
6056
2662
2466
2876
9202
3529
6210
6311
2144
1661
5199
4038
8203
6660
2606
533
4884
5795
7220
7555
1606
4121
6962
2264
8127
5583
7029
6829
3286
6991
1898
8992
5049
3947
8903
6712
9881
9168
71
4429
3650
8585
5170
9144
6567
1872
8246
6978
83
6426
5067
9959
5052
8928
2080
3248
7073
8389
529
5648
2992
4577
9167
1450
3055
5159
4525
4347
6053
5277
2393
6153
5674
4646
1183
2721
4106
6992
7835
3970
7018
6677
4480
2426
157
7434
6804
7511
1616
5517
4539
3498
7873
8369
8334
2926
8846
4546
485
6791
1171
2844
624
2387
2559
3445
694
3298
561
2916
9374
2562
318
3136
2914
6662
2635
5331
3653
1035
253
3429
1223
7553
155
9667
7985
6678
1439
5459
4761
171
8970
4945
3014
5586
3703
9123
1741
7860
1351
2300
9307
2974
3742
9755
2944
589
8628
5536
5827
8568
6720
3230
3108
1416
3568
6917
851
730
9798
1333
2942
7465
5046
1918
6277
9521
6517
5925
8262
2956
5572
8875
8496
9729
4005
7399
3622
2591
8898
9559
5602
9077
7240
3307
1880
1833
3898
8612
4997
3484
9224
2339
3063
4380
1871
7090
9715
1522
6134
3487
7900
4964
2901
8380
2285
2669
6559
1314
2004
433
5704
1694
5256
9223
4287
4944
7286
4140
7166
9231
9764
2587
6492
1559
2316
1706
2250
2369
6993
2976
8498
6262
1663
6589
3728
9083
1197
6217
7583
3329
9997
1409
5888
9947
9975
9930
6451
5976
8891
3100
4655
5742
3985
1081
8525
1579
9378
9716
2441
4540
4153
3673
9982
7664
748
8942
7971
955
5498
8309
5065
9572
1064
8640
8797
7351
9038
9824
1046
5487
6054
5760
3284
7118
1227
1382
4436
8490
150
2875
7738
3450
4069
7824
443
8869
1393
5495
7841
3360
1660
7991
9087
1408
4255
9247
5226
4891
2568
24
8499
8140
113
4475
517
1927
7968
7876
6437
3925
1689
4786
9597
9732
5453
2242
7838
5739
1207
4630
8907
4536
8590
1305
8637
8626
5094
4400
8152
2384
1195
9870
5764
5415
2111
2223
8051
1448
1724
6307
6241
7108
9357
6413
4341
7787
8524
2147
9005
8642
1757
3698
2727
7416
9571
612
8780
2439
5611
6675
8040
4178
8887
260
4415
7282
7368
6438
5369
1962
1077
5678
3372
3416
3379
3337
8530
2254
7051
873
2247
2989
1545
3153
2539
9435
9063
3414
9933
7947
7590
7275
2377
3204
587
5951
3791
878
9812
1253
9702
6435
1326
7890
2347
2017
5483
7044
2419
2588
8998
4674
6515
911
9195
2409
6128
8084
3411
8854
5490
7059
5292
9784
1957
3508
6833
578
4197
3913
989
2448
2954
2187
66
582
7469
7079
3319
8593
9211
22
3140
2386
8657
3327
5454
8958
5074
1420
6895
1355
4454
5710
5111
6649
6781
4227
2077
9577
633
5947
2085
1437
51
5348
8434
2152
4104
5547
7501
859
453
6201
8445
1982
9700
5279
623
9008
3112
7356
9189
7231
1176
4608
8255
9165
9740
5938
9319
6192
7448
3555
1248
542
4156
6172
7424
2555
3665
9477
1260
7999
801
2567
9666
481
2677
8011
7288
9971
2101
8198
9770
3238
5968
6483
6726
4293
259
7394
7950
2936
8816
6406
8296
5237
9390
1501
3956
9240
2968
5180
4234
4512
1125
471
8938
3575
5002
9909
963
3978
9455
4935
4503
5841
7040
7514
9176
5593
6916
1032
5971
9049
3216
9509
1569
7363
3176
677
5339
9073
7889
27
4959
3779
5203
3855
2450
7502
5672
5753
1889
3860
8340
8373
2797
7913
8779
6642
6232
6784
7299
7420
907
7819
8940
2586
1249
5293
4154
6163
2784
1646
3049
3788
2447
5185
3456
6440
6899
6605
5013
67
5295
21
5419
7756
9253
8997
131
2932
5649
7498
3968
2616
1275
752
5569
3059
6422
9858
2148
1771
3917
2514
7450
4839
5785
4866
2449
1412
28
7267
2705
189
4433
4993
9613
2649
6126
6156
4257
689
1362
3694
3655
5357
7209
707
3641
9845
20
2083
6805
5371
197
4528
1941
4376
5442
3375
402
830
7041
5752
2302
1202
7918
6516
339
4199
3746
868
2381
8500
8202
4029
1884
7569
6131
263
1009
1239
7230
7247
7004
7763
6970
9537
3377
5936
5601
5316
2712
1619
428
1222
9155
9082
5845
4953
3435
2585
2791
5830
870
7626
5097
1622
4294
2056
6434
6479
2214
7983
1124
9129
3839
7751
8600
3668
7617
2767
3910
4985
1492
45
5871
4658
3052
1464
283
5528
831
9605
4895
5130
8890
4706
6751
519
8159
8750
7547
4014
9320
6544
7012
6971
8382
2993
2803
6491
5959
4131
2683
2133
3189
6646
4793
1203
4610
8021
2174
2333
3670
5982
9175
9697
3267
2790
9616
1121
9754
494
5952
6380
7945
4064
8910
2400
9369
3060
3226
8190
1262
5321
2670
1975
4448
7825
3628
5283
5055
5253
2259
3418
9898
7561
9860
94
8039
3128
3005
1513
6350
8728
5476
5313
6832
6149
5462
5449
3032
5533
7327
4164
6390
2263
9586
8121
5992
241
9315
9706
926
4122
9463
1708
4968
5813
3737
787
7159
5887
3635
4747
580
5113
6883
454
4569
2556
1057
9019
9832
3580
9574
9208
1423
5524
769
6482
8130
7924
5720
317
256
2537
3618
1557
8341
9611
8916
3237
195
2378
4150
8423
4864
2623
6518
6626
4431
7635
2175
8980
5474
7043
6987
1969
4980
2952
8896
9915
424
6462
3036
8113
7710
1267
4002
6144
7521
1611
7573
1205
9350
6246
8253
5991
4354
7178
1094
894
5928
4572
9246
4755
6062
6583
6725
6012
2164
4062
4277
5143
5192
6036
493
888
1387
3464
9737
988
4209
1294
469
716
8354
8899
1705
9141
5117
4031
7739
9505
2575
1073
1226
5525
9992
8977
392
3911
9981
2978
1704
3428
8514
8784
1069
265
1674
213
7840
8478
8218
296
2743
2001
4344
7326
6683
4100
1085
222
9304
9045
2352
5077
7417
4046
2664
9321
6668
1504
9201
8102
6139
4792
4595
4418
176
8678
1666
3448
9999
3336
7629
7308
8747
4962
586
944
948
1751
3095
8245
8964
7926
7349
3572
2301
5391
7880
550
8013
6305
8356
6416
5073
8042
9883
2525
8041
3492
8861
1837
1647
7711
2433
4537
7662
8399
326
9034
6318
427
8169
3932
467
9885
7578
1756
1108
6630
2374
9017
5482
1723
3685
7698
1976
7618
4709
5690
588
1441
1907
8553
557
2070
7403
5501
9115
8197
5623
4520
4618
2853
7866
7387
5596
3798
1001
6459
7006
3586
1710
8968
2494
4961
3391
5662
9262
2544
2536
4887
1445
2986
5771
1024
7274
6587
5041
293
7134
409
6136
5904
2026
9892
6387
9466
9701
3634
7927
9275
4138
2173
8521
4871
9009
3408
3995
8129
5303
9718
3952
9373
3602
1004
6183
516
5535
2367
2783
1842
1834
99
9193
8232
1514
1337
6085
4466
3744
6353
4939
1548
7813
5570
8139
3074
1804
865
5393
1471
379
2327
6016
7110
3092
6506
6831
976
9249
638
374
5196
7404
3732
6288
3787
9029
6151
2597
2121
3570
2113
6078
8700
6115
7775
604
3207
5125
3996
1868
3909
9396
2909
3524
3149
5653
8360
2186
8601
1487
1830
5506
2444
6731
6121
4177
7314
3783
2054
1082
8851
5337
1251
3841
1948
6859
5665
172
6021
8270
182
884
6164
2955
5135
7410
6325
3963
1574
7329
5918
4633
7358
3579
9607
6998
2802
1552
8228
1856
9526
7557
7154
9691
5062
1491
394
297
8425
7474
8321
7928
2519
50
9478
1573
9397
3386
4756
1160
1096
1367
5879
9719
4513
3723
7017
3771
6944
5168
4697
1803
8543
8895
5545
3942
3749
1591
3672
3225
261
3083
7892
5839
5869
2350
5266
4388
3772
5891
4317
3351
9721
6427
4409
2451
5448
8681
9010
6897
8343
7594
9838
5698
6220
6444
2799
1468
1585
9088
9626
5965
3473
7139
5098
9506
6430
1896
5669
4524
6263
789
6468
2430
5368
1358
4883
7673
3113
1324
6794
3513
2898
6415
2459
9228
2795
3376
199
3362
9041
3452
1143
383
2667
246
6340
4371
9785
2112
2808
1232
8561
6123
111
5694
783
2625
1476
8060
4617
8529
4499
2498
3921
1426
5451
3562
8836
1827
993
2869
391
7916
2961
6166
2168
8893
295
6947
3872
9675
4456
5683
8735
2442
1652
7808
504
127
6758
5471
8313
7413
8696
8788
3552
8646
9048
9565
1782
5384
4543
4360
9386
233
1540
5088
7651
396
9914
5081
6186
7171
1446
555
8154
5424
9480
6508
3089
8753
1961
5530
9138
9955
4398
553
3323
3363
1142
1309
3051
237
1767
1914
1929
621
1966
5711
7811
8030
216
8783
1055
1115
2353
4094
7607
2910
6158
3335
5589
7010
566
9600
3493
5407
5617
2730
6096
6848
336
7552
2812
6650
1243
1648
8508
1926
105
8943
8965
1279
7545
2375
8428
2131
4716
6081
5768
5564
1937
9108
7104
2321
1349
655
5854
545
6100
8115
9693
3350
9533
9331
9346
1680
4663
3619
5021
5539
7258
879
3797
8879
2736
2391
4634
917
6528
2102
5033
7021
1304
9098
6572
1065
8675
9761
1807
2211
2457
8952
1269
4920
2701
4097
8966
2338
6997
9995
6436
6529
3451
1921
6026
7774
5718
8592
123
4601
9427
1219
2563
7940
4701
4802
380
4639
2615
2150
4258
4548
6680
2135
6320
8984
620
3559
8058
215
1163
5989
2518
9968
6268
1747
7167
1981
8671
6257
7795
841
7315
4018
7321
7376
4130
4039
6204
5132
9021
4259
1605
8117
3395
6414
4015
9363
9599
4983
8663
2629
2917
9490
2964
56
9382
1354
2726
40
3324
4045
8878
3463
1853
9989
9840
4158
7695
950
892
3626
7463
1074
5689
7400
8722
7993
5246
9551
8754
1745
3410
8376
6952
2706
1985
2079
7366
4934
4936
4893
7468
1233
106
8216
2224
5937
3002
8565
3869
7644
5394
3960
7476
4527
9612
2769
138
5040
4693
2204
3644
5017
6202
9580
4496
348
3101
9685
813
2819
8361
8285
8860
2945
7068
6332
9244
1714
8776
8740
1836
5966
3177
8282
5592
6573
3271
7972
554
1715
3564
462
227
3557
9591
4023
4948
6763
6965
3652
7901
5326
2134
4573
7047
208
1063
7402
5644
6274
2208
4582
2483
2738
756
6083
9853
6287
6527
4863
437
7653
6047
5227
2354
8853
3093
9976
4910
417
6240
8723
1128
9786
706
8212
2202
773
3262
7721
3388
5022
5228
148
1397
2061
8930
927
3899
3245
9516
6996
7064
933
7001
7575
245
741
8241
2146
88
6041
6579
388
7815
8002
8481
6966
5311
5403
8364
1728
1936
2988
6872
86
3806
9588
3509
4730
9044
174
6099
7285
5400
2380
401
4098
114
9631
6029
9629
8717
4696
6211
6474
3094
8062
8266
7797
9890
2746
6296
4201
2722
8160
4685
8551
6912
812
7408
2078
3004
6959
7346
7248
9564
128
6858
4083
2924
941
9095
324
6371
6014
9819
1729
1844
6702
7550
343
5467
4827
9708
568
9950
6297
757
2982
4637
862
5201
7427
7112
5472
5402
2739
5465
9158
7002
4529
7453
9492
6715
4111
8057
3939
470
7493
1130
9632
14
7870
3111
9647
3115
1864
8073
5730
6523
476
5461
4728
5211
3934
2484
6926
2781
9177
5039
6231
7270
8187
3114
9842
7216
7603
1107
745
1575
7537
8905
2668
9731
4592
120
7539
7853
570
1862
4621
3081
3760
5241
2829
3415
4740
3220
6850
8987
4328
6628
7614
3719
5051
68
6222
5890
665
4252
3368
8083
4933
8876
7898
8726
9908
5886
6207
1380
4778
7372
903
7845
4080
3254
9326
1851
9245
4857
7789
1888
1170
8157
1193
9135
8054
4611
2167
2990
9282
8415
1670
5729
6372
3615
4302
951
4928
431
5571
7056
839
6624
6496
1010
7462
5349
642
1118
6920
3785
2227
2412
847
9530
2760
3784
7897
4440
7423
6713
6846
5057
8293
2492
1499
1500
726
8214
5632
2372
3808
1587
666
6337
9280
8580
414
8586
6110
4102
2872
6555
3312
4319
8509
9720
3754
7388
9401
9906
70
134
7908
3275
1274
7455
9924
6347
7289
4248
7080
3087
4430
2674
5174
124
3748
346
9512
4683
3712
4273
8729
2431
1843
5457
287
7611
8540
9532
9016
8727
5513
898
897
1570
6570
5650
9399
7544
1306
8954
7717
8
2765
7525
6357
8034
5722
385
6796
5741
3948
737
1028
1598
9128
6472
6562
543
6367
4727
7796
3009
351
7620
2806
2086
5500
724
1630
7317
9642
3121
5670
7883
7255
7615
6467
7407
3863
9421
9623
2103
5931
8613
2443
5398
2098
9913
9145
7803
727
6410
5719
6374
4759
2335
8186
7504
4929
6728
7846
6004
7185
8558
8299
660
5378
4392
6411
6835
3008
2884
2835
3582
3848
2845
3420
2750
4653
7895
7633
354
1544
1401
5643
3514
5734
9501
8798
7588
4028
510
7303
8458
103
6234
1753
3781
9325
2097
2620
5705
6130
5990
7430
8017
3165
9403
3620
115
9738
5511
7101
5019
2921
5708
2236
4766
4136
1613
4193
7440
1200
6706
5600
5063
6133
9459
320
5319
7640
7812
2580
4309
6939
8504
9181
3160
3221
8155
3174
2052
3506
3688
3370
1381
3895
6842
5883
6669
6312
9482
2429
8848
7782
5702
1049
4605
5713
3027
1821
9942
1088
8913
8872
9212
9810
3497
395
6578
5629
141
4137
8156
9103
9792
9342
9272
2512
9998
4599
4586
9542
5072
2801
512
2087
4128
4902
2672
3923
2805
9182
5638
9688
5855
8491
6408
7360
8606
5608
4067
2505
6571
1687
5801
80
7606
8075
9545
3777
7904
5750
1208
8091
4144
6692
7581
5023
6114
19
9587
9122
9660
1637
9273
1140
2043
1586
1131
4590
8468
1640
502
2825
5250
5915
1671
1749
8472
3922
9822
1440
2540
3212
5875
8520
207
2865
875
5100
6755
9590
4190
4554
6200
5948
9592
3107
8909
7953
5942
4187
9510
7259
5818
8029
8278
6146
7085
3306
5175
8564
1229
500
1015
7342
2216
2925
9935
4602
8249
8279
8950
2816
3120
121
1045
3883
5090
9589
2359
5315
1254
6066
1681
3421
6807
7565
8003
1506
7050
8400
4842
9535
2436
9699
9681
938
6797
8485
2895
9126
0
6903
8142
4510
1938
8059
606
4981
3722
1517
8110
679
5381
6639
2689
5000
6773
3879
91
3758
6905
6857
7919
4517
7920
1543
2692
6292
6863
4362
139
749
5554
9250
3675
8477
7042
1972
6285
7105
6627
9781
1357
2874
2042
7865
1067
7769
2965
3831
4236
3173
4268
843
2691
268
3741
1939
3780
4768
8594
4551
173
3110
2985
6065
9927
6309
2108
2265
5814
919
9438
6894
7268
1796
8855
6512
7712
2425
602
1951
9468
5259
7612
536
1449
4090
6358
6977
8979
7385
5038
8267
4751
327
579
6093
6911
758
634
2552
6884
482
8934
104
6507
6808
8093
5344
6237
2014
6135
2486
996
7762
5297
8242
1932
9578
2361
4160
5692
8550
2471
7053
637
8328
4824
702
355
4526
2690
5486
9524
1759
5529
7239
6537
5707
4886
2570
5579
9252
646
3179
196
1639
4688
6308
4600
2500
4071
4464
5257
1507
9984
2330
1523
5281
5068
3918
4435
440
6116
1604
3850
6001
2650
2331
4183
1302
6425
4238
1039
53
4006
1820
6902
6995
1376
7992
7013
7205
5206
5748
6828
849
3933
3669
2298
3308
7144
2788
8857
6954
7867
8417
945
9751
5870
1298
4051
2277
9598
3088
5868
4774
8623
2395
187
3713
9978
7488
2789
4699
3987
8180
5613
4306
8409
687
1478
6873
3178
954
3443
4874
6597
5477
8690
2613
5620
5169
8236
3192
3621
786
5793
5920
9891
8240
8768
472
5963
3070
4253
8773
1410
3400
7106
2177
1255
36
1135
2479
8852
9416
9922
652
6248
1739
5984
9515
6789
7093
1518
9669
7170
5772
4355
9062
8368
1014
5687
5961
3258
972
2038
4243
7196
5599
2533
1669
3664
1678
9096
1859
9682
8457
4117
9239
1472
6376
5826
9727
4956
3683
4414
6481
560
8429
7422
6279
5521
8094
6020
6898
4250
2281
4084
7149
928
7415
5223
9226
6338
8188
4734
4904
9773
3718
1443
7457
8542
1692
9518
5014
9313
3521
7033
3341
4638
6097
7718
9203
58
4019
225
9190
3231
6324
7863
6608
3071
3715
1822
736
4809
9387
4845
5284
9425
7333
5894
4505
6889
6982
8097
7692
3817
8215
6845
2661
2470
465
2075
4906
3326
3096
1780
1278
459
8168
8537
6403
4897
5338
3526
3077
8849
3474
7764
4743
8432
3138
2717
7019
5011
4515
3761
209
1079
5447
1596
64
7851
8116
1628
9164
8144
5555
7032
4283
442
4627
2636
3133
3720
2572
4011
474
1051
4260
1076
4762
6184
7381
997
8617
2716
9248
8842
1988
5810
669
4419
7893
3657
8985
8317
6378
6607
822
6439
6538
5491
3417
6154
556
7429
880
9680
4898
438
2463
204
1307
3007
7257
8725
1726
8555
4184
8012
8025
4714
8165
82
7914
4804
8760
5387
5909
8351
458
1134
4105
9207
7030
5129
6809
9758
3361
8377
5373
46
2058
3739
1956
4026
7534
8028
9314
1359
8744
7421
1870
9489
6806
4368
8315
7705
4735
2864
4214
7081
9444
8045
1819
5079
6377
8786
1150
2773
306
7713
4609
288
8287
2184
1840
2260
9381
6038
1172
7724
4794
2499
4389
9152
9297
2266
4497
2680
7107
9765
1054
480
1101
7596
1177
244
1091
3904
6554
9511
8230
1100
6974
6685
3750
8161
9040
3069
8419
3015
9419
6855
8989
5231
6929
2911
1965
1562
4146
6404
7153
6104
9560
2896
6989
7492
1886
8124
4892
4720
2841
746
7748
130
8533
3707
1167
3468
9418
5436
23
1059
2240
9064
4700
5578
7793
8591
7290
2996
2360
1411
441
5667
3446
3084
35
4300
8487
2820
518
4867
8349
9916
8559
6547
2612
1465
2493
6283
2549
3504
8453
1019
3313
1987
4055
135
8702
2893
2373
2545
8660
9880
6194
6744
9517
4171
9423
8335
5808
1447
7986
3936
7939
8697
5091
3587
8408
662
755
942
6504
2376
8388
5924
2076
810
9197
3955
9980
2388
5655
937
6432
7977
4659
7283
9131
6593
1984
8107
2557
5744
8572
2453
8081
271
2632
3057
4815
9905
7906
4777
6877
2234
524
5439
8322
7643
330
9523
6433
1117
3292
2634
6623
4861
358
6455
1469
8699
8449
2548
7098
6641
3554
7183
5334
790
2171
8506
9540
3322
6815
5960
3137
2502
9663
9265
2566
2827
7204
2306
450
4769
4969
1869
4971
7600
9072
2881
3856
3025
9398
5473
8147
9970
1664
9644
1944
4881
1328
6813
7734
2292
1800
5232
4988
9330
7076
8125
9894
7396
6698
1285
8209
6732
5975
559
8721
6561
5012
2246
6223
2610
3264
3185
7458
7513
9931
6046
177
5701
5848
3875
3577
661
1404
8676
2262
4648
6513
2332
8258
1400
803
7871
9274
2946
8858
4077
5198
4176
6091
534
175
273
6718
2055
9546
2526
9874
6599
1679
7529
1561
3558
9160
8974
5999
8479
8736
8796
552
9227
9991
6239
308
1581
3951
5788
4745
6674
3980
416
2179
3613
5191
1320
6557
8962
3542
332
9370
725
9579
7941
2095
5916
143
5109
6002
2286
3813
3476
4681
4432
9952
3436
4752
1624
1614
218
980
4545
7046
9799
1295
7700
836
7357
2115
1511
1547
9529
3836
9619
152
239
6113
4694
2420
8015
4689
9261
4174
4185
9460
2104
6840
2660
2603
5770
962
2241
9127
5913
5782
2763
4695
2565
7744
4434
7386
4549
6379
26
6124
6741
4233
8000
823
6345
6644
8792
9251
2155
8352
7959
8871
4822
119
5308
1672
2723
7707
9113
1258
9134
7482
8649
4623
5027
4188
4718
6391
4869
9384
6171
8251
7929
9271
9536
7024
6101
9475
3233
1740
398
4749
4226
3894
484
2600
4776
3702
8621
8636
9936
3755
4905
3982
8847
858
5225
9391
5721
9690
2651
5082
8358
2694
8510
2972
9841
1111
3937
7367
3888
7743
9033
2867
4849
1521
6854
8668
1594
2676
763
5515
9339
1701
680
100
7699
6385
2794
4040
9985
3191
7587
6522
1087
4838
3606
2578
2639
9554
8289
8184
4565
5146
8111
4457
8620
7634
1453
4361
6934
6519
3371
3871
1940
4819
312
1658
1272
30
3343
4215
9552
7082
2416
5907
1852
4217
6445
5035
6476
7577
3638
2571
3532
4299
9075
5657
4222
4478
3701
2469
2770
4485
9807
2047
8511
7273
821
7379
1546
8189
673
4523
8605
5581
2118
1199
1225
3141
549
2817
7973
6736
5233
2154
9730
7089
2678
2032
5285
3574
5637
7518
895
4732
3078
2861
2837
7322
5993
6909
7630
2810
9365
4677
8182
3953
9256
4145
6756
5566
5558
6346
7304
5791
2230
7854
1058
9125
9039
9671
9948
4405
4082
5030
4726
4994
4401
5488
930
5370
1970
9811
8588
1968
5639
7484
1139
6147
6546
1538
7660
2296
4165
2711
5310
5322
5238
7720
2745
990
7949
1265
9426
2822
5458
2732
5249
9964
9286
5516
1494
3272
2941
6525
5568
5889
2013
7336
7979
513
1030
4172
2132
921
3235
4442
3535
4284
6955
8815
7436
6363
5366
1994
169
7226
9462
8808
4468
3249
8004
8931
73
8763
5850
8476
2776
425
9643
3328
7049
3161
929
7831
3884
3609
9703
7375
2708
3006
2272
4404
7791
2059
4372
5413
4500
8935
5695
923
1931
2601
228
9323
7228
434
5927
2551
6667
1632
6187
8379
2851
6322
2034
7944
84
9298
