8412
228
5065
1124
4985
6643
9869
7345
147
1046
47
4014
5160
3323
3374
2562
3782
672
758
2678
7527
6316
3420
5352
4625
7756
2337
9573
1687
565
4880
1650
9415
5440
9190
7936
1091
7471
3943
2930
981
4723
2912
2649
7559
6744
1577
8975
7442
98
6234
6737
8253
6903
4940
1149
2431
3125
8403
5048
1884
3998
5857
6614
1632
942
6273
4748
7785
5367
3948
6508
1459
6196
3916
1633
8429
7625
4251
3594
8938
9342
8243
3046
5472
3321
5444
5469
7302
5837
2339
6950
2360
1957
1648
6976
6026
8704
1390
3353
9901
7669
9750
549
3486
3309
2315
9268
1255
5929
4720
8476
4767
5686
3088
7469
9282
7092
4544
8451
4375
6384
890
2481
2646
1330
5968
2175
7259
1388
8529
7386
9849
3144
8863
1155
3091
5290
5676
8017
7427
1343
1238
6185
5387
8620
6073
5777
9316
3565
7860
6172
6634
3223
3748
4908
5257
7704
342
5802
1467
3244
820
9963
1770
7431
8741
6723
5663
522
3693
523
1191
500
8936
6701
5609
5872
7428
7147
6209
3587
5696
9993
413
5537
5128
7597
3967
6590
3085
6483
9329
3489
8100
5069
5964
7461
7417
273
298
3908
2996
943
6174
4002
6725
4512
3290
1241
4566
5105
1353
3613
9370
1032
1781
5590
8061
9274
595
5584
492
6649
7381
2355
405
1680
9563
3743
7636
6703
430
6195
6184
6187
4180
7516
3886
9468
5336
4085
494
3045
638
8431
3064
7186
1037
3206
8495
337
6853
4231
5794
733
5026
555
369
490
4335
4381
6463
6625
7384
2895
8813
4782
1248
9459
7467
6720
1946
7783
1751
569
9814
3855
749
498
8110
5931
881
1825
4233
1199
8117
5982
304
8313
6462
8302
7409
9417
1782
2012
7528
3426
7162
9409
4799
2524
7838
7315
8870
9324
3439
5249
9046
5782
9875
2525
6506
66
1337
8531
6372
1466
3620
1260
6517
792
3318
2405
1816
525
6423
5997
1708
4989
4870
1291
3365
2893
2143
2219
5719
1955
5490
7361
8235
2146
2698
7264
7311
5722
4370
308
5271
2746
823
6639
5707
3176
2868
4585
6628
464
955
5674
6813
3964
2443
2794
5009
2887
3022
7176
4232
4845
8651
6165
5557
8281
9002
7135
6839
4529
8630
4793
196
2674
2029
1786
8518
3474
924
9029
1494
9881
2084
1017
1478
2896
2292
4426
9827
8014
1279
8241
278
806
6835
9539
1047
741
2185
7740
4630
3872
1930
6580
7158
7325
9507
50
6747
9842
2860
8846
6707
9904
3826
9177
7687
9829
2424
5161
9808
4678
8258
6664
3680
3870
6496
4917
1405
4362
6922
4254
1768
4558
7872
9035
5259
5682
2156
4634
6588
8153
5151
9498
3379
6178
6303
2570
8615
8318
6651
3997
4777
1031
747
9114
3666
4781
387
1568
8758
7012
2824
2085
9230
8358
6790
5482
4929
4856
2612
4226
4515
8539
8760
6552
6769
4030
7304
3698
2078
7275
7926
5082
5460
6072
3141
8732
4714
2128
8347
4920
1334
9479
4260
2402
5976
6559
4408
6807
5943
1484
6661
8300
3018
3713
8383
2965
8850
8977
5965
6252
9412
5960
9458
6908
7915
5714
7458
8288
1454
4882
1547
5185
7328
991
4792
4787
892
3250
1464
9423
7703
437
3278
6344
9325
3069
1382
7561
35
6433
5221
2975
1664
4263
5511
9811
8733
9640
3750
3577
8973
1615
9192
7358
8928
7945
5894
1456
4203
2286
13
1693
3396
9629
4844
3392
2202
9886
1745
1113
1839
9774
9923
9766
7238
6394
4135
1147
4464
5077
6753
7943
1838
6042
5526
3310
8447
9522
8836
8216
7024
8047
4440
1212
1609
356
4100
419
2514
8056
661
5547
3589
7382
2828
5410
5656
9866
3472
8274
716
9321
7569
1791
4805
226
6390
5024
8718
4599
8895
1166
7379
5745
6671
9049
6540
6654
6761
1565
5558
9571
9312
8541
7638
2904
2256
8277
810
7557
2296
7739
97
5650
2873
6374
6837
6127
5075
3442
3263
5647
6337
579
3249
3812
8618
8296
6684
6428
7981
2382
3540
2463
1058
5715
6263
7370
2417
4546
2712
1396
4728
1417
2984
5677
6030
7859
8152
505
9305
5375
8940
8487
510
7802
1472
1333
4432
8151
8636
5384
4610
8321
2951
9368
4359
1438
1541
4161
5553
3664
4059
9259
9536
6201
633
1844
8503
8051
7087
4028
605
6563
1116
7196
285
4155
4950
9267
6767
2129
3803
7449
3274
4651
4998
3527
1801
7101
3981
3880
5177
8961
3075
6330
3754
3070
3616
8498
7388
9793
917
3561
6885
1854
9696
4247
418
6687
6219
6840
136
9125
4669
206
8182
9773
3653
9788
1592
4469
4811
5141
1300
233
199
4611
7750
3914
1011
5354
8822
5176
2528
7721
2717
6821
6736
2057
5278
6702
9484
7713
42
8491
8571
3235
8048
2606
1698
185
6053
9045
558
2537
3001
8433
7399
8779
321
4134
6054
7362
7762
5188
6660
9505
659
9161
5135
788
5987
5175
6386
2708
4835
8204
7167
1974
8806
6082
9286
6870
5725
7464
9326
5235
2119
5054
3611
9012
8924
5208
6939
7480
2960
9178
5828
7130
6280
5869
7227
1640
2550
1564
6285
1764
2152
189
4839
1789
7249
2121
5448
3765
3672
9226
9092
1397
1332
4282
8765
7510
2232
4185
2924
371
9851
8475
778
9129
7474
3013
9605
9293
9207
9361
5196
9429
3820
4824
6691
2364
8715
6156
4906
8209
7149
8608
8127
4655
5101
2497
1425
5186
3475
341
743
4066
1540
1307
655
8557
9617
2468
4602
2445
3673
7078
6520
5786
1187
8772
7319
4216
343
9741
687
5631
6293
1532
9862
2394
1483
3399
9131
4571
8143
236
1810
3042
679
9042
4322
182
8101
7048
4567
4759
9220
4387
9982
5197
1192
591
2764
2049
3785
920
5465
4817
1269
8320
5662
3866
7849
761
6741
5554
2367
1794
1480
9609
8619
1487
2922
187
2540
3960
5291
1703
9771
6371
214
9153
6431
9296
722
2206
3532
7699
4453
8931
7575
8124
2188
3494
7620
3825
8607
4187
1586
7548
2151
684
3838
5990
9938
259
320
6871
6421
9198
978
4867
2580
2452
7984
855
9681
8893
2440
702
2892
6275
2009
8504
6208
593
3301
5341
8348
7982
876
9782
3944
646
1077
8507
8970
4006
5172
2697
5946
5236
9736
2429
5283
7250
8803
4731
9732
8409
9787
9057
3063
9746
6503
1560
3720
3979
9333
8554
385
7989
280
7899
6085
5328
1218
8461
1849
3459
8442
3397
5555
355
3926
5126
1973
8933
9942
9604
5598
2040
7685
1797
6984
2063
9685
3449
9070
8134
5709
739
8757
3408
1893
7230
4177
1098
7727
3674
9525
1407
6089
4273
4000
2441
8815
9335
2581
4780
37
402
3619
780
18
1267
7916
6040
6789
2006
1178
2732
9074
1861
673
2882
752
6896
7840
2517
1436
7453
6916
692
2266
2713
9971
1051
4783
1890
9095
6186
1579
2994
1611
7190
480
1354
3783
3716
4936
7952
946
2725
4352
6782
9154
6778
6909
965
9063
7292
2043
8374
5378
9924
617
8768
2671
5870
7114
8702
1245
7521
1907
6265
4170
9016
5573
3715
3728
640
7794
5744
766
2484
4739
3907
9665
2104
9390
8352
4745
2310
8184
4896
1875
3236
561
1361
2490
5050
7771
2628
3701
5450
4816
6830
9802
5018
5890
7233
403
7888
8673
1714
6692
1341
1977
9645
4603
7445
6270
4396
8939
6771
3262
6516
6103
2420
9121
1106
8754
63
1189
2160
9263
4152
8728
6974
195
9712
1553
3041
2032
2851
3612
5866
539
9098
5107
4071
2281
5264
8150
8460
6623
3839
6068
4188
9009
1372
7253
9216
2103
4928
6928
1281
2553
4393
7537
7234
683
7261
7047
8276
5523
4553
2831
4148
2330
5773
8237
4492
3955
4662
100
2750
1362
1006
3400
8186
1817
122
5396
3497
5891
5297
1048
4768
9817
8133
5586
560
7330
6341
4717
1792
6312
8604
801
7365
2238
3892
479
9674
6444
7043
8187
9105
7999
2179
6929
2971
8767
7975
8658
7071
4617
6175
4336
3356
8562
4987
4618
6615
580
1731
3216
8795
3177
1607
7722
9219
8707
1733
7267
4217
7321
790
2538
9360
8319
6919
962
8716
4521
1021
843
8664
69
1296
9218
2383
2141
1200
6014
9249
4539
9359
6749
1652
3958
1684
9882
416
1036
3643
6757
5556
4310
6551
626
8224
9703
5955
5086
3963
2500
9860
211
573
2050
297
6993
4024
8363
7514
5338
548
2921
8315
5493
9984
2122
594
650
4414
4457
1125
5281
19
5593
2035
5921
6847
4500
7775
2793
1700
7639
4090
9026
2181
4265
2983
1777
7886
6565
71
2323
2242
5164
7798
9551
4698
2046
7094
635
9336
5776
9879
5966
5324
7466
2776
145
247
3028
9753
4542
7546
4110
4684
8954
5518
1094
1681
8525
5443
2068
3922
9387
3062
8910
556
4716
5718
8172
8994
2268
2875
3277
706
2939
7922
5568
2092
686
3002
4039
6420
2530
3194
315
6774
9432
5335
191
2735
4725
271
4922
2327
616
4128
3187
5565
1662
1730
8245
3328
802
7049
5539
2543
5219
4552
9708
8472
9798
6987
7624
9880
1701
6975
2694
6451
8513
4977
6488
2586
8142
9797
5270
5880
5567
7284
8169
6246
9428
3188
9093
4419
713
3200
3621
3741
2317
9804
2100
710
7692
2677
2673
2401
1920
491
3661
6162
5233
8784
6823
9760
7932
4205
2241
3937
8006
5237
3533
7164
6289
5417
5793
2724
1744
1895
3788
7491
1449
6832
727
9635
7974
6758
5740
5366
8139
5918
5542
3883
9363
6239
3896
6887
3436
2946
3736
4837
5596
9241
6549
7948
7111
7271
5900
4509
763
5454
8060
7154
2341
989
5824
3060
6074
367
7616
2381
1952
3518
154
5821
1095
449
7132
4443
2734
7106
9747
8402
7630
7326
7372
409
8301
2469
2249
5124
359
1877
123
9821
9163
1196
2872
833
4726
7937
827
940
9853
6007
6225
9934
5651
3669
4163
5079
5025
7532
1025
1216
2298
2835
3390
4979
7316
4327
1287
2488
926
329
4784
9634
9621
6020
9974
5314
1548
6474
9898
6210
348
9320
1669
84
6688
1318
1584
7538
4038
5140
8566
2467
7719
9071
6362
5234
2716
8726
4416
4952
8193
4934
4465
1043
6332
5063
2028
3350
4477
2456
8488
905
1892
4109
5461
3873
8070
2425
5910
3336
5238
6411
8956
3219
485
197
5419
1246
144
4008
4962
5403
7204
8221
4330
3068
254
5774
1775
3999
6276
7270
8560
4269
3829
7161
6715
9017
6183
8025
266
3335
5980
2588
7700
1251
7523
7571
6917
9251
9516
4648
1434
8801
8376
3817
3134
6086
9968
2493
7742
6579
3945
4483
9411
2847
3684
3984
2065
8010
3167
7855
1208
4859
7660
9054
6361
5544
4815
9439
8269
1211
3270
148
140
6052
789
9221
4485
7882
2589
245
9561
7617
9785
2173
6327
9402
7744
9037
9720
4114
697
6711
7747
4410
3920
6317
6008
6815
3734
4687
2426
5131
6459
1759
8417
9170
9496
1056
1504
5008
5486
8465
6787
9953
7640
8825
4729
9474
6878
9591
5483
457
7601
3986
7720
2167
2322
1316
8752
7843
2348
4208
4122
7383
2978
742
9655
982
4358
1118
6338
689
8876
3464
868
1941
1411
7848
1807
6992
9535
8999
1271
6862
7475
5787
25
3276
4326
4900
8705
9759
1827
8436
9523
9529
7845
3602
4507
2563
5583
3166
3035
5949
6582
2787
6944
2777
9015
6933
7172
7083
2943
9651
1295
9521
2125
4828
5334
9998
442
234
5700
2790
5421
8238
2964
6983
118
128
4743
4975
5672
1264
5922
9929
8125
9792
1230
7963
3201
6527
8755
9301
1455
2784
2704
8205
6806
5882
5158
5362
194
9281
9104
2114
7738
8811
6259
9354
8331
3942
4632
4089
7486
721
1675
5019
1627
5629
1460
5247
5041
7579
7923
7021
6624
5893
8040
1908
3157
8293
6802
2813
4316
7988
1470
4244
7189
6997
1921
3738
2867
5688
6811
3162
3437
5022
4930
1001
135
3679
5031
9025
1457
6347
3657
5370
2462
5607
9519
1035
531
8605
6710
5560
4384
5500
6843
9495
8330
5313
5085
1510
604
5818
1278
3513
1100
1071
3776
2277
1654
1374
138
9304
6
9939
7091
7069
1027
3343
4405
96
3936
4872
2665
7956
6712
3599
1819
7777
7827
8905
2690
1398
382
2676
8889
4144
7933
1026
922
9542
9405
9065
3551
3504
8787
4910
1489
7210
5007
2745
4256
5616
9722
3830
2552
4747
2216
5230
4522
1201
8775
7904
9737
7207
6173
8155
1905
2933
2278
3412
5701
8590
2475
160
9709
3850
1370
4541
4607
9537
9694
1909
6846
2428
8146
8591
3377
1674
4094
623
4649
619
422
3395
3332
8866
3040
288
3360
269
6879
9465
3893
9931
8610
8501
3433
8644
9091
508
8674
4340
6892
4175
5772
2110
5970
9391
2377
9272
1603
335
7039
6762
7565
9590
8272
350
6525
714
3137
9807
7127
9420
7518
9776
5896
1073
7758
8978
6587
931
4871
8633
1926
750
8113
4125
7046
9499
9977
1995
1975
2170
8259
2913
1469
7570
125
9061
2257
7152
8054
2336
4785
4448
8871
9389
3218
8724
8778
6963
2861
3781
7733
4749
5411
5055
8808
2504
3083
1856
6902
6314
7134
9937
4147
5845
3522
9877
2573
3878
4116
4664
2437
7584
1624
6473
1005
5889
4836
83
4941
484
1304
2667
2082
7349
8912
9199
3860
2423
8499
8537
3733
8340
9872
6638
1054
344
7502
2545
7228
3740
588
5016
1273
9790
3771
2876
1623
2230
938
2652
7755
9524
346
5029
858
559
5475
5841
8398
7568
107
4342
1310
2460
8681
6945
1943
9541
5738
7506
7891
3431
8222
7774
1978
6278
9239
8262
8322
1954
4606
514
2927
8344
1495
6636
6738
5877
1882
1581
1
7390
2293
8264
2359
903
8159
4425
6140
9323
8796
1713
2758
4713
9345
1159
8342
8879
3535
7076
7274
7851
543
2541
2271
7482
9298
6477
6469
1257
4601
5734
2658
3519
8357
5244
8384
8064
454
5347
4530
9215
5640
7457
4345
5638
2338
7195
8869
6051
5066
7003
7098
1485
5201
4140
1293
2051
5630
2109
9180
4569
174
32
4304
9664
6267
1605
3603
3387
4589
7946
7653
3275
5381
2598
5803
5742
9508
8168
6354
8316
8366
5071
244
8646
2755
4622
8561
2809
7288
7456
5263
7350
7567
6677
257
1924
4833
3051
4628
9196
7556
3622
220
3172
8834
6391
5005
5337
4029
8827
7803
9584
3103
86
370
6363
2629
238
4536
2365
1403
6591
4119
5603
6335
5546
8059
610
9139
2955
7511
3625
2597
6828
3322
6532
8662
4178
5925
6133
1506
2836
961
1183
5395
5624
6798
2014
907
6358
2561
5087
6377
3930
6429
299
5212
126
2059
2931
9616
9270
7558
4218
1089
6586
6236
3241
2623
8080
2533
6119
2077
985
957
1430
4533
2251
8480
4392
5805
6844
4057
884
6662
6045
7662
3389
6399
1539
6059
536
117
2596
5808
2617
1452
3050
5760
8748
2661
6004
2161
4943
1688
5655
4276
2372
2502
6663
9614
2389
1983
9486
9914
770
3107
7423
2432
7010
3297
3888
7909
4579
6214
4197
6425
43
9306
7335
1421
12
576
7515
5261
7034
7027
143
6138
4064
4179
1437
7146
4307
6765
5256
5503
7231
2754
3283
3339
2280
9085
9503
764
4444
1102
6055
1259
4657
9613
9136
4813
1061
4557
4762
4390
1562
8631
5496
3897
7281
7880
9883
4588
5716
9764
1661
8170
1683
6130
972
8463
2791
8309
2721
8365
5254
953
2693
9637
1004
2368
8310
1843
7075
2916
4083
2325
8066
6515
3271
5571
5462
2651
1076
1209
3359
9273
4656
2400
1039
8692
1088
532
846
465
3544
986
1583
8880
3868
4704
8925
8225
6626
3156
2956
2942
5706
963
7529
4301
3718
1549
1710
8136
4791
586
1981
9907
9958
5843
8212
6914
2180
8965
6554
2639
7806
4202
1967
9400
6481
8958
6077
7830
7544
2862
4674
5750
8886
4658
9990
139
5851
7554
8986
6152
1914
3597
7291
4677
3118
4313
8399
9884
6578
9528
9583
8835
8877
9435
264
9648
7679
6192
7817
2274
2608
5017
2142
2446
767
2112
6222
7900
6860
3548
7657
6947
2609
9347
6602
980
4796
9894
8311
4641
5620
376
5519
8887
1522
3687
2584
3416
2853
9473
4637
2176
7680
8389
3656
3798
9589
8003
5694
8141
3729
6493
4841
5372
5580
5326
1431
571
5581
2376
1126
3909
6542
1226
3846
2954
2222
4980
4004
9040
1270
7695
4555
9467
5062
486
5021
1719
407
5602
6755
9545
4172
5800
5649
6306
2827
2036
3755
8033
9927
2688
5748
9673
2558
4570
8179
1852
2744
8517
9641
9269
6436
3631
2076
8962
5183
3891
4690
1671
7145
1386
1328
8941
8599
4582
8585
8668
5083
4688
3434
6584
1066
5992
5499
851
9644
1621
7072
4788
1221
4626
2551
7463
3618
7542
446
6482
1010
1531
6523
9202
2832
3425
5973
8464
33
6424
2105
4472
3996
9547
9780
3572
9041
5415
1357
7599
6311
8240
937
4423
7768
7426
1150
2450
1249
2569
6019
3012
1392
1204
9352
6367
295
9586
9775
9783
3843
8858
9194
2096
1110
8356
509
2196
5000
487
6318
7642
1538
1836
8797
9925
9565
2478
597
6948
2279
2595
2264
4988
7976
6970
3867
5287
8299
8645
6630
52
6229
3567
1718
6057
8175
4550
7137
9566
5491
4735
7056
1280
2388
6472
3775
2879
973
6805
1493
459
1556
9426
9351
2536
7905
2559
4400
7118
9582
5643
1923
3164
283
1228
647
2214
1338
2461
7077
8454
882
9174
3583
224
8540
4365
79
2663
3030
8334
3853
3073
7691
1578
64
2055
414
1987
7509
6956
5144
2774
5348
4129
3313
5458
9416
9859
372
397
9006
6550
7014
3101
6148
2535
8178
1665
4932
2681
5468
2470
5269
7931
8899
8742
4287
745
8565
8817
4973
2644
6093
8390
1385
5636
3813
1496
7955
7832
5945
3490
6693
1202
9028
2147
4659
5746
7221
9917
7282
3978
4413
4892
5633
4192
2235
614
1811
3758
4284
1912
5952
8515
9087
357
6534
2302
590
7757
3116
468
3834
7734
2756
3285
6886
8161
3376
2411
3242
4991
5981
2719
4035
4532
5495
3894
400
9149
9317
2759
9300
8289
7439
711
2107
2771
6957
3911
2969
9197
4758
9375
524
6510
6577
6742
9800
5068
7184
5182
4142
5045
6931
1949
3308
361
1225
2209
3171
2625
4355
4391
2025
9224
512
769
4694
1765
2741
9564
6197
740
5382
6705
8788
4676
2555
5108
1042
8036
704
7889
9398
3581
4080
5480
1645
8616
7702
643
2937
1497
2297
1075
8280
4082
2610
5661
5138
3865
9550
6137
3252
3081
674
8862
2877
2508
6153
3082
4693
85
7337
183
4143
2390
1323
3492
5775
2044
9022
5168
2419
5260
664
7283
746
1083
9284
6310
5768
1721
7864
8699
9189
964
3941
3453
7199
6690
3662
1869
2221
1294
3076
1659
8493
188
6500
2116
8638
9276
6927
1134
5510
8920
960
850
8709
3473
7962
6893
5125
5885
1491
7708
4300
5299
9069
6990
6438
8573
8839
5288
1904
6568
3074
3578
4081
2634
2213
6452
7754
7193
4883
5229
4661
1599
7425
3711
7656
7001
1767
2301
1131
3239
3977
1894
8555
7709
3305
540
9795
8774
3254
6907
8719
326
2053
5034
2532
3630
3463
6231
8594
8543
3110
795
7489
7320
4800
9799
8647
8542
7612
7517
3912
164
7878
6640
888
3615
156
1543
28
6733
5439
8698
6763
783
7842
9358
7030
2037
101
9240
7396
6669
1629
6492
5098
8081
7060
8875
352
1326
8776
2925
8623
4429
3361
5657
5488
4332
9672
9086
336
7033
8712
4266
7440
2788
6529
1859
22
2857
6946
9193
3767
1626
5153
4948
5311
8075
7013
5829
1471
1117
7133
7833
3660
2439
4545
5863
4299
4377
3483
7004
971
5398
4074
242
4884
111
6144
5504
2265
2086
2963
4591
3403
3329
4075
6135
8676
583
8423
4220
6668
8586
8516
4224
5267
4403
1934
2244
5994
6507
7041
8251
4702
6437
276
8824
4165
8140
5559
8750
9203
2269
7637
8077
5246
5407
4407
4978
8121
2637
1637
5798
9096
7587
173
3454
6616
6212
4902
4888
463
1795
6360
1376
6071
8462
5996
7338
4111
1233
5525
4309
176
9475
6960
4903
9568
1740
8984
2738
5953
2701
1573
7031
1520
162
9463
205
9450
8247
3957
5906
6088
7297
4343
2839
8284
7749
2837
8745
7364
7994
9023
8570
1638
1229
9472
3639
9008
2743
6340
345
230
1242
1441
4489
5359
8206
840
1311
7961
440
6609
7894
4076
1022
4460
207
1164
3847
9308
3147
9532
68
592
6924
2518
9680
4045
1969
8802
9340
9338
6468
7562
8528
5492
9777
6518
3038
5846
6991
9010
4243
8337
757
3221
6739
3409
3530
1804
1013
6305
1796
5957
1428
6858
7732
6604
3950
2138
2165
441
1695
5756
8888
6969
6621
1410
7867
241
9610
6033
8865
2344
8486
9837
9844
1732
7887
1181
2527
9840
4675
8413
8183
1931
7602
53
3493
5095
5517
6112
2523
5888
3575
2095
1929
9280
4665
3864
8208
5724
6439
3617
5874
8558
1163
4070
4445
4790
7416
8598
3975
3549
2838
9887
8526
6198
5205
930
2314
2825
4652
7512
1254
2350
5426
2997
6414
7062
7791
5989
7258
2324
1933
7741
7468
8843
9257
5159
4501
5634
8985
8982
1028
9500
7068
2989
8729
3373
1685
3226
2199
9168
6564
5044
4504
8388
3174
7725
8967
9728
8163
6180
3148
3931
1115
2714
877
3208
9663
9169
5812
984
6547
7159
718
8829
8088
444
8181
7123
4372
5078
771
3647
6728
4078
9957
7673
215
4451
9151
3178
3080
7308
8131
8197
2021
622
1090
1906
4763
1482
811
9383
719
1172
8396
3832
9081
6254
7580
4983
6478
5850
636
809
551
7751
2520
744
4619
4490
3732
3114
3304
6972
5102
3763
5901
6325
7470
7373
5122
967
2812
939
9118
6128
1127
9456
5605
3213
3807
9238
5042
4026
40
5276
7151
2172
2075
7541
927
9252
6036
1962
5284
9721
6324
9372
4209
1236
5984
1393
2976
2309
2917
1826
7074
323
3722
4620
607
8130
1045
6023
8307
1180
9784
5765
9517
6315
7929
8244
8098
1195
7835
4099
8997
6656
2005
883
6783
4288
2231
6189
7618
2899
1802
294
7276
7818
9509
7120
38
3910
5392
330
7873
3721
897
4933
4535
9462
378
9512
7333
670
6555
462
1387
5930
9662
2865
4809
589
852
9864
3766
3890
8373
8380
4971
1193
1999
9933
8457
779
360
7495
1508
9470
724
3861
6537
8722
4130
1049
5228
3456
731
6888
9438
8944
630
5118
9668
5585
8156
4600
9632
1558
8969
545
3675
5528
5614
1079
9088
7782
6406
538
7110
4234
2220
1158
8185
2911
2539
7028
9835
8128
3089
8995
5360
8285
4141
6994
4608
8578
5509
9330
2457
2073
9546
6882
4814
5346
7131
2630
3192
2952
7197
7479
6594
2342
2901
2945
7539
2022
3044
7103
3393
9599
6567
469
7420
1867
5864
1069
6965
8900
3770
542
5764
5251
366
3268
3509
2246
5112
970
7705
1097
6600
7861
6938
772
9236
4191
3520
3604
424
9068
3600
8188
7610
130
9748
2974
5751
8350
30
8359
2622
6981
1660
3269
15
9478
6708
3372
2849
1590
5839
6842
842
9228
3182
6031
5200
7090
4242
8435
2915
5548
7935
832
3358
8079
8326
21
2362
5240
2438
4860
6941
8856
9116
4328
3501
7119
7300
4514
3282
9020
4639
6751
2675
9403
104
5660
8191
5268
7792
1040
857
2599
3139
5532
284
3212
423
4925
3553
4982
4660
7865
9278
4764
5479
4502
8479
8682
5791
4774
6049
8410
5037
2669
1903
7067
1582
8588
7398
4344
2726
4072
7822
5820
6646
3039
681
2567
3128
5907
2016
1319
2304
8998
6898
7908
4916
6081
6442
554
975
2763
8078
7688
7950
2248
7395
5137
9734
8207
6066
800
4568
383
7438
3346
6069
1217
4543
2024
3260
7716
4750
608
7411
4869
3746
3267
4496
9693
5412
4804
4291
8375
5813
2458
5243
3793
7194
6936
4361
8559
6427
7748
895
8455
171
5856
3973
6009
5771
3951
6856
2374
5788
8068
2522
3691
9852
1034
2250
6104
8567
6113
3876
2140
3006
431
4401
477
720
9243
8527
5735
499
5181
6719
7990
8582
439
2707
421
680
3163
581
5879
7262
947
1016
696
157
2643
9083
8233
666
8354
8440
4052
3546
8298
1727
6514
3338
9678
8629
7815
3093
899
9461
7621
1968
7820
5189
7188
8401
8963
2002
9176
9033
6389
2888
1734
7052
5414
1038
7019
2407
4895
2587
2174
1834
8848
8001
8523
3706
2591
3545
9001
878
1602
6413
8622
6713
165
4627
1630
1566
4325
5272
9652
887
6029
8145
2308
2093
9413
1881
6665
4033
9778
3407
4267
7969
2229
781
6897
2516
379
5926
8190
3312
7295
5385
3717
7331
4388
2288
2600
7808
5093
5680
1184
5834
2108
6366
7403
803
7800
8397
6995
6392
2203
4339
8818
578
6447
8379
4597
2414
2653
6116
4097
5383
2897
1519
2498
8372
1616
8471
4827
9195
693
7650
4949
8744
8364
3737
7627
3155
478
7126
5049
5206
5595
3586
1007
1585
2033
2295
2282
1947
6696
9357
1068
1670
2380
3824
60
8314
796
6943
8736
8485
8021
1063
3138
3465
2565
5727
3756
3143
1359
9818
3523
4927
4576
1916
2290
3133
6845
7144
450
5796
8482
6511
6874
4744
8448
9111
7065
8308
6163
9871
1339
3025
8406
3467
4885
3558
4864
3333
5684
2577
6485
4131
1453
9327
4890
3362
2814
1302
4623
303
7816
1399
39
5130
8660
1512
2923
8535
6951
9141
5978
6304
9367
6697
8840
1618
4534
6457
6700
3246
90
9554
3496
5703
7615
2631
9585
9706
5859
467
1365
4605
1277
7645
5849
6298
6001
7724
1663
7447
6647
9980
4540
5641
3904
7279
5948
9132
9126
5971
5391
3623
1631
2679
10
6650
918
6831
6435
3971
7591
7223
8996
5977
2399
7507
9531
3590
6498
319
3136
7603
4418
2995
1899
4439
1142
6326
7125
2207
8915
8640
1282
3769
23
7985
2845
4120
6857
8552
2398
8351
6820
6999
3382
8649
3512
9350
4636
1644
1704
6105
5778
4213
4847
7928
660
4697
2985
8203
4801
1878
2155
7170
9745
4015
8511
3005
5752
6041
9686
1570
2566
1222
7000
2081
8874
1479
6230
1000
1462
7157
7998
2765
936
3326
438
826
6343
8055
6087
9949
3790
6381
4049
2601
2371
9913
6464
2870
6920
9945
4958
1735
2144
177
9926
7647
3419
2345
3949
4633
7545
6211
2737
9265
6808
3898
9107
9117
6581
2818
3378
948
1622
474
6300
6430
8407
7387
1976
7858
1569
1821
4797
8564
8019
256
6323
5904
8195
3023
7646
8502
2285
4935
9695
753
5150
3635
287
4246
1262
8102
874
1604
8873
2884
2471
1614
3181
4021
7958
4399
2479
4965
4417
7814
9738
8419
3514
1651
8201
7913
4527
3428
5780
8675
9256
9053
4237
8007
1513
7023
8386
2720
1824
600
7465
8786
5673
9870
2940
4137
6245
5425
9418
5432
7611
880
9253
365
5134
1935
5944
8062
1814
7536
4992
274
6593
7017
3902
7811
9173
3008
7996
7217
8023
1717
6226
1121
2060
9291
4214
8770
4692
9570
1851
7473
1523
5441
1925
3015
4857
1234
4253
6876
4113
9619
6852
2496
782
4397
1868
8038
4955
4638
3284
6884
2700
3457
4086
3837
4562
9331
3841
1139
2008
8279
1942
3369
4054
4775
6877
4031
4897
6883
6120
994
1413
5884
4463
301
7022
9581
5516
7644
94
289
4481
3993
2802
7064
5169
6342
5096
8042
6598
4517
5999
2554
4194
9059
8790
9232
8118
3056
6169
9836
4773
8016
5531
5222
1535
7329
4689
8494
7148
2449
2275
8946
4761
3831
2846
4036
6729
6794
3614
5790
1138
6632
3751
6817
8428
5445
4271
8082
572
8773
4789
3316
8414
2192
4976
9960
3690
3315
9444
2772
1998
9981
7309
3556
6387
6592
9969
3307
1666
6147
4708
4719
765
3791
8763
4499
8336
6926
7761
363
7965
6861
114
7266
4905
7737
7856
2819
5669
1182
7863
2739
9733
2796
6685
5645
813
221
1720
9889
6396
9922
1409
373
9079
3702
5589
4511
1105
7324
9768
9261
7760
2692
6114
8577
2404
9944
8236
8199
180
3292
774
2815
3700
699
6575
7671
5358
1896
6199
116
1677
2447
1922
4866
906
1830
6400
8634
6829
5374
5363
9346
8323
9749
6619
4966
1866
3447
4019
7986
6010
3053
4818
4538
7698
4454
9723
3521
2905
2197
8508
261
9084
799
2686
8109
4497
987
3552
9767
1368
4574
5015
3699
8694
9119
9596
4210
2158
2190
7667
6258
388
6709
3777
2473
272
5073
9595
4575
3451
5011
9620
1959
8046
8045
6816
91
8868
5032
1461
1336
5632
912
6269
1426
2903
2850
701
9918
8546
2162
8116
7939
3154
3525
7040
1055
2574
4424
9319
3203
453
2492
9148
3980
7346
3531
6704
6490
8743
249
1317
625
7226
1044
6786
3649
4695
6804
358
3405
9201
5485
292
6894
4670
3484
2767
6272
4904
6101
3273
1729
9707
4456
179
9515
4415
1322
6449
2947
6819
6364
57
951
4921
1324
3215
155
7391
2334
2069
6044
9813
5289
6268
5245
9165
4319
8446
4878
1711
2038
3306
656
4595
3934
4156
3401
7042
2874
2728
5540
8717
2210
6678
1913
1306
7552
5536
6613
7921
9067
7412
7896
1835
9379
243
7455
2770
4593
432
473
3610
8067
4367
4068
6350
9839
7235
7038
420
6980
3547
977
8250
2064
6648
1086
2294
6067
6309
7410
6781
9502
3507
3579
2354
258
1093
9171
4404
3562
8830
885
817
6227
103
9825
9625
4528
2236
8710
1312
642
5369
2650
1119
204
2957
6142
6775
9791
1900
671
7879
2320
968
6217
9588
5572
7367
8832
300
4968
5935
9912
6062
8053
4420
612
2477
3985
5914
5114
8
1726
8639
8602
4939
7793
2058
87
7964
2891
255
7912
7018
6572
966
3059
6859
785
8432
1008
24
1647
1728
8469
4621
8020
377
1205
1749
6585
4470
755
8295
8550
4513
9204
3875
4061
2312
7681
5471
7706
1837
6220
1505
2427
1152
1850
2531
4879
178
5333
5549
3084
6791
1991
9992
2017
861
8892
3344
7868
7770
9231
3153
193
5303
9843
1072
4554
6657
8882
4733
3887
9643
3759
9225
6785
8890
9
5487
9910
3953
4918
9062
6618
4292
6573
2742
5332
5081
5402
3901
2961
2234
2783
6915
7505
6717
1140
8549
1502
7492
5232
9483
4944
4523
3170
8737
4705
7877
9058
9624
7850
5274
9089
3266
7593
1575
4104
748
5644
6470
9455
958
5355
5059
8688
5422
9166
1997
9952
7178
7115
6576
3576
9567
7993
2133
8576
7139
1144
9569
7360
4044
6302
2938
3954
2934
7450
5133
9833
6494
9110
3198
6589
6724
5167
3956
6301
426
2699
3480
5916
3723
6880
1406
9726
7519
7446
2503
5951
8104
2480
1256
1252
1120
657
7165
9030
8684
8929
6571
8086
637
5911
351
7485
8683
2284
7255
2159
9191
7924
8248
9380
3123
5871
6836
4354
5913
7885
6287
8271
4376
7844
933
3642
8378
9448
8484
3291
6682
5505
4994
8697
2030
6395
9277
3152
331
4563
2970
2614
7086
804
6557
2201
7831
7247
6402
4206
2605
3961
3129
872
4127
7213
9956
2000
7821
5514
1699
7836
6345
4065
7874
9631
2260
7648
4640
362
908
6058
8291
9711
7795
5963
6979
8783
4598
7089
5104
4173
3536
2992
9283
3253
6060
6443
158
3745
5489
9279
4164
2239
3559
9606
3869
6322
2624
3388
2187
9961
316
1303
849
7714
150
7743
9805
9559
6190
8470
7629
6382
8926
3654
5695
1443
3007
5769
1130
3351
1237
3696
1314
4151
7211
6097
2397
5239
5364
5308
3569
9915
4779
8553
2353
2191
7061
2816
4996
5399
4274
427
8534
3477
1263
7609
913
9786
9344
9689
9288
2863
8343
4347
415
6768
6264
9514
353
7299
1419
1185
318
9254
4211
8257
6772
9124
7711
6967
6102
7971
7854
9477
2007
2149
3704
3816
2183
5721
131
8418
8976
5693
4548
9090
8805
2670
6940
7117
8945
6257
932
4073
5282
4981
9186
544
7677
9909
7676
2613
6046
9373
8990
6376
4493
3204
4435
5950
5322
7987
5393
3506
1379
1424
7116
5255
8266
6905
5993
4289
9469
9309
776
2039
1970
8611
4849
1910
8094
2582
1219
3564
9819
2087
6286
9102
4577
3779
717
3939
3582
2998
9130
9687
4275
9255
8991
1223
8371
44
2074
6528
6359
2413
609
1530
1096
3151
5617
7813
5626
4954
7596
620
9386
1175
6545
1980
6063
5692
8073
7168
1231
7257
1885
5770
1355
4765
2932
839
9424
1080
8058
1272
1299
6841
4752
8679
5538
8959
8966
401
1690
812
6627
5309
2486
6339
7957
9762
7020
9830
3340
4846
5579
8545
5451
9553
3570
3227
8579
2512
5147
1597
3772
1247
2464
1143
1938
4252
2529
5211
7643
6849
3694
1041
2
8792
7393
9994
9772
8370
1691
3714
9303
3697
2034
4126
9101
9618
5036
9244
5961
2990
4154
7029
9560
7081
730
6642
395
8230
949
9419
1779
6159
6351
7953
3804
7237
6686
3641
225
631
4093
4778
6743
219
7649
798
6244
4969
2871
6530
8522
7174
4616
5665
1550
7550
2510
3441
1009
3938
4272
822
1492
9275
2718
2385
8329
1634
4701
1371
4159
1404
8828
5534
2858
9205
3524
8071
1427
6380
4067
4999
2225
4766
2662
296
9408
2157
6131
6599
7801
5702
8394
166
1845
1418
5962
4158
4963
8656
1809
1679
4200
327
6242
8477
4573
6241
6901
4808
4518
5418
7229
904
2080
293
2576
31
2130
1029
5006
3789
9260
3186
1986
4227
8474
9200
2436
5028
3391
4972
5635
1104
847
8878
4455
8287
1109
6028
2993
1588
3634
6098
6369
6982
8678
5753
7245
4060
8333
452
8260
2048
5429
3686
1883
896
3851
5494
9856
1366
4268
4040
4312
73
7881
4709
6307
1865
8157
1078
3636
7592
1065
3352
9996
8252
6868
6670
9377
2335
5781
6985
3806
2579
6204
4915
4230
8907
7686
1084
4699
1477
5252
3354
3240
5061
5405
3833
6448
483
5052
1787
1574
2619
3355
9005
7654
6601
9654
1528
1308
9997
4238
6855
3794
5013
8097
8028
8635
8992
8219
983
3146
2328
9072
3811
7826
3347
511
1873
2910
6017
482
6480
7209
7371
2840
3197
836
8108
6796
8680
2026
8596
6818
1023
3202
7655
9834
5940
4525
2568
5666
3655
9437
9172
6118
2015
4079
3117
5390
9647
1853
8544
4003
8891
3394
1289
4974
2088
5139
3566
6732
4503
5679
3121
9394
1442
6864
3184
436
2592
3016
8283
7809
8437
8249
1517
988
1915
9262
754
1171
860
4437
3987
1050
8738
8859
27
3683
9292
8167
6090
121
5207
5928
7633
866
5310
7772
2797
5416
8039
2319
4798
5998
6556
5344
1122
9973
9691
1356
3573
3183
734
7448
5331
8901
5690
1394
5173
9185
9995
5056
1019
6106
8192
7037
4102
6910
6117
998
3495
3011
4146
7305
9362
9454
3438
5762
9407
75
8751
375
3415
4248
909
7104
7058
237
9769
2811
9930
2287
1435
1500
7526
5148
6675
4806
9452
682
4189
7419
7400
6825
8701
5541
3255
9861
5115
9492
76
564
7825
4107
2211
2182
1879
5654
2083
7252
5801
1953
132
8239
9518
7590
7852
4667
9675
5273
7918
4262
5394
1963
5435
6667
5936
1018
5001
1261
9440
7890
1761
5447
232
3017
9094
8369
8063
8049
529
4063
2808
9209
5295
2944
1347
9615
5704
2618
7540
5501
8911
9447
2134
7332
4810
5847
6155
2769
3079
2164
5057
4564
2267
2621
3165
1240
314
6171
1168
7085
6454
1803
5681
3538
7293
8105
3111
5155
6110
8762
4686
2091
3348
3685
6622
2682
7317
8764
7322
62
5190
886
9108
7829
5923
4198
7298
4820
9972
6973
8114
6986
9343
7206
9781
7243
2564
4101
9341
7483
7224
5512
4721
9031
201
4106
9921
1580
5522
3822
4508
1286
9425
4118
7163
4056
1898
9656
911
562
4772
8923
7351
2803
4937
1030
3311
9018
8804
8443
2680
8727
9626
3919
1476
4108
209
2501
5792
7581
7375
5088
5759
2684
8013
5397
7991
2730
914
4889
6467
277
2430
2300
6256
6930
5084
6680
7666
4654
995
4624
3761
7225
9449
354
3199
7220
8657
9506
9488
6417
4259
8166
1790
4461
5357
6129
9902
5550
6536
4494
9222
3606
9752
7011
175
5705
3169
5456
325
7488
6321
172
3000
8521
8489
1805
8261
7002
8050
3302
1813
6458
4471
3703
3928
2306
5836
9019
5736
6495
6810
4537
567
3478
4679
4235
3913
2789
99
1723
5216
1559
9396
2061
3161
8816
8030
4168
5741
1769
3424
9763
5552
5822
8012
6566
8749
6356
5710
260
1738
8111
6024
7476
6971
1593
8730
1450
537
3882
5217
6932
2810
6645
7050
6121
8686
1529
8282
3881
2656
2311
7498
5797
8138
3638
815
5646
5915
8519
7533
3760
5621
8500
8520
7430
7404
3124
4069
898
9355
7376
563
6631
3225
7871
6331
4707
124
4139
4894
5389
4861
7407
1793
2237
9421
5080
5667
3179
5969
3629
6410
8847
6149
5577
504
3992
4032
5873
5100
4166
8415
2511
8196
9258
8202
8696
4526
3061
6158
7543
3849
6320
7572
7079
7327
9179
4450
3345
3098
7672
1872
2841
2135
2487
8468
4281
2079
9315
3554
3541
290
8232
3383
4755
2177
1276
9623
3375
9513
252
7501
1917
4862
8074
1148
1697
9128
8884
210
8595
6182
863
5678
535
5203
7277
4505
3797
2981
6734
9109
4378
1831
51
3555
6491
2113
1473
392
9250
3127
9229
6541
7385
5903
7906
3712
6608
2760
8725
8027
7796
1232
3730
2648
3224
990
2747
2616
2807
6251
7242
7577
6954
5883
9115
4025
4062
4592
7095
3899
2823
527
9815
6538
7807
3633
5476
5831
4239
9036
6996
4736
8213
5038
227
8346
1465
408
3903
1348
8015
9577
3003
5154
1067
3024
8242
5860
8509
900
4821
9964
8819
7128
3969
9146
6958
6075
1498
7622
9248
6224
6777
8246
1243
4753
364
5861
4995
4363
240
3668
1207
5340
9975
2118
8505
1762
5733
5826
4223
4153
8034
4825
7182
7504
1567
5473
756
8305
6531
1092
9489
3102
5220
7500
3821
3842
6228
6756
4711
1499
1656
9905
4487
2826
2099
4794
5214
9597
6731
2702
4970
2805
2641
3180
2369
5174
6167
2253
9073
568
3280
7378
6450
5117
4294
4467
3468
2785
5789
9430
9716
8065
2193
5848
9127
3764
3539
1589
8263
6750
8095
5749
9928
8838
1521
1350
2749
338
9988
999
5076
814
9718
9534
6509
9047
8894
105
5527
7632
6107
7035
7941
391
4478
5551
8703
2224
865
4442
4278
6065
675
6122
1352
8382
1389
2392
9684
6050
668
3217
8405
6281
2090
3682
5430
3488
8845
2885
871
3131
4046
685
2476
7966
2252
2842
1742
6177
2988
306
5854
7668
9947
2485
9480
2433
7124
3228
7422
3057
6812
1635
8069
4877
267
8964
7911
929
3915
1815
6895
2830
3238
3795
7336
8459
3122
3324
515
6718
3905
9533
9511
513
6043
9366
5809
7301
9717
8255
4096
7883
7478
4653
7776
8174
4204
6460
6822
7901
5699
8734
8103
9487
7066
8841
2881
6146
4680
934
9464
1416
7418
1391
6925
7435
8091
5566
6154
5194
6953
461
653
4389
4643
3402
9865
5618
2723
1274
7093
4258
1696
3628
1571
4907
7285
2273
9955
9950
775
3021
6334
891
6833
830
6099
875
6504
3563
1812
2703
7368
8164
7109
1501
703
6206
8628
9446
8574
5606
4016
3427
3168
7626
4826
4051
2409
3230
9436
4295
1373
7707
2495
632
3688
2640
4431
7693
6548
6357
1965
4041
2212
8345
9310
4961
3159
8096
1600
925
9302
8921
5060
1137
818
2696
1948
8632
466
1820
6683
7585
4823
2506
7177
1161
9627
4012
2856
1190
1284
5146
7522
7055
1315
5720
4635
3210
4222
2898
2194
4433
6978
2102
4572
6378
6388
8627
5570
8292
1863
7
8844
9318
8478
9572
9295
4277
2321
5947
574
6296
6164
1210
5852
8898
669
9636
5920
8652
969
2245
4740
1596
5506
1082
1313
7313
8600
1383
8794
9607
1832
9491
3406
1798
5195
4647
2240
7434
7499
4851
8556
5972
541
4510
3645
5325
6955
9527
6249
3229
2583
3624
2313
89
4561
4703
8335
5533
1412
6145
333
9661
4580
1992
7107
3646
3707
3233
9485
5730
6881
2408
8919
7481
6011
4411
2375
7730
4549
2131
8210
7359
8381
546
7265
9885
7944
6188
9082
7401
3404
8008
9697
7112
8228
5253
2247
2768
7394
6453
1451
1880
5474
1015
6502
834
9948
1534
1468
2386
2098
959
3879
2991
9427
390
3452
3774
4909
9181
1686
7175
7108
59
9725
7278
1848
5323
9032
5302
8621
8189
5380
2254
2829
5420
9729
9481
5051
9701
6714
8831
1186
8404
7347
3543
3386
6319
6150
5637
7380
6674
281
6561
1628
9013
445
2866
5298
5127
4829
8441
2189
4769
8637
9816
2208
2834
2949
8677
1033
5732
34
9867
4700
5250
6432
6216
7006
458
198
7363
9855
5934
4874
844
8538
3995
7670
3927
4150
6513
3398
3232
5754
1755
5209
5601
5113
4149
732
2356
7244
618
8294
1099
3780
3808
412
8771
6562
7589
159
5481
9713
7203
2689
2505
9339
1174
8076
3142
4898
521
2020
5799
4447
1515
4756
313
3710
3072
3705
5157
4366
1344
3014
8129
5833
5292
3293
2011
4645
566
3471
7339
2521
6015
4519
3499
3429
1542
78
328
3196
3670
2227
2986
8439
7432
2977
1488
3819
6942
5178
7726
4997
7628
5149
6694
6274
9184
9671
45
2494
1546
9376
8194
6764
1525
4055
2200
8881
6752
65
5053
8971
9906
5258
6260
7334
2126
5225
9271
919
1395
4087
6397
7938
2987
3747
1297
7424
8780
5030
5545
8490
302
9715
5027
3090
6441
6237
1179
8663
9223
9574
6484
6126
3863
4604
4587
1081
9494
3175
848
4476
628
7788
5070
8328
1694
6989
2859
6006
8687
9919
7606
1447
2647
3450
6869
1595
6652
6746
5530
2709
6748
5561
3289
8043
9024
7200
5132
2795
3094
6405
9740
1653
6875
8115
4436
3580
4671
2642
9133
6799
7920
7208
6035
3189
3004
4868
1060
3749
3207
1919
784
7214
3735
3857
8093
2318
5400
5578
4486
5047
4225
2928
8972
7433
6012
8411
5320
6291
7272
8855
3066
1320
6373
9978
2638
3498
8229
2909
5941
9410
8821
8072
6352
3065
8979
5
3739
4673
9206
5343
2801
1220
3288
6620
3158
7496
9422
8126
5562
7682
5902
518
8904
2878
9548
5498
8968
1971
8548
7619
8551
7780
6253
4738
5003
9000
5865
4121
8826
4174
6100
519
9601
3384
1601
5072
9578
9453
3052
603
5388
9007
4646
4394
3874
1667
6848
8453
3421
1170
3970
8171
8947
8951
6854
9328
46
9388
9954
2215
1964
7635
4760
8853
867
5909
9182
945
6255
1757
3027
8234
1305
5844
6569
7487
9594
7960
1141
8785
9349
4176
1165
1129
3947
5304
5428
6695
8087
4186
6070
4873
3334
8254
4812
425
9962
8693
5588
1784
2635
7429
9587
838
2489
2852
1444
8580
6213
6091
1321
1944
6002
8120
5878
2880
8852
9828
9138
4249
2258
5165
9143
9497
5610
3444
7141
1327
3446
7819
5427
6539
4663
5758
7520
1956
9445
9123
7614
1422
9692
108
7940
3607
4315
7008
7549
4162
7789
2766
3300
6080
112
3962
728
7551
7710
4854
3330
7405
1244
6735
9888
9896
265
5446
2806
428
7978
805
4842
8597
231
2972
8496
1509
762
6124
451
6611
8368
1463
1902
1643
9826
3537
3368
1415
5296
3709
7036
5897
7576
5728
3929
1655
8149
6934
1961
3443
6282
493
5484
2966
8851
9044
5574
3854
7979
2657
4196
6039
4615
5368
6962
5020
6730
6355
7248
1414
88
9144
5956
8739
2352
8731
7535
4286
5315
3367
4010
6603
8430
2299
2340
1828
4011
9976
1874
6418
1360
2941
893
2218
4270
6111
8897
5737
3099
4123
8267
4819
9576
4475
3592
8425
5648
7352
1940
2204
2361
1154
9989
688
5040
3055
1715
9490
8983
9932
3037
6125
3476
8173
8700
6489
7280
5319
3029
9823
9903
6078
5262
2817
4182
9893
3119
5408
5664
3508
8177
3651
5563
7547
4297
2753
9399
1747
7930
1108
181
6641
7531
2602
819
808
3363
2557
3132
5241
3933
8018
2775
8689
1112
3448
8642
1594
5436
2950
6918
2668
6553
1157
773
4578
9761
6193
7892
5497
501
923
7402
7421
4942
374
6022
3932
1490
106
2226
1197
6776
2786
8766
9364
8723
6038
4984
2018
8162
7951
1146
9593
8137
8672
7290
253
8909
216
5097
9659
1250
9337
9014
1722
2513
7841
1911
1783
4042
5433
2184
5898
8842
4318
6740
8089
2370
1486
1446
8714
1988
3627
5191
2132
3298
5622
9378
7810
7942
9646
4482
3585
1705
8057
8547
8948
4938
4706
5033
667
2384
9431
8024
5449
4386
6890
5627
3319
8810
5757
2410
3681
8270
5919
9289
141
5958
3381
3337
9900
5975
2705
3092
4136
8669
9120
8659
700
270
9077
2272
5457
49
5868
8483
651
639
5470
311
1741
9549
5423
4946
1239
5046
3727
6143
976
1557
1203
5671
2798
7663
1290
7413
1778
1511
6018
8037
5814
8670
6408
3988
8200
4037
2491
2929
7343
7779
9580
5431
641
4479
4337
4017
9356
2546
6385
9348
9854
9822
3859
7661
3113
1516
4048
9756
3991
2578
305
3742
134
952
4
3762
246
6524
627
7834
7799
4865
8052
2918
5835
5697
5463
4802
6092
8857
2695
2919
7096
8589
41
4283
7712
8273
5103
7179
4498
9831
6027
7524
4957
7917
417
153
3048
8654
6827
3331
5658
6522
8009
1966
2041
4092
7866
2544
9639
8563
3095
4250
5761
2967
1012
263
2999
5356
5224
5193
9688
6851
8980
5442
9666
6032
8317
4353
8661
1613
1213
2472
707
92
6497
8906
6793
575
862
6223
7694
6021
7664
7155
6261
5477
5887
6179
7459
2948
6003
5401
4751
8031
3034
4145
5543
3071
6519
8603
3972
2435
429
5933
4524
476
3959
2089
8812
4832
5199
5810
3744
2094
5867
8092
587
1990
2959
6422
6773
3663
7356
725
8083
1301
9414
6235
7173
7122
4468
8510
4786
6096
645
113
6440
1619
9986
8377
7875
5162
2115
3884
2259
3256
7180
5361
8339
5171
8935
1533
729
6000
1101
3058
9247
3047
9112
9690
3026
455
3237
7312
4807
534
8993
3303
726
4953
9322
7607
6115
602
3900
1724
1799
3786
7689
7555
1927
8685
8002
3946
8584
4491
4770
4822
8914
3505
1536
8572
8756
6465
8408
3571
1554
8575
2632
1829
3802
9755
2412
6243
1214
129
7080
4001
6132
7073
4893
7239
6266
2900
824
6191
5142
5685
3259
5832
9540
6689
2283
7138
9064
2751
4715
9214
4360
4181
6238
142
4710
7696
3640
4642
7907
6834
3757
4473
7192
1672
9242
5329
1173
4887
9188
9307
4452
8800
4341
1642
29
434
6401
9055
4293
7477
2908
3534
5784
20
4746
1561
8720
2575
828
4993
7045
3320
4776
8032
9078
9899
7215
3588
8198
1641
3191
7070
584
737
5939
2459
4331
2907
8119
3422
3430
3952
9051
3491
9027
2466
5058
7187
3195
6560
6512
9393
2263
7408
8090
6329
4184
6788
654
1003
6215
6606
8420
2326
4034
1888
1235
1760
7623
7323
6037
1676
2706
5991
4133
3557
2416
7318
1818
5564
8606
7201
2305
4132
8583
4556
5592
7254
9137
3243
2150
9287
262
1572
8641
7947
9213
736
2482
2762
9683
9135
8106
6407
3380
381
4926
9742
6814
1750
7613
4683
7731
7063
4691
5612
7377
1918
77
3835
6977
36
7598
4098
6294
7443
8180
9575
864
7342
3652
7608
168
2217
7674
4459
7140
676
5035
8497
9406
67
8581
1748
658
9175
6904
5327
5608
1074
8916
7972
6181
4875
3637
3220
9676
5464
3049
613
4356
4020
4495
3511
7910
6297
4402
7582
3341
3020
6770
3469
6964
662
4757
8492
7051
9501
870
5698
7009
7973
2403
5825
9658
8387
4428
2683
1678
4043
3792
3231
1808
1062
149
3470
9757
7142
1994
3466
235
1085
6801
5979
1692
8690
6013
7397
7508
4298
4160
6393
2243
3852
9611
2715
9642
4612
54
8708
4053
2645
7980
738
8953
9442
222
8981
443
3414
4084
794
4434
2329
4305
6797
553
4843
7977
3077
133
8303
1689
6056
3481
974
9385
4091
3725
8908
1551
7444
2590
6134
9011
7392
7441
3440
6961
7497
1876
8458
7366
2691
1151
6533
708
4303
5349
7044
2585
2031
8833
1384
6800
5535
1979
6290
456
8666
1136
11
6544
6370
1445
2799
3445
433
8135
6745
5213
7837
5986
1400
4891
1087
5210
2778
9157
9846
8011
4406
9935
4923
3965
6348
5689
3087
8823
1936
7869
7897
3917
8671
26
7143
4229
3598
5184
9245
3815
841
3983
8438
7053
1855
384
9353
192
2958
4581
3895
9397
2393
9751
8154
8934
8769
7759
2654
2047
7219
1736
2534
4373
7690
7121
1335
7389
9719
7462
648
7857
9538
3689
2349
5653
389
6968
7729
5300
7718
1429
8761
3923
4506
7968
2062
8809
3644
7032
3109
7715
4876
4317
7059
4956
9592
4986
2800
4531
507
4201
2666
1188
3678
1841
3245
8426
2270
1358
2066
1753
9297
7534
3574
503
557
629
9369
475
9122
8362
1111
7723
9052
8902
9451
7934
8268
8132
2727
7652
1123
3209
2711
3605
9744
6346
1636
115
5116
9951
7804
7769
9608
3801
4320
5823
506
3671
8937
5152
9099
4853
1224
8278
6109
8814
3342
2255
3994
9395
5163
3500
7578
7997
1772
7805
1756
72
5143
2205
5723
2316
7767
2611
4257
3222
5587
1369
2198
3160
7232
8625
9237
879
82
5628
7088
4629
5670
5409
9850
1707
3190
3591
8789
921
5091
497
5064
8421
944
7828
4734
1057
4290
9160
3108
2886
9812
6595
3856
7414
7153
2171
4190
6034
9987
9810
5840
8223
7641
9404
7246
5012
2453
8227
9730
1649
184
4314
2792
5576
9246
9382
1737
4480
9820
889
217
5377
5642
2926
6911
3031
5892
4484
2010
2351
9940
8569
6912
5342
9557
1363
349
4380
709
8424
3460
218
4754
4438
4840
286
5286
268
6108
7136
979
2101
8422
4323
2379
4333
5438
6899
8029
7437
5876
2331
6610
2833
7156
5827
649
9669
1591
6262
6574
8706
1329
6284
9679
787
5687
9916
3261
2465
2366
4724
1823
9187
3877
151
3595
2920
652
9076
6605
3461
7564
7472
5413
7216
9140
7683
1682
2228
9365
3989
1563
8695
8759
8740
9649
2733
7150
7355
7294
2515
2418
8004
6722
5242
1552
793
9493
4409
472
6094
9891
1198
4666
3364
2042
4285
5924
6505
5513
5353
5858
6850
2672
6679
5111
1177
6434
4095
4005
4215
3411
1620
1285
8144
8913
4668
9941
3858
5507
4421
6299
6596
6403
4296
5806
5600
6157
2153
7862
2710
2346
1725
2056
3805
3264
6838
6499
533
9314
8746
3724
2890
2914
606
5691
5376
7949
6966
694
993
6048
9100
5466
2549
248
5927
8777
9682
7513
8601
7451
200
229
8860
9555
6865
3692
6295
9579
2168
7286
3009
2013
1215
2145
1668
3325
3234
869
596
9210
8327
9727
5192
5708
2572
3568
282
1833
3526
6921
8798
3814
9235
119
2307
5014
4462
4240
859
5231
9066
1527
7992
3845
6333
1989
8218
2627
1503
6479
5575
3067
2421
93
393
7007
3435
5386
615
4831
9294
3550
6205
3487
5717
6617
7954
7198
2936
9212
4138
3515
5611
8613
74
4722
8473
9630
5434
2111
7594
5318
9558
9743
777
4364
3823
7995
8434
7763
8989
1897
6681
8148
406
751
4169
9803
5838
3173
5508
3120
6365
2391
8324
7870
2139
9457
7025
5615
9381
251
3827
7914
8781
4803
7839
9600
322
2054
1481
3784
5266
4311
7374
4027
7658
1518
2137
9043
6583
2422
7701
2548
5121
5675
9552
9874
2019
4058
7181
5478
3542
8256
5639
2070
901
102
6232
3848
6416
3366
167
1053
1367
1440
5215
8290
8211
915
9183
7573
2045
9471
3032
8917
6629
5529
5853
5109
3462
7415
9857
2752
4023
4681
1806
9999
2761
1309
1014
5597
6292
4458
3990
8903
7129
6949
307
5875
2779
1135
3106
6863
1886
396
3314
1153
8650
7697
9034
7684
4193
7454
7553
8896
2687
7675
4115
2333
5301
1785
2980
5043
8626
9211
6659
4117
7927
5277
3968
3193
4219
8568
825
3731
9892
5807
1408
9384
2483
9714
3010
678
1340
9895
3149
2982
4368
5198
7348
1774
1752
6998
3818
5811
1275
3658
2434
9038
6716
6279
4959
9710
7588
1002
3418
6084
8265
7665
3432
9789
1132
7651
502
1891
9003
3248
7847
9959
2607
5604
2474
2387
1176
5712
9705
279
3593
7925
3753
7026
7015
7746
5437
1439
7853
3503
8653
9299
3485
6754
8867
1375
5136
9638
1325
5502
4913
5515
1345
1351
3925
0
6283
9841
2660
3150
1402
1939
7460
8885
9060
3921
6247
665
448
4863
496
9004
7241
4718
291
1887
120
7452
4682
5569
9845
6202
5039
5816
4850
9650
8122
2906
791
3205
4848
5123
7296
3482
8416
7983
6170
347
398
2902
1857
1706
1937
8612
3974
6047
6194
7307
3265
5106
5094
9704
5227
3609
5119
1227
5862
4236
520
845
547
9526
7054
1960
8648
4228
5881
5954
1598
7959
6766
4382
7678
7354
2736
1331
9897
3502
2357
1342
8861
5294
5985
9103
2052
7105
8592
9667
460
1901
3800
3115
6379
9106
9770
4919
9392
6535
2148
324
6706
2415
7790
2603
1253
14
992
4207
677
2740
3608
6336
3726
3097
3632
4609
7260
5659
8655
7340
5938
7736
81
5455
1606
8444
4088
163
3112
5842
9443
9908
4349
4264
5785
4631
7113
1544
2748
916
2615
4398
6136
4199
8753
5004
3130
9217
8022
7752
9824
2519
5783
2782
715
6288
7574
5582
9765
7222
9264
5170
9970
7895
4964
3752
3935
4334
7102
1114
5404
9985
3036
6412
6867
7251
1788
4732
2117
3809
8952
8609
4422
208
6935
8286
80
5248
1754
223
5594
853
621
3650
495
5711
2003
9858
530
9758
7236
1349
894
6779
4261
2633
161
9401
404
58
5899
9543
6398
6866
9233
4990
7202
17
6760
4852
9285
5166
9965
7595
9155
9657
1617
1024
835
2154
2169
5317
4737
2620
317
5345
7314
6200
8341
2343
332
5988
1064
2685
3295
6673
5591
1945
7100
5373
6809
9152
9208
8782
5110
6409
7786
3
9530
6501
7503
9698
4013
8217
4960
6353
4050
8000
6083
169
598
2027
3211
4614
7160
5524
1167
4911
8988
5932
1984
7566
7823
1128
9598
4371
1993
2757
6959
7084
8918
4018
7659
6826
334
2071
4488
8617
1587
6404
2593
3281
1458
5090
3966
9936
9966
7583
4466
2843
8872
3370
550
2303
5520
9612
5156
9677
2289
339
1864
275
9434
9234
8160
9724
2195
3279
3940
7057
577
7784
5010
6025
1020
4858
4350
7728
7766
7604
2067
1283
1292
6471
2864
7273
2604
6913
9911
1433
7218
6923
9266
5365
663
5743
470
4374
5521
7212
3286
4559
5459
4279
8735
8112
8536
526
2973
9562
9731
7484
5905
4771
489
202
9504
3078
1364
6699
6906
1378
5285
9809
4241
8005
4516
5330
3096
9158
1871
4449
8614
6795
1145
7824
3413
4441
1958
8942
3787
1743
7717
8353
7600
7357
8667
7289
8361
6368
5074
2729
6095
9754
9699
1133
4105
7310
1889
4077
8927
5129
2406
56
9520
3458
516
854
4881
137
8481
435
6426
5739
3385
3294
7765
5265
411
7269
5767
9021
8385
7787
3659
5023
212
837
5180
3924
1862
3417
4685
9150
3836
7560
8026
312
4395
5424
8231
6759
1840
2526
7005
8176
5959
8987
1673
3455
5280
9544
5619
6328
3327
5187
4742
9556
2507
5668
3054
6727
2894
2889
5406
9332
9622
7970
690
6824
3844
5307
2979
1265
309
2378
5312
2332
6176
691
7256
4594
5321
1658
4795
1712
5967
1288
9039
2363
4696
7967
902
2781
644
9735
582
585
6456
6607
7893
2023
4838
1526
386
2655
5379
488
1739
8107
2594
9670
3862
816
8338
7287
9164
2773
8332
6952
4886
8864
5817
3517
1052
4644
8041
1610
5804
5974
5895
8793
6612
3145
956
9147
6313
2097
6597
6005
3828
8450
8275
1423
7735
4047
8791
1646
6240
9873
8837
1194
3799
4171
1982
4924
8215
4912
7169
2854
2261
5223
6160
6698
6658
9779
239
8955
2454
5452
9979
9943
9946
4586
8367
954
1576
4945
3560
5855
2848
8512
3086
2883
1928
3676
8950
6521
7493
4302
634
9113
3287
4551
5983
9313
8930
5613
6168
5731
9167
2444
2822
3677
4834
1381
3214
5279
1475
2106
4830
2722
3043
186
5795
109
9739
1746
8400
7353
5305
1950
8713
6218
1103
786
9510
7525
2163
1822
5599
4712
3033
5912
9466
2636
8391
2556
5726
340
9848
6721
3349
9433
5623
5339
705
8035
3140
6233
3299
4427
8514
2560
3768
8506
9983
4446
3258
3510
829
4212
1870
3871
4430
3019
8932
9806
4379
4613
127
7778
9156
4914
5683
152
8304
601
9476
6475
3708
7919
4596
4338
1842
1432
9482
9080
2223
213
7185
6784
7490
8530
2804
6726
4351
2780
950
807
8721
9142
2659
1847
8820
1773
7876
2373
9460
8306
928
7099
1156
996
1162
7205
3528
6419
7898
3796
3601
5467
4520
9050
4547
3626
4280
8807
3317
5179
4855
831
1625
5755
5652
8044
4195
6676
6526
7884
1555
4650
2869
1537
8355
9056
1758
8312
698
9863
8445
6653
4947
7753
797
552
7773
1380
7263
7902
8467
611
1846
8949
9097
3296
1771
4583
2571
4255
2731
3810
1070
4346
6141
8624
8099
1206
3185
5293
4369
4560
624
1612
5766
9868
6415
5089
8466
4901
2953
6937
55
3516
7082
4103
3272
1514
9876
4727
2968
8220
8392
310
9991
6016
4672
1266
3247
1169
6891
9796
5218
8922
8349
8123
4412
8960
1972
6889
4474
3596
821
2844
5275
2136
6633
1608
1346
4590
2395
2626
2935
5815
4306
9290
3529
6161
2821
203
6780
5351
1996
1985
5371
856
3906
3135
399
9794
8165
3357
9878
3719
6064
3257
6221
5713
7494
9847
8849
5002
997
8943
528
2166
7436
6466
7183
8883
4951
3665
3695
1401
2455
5830
9134
1545
4007
7097
5995
7634
1639
8297
8593
1377
570
3100
3251
1709
7240
4183
7797
3410
6873
471
61
8974
2347
3423
3371
9967
6461
735
7369
1258
6476
5917
768
9628
5099
2001
3885
6248
7344
9653
5067
9660
2291
8325
3773
5729
9602
3840
935
8452
368
6803
95
6250
8854
5625
9702
2509
70
2547
4009
5819
48
6672
9374
5937
6486
6644
4308
1420
1766
1780
5092
2262
6635
6543
2276
8587
410
7631
7745
1107
6271
941
4324
8449
6637
8393
5202
7303
1951
2004
2127
2124
9227
2855
2451
7563
8427
3667
4321
1776
5226
5886
7341
7191
1474
1524
9838
8084
3918
3889
6455
9162
447
3479
2123
1858
170
4383
8957
8360
6277
2442
2962
5908
7016
7268
8533
4112
8747
5747
6383
6666
599
4967
7530
6076
3105
2358
2396
695
4741
2542
2448
5306
481
5779
3982
9311
4730
1298
9048
190
8214
7586
6123
5316
16
4931
6487
8147
910
9159
8691
4584
9603
6872
6139
7764
6166
6308
8226
3126
5204
8643
9920
6655
7166
5763
5145
1702
9801
6151
8711
2072
9075
5942
4899
2664
7605
394
1268
6446
6900
4221
8085
6207
6792
6546
1716
760
8395
380
8799
6349
2499
9441
3104
712
8532
3584
9145
4022
8158
7406
6558
1160
4565
873
4385
6203
2178
3648
759
723
146
1657
6988
2820
6375
4357
7171
9890
8524
8456
5453
3976
4348
7846
250
7812
3778
7306
8665
2233
9633
1800
1860
517
7903
9832
9700
6079
4245
5120
1932
4157
2120
1763
1507
7781
6570
4167
1448
110
4124
4329
5350
9334
6061
9371
1059
6445
2186
