548
9902
3977
2026
4447
8696
1568
655
2952
1974
1873
9697
3886
6058
9930
638
4928
1870
4966
3457
3818
5741
5351
5525
288
3303
5772
1538
6926
9493
6087
9442
5622
3972
211
148
2930
490
5797
4095
2159
7944
1580
6737
191
8039
110
5177
3157
5812
8985
4312
9672
1422
9621
1367
4607
7933
1959
3397
3282
1635
8482
8729
1141
21
3572
4117
2263
4202
1866
7000
1607
241
1045
9412
703
4359
4004
8602
6406
3315
7698
6098
8312
7590
5621
2524
1179
5688
6841
1732
379
848
1537
4166
990
9011
7830
8941
3934
5544
8266
116
8245
3393
8353
7800
186
8713
7194
1722
6731
9739
8526
8986
1410
4651
3651
8244
2358
7642
9017
5080
3122
4445
8333
102
145
9152
8038
9642
2782
7789
3731
806
6679
8898
5968
3606
1351
3202
9254
4188
6637
777
2476
5627
9625
3654
177
865
5124
970
1807
1946
2535
3898
8379
4562
3002
9521
1889
180
7148
7833
968
8610
2897
959
2212
3180
8377
9570
9573
1656
4331
4767
9246
675
1226
244
67
9856
1776
3018
6168
3092
5187
836
4590
392
803
5208
168
5020
9533
5585
2537
794
7607
4105
6575
3688
5527
4369
4771
2467
6893
7699
4406
3419
4940
3900
8636
4180
3308
1660
5863
7431
391
5576
9915
5153
9806
5687
2858
7975
7432
4483
2183
2410
4290
6474
9582
1344
4100
7033
457
1054
4326
1736
4021
4461
7837
2945
5181
9235
1071
931
4682
483
6010
42
4814
1366
2461
581
7778
3361
7187
7249
9193
6777
4360
4171
6352
1254
835
9042
7576
6933
3103
1779
4159
9628
9727
5367
852
9370
7321
6850
8853
8752
5311
2686
1490
1055
4262
3647
2922
3494
6362
3057
9435
2788
7788
6092
2247
4485
3110
6795
4019
5354
4817
526
6085
4523
3718
2635
5276
615
4760
8516
4728
920
7069
6484
9501
2069
2206
5270
8617
3684
4896
7178
699
2840
389
1295
156
6740
8876
7354
8341
2162
6100
2563
8916
7756
6896
5803
8146
1368
9095
2223
5380
5436
3885
3078
6225
5348
3425
9051
2738
5927
5581
5378
8240
827
256
9850
506
4185
2418
5053
7721
6129
6543
8242
1577
1140
6705
1453
1239
7208
4252
8877
8570
7525
6272
4008
8689
8592
1432
4588
8492
8727
8153
2760
7666
7950
1235
823
9147
1718
7504
2578
7340
9761
2754
4897
8293
9312
3464
2459
7722
3706
173
8138
3062
8819
4793
6733
6188
5924
5061
1437
6178
3416
8300
8257
9177
7857
3274
2323
6126
9932
1458
7082
3390
7712
7117
6765
361
507
2941
5640
1459
124
2992
2997
2202
1886
3079
6144
6467
6353
1674
5956
1475
5953
8517
6776
6749
2413
9041
5590
854
1770
4893
9047
7248
6727
6960
6365
1529
1017
7175
1620
6003
381
8473
5761
8862
1009
6044
3553
9977
3595
1569
3109
927
6827
7821
1634
7855
7118
9509
3823
2285
2974
6783
9142
6084
9458
4873
8834
4671
5819
5732
8210
325
6884
8465
6526
4365
9244
5693
6845
3604
2815
6812
9824
4617
9215
926
305
4324
1373
770
2334
7006
4399
8649
2088
3462
9878
3853
3458
2714
4122
869
6547
3807
3158
9731
5481
1427
9943
8770
2704
235
5963
3140
5659
748
425
2946
9101
9637
1927
8168
4542
307
4909
1885
3049
5493
8556
5430
4721
3013
13
9695
6337
7904
7046
1025
6979
372
2501
9795
5827
2303
8281
1579
4041
7743
2863
2813
5060
633
3767
752
3053
4342
4976
8332
5253
2392
344
995
1200
9124
1549
6464
925
2485
2189
6606
8263
4505
9455
8375
3124
3888
6482
9705
9382
7981
7018
1690
5362
2312
207
7906
7098
3882
4518
2237
4697
2898
3000
2752
8794
1823
9475
4175
7889
4747
3763
4953
2973
8423
9912
6555
9018
2193
838
4078
2673
4466
5366
7684
8080
7524
3071
3009
2671
9468
7106
4014
8058
1512
3370
3808
4112
2083
4745
8747
1768
818
5052
4593
1506
8477
1627
8068
7004
8087
1492
7925
9910
2912
672
4883
5225
867
2792
1484
3696
3932
413
2172
4977
4403
1923
1820
647
6279
2000
2032
3173
6400
6007
5490
8575
7238
8049
566
7815
4120
4923
6193
1215
800
2626
1782
6385
4596
3248
371
8627
3997
1204
1917
538
8994
2528
3726
2820
1810
144
3617
2927
6434
3959
1961
1842
8361
7019
3333
2852
7876
8754
4388
2325
3486
3059
8003
7799
8407
3540
2244
3353
9206
4625
1698
3375
2539
298
7959
1890
863
7639
2463
7584
3610
1565
1058
3135
3314
9384
8152
511
510
2165
2884
5409
8319
4646
2158
5636
7854
434
1060
3172
2590
9704
5109
6033
598
6500
6944
5435
3258
3999
1090
7159
9635
7437
8522
7312
8541
4943
1003
8091
1984
1808
2923
1051
8828
3780
3159
8766
6005
1559
4246
8989
4580
1563
6199
2935
6115
9607
3364
6451
3304
4297
7125
7111
7107
7108
7426
9168
8051
3878
4996
898
2781
8456
1255
6410
3278
7862
1378
2610
939
9203
8773
3048
5158
2709
4544
8597
8500
7401
6724
7407
2619
4825
8545
6347
4837
8903
8673
8124
8079
7166
3861
4860
1337
2455
4243
2181
4935
5069
5547
909
5360
8930
530
517
7868
444
5234
3266
1878
447
2063
7442
7622
8605
5696
9837
4552
3426
6242
4146
7485
5645
9508
5639
1076
5951
5587
6249
8254
1444
4789
7510
1283
2259
4911
4639
7602
4145
5449
6968
5324
8923
3178
1080
7688
4449
6882
5376
6179
2816
3409
3693
7538
5269
4329
3510
5429
4303
4724
9687
1019
2349
2469
9143
7571
3699
6947
190
5094
3427
5792
8527
2889
3597
8404
8953
3127
8387
5032
6387
8971
465
9640
9967
6078
90
6613
8919
3561
4597
1357
3129
1305
5860
4993
712
9292
4285
4502
6956
3301
9947
8864
9641
2139
6669
2612
481
6642
9575
1000
4031
3448
9700
6323
5823
3165
3942
4302
9597
6340
3371
5919
5215
9503
3320
3840
9855
9229
2568
2979
6384
2339
5524
4764
747
2963
7508
3756
1360
2438
2030
9796
4641
8998
8588
904
5375
3826
2451
8089
1954
5372
7235
6175
7100
2949
1380
8642
6257
4595
3546
8955
875
9064
6987
7158
1848
6966
7468
209
6080
7993
1043
430
9128
4223
2050
6932
7293
6114
5657
3003
593
4178
6327
7790
2355
7931
8895
7452
7061
9065
6560
4746
4091
5131
5014
4436
5678
2706
5191
944
3388
9725
8129
2724
1593
7709
7416
8536
5856
6395
9400
9752
8314
2785
9367
4391
7939
7969
9021
8452
8213
7746
1860
3585
7188
2130
7449
987
6066
9227
3727
2654
7221
8587
7492
8360
275
5085
8708
1791
3971
7806
2887
5497
7992
1118
5610
7163
3658
5518
6247
8480
2468
5707
1945
3243
283
8511
6598
8027
3938
6065
7365
4539
3998
8620
3502
5286
1937
2773
1723
6097
6060
5247
8972
441
2061
594
5173
5602
9599
4612
6116
5562
6858
5680
2104
6514
2531
7415
7436
3007
4805
3066
4184
5660
6524
4862
8163
4968
9371
1826
7611
7314
6739
5335
4616
9245
1091
7035
6923
4325
169
1774
1275
9132
9993
4358
9044
2310
5730
3012
5773
4755
3563
52
4140
5321
4300
4498
5695
342
3936
7285
3473
5899
258
8723
9447
16
3352
8451
3417
6191
4489
6632
6811
498
7250
5483
1037
7962
3025
6667
5463
9995
6498
1625
2910
533
1817
5974
3794
5715
4380
1789
6860
8102
9957
3055
1854
9328
6488
400
4610
3621
4479
1333
4346
7905
6808
2178
375
3948
1585
3650
2327
487
3332
3822
3359
5306
336
2690
8455
937
8503
2456
3004
420
3866
8106
1236
619
674
7759
5432
5941
1155
2195
1755
189
54
8101
5835
5027
5390
9343
2397
9027
3876
8984
1749
5447
8218
464
1489
3145
8869
8061
9052
5283
9973
1837
9845
3520
7943
8208
4490
5613
6569
6336
9591
3705
3469
8546
4130
3643
5058
3294
5290
1640
6881
6660
7657
3590
3459
463
7795
2954
722
3040
950
1170
11
8633
2350
9031
4699
3710
1759
1811
223
2937
6447
6572
2662
62
7445
9683
2725
9348
467
9294
945
7115
1547
5944
6368
3785
8391
731
7281
8629
7447
9322
5122
813
1476
1931
5788
8485
9211
2408
2361
1395
9888
6294
4280
8123
9583
9276
4235
373
5608
385
7900
3275
1312
716
1450
2994
4770
1546
2430
2830
1074
9078
1884
1358
7551
6181
3099
8837
4002
2826
7702
9267
1844
3677
1576
6489
7726
4739
6528
3083
7267
4196
1416
694
5800
902
9875
6286
1008
8856
7215
9512
8787
7801
2702
7379
1936
9614
1929
6621
6405
9207
7058
8874
8755
3431
1162
7228
8810
3589
5278
2556
2140
1237
3817
1968
5244
7130
7382
9076
2574
5101
6304
4881
119
4313
3867
5712
6759
7284
2034
3939
5885
6393
7060
265
7562
555
8327
2010
2400
7296
6109
8075
4307
7537
5731
7825
9669
2481
7937
4459
4343
6638
9180
6366
5976
3287
253
8098
7718
7546
2258
5018
47
1548
1078
8355
4615
4797
9751
494
8860
294
3300
6929
4259
9675
3996
1122
8457
3816
667
4882
423
4133
6441
5682
2630
7177
257
3161
1262
8717
3232
3098
2796
9631
9754
193
2668
3533
3203
3111
4824
1643
2841
2871
6173
6260
3946
5361
6819
4125
7824
5135
7866
7558
5119
9489
8415
4074
7540
504
1572
6537
9953
829
3605
7245
1012
100
5808
5044
812
9070
4053
3496
2645
9330
779
1682
8889
1263
9311
8376
330
3074
1421
2726
6601
4473
6998
8936
7960
4049
7999
5413
3627
4221
8142
1910
711
9380
172
3884
4665
3271
4035
7601
9
343
8658
3060
3413
4736
4791
1750
9793
1424
2428
9306
4990
612
1059
263
707
1152
3903
2765
5370
6574
482
3367
2553
8793
9950
9692
3806
8600
4227
1673
5922
9922
6641
3441
9738
5242
6245
1684
976
6823
8133
421
4559
1289
974
3804
5846
1284
552
2273
3253
1633
9093
1645
7608
8479
8203
7864
8121
5943
4366
7165
5458
4317
1767
6147
6697
4169
2320
203
1112
6072
8927
8603
5079
7820
2491
7393
5072
3824
985
9471
3779
7099
7796
5028
5542
5423
1211
961
7032
9282
1294
7367
965
2396
3855
3485
7486
8502
4807
8057
7488
9633
930
3190
8176
6874
9079
7840
7461
87
9939
9580
6278
7719
8882
3162
7427
3056
6550
7553
505
8251
6155
2753
369
8309
551
935
230
1321
7095
5757
3342
9204
7819
3348
213
583
5082
9861
6764
673
6283
6689
359
1697
1324
596
4432
2431
9757
6973
5658
9653
4803
9390
3511
5505
2084
8804
2447
9320
6158
4711
7141
4644
1212
1678
1566
6655
6096
2464
573
3708
5733
6259
5252
1825
1483
7299
5237
4727
2939
1497
5631
232
5224
4340
2766
4474
9230
6202
7346
2078
4327
7751
7592
4274
1603
6561
6372
1806
6722
5724
4847
8042
4119
9713
4758
321
8011
127
8737
6577
7116
4706
1679
4306
7559
1328
200
3493
5799
8705
1100
4572
7512
1356
9108
5881
4889
2627
6356
8778
4821
4620
6501
1599
3385
4775
313
8679
5327
6628
6070
6597
5609
3467
8840
331
9500
8036
6612
2241
6605
1068
6057
5942
2346
4560
839
5560
4389
8449
6487
6239
1881
4191
7137
5456
4439
9776
2224
8015
8162
4879
3962
8359
6187
5939
5791
4985
9992
8981
1721
3206
5149
4204
7732
4282
681
9389
2452
9488
8842
6211
7303
9272
7573
4108
8562
9026
8890
4838
5838
7547
1308
3334
8310
1539
7167
9802
2008
9140
3153
2020
469
1948
34
6442
4656
3115
3065
7916
7378
7598
9811
6295
742
1083
3245
4355
4234
3820
7439
9233
1928
4715
6974
4261
3673
1976
5802
9958
429
6267
1362
5836
1891
768
1405
4792
6774
2676
7528
9860
7220
3477
6695
4098
9569
6200
6805
5126
8132
891
5593
9110
8412
640
6706
1951
3453
6677
763
2968
2496
2855
1494
2789
2196
1742
4065
5841
8776
8389
2125
9089
9016
8334
5419
249
5345
8054
2059
6468
4741
1719
3717
881
7049
7575
9096
8528
6495
136
9968
601
2098
6432
3845
1632
1816
6136
8073
689
4680
7400
3716
6068
7186
8702
2715
155
6198
1462
824
2648
9494
7763
2331
6904
41
5168
2120
9310
5100
2911
6688
5185
5112
2740
9301
3990
5816
4842
9338
2053
7057
3076
3284
8137
6059
6093
1930
79
9413
8064
3491
9209
9369
154
4622
3588
8289
840
3272
3389
7731
5444
3050
1545
5523
8275
6025
8070
3264
8497
4608
9185
5280
9408
7523
3524
646
4509
7633
1638
3722
2957
7679
4716
980
2533
793
3655
5104
3432
8127
8803
5588
2739
3067
4128
9033
5062
9323
3508
4143
2652
1189
1485
5334
1318
8074
4055
8206
1176
9434
8622
3963
1259
3531
868
8560
7386
18
1659
4299
4127
7938
2614
4687
3343
2288
6751
4335
7088
684
1717
7392
7113
5683
9372
9443
5793
38
6824
4292
1316
2529
957
7614
8397
3512
4115
3908
5851
6344
5344
4455
842
9155
1683
4634
6549
2638
7522
9774
5528
4982
7714
610
8221
5425
1109
4099
4181
1982
625
5796
519
6450
4773
8852
3897
2546
121
9283
6223
5909
5221
5530
9220
8411
3100
8467
9357
2209
7196
8656
8189
6989
1613
2378
5857
3309
7067
7256
6437
1584
3
8758
3181
3593
2746
9688
5692
6334
2655
3340
2027
678
2519
197
5439
2651
9020
7470
334
7995
3349
870
8697
5486
7533
6694
5758
9858
7140
2680
6567
4194
9876
6118
9308
2136
8510
2184
8598
6209
5840
2683
7176
5356
9068
9295
1398
1918
7733
2895
8684
6839
3692
3414
9062
2
4676
2869
6403
4063
7357
1764
1221
1522
5240
6530
5754
9880
5369
3239
3978
543
9004
5431
5634
9584
659
7045
1983
4123
2490
5849
9394
4382
1277
4260
8442
7093
329
84
3860
6006
6456
6378
7254
9339
1186
233
8662
3174
7652
3949
7370
4200
3196
9946
8060
7355
8706
5152
6510
5727
4085
8368
4999
4413
9890
6183
4080
6981
1132
3635
5642
7109
4959
3503
626
7200
5848
5114
6878
799
8847
9291
2613
8732
6018
1895
2118
4453
9197
6509
6879
1159
8157
5468
9241
3965
1752
688
3446
9844
6834
5669
629
5220
1317
7942
7341
520
5902
5859
6241
997
2733
8990
9183
1157
4512
8960
8725
6518
7323
5310
2210
6576
6828
5738
9798
599
951
8833
9296
6409
3746
8071
7013
6506
1819
8167
652
3215
7335
1099
8531
5874
3928
3034
2698
6984
7872
4799
9729
9083
9990
363
9237
6300
500
8156
6793
6894
3131
3043
7011
1628
6771
2608
4857
6580
1783
2712
4330
713
1707
6635
4810
2570
445
2343
7229
2475
6564
3542
2737
5363
1343
2231
785
3872
6664
5679
6531
6367
2115
7813
8900
8693
4368
5648
1624
2916
3063
7053
3796
6329
5116
3489
3322
4427
3810
8340
6135
1939
7988
5169
9929
1846
9965
5684
5901
1588
8099
9719
8444
8788
4353
4630
5328
5601
6246
4939
7064
7236
5641
8055
4510
3324
1557
8639
590
5713
8183
5050
6449
2936
3739
9467
4885
4673
5982
4258
1863
5492
303
1691
4769
2834
3351
7055
2838
5548
679
4250
9056
8677
130
4987
5753
2406
3386
9198
2006
5591
1822
3714
8287
1766
319
4463
5751
3229
6782
4417
7247
6520
701
9432
4913
4371
8370
3768
8962
6810
9762
1460
6818
8861
6593
3843
104
4357
7870
8978
2549
2798
4547
53
5107
6770
7826
4688
7910
8883
302
3652
3940
4908
4930
6829
2800
1161
4256
6082
8421
9771
3680
9173
6723
8547
1499
759
80
8264
3883
2471
6748
6041
3970
6662
1552
9087
8313
4726
9578
3521
579
7865
5897
6897
6275
3291
8459
2242
2552
3741
5115
4957
2888
1306
383
8086
5651
5555
7691
8069
2510
3250
3892
1980
7792
314
6902
8454
7232
1899
6742
5095
5908
6237
7620
2290
8661
3380
2502
8448
5568
3935
6634
9879
7371
5496
3642
2621
5620
5643
3201
3024
796
2983
8367
367
6797
9302
3868
2221
4488
6071
8356
2874
5854
2004
666
3033
1665
2167
5784
7831
382
406
268
9347
6656
8884
2176
3044
4751
5654
4394
7755
7753
7463
3639
9884
9792
603
424
6
3711
3399
7774
7084
7740
4003
4567
3224
65
4336
7844
7211
6473
2101
6197
3575
9726
5638
48
2657
5826
578
5650
859
3599
8292
1780
9414
8873
8175
7659
2905
3538
9485
8909
932
4402
7047
5681
2665
496
9592
5864
2565
561
259
9046
8945
3611
6505
4713
1265
2252
4186
7102
1439
7750
1139
3833
1609
8107
4446
1046
1007
6921
3924
4742
2948
8626
964
1375
85
6659
1582
6277
2674
5632
9721
7075
5216
4214
7222
1064
6364
73
910
6553
3755
9208
7448
2284
327
721
50
1623
2386
7624
7976
146
2636
2749
8568
5482
8836
1938
8413
2385
3177
7612
9728
1785
8230
2155
7641
131
6511
6735
6738
3404
7233
8640
737
7073
4344
2052
7307
8797
6965
2049
247
6493
3032
4679
6101
805
7372
3979
4208
6513
3077
2790
3526
7272
887
7375
3415
3169
63
3328
9765
3144
6028
6394
708
9285
6107
7023
2347
6038
1935
6916
5807
4545
9457
3212
6713
3519
3633
3800
5127
2135
7577
1853
415
1503
7606
8724
764
9810
5750
6784
4010
4435
202
5469
3989
2282
7645
3471
5801
1694
1528
3629
8019
5740
4030
3211
3848
6821
187
3104
1079
5202
7871
390
963
9940
3577
9644
7520
7986
2691
8519
5088
8742
3228
8678
5672
310
4654
7408
8518
6870
1016
8822
5999
4392
3020
2679
1206
1274
5198
2801
7410
7549
1745
4783
3036
6623
7263
5008
2299
3069
8843
3072
9256
2369
9125
1587
8548
1744
8384
6037
6866
9067
6582
5417
8540
3995
4172
6317
1229
5141
5472
6817
9514
7384
251
9750
7761
5667
7532
4971
113
929
1364
7214
6908
5912
4308
5910
5579
2121
4991
2126
466
5277
915
8595
5599
3849
3193
2085
88
407
3139
6104
2958
6418
7556
4060
4257
1010
2305
5320
6214
4946
6291
1299
8286
2111
1228
9678
1104
1224
7700
3148
5526
4033
3474
1285
9743
1340
5227
204
5057
6788
9613
103
1703
9690
6045
2839
6298
1731
2012
8336
7217
7544
9639
7964
3323
7849
8704
2060
174
3802
3880
4086
1601
3488
8854
8618
1231
1081
333
4044
588
272
1309
2917
7704
8806
3116
1449
4148
7860
789
2146
9141
2441
8315
2422
3276
1268
1724
4230
623
2599
6508
8808
4710
403
4661
6616
9034
1251
2354
2025
6255
4979
5076
1510
8364
8193
2383
8291
4648
3381
8090
1257
8250
2304
5453
8772
8820
7347
8589
139
750
9740
4631
2332
64
3552
7316
6290
1996
9175
3166
6110
6207
6236
4207
8970
5676
9519
1468
893
952
4460
33
3663
7385
5984
5685
1555
9638
6721
4576
75
2296
5700
6099
1762
7054
9477
8182
9852
9799
8499
7542
9430
4087
5265
4377
9568
106
6208
1185
7567
7199
9353
9649
6471
2890
4901
1540
8303
3305
91
2811
9459
9791
9287
5829
6800
7121
5706
1619
9885
6235
3783
9255
3957
2555
6452
412
1712
5574
9537
5810
1912
2300
4890
4618
4962
7251
9842
4566
118
2593
8888
473
3930
7631
4611
7982
3362
1107
446
7625
9652
6024
3968
5929
4465
3435
4669
6915
2487
4717
4707
784
7591
2489
3345
9182
7965
9897
2117
3513
8582
6652
2829
7582
6995
567
4836
6227
3864
6172
8553
153
6079
2377
3765
8871
7071
6421
3182
2045
6411
5500
6196
5184
7764
7050
4933
1733
3021
8924
502
9682
4499
9505
5042
516
5374
4823
2066
5110
8764
2311
1646
6917
2559
2777
4592
1456
8226
6885
7634
769
783
1339
2520
5514
8298
2999
7138
3252
397
1385
7780
4645
5637
1387
99
6849
8559
475
9865
7330
7646
5182
7403
9530
3354
4040
5522
9891
6210
3026
8348
9593
5948
8188
9869
1992
5529
662
5470
1039
8215
7695
4121
7932
1195
7123
2955
5964
376
7264
1218
4782
5954
676
632
6602
2433
9225
5926
8506
8078
978
4945
7838
6951
2279
6020
2541
3778
6001
6302
6086
518
8624
1704
3107
4918
1199
1793
4964
2373
2200
9848
3082
7366
2732
9376
698
1856
7701
3277
6224
8424
7428
9179
4843
7681
9659
6842
2272
9511
3754
9226
4025
2920
6312
387
4487
7968
1814
1988
1282
4658
969
7077
149
5199
9548
2016
8946
4275
7268
6779
5572
8040
569
9121
8044
3985
82
5817
9907
8408
5341
3227
6502
1710
9497
281
17
9109
8682
5617
3544
5995
8326
9914
8716
2291
7210
3422
8392
416
8490
5077
7677
1513
3199
220
4753
5195
5403
515
5128
7309
1597
1594
4475
2989
767
7146
5952
7745
8304
9816
8227
8381
5395
4106
914
6491
474
8445
6914
5559
7161
3460
928
9853
2623
8566
7010
1933
3286
3292
76
315
8199
5545
478
6454
317
1478
9983
6886
243
8782
1893
3712
1964
5900
4599
9780
1671
9717
9172
7381
134
4062
3742
9952
9189
6825
537
791
934
7845
8646
6673
1392
7262
1631
1514
1061
4762
1342
1129
9117
2134
6314
426
4609
3001
6813
4073
6640
3085
9460
8464
1798
3438
1153
25
1053
5178
9944
3518
9222
3208
2216
3687
2678
3894
1150
1018
7990
4850
8072
7967
1711
3405
5787
2806
5691
2201
8033
6838
3269
3108
884
1696
4695
5051
1901
4451
5592
3236
8088
2866
4381
2640
1110
8958
5780
4410
2703
4522
6852
246
5790
293
9974
5877
9948
532
9335
2497
2819
5274
7926
5132
3400
1963
1637
8234
9307
9510
8912
2495
4647
6692
6391
919
4233
1815
4116
1203
2283
9554
9356
9299
8151
9327
6700
3701
8586
9114
9313
6440
7454
918
3016
8113
8509
6887
6326
9589
7360
2901
889
2591
4333
9906
1425
4614
1509
271
3341
9077
617
3828
8417
9741
5737
2722
3154
2560
7348
2728
4563
7034
322
419
4240
736
3829
692
352
1272
3858
6767
3233
1097
3027
3517
1550
5231
3392
2248
9668
2504
1267
5933
7682
8173
9257
5477
6472
6600
491
6775
774
8186
6859
8800
2727
1297
24
6961
5878
245
335
6435
8901
101
2797
654
4584
7484
2187
6558
7909
751
1840
4574
1326
9507
7029
3187
7936
7133
627
3902
3452
558
8657
4880
872
9074
5180
9711
5508
3023
115
3568
6503
3480
9429
3981
4714
5934
9139
61
4301
9316
2551
5313
5254
1589
7989
1033
2522
3830
4097
8539
7687
1473
4066
7958
2253
2904
4841
954
6650
2787
1113
3536
801
5811
4561
8014
3439
7473
5623
7737
4452
4740
2903
8894
781
8826
5387
2523
2600
8680
9398
4778
4057
5398
2040
8591
743
4135
8248
8268
3612
1114
8523
3728
4835
8514
2554
1013
26
6941
6691
5357
4686
1092
380
5635
2340
6674
6618
3596
4573
8288
2225
9536
9615
1720
4581
7420
9499
3195
6162
2024
1096
9807
2972
1371
8219
3466
135
5935
8022
7651
1487
9385
6851
8844
2824
3402
3955
226
5190
4508
1971
7632
5422
7471
7541
1882
4534
6704
8952
8567
4872
6815
1570
651
4723
2571
1533
4012
7286
3256
9130
4351
2864
8256
6898
3676
215
4009
4619
3052
1909
4093
442
8638
5312
2344
2194
8093
3123
6769
5577
938
5415
9431
8191
1086
4182
3862
5235
5123
8525
5554
8116
6516
1281
3896
6064
2154
3006
2412
2035
3306
1663
9248
8792
7648
6047
1245
1957
575
802
521
3014
8008
5090
8371
2091
4832
9549
8980
7092
855
3865
7842
5674
9938
9574
6169
4888
8324
285
5837
4141
7519
4134
8851
9049
8374
1457
1995
1048
4356
6287
111
2110
924
9202
6381
4023
8276
6475
2068
4220
9038
8259
8126
6318
5947
2313
1126
6970
3667
4815
7300
4043
3715
3045
3330
7467
6338
6709
2731
7105
1602
849
5410
3987
6854
3670
8351
3505
2318
3384
9673
9871
1196
5343
2579
2113
9785
7391
5213
3576
9565
5388
8701
4045
984
1261
7332
8050
648
4288
5157
8174
3406
2675
8515
2109
9651
5709
7765
6814
8967
9736
6636
2500
6668
8542
1611
3530
3863
5450
3539
8239
4253
5260
2720
8918
7517
6752
6785
4856
8604
1564
7647
4006
5798
1551
3669
8316
2337
6461
453
4345
1213
4024
2493
9823
5987
4963
988
1323
7291
4224
1479
1542
1805
5365
6755
660
3852
1247
290
6311
6552
5710
5299
7231
7132
1850
2218
9191
3750
5296
2977
5501
9151
9057
6617
981
2853
9373
1875
9094
7189
2360
5920
8807
6148
323
5434
4670
4663
8017
3945
8974
2515
2425
7395
5771
1034
9401
7636
9213
484
7164
943
9058
7552
6840
3093
2077
705
4638
8104
196
29
56
6222
6463
715
6373
7720
339
9681
8581
2329
2199
2799
7252
2741
693
8694
9699
6756
8140
8949
2387
1652
5424
5093
3451
2233
7266
4912
260
9086
8488
9341
830
871
4195
5005
8855
2514
2317
6011
1191
10
4816
6429
577
1258
7287
3966
7320
4956
9541
2236
6684
5702
7730
1014
7658
5978
2596
8577
1998
5990
7349
6062
4051
4623
2076
795
2978
9980
9264
4177
724
3723
4774
2693
9872
5293
4587
3646
6355
4613
6190
5025
2465
991
2573
665
4852
5875
857
1015
6284
746
7026
4983
1488
7697
5330
2254
5273
9424
7585
7526
8181
8940
8472
3941
8406
3887
8084
4922
66
4779
8405
9571
1942
1728
7896
4225
7414
8933
5814
3242
4517
8571
7024
4533
3911
4237
3558
4565
8762
9684
5211
4089
2486
4927
8338
9843
3691
5557
5728
5333
7294
1089
3689
2756
6730
900
7464
8114
4352
1778
8493
6269
8881
6127
3299
7783
5655
7615
6415
771
7899
2123
8010
8928
8576
8440
1944
1586
3504
2758
8290
8046
7917
6379
811
1916
3551
5091
3028
4103
4339
4916
8204
2854
5764
9344
2416
6375
4621
1532
4415
7255
255
5186
6419
8369
2019
224
49
2802
817
9279
1769
4548
9243
1121
9557
5445
9896
1286
9171
6971
3126
1047
9271
2791
3030
1147
3648
5203
6307
3529
5471
6089
8394
6772
7089
462
1256
2156
3614
8192
568
1751
8813
6289
9136
3179
8103
8645
3184
8056
92
2041
9150
3836
3391
9247
9724
911
9987
5073
6993
7739
2605
2769
5067
6997
3661
5056
8420
81
7875
5779
411
905
9216
8481
6935
8435
3118
6261
9265
1409
2729
436
2316
508
2956
2021
4076
9643
3559
2770
4861
2730
2634
318
9187
7543
71
295
9013
616
9462
9069
4969
5147
9522
5869
2734
9667
6332
1030
5466
443
4891
8134
8076
9942
5673
297
1642
7056
749
4217
8647
1544
2907
4268
643
4151
5531
8026
6053
2157
6760
3751
1202
553
6707
3430
753
175
5404
2991
1630
4298
7812
125
7696
8814
6156
3461
2277
7455
9149
1249
8745
4015
1831
5958
2036
9200
4147
6063
4786
3191
2122
5308
8583
2266
2260
2851
8111
2832
7883
9770
1168
6589
8212
4698
1689
374
7859
9984
4213
7122
3759
7480
5245
7039
3737
2844
8269
2399
36
8846
6939
4967
1535
4323
3659
7331
845
6499
7359
6376
7334
5925
5815
4168
1233
9351
6977
6142
9581
6229
8466
8177
2569
570
1950
609
4161
2659
1085
4454
9428
6703
704
2947
8938
5406
493
6067
5304
1386
4400
7610
606
885
3101
9019
1685
2926
5171
9300
5628
9090
8948
5017
7760
3254
1426
8711
4627
7897
6806
2047
7948
7805
7570
6665
7782
8726
1705
1438
6807
8512
2928
4806
6714
9473
7135
7600
5438
3569
70
7462
2998
1446
5092
4875
7273
9961
3771
2250
8122
6781
3285
6940
7298
3850
773
2127
5197
3198
572
3744
7001
161
7083
7769
5907
3662
9333
7502
874
2772
5023
7997
5789
6330
9935
5212
4430
2878
8966
7278
1135
6436
2082
9421
8579
7923
393
6154
2367
356
5938
3219
5664
6218
451
5228
2572
4718
44
6297
150
5914
5192
274
5752
3541
7635
8757
8185
9899
108
5795
8409
166
7664
8194
3442
1773
3377
5549
2067
9099
3222
7630
4129
2629
109
8935
7670
6048
8841
9362
4921
4084
4600
8077
2701
5520
7839
9846
3548
7509
3525
7190
5831
6023
1182
4974
5536
8731
5364
726
8699
8982
8611
4692
9103
6726
4211
1227
7596
2473
8205
3302
3468
1966
9251
7003
7663
559
7336
1050
5804
2421
669
4005
3698
9355
8572
9516
7713
9735
2405
6206
8013
2988
3641
6647
8674
6548
4286
4642
4798
3601
9100
6108
1359
3798
8108
6584
539
6586
972
486
5099
9258
8690
7668
348
7182
5969
5291
7497
6174
2215
5138
733
9165
5653
5358
5066
1574
7729
3335
7880
3155
856
9540
9789
3912
1949
3943
1604
2880
1167
4870
5275
97
1799
6370
1177
955
9417
6342
1765
5503
7192
1310
6761
3637
4397
8491
1334
6250
1461
5154
5991
5117
7134
396
2644
9156
6016
1812
3149
9161
3366
7710
3401
8043
3268
1924
5766
9072
6308
1105
3444
1541
5302
8785
1636
6630
9219
4582
1388
4255
2227
7810
5776
2793
2964
8767
9178
1347
639
851
1209
5880
5959
9756
6757
1119
8273
167
3566
1590
3749
6880
1049
8718
4443
820
6816
7705
5393
2169
8139
5663
2180
1322
4173
8283
6486
8322
1913
6985
9674
9073
2022
9402
6975
5241
4131
7654
8954
1192
5830
4525
2697
1495
5895
8906
2133
1515
7554
7351
7369
3298
3937
879
8339
9928
4578
864
6396
3141
5534
3769
2990
7771
9273
8899
1101
96
5248
4531
8160
9478
2185
5113
2545
2833
2268
9517
4370
7145
1754
645
1524
6015
2532
3799
188
3068
1134
405
2089
792
3038
7301
4314
449
1852
8963
1612
5853
6426
5917
9154
6270
1919
4766
8081
1464
1687
7327
5546
2192
267
404
4818
9543
912
1350
7808
3501
2449
9610
6032
4709
1553
2081
2353
5903
6982
5992
776
6371
5866
7867
4989
2129
8233
9552
6324
0
4438
5832
8478
3657
7717
6128
9566
5896
7150
8845
2015
5026
1365
2214
2699
8432
908
4637
2876
620
1872
4189
8777
4851
6949
3969
2776
1781
4866
4952
6341
3653
1320
1525
4418
7469
6212
4042
8436
7594
4011
3090
8403
6354
6460
5845
7715
5786
6160
5889
2694
7226
77
8096
1879
6217
2585
9524
3527
5399
9375
5569
5871
2762
7907
6967
7980
1271
2274
1897
814
7333
2270
7829
5455
7752
6494
1094
3365
8735
5485
3035
4354
8896
9374
8907
7091
8343
8557
6587
1066
2051
9926
3933
8911
8350
1160
1443
112
138
1354
9768
1451
8756
5011
7020
5349
6762
1618
9868
5570
6538
9250
2173
2009
8149
7898
1650
7201
4072
996
1036
6299
9444
5509
176
7816
4032
3980
2598
5350
5459
2357
2482
9133
7319
8809
1925
1327
7353
7518
9903
3584
1915
7363
6657
5246
7903
5426
960
458
2521
1307
8692
4504
9994
8308
2810
7777
5218
8318
5670
586
1784
1465
9163
4484
2234
4242
234
7168
2409
9722
2014
9040
6868
8950
5975
7114
2616
4197
5540
1864
7534
3967
9894
6251
3106
9918
6383
702
4906
1843
5748
1243
7459
7423
6799
2567
4183
8939
1346
4247
9525
5096
2280
5337
2592
1947
480
6698
8016
366
3733
6545
2454
6888
7101
9118
6804
7337
5498
3586
7277
6563
3556
6462
6796
7373
6192
5397
9769
1608
3133
527
7209
3901
5386
5239
3923
6964
4416
7742
2498
6469
7180
9759
9465
3625
6151
4898
6670
9071
4936
9886
9777
4564
3073
3105
137
1103
8357
4378
7374
9395
470
5867
7398
4696
6145
4591
1133
3311
3327
7487
1137
1740
248
3609
1253
6050
6459
7599
3160
7441
1952
8628
7501
9870
1234
6008
4944
5034
4423
5824
1757
7809
5166
1648
7858
8615
642
1463
301
624
611
2667
6900
1606
718
7676
757
9319
179
8812
7352
6180
217
5309
9594
8827
4761
979
9979
280
2893
8616
8047
958
6919
4624
998
947
3478
637
9801
878
9662
2711
8228
1858
5263
3102
4984
5743
3387
1065
6980
2625
5473
1210
7915
8059
6856
1411
7673
8438
2507
9162
7671
9634
3914
2306
8443
4737
7305
2453
7703
1729
2338
7170
3240
8128
485
4848
2419
2108
5298
8395
8321
5879
468
461
8032
2615
3176
2033
31
2352
3356
9555
1069
8532
4794
1583
3080
2849
8496
8178
4914
4144
4236
8474
6288
4481
685
6789
5249
9572
6801
7040
3260
8666
8914
5272
5022
3088
5970
4244
8462
6747
3091
9464
6404
2744
107
5381
3319
2859
4628
6743
1993
7711
2403
9035
9407
7869
7306
1098
225
7207
3231
9689
1207
5556
7529
7377
7274
2017
5739
3583
5966
6969
252
690
5633
3234
3582
2333
989
6159
7433
4690
2707
7879
7261
6184
6380
5561
7588
3598
686
2618
4387
1813
6301
4334
8614
6306
3952
8830
6382
5041
6280
1965
4910
2371
1900
3947
1063
3835
6909
1493
3899
6163
2148
7402
4287
6629
8988
2735
4398
4507
5873
2677
8217
4411
8722
8507
20
5736
4553
9359
2414
3350
5701
5165
9904
8774
5359
6693
5443
7674
2982
8775
4678
1349
7935
1434
8320
5755
8749
7499
6976
7419
1887
3086
6712
4264
5578
117
5353
8789
3636
3782
4348
3138
3555
165
585
5261
5259
4535
3679
9800
4199
4513
4795
2086
3010
9882
4752
5454
7735
6103
2628
9600
9671
6590
3218
8362
7791
941
3241
1220
1616
362
6729
9129
3321
576
4296
6088
8112
7066
5723
5174
2389
1595
1922
2075
1662
5972
5778
5979
2203
2543
4291
7940
7882
2664
8231
5301
3015
1406
6573
8741
250
7329
5563
8533
4541
5267
6954
2857
3084
6140
7843
5106
1666
821
114
1142
1661
6676
3919
1407
9748
2508
3017
7103
5039
2186
7569
9242
8329
1675
8229
7539
3877
8468
9002
6831
7921
1896
3487
6477
8997
8937
1556
4828
9601
6143
8630
786
7979
8520
2351
635
6117
2446
8095
5285
8498
9551
1987
5250
1877
2436
2262
354
797
8335
5108
9814
8325
4585
9262
2131
8141
9619
1827
143
6672
3748
5586
5923
903
3095
9808
7595
9783
9284
6728
4992
7380
9050
5842
6111
9491
2594
9563
8253
6758
1832
6717
778
9627
5957
6792
7475
9449
2872
9190
9991
9691
3450
7930
6213
8484
8534
844
1067
9055
8171
9080
8317
8802
8829
4571
4524
9260
3265
999
1020
6651
2606
5606
6907
2099
2764
1040
8850
4059
7580
9263
7835
171
9363
5765
6377
677
5074
5517
9446
2011
6766
3619
5332
9266
9194
7550
4528
6240
7224
8446
5368
8282
7405
4900
9595
8382
5001
9839
2637
4878
3522
1117
913
8691
4788
1269
8386
4319
6649
3042
4126
9629
5932
8791
9755
2191
7822
332
6009
9901
7603
3905
2042
4101
6830
3697
7978
7030
7260
8066
6407
2609
8330
4109
273
350
3395
8821
5256
8
3421
7689
7807
7762
4163
9847
2437
2105
1693
1818
4527
6685
8913
9764
6554
455
7304
5512
6345
2812
6945
8835
7482
8665
5813
1436
6458
2298
3704
1849
9474
4294
1829
2381
6515
4321
6258
1031
9224
4733
1647
1353
9450
3281
2119
3136
6113
6566
6931
456
6031
6835
2780
4934
7952
8765
6522
7901
8751
2953
6959
1629
1208
7283
2286
7775
5408
7051
5777
9686
9677
7143
9358
8393
6544
1240
4894
6736
8429
9420
6413
5905
4139
4017
2950
476
8197
4605
1833
8554
9616
8979
738
1145
536
4903
8771
8006
8999
4887
9620
5134
9707
2908
2976
4981
7383
5159
860
3476
3638
2103
312
9487
4941
4315
3374
4431
7456
8207
5451
1834
2151
9859
9274
6325
8733
5238
2198
4482
8419
9956
5209
5818
4997
4636
5281
2324
9924
949
7041
7920
4521
4376
105
6653
728
2374
7239
4157
9239
2448
8880
1332
8670
5385
4
1841
8739
6420
1644
8097
3859
8535
608
1151
5694
2238
6786
3283
5284
5711
3891
4150
1989
2116
9297
2038
6166
6036
6095
3736
5003
4379
3608
7339
6734
7052
386
2575
5475
9927
1692
6231
1467
7797
3581
3075
1187
4500
5604
7048
1986
8811
6485
4955
5295
514
9437
7315
270
4602
5418
780
4149
649
2301
3752
4629
2583
7387
8703
9920
6054
7295
9623
9127
9709
2710
8487
9647
8815
2142
3226
9877
2557
6004
2587
1244
3188
6492
2641
2540
1156
5558
2804
866
661
7213
6074
4492
9737
6869
2778
8425
535
9794
1448
9352
1412
4393
472
7219
4385
4277
6013
8063
5179
4401
8513
3772
55
5583
2071
5338
3238
3790
8450
287
622
896
6604
2208
7802
6546
564
3537
6529
8584
809
5452
5196
9921
8035
6920
4948
6350
4765
1847
7120
337
3730
7016
9340
6710
2836
6891
2717
4153
5726
5705
8169
7031
7951
2919
1699
5550
1790
6836
787
9288
3803
4583
3293
6167
4540
4543
6416
719
5162
5868
5047
1128
668
6042
1404
210
6233
822
4785
4113
5721
9075
8631
1934
9463
1824
7934
1379
5083
3054
206
7430
1472
8780
5515
341
8328
5499
182
6681
40
8430
1830
1477
4001
8991
6266
3927
160
3346
2576
682
7440
1907
3805
5484
9453
1680
178
2348
5194
460
1828
3455
3875
3214
3757
8784
5342
5015
7195
3398
3656
6331
832
1802
6934
9617
1115
7078
9608
5892
2160
9951
8801
9666
5314
6195
9199
5070
9425
3613
1771
8753
4604
5031
1480
7129
6541
3297
2182
1197
1905
159
4731
7193
6568
2368
2647
2861
3777
2604
1038
9579
9840
9025
7786
3982
3770
9746
6754
8271
6622
4635
3709
3594
7847
8653
6624
582
5392
5125
6594
5271
7037
1809
3247
580
2492
5656
218
9832
1955
8305
8721
9469
9081
4239
3854
2818
2536
1125
4744
1174
5911
1428
1981
6557
368
2611
8082
6848
6137
7690
6478
8249
9231
5543
7619
1052
700
5155
3851
8261
826
816
2705
8023
1290
7139
2505
3064
1454
5988
5414
9788
5589
3686
7957
6083
2395
5086
1180
1978
6262
1598
7613
6077
5002
3313
6022
9418
8247
357
7672
4362
4231
6539
7991
7152
6906
7574
7269
7773
1578
2275
630
9166
5551
9289
6146
1677
2488
9931
2862
1273
4249
7417
4114
6930
819
8400
7891
9134
2934
2747
4137
4702
2330
9160
8265
9851
8783
229
5089
9153
5806
2229
9753
7846
2951
524
94
9205
4338
6585
9433
9349
9060
2601
9032
4812
4759
8470
6551
158
9454
9966
7313
157
8109
4304
1372
7956
2322
2827
3225
8067
846
4425
299
6201
4907
1851
8159
8211
194
2114
7947
7924
3694
4994
6901
7276
6711
3895
1027
488
2660
7758
266
2526
9345
5883
8612
9693
1898
7344
2929
9544
6480
6996
3879
9841
9813
6265
5233
2462
5160
1756
7472
5725
7894
8687
2965
9694
5167
1082
3412
6592
216
7495
5850
6718
4743
9817
9318
9818
4038
556
1408
2846
7362
4067
7748
2205
6540
9828
8671
6750
2137
671
8700
4198
8029
7511
6361
6296
22
7007
2909
5940
399
2190
4871
8578
7171
6922
1486
3482
4270
2458
1855
8977
8342
5183
9718
3634
3671
1600
8504
9164
3795
2993
9324
3357
3125
1278
9303
2848
8931
4254
2649
1617
292
7317
4154
7412
6581
9773
6470
4069
2432
4187
2658
8905
3433
9949
9480
8872
4212
2736
9466
1175
4037
9495
1902
4598
3834
7458
9181
1232
7481
4730
6055
60
6075
523
2092
4796
1116
3479
2102
2513
1654
4364
3142
7079
6847
1800
8659
2845
2835
4555
9745
3789
7725
2943
326
140
6794
2518
4077
9624
2620
5193
4245
7394
141
9646
4947
7474
967
7443
942
5448
7564
4414
3587
7477
8115
6455
5794
6876
4420
4554
9391
1077
2207
9960
6645
3061
7124
3411
6149
5300
5513
1044
5661
1325
4653
4486
2530
7946
2538
2257
2239
408
5921
710
7724
3151
7494
6702
1857
6527
897
8284
8565
7022
7174
8863
2095
9092
2415
2401
3339
304
9716
183
1997
7565
4537
8243
3766
8838
2031
448
432
7246
2048
147
8030
6253
9657
9387
401
2265
4655
5129
5671
4601
6328
7457
7288
7811
7873
2394
9969
3615
6855
3764
9567
6256
9586
8915
4568
1869
831
9506
8372
2938
2918
3372
7886
2197
6994
1435
1470
5352
5744
766
4703
1389
9546
4170
2457
8664
2807
3146
9010
9645
4932
9176
2669
7707
9439
4266
3170
7772
3192
9815
6958
1108
1248
7240
4801
7741
8469
597
6992
7621
9714
8007
5985
8734
3046
3632
5894
1296
2341
3893
6565
8274
5407
1072
3368
8893
1507
5268
7852
6745
3973
2243
8623
5767
3921
5043
3445
3418
402
1868
6026
1148
5243
8943
8363
2517
1796
3408
2308
6521
495
6913
6562
9849
1903
2335
9996
5735
1610
6399
377
5384
7643
9354
680
378
7429
2786
3821
862
2561
7680
7955
7878
847
57
3740
6164
6182
9331
7856
4433
8143
2143
663
7874
1622
4970
394
2959
6389
1730
311
6725
4229
6666
695
7008
8648
1573
8942
7218
8402
9985
6633
6244
3773
8849
3495
1972
7902
525
4772
9831
9393
8712
1149
5294
4058
1516
1319
2097
6497
4657
8483
5821
1280
4693
4201
8246
2391
9214
384
7097
6466
3329
4787
4681
4349
8934
7953
7017
5510
3251
5054
4176
5164
5759
9862
1130
8358
2646
7736
2153
2906
9023
23
1238
6388
3666
6687
1892
3288
2404
8237
2402
9778
2759
7212
4027
2372
7628
9605
3156
300
761
8730
9332
5098
8062
6963
1216
4732
8613
7779
729
2228
3729
2603
4061
8728
3005
3813
1391
4777
8796
6333
3081
1415
8558
1735
4386
7922
6439
574
7094
8439
7561
2822
6744
1592
3920
7881
4419
1725
4210
4827
7308
5834
9280
1792
4279
6132
1743
5172
4263
4520
9547
725
6134
5229
6763
4784
7184
4405
4434
4830
8779
1747
4675
5405
7555
3407
4136
9441
940
1041
8005
8130
8891
1401
2512
2672
5461
7983
5201
7568
8650
8552
923
5055
5462
4925
6281
2484
8878
7223
5519
6846
1862
8418
3685
4532
9234
3788
6962
1006
1709
3857
760
5962
5010
3465
2688
2427
346
4998
3762
5322
3429
4649
4056
3732
1057
7557
883
2661
5048
9496
9377
4662
6741
9934
1657
4958
7650
3443
5532
9606
6221
1571
9438
790
471
3607
1138
1178
4722
3787
6682
2666
477
8021
3786
7005
8619
9518
3186
4205
8634
7012
4428
7257
765
1222
2002
9091
1496
1994
3363
2527
46
4822
873
2163
2548
7893
4849
5480
3434
9923
3993
8902
3797
7096
9269
755
7516
3296
5949
6039
6273
5012
1188
3910
1567
6153
6820
2821
7785
1894
7987
1739
4557
9954
8921
5120
546
7421
4831
1165
2837
9577
828
1190
1973
9329
8052
8580
3336
4689
1777
2064
6194
5139
7804
7126
3500
7581
9174
6105
5084
2716
9397
9648
4804
8848
528
5111
7204
5464
3929
1956
6517
9988
2913
4834
1173
554
6219
7216
5516
7198
9361
1932
4988
9702
221
522
5566
4708
8651
6204
8744
6121
1423
4938
3792
3216
3532
5618
1865
7434
2055
837
3171
3515
8009
6708
4350
3261
1664
1455
277
2079
2750
3273
4694
8401
5433
9188
7973
628
9423
8904
9232
2996
409
7515
6778
2054
2842
2434
4750
1355
8323
6648
2295
1469
2096
5847
3394
1758
8458
2581
5745
1883
544
1596
8297
6950
571
6639
2745
3267
4311
6720
2478
8669
1500
8857
3244
1867
3869
5071
2080
417
709
7589
5257
6150
2267
8969
735
3974
3721
5040
5400
602
7311
163
142
1419
4278
3874
4209
2564
3592
9115
5571
2971
6438
7483
2602
3724
1335
2808
5580
8172
7450
489
9712
3814
1520
2112
1518
3235
6532
7466
8476
6030
1523
2249
7913
631
8621
4228
6402
3562
6948
3280
8428
9066
7183
4118
9290
8973
3317
591
9733
9805
7127
1990
7514
5993
4054
8301
4809
5068
3137
8216
4594
9448
1958
8922
5977
2222
9236
7157
4383
4978
9396
3132
3725
1250
9107
7493
2542
3889
8002
6051
8746
6176
6424
1194
6112
6496
3183
9360
7627
4886
414
966
7368
6205
9827
6843
9663
9797
1084
3791
7479
895
5686
3846
5607
2261
6422
5264
7723
5315
9590
4310
584
3270
3355
9867
7068
9186
3534
7025
2297
2043
1911
8294
5783
6658
5539
2070
2100
345
1521
2775
1452
9381
7338
5906
5785
5625
1797
8383
4503
1022
2944
438
8983
9461
4305
1429
5326
6853
7912
2814
513
8065
5876
4094
1225
1787
8987
5945
291
7318
2309
2622
1501
8736
4589
6533
6252
2499
4444
2307
7578
9786
8805
815
5533
2509
2755
5980
6430
3623
7984
7090
3506
653
8831
4238
3574
6446
7665
7350
1591
6620
9158
7413
5331
8601
2152
9527
5597
7
9857
4174
5882
2795
7536
4895
9113
132
9997
2981
5282
7716
5722
8277
7593
5
7147
8426
2868
741
499
8447
8164
278
2631
4514
5487
8599
8957
9513
5205
2582
2985
6862
1313
4318
5507
7253
4124
8331
644
7638
3564
6570
4450
3475
2550
1527
3463
1639
9925
8607
231
6049
5142
4219
5699
8001
9422
1560
6983
3745
1641
6946
2975
8543
8278
9502
9007
1417
2072
8388
370
5649
7660
1384
324
5075
9830
3547
3847
6348
5718
4569
355
3557
9135
5373
5033
7863
1667
152
9656
1530
876
4478
8495
9451
1605
6000
95
2177
6157
9982
7954
8501
9148
5770
650
8683
1804
2774
6877
8719
3964
7498
664
8220
6215
3960
2251
5961
239
983
3070
5870
5136
2931
5379
8373
133
4867
7156
3695
5595
3290
1266
5391
562
3535
3325
8037
4995
7579
5130
6790
9998
501
9261
3096
8965
4666
74
717
2370
1491
459
2980
437
8892
7038
4468
3200
5967
4441
7044
7181
890
3423
3440
6122
901
4273
1763
9670
7490
3382
184
8685
9305
8352
8045
6131
9654
1908
2805
320
3719
5565
3565
5833
1803
9030
9812
6177
5175
3672
8166
1146
3428
7376
4864
8201
3620
7409
9658
5156
4556
9790
8463
4846
5666
7149
5226
9523
8031
1999
3831
6895
6619
4526
7609
2382
9102
7678
9223
7112
4442
4863
7203
888
1502
7626
1445
7548
7422
3295
6315
3310
37
296
3041
2516
714
7985
9661
8453
5615
4138
5616
4480
600
9749
4701
9169
2684
6343
6999
7002
6791
5336
2783
3630
9822
1348
3112
9037
8993
5862
8346
8285
2809
9482
5251
1706
6392
5150
8740
5584
3570
5316
2287
841
9909
3873
2429
9538
2407
4586
1315
9196
7014
4395
7734
9989
6106
6412
4570
9576
9874
4267
5973
238
2743
2226
9892
3645
6414
2384
5377
7656
5038
2235
7766
5446
3856
9723
4226
4725
2940
1331
7545
6428
9350
8148
4494
8569
2643
4506
1668
5861
3318
5030
1414
5006
9504
7424
8652
9326
3047
328
7798
2534
3152
8258
3279
1861
9612
2700
2007
9936
2256
9975
1292
2005
440
3580
8270
5262
5931
3660
9916
589
7994
1260
5537
5279
9452
83
2670
1786
3516
6081
8550
6699
8961
1172
2763
4677
1575
2656
3230
9676
4516
2682
9976
1482
9698
2166
7566
4704
3379
9696
6479
9043
7941
3944
8632
1106
3205
4216
4110
1163
7087
5325
222
6883
3221
6925
3753
4293
8759
4975
3926
4768
6986
9767
1920
7728
7661
8347
8625
2719
9029
1352
6359
6787
7009
8959
7693
6627
6865
9809
907
1526
772
6264
8025
7818
5675
3175
7692
9022
6504
545
8956
6903
3120
2617
5340
452
2326
9660
4421
9598
6534
7918
3624
7604
3844
9379
7618
6686
4754
5937
4659
208
4295
706
6559
3665
9556
9212
2494
2921
6536
1023
5746
4162
2018
4720
1102
9782
7784
262
3358
6271
9122
4476
51
8380
6678
7028
4640
9309
5163
8951
7476
8041
9604
1223
7446
2164
8641
2503
2479
9550
5476
1977
6892
8120
6680
2892
5317
7243
6867
2525
2865
1026
7074
4079
1431
5573
7629
2885
8422
5575
8676
5371
6292
7110
8180
349
6102
5703
58
3163
7325
3554
7162
5232
4075
1330
3956
8302
1969
4549
1394
4757
2211
3194
4643
1279
6234
1658
1300
6203
5928
4193
6631
3410
956
1672
2179
3197
4949
6423
4050
5170
4464
1561
549
4839
3838
5035
2062
2107
9252
8410
9405
2057
3130
8179
5318
4408
3747
4052
3922
4650
6912
5411
6654
975
503
8715
8832
5029
2023
2443
6832
5981
4469
9913
3097
782
9368
1001
8660
1127
3811
9917
2825
9531
1303
2013
4660
7823
4164
5996
7853
9945
6076
8236
5236
5552
6069
9836
6316
1184
1508
8879
8165
7128
3913
9406
9866
5763
8609
6433
9281
3454
4034
1531
5059
8885
1517
2902
3975
4373
5307
5893
1686
8859
8521
531
9826
4491
5266
6448
560
6826
936
1669
9680
8866
8790
6588
9104
12
5121
364
3316
2483
1120
1681
1166
8190
8886
128
6034
3917
5146
454
8414
9346
4603
8707
3039
6303
3249
2426
7191
3373
2293
3089
2220
4986
8306
6320
1242
7919
5013
5506
4477
604
7669
7794
3841
5677
3051
3490
7814
4950
9665
4558
3675
3376
5504
1219
9063
2445
7086
2362
1111
1716
6171
1241
8839
618
7507
3819
410
3213
7513
7292
6873
2390
8968
264
6339
4390
5210
8643
7465
192
479
2240
3492
4845
6905
8296
2687
2046
7153
1904
7496
5596
8053
4337
1430
4833
6268
2171
7202
1498
6119
2336
3344
4396
5843
4672
1402
7478
7949
7563
7605
5716
2558
7640
1124
236
2345
6358
9766
4372
4577
89
7242
7361
4167
8608
5495
1836
2767
5204
9970
7961
1713
6899
2584
6185
9833
2450
9144
2065
7345
4874
6608
4942
6599
5467
1838
4738
2278
1370
282
3528
8272
8366
9819
916
2879
3682
697
8094
4633
9486
7173
9498
5891
5097
8267
4667
6408
8709
6646
3690
7655
195
2442
3707
7080
5729
8644
7244
9277
7503
4322
5329
9184
9679
35
7662
3094
9146
7667
9963
3337
2073
5998
9472
309
6857
3713
9388
59
1801
353
435
788
1276
9059
9005
9730
9170
8238
338
6254
7911
2607
1441
894
3573
7397
8910
7326
9526
9779
5478
1839
4820
9275
9015
6073
3602
7836
6481
4361
3143
3185
1985
9001
6443
4529
6417
8198
428
5720
4515
2074
2188
636
8675
4271
7081
1701
5626
5021
4530
3472
2624
4155
8897
9542
39
3600
6139
7653
634
5465
8549
3523
6427
9403
3449
9559
2642
8976
6124
5717
5440
8092
8345
5775
3119
7131
4858
9744
683
9596
1554
2174
1795
3591
1136
4853
8561
6374
509
8763
8241
3543
9685
9378
3881
1953
3681
7530
8944
5768
7506
6690
1626
1534
1536
1921
1338
5698
7616
3128
1341
6125
3984
4156
9971
19
4472
3369
1505
8461
1558
5630
8508
6431
1056
4152
8147
2090
6556
4511
3735
6798
5489
7270
2480
2914
7521
1397
5567
9905
2742
5890
3499
3776
3217
8349
7275
529
2315
7861
261
5605
9192
542
2044
825
3871
5708
1695
4429
8606
98
1874
3168
4854
6335
2255
2881
1095
4884
5955
1193
2294
8184
1088
5644
422
1941
8196
9708
3603
2460
8761
4081
6609
8085
9325
6583
1761
4192
3784
1336
6663
129
2692
4320
3931
3781
2132
9126
4022
3484
775
4546
5140
7144
6138
8538
3223
1649
4729
9609
1390
7505
450
1304
8433
5762
2170
4092
5538
9626
9763
687
4685
1440
3207
6285
1859
9415
5822
804
5603
1363
6942
5916
8427
1035
882
850
9410
5629
7280
4374
3842
9588
3832
4104
228
1418
1158
8817
9630
7085
9476
1396
8908
605
3237
8585
7887
9479
4961
4407
4905
4840
6170
5427
6719
8202
2444
1093
5535
9383
563
843
237
5479
205
4248
2933
212
7617
69
9535
1715
4458
93
7258
9159
5457
4931
9315
8698
8145
8337
1914
3255
5046
5428
5389
5339
8460
8564
1400
4096
8975
9221
5151
8524
4316
5491
8596
1288
9112
7119
3396
1967
7793
3578
2639
6519
1651
8574
9959
6040
6890
4457
3616
5886
8161
9054
8555
164
4780
1029
4924
6029
5207
2597
5347
2867
3758
7747
1214
7027
8593
4668
8012
8110
308
9411
7977
5960
7834
9864
4426
2366
4111
8344
3189
2696
8926
201
7230
9426
9008
6603
5383
199
1708
5553
7884
9784
9820
7206
4917
9416
8437
3775
32
9558
2321
6401
9409
3113
8867
9854
162
7328
3734
6696
5594
7076
8695
5502
6313
8390
4283
9834
547
6186
5704
7767
3022
2039
3420
8672
5719
7686
2891
4929
8399
6457
2439
2562
6397
5971
4802
2093
3649
6716
8020
2784
4859
2420
6046
5063
3720
4071
853
8870
2470
4919
5346
5994
4495
2882
1504
9829
7015
2877
398
6090
8200
4519
8529
1746
6232
1775
3668
1442
1979
5214
5037
1075
5989
2779
7927
7396
7282
4926
1702
1734
5200
2028
7768
5148
4404
1024
9941
2411
2398
360
9278
4899
3121
2856
4440
7885
433
86
5983
6152
5412
2342
8279
8295
3839
4160
1940
2817
557
3812
2723
2376
6390
8225
1201
286
340
723
7289
3761
7587
8000
1376
6017
1676
691
8947
5289
2359
8818
9366
3991
6871
3019
8996
3338
2328
439
1302
6216
6360
7390
3618
8573
5511
762
9978
4470
4748
6130
4341
9520
3815
8214
4497
6512
3801
7435
4165
9561
7179
3793
948
5915
122
7021
3204
8354
5161
7169
6768
8018
4664
7776
6822
3825
1217
540
5564
1835
15
5442
2960
3571
9138
7892
1198
7227
9003
8768
9760
6282
8654
1393
6238
1926
3909
418
7744
3703
7406
9119
2087
6019
2217
9603
6056
5865
3545
3827
5287
7757
1714
5668
1123
2204
8209
3925
9715
3514
9210
2150
6027
7042
2633
227
5913
1748
6507
7683
5825
4222
9734
4954
9036
7205
1794
2899
7971
1581
4422
7388
9587
6274
7998
7438
1345
9919
4800
8798
9253
9962
7404
8720
9611
1374
8131
9336
9632
7945
4844
6683
6309
9304
5697
7706
1021
269
8100
6615
2141
7963
5749
5189
219
7996
3915
6607
3347
5734
906
8125
4951
9157
2393
4902
5144
5809
3312
758
2417
8118
9529
5223
240
9911
6864
2269
6542
7310
4819
3549
6938
5950
3498
4448
7929
1164
5769
5133
3257
2915
2363
7389
5103
123
9655
982
5690
2580
5255
8769
6910
9955
3976
5646
2246
3631
3950
3456
3220
1383
5394
1291
4241
5612
6161
6310
4493
4070
7787
6476
9317
5611
7043
8083
2302
8307
9933
9492
2094
4626
5614
7649
7727
3743
1
7155
8594
8748
4000
833
4869
5747
1615
8489
8917
8416
6863
6363
744
9602
7527
6780
9238
9618
306
5844
45
6861
8154
7358
9873
5756
621
7966
2843
7271
5323
6123
6228
14
4937
3262
3058
9898
2900
3210
9821
1005
3470
880
2544
1962
2713
78
9123
4973
8262
8494
9895
9167
9321
992
4020
9560
7817
2577
6398
4265
5624
5600
6611
9775
614
8995
351
7237
4007
1361
7848
2870
732
7265
1975
6165
5045
8471
6924
8195
2003
6091
6918
2589
2883
2586
5143
9838
8378
6809
6972
5355
7059
5652
807
3436
3011
497
3678
5396
4083
9539
8992
2379
8441
6525
2984
9835
8799
641
858
3150
6595
2873
2969
5918
492
2894
9999
2424
5839
170
4705
28
5965
2875
5781
9419
3289
3037
4179
5145
1298
730
5904
3378
9803
4868
7160
1614
8398
4309
9392
2925
3447
2161
3507
1403
2995
7259
1032
3760
534
8119
7172
7062
1772
5217
9386
5016
933
4232
6988
9039
5805
2828
4281
670
9009
4501
9098
6321
4107
6591
9701
9399
2566
3497
8655
2803
8544
8431
8144
7637
8486
3664
4412
3008
5402
4332
3683
5258
8252
1270
5206
6579
4575
3481
1287
3626
9986
8750
3628
658
9787
6263
8505
3164
2961
4284
2058
1738
8187
5441
8475
4456
5401
6833
5292
4877
7234
9014
4684
1377
2653
7685
3424
9706
8824
7928
5420
810
1474
5997
5219
4028
7531
1653
9337
2230
1004
1369
5662
2768
9145
9562
8710
6453
9545
5064
9456
3134
1144
4088
4700
9298
6936
8635
6644
5437
4026
3702
242
1264
6671
2924
4142
4375
4206
4276
6248
6230
740
4579
5828
9218
5460
151
7302
7225
7583
2695
1062
8932
4082
4064
9404
2138
6014
1131
4790
1011
7851
8048
7290
6305
276
2380
5297
4347
1876
971
2987
5049
1413
994
6571
696
4102
279
9217
9528
2319
9772
3890
8760
2721
9747
8034
4734
3209
9024
6465
9781
9097
8686
2850
2472
4776
9893
4328
9195
289
30
3870
9553
6319
9427
1753
1888
3809
1447
5665
6483
1314
1171
3622
7324
9314
986
541
5065
7356
9106
550
9436
2771
6425
6523
3383
3983
1246
9703
2232
2663
7586
5007
6490
7491
1741
5714
4536
6021
5081
4763
8299
2289
4039
9650
9137
5303
6844
921
9000
1960
6746
5541
5416
6991
6094
4467
8004
7841
9249
6626
3509
9622
5930
8224
6061
9825
2757
9116
6802
1906
9228
2595
4496
4158
727
3331
43
8311
9334
5858
6357
4013
7974
5619
6937
9342
2281
5888
8887
5118
9120
9045
8929
4965
3738
9470
5760
8255
9201
3483
5887
5946
4272
7142
7770
5024
2292
9012
8396
7453
5872
2847
877
6349
6002
4203
9084
7908
5222
7914
973
5488
2276
4972
8865
8117
4691
2967
8738
4218
4808
8235
5689
8637
4471
3994
9053
1737
7828
5188
8232
4016
6773
6578
4915
2942
185
5004
4920
4462
6675
2477
6322
7279
126
2748
4855
9900
8135
427
834
8260
6875
7623
9532
7832
6701
8537
5647
395
8688
899
5986
1511
7890
3837
7970
9883
316
2751
5820
2511
2718
7460
2761
4674
2106
9082
9131
3904
1042
2860
657
5521
4865
6952
2794
4190
5421
2168
8170
5230
5898
4632
6220
7888
1471
7781
1087
756
3906
9515
3579
4756
8434
9972
2365
8028
6444
9742
4652
6610
1688
7850
7895
4712
8795
4289
5000
798
3916
3640
4018
2356
595
2823
9088
8155
4409
7197
592
4781
892
5319
6369
2685
7104
1028
7749
8786
4551
8530
9564
5105
3029
8825
1726
6803
2708
7342
8150
7364
7154
2966
607
5494
7297
4068
6445
2264
5078
9908
6035
3567
3992
8823
9240
2213
9484
8136
1205
4719
9664
1871
9445
3437
5852
1760
7444
4363
565
4437
8223
4550
181
2962
720
8743
4424
5087
7322
4367
9105
1381
1073
2149
6346
7560
6943
2175
7065
3988
6928
9286
8105
5288
1880
6872
2474
9293
1252
8681
2440
5137
9710
6837
8551
3644
8875
347
1329
2547
7877
3560
9732
1070
6133
5884
284
6957
8563
1543
5036
8280
6052
4904
27
2435
2037
3147
7644
6243
8858
5742
4132
2029
1700
68
4036
2375
1154
917
5176
2466
6276
7411
4029
9111
3307
1420
4538
512
9061
365
6596
2245
6625
3700
4735
3953
5305
7803
3326
7489
4749
8925
4269
9481
6953
1970
358
7072
886
6043
8667
8781
2128
120
2145
7597
2219
9028
8920
2388
977
5598
3167
7136
388
2124
4090
8158
6643
198
3360
2271
9270
4215
7972
3031
1621
3550
4811
5782
5382
8668
3918
4683
922
9881
5582
9889
9863
6141
5936
7675
9490
6715
4048
1399
9006
8868
6012
3246
254
3263
2506
6614
2056
2886
3087
7425
4384
1293
6955
2932
4980
5102
1311
9758
4892
946
7451
3114
1230
6978
6189
8590
8663
3986
6226
1727
6535
9720
7343
7399
1670
7063
7535
8385
656
3774
8964
2364
6120
9981
993
2588
431
9259
4606
1183
9440
6661
953
745
4251
1002
8024
2831
4960
6753
3907
754
1821
9804
6911
9937
6293
9085
9636
4876
1382
5019
3259
3403
2147
7708
7500
9365
3958
7572
8816
1466
6889
9364
613
2632
8714
1562
72
4813
7036
7827
7694
7070
1481
7185
6351
1655
1845
3951
3961
5474
9048
1169
9483
2650
6386
861
8365
4829
3674
7241
2423
2681
5855
1943
5774
2986
9964
2314
6732
7738
2970
7418
6927
8222
1301
1181
9534
587
7151
4826
1519
5009
7754
2144
1788
2689
4046
9268
4047
3117
808
962
1143
9887
734
214
9585
2896
6990
739
1433
2001
3954
1991
