5998
728
1783
7982
3963
1455
3350
8689
9864
8172
8800
9907
9369
9255
8940
9084
9326
8504
6806
8055
2477
1141
1313
8348
7931
8351
9376
1003
8540
2491
6825
172
8488
3618
8472
126
3308
6674
1411
2148
5929
635
6128
7659
6256
6069
2985
6076
6184
8249
6778
2851
8682
5164
6889
6859
9778
3572
2194
8456
6257
5225
3235
1700
7037
4998
74
5090
2860
2104
7386
6126
7780
2880
3033
1044
2449
726
4009
8170
8532
3269
9802
9112
7050
9834
6513
5622
9928
1562
9867
5099
8990
97
3968
220
4649
6874
4005
1861
4100
4995
5777
650
8001
4669
2957
4481
9297
3442
4947
9298
4497
4603
8129
1924
8112
1329
6682
9627
977
219
622
5083
158
568
1643
7807
295
2309
3771
6212
3145
2403
5882
2234
5328
9780
3047
5177
7962
6092
1829
5441
4653
6689
5723
2695
9700
7735
3794
217
3799
5287
3035
2220
4415
9664
8241
8203
541
6428
5204
6304
8533
1026
1272
2257
8081
6788
6215
9245
5119
6229
3184
8089
1096
7705
560
8098
773
4228
6696
824
5959
4236
828
6742
4516
1190
5530
5213
6389
7136
6073
8805
2765
2494
6183
7929
7753
5976
7943
7576
8329
4970
1649
4922
1677
181
9019
5219
6961
6275
5818
5212
2807
2140
2923
6817
4774
771
9497
3689
5804
4175
9184
5022
4233
5333
4971
1950
5343
1050
5797
6399
6347
7582
559
5810
4880
3872
3110
241
8464
4428
5123
5978
9571
9439
6024
6529
8469
4515
501
3743
4102
9960
7064
9128
1148
6881
1220
2111
1498
3606
1733
6125
6401
6114
2999
4979
1113
9158
4587
467
2467
113
2768
9127
8299
5838
7883
607
7817
5639
882
474
5222
2121
136
3797
4345
2381
1394
6113
752
7278
5321
8604
3061
4039
2071
8928
9241
8645
6241
5480
63
4502
6837
6415
339
1975
8763
9679
9593
2141
2674
9710
4295
3106
3898
9986
7652
2074
7991
8266
3883
846
4166
6122
6524
544
8120
7069
5893
9921
778
6101
2049
3920
831
7326
1723
358
2635
5007
3405
9651
3211
7176
5718
8204
645
8587
9625
5577
6254
8882
6102
4474
7342
1344
1397
4975
8285
6944
3587
816
5478
6243
3729
2248
8560
9542
4991
4984
4048
3166
4126
9545
6645
6072
3336
4532
907
9396
1051
9371
8218
457
3736
9845
2991
4258
2152
2906
4891
1831
8660
8048
9853
3918
5958
4750
9129
748
6186
4199
3656
2402
8835
8443
343
7649
4433
3528
8552
4094
1101
9240
8086
94
1894
9194
0
5363
5756
2385
8010
7352
7963
400
1406
5507
9353
9364
7942
6542
5159
2549
2792
2448
8013
9001
7625
6348
2979
7548
2721
4846
3646
6665
8520
5730
7071
5570
4106
6550
9413
7157
9752
3495
6368
8510
222
7770
6468
5740
8830
6423
9309
7503
8369
5934
976
2814
137
32
3155
6791
147
433
7297
9619
4478
8888
2307
1743
223
9906
4869
7241
306
7430
7082
7068
9934
14
9447
1742
5355
2046
2464
5556
8512
6692
7311
9941
9419
2281
5413
3008
675
9748
7099
6650
6416
9872
2325
1635
9090
394
1920
3283
494
5786
5110
2751
633
1393
3157
3621
6061
823
9384
9236
8053
1444
4279
3638
577
3598
5139
581
4386
7859
3395
8696
2291
2433
957
6830
3159
5107
5697
2652
8444
2186
9787
9312
8440
218
9693
4688
3974
2715
1618
8230
5963
6079
8591
189
9346
7413
2327
2950
49
7341
3416
7507
8605
5335
647
9689
399
6271
8971
8374
8165
6664
9373
2738
8675
3929
1879
2904
393
6013
3676
8901
1275
4888
3240
2872
5341
7155
3279
9604
8744
8270
4269
5699
6519
535
3345
1513
7544
9736
9749
8570
7319
7805
8465
8773
522
5840
7125
1876
2664
5309
8398
8954
2605
4751
3603
1358
6980
1085
7886
6567
8430
8336
2090
131
4582
8562
860
5765
9512
3284
3543
3099
5817
929
3826
4147
3644
3252
3625
2253
7459
2558
6085
8051
836
6310
7801
4232
3175
6240
5176
3629
2810
4776
595
5557
9771
7664
6999
4850
4033
8054
9910
3464
1033
4263
6
3043
7463
4879
2018
9132
2003
9795
9997
2329
3757
1419
100
1013
7814
4104
7044
4381
4309
9442
6721
5984
1792
4028
6547
8524
8101
5153
9151
1453
4734
5851
3198
6776
3066
9426
7310
2511
8917
9000
7865
5111
2112
199
8907
6803
347
8059
7895
6036
8397
6926
2267
2130
3474
2952
8749
4981
1754
19
5241
2122
9278
6694
5912
6635
2262
3585
8741
9010
9938
1981
2430
9803
9017
998
2920
4501
4315
6276
9060
1162
8631
9034
2062
4044
9202
8879
6543
2777
5434
3266
3817
1277
5322
4609
815
1804
1361
4006
4259
8818
4943
9471
2059
7113
6207
749
6131
2442
5986
2102
2671
7757
850
3044
9708
9059
229
4577
191
611
7073
2156
5273
555
2014
7643
3321
1296
9740
2124
3065
878
2546
2408
4747
8201
7980
6052
2133
4667
4270
6311
7700
569
8215
7321
6343
1180
1801
9902
2239
9922
5968
1123
6671
2820
9175
1166
8028
7224
7230
809
4540
9038
5719
5115
9020
5751
5348
6990
5404
79
7725
7282
422
253
8803
1666
6175
5145
8686
9272
6370
2462
6002
7533
9147
5366
8530
5552
7207
1534
4838
7715
2087
7189
4712
1751
7111
9118
1433
642
1916
5720
7333
7385
4565
7873
1247
9667
3893
532
6461
1078
3839
4471
6162
7106
5462
3379
9963
1847
5551
4944
6756
4301
2919
4632
551
7200
6728
7724
5662
3595
7443
9249
8582
792
5724
4434
8640
7789
4369
5019
7301
2364
2699
9145
5949
6775
1657
8955
7522
8842
1463
9223
6887
278
7143
4144
491
6662
639
4101
966
1492
4379
3549
304
1532
4644
5535
6447
7499
2034
4867
3789
6283
9501
3879
663
4815
1359
3392
5710
2339
7274
4192
6717
1965
7893
5854
3777
2858
1458
6234
6390
925
937
3397
8752
8772
4377
6601
8026
7448
3900
5683
5869
1546
6143
5689
2649
3924
5272
4945
9807
1373
2787
6199
7890
6231
8909
6988
7734
2700
5181
2333
8450
1541
1331
2598
3916
1926
1629
385
6798
1187
5248
5298
4368
7697
8412
1673
8873
4584
9386
5762
2086
6465
6345
84
8793
9002
2672
6509
2924
8093
6861
2970
5671
2942
4780
2849
6253
5784
2677
4363
8365
4038
2277
2709
3341
6213
4352
9531
6014
3037
7754
945
3206
8867
9435
4052
7816
7660
7514
8008
8273
8257
8698
1928
5809
3132
269
8573
7198
4448
215
8915
9474
9556
1216
472
1636
9544
8293
905
7970
4135
1158
5518
344
4184
2729
5017
5396
243
6172
9789
9508
1516
8789
9057
6851
7939
392
3396
4080
5600
5403
4719
4631
3031
6330
4664
5319
6971
7888
7647
7809
673
8362
4410
7388
3484
1630
623
6901
1603
3654
3055
5656
9197
7721
4173
3671
9310
2480
757
1334
5932
7118
5548
118
1145
2634
9662
9903
516
950
5035
9300
9577
1703
9661
5430
8563
7763
4418
3834
5221
6087
9856
681
9840
8335
1063
6059
2736
2058
6943
5613
3169
3257
2138
8547
4514
2945
8289
5071
4275
7281
6438
4462
2569
8017
9962
193
6732
7434
741
2636
7411
6299
6239
1889
6086
525
9334
8340
944
5610
1948
6427
5554
8788
1714
1898
1325
4624
7108
6491
9219
912
539
9979
20
7103
4745
4018
3426
9291
6487
3844
8849
4244
1323
4854
237
1555
9174
1412
9281
2
6238
3465
1475
889
8841
632
9299
9482
9741
6600
5799
9315
3090
411
3172
4904
2742
3004
5161
6995
424
341
416
7624
7802
6898
5875
3476
5269
2431
6165
7549
6930
8479
5575
4541
5332
9358
87
6748
8632
9222
9933
3136
22
7441
6768
9722
2016
8754
4074
4786
5240
5233
8678
7181
2875
5553
418
7261
5046
4436
4797
4903
5676
4008
104
7212
7881
2982
873
628
1710
2495
8217
7875
8405
4625
2127
228
9592
6873
4367
209
4112
7093
6156
7351
4829
9900
1923
5263
5380
1434
5523
4544
4710
2028
6354
7079
7296
3333
8517
8417
2746
3360
8513
8959
2716
7711
3028
5270
833
3880
6475
936
5927
6500
7986
9507
3558
9177
2615
9786
5794
3843
587
5536
1472
8546
2625
9585
5136
992
2323
6064
3460
8326
8457
130
5411
3173
7490
4170
4294
9621
9745
1936
5822
5108
4627
4635
664
3953
2582
9316
3095
3196
5916
1986
1154
8220
6581
2623
233
330
7192
7773
9025
1585
4711
4125
7584
4066
1421
5053
2884
9524
3289
3432
9401
9947
5824
1997
8767
4285
8984
1717
2183
5073
4848
3215
552
3356
4842
8492
2984
379
7722
5336
9210
867
5141
804
9077
1011
6411
8396
6503
8566
1841
6923
8852
1971
9669
1060
4929
5114
550
10
638
5405
9130
8716
4772
5811
2139
5014
5561
1203
5052
6584
9171
1086
1607
3824
4088
9250
9465
289
4021
2863
1583
2898
6897
7004
5324
4899
466
9827
5866
6124
2021
425
140
432
7034
7834
2803
9930
3981
2337
9756
2301
6811
6497
2478
954
982
8652
6159
9837
2962
2159
5473
7675
6436
7961
8592
9965
7226
3951
7024
7454
7907
5787
4707
6960
5337
9476
2032
4895
7965
2811
1775
3048
1719
6820
1310
5886
6565
7433
7688
3402
7977
3160
802
6839
3812
6120
7731
5533
9139
6979
2647
4835
9308
4559
6937
4999
3242
7671
8641
8978
2213
7325
7822
3554
2951
5845
3470
5980
8265
7981
6520
970
6976
2829
1035
9785
2002
3923
4024
2514
2297
7458
8075
9694
1512
4438
6502
9382
2563
4549
4076
3785
396
5814
7709
7102
4229
4220
6548
3910
368
8702
9554
1160
5860
2915
4782
3393
8993
8658
3703
2724
2631
6644
4025
6838
949
3937
1395
7036
7018
7193
1834
6451
9882
3036
2347
6136
6071
4881
5511
9939
8031
4160
3371
5276
8269
9213
9121
3548
955
2978
4722
3941
9214
7935
3551
5142
9470
9119
1094
1349
2645
5124
6580
2788
8618
636
5220
3448
7738
6620
7412
1231
7056
1454
9383
4272
9385
3286
6017
85
9469
101
2913
1386
4131
2493
9623
3041
4543
4554
2066
5737
342
7620
3380
7788
8558
6606
8578
3016
5939
2420
4404
3917
5789
2242
4321
5892
6872
2047
7233
159
387
5614
3713
1221
1183
2747
9617
6263
7662
4933
2055
7955
8047
6209
1439
3848
5635
9917
7618
5962
444
918
6992
9698
5821
4465
1028
3443
7585
8932
5246
9463
3038
8777
4859
4579
7137
9967
3461
8694
5427
372
1737
9397
9295
7663
9653
3686
2394
2405
3607
7390
4231
8082
887
6832
2909
2697
6251
2529
7706
7870
1697
9836
7416
6282
5564
2001
4861
7048
4523
3458
6568
5464
5168
4215
1376
2993
1816
8259
1770
4041
6351
1039
5134
1691
4353
1146
6446
7820
195
9286
3643
7051
1147
8455
4458
8724
7758
1789
7288
1477
8226
1628
3650
8198
7277
3911
4136
298
709
2179
1661
1297
4666
5368
1061
932
5006
1069
2235
8482
3641
2683
6932
3302
5147
3592
7876
5597
3111
9829
883
6090
3290
1651
4003
9110
3097
2161
5494
4172
3029
1994
3526
6824
5839
9321
2914
1648
4302
3238
8279
2533
5774
8593
1500
98
6176
3456
8236
4069
2850
658
534
7812
3243
8099
2407
69
383
7884
2510
8951
3319
1856
1582
702
8621
5424
4906
7023
6846
487
3086
542
5077
3415
9317
5215
2541
1474
6715
9480
2063
9329
9624
4696
4026
5990
4563
7959
6134
1684
8627
8791
8982
7476
6244
5393
2370
7347
8502
3125
5878
7208
1129
7541
5908
8751
7771
8384
7650
7828
3045
5113
7029
683
7401
4384
1556
2181
7059
190
4014
1543
6168
9347
5834
7694
6899
2995
8337
9374
8245
9912
9522
9895
4243
7999
3717
5432
441
1999
1389
6249
152
8728
9985
8085
2092
8688
7324
5394
1892
4602
5947
4036
1236
4935
3710
7146
6585
2905
6180
8732
1913
4463
9559
9720
9614
8467
7858
2865
5848
1699
8359
8147
3517
5490
979
6093
58
5407
7589
3201
8123
2869
7682
9783
111
4327
1466
6527
7969
5704
2375
1294
8577
5585
9475
868
9086
9606
5745
5831
3786
8197
588
5491
5203
3940
4801
4063
1343
9588
7583
3267
6573
2460
4655
3332
3798
9784
2949
2800
6636
1140
23
8762
1330
2513
2526
7188
3221
1068
8633
6754
696
9794
7915
1142
983
1522
7466
4893
1265
6667
5982
8321
9228
5722
8495
5879
5841
7262
4002
9875
1722
8972
7205
5764
5952
3355
3960
9792
9055
6338
972
3936
3692
8173
1391
920
8945
6658
4916
7790
3214
6949
5973
3428
9574
6571
1430
4522
7399
8345
4623
1029
5924
5234
3840
9460
4349
6463
3579
1306
8649
9496
2759
4065
4948
3230
3042
2033
2797
9650
6217
3559
9866
852
7862
88
2688
4787
5852
2296
435
5206
3292
240
1186
6388
9423
6516
3312
6877
8889
2013
7133
7066
9615
9361
685
446
119
3696
3161
1009
8713
6274
8774
8311
3619
3906
7468
5508
2377
1639
8997
4892
9607
2548
9224
1676
4489
4396
6197
7257
6801
164
8110
3913
4299
3434
9388
2987
9725
1308
1795
2960
2149
8481
1427
4493
5961
9586
8389
2143
8936
5146
3482
9703
8280
9767
434
9073
7273
1057
6371
8489
2508
7240
7000
4940
4486
9292
1379
5369
8899
1753
5911
575
9046
6656
1073
9510
3236
9515
6408
2637
7930
5129
7190
4392
9495
1675
5283
2274
1332
5126
3233
1886
8355
1488
7540
9539
7746
9379
4284
8315
3827
9226
2573
5227
477
596
7860
7316
8857
75
6931
4197
3523
1054
4398
6268
2748
2585
4663
8999
5467
2854
2663
1242
7500
2969
1874
7614
3011
2705
5448
8459
5392
7560
8787
798
1940
3938
4411
7264
33
2786
615
6130
437
6731
2416
9091
7065
725
3722
4684
4738
7330
3820
3996
9434
4874
8012
4451
6291
1279
3007
4921
3568
7497
7123
2762
6306
8779
7417
2835
6981
8144
5121
5826
8275
8910
7726
6669
3317
6041
6214
1771
4807
5703
3030
7718
4400
3661
9065
6888
3724
5967
4454
4485
16
8739
1654
1269
7117
1350
4964
8208
5874
5790
261
7475
7369
7370
7075
564
6161
1442
1752
4343
6826
9970
500
8505
2925
1855
2244
388
9873
2286
6342
7696
6337
1149
8764
8609
3329
7617
9594
5896
1561
801
4391
6185
3212
3015
479
2396
2659
2975
6879
5692
246
8843
1372
7830
276
2417
7312
5260
9345
7630
3560
7730
6847
5158
4450
4752
8252
9540
245
3149
2499
9305
3781
7775
5238
5714
7270
839
3314
6522
2238
6078
8175
1214
7250
8296
1726
3421
7687
7561
7621
9818
3318
7354
7948
1631
6285
4917
5237
5468
8171
2445
1698
3804
6860
863
6649
6853
8020
750
5891
6372
3626
1090
7166
7952
4860
7515
838
6377
8985
8222
3570
4926
3382
7122
6065
6525
5542
8761
4641
6657
1592
7717
2780
7577
7891
5611
5616
1692
8445
8723
5151
3874
4978
8115
9113
2996
8822
1811
8244
8242
5881
5486
6589
7427
5347
3741
4365
4883
1658
2940
7009
7897
488
6904
1763
5702
4949
1112
5039
1053
7378
363
1520
3480
6339
6915
1989
3807
2608
2160
2753
933
1071
2024
3868
714
7512
6281
6466
6329
4432
8187
8885
5682
3613
4581
7210
9918
8109
7482
3750
7081
455
3183
1034
6556
3829
9021
7922
5285
6139
3813
1451
7791
4328
960
4839
7712
5885
9408
1202
6150
112
740
898
3064
2227
5830
316
8416
8643
2436
1178
968
1495
3793
9350
2501
4476
7429
6505
9690
7243
5653
7693
5253
8370
3934
9275
7017
1977
5907
7795
3303
1776
7032
4273
3246
27
2954
2944
7912
7409
6763
272
671
2332
9243
5667
2879
6869
4405
2025
2155
8184
8834
507
7627
2229
974
2503
3730
5383
4571
517
5630
3862
468
3704
9064
9188
684
454
1037
1875
5232
1601
4251
8399
5169
3039
3287
1624
7796
4599
3226
7945
9772
8792
5608
7602
1567
7559
9048
2363
5607
2512
2881
1758
4619
8207
5026
7678
9154
8124
9613
1271
8756
125
8483
9870
2252
5735
1292
9560
1314
2584
5059
8956
4927
817
902
8808
9779
1435
8263
9916
7595
9504
3237
3462
6376
8667
8400
8746
129
8357
1425
9684
8024
1298
4374
7253
4823
7833
8037
5302
6189
1491
9854
1728
2769
7628
413
1620
7759
4290
1521
9758
8614
4727
7286
2268
5748
7947
7846
8211
693
151
1010
4788
3631
120
1788
7611
8422
366
5801
890
2619
3217
2974
1750
6895
5305
201
4701
9448
5236
5303
9809
2472
4517
214
1519
7546
6361
7779
7760
3861
3760
6558
9478
7128
8290
4155
2085
6430
4482
5231
5069
4089
6384
4267
3052
6741
7702
9790
9618
5686
6083
2317
380
553
2481
3615
3744
3658
8768
8189
6037
7101
6313
9340
3594
8404
3274
6745
574
3494
9961
9356
3533
8030
8760
7400
3315
3660
8575
919
6753
132
922
1622
6009
4189
6608
641
4648
6800
8202
3295
2221
307
1632
9823
1531
7211
1195
5043
2447
1480
8758
7232
1504
7040
7648
5152
4986
1084
586
8291
3788
9705
9702
3792
4951
5381
9830
2882
8393
5870
3943
6434
7271
6907
5987
526
5948
1870
8861
9543
5371
9843
1407
8804
4548
4128
7553
5827
6850
4237
1486
318
4505
5642
7197
514
3721
5193
5505
7676
6280
5715
6202
1223
5572
4266
2398
2411
1586
9707
2843
5217
4618
8884
2861
3127
5736
758
2241
1384
6457
5545
4081
5579
6716
6421
3014
8025
5872
6266
7764
9279
7393
1606
9676
1554
5131
6993
2215
1641
4645
1735
5029
8615
407
5021
1134
4759
3952
7423
1062
4083
51
8785
6397
6043
3553
3431
8663
6247
8364
5132
9981
7178
8794
2588
4331
4206
6705
1126
4202
3478
7402
3716
78
1858
2011
7972
9319
811
1303
874
8205
3823
8453
6149
5955
4795
1575
8961
2961
3617
924
4953
1136
5138
1365
948
2655
8219
6878
2119
6777
3565
398
3293
4692
4483
8745
7861
4578
9644
9569
9715
6322
5001
2200
670
3634
1133
179
2767
9176
4753
2098
8149
5388
5657
8264
443
7831
7976
9258
66
4851
8100
4762
4770
3965
4683
4700
2653
7821
1787
1993
9050
7874
1681
8159
2983
3994
5757
7832
9464
3469
8403
6928
1464
7841
1941
6633
7516
3351
6918
4146
6755
2120
8429
4138
9259
1362
9717
5183
2135
9481
2196
9506
6799
1413
5996
275
3053
2384
1796
166
5463
5425
7080
5218
1659
8544
916
6854
6910
2266
4761
6857
3121
4385
9115
324
6619
8206
6296
1947
7657
2937
6729
745
6934
8996
4755
1233
7481
6153
1448
1481
8738
6075
1867
1590
255
8634
1656
721
5286
184
8034
3623
7519
470
8463
9142
3769
4784
1983
9553
5056
886
7967
2836
9242
2766
5256
1309
7882
4564
8580
2199
6727
8394
4159
4156
9530
3435
4298
4662
5194
871
1637
6292
4651
498
2134
1354
7681
9232
1471
4092
4724
3304
7020
774
8911
5510
7537
497
8583
6181
6703
2036
3032
5406
2312
812
1525
6936
6314
3437
7077
6449
4408
8127
6805
3094
2808
7169
2365
4941
3912
3156
9030
9276
34
4586
5734
9244
7655
2453
997
865
384
4870
1542
4994
1316
3128
2796
3604
5571
6332
7266
5746
3705
805
8550
5582
1217
4960
4876
4521
9318
2164
8807
8523
1209
4682
6964
2193
8979
2093
6849
6157
2265
9825
9869
6478
537
2878
3845
756
8143
1693
7523
5130
9889
9808
3738
2718
4580
6336
4604
3313
6315
15
1250
8671
3663
5050
7089
5415
1563
7363
9170
649
8408
3877
8046
9753
7404
4181
5454
3700
3466
629
7799
6265
2282
7756
3285
813
7042
2039
2223
7679
6739
287
5395
9052
5539
1576
4507
4950
866
8176
1201
1102
8833
3600
2030
5649
5783
1239
1902
1552
7033
5027
9655
450
849
2091
4472
4278
315
7703
4288
323
3119
2358
3394
4015
6987
1058
4307
688
9533
7016
1872
3919
6940
7508
5421
2382
8407
8810
7202
4946
5633
8693
439
71
3567
668
8199
9273
6927
5358
5482
754
8247
3101
2524
5378
1807
6055
1483
9879
2610
6095
1571
7035
480
1990
8157
9116
2435
2413
9701
1527
6248
6678
7435
7452
1960
2348
1218
7749
2921
8240
5382
2661
2456
4613
1450
6490
2873
4637
8188
2240
2169
5890
781
5094
7911
2701
5690
652
7331
5211
8799
3025
2720
5770
7083
3748
9122
3652
5084
1634
4375
9558
5795
7360
9796
9036
6364
6599
1564
3407
1526
5620
5389
3012
2185
5880
7904
8166
8870
8
8584
3103
2474
6557
1041
95
6358
257
8087
103
5558
8074
2741
6160
7920
4114
3009
4051
7835
8476
4149
5109
7806
4078
9620
4942
6539
6911
8250
9511
7449
200
374
7966
8065
4605
6765
325
7174
8121
3104
5674
9443
7218
4360
3378
6521
6970
4875
2708
300
7509
8094
8914
3498
729
5426
1254
7203
7280
476
8006
2468
9775
2581
7478
3770
9457
7864
7008
2083
5898
5541
7027
490
57
7289
6544
7340
3423
4598
4606
3143
3673
8043
3875
3890
8287
2986
4182
2343
3220
4568
6032
3069
3385
5672
8677
5475
8769
679
7260
571
5252
1687
6913
5660
7220
404
8935
2251
9573
8131
8225
875
1588
6536
259
8021
8297
8062
7823
42
3930
6116
4456
3083
7217
7474
90
5208
2369
4656
274
7436
3539
9253
8243
3452
3089
9557
2965
7840
7283
8142
3135
8156
8016
5587
859
5534
6985
9680
739
2356
841
143
3892
3179
4652
7406
3020
5629
7116
8367
3186
3550
8106
1530
9153
3268
3666
3189
5729
780
3218
4538
908
1900
4449
6171
7462
9061
6340
353
4721
6744
2392
6855
5345
5469
4194
9704
5097
3637
9992
4958
8113
1377
6921
3210
1992
1523
3767
8962
8601
7055
2612
3082
9056
1725
2245
5062
2668
5785
6187
6112
7518
7161
2707
6469
9446
3100
1093
2877
8847
9765
8890
2354
6091
9692
3408
2825
7228
123
7127
7142
4739
426
4767
9180
7440
5889
1883
1164
5356
2597
986
254
8379
7057
9357
4399
6953
8310
6308
9537
5713
7658
5623
346
7052
5527
4796
3130
7265
128
277
141
5030
1573
2165
4148
8023
3884
9459
7896
320
1794
3496
2389
2570
8706
4679
759
9431
1593
8473
8703
1848
3921
5476
3597
268
5829
523
2959
8155
7450
8423
7389
7871
336
8887
738
2441
2065
3746
5481
7733
9252
8418
194
8376
6735
3375
4746
518
8710
1616
1092
7334
1441
7667
710
1276
6515
3970
8596
2520
4109
390
8167
2012
2586
2722
2427
2821
8371
5293
672
7686
9920
7504
7021
9477
1420
6406
1151
803
3642
4212
2515
1921
5149
4766
6816
5067
8853
9351
1505
6038
6298
7917
9161
7995
2473
3866
3167
5428
1449
348
7565
5904
3667
6954
1047
1312
6349
7164
2857
6679
7918
4323
1615
1518
7251
4535
5190
3690
9381
1380
9591
1457
288
6622
1424
3001
8588
2269
3122
8411
543
462
8518
5041
5250
6245
6417
620
1524
6935
5342
3908
7826
192
4029
5807
7701
8303
8390
5832
8233
9178
1612
1912
1307
5941
4695
7119
8569
1319
3599
6227
8960
9595
6546
9711
6105
1946
3200
6237
2401
2862
9410
350
2556
3836
5791
7557
9672
5489
8179
1959
766
938
3381
3959
5327
9366
9927
5591
456
2455
7470
5390
6034
5349
4512
8314
9580
2916
9647
2611
8528
48
4873
7934
1984
2331
8743
1182
6029
417
412
8868
9948
1869
8419
4533
4956
4132
7808
6965
1756
1769
7872
5259
2292
5447
7765
7465
1289
4430
5663
1835
613
3847
2903
5940
769
8334
9893
4195
8537
9218
5820
1193
7946
4689
6410
1304
7851
6194
6309
5173
6598
7564
2890
4484
6127
5294
6545
1115
7373
6893
1287
9735
4741
3947
7246
3582
1336
4918
9363
9896
1978
1954
7353
5966
5515
122
3296
6109
116
6627
988
6501
5416
9964
1171
1445
6670
3561
5002
55
558
8925
1382
8484
6951
6640
5300
8183
5991
6001
9949
904
2306
4440
6414
1720
297
4248
8883
3909
8251
6108
8163
3707
7339
1741
7983
1544
3060
4968
6922
3945
9006
6026
7185
7856
9231
8194
349
6287
1135
6562
4116
8661
3516
5835
9659
3502
2366
7419
8941
4955
9196
7058
7491
6375
3605
1130
7984
6483
9645
8137
8620
9952
4907
2662
8684
3678
5992
3581
1465
8436
5192
2446
2458
1985
6812
6258
3404
697
8902
755
4413
6767
64
808
2009
3353
8078
699
9831
7492
4203
5669
3734
7908
7231
4610
9719
2466
2313
5230
4108
2530
5782
8319
4214
3903
6201
8876
4886
5985
6404
9670
6508
1338
899
6450
7960
2603
4778
5650
1952
1496
8611
8878
3299
8448
9133
4470
6425
1551
913
6733
4082
3914
8872
3756
4196
1168
5779
5070
6572
148
3068
9494
4805
2826
5716
6616
3342
5573
6919
8019
2538
8650
8415
6378
8425
5310
1715
4013
7445
6842
9042
2651
9951
1748
3574
4534
1778
6864
5137
3369
990
3187
7300
7850
4771
5917
7974
6802
7138
5972
9233
4573
4001
2157
3062
1317
8809
8603
9155
3853
1929
4388
5920
7797
4658
7221
4749
8312
1428
1517
2673
8342
2109
3508
9274
8434
4793
1857
6492
5229
7460
5144
2941
210
8441
4570
9209
7844
832
3577
9023
13
9102
6261
9260
5609
7238
1076
9563
6334
9730
7489
1005
7141
5004
1119
5352
4043
9123
5580
3451
8795
6284
2425
6031
1355
3535
7355
2290
594
3163
1908
6016
9658
4240
844
6510
9198
9015
1293
8474
6226
7957
6167
1577
290
489
4804
2319
6652
6485
2053
1791
1545
2525
3988
3822
4639
3413
975
5538
2000
3648
3680
1248
8506
8850
795
2485
6983
1405
5042
7307
2728
8854
4938
3907
1646
8011
5559
5420
2867
9612
1153
8775
3902
3067
1547
2516
5828
9183
5776
9018
2303
7209
3855
7377
4589
6902
1604
226
423
4085
3027
2131
3881
182
9365
2368
5214
2730
6892
5903
2980
8905
4221
3473
1696
9890
6894
7415
1884
2295
3694
877
7062
6321
161
9876
8730
8040
3709
9716
2397
1982
2852
7639
4383
4219
3344
5747
6025
234
9204
2418
9285
40
3071
5509
1087
2517
7245
231
1910
5008
3894
5054
8983
473
9929
7424
7674
1468
3453
6099
1363
1781
3170
994
4588
7294
9289
9433
9589
7751
2772
2713
4506
8133
3113
7305
5316
1074
2219
1645
7012
2278
1121
1064
5755
2804
5058
2632
6914
5170
3640
2076
6551
7410
8468
9134
6158
4819
1761
1798
967
6975
5412
5373
733
5815
9208
6027
6712
8294
3112
703
7124
1584
3447
1091
7090
1734
4528
8231
4306
9391
5951
369
8541
5089
2694
1300
4989
4032
5960
2564
2224
4866
4296
3503
1301
6773
9885
7366
8507
9211
4865
5401
7002
5496
463
4660
3973
1979
2048
3339
7867
6813
6098
5422
6564
3126
2874
8246
691
1903
5038
8281
3860
5224
4742
5919
7535
4366
2547
2976
843
2801
4900
3185
783
8304
9976
8759
6374
6844
7837
3123
4409
2883
9628
5923
6994
6132
678
6355
3649
3684
7719
9108
7954
3491
2191
6607
9990
1790
7800
2247
7616
9479
2094
3905
840
3311
5581
3091
3546
5288
590
9026
1550
1842
3490
1808
8066
855
4414
4500
9572
6386
6297
485
9816
9972
1066
8158
6962
677
9909
2580
3263
7762
8347
9847
9500
4901
5005
9633
9360
5072
9343
8406
8487
7714
9
5592
8316
3087
981
3664
1897
1278
1340
7772
7824
4359
3655
2479
3024
4218
5767
4037
7506
2607
1724
2308
1082
7087
6518
1174
800
7483
5979
3511
6997
8819
3986
7357
2774
1408
7683
9375
6045
2616
5925
3591
3596
9454
340
6553
6295
4187
8697
1251
6514
6680
4274
7447
7104
4708
9421
8224
2256
9191
4594
2280
8927
1680
6560
5474
1747
8138
765
91
9372
5701
3054
361
337
9199
9096
2997
9336
2782
6713
5664
7563
9582
851
6883
6687
3272
8000
6286
9649
9685
9989
2275
524
2594
7014
183
296
3072
1245
335
5847
6996
5374
2818
9888
8968
5589
1937
8044
9004
1398
9146
7359
1980
9835
2374
5666
4310
3188
4638
1282
4113
3761
9635
59
4004
6341
5921
1260
1652
313
2773
4830
9924
7634
2752
2045
7204
2717
2755
7038
9359
3343
9107
8190
5485
2426
1914
8594
8033
1213
5983
9362
2704
7524
8731
6772
4622
4326
180
8438
3816
6458
3118
4293
1707
1219
4119
354
7053
5199
5531
8538
3537
720
4833
9451
5684
1727
8840
6190
4676
3825
1369
7140
8410
618
4059
4566
9503
8213
6537
4811
332
3745
9568
6396
6681
6496
377
7302
3195
4820
662
4527
1838
8151
5862
2988
9849
8515
690
2827
659
9037
3080
6766
9416
9068
43
7792
2335
6318
1674
7629
1499
1159
1755
4872
2125
8181
7249
9629
7225
4974
5399
6532
8814
271
8068
3531
2019
722
1462
8827
5385
8107
2284
93
9996
6413
5167
1025
6769
6486
1179
9441
8234
1885
9527
7431
7937
7542
3733
9688
1055
6015
958
6634
3961
8349
5409
7479
6203
6615
4464
6118
9341
737
1973
2088
2614
8989
5865
8185
1679
6668
8662
4056
4673
9774
1774
2621
7356
6379
7661
4260
7049
4882
4756
483
2498
6959
996
1286
4198
7638
3764
3354
2657
6089
3784
7949
5247
8626
7183
7003
687
4239
6267
2387
2288
4674
5768
6228
3557
9686
8350
2457
5605
1626
8295
338
3398
879
5103
4920
7889
5696
8921
7391
3366
5028
2710
3954
505
7530
1638
8806
6831
2565
3057
6218
7633
3712
4134
8061
4034
6762
5437
6489
4977
2749
3878
3347
3258
1976
5313
8572
5484
7819
9675
9085
6279
1718
3477
862
2606
6774
3718
2846
3301
5981
4509
7853
2589
6862
9131
359
197
8383
260
2813
1048
5709
5179
4837
621
9141
9859
5096
5455
1042
1328
9440
9817
9162
395
6885
5312
8906
9915
2475
6395
8125
486
7010
3662
7924
5867
6637
5868
5727
3249
8391
6419
5928
5156
5965
1822
1476
5340
6288
8715
5574
5974
7989
630
3406
7184
5431
3291
7290
3205
4555
1270
9814
3150
3310
2656
6381
5648
4590
1409
5012
3532
5191
5900
9234
2123
1429
8499
3753
204
1176
1155
5798
7457
7767
4966
4800
3450
9117
1347
5560
4997
3362
3148
7909
355
6066
6058
2953
8733
5087
3372
715
6319
1014
3653
5282
4442
8186
9636
1736
3137
2675
6477
7439
9206
4047
8346
4339
9221
7085
3412
2166
5339
5323
716
2279
9377
7345
5359
8288
9838
1922
6403
3763
6833
9387
4045
6367
8378
2583
2423
8823
3181
8690
4064
7905
9168
601
4897
3409
7487
7517
2793
6834
4380
2781
3229
2855
909
6785
2118
7713
2178
9089
5931
1288
5563
9726
2399
1806
5617
7932
1040
7131
1608
7953
3425
9936
173
31
4642
1196
3018
2509
598
2936
7774
4552
7778
6845
6070
2324
9325
4105
3735
9622
8339
8776
7787
453
284
3927
7148
7910
519
5075
529
5849
8708
9598
6726
8216
6148
567
7494
427
6273
3942
8701
7603
9163
4317
4143
9953
9492
770
311
1830
6402
7172
308
547
3376
5016
4210
6720
7600
7936
8431
4401
5599
9677
3782
1432
2022
465
1827
5942
360
9028
1320
4889
1591
1485
6823
310
3000
5048
8377
5726
538
9425
5065
7569
7078
7878
6526
9764
4460
5057
8543
9502
7598
5452
1414
244
5792
4216
1205
3611
4814
76
2103
4732
4346
1157
2108
8255
651
5095
3723
9288
4574
3589
7485
6193
267
109
5101
9227
8525
6828
2142
4174
9973
7320
1845
2518
4073
903
926
8368
4973
5634
9637
4289
8771
2703
7298
7527
3389
8600
7162
4234
8881
1256
6751
1951
1283
965
9766
3391
8235
9437
8439
3058
2856
6163
1570
4863
3545
4843
8338
6316
3708
5456
6843
8802
3492
2591
9427
5819
2428
5733
5883
4055
6350
8687
8402
8796
7590
150
2956
6710
8140
2232
4816
5477
9550
9883
9125
1172
6595
9601
8539
927
1598
6482
2168
2559
9189
9596
2889
2568
8797
1333
6963
5036
1880
6876
6958
7070
4694
8018
18
952
6460
8283
7315
5977
2214
7950
3683
8699
5670
5796
1097
36
4335
6495
4560
3624
2892
7520
314
7348
3191
185
3552
7005
2531
1611
576
5626
8498
2918
8210
4382
9432
4687
1905
286
9587
4124
8866
7317
4118
1934
5937
2532
6841
2197
3888
9751
4086
9519
5093
1938
4372
5761
265
3774
5612
371
3383
5546
3991
247
1341
3259
5532
8237
5032
5216
6795
431
5444
4675
4640
1402
1600
328
6020
5125
561
5922
3809
5304
2907
1931
2927
3780
660
9978
4325
7940
4593
9841
2162
3541
2289
108
861
1252
2198
4498
6708
7898
8160
6648
9462
2236
1150
7091
4852
5487
3204
5603
309
6426
7993
7958
8227
6690
1225
2885
7150
3962
3002
4477
9552
5517
1339
3590
3828
7473
7680
870
6040
8130
3483
9395
872
4217
6398
403
6933
7632
8635
2685
9813
8302
7543
1704
1664
7626
8277
4832
1038
1925
5197
6456
5566
5945
1020
3306
8933
3939
4868
4672
8894
9415
351
205
3070
6552
3873
5140
9626
4511
3370
8629
41
2735
7743
9516
6597
2336
2376
5460
3681
8825
793
46
4551
7299
3459
7327
7567
5278
9754
1253
2642
4226
2644
2943
3133
999
2639
1528
7988
9043
4928
1460
1802
3414
7395
5871
8896
6592
512
2847
2360
5758
8446
5910
513
6010
609
8261
7471
2097
515
1642
8084
3687
2492
232
1863
4856
5576
4093
9455
3364
2593
6129
3957
1958
789
4303
3401
7562
7365
5106
2006
4495
1814
9422
6752
5520
3305
9757
9074
262
3154
2831
3529
7054
6188
2691
7477
8922
1284
421
5013
7528
2249
2497
8719
943
1230
8727
2682
3685
2038
3956
9306
4583
2005
3282
1968
2314
3832
9066
1415
6587
3276
7132
419
6208
9801
4130
6290
540
2231
1125
2031
9452
8590
1888
856
646
557
7229
640
54
7248
8545
4629
4569
2604
7836
8607
5555
6133
4457
5744
7314
8765
8934
5808
9458
2243
3165
4049
9945
8988
2061
6054
9983
4473
8119
1974
165
8080
3467
410
8373
8139
8929
9140
4115
5895
9874
4828
779
4200
4812
3815
8815
4207
5334
7599
482
8598
3275
3022
3455
5009
6829
7877
2830
9461
549
3346
107
8191
6443
1018
5901
6714
4050
9793
3307
1797
4896
6693
8817
3885
6100
6224
4790
6555
7926
7420
7387
1665
9968
4444
7259
4980
5155
4982
8581
3021
4371
1701
3337
3525
4286
9076
2948
1862
9099
6177
8341
154
8651
8673
8258
8095
5771
4693
2601
6621
2553
8736
2069
3040
5267
270
5800
5687
2864
3751
9093
9898
7766
7309
8073
7344
6432
7919
1052
2380
65
5243
7163
585
9759
7380
7723
2891
731
4469
2388
5568
3854
9237
751
4403
7074
597
3439
5198
3433
1387
5465
1815
5936
3801
1024
7496
565
6747
1799
6424
7426
8475
4524
1653
1768
3630
30
4122
7292
9472
8831
4591
7285
7666
2057
508
8307
2590
8565
1263
4915
8725
5694
2519
885
1417
5446
9805
7601
9039
6259
6969
1660
3051
5569
4417
3932
2650
6896
7847
8557
6523
5658
5680
753
7498
6110
3800
2212
5458
2555
8229
8050
4862
8711
8228
1381
8657
6604
6706
735
9863
2602
6684
3915
9303
1497
689
445
9450
600
6917
1568
2764
1188
2744
5081
6991
134
1452
4213
5154
6968
4530
2557
8680
1558
5314
3715
3773
163
7396
9678
6211
3234
7147
7644
3584
5647
7752
4647
7001
3720
2560
7695
1144
2500
6955
5640
8072
7153
7375
2551
1285
1640
3616
747
8064
6418
2489
3197
291
2350
6326
1773
760
6517
7571
8623
4628
9926
236
4079
5023
7646
4351
8666
1566
6030
2981
730
2340
6740
5643
7495
580
207
4178
5400
4010
3699
509
5926
4061
461
4709
5423
9144
503
2964
8161
3928
317
1243
854
7343
7944
7729
7845
3989
8665
8986
3887
4877
9877
3926
9313
9806
8856
2646
1809
6815
4887
7744
9942
8670
5565
2844
67
8300
6094
2132
7739
6822
9871
5638
9013
4983
2680
5950
6387
9032
2114
9307
7921
2250
869
8306
704
4171
5788
3841
6967
6140
6906
6578
1342
3403
6135
5318
5864
9082
174
4222
302
3808
293
481
3837
6435
3518
4389
9946
1670
4412
9111
8454
3454
6709
1817
761
9044
9988
2167
299
1198
8200
1266
3521
9217
4300
4871
6433
333
8875
5618
7755
8452
8331
4976
5769
9182
2344
2776
6977
1100
9012
5384
1553
4806
8862
4826
6531
7636
2203
5329
8821
6663
6722
6593
2432
6583
1108
1268
8079
1579
7368
7825
626
1907
6638
4370
3116
5033
6352
8977
2075
5262
5063
8897
825
7234
9424
3849
6012
7472
7372
2217
7572
6625
8692
705
6702
9599
6302
6051
9049
2010
8491
3575
5753
2994
895
7578
593
2521
1688
7039
6939
117
171
2208
8169
5291
1189
2419
3049
5537
7043
4575
8613
2527
8636
2353
7444
969
3171
3512
3795
894
5590
4961
8998
6422
2326
9200
896
1859
1461
2841
9747
533
50
3255
2592
7160
8970
984
6695
8238
7538
3563
2654
3969
7761
1759
7437
8392
8812
9597
1232
9047
2151
4142
6373
6925
4423
7025
939
9987
3134
9643
1559
8729
9029
4461
7998
2207
2971
5196
8781
8071
1995
1367
2439
1823
2809
7978
8574
6952
6205
9555
5739
8451
8908
8869
3571
4668
8599
6725
3203
124
3520
9828
9913
1749
8534
712
6006
1290
1878
583
3081
5010
9630
6541
5261
6579
7987
3601
5793
4475
9159
1396
9958
7854
9600
6591
7768
211
1106
8511
2020
1426
3261
9549
8571
6797
9881
7254
3446
8152
806
3778
3400
6472
3992
6870
2617
4264
1016
5493
5049
3542
3586
7446
2136
2678
6233
7428
9404
3117
1731
156
6685
216
9256
655
6628
7612
8005
3139
7521
1933
6972
9409
616
3714
8969
6780
6890
6603
5844
9284
8952
5271
1299
9270
2163
8637
4659
4849
96
9179
2771
4612
9328
3262
4803
3251
7581
2345
9067
5495
1401
3632
9943
7956
8424
694
8069
7818
5364
5506
9271
3388
9517
8714
3556
9165
6232
2702
2507
5160
285
9848
7597
6147
4757
4420
7425
1987
1964
991
7293
2895
1326
2153
4633
5143
2349
5513
60
7637
8579
1346
3316
5731
4748
4789
3471
2187
5189
135
3102
1264
2226
6119
2393
7247
1690
9444
9565
8707
9062
8292
1267
6749
4996
7170
7165
3441
2484
4677
7685
6736
1185
7384
9739
853
389
225
139
6577
6442
3445
7720
2665
6590
4020
1805
3620
4810
2173
5846
4608
7885
1574
7777
2044
3084
1431
2015
5594
9058
1045
3702
2192
6327
8193
2117
6366
1447
6574
6924
5654
7579
133
2486
7383
2681
5311
1957
4162
2042
1197
2539
791
1595
1378
7291
7793
7552
3034
2712
6221
4305
2595
2395
8060
2973
8874
5504
7295
2643
7362
5372
8111
7095
1967
8950
1356
891
9760
9011
7781
2816
4704
6974
5909
9781
5051
734
9564
3281
7349
562
9499
9770
11
3859
155
827
1371
3544
4643
1351
9453
3504
9173
888
6920
4341
4611
1540
4247
4191
4123
2095
3334
9138
6956
5297
610
2561
5104
3935
2790
6880
1873
1031
1105
9583
4878
6223
6836
6789
4245
6884
9819
5172
2371
4736
9514
5088
5732
9418
3675
6277
4894
5825
5479
6835
8973
370
160
5778
7120
2897
7374
8529
5877
6169
8388
9931
1023
7623
6757
1404
4358
782
7152
8824
39
3665
9493
6383
326
2696
2487
743
1852
1663
7551
4723
70
499
5498
9075
170
9267
5685
8855
9663
8461
9051
3216
742
4053
1077
2272
4513
5457
7699
7587
9101
6569
3790
8045
4494
6863
4071
7223
5598
8949
4016
9009
1843
8865
4022
7469
5836
4954
962
5306
3865
2276
5418
1721
9251
9697
8320
3164
2795
3547
6393
6335
6380
9186
5857
4152
2990
227
9033
8801
1578
4902
283
3891
281
4163
572
3468
1839
8813
1436
9072
4
3726
4072
1503
9901
5861
8755
4395
6784
6794
5488
7534
2298
9053
5100
2041
5752
8877
5503
3633
5970
9488
3144
3352
105
8695
5995
303
7156
2412
906
9999
692
4183
3895
5717
4090
4103
2355
9164
3254
6305
1917
7868
5593
2505
5772
1939
8846
3005
727
5361
9314
9526
7144
3472
7902
3438
8987
4845
2008
7263
4825
5700
8437
858
4840
7047
7196
8449
7076
3253
9733
5759
1991
2939
9799
1596
9687
5461
5105
3987
8938
6639
3831
3182
8409
4378
7580
5466
5519
495
252
82
1762
8039
5239
9003
3538
1368
4281
8542
4703
37
8480
3463
1560
2947
2935
6146
1318
5180
5284
3420
4252
9007
837
6289
2400
4139
931
8114
5516
3766
7461
3978
9045
9860
554
4314
7925
7213
8254
2572
6782
1785
1644
3682
2271
5957
7269
9405
6982
2373
1740
9683
4817
1099
6511
9320
9844
7852
9523
6905
1744
1868
605
9699
5763
7615
4407
1479
4167
3555
3010
2023
5228
7442
1650
3659
7236
4070
2409
3298
4030
2958
5295
3758
321
7392
989
1291
7195
4110
6467
7971
2575
8672
5410
6631
1695
8428
5501
2626
9027
2932
3241
1032
7222
4744
5914
8602
4702
4452
5816
3422
9520
8963
2434
7651
381
1257
9743
8893
7235
2273
1207
7619
4421
6554
2422
4265
7186
5615
2254
4686
847
2912
706
6462
114
2424
8358
6400
5162
5226
7838
3320
9984
579
2390
3194
6096
8536
4241
8153
2933
1191
2469
5655
6704
5856
2770
6480
1081
7887
8718
6507
2798
8747
1241
9169
9579
1572
451
7610
2968
3348
2545
2684
1224
1953
5078
1777
8352
2206
2910
9603
9436
4357
504
9022
9220
9114
978
6166
9718
5806
8549
7350
3993
405
2304
3810
9674
5082
5918
9706
3323
7100
6871
9584
3026
7813
1786
5894
1667
8353
604
4572
9977
9548
4822
3514
8497
775
1511
2876
7019
2099
8330
3359
7827
1594
6448
9955
2367
1962
9399
4340
7006
8478
4545
1459
3948
3803
3975
790
7092
8278
2946
167
5064
2779
822
8332
1109
2113
1210
77
8056
7094
3162
12
4962
4151
4176
1930
4654
7923
2116
2037
4937
717
1942
206
5708
8691
5351
698
1853
2287
406
9294
5391
6941
6793
1510
8328
8735
8770
4802
8957
9368
2341
6210
4350
6044
9642
3013
3500
8586
1258
8164
6676
4445
5628
7568
4972
4120
5102
2027
8500
3657
963
4154
8276
9911
3509
4539
4798
3982
3429
6973
3146
2210
7394
4419
506
3324
4180
1360
9293
6945
5707
4775
4062
1605
8826
2129
2225
6499
5975
7171
2352
3158
6929
9411
8683
2600
6028
2228
8519
8646
3327
3077
1235
6471
1621
7591
7558
4023
9348
1927
6320
6707
3120
9390
3114
7214
3864
5003
4007
732
1281
186
810
7810
4716
2760
5242
6563
1110
7072
9993
4844
6750
5621
230
83
4592
61
5275
415
3131
5863
1143
5706
2534
5641
617
1167
319
5127
829
7607
5015
7804
5202
1364
386
4117
8606
1730
4585
2351
6594
9008
5098
2205
4690
3449
7869
9185
4717
6916
3325
6807
6344
9734
4313
1385
3524
5414
5055
7732
6459
3105
707
1227
8589
7842
4354
9788
3593
4885
187
4576
1049
7381
6868
9167
292
3207
3838
4387
1779
8554
5627
6743
9370
1943
876
1906
5625
7407
8327
6182
5550
8946
7239
2105
2106
5781
9402
5301
5354
9095
5398
3239
1211
7750
1810
5499
2026
2174
4634
4091
7237
8118
5938
9302
1311
3098
175
1851
2537
9535
657
6792
8458
5034
3006
746
7843
1238
8057
2320
3192
115
4499
9525
4441
3858
7586
9420
3481
28
8871
9861
5116
848
1602
2201
7346
4334
3980
5346
674
7045
6270
6651
2299
5066
6269
2283
3093
3140
2461
7829
5024
2613
8360
9468
5040
9296
3501
9832
6989
5644
401
8004
3850
9247
1234
2698
7502
8180
917
511
1001
3151
1589
4283
3300
1820
570
3309
8564
3209
7979
6003
9897
634
6570
8136
2723
8947
1955
2977
4769
4665
8128
6356
2311
9691
3608
3056
9282
1390
1617
4406
3486
8148
7737
6528
5624
9466
6429
884
7894
4909
1199
556
5887
2506
4095
106
964
4678
428
6246
3578
5076
492
4416
8904
1966
4596
3670
3622
3506
6195
2035
6019
2799
2260
6056
8042
430
7798
1357
4227
5673
5528
814
9484
4329
8343
7716
6891
7849
9521
5020
3129
5185
4332
6252
1000
9925
2444
5307
4271
3698
772
4705
6957
7358
6111
9728
7704
5678
2459
8992
7933
4150
8674
6293
4355
6858
1070
4127
3791
2775
5279
9974
654
2451
2896
6236
5547
2175
47
7786
9265
8967
4204
9266
959
8126
5741
3138
1599
382
3330
1423
1043
5549
7011
3231
3783
8135
7892
8108
7408
1440
9791
3232
4730
8778
5060
9230
9333
8653
3609
2670
7529
1337
6819
8668
2361
9412
3752
9654
1170
1226
921
176
8816
8679
1833
6647
723
2627
9723
8786
2230
4019
2177
9850
3497
5408
1508
3256
1738
1998
1027
8551
4319
4965
8401
5165
6683
3688
2110
188
7914
213
9904
4836
9124
4912
4728
2812
8704
2853
8105
3427
8617
3505
2357
2077
1539
893
7596
4799
603
6476
2072
7134
9187
9729
6938
1887
8361
5712
5205
6675
5805
4035
6088
7318
162
5596
5470
624
4621
3519
4209
3796
6617
941
4402
5315
4205
536
6294
7179
4957
9322
796
573
2868
6691
73
6698
7361
8344
2261
2922
3814
3046
458
6701
2060
7313
3074
8943
9498
9181
9822
8298
5453
8102
4330
4931
9380
4783
794
5037
4919
3225
7367
9098
8750
242
2490
9339
7782
4768
9097
3727
279
2763
934
4529
8676
8780
178
9449
7180
3998
6441
102
5438
8323
322
9660
1956
5061
2202
7938
8274
127
1156
3328
4556
7084
2328
6986
1295
961
8561
1184
3485
4733
9215
8490
3706
8116
9429
9137
6718
6260
8610
8212
637
3280
420
8162
9392
3995
8860
5773
1315
2894
6998
1944
4250
447
5631
4650
2638
1819
6369
3645
4437
864
2972
7484
3701
7096
4067
1161
2711
2686
6138
9891
9040
6219
762
2209
4908
5148
910
1008
3768
2577
6677
8820
5338
5943
3073
5651
2078
6865
9673
8798
9638
8919
9576
5971
4435
8232
331
452
6588
713
881
2544
3740
7110
1124
1849
6196
2172
3488
5362
7007
2410
2727
7975
9195
2838
6856
9905
2096
4670
3922
6771
8083
4287
8134
2216
4188
8616
5268
3976
1627
1683
9811
9100
1587
3830
510
7903
6216
4620
880
6559
2837
8063
9570
6946
9815
7992
3510
4060
5512
5451
784
7244
7151
8753
9473
9538
8918
8366
5445
2823
3092
7916
5754
8757
2264
599
5775
3023
946
4691
3108
1067
9727
6063
6966
475
8664
9203
8268
6779
8413
3728
5201
4557
7531
1305
8104
2840
1473
520
9207
5492
5529
5583
940
6643
3876
5646
1493
661
5897
8913
7
110
9852
3852
2029
3950
4479
2007
6437
608
8920
1871
3177
4390
9798
708
2714
7545
3358
2926
2648
8427
9262
8177
6660
8784
273
5417
249
2834
9562
9998
9467
5184
1132
4426
6409
1647
5450
7022
3174
7272
8556
53
6481
8036
2476
169
5902
5935
4713
8260
6062
345
2100
282
1935
7707
4680
1392
6272
6730
3972
1321
1918
614
7456
3742
6586
7811
9868
9532
7167
397
8734
6654
4967
9430
7539
6328
7566
5601
9536
6575
7303
1766
4179
5693
5953
251
7880
6164
2761
4137
3576
3765
9746
72
7769
5705
1782
7329
7510
4913
5544
4397
3244
5993
4884
4364
5750
4924
4715
7669
4312
1410
2740
6363
7670
5118
2725
5679
6431
7906
4646
5429
7640
8442
9157
8900
4057
212
4058
5280
8067
7256
6629
2429
4268
7742
8559
3387
9505
7968
9908
6470
3475
6444
1757
2171
1046
8939
3869
2440
9103
7418
7135
6170
6151
9491
2488
6464
5387
9944
1079
4526
5681
9428
7855
6242
2554
8991
4936
1104
3365
7194
8526
3755
1484
1200
9264
4487
5249
8271
2383
4503
493
3737
5178
3367
5604
9136
2833
4616
8630
86
3386
5842
1840
5721
280
7692
3614
2263
438
5728
4853
1996
995
6540
7635
4242
8282
6827
4607
2574
6154
8880
6512
7154
327
686
9005
8309
1137
8182
3294
99
6866
1352
3647
8117
1399
2146
4099
1813
4107
3775
8926
6942
5749
2483
1080
4468
2930
7593
7107
8382
6230
6018
4911
7592
4827
3776
4429
1261
4096
4779
409
7306
9156
5360
6978
4718
5933
7656
4520
2578
7901
9534
4781
6761
5135
2089
6005
1803
744
1818
45
4253
305
3931
2536
6609
6394
4459
2596
4455
68
1780
5813
4824
9804
1509
1901
9851
9833
776
1494
1262
5344
7848
2566
6697
4443
3984
985
5449
9776
7304
9160
8122
3178
1689
1850
8981
2629
914
1899
1625
2391
198
3250
1152
1127
2180
4729
3331
1056
4898
6498
2211
2294
2571
7668
5122
1709
4630
2624
1706
2966
8494
8597
5619
701
5379
4905
4615
9810
3377
8531
1446
8898
4809
4987
4344
5112
7258
1729
6808
1169
8070
7098
3901
6050
3368
3017
7588
9016
3833
7112
3725
1416
3979
373
9858
7708
6886
4988
8829
3602
8325
7061
235
3003
6178
2054
5652
5766
464
8980
1
2552
6200
8740
8638
5325
9225
329
6810
5367
9024
6365
3697
6493
3857
6723
2815
3967
8395
4561
3871
6060
7594
8892
2550
2310
8286
1175
2496
5888
6655
5210
1538
301
4791
62
6596
7097
9839
6440
9737
9980
835
1165
9894
9695
4466
9092
1970
6948
8712
8132
4141
5397
1467
9666
915
6082
644
6758
5514
5435
1772
8496
5074
4558
4356
7028
7493
7480
2528
9991
1911
6912
1012
9657
4447
5695
3949
2040
1895
1864
8141
9087
7335
6781
5166
665
2270
8317
8705
3674
1732
1672
3222
2871
5299
356
5045
3265
9150
8385
1244
8811
3457
6353
9054
545
5257
980
9782
9846
2963
1501
6077
5899
4017
2321
9105
250
5472
146
2535
6770
5988
4773
7608
8654
2733
3886
8076
3096
1327
1249
7488
8477
6909
2454
5235
834
9940
4841
6867
9406
6530
2068
7173
1623
5264
2543
1255
2415
334
4698
8324
9855
5031
6301
5905
6484
8460
5636
1745
1022
8272
2778
1089
408
196
1866
2158
7026
3515
29
3805
25
9551
3964
8838
9969
5419
7815
9335
8944
6814
4193
6053
2004
3573
2502
5266
6035
5292
8858
2737
2170
9277
546
3277
4567
9063
2938
2819
3297
4763
2743
4012
3897
6152
2322
2667
3264
7379
2523
5376
8622
1765
9166
8685
8555
8421
256
6255
820
7041
4311
7690
9724
7505
4261
6479
5186
8262
5964
7109
8381
2622
4246
6235
6033
4765
2237
9283
8029
7275
6903
6067
4338
4031
1111
9342
5296
7511
1597
5668
4318
971
548
6346
6453
7604
6724
3213
2955
8014
2404
5711
5780
9668
2101
9445
7513
2255
1793
8009
1669
5439
5543
9331
9518
3562
4510
7227
7728
9268
9914
9610
7899
6494
7996
1374
5044
2542
9732
9190
797
7451
1614
6535
5645
2126
9088
2052
8839
8863
7653
1812
1059
9995
2887
21
4161
4157
4626
2450
2802
3851
5855
4959
4488
7438
4531
6787
5837
8709
4813
6198
9120
5586
9566
92
6312
1711
1302
4054
1891
1685
1370
2900
4347
2794
3990
7665
9263
2690
1083
2660
1919
7776
857
2679
5725
4735
6673
9248
4617
8720
3278
5876
1784
5459
4731
9239
6582
4914
9957
1065
1015
819
589
8681
5502
8256
1682
6602
263
5317
6734
1515
3779
2754
5497
8168
502
2828
7532
8195
1832
5859
7691
6610
7130
8386
3612
4818
6474
1890
6022
4322
8154
2330
1228
1904
7710
7371
2706
1988
3245
5562
6576
8522
3357
7279
7322
845
1655
7622
5595
9152
6222
7182
1114
8022
826
2067
666
9078
7973
3955
3349
3588
5195
3078
2145
8585
8090
7114
582
6613
6039
6804
8976
1208
8859
8145
9528
719
3677
763
8619
2908
4518
4681
9820
8790
2806
3739
1708
4726
777
8514
5526
602
901
5357
1569
8196
7242
3260
7105
5080
8027
682
1825
9639
2719
563
144
8380
3153
821
1456
4425
2676
3141
6611
8832
7501
2438
5873
4077
7928
4291
4834
9712
4169
8568
4600
6023
4504
6300
2346
7525
1030
1882
4276
8214
5157
8372
1138
6746
3227
3326
6642
9640
9609
7206
4446
8628
3818
1259
7060
5255
9246
4201
4952
364
1828
1489
9648
3802
203
2732
1017
6049
3107
2315
149
3219
6412
6048
7139
9821
9080
8975
414
4158
4963
7338
1893
9842
7677
2285
2318
8501
3819
9235
5175
5244
4424
6534
3430
2791
4297
6700
1764
4153
3228
987
6155
4990
8722
1240
7609
3373
4238
9486
2150
8003
2785
2992
7376
2144
5578
2073
2579
8923
5200
4490
7994
168
4480
138
8007
7121
6630
3944
496
6646
2147
157
9742
2386
2258
5521
5308
5223
9205
4831
667
4280
2372
6174
6439
9126
6362
4740
6796
6107
2989
3363
5688
4808
1204
4376
4657
4211
1932
3059
1006
2190
8783
7736
3513
2911
9721
4536
8432
7432
4758
1877
6455
7554
9070
9337
892
5802
7115
6473
8748
1821
1837
8639
9529
208
8766
8521
5858
7927
993
7191
818
2630
2609
8466
6121
5251
7455
942
1103
911
4262
5522
7748
3271
2080
4792
9393
3668
3444
8737
5946
9646
7689
5803
6206
8848
7913
6008
1716
4316
4225
1581
6809
9616
2452
2421
145
1375
224
6852
1274
6331
6141
4930
718
4040
2050
9886
531
9887
2886
6123
4145
2758
7467
1537
8648
4168
8612
177
7645
7605
8576
8567
2079
9605
4821
1662
9923
5133
5365
6097
527
7287
4525
1237
7745
2182
4282
8553
2567
2064
4601
4508
3152
1557
448
897
930
9261
3946
3534
8958
6333
625
5738
8486
4890
6250
5675
2817
3925
8493
9071
7422
3147
3384
52
2437
2692
1800
376
956
6191
1366
5661
8435
24
1173
8937
1854
1760
4333
2587
7964
5091
764
4249
8322
4256
619
4925
6445
442
5353
5188
6103
7863
9323
1536
3248
38
627
1963
9407
1972
9290
1694
3180
7308
6452
4098
4636
3076
7990
8035
5274
2832
6618
6011
8828
2731
4235
8318
2576
9031
1348
3399
6626
1118
3540
4320
1335
3639
5999
9201
4777
8284
312
1418
9389
1322
5850
7216
56
3958
6382
4553
1036
1580
2218
1443
947
7328
1844
3507
6900
2107
7332
8642
9438
5812
4324
928
2406
3904
2378
4111
9487
4764
6392
9762
8096
2929
1116
3679
7168
3124
799
2482
9490
9546
6323
4097
3202
1117
2757
1865
3896
935
8426
6566
9744
1246
6307
7215
9094
9403
6666
5182
5207
5245
7783
4224
6104
3
2137
6324
830
469
4362
7573
9865
1122
3168
5665
4993
1678
4373
4661
3749
1229
9761
9367
9079
3899
530
7997
4254
8223
6262
3882
9713
4720
8782
786
9143
953
7547
1478
2082
365
9862
6821
787
3731
8178
3489
8088
6641
3583
9738
2640
724
2893
7255
9709
4129
3270
578
17
6686
9069
2783
3747
3856
2901
5163
5331
3669
8903
5209
26
9773
1514
9755
9681
6790
7654
1702
6840
3569
6407
5500
4027
5079
4910
7336
1529
7574
7175
2822
9919
2465
3340
7794
375
7177
7803
8535
5637
3522
3628
8239
3115
6454
1098
9485
3635
3627
4542
8516
6533
951
4939
7397
700
5743
3564
7126
5265
9892
1128
8659
221
8305
8333
9631
5632
5000
9301
5086
9400
6173
7951
8032
1353
3411
5326
7555
7747
8503
484
7398
1163
7284
1095
6699
4394
4697
4255
8041
3109
9750
1139
3418
2641
5047
9041
5120
3835
258
4277
8313
4706
3208
9937
1021
9932
357
8420
7267
9238
1969
5320
2931
3580
680
9417
4562
9878
9257
5150
1002
6220
7606
9349
3719
1388
1746
7641
4985
9352
3527
5128
6057
3273
5525
2204
566
3079
8253
5171
4932
4427
7857
4785
8308
1502
5018
4084
4847
1712
9172
9590
8836
2463
1107
5843
9327
391
5698
1739
4595
8608
1470
9982
6882
2176
1826
2522
6653
2504
8433
9768
6047
528
1713
9109
7364
8485
2056
7149
9634
5994
9378
8174
5330
2246
4453
4492
9561
6007
5471
2842
6506
81
4011
1215
7613
9332
9489
521
7403
4725
6360
2739
6042
3636
1686
768
264
923
6504
2338
2750
1535
2259
1437
4614
7063
6179
1206
9483
142
7785
4754
3846
631
8624
2599
1915
1668
3811
3787
6759
9547
4597
3424
2734
9731
5588
8655
6081
9192
8886
7575
4714
2928
6359
4075
1131
2359
5174
8924
3193
8058
6084
9665
7414
4140
6115
4864
8891
1490
1613
5281
3693
2789
4000
9975
2870
1487
3224
8548
643
5997
7672
4550
4068
807
6145
2115
6848
4547
6786
5068
3487
1422
3759
9394
2866
8092
8363
9857
8656
2293
5289
9513
5117
5954
7526
3983
6659
8248
8864
4348
1860
5833
6738
3863
973
7879
1088
2967
1824
8192
9956
9575
8647
4431
4336
9777
8700
7985
7067
2470
9269
35
202
7252
471
6818
1212
7740
429
1383
3610
3999
7784
3479
1767
1438
9567
2342
6068
8742
1961
2934
7421
8052
9311
9611
8669
4519
9641
9148
3762
8049
606
2689
6137
7046
8721
1400
9541
9800
9884
3142
6144
6612
2051
2043
9509
8895
8974
6672
6142
591
4969
1633
2805
9287
8470
4794
8414
3821
6357
6737
239
1533
2414
5402
4393
3335
7129
8845
7323
7158
1619
8471
1945
5258
4121
8077
7201
1836
4223
2334
238
2540
2998
9671
89
4164
4537
9602
2081
1192
5277
7866
6117
3199
3338
3190
9149
3711
5606
7086
6605
5375
7941
5567
4857
3977
8447
9652
8942
1705
478
9414
3566
2017
4087
9966
6264
8726
6303
9880
5483
6661
8625
6614
6875
788
459
4671
1610
1469
6561
7673
3322
1222
656
8966
9344
9950
676
5915
5906
4934
5442
736
2189
7145
4496
6764
8387
3493
9216
3966
8038
2618
1482
9355
9338
8150
1881
8844
669
5742
7631
9824
6004
8091
3772
3695
5823
9769
2620
9581
9304
6204
3732
8301
9763
1846
4230
9714
5443
7684
6538
4133
1507
3870
4190
5350
2669
8015
3223
9324
1548
5011
3247
711
7159
3842
5025
5930
6385
3997
2756
7570
294
7486
1075
5691
1565
8508
5370
4923
4760
1549
6719
3971
4546
1671
7013
2726
9797
2188
7839
9254
2824
7199
1194
5989
9083
5584
8994
2693
248
4743
1280
6632
4304
6074
7642
9608
9812
5
3754
6711
2154
2888
2658
367
121
7337
592
3088
7556
3536
6225
3867
2848
6420
8209
5436
9682
8375
6391
9135
9035
2128
7900
3019
8964
900
8948
2745
9578
6950
5377
4992
3985
6278
266
8354
6317
767
5913
5085
5760
6783
4422
9354
5602
8837
3410
5853
7550
1007
7536
8916
8267
3075
2839
7219
6908
2633
4185
5187
3440
362
5884
5969
1273
9106
2084
2471
9954
4177
8509
8527
3361
1120
2302
3374
1177
3050
6021
9229
8146
4186
6405
7405
2233
6046
2899
8953
6192
2222
5290
3933
1403
9212
440
5540
4337
6080
436
2316
1506
4737
9826
4165
2845
4342
3691
2666
2902
7453
5524
6947
6549
2859
460
5386
5944
5092
4858
8002
4308
4361
7698
3063
5677
1324
3806
7187
653
8644
9696
4699
1019
80
5956
7031
378
7030
6623
3672
8912
153
6000
3499
1949
7727
8356
3651
8595
7015
9899
9104
5433
9971
4292
584
4685
6984
8930
3085
7741
2195
8097
842
695
2917
4855
9081
2628
2562
1181
449
7088
3889
9994
7276
402
2379
9398
2300
6488
9280
4046
5659
5254
9330
9456
3530
5440
9656
3417
4042
785
6325
1072
7268
9959
6106
8851
8221
9193
3176
6624
8965
8103
1896
8717
4467
6688
2362
4208
9014
4257
3288
8995
7464
612
2305
9935
7382
2687
9632
2784
8462
3419
352
2184
2443
1345
1909
4439
44
648
1004
6760
3390
2070
3436
1609
4491
8931
