897
5939
1283
9629
7874
475
6794
8086
4102
7761
5500
7014
1187
2154
9041
7925
3606
784
4933
6105
6868
1734
6112
9163
1753
8212
3218
8929
2712
5912
883
5547
4118
6404
6091
9865
7904
9434
292
879
5726
4967
2777
9823
943
6025
7620
6109
3039
5332
3765
9490
4549
7334
8523
1905
3357
1548
6526
8564
2917
715
1862
1749
7611
2051
9294
3785
7641
3536
2346
7719
6677
9535
4063
6506
628
4491
5717
3068
7687
6806
6376
368
1323
6927
2071
9514
6406
7810
3206
2838
4393
8475
8238
7742
395
8090
3501
231
4817
9869
6915
4821
9726
9066
5745
7960
8266
4502
5600
9991
4246
6297
8442
4568
5387
8704
2788
9884
9589
1322
2355
5567
3133
8588
5273
8776
8466
4546
5907
9980
2657
8074
7101
6308
2860
1131
7634
8983
5569
3092
8307
5875
4106
8979
549
9548
6640
1369
5375
7586
3613
4937
3356
6186
4466
5689
1371
7087
1352
8626
2191
4602
152
9191
9898
4221
7800
4408
8889
1344
5826
7268
8874
1254
985
9984
8853
6148
7131
3402
4844
6643
2343
6432
1284
1960
1186
3534
8395
7760
4312
6819
3281
8923
5627
8972
6079
6334
6623
2846
9757
9509
8279
167
6736
373
6555
6401
2379
4013
1235
2575
7366
9310
19
6954
4285
9567
7339
8488
3127
7075
4966
9752
4846
5321
538
3696
6581
8001
5104
3398
7503
450
4223
1370
4186
6895
1814
4352
7931
4594
1674
7089
781
3987
1364
3566
3046
8031
2723
5530
4639
8837
4640
273
472
9899
7580
4140
1020
7480
5241
1973
5962
4928
2172
2813
8157
3465
3790
2250
433
616
3362
9713
9574
7064
7521
5550
1794
3942
9275
4145
3771
3881
7286
7535
5096
4819
2130
1576
7927
7122
3353
4131
5976
6431
1965
7114
7133
7139
2622
6564
3590
5807
9732
1710
7180
768
2418
9144
2469
8409
4042
2709
203
3213
8282
6972
1977
8511
8287
4888
5166
1475
6267
8207
5453
1412
5562
5771
1502
9486
2475
3930
50
7422
7030
3955
7405
7693
6481
7737
4822
6414
8335
4540
309
4533
4539
8724
7483
7234
6897
4837
3137
2223
5474
690
7873
9088
3859
36
9891
823
7919
8222
1885
6162
9694
5153
5294
3300
2870
1947
3322
892
8586
3517
3053
2470
519
2067
1822
5656
1545
8824
9467
1201
31
6171
4092
3268
6487
2224
804
2854
1318
6117
4090
6227
6705
9643
9201
6156
4563
5577
4167
8289
2543
1025
6412
163
6883
9613
514
6867
91
2830
5280
9285
1367
9519
6450
162
327
7361
4266
2653
6734
5134
6950
3000
9635
6875
2360
1987
666
325
1589
4370
128
5053
2184
9955
832
1158
5034
8811
1490
8971
1685
8537
2423
4474
6273
9048
2302
3190
3470
2016
4780
7753
5944
4235
339
6052
5101
6288
3708
3968
5977
7724
2030
7379
5012
1272
5404
8900
7718
8092
960
7216
4344
4454
8226
6482
6885
1432
1970
7368
7769
8270
2122
5175
1946
4998
7840
5769
7105
9562
3080
2378
1731
2778
9957
7228
5089
6310
8615
6083
2471
4889
3570
7507
9062
9153
9902
5394
5935
1341
8136
2588
6429
5130
9520
1760
1231
7199
4994
9288
2967
7922
5889
558
3602
2812
8959
5128
9888
6703
4208
8549
6204
8692
6911
3338
3645
9830
9435
1174
8684
1106
8046
5859
4492
5757
785
9896
9692
9264
8232
4700
9513
7702
4970
4407
8354
3344
6570
9446
7274
2135
934
1457
6823
7469
599
9621
1788
2943
3868
2783
3999
6740
9389
2314
856
9369
7561
9399
1306
5403
9238
8288
6315
5649
4270
1293
296
8461
2061
9710
7707
4276
9537
548
6562
612
6359
2853
1439
6177
6219
5051
700
4587
669
2387
150
3
7182
756
9844
8017
501
4992
8529
6789
9701
9469
6560
2980
2616
9990
7025
4459
5197
5856
7184
9954
7092
1846
4431
3430
7799
6275
3054
6141
8239
6345
1847
3871
2297
7888
7186
3965
9662
7112
8030
1095
3642
176
3142
7352
8664
8611
7600
722
3676
5478
142
7107
2158
349
7080
8120
5575
3311
1295
4798
652
5247
6575
6639
6648
2836
2237
5169
7819
2166
5040
9938
5455
5752
556
5141
6931
3843
1509
5496
9003
3751
1738
8096
2728
2409
3005
1000
9
6290
6810
9120
2204
6699
3972
882
5024
6152
3866
3712
6477
7766
7109
6880
1798
1829
9415
3253
9085
4669
9063
1205
8235
367
8042
6135
4072
9849
2369
5256
694
5466
8527
2584
2744
7602
2784
9462
6134
536
6731
5322
7789
751
5270
5636
1673
7230
6544
1263
3244
6069
961
1640
1262
228
7912
7896
7173
4319
2773
3346
6368
7893
9945
608
6174
2317
2257
5112
5045
230
7294
5568
4641
1784
1842
451
4949
9454
966
4439
2978
5303
5578
2761
7256
946
3657
7587
1897
7438
4795
7464
1741
2118
3060
6449
4596
6636
8946
8575
9250
8883
8350
9518
2618
4932
135
1721
8659
1708
4193
6921
849
7567
4779
7618
6839
1358
3693
2222
8567
1327
4028
5800
2508
6306
2940
6203
7628
9836
2721
1164
7277
7293
2233
2926
2268
5021
7095
5658
2510
5090
5676
9091
6503
376
6323
4229
7544
1330
2058
5180
6592
1338
693
7411
8246
7805
5200
3752
5484
5501
3316
9470
3233
9408
4697
1236
3129
2534
2156
3572
1492
4130
1766
9069
3557
6778
2718
4985
9582
3681
8942
7397
3416
5437
9860
112
824
4095
592
4860
7442
9138
7545
6808
3200
956
6597
1188
8864
7936
2815
3995
8831
9773
5737
928
1083
6958
3684
9200
3277
5268
1402
9418
1270
4435
491
9797
1839
3943
9867
7639
5696
9443
2255
8463
333
4219
2375
1347
5044
6061
5813
7449
6019
1638
8324
2877
4828
172
2563
7845
6155
2096
1105
4230
1435
7212
5407
3781
2786
9226
7940
8095
8828
6829
1962
8054
1117
6809
3775
8103
249
8827
4057
5315
3072
5371
8474
9175
8787
5015
2566
261
2831
3812
3359
8571
385
9365
3128
2056
1061
6043
2128
3815
5991
2473
6599
8860
1230
5753
94
6983
2535
7335
8419
9630
8123
9014
8091
3333
1413
2269
893
6899
9929
5398
4584
2711
9071
5400
8643
8510
2433
4086
53
4644
6641
4885
9904
5439
4330
7894
3047
6123
1304
398
4200
4127
9659
9204
5472
2906
1005
9245
4176
5364
7705
4820
8792
7168
4282
9240
9755
2382
3624
2516
4565
7238
2139
6525
3504
9215
3962
9626
5286
6360
8055
9736
1127
2927
4396
3936
8485
2559
2650
5454
8053
8505
6396
5932
6291
3597
3549
2678
9538
5811
5065
330
9225
4446
8414
6886
4202
4519
1198
1941
4781
2704
1571
1350
9634
1107
5774
5277
1197
7299
1297
2463
7376
9169
1998
9115
3524
6572
4260
7609
874
9935
4858
6386
2150
814
14
6295
5486
3467
7690
3450
5350
9803
585
7897
2991
1132
6031
116
2152
4945
3604
4990
1558
9423
2662
8949
2645
9302
7531
8703
8960
9493
139
8375
8343
8310
6797
1374
6817
7956
1461
798
701
5191
4066
7712
5983
9564
8234
3525
6145
8068
7164
4506
2225
5406
8056
3495
4357
4925
5097
8118
6928
3168
9344
4151
3884
7455
6440
7606
8278
965
4946
6748
8647
1855
1938
3033
3399
7542
5077
4512
9428
5463
508
7110
909
4606
2389
9817
5921
3833
6936
2923
1543
9952
7330
4108
9671
4363
4058
1123
2617
9627
9473
3835
6628
4543
2858
390
7298
2260
8694
5828
1277
8857
7557
4950
2500
1650
671
7613
8818
6920
7266
8901
974
3634
6645
933
3296
5895
3214
6751
6188
4075
3457
4728
8125
3568
8880
896
9812
2450
8541
3953
545
4646
1456
488
6615
429
6278
2232
3186
5617
2060
4071
6791
7698
457
9820
467
5647
1976
1505
5750
6283
2329
2536
6276
2503
5574
6374
7872
9242
8671
4934
1522
7784
3321
6698
4014
805
763
5724
6399
2451
4673
1228
9220
9987
8449
6150
6180
5948
8917
2290
6320
8098
1183
4089
5221
3880
4847
6051
8654
8370
3679
5060
6120
6268
1076
8879
9377
7826
7125
1436
9107
5964
9894
6654
1258
4509
5056
7529
4659
5923
2186
7050
572
3513
8572
1991
7734
2197
7044
2190
6807
2032
5135
533
1430
5010
252
7622
3275
7325
3140
2090
9770
4232
3410
8369
9320
4800
2502
1315
5542
6619
1084
2524
3735
4421
7617
3993
6479
2392
9525
5117
5716
6693
6970
6194
8943
6815
5304
8412
5181
8566
5588
2221
6933
7214
1981
6326
6847
5619
889
7307
5310
384
3966
5538
9227
7468
7255
3181
5263
389
2341
9299
4894
8838
7170
1159
4612
2819
5541
4975
1458
3023
9444
7145
9507
7886
5328
8100
3153
8002
9834
8794
2079
6612
1924
8715
2800
7921
7403
1212
8700
822
3481
8826
5692
4675
4081
3493
1980
9581
1624
4797
839
1859
4905
3690
7700
7630
6485
5091
1454
3618
7625
4562
5597
8726
9557
399
4475
7808
1565
2364
3439
5672
3203
3132
2520
5210
9795
8483
8719
2445
9854
1267
1365
1002
4802
3592
724
4115
7
1418
1210
6447
6554
9742
1844
7470
2274
1975
6714
1810
2132
6822
1045
2842
3016
6486
9607
6846
9222
1040
7735
8330
1626
4621
92
1680
2956
5979
9806
2482
1538
3608
4536
8665
3411
1856
4632
872
1265
4829
9268
4653
6582
3526
5081
4782
6231
5518
9646
2211
3209
3487
5289
1226
1690
5723
6903
5136
4826
7864
5143
4692
8012
1219
9323
6769
2323
5410
9019
5959
2631
5234
991
5930
1834
1898
2077
5388
2689
7026
8072
1288
7710
1594
4153
4570
4788
7282
3838
2852
4005
667
3750
98
9335
7008
4713
8233
6082
7429
2781
845
7009
3326
7508
4135
9866
6542
9936
1487
5720
6551
8073
8195
8629
202
4887
3059
3660
740
235
5183
8467
7385
8077
9034
3131
8016
7659
9290
8151
420
7144
8847
5548
9705
9346
9999
3729
9759
298
4141
5049
2144
783
4762
5508
2750
1312
3172
1185
8160
5329
1669
1472
4920
650
748
820
6075
1221
8306
7174
9206
8546
7476
47
6261
8961
5302
2950
5248
2511
4379
1611
2896
4605
9970
9522
7439
6378
9775
285
5245
8812
7725
8778
289
6898
4192
1468
6232
1537
1239
7645
1079
5393
764
4705
1342
3286
7017
3777
8025
9059
8097
8858
4212
3106
5915
7765
6172
7389
816
7237
2892
9386
1054
8849
999
3948
5584
2078
7353
4339
7828
8803
137
6041
7006
8038
7676
3791
9125
2708
5413
7462
301
6732
4702
3677
4308
2065
3114
4064
3280
3365
1751
3617
82
8966
552
2462
9654
2742
1213
125
8602
3792
2492
551
256
4986
396
2064
8806
5327
4833
352
6210
9498
5838
2920
7926
2367
1361
1064
623
3169
9816
6084
9598
9296
3872
6611
4059
8980
6768
7959
5669
9615
7594
7901
790
9586
5386
4171
3523
9942
9771
5186
3649
66
8870
4290
8697
3574
1627
4902
9933
8675
33
6561
1984
8968
1276
4915
4098
8886
1773
8374
1415
4077
2200
6389
7573
1202
4267
6982
8018
9925
4354
2766
2886
7723
2585
2995
2724
1170
5743
6010
3686
4805
25
5157
4764
7072
5225
3733
2160
9174
6014
8448
9456
2105
268
8459
1894
8396
3287
1120
182
4461
2782
7083
902
1137
8861
8531
2994
1237
3037
1581
5442
6128
40
1644
936
5422
850
3518
5479
1096
8528
2151
7120
3263
6202
8767
2867
2053
6361
1663
8884
4238
262
9182
6197
8710
2157
8639
9539
6634
126
2143
4832
9332
774
2479
7809
3015
1357
6980
2589
2062
7647
2054
2165
4040
5751
8871
3219
7467
979
4740
1372
4816
2006
6395
5325
2215
1948
175
8915
5719
8644
5121
6877
4162
5877
3651
7257
7147
7135
4906
2287
6802
6096
9317
3269
57
2436
9788
5920
2187
5767
6626
8429
6453
653
5494
4521
4004
6352
7079
5
3162
8753
2772
4541
4908
833
8598
6772
2171
5447
8782
4099
5192
7989
3019
1652
5202
5537
3310
173
3898
2987
5214
4771
7534
6158
9246
5872
140
5735
3579
596
8876
2098
4239
4851
3511
1892
1951
4674
3789
2916
2252
4087
7875
6881
8881
5346
4528
3977
8211
8845
5517
6280
74
1641
5937
8078
5837
2572
2312
3109
3665
8746
7751
2467
2514
320
4311
9500
9002
454
9047
2966
5451
912
7380
9122
7817
2231
6192
266
9216
2218
7798
9868
9677
7446
2633
821
1394
9404
8781
3961
6945
4227
2952
9049
1562
3824
9009
2774
6796
7495
3178
9079
8494
1907
6138
1328
5445
7342
5193
9267
1882
308
154
8148
1298
2496
1287
7852
362
2921
4977
5628
7177
9442
2466
3442
5572
8020
8503
8680
2241
8024
6941
8920
1699
7056
3920
4931
3844
1051
3499
207
3182
7977
6557
4150
767
485
2715
4643
8281
929
4356
7518
265
100
6001
3069
6842
8082
8
3601
923
6238
2416
9306
5231
9681
9666
1796
8938
7261
8592
3288
104
5262
7209
8200
8921
6727
5109
7450
1955
8283
1134
861
7859
2100
4070
8180
6142
7113
7345
4380
3811
1109
5967
8147
1990
9729
3577
1705
9511
3336
5903
288
2984
2519
8610
7593
809
2700
4294
1309
6563
5963
293
5209
9861
9588
9617
4210
9208
498
5122
4197
4501
5766
3249
7981
905
8424
8524
8732
5152
78
8953
2180
9053
3197
8997
6571
2578
7945
5611
1958
3387
177
3830
9257
9263
3800
5002
7532
4044
3879
5047
3007
342
4373
2998
5083
461
2515
578
9154
5190
441
3730
5795
544
4097
1992
4642
5834
4627
7743
5078
660
9321
983
329
466
5151
4623
7451
6917
6781
771
5952
4152
2483
6381
1037
1816
286
1670
7202
1915
6036
8560
5421
4012
3983
6286
4881
8780
5852
5217
4450
7359
4569
5223
9123
3292
5851
4741
1156
3406
4926
184
3744
2408
8251
7260
5358
5306
6448
2267
1516
9783
661
3028
4261
5602
8101
8627
5172
1939
7232
3705
8957
2235
1617
9761
8476
9754
5064
7289
2806
1578
5662
2047
6116
6317
4517
4455
6114
5715
812
4073
2001
8004
9440
3726
9439
2793
7349
7410
3888
2339
3582
5764
2147
7434
8907
2844
8322
8358
5237
1333
4611
8340
7621
6241
2828
646
205
6462
5722
2684
4730
2442
1023
8963
1727
1833
7902
4365
5681
8156
6488
4334
5324
2116
9021
1707
6688
1320
5908
2955
3475
6216
3013
2036
1042
9164
4794
4869
7161
2680
6287
6776
1664
1455
17
2400
7973
6498
6187
3103
86
8061
8182
637
3670
2076
3825
6948
8962
5918
1972
3184
9195
3227
7166
1697
1795
604
3632
4948
8185
647
8661
4159
7032
6385
1173
5039
5220
969
2810
9374
7907
5080
5275
3797
7239
5026
6484
4253
9735
8631
6805
4867
7951
8250
8472
5666
7965
8545
8326
6050
3894
9978
8196
7995
7364
1789
4956
6651
7791
229
2692
2604
7589
2240
3002
8067
8183
9324
5111
1654
2962
5020
8681
838
6015
4524
518
9790
7691
4174
3472
3870
5700
8669
2335
4922
8716
4585
9193
4845
7891
9158
1014
1232
8268
3434
4123
6818
7295
5203
9261
6900
2174
5155
1317
5679
3276
1024
2385
3562
9569
2985
1033
7071
7514
5066
8650
1620
3239
1465
7646
5433
4976
7192
4006
1803
3647
5336
6567
6516
8373
297
5284
3375
5596
9496
6896
1417
9160
2
9363
7243
5727
8102
4325
743
7252
3482
4375
3108
4038
2311
3121
4462
6053
1997
1329
4288
8453
6725
1586
1715
9445
6649
321
443
8028
8295
5705
864
51
4170
3727
4137
2664
1013
848
371
2308
5763
1763
6048
1247
1229
9283
5429
4751
3076
354
8618
436
7571
5946
3145
2925
5868
1450
4548
2851
6724
9572
7435
6471
2484
8011
9076
9028
3298
4711
673
641
9187
5830
8333
4882
2752
9824
9566
3285
9304
3212
8039
2291
869
1858
9018
4893
3254
6327
2331
5348
79
9716
7726
2677
7473
4979
9260
8145
4417
3877
5867
8439
9270
4240
1068
2216
2821
3625
5061
4444
5070
2845
3585
5879
5667
3071
6545
5399
5823
720
1800
7005
409
8642
8128
1890
9109
9372
4575
6841
970
6161
6962
2794
4880
8765
9396
1942
3758
6348
2228
4834
9890
9460
9910
6761
1676
1754
6840
6365
3912
6452
9734
6225
1851
3220
8867
6271
709
5042
9376
8440
9782
5435
2398
8271
4918
3126
7221
9968
2826
2396
7086
1028
5432
6417
1704
4080
93
3205
4205
1785
1301
7555
8267
9385
9022
3040
6589
4735
1462
1925
5559
3451
5604
8743
4050
347
3378
1424
5670
7536
4293
7081
5377
4046
8501
7136
4173
8891
3519
9067
9881
9527
7637
555
8846
3919
9293
3299
9805
8228
4400
7291
7890
1422
2591
5686
2005
9923
3847
5182
7217
6492
1974
6007
1337
2702
9779
680
1215
9480
3827
3710
365
9591
3349
2083
7399
7304
5519
1141
7869
1631
5814
2292
3217
6438
3089
8344
5367
6382
242
527
3347
7045
8027
4109
215
3541
1313
4942
3096
7395
7918
574
7498
3717
8398
8513
1466
3381
9927
4017
4551
9602
8167
7955
1155
1032
8977
3052
7689
8104
6605
3756
5862
241
1527
4351
218
23
3531
4538
735
2587
7061
1533
643
9355
5924
2092
5601
9704
3620
8041
6021
4689
634
8605
4712
9194
9997
6076
3433
1706
3149
7588
8621
6878
8337
7516
4980
9058
6003
2989
3247
4486
5609
6951
9077
7954
8676
9600
4734
8800
7431
663
4690
1899
9872
1172
6094
9550
6018
3905
7094
8882
6496
3260
871
105
3528
9336
2816
2114
3806
4157
4645
7207
6427
9262
9533
1655
8014
9033
380
9405
3584
6247
826
248
2086
7903
6411
4620
1768
183
3191
3417
1057
9833
601
9841
4897
4126
62
7084
6375
6149
2173
7235
381
6344
7898
4909
773
6590
2103
6834
2509
4924
3093
8916
3978
455
2577
6489
2857
1765
1632
3152
9853
5655
8447
2958
5789
4995
2530
1720
6745
9064
7027
6372
6102
3721
9862
7489
3818
2710
2696
6461
9583
4793
3950
5794
7374
4332
657
721
2570
4936
9555
2790
2880
4298
4427
9998
1094
2665
7708
9234
7290
5116
9628
8161
3084
6944
6747
4489
9546
1875
6799
4438
4333
6864
1762
7675
186
6000
6845
9966
857
7367
4387
1755
9595
5222
5729
5250
699
7197
4691
9269
7553
5982
9974
4309
2082
9065
8261
7437
1108
3226
1039
8487
370
9524
3573
7346
8169
464
2755
7292
1791
587
6792
9051
9231
8538
6517
4580
8060
4022
2149
3122
7283
1722
3295
9149
4000
1837
8999
7398
9029
5079
5345
8712
5957
3329
2087
5898
5258
9342
9531
8408
2864
4347
8939
5858
1050
5055
4604
7270
6446
1593
8763
5290
6416
1199
3842
6408
8349
1920
5894
2244
4035
8191
630
793
6264
9379
5704
4672
2983
1659
4958
9906
2363
8109
7394
3185
7245
2881
4904
6201
6090
3488
2390
3951
9161
71
9883
415
9383
7546
1321
1718
4422
2120
8088
9649
232
1671
1525
7880
3045
7990
3576
6663
5351
794
76
4560
2195
6160
2102
7137
2551
8899
4165
4853
1712
9199
4342
2421
8937
3655
4392
2580
920
6400
1993
6483
539
5785
6033
6303
1411
509
6893
5487
1612
9121
907
1282
4065
3839
4855
8189
1269
6217
1826
8221
9578
1100
1349
7802
3101
982
9026
8786
1253
4725
2493
1145
4116
5162
8579
2362
8187
1278
3267
3340
1125
3158
9247
9697
7575
4513
8556
6662
9512
5475
4083
1660
4172
553
736
9760
4023
7146
212
9185
5380
192
7326
6282
1314
3628
2807
4443
5482
513
8995
9743
5144
9706
6460
7892
3622
6207
5553
6969
30
4024
1835
5000
1340
2017
2316
2074
3626
7413
382
5292
1756
3947
1830
3029
1383
8126
3388
7118
2625
5861
3755
2908
3609
2013
7015
3600
1786
2365
8099
8328
4255
9638
7560
1184
4068
8912
2028
2716
3969
3707
5969
3018
7590
1153
2868
2627
1779
9725
6212
8718
7097
8469
1027
2889
2780
3266
589
8111
6468
1030
3502
8318
1681
108
1063
407
2353
4776
118
870
68
4763
8482
2169
5235
5622
7764
4434
3408
1449
2008
67
8115
6430
5956
1529
8458
2167
3831
1808
279
7288
2547
3211
4483
8835
4576
4388
1872
9102
3161
8434
9420
6252
5412
4989
5073
3928
6413
5566
1460
3732
3816
1869
526
7275
4495
435
328
9972
8388
6329
8585
9136
7251
6743
2736
4978
9360
1949
5420
8760
2449
8866
9407
1467
635
2740
9590
6319
3778
710
4397
290
7694
8752
8903
5082
90
3508
930
8508
5558
9095
2935
3315
2749
2177
7156
7695
9466
1376
3639
6307
858
6260
3867
2460
6534
6445
9481
9092
9259
6433
7528
3507
7984
3282
8496
9351
1672
6119
4440
2417
3099
6165
1532
2899
9791
1896
6333
8829
4831
4773
7831
8329
3853
4286
8832
8277
4110
1073
7115
7280
3376
3535
115
191
5043
5552
6500
1261
5017
2871
4247
1368
8127
70
9967
8276
8583
8416
9430
8514
7876
4677
3553
6876
6056
7916
7603
6937
4213
7854
9804
3289
1019
5618
9876
1953
307
3020
5835
8079
7658
9712
6046
2327
9414
6066
3248
8635
6312
8257
6576
9505
744
4724
4760
4222
1362
6387
7649
1827
951
2431
7648
8107
3711
8471
8355
6270
1560
1129
6832
8301
561
7022
3840
5585
1812
5071
5443
4048
4561
3674
156
9565
6577
8935
7548
3982
9521
7440
3441
8512
734
259
3648
2258
6795
6497
8065
9037
9303
6397
185
1580
1360
6755
8244
520
1307
2070
6963
675
7985
3061
1552
5576
2626
597
5821
7741
8108
1689
4850
4411
5131
8986
9769
3297
2406
8359
5736
4184
1549
2746
2000
4615
3177
9327
1621
6573
6908
3766
237
2072
1400
4987
992
6251
9189
6675
58
5427
5103
818
7696
761
9719
9529
7477
3565
4593
5137
5218
1147
1832
6773
7615
3949
2555
4775
9054
8677
46
3392
9465
9544
1036
7365
4595
6419
5356
6136
7012
3361
7456
1982
6700
4636
2193
1658
9986
143
6668
8821
7978
65
4382
6499
7754
8701
2227
2874
6974
2823
9811
2822
3038
3022
8709
1082
5801
9534
5491
6992
5890
2814
6665
1517
583
7668
4737
6861
2293
9384
99
7085
7194
1015
7704
9347
1969
8093
7818
6159
8080
1182
8755
2126
8854
4698
1074
5287
6281
5579
9559
846
4361
1471
324
5232
6855
4056
4304
4940
234
8730
1553
3552
5643
4657
5694
4418
9223
6146
7309
9592
2787
5113
7853
1165
817
9203
6956
4314
1112
5995
8744
8625
2444
2586
7250
7656
5441
494
4105
5048
3189
2703
865
1781
6669
8682
165
6027
5521
8872
8578
1209
3167
3021
2272
1496
976
1077
5450
410
4010
2979
4154
55
7998
7034
3171
3909
6924
5199
2043
2049
1305
5185
5759
48
3736
2020
3373
1453
7472
2731
6973
7018
3354
6103
5502
4383
9130
3767
3569
1648
5029
6656
5845
9087
5891
9331
9983
4564
7427
5884
2271
9951
1848
1831
6259
3688
1944
7727
5594
4499
3538
2468
3989
5616
6012
2739
8184
5749
5449
760
4355
217
2872
541
7565
1668
4878
1463
8218
2202
2759
5953
2531
3683
6349
7679
9911
3761
169
8506
7758
3252
4121
9089
9492
1244
3586
1026
6182
2639
222
7861
5818
1716
6926
5563
2862
111
5492
8768
8850
4478
6215
9400
6168
2602
4717
353
2424
8982
5416
3516
187
5434
7865
531
5674
8477
4559
6760
8029
866
546
8199
5069
7426
7284
6650
8190
6426
825
1146
7296
5440
5147
2833
9219
4479
8300
4624
9477
7786
9368
3423
4818
1730
6328
1390
5139
7104
550
4189
174
468
4163
9013
1308
4433
1771
83
5481
2965
6692
5154
6347
1433
5615
3666
4608
7844
803
7227
124
6833
577
4207
8113
6016
2735
2834
7016
9176
1382
1154
2112
2226
875
5507
6402
8087
5802
9579
4714
3368
6608
1075
9124
4530
5305
6494
2571
7626
3550
9224
1512
5408
719
8129
206
8205
3120
6638
8729
6351
7775
5506
6919
910
7661
1043
6266
2238
3591
7540
8254
2048
2856
8132
2481
2719
5446
5797
5226
7371
8603
6683
1961
4263
3307
3875
236
9472
6444
4269
6706
8376
9839
8423
13
7494
1534
4217
9766
4567
7801
9394
9585
3115
360
1729
9411
5352
4049
2188
6852
5378
5462
6762
8958
3436
1691
4807
4919
3897
3901
3229
582
9912
8713
8106
5718
7605
5793
7312
7558
4732
1523
2249
3290
2108
6311
7672
5885
274
4716
5787
483
5513
7054
4206
8717
95
221
5054
2347
5531
3960
8696
2594
9842
8264
5264
8050
8332
1524
7671
5850
5057
6827
9325
1574
8000
4322
1405
7323
5981
9162
6362
2733
6042
8019
6754
1038
6393
6314
9604
579
6763
5535
6248
2472
4651
7970
8539
7313
2009
7242
7035
9173
1807
1945
9291
6990
1271
9248
9878
3594
932
975
9576
9994
5840
5320
444
7846
568
2229
3709
2185
2326
4078
2974
4849
5733
1208
5546
9279
2304
1934
3804
3274
5038
3540
7163
4767
7201
6782
7608
4377
4182
6765
4119
8451
9156
1693
5115
1189
4701
9211
7492
7721
5337
937
3058
1388
3787
1667
7715
7900
6418
5772
517
9145
7231
511
3823
543
5659
340
7913
2977
3985
7481
2682
528
1476
1895
859
6250
7833
3228
2164
6528
130
9453
5827
4103
1139
5028
6851
7386
837
7920
7273
1999
8422
8265
6583
7347
3180
6078
2085
7697
189
2976
3264
1679
9329
4527
8348
2944
3656
5074
8587
9131
4757
6434
5019
806
6394
6097
7762
2205
8706
8622
559
9282
4913
8815
159
4600
8934
4060
6013
3496
157
4872
5824
9188
6391
4199
1501
9995
7356
2897
1799
5561
3199
4631
8144
6853
6081
7327
403
1557
6932
8699
939
8822
2315
8450
8003
6039
2155
4696
5149
4283
618
6358
3737
5298
9553
9835
3575
1421
6110
952
2452
6338
3107
9614
7306
1893
5333
8686
2725
5282
6139
7829
3155
2512
1171
3355
778
6507
2648
1978
6222
8819
2607
3432
9680
1736
3485
3896
1474
8770
8445
4550
5281
6523
8304
7063
2695
9637
7883
6176
6356
1092
5710
6239
7585
6104
6011
4341
4405
1048
8314
7271
6697
7635
3273
6569
9265
8063
6889
2931
3826
5354
9343
6262
4661
1852
2568
611
7811
8933
9748
505
6975
4156
5775
4437
782
3631
6943
3393
7448
5781
3339
6602
3543
4761
8293
7946
8173
3548
9558
7633
621
5313
880
3979
4147
5792
3258
7770
1921
4404
4477
802
8908
7049
6541
9157
8978
1964
171
1750
4628
6255
2368
411
5732
5632
4911
1256
4586
4731
9271
2930
6057
7019
9004
7373
9312
1406
2428
4682
4777
492
2141
7179
2829
8775
9314
2338
2328
925
6759
7932
5259
644
6837
4306
3011
7654
2613
4815
7974
2762
6108
1047
1584
7821
9765
9305
8345
6470
6193
3638
2713
2661
8737
9419
3283
3784
3102
2419
5300
4234
5195
1878
506
2505
5261
5188
829
7119
9484
3876
5931
7132
5035
1408
9838
4249
3456
2738
4297
6510
6711
4168
3104
7013
8175
9401
3397
8379
8690
8421
8651
2288
7176
6005
9663
383
1299
9877
3619
941
9718
2861
8480
6814
5285
4188
2883
263
1049
1633
6140
5691
7496
3008
278
6230
9082
8898
4327
1811
6245
6584
6063
8166
2192
5966
8400
8856
8894
1114
1081
2722
5739
8530
8044
6659
8321
8739
9675
4754
374
4052
5941
8022
5817
1698
5987
3923
401
3188
6635
3763
1152
8224
9988
521
2027
2850
906
7837
2732
2039
6723
6269
2593
5708
6125
456
7443
9789
7655
5204
1268
3667
2354
619
1513
8936
1101
1359
5495
5206
7236
7614
4129
2395
394
1062
3044
855
8484
4061
2019
4292
476
8895
9723
7421
5651
478
2629
7432
3907
594
8747
6037
77
2405
1988
5194
1070
5424
4445
1836
7847
482
5140
9822
5340
6694
3469
5744
640
5314
6552
8225
3174
5312
1656
8520
1021
1959
9499
2480
0
6530
7674
81
1819
7358
8367
4868
9584
9721
2583
7031
4747
6532
3477
1983
1217
9737
1336
3135
7487
2439
8392
2567
5524
6770
9334
9292
796
4179
3874
5994
7948
2110
8259
6045
6030
1554
7384
8037
7640
9937
5219
1059
4515
168
1713
3043
4243
2131
5626
8522
503
6713
2903
3201
6999
2148
742
9180
7822
1483
6209
3374
3939
6343
6553
3673
3198
391
1815
6020
337
6913
6874
473
2310
7344
8896
6986
3714
6565
6491
5878
2410
7253
3796
432
8914
7337
5663
3379
8648
2993
3908
4626
2981
6621
6337
1119
6707
8859
7612
6147
2729
5621
2275
5816
3644
954
1568
6044
7709
3805
3042
6322
7684
7078
7121
1012
4409
6884
2694
7745
8308
4025
2685
8910
9653
1573
7408
3967
4101
4715
2912
3664
9083
4510
7475
5402
5972
7348
6716
9093
6835
9008
8574
254
7643
201
5876
9605
8759
1577
7151
3990
638
8363
8401
1931
755
1150
7525
3301
8952
2351
5293
3097
2525
4824
129
7947
7493
5780
336
3452
2427
114
5353
3183
9023
9501
5359
1928
2040
8771
2261
3904
8135
406
915
1985
6067
6357
7484
2348
2029
7964
3270
2178
3779
346
1623
3443
7060
2133
6939
3461
4265
8356
4385
2159
867
5570
5762
8339
1550
3975
402
8632
6617
4635
6722
1223
9502
12
5373
6695
5677
626
9750
6887
9038
3863
2933
5460
622
4493
4457
8241
4448
9625
5949
2734
664
6825
8498
5126
3476
9678
8163
5106
566
9696
8515
7093
9232
5571
3367
3855
2003
2753
1630
9961
9147
4531
5863
2123
3087
5236
8491
5405
1345
831
9632
3383
8083
5978
2775
8733
8805
8652
4019
9689
998
2073
6585
7957
4744
770
4142
3593
4228
2213
3242
963
8384
3394
9996
6157
3769
8785
3731
4678
1495
2299
9879
962
1804
5755
1604
6680
570
3255
3834
3682
5355
7065
3425
233
416
6848
659
6064
554
3334
4323
5997
4811
9536
3036
4020
4686
3130
2422
7988
841
6630
6191
1507
4759
3941
9624
8638
8214
8848
1303
6113
1427
417
1879
2698
9352
3012
5242
5761
6520
5905
6989
7150
7204
3544
6008
7276
1035
1319
6642
2523
3215
8783
1903
2037
9976
4250
5390
4803
6127
2636
8209
590
4969
1575
2596
4376
6519
3856
7154
4614
8260
4840
408
6088
5114
2832
3795
6750
607
5841
341
1290
1250
3914
4836
5683
6296
4670
6107
2608
5657
3748
3116
2683
8985
3170
9832
9155
418
6502
633
1935
854
5212
9141
6902
9932
9747
8071
7966
3605
9909
4877
6137
3704
2307
3143
119
1275
6439
2456
6367
1085
7073
5023
2914
3845
8748
4684
6263
4796
7877
421
6831
372
7939
2345
87
9116
7975
629
4096
4619
117
9103
6243
2804
4984
5274
7002
392
8465
4037
9745
5951
1280
6196
1248
1366
688
7881
7465
5108
9316
258
283
5260
2673
6473
7729
5914
2015
2068
3970
193
842
7124
4134
1195
8402
4114
465
9254
7517
1316
4472
8230
2448
950
6274
1608
9644
4390
7047
9356
1653
6392
6130
8839
9668
4029
9946
6346
5968
938
20
2494
7331
8723
8892
7453
6719
9930
4093
397
2605
9251
3915
9020
5760
8964
5730
3873
7686
5480
9915
2146
7428
1825
121
9587
9655
6771
7225
2558
4579
2701
7812
131
3010
2089
3720
369
9924
1395
430
2561
7171
9552
8636
7576
7310
3658
211
3772
1168
5712
9948
2656
5032
2904
2748
4952
3041
8540
2839
7193
957
2641
1486
2012
4650
916
7400
5778
7215
8297
4094
5100
2333
9864
2344
8122
2024
4262
6086
440
7036
6892
6660
3865
7777
807
4647
7057
9772
8149
7683
343
1238
5145
9780
2455
7051
448
8565
8519
4324
9829
3703
9665
2887
8698
1628
9256
7001
7308
9230
1841
9366
8725
7200
9487
5539
5680
4863
8112
7416
2432
8991
6246
6324
6871
1940
5831
953
8236
7905
575
1717
2548
758
7152
2280
3464
1181
8188
1610
4916
2686
8536
2817
1399
9475
1149
3460
980
752
4930
2004
3225
302
425
9012
489
2938
1579
4534
2134
6205
8032
3694
9452
4862
723
732
4256
5307
246
8852
6472
7862
7577
2063
3734
3652
6682
1087
4166
8766
2969
7767
918
3857
8204
5641
4812
3841
627
836
5864
379
8609
4896
7703
1726
8406
7116
9108
6587
6518
6189
7732
9593
8580
2902
5397
2305
7458
5067
6830
8382
2954
9295
3330
1687
8573
1677
5177
7038
9989
3139
5684
6858
3405
9409
6028
7842
8662
2802
2910
4566
5646
2670
9392
227
4360
7860
3659
2381
1665
7838
4972
5215
7839
1547
1426
1251
683
3391
692
45
3753
564
4848
9962
8383
676
4204
8437
7127
2486
4944
4695
8456
4983
2630
9622
7782
9870
3616
2256
7111
8210
8641
4954
280
3500
363
6929
5178
2537
6405
7040
5638
4254
4394
310
6596
198
9728
1645
6947
9648
5847
2768
7324
9432
3027
110
9959
2458
3025
5269
2220
247
7011
6616
8174
8168
9541
2542
2435
5975
1157
5036
7378
7562
2491
2888
161
7341
1381
3643
7953
1407
8756
1732
8426
7096
8532
3372
1206
4616
5030
7076
3916
2999
3957
9186
7090
2124
6185
3798
9739
4588
5595
9711
1410
1979
9373
453
2840
1619
2876
6588
7785
4772
7320
2046
7604
2681
9364
8142
7638
894
9431
4765
7099
2882
3893
3100
3369
6514
8217
1126
8420
338
6331
5301
4353
3302
7172
5323
565
2562
89
3623
6124
8130
3166
7755
5173
3335
7387
6824
1285
8176
1233
4663
4008
4720
4279
1423
8272
9286
7538
5296
9196
5593
7354
8432
9096
9333
1843
1883
1853
5018
148
1281
3940
8689
245
6151
4789
3749
6304
1167
7747
3887
9387
1218
1246
4148
2964
2459
9506
3671
4391
4838
1600
3607
8666
5331
4412
3082
6548
7692
9371
3698
5583
8202
2506
3325
8865
8628
5906
5698
1078
2957
223
6838
2489
1572
7885
944
6702
8023
8797
8331
9118
5714
5003
5711
2285
9570
4480
109
7505
149
3431
1566
3370
2972
5240
3306
8613
904
3820
1392
1530
7360
8137
8298
7023
2465
9489
4582
5648
2055
5768
3075
5033
6465
4399
3598
672
8836
5803
4201
6131
7430
1746
8361
8334
5297
4500
8352
4426
8404
4381
6115
9438
7930
9641
9733
5985
6129
3319
4326
3195
3926
8873
6744
5099
6366
8758
9914
7627
9249
2254
8290
609
2209
2044
9425
5512
6820
5148
3994
1356
1684
9218
9375
8311
3561
7987
2849
9960
101
3141
813
7958
8198
3661
1090
9670
600
8634
414
7629
8728
9388
6558
557
2785
2743
9606
7129
1113
5138
6556
6938
9212
1339
9597
795
4117
8425
8714
138
3701
5564
7980
7262
2278
3774
4406
1996
9777
5533
681
7569
3810
808
1952
9074
9554
9348
4857
7834
2217
8309
4687
1069
3094
6971
5160
6591
3004
4544
2924
7665
9642
96
9889
2582
7158
3113
3090
3328
1343
7328
8774
3498
738
7909
2038
815
4898
8124
877
1662
7778
5382
7994
5376
1008
5309
4043
72
1801
6652
899
4016
6068
4907
9774
141
9417
515
1506
6441
4514
2669
1136
9024
2393
1128
4054
4703
4340
7388
4634
576
5536
5526
486
8740
1601
9880
8993
3202
6670
3111
3159
419
4854
5634
9907
1678
7564
7804
6370
2325
1743
5783
32
8325
1723
8616
5125
6214
4900
287
3954
1493
1484
8069
8347
6718
3640
1200
8791
4082
6257
8802
4656
5368
3959
1606
769
7066
2289
6478
6383
602
2565
34
1259
1742
4743
6785
5709
9609
5917
5706
9137
5950
9928
5896
8387
9778
9165
1191
7610
9151
423
5582
2309
291
7412
2606
586
765
8678
8292
3615
3587
9693
2434
7210
170
2789
8154
613
4120
4685
7162
7513
2140
4899
3663
6380
3196
9730
1029
9931
5973
7923
2598
3997
9943
3062
8248
8727
9081
2637
8252
190
8918
3850
6991
6055
6998
2801
1452
5014
6559
4026
4997
712
8722
2532
2243
3341
2199
7297
7482
9183
702
3463
355
356
1241
9857
9793
2654
1635
8525
5343
3764
7463
4679
8405
5129
1598
9993
2401
5551
2564
7537
696
8237
5682
5452
5631
7069
1444
8823
4884
8275
5786
8909
5363
3776
6533
7454
4660
6512
5901
2246
4177
7300
147
2767
6586
7624
5516
3808
6339
2997
2277
8673
35
3578
9715
6891
4011
2855
7077
6901
2438
6316
2655
4557
2281
2513
3556
7322
8116
7813
5476
2011
4442
7780
244
7488
1398
1242
1642
2270
1774
3144
1473
9114
5974
6674
9027
5612
5201
5865
6236
3318
8607
4532
8140
8263
8021
4402
1204
5477
3869
8693
1764
264
2002
3014
5887
5943
8134
6059
5586
3245
5007
64
3747
2248
9301
6935
7858
6178
2843
7441
3860
412
3415
7924
2010
322
7287
3917
1018
16
2797
8683
3389
2632
1385
7592
2963
2869
5288
7871
5734
7774
5465
3738
7750
8365
1222
9827
5971
1692
1403
9917
7887
5703
7220
9255
2614
7772
4146
1118
8139
2007
9328
1849
6017
7701
4529
5511
789
4275
3424
3095
4842
9468
3614
2609
4503
2714
8364
537
547
26
7028
9457
7607
3337
9252
9667
5124
7196
3017
3380
7003
1813
6272
5159
3271
7249
359
9030
8623
6164
6687
5107
4991
2121
3633
6464
6912
4591
757
3700
7148
9619
9744
3946
4194
5389
462
704
3515
7317
2109
2541
5120
8989
9349
9198
3221
927
2893
5276
6622
4769
5843
9098
5319
775
393
3026
9776
4252
5909
8620
2324
9339
2478
404
1224
9691
5283
5668
2107
8294
9939
6679
9273
7781
7474
5317
949
9126
3426
8808
5543
5721
4175
5027
5580
3546
978
1491
801
7650
6199
2440
7046
4814
9810
7591
7103
4638
4185
133
5171
2117
5498
5990
4719
603
1770
4938
739
7491
6224
5170
7058
5532
9731
2018
2651
830
8240
8951
6170
1636
7269
8462
9035
7208
7338
7419
3234
1932
4420
1009
2539
1967
1542
3150
9657
3074
4707
2402
2454
3407
3889
9934
255
3974
7827
7190
4211
6118
5423
2488
3520
7091
1097
9075
2437
4629
4603
3377
3238
9636
7550
3699
9882
378
8931
8749
3675
5216
6181
6035
5184
1585
6942
9046
2549
267
6126
4296
1508
4465
8868
8229
9676
3783
4988
9971
2383
3588
3580
3522
8141
6686
153
7128
6910
6458
5842
6234
7530
375
7311
717
1866
7315
8007
7254
9025
9424
887
52
8552
4359
3883
1447
7825
7444
3521
9895
7713
8804
1701
155
8569
7461
3558
1838
6451
6538
6169
5798
7181
3088
8878
1443
5871
827
4045
4350
5133
4366
1840
2207
8036
1429
8542
7563
4766
3822
5784
4786
3124
8499
8630
8597
9100
942
9809
3364
6607
5773
1917
7539
919
504
9645
5278
3031
9397
6335
6529
1950
1089
1055
9239
2884
9741
2597
7418
4468
6574
750
5633
9532
2660
3559
2023
2835
9656
1900
2905
993
1914
3352
4453
6812
4476
6004
3138
749
1017
9798
7738
6997
6469
9070
1544
4968
7117
4001
2129
4248
9631
9266
6995
1489
8562
5094
716
1884
4706
5988
317
4823
4088
5984
6764
7744
5782
6816
1535
1310
8249
8242
5880
9792
8974
5326
7102
9953
1179
9052
8081
6508
9551
8010
8380
733
8075
3510
9751
8478
6578
1124
6676
5084
1243
9540
127
6034
3687
426
4220
2770
4718
7522
2946
1873
7552
2865
276
9391
3259
6930
3611
6467
2705
1482
8754
1700
5832
8146
4494
4649
7824
9197
350
1588
2094
9563
8486
8589
6860
4242
8619
5873
706
312
654
9687
8557
1963
4498
4662
5556
8834
194
4346
5603
926
7867
2091
571
5899
9874
2687
3589
1824
9177
7662
5765
5606
5560
4681
534
881
6689
8446
3309
4955
6593
8231
5438
5088
1757
2182
2779
2366
606
2397
2939
1728
8415
3803
868
1521
958
8008
8981
3390
6661
5846
2334
2754
5013
5366
3532
9786
9128
4226
3216
2771
2407
3813
4482
7889
2791
8114
6965
753
7108
1886
6089
7452
8998
313
6684
3395
6953
1995
2411
7870
7685
6923
2671
3429
901
208
1353
9359
7042
2321
9436
5540
3034
6184
3409
2859
446
4935
5253
4280
300
2358
4785
6111
8428
8906
6721
7541
8431
9110
2399
8793
6422
6198
9738
9073
438
8427
3486
6987
3788
8193
2873
4429
7911
9800
405
44
2990
1437
9698
484
9478
6712
3911
1748
3243
5725
948
1876
6787
6738
7669
7792
9403
4630
2953
8389
5205
6870
9905
6600
3903
5738
5046
5980
3468
7167
2386
9055
6914
3163
800
4508
3956
9958
7596
5318
2487
1880
180
1541
5504
9573
1286
2699
4871
7830
8548
8492
5279
388
5110
2693
3240
3829
6442
4739
7759
271
9300
1735
9892
4671
5456
8902
5897
1599
2447
1864
7343
9011
315
2230
7688
674
3208
4736
5419
1260
6455
3944
6667
6087
275
5238
3998
964
9152
1163
4485
8203
7868
1744
5415
3539
3545
3637
3817
8296
6505
1956
3621
8351
1725
1072
1625
9057
8773
2560
3251
8796
7043
5362
3210
6195
3910
7037
8877
1245
1273
9410
9309
9280
1823
1877
8731
6746
1194
4158
1922
8965
2805
4883
5986
4901
9975
3237
6690
7052
3382
4791
6436
8403
5910
9031
3809
6038
4464
9620
4962
463
931
7519
213
1733
3148
7836
5418
9515
2376
3512
2941
6065
1546
4964
2599
3906
1994
4236
1971
7165
4481
7515
4456
8851
8948
499
7793
8608
5510
598
5860
5246
1870
5808
581
8518
3331
2245
610
5342
220
940
7191
5383
642
8941
6918
834
1651
8988
3890
345
4345
5699
4676
7506
1373
5255
9005
5457
8316
2476
5805
1818
9471
3250
6968
9427
1464
7644
7950
6200
3739
9875
43
2638
8688
4825
4051
799
1111
4511
4033
6994
166
3932
5229
2242
2776
6285
7848
3599
4425
1378
5523
4929
6535
5265
3740
1820
7393
7409
5855
400
5620
3112
1792
6790
6173
6653
1332
49
1494
6144
6325
5961
9429
4917
3509
863
6859
5464
7929
8551
4018
4144
1805
8407
7265
728
5664
3746
6242
2601
7189
4804
6244
331
5883
305
1561
9217
9969
7670
651
811
8887
9258
9045
7185
2337
2603
4430
4618
5660
6996
7350
3414
1470
5598
810
3473
3668
682
2446
6960
2306
4865
5485
145
4358
9661
2262
3175
2619
4299
2929
6863
7302
8397
5688
8521
2266
2198
7843
3489
3118
6023
3048
981
5392
615
3134
8581
6988
1518
6646
2628
1845
7899
3305
8769
4556
1442
3718
9611
9843
3466
4742
9873
5695
8992
687
5825
8738
5022
3056
4002
4738
2026
2474
7500
1425
1130
779
9090
2194
9863
3757
7402
2415
535
8377
452
2300
2045
318
2097
7736
3119
2464
7375
6866
9380
1110
3773
3187
1724
5461
8152
3427
3057
3821
1052
7414
8509
3136
4451
5545
1634
4583
7471
2672
3440
4338
6092
7010
996
75
6233
6527
3257
3147
7849
7993
1291
3459
7943
6293
5702
7390
4835
2529
8454
196
9032
9837
8117
2803
6566
4039
7369
9178
888
7424
1661
8302
1909
458
5790
3312
7597
5610
1180
2370
4721
1888
3996
4941
8015
80
239
2247
6071
8975
8372
4241
3530
776
2371
4856
7520
1776
8327
8057
9796
1274
6237
9170
2119
4943
2294
5168
2554
1569
8177
2263
1091
3980
6369
759
5167
1116
427
2014
4505
6890
6609
5707
2236
9964
8685
8667
7247
9370
1104
2340
8595
3991
6854
8181
2557
1
8913
2377
3529
5244
843
903
6415
5009
3192
3925
8040
9278
7961
3351
6905
540
2988
5608
2913
9549
9455
3070
5644
5697
3554
2792
727
6701
5810
3293
6213
4753
542
8640
713
6655
8687
500
8206
4841
1393
7098
1348
2501
4
8830
1397
2841
6708
6294
5118
1477
5239
8814
4160
8150
4423
269
2556
9000
2649
5041
2799
2052
2866
8593
5384
1252
413
5381
9707
442
8489
3110
6644
63
707
5665
6026
8460
1613
3938
5243
3454
1384
7771
5770
9229
4518
6780
5123
9753
1777
8247
5960
746
3629
4181
8473
4590
6054
1311
705
573
5678
7806
689
786
4914
1887
9353
8905
4801
7678
4372
9338
2891
7579
1498
9526
1702
4161
4876
8600
7321
5004
8194
8888
8455
8591
7159
1860
8243
2034
2138
5653
2093
7501
5869
595
42
4471
7512
6443
5815
5635
2264
684
5911
3050
5661
844
4053
6798
344
2951
9818
4329
4470
9768
8443
835
6226
7223
8890
6501
1908
5555
3583
7857
5645
6673
9497
9276
4809
5059
1326
6253
8663
5161
9918
5308
9685
7681
1396
6454
7406
7863
7526
6550
434
3371
5607
9846
5467
7053
9561
59
8131
5527
6456
282
1264
4463
7574
6476
3770
7224
8954
620
7391
4149
1220
9277
1595
9007
1488
8645
6952
474
3066
2320
2590
8155
1937
8430
9006
7183
5395
9720
9814
8452
7570
8840
7559
9150
5471
9495
5127
1086
9479
662
1010
1682
2356
588
9117
7882
61
9850
9669
2756
1597
7059
4504
1688
7582
7285
6925
4415
7915
9926
2528
737
4034
5207
6547
2894
7841
9724
5652
3117
1647
3537
3448
1234
5565
3702
9433
4939
4467
2747
8047
5417
2035
852
7969
179
3278
3063
617
1098
2642
5295
955
2757
8656
3455
1618
1583
9633
522
6625
495
6509
6786
8353
4143
3146
3741
6435
5886
5954
164
3882
8341
257
6321
9963
2592
1752
4523
1966
4496
11
529
2621
8711
5675
7787
7279
1379
4318
3937
5685
8110
5072
5414
323
9482
204
5150
4218
1767
9556
8049
1363
8875
5591
922
2210
6062
6493
1590
243
2973
1614
3081
1714
632
1520
9684
4047
4813
7392
4139
5528
9340
8798
4694
4749
8734
2982
6826
986
8371
5156
8165
2936
1459
4589
7999
2420
8013
9819
5731
1918
5196
314
6284
4808
7134
1143
2313
6779
3151
5330
2391
2942
7024
5489
1255
5829
6521
4231
6384
4526
6671
1380
3453
6543
5344
6934
107
6857
366
9913
3001
9919
2429
2453
4215
9758
4386
4274
6132
945
1162
9205
4301
4133
7000
1787
9702
9801
4187
2968
477
7303
3793
479
7153
3444
9517
3650
5426
7206
1497
860
8813
7722
3077
3032
3986
563
9284
3807
9608
7314
973
3125
1225
8674
422
7436
7074
4522
9510
4364
5436
9650
9545
1609
1166
726
9599
4287
4708
1190
6221
1203
3073
8286
6604
9086
947
6955
39
5902
4704
1151
5271
2922
6350
5925
5624
5777
4484
4693
3314
7316
6106
8411
2104
5779
5068
7067
2688
7757
6729
8973
178
7972
4973
7082
9660
3564
6223
5025
8390
6466
3722
9672
5187
497
1240
7651
3291
6211
914
7504
7423
3418
6305
4428
3067
9061
3173
4041
5965
4335
6784
3483
490
1099
6966
5809
1957
5431
4067
4315
7884
4774
9901
6696
9214
6100
8820
9253
6153
8855
6710
9690
7549
6726
4190
2615
7372
4668
295
8464
665
3086
8213
1916
1871
5499
4362
7816
1044
7198
2760
1257
27
3630
6922
6888
977
7714
3304
5529
1555
8085
7357
4745
3563
7944
2574
3678
7917
4384
6049
5468
5198
6803
4827
9437
4337
8058
1148
6813
6961
4055
6777
2021
9148
1016
5728
3780
6289
3819
6220
8043
631
361
7088
1058
5892
1207
8481
5687
5037
299
5267
2911
377
8170
6072
6058
7895
8033
3360
8201
1556
6756
5365
9921
4783
3223
3420
6637
4138
3256
9297
4487
459
8197
7554
2666
7143
6678
3222
1056
1868
9106
2357
7319
1504
3802
9416
8885
1192
8672
3984
5211
6741
7914
9787
3692
7140
85
3164
1279
4155
7510
2576
1865
6537
8926
8303
351
8784
7007
2251
4547
4132
3437
460
9207
4971
9847
9072
9639
5146
18
3157
5341
3837
8655
3235
6047
3480
5799
4395
1857
1438
4183
6398
698
6862
9542
3745
5870
1346
7460
4750
1175
3091
7814
5748
6946
5812
9289
2975
4610
8034
326
9764
8604
7205
9543
8947
7968
1649
9831
2239
7226
7788
5637
8996
4273
226
9504
8084
6154
1140
1355
2498
2359
1782
5581
6979
136
9618
7363
4622
7779
4224
8305
272
7653
2414
219
8320
4723
9845
5401
7070
8788
8940
4209
584
4458
9202
5372
6767
431
9421
8253
8789
3895
4965
9050
6024
2022
2042
7815
9112
2106
8495
4839
2373
686
5599
6258
2161
851
5425
8035
4424
8558
5916
6179
6363
7244
5291
2581
3207
819
924
636
6409
8833
9068
3542
3918
6579
7213
120
2219
645
6403
1551
9367
4903
7355
3902
2081
357
7543
1296
530
8869
6872
5544
358
4473
1793
4599
9855
6904
7636
4655
1536
921
2259
9192
9886
480
502
4957
7739
6299
7264
1927
7370
668
6595
2947
6766
364
2795
7401
9815
8393
4378
2495
29
7459
8599
7377
8801
9171
8844
9808
7106
5058
9135
5092
1135
3922
2644
4398
8646
2099
1479
4214
741
1775
9940
7155
2404
1919
5385
6603
5742
4784
6629
3413
8658
7351
8825
4272
8269
4961
8843
9503
5928
516
3560
1675
4076
8584
4709
5866
8751
3992
9345
6379
2717
2526
4912
9491
8441
4558
9673
5006
5249
4112
1004
250
4122
7218
4927
9104
2208
9449
6504
4178
8969
1761
4648
9695
6775
4031
1802
614
1986
2283
260
9722
4233
5374
4091
1683
1102
8984
2885
8323
2153
2901
428
9179
2727
8617
3294
6463
8153
3695
2388
496
97
5804
9577
971
304
2521
8417
4755
754
2517
9341
8216
1696
987
2206
1570
4416
3913
5272
5554
1694
2179
6355
4664
1375
5052
4244
1666
9402
2189
1144
9221
1377
1821
4923
6301
8059
6511
3891
9146
3725
8904
8679
4710
1431
8919
4191
3963
3401
3854
7583
886
1389
8094
5820
1514
745
8171
9274
9825
9859
7598
5629
2720
9143
9674
9612
797
9727
3713
7157
1160
9358
6985
8606
7211
731
8493
9965
4100
6681
1022
8742
3386
6099
6811
7601
253
214
8762
913
7730
2659
6624
3055
4303
3232
3672
7776
1292
2544
2282
1911
3447
2579
2538
5360
28
1926
1943
9244
4658
8391
2540
4748
5189
4722
9159
9166
1510
9105
2303
7664
3929
6821
8670
1769
725
9949
2697
3728
2909
348
3858
8944
4331
7447
2095
8544
8956
8757
3323
8976
2706
8143
4198
1596
6800
984
4843
8553
5881
9981
3363
5740
4870
2809
6490
5623
4328
9111
4592
6788
7879
908
5005
6598
3317
7716
6978
4666
3384
9807
4410
792
9483
8158
4890
1300
8950
8922
7566
7004
4520
9856
972
8360
5940
1881
7908
8955
2175
9395
2545
3494
7509
5933
9015
2295
3641
8064
5174
2111
6774
9749
4516
1294
7362
8186
2088
3366
8381
6633
8897
9603
225
3836
2276
1745
6332
9354
9821
7952
1499
1003
8660
7301
7478
6480
4790
1867
8695
2668
9390
2679
5233
8262
3348
1539
2552
4552
677
9322
3265
3231
5396
4336
2330
7203
9922
6568
2986
7511
5819
9464
9319
3030
2798
4125
6614
5001
56
4892
281
3723
6254
2352
7933
9447
6856
5430
3003
9982
2201
5934
5520
2961
7551
8945
6513
6717
2443
1334
7851
8504
5227
5904
5444
4981
4447
3236
9233
3083
791
7910
5693
6474
5642
591
9794
2945
5102
1335
4542
5955
6495
7246
7138
3438
4389
6249
1387
4617
3886
5132
4271
2769
2948
2113
4310
777
2646
9080
9944
5488
8987
3327
5874
9485
9973
5796
3691
895
524
9679
6849
6658
4196
7457
2674
7187
7803
3697
3160
2751
7039
7673
2426
5613
9413
5998
1515
8624
6804
9530
4699
9441
4225
2284
7992
4726
332
8105
3246
1615
9040
2412
334
1214
4688
9623
335
6977
9700
8490
37
7382
7768
9658
8637
1088
3396
4257
7433
8893
7141
2234
2441
224
8223
9580
7305
7404
1605
3603
5142
747
3176
6240
8366
3680
4875
102
1434
4683
8930
4295
5179
6873
1001
471
6121
5087
2907
2918
1906
6143
9840
5947
649
2461
1046
146
1923
2115
1850
3078
2640
2394
2162
2895
1451
6753
9412
5105
5473
9381
4577
6098
6957
4289
3412
2643
4401
2847
3762
3533
200
5391
4545
4432
6618
9450
9523
2384
2075
4947
4469
9781
9575
1703
6354
1060
9616
7407
6733
9784
447
7123
6879
151
7866
8159
4305
2380
3612
6256
4891
3462
5311
8816
4756
840
6720
6420
1445
2820
873
7941
5993
4609
989
493
6302
9451
8045
3449
1540
6229
7169
4637
387
8368
580
2879
8215
4413
113
9382
209
449
7949
3165
7752
8227
9044
658
3193
4768
8274
7033
2522
8315
7415
3324
7188
7748
8745
2971
1080
8219
9571
9516
1607
6457
5031
5257
562
9920
481
6122
2265
4136
5230
8497
1564
9140
7631
6279
7728
847
3051
7425
5605
3742
9956
5098
995
6742
1740
4787
2765
5164
1695
4963
6844
2996
6423
1249
1478
3801
6515
6601
2069
1067
6080
2600
4449
2296
9802
9651
470
7934
8399
2569
4488
445
7229
1503
1863
9785
6691
9210
7263
4258
7832
9463
9127
1324
8862
5936
4581
3065
9903
4291
4084
780
3864
1469
1602
8273
2932
5483
4169
2322
2372
8319
8779
5334
1031
8809
6546
1266
2620
1901
9237
5970
6060
7835
4281
197
2350
7479
8612
9640
9318
240
7523
4268
730
8967
4507
3009
6984
8378
5639
7568
1401
5999
9078
6070
7731
3332
8435
1758
2610
1637
1115
4278
7241
9094
88
3445
8362
8258
5788
788
2707
3849
9560
7258
1643
3653
3828
4374
5806
8555
5919
2634
1912
2181
1331
3105
4264
3547
8576
2827
1797
9398
1739
3971
7068
6631
6869
4960
4180
9326
2033
4307
5747
5224
1053
5888
9350
2318
106
4733
3230
876
3596
7278
6752
7794
7332
5409
6524
284
9494
9828
5534
1616
6421
8668
8653
5654
3342
4113
6620
3832
5062
8570
8076
7797
9119
2635
5335
2145
103
1216
8386
2758
5490
7642
648
3308
5266
8026
15
9459
6976
9422
507
7048
3492
6133
158
5493
4300
8990
1480
2573
7524
9916
1169
5945
4368
9209
2253
1419
4460
8336
1441
4348
3567
4572
7850
6101
3945
1629
9858
766
9330
1778
4321
8932
1809
3049
4015
2286
1709
270
7619
9688
3706
5050
1891
8119
9133
7997
8841
4999
1563
5882
2900
8005
5913
6709
4036
4993
1227
21
8317
4852
3976
7749
1968
5701
8550
9129
4164
8070
5756
5640
2667
8911
8121
2457
2764
6916
1485
4861
2163
1902
7935
6828
3474
1559
7711
5590
8790
1481
5853
9426
4667
7160
7666
2168
1142
2137
7547
6882
9313
4959
898
2413
3551
4441
5228
22
3279
8410
8418
8502
4578
7623
8385
7272
3194
4752
7233
2533
9476
9017
4537
4873
6390
3724
1404
6666
2025
1428
9686
7581
3973
5515
7986
5379
1591
319
1414
5428
4027
569
7928
968
8547
4107
1622
7773
9337
5316
9703
2183
3400
9134
9848
1500
5589
655
9717
8924
4032
6522
2898
1587
1646
5630
6967
6606
3636
5299
9682
9315
9132
8563
7420
9740
5347
3782
5411
1817
6318
1930
8807
2546
5893
7281
8614
8299
4074
3403
5690
917
3079
9361
8543
900
316
2050
3154
3716
5076
9652
5614
4069
885
5497
5922
3754
3934
9060
195
2430
8179
9767
7100
2949
6906
3085
2403
9799
6749
6728
5093
2212
439
2477
2818
8285
7502
9763
5839
7878
8220
5836
2763
4419
6536
4316
7660
5758
6993
3814
2059
8052
3303
2127
4652
7149
1034
277
4613
2919
8708
3422
3981
4021
5522
8795
2485
8516
8561
9142
9181
1936
7336
4079
967
1929
7318
6032
6715
3241
2837
708
8280
3156
8312
1103
695
5119
1806
6594
2595
1889
9241
5713
762
4104
6672
1657
8741
3204
7340
6964
4497
9097
1790
6167
5158
7599
303
6685
4259
9664
9977
1011
3555
6540
1989
1526
9362
8413
144
6292
6300
5992
5008
3862
911
9458
3261
8255
5741
9851
3320
8559
7584
6371
1528
6894
1861
4003
3760
8284
9298
4403
9596
8470
5587
8842
4830
8357
4554
6949
5503
7962
4313
4810
560
6166
1603
6022
3505
4284
6580
6783
2915
6909
6850
4009
9036
8172
2361
1065
4866
3421
997
7248
891
2214
9184
959
1440
4886
9709
8534
4553
10
1511
9947
160
6309
4343
1178
9281
6077
7383
9647
3458
9474
4727
4654
6632
5470
1420
41
4859
5349
3479
6940
6218
3428
9950
8577
2745
685
2624
1386
2349
9568
4921
84
2374
8568
9357
8596
8691
8051
3669
7682
4680
5996
5673
6341
3484
8970
9985
6085
238
6163
2808
8342
7942
7823
3719
8444
8164
6425
9746
5746
1686
5650
5754
2080
9488
6907
1093
6801
9084
1737
7963
4598
1325
132
5926
3595
3284
718
3952
5938
2675
1409
6029
306
7333
2934
424
5016
4864
6981
9461
5942
7062
7527
1719
5086
5505
9406
8507
6095
5958
311
2848
6437
6277
7680
7466
3514
9762
2196
670
9887
1592
9236
7855
3435
3262
9547
5357
2203
9168
5833
7417
6336
134
4571
2332
6735
6737
2553
6730
5254
2066
2960
679
8009
2691
6613
525
8048
5900
7663
7699
4573
1177
3179
4369
7938
4030
8994
7746
2057
8601
6009
2811
4746
8089
3627
9393
4203
1066
6843
3794
5989
9213
9172
8925
3006
605
4607
4414
8436
6364
4525
711
5165
6865
1138
2928
3964
8245
7652
1531
7490
7979
6836
512
4216
8394
9900
624
7486
5849
5369
5844
853
4874
3931
8817
4371
1711
729
9852
7807
5176
9826
5063
6002
988
1448
3385
8178
5791
2136
2031
38
3759
4555
6330
772
6388
8750
181
3490
1639
3224
2497
3035
7783
6208
1910
3581
4320
8707
216
9010
9708
1196
3861
703
9699
3098
4601
8799
8479
9099
4792
9272
4879
4953
9941
9508
8582
8313
2737
7219
8863
5251
2170
2875
691
2611
6074
5854
3272
8736
210
1041
7267
2878
2652
884
5573
8649
5361
1913
24
3635
1519
5339
8517
2518
9190
3685
7996
4597
5208
639
8633
935
5927
9001
3358
7720
8535
9307
7130
7396
6664
7578
3935
8291
2663
4195
9056
6407
7820
5509
9610
9043
7717
4665
567
2425
4625
2992
8533
9756
73
4085
4111
1007
4452
2142
8761
714
6704
890
2342
4895
2824
2959
4974
5095
9683
6340
697
6757
4982
6531
2970
8590
3497
7937
6627
1176
7667
294
6377
4251
9594
1783
2279
1759
8138
7126
3419
6
5549
8721
5525
8162
8457
6206
9897
7445
1772
6313
8133
2796
6228
7142
7195
6758
6265
3506
510
4778
7497
2726
3446
3900
9039
9979
5011
3345
7020
9287
8702
3885
487
2863
1446
2527
3878
7485
3958
8346
4367
3471
656
828
2825
60
2937
8928
3927
2176
4349
5671
3064
4535
6040
5625
4729
7041
3350
1302
9243
4317
3988
4758
532
9311
4245
7381
6298
6475
625
7595
3852
8705
5514
3527
1193
8066
1933
2319
2499
7796
2273
8777
7259
9378
9235
5448
3024
4062
1904
5469
7616
3924
1354
8256
6793
878
8772
4806
6373
7029
9101
9448
1416
1211
7677
1582
2676
3846
8927
1121
5163
5213
7632
3662
8554
8433
7756
8438
1874
678
990
8500
7795
787
54
6235
9992
5592
2101
2301
5338
3848
6739
6006
3343
2504
7790
3768
3689
8720
6647
1122
7733
5776
1780
8764
7533
1391
1006
4910
6353
4996
7178
3933
8062
6539
7556
6549
7329
8594
1828
8735
6190
3851
2084
7657
7740
4951
7976
1133
3404
4633
6410
2623
9308
994
251
1854
6093
2041
2647
9016
7055
9893
2730
3571
3478
862
9871
6342
2125
9113
7982
3491
3786
7175
7222
7763
3503
3123
4436
523
3715
2336
2298
4799
5848
8006
3921
5857
9714
7706
1567
5459
6959
7021
3892
7499
9601
7906
4277
5822
2690
6428
5929
5085
8192
7240
3646
6183
2507
4490
9908
6459
8810
199
3743
4770
4128
5370
593
3899
8208
69
9228
6657
5252
437
9167
5458
7967
8468
122
8657
4574
7983
9528
1071
5075
1289
7856
4124
2490
9813
2741
5557
6424
3610
8526
1161
7572
8338
2890
469
4237
1954
1351
6610
9885
123
3313
2550
2612
6073
6175
7971
386
9139
188
1747
2658
4302
7991
9042
3799
4007
3654
