3059
1496
3738
9729
2813
3843
9195
5104
4669
4637
8985
4516
4078
605
1985
365
7313
4845
7382
2593
4584
39
903
7892
2036
7707
6468
6393
3982
7202
9560
4688
5058
7821
7099
4114
3663
6863
9075
2294
17
8684
4249
6238
5604
1510
8815
4180
4727
5071
7959
9239
6756
848
9369
609
5439
4282
8026
9871
3594
8589
3479
4316
1906
3210
6471
3283
4458
6770
7718
4321
248
3466
274
5927
126
8804
8144
9834
7307
9807
4444
5544
991
4446
2952
8542
3945
5510
8205
3926
1636
2955
9431
2109
7935
7395
1475
8587
3608
6178
7963
7759
4408
4687
9096
294
1144
6992
249
594
9981
8252
3265
9789
4711
290
6818
5372
9262
6232
4921
5734
4754
1229
1791
9245
4816
7137
8674
428
7181
79
5422
9468
8014
6381
2787
7078
8900
6321
570
9011
4394
8662
1545
9033
6530
8785
9511
5815
2062
5728
4443
323
1219
488
3880
6525
3805
4474
5790
9942
8791
8647
9471
8699
7380
4167
8893
7385
6656
6531
1752
5646
490
7658
1779
2077
7331
302
9654
1987
4769
8628
9286
5749
5309
4303
729
9598
4054
7742
36
2595
4264
7869
916
6373
5606
1183
5689
2410
5721
5658
2867
4023
5816
7475
8290
7439
8234
1863
482
831
5478
4935
3157
4046
7238
2074
1192
8938
195
9301
5541
4895
8393
1935
298
5090
5391
685
2154
4240
721
866
9285
5144
8476
5929
3398
7949
2240
5962
9850
4477
1435
9212
9671
3426
8378
3546
7246
5082
7015
4094
8994
9505
6159
9619
8952
7625
4353
3025
8209
9418
9912
9634
8750
4002
8964
4839
4485
7573
7356
1008
3870
3875
8003
1172
3246
5296
9399
9338
4325
6098
3556
3623
6386
2012
2824
6799
206
2557
1887
405
1265
3583
1317
9433
8508
4414
1504
4142
8728
4851
5378
1383
6872
5163
9929
7615
4920
1416
6867
5972
1972
2155
704
7124
4208
1422
3512
4
5746
5314
6240
6694
1801
5461
6696
2999
8027
5799
5882
6853
82
4809
6387
7119
5756
5571
8897
6359
6881
3168
6173
5125
1175
6422
492
8444
9499
6281
2831
2186
2806
5041
4668
2644
3066
6744
6899
3291
6175
6532
7210
944
7025
1689
1226
8135
6366
3342
3616
5130
9616
2143
8344
8980
4543
1038
2947
6896
3315
3597
5663
468
907
8777
7285
6842
5222
9008
6908
7332
3142
6764
9205
5568
4143
5047
741
2458
4748
3042
7094
1561
2157
7544
2746
6153
54
5169
2626
9829
780
4069
425
9727
2098
8277
1556
3401
9428
9679
21
6015
1914
1566
5250
1604
5782
3110
1404
985
2153
9779
3698
7743
1105
9320
6088
9314
4441
3625
7501
7922
6579
3960
3076
2495
5826
373
5982
9808
8852
600
939
6714
695
6608
3171
1495
9513
6475
8402
6303
4470
144
6464
4513
1269
9944
4221
2309
5966
977
5393
9658
2205
7730
4697
1814
3101
1552
8178
4684
690
7088
9359
2475
8456
4912
7711
7506
2198
5629
2121
636
3212
2448
407
1141
4999
800
7066
3252
8959
1963
667
3372
6244
6288
6087
8253
75
8079
3636
1428
2695
1480
3514
7111
686
3013
4053
6521
5196
89
3091
2384
1082
4198
5390
6216
6742
1257
1338
2321
9547
9878
888
5627
9550
7578
8905
5682
3014
1410
7819
9811
6930
3821
736
4627
9980
3692
1948
4699
4654
8759
909
5447
4127
5310
8881
2777
4728
3856
7177
9601
7863
5252
8091
9632
205
4450
8854
211
6347
362
7423
6852
635
4263
7582
6241
9734
1007
6813
7770
8280
3031
2034
3685
7192
7563
3659
3284
6263
6806
1113
802
5640
2841
6143
6365
4901
8291
9268
4585
9241
138
8601
1892
9325
3057
4583
1097
6213
2190
7799
6615
978
1592
8548
361
1905
2558
1370
345
7766
8495
95
3758
122
4334
8707
3739
6062
6169
9258
7175
5845
7027
5078
5436
5026
2261
6832
5175
9252
285
4326
419
776
3224
7136
5797
9233
4203
4345
882
774
642
2755
7432
1669
6069
5990
7087
2959
3102
8692
4190
2094
6720
7374
6146
9461
509
1075
8154
6787
7554
2348
8132
9876
5714
4475
3356
6055
9637
540
5907
5066
6214
8726
1062
2556
3286
3966
748
9970
9532
2840
8479
2304
262
1384
8002
8926
6745
8870
6154
5820
7580
5277
8117
8806
8610
6922
1631
9098
9728
9315
6409
575
4677
3029
2778
476
7411
1901
1468
1026
9331
3706
5526
5509
3558
4613
7490
3382
9443
8057
1470
674
2640
9390
3811
8408
5083
4460
2566
1134
4922
4791
8435
4865
4494
6785
9957
3700
9804
2350
3166
2020
4338
3931
8642
805
4201
3301
3904
6152
852
552
1750
4857
824
134
9059
8480
2708
5599
4211
4808
6963
1415
6385
8292
2194
1070
8065
2486
7241
6354
6622
3662
567
5847
5349
9444
9612
6310
4833
1126
2817
9687
5809
2033
6837
7706
6028
6319
2271
8247
3580
943
4331
1663
8832
9197
4622
2046
1982
4875
9006
2603
2399
9247
4231
2833
516
4878
9304
2579
670
8474
8689
3748
9396
9493
6609
3072
3753
480
8732
6783
957
9077
6768
992
4577
5416
6000
3161
4312
3513
8391
455
5559
9641
3122
6327
2195
4918
7227
9935
1361
9168
9845
1960
9703
3936
8701
9978
4610
6640
9857
6085
4578
5813
4437
9292
3326
4483
4972
3795
5515
5016
6247
90
7387
1528
1633
4539
2452
1413
9904
785
1382
3626
3267
3134
3300
5958
2736
7470
3501
9043
4236
2553
5681
5923
1221
9726
724
5141
9153
201
7981
5186
250
5536
2163
7350
3678
9309
8773
500
1366
7820
9018
4766
176
6819
8586
5590
1600
2105
5318
1971
4950
5655
3962
1886
671
48
6207
1027
3245
2389
5775
4016
3125
9171
6113
2765
9849
3947
493
1463
5675
8855
7566
8512
5269
9372
6549
2559
9767
896
7976
3741
9330
9473
6623
5317
5494
6329
7590
1990
3320
9753
399
4986
1505
6042
2665
3803
627
5674
1904
5988
9597
6285
420
4719
5068
1222
7275
5944
6043
5535
8477
838
4896
1880
4098
5796
8186
9625
5631
4698
1614
7023
8796
7832
1099
6096
6724
8246
4235
7923
1287
5356
6003
200
6073
3324
8198
9344
123
5408
2647
1777
4162
4310
7740
139
4887
3897
7004
9846
4401
9830
858
9321
2335
2756
9477
6597
7588
3223
6617
4074
7552
1284
7303
8930
7849
4611
5394
3448
393
8549
9151
2562
1259
6236
4854
2804
3994
7212
1092
2133
2400
8649
6228
7281
4555
9277
6424
4509
7148
2858
8886
4932
7142
6344
3584
9114
1493
7068
3471
7491
9599
9585
5475
9979
1551
2670
859
8812
4995
1227
287
6889
3311
2981
2881
6598
7223
9500
5505
8725
6700
661
7894
5700
3749
4868
9269
4777
4645
8315
9527
4589
3133
7769
9972
2800
2380
1536
6056
9299
6091
8573
4215
333
388
3127
807
5792
7263
7322
2362
4735
6823
1694
9736
6748
3520
8260
5527
4293
5828
7335
5220
8208
6311
5158
8008
5367
5243
2508
6735
3380
9085
7006
849
4130
3367
3077
9710
4425
2263
6838
9079
8362
6403
148
7433
2392
3184
9989
3542
2465
8298
7325
726
8392
8951
8704
879
5695
6766
4168
6931
9725
3932
3823
6784
8333
366
9855
5856
40
9668
9796
2601
6914
1060
1832
6536
1009
9425
8466
3898
7598
4366
2506
6900
6716
1354
6916
7364
4506
6001
2730
7372
6869
9447
6367
8932
1506
1867
2564
6502
1805
737
110
4708
1902
1926
6054
4004
9802
7576
185
7940
7908
7278
7046
3912
1661
7640
3461
9491
5466
2898
6826
9100
3034
9109
7987
9923
4876
5020
9995
3670
2061
5351
3457
9689
703
2978
5499
3454
1915
4835
2440
1838
4281
3729
4663
2083
2322
3500
1079
2969
8496
1190
5199
5649
8583
9696
8472
5507
5963
6846
2272
1352
3236
9700
9991
7926
4657
5654
5489
9747
5126
7091
2605
5427
8709
6657
5139
3369
4531
4357
415
5032
6320
6555
7526
1165
4889
3928
9213
5857
5903
8455
2610
4465
7938
9715
1425
2178
6405
2007
3637
5426
9971
3200
9749
7864
556
4065
1930
8795
6680
3030
9337
9516
2614
2651
3772
4853
6682
5301
7407
1844
733
643
7376
3241
9956
5488
518
4794
1967
5363
8652
3193
9360
4237
9376
4432
6461
3638
8263
654
1826
8104
8201
1682
5382
758
8076
6295
3289
6324
4767
4436
7113
3259
7184
9242
7454
7905
396
9391
6233
7438
5598
8044
2182
1434
833
3170
1587
62
3837
4772
6501
753
899
5922
599
179
2021
1045
6006
8916
2928
7020
2456
5611
2370
170
4478
34
5056
3488
4913
8187
6639
928
1442
7185
2474
7995
7466
5968
5668
1578
9739
6102
6388
1477
5225
7127
4927
9055
6628
2623
6156
8086
3332
6697
194
7324
8845
2738
3988
6847
2794
3424
6136
3722
1006
6998
3384
2627
1660
5449
2009
1004
5210
4299
2998
2533
5930
2521
3396
7934
6543
8936
2211
9932
2935
708
5138
6603
7002
5961
3292
6833
5392
2299
3923
5443
1809
8922
9453
2582
7200
973
9537
961
9798
5811
3412
4076
9792
1396
2583
2223
357
2538
7930
9057
3483
2026
421
7521
6007
1302
7877
6841
9089
7639
612
4039
7254
9661
9746
71
80
5752
5266
8510
2531
8648
8682
7443
9061
971
2563
2503
4104
6767
5006
9563
5345
7056
4670
6589
7251
6268
2169
3045
7499
4036
1093
3165
9141
6353
3431
9549
6890
9343
2520
987
3414
7073
7358
9479
8454
7825
3914
8383
239
2609
9583
754
146
9441
668
6637
7737
5766
2836
2221
6576
4268
5156
6125
1721
8129
3813
713
4372
9432
8694
718
7378
770
1059
227
5624
371
5298
8031
7483
3060
5395
5901
3490
578
6980
3447
734
8763
5804
4817
5630
8164
1881
7301
2985
6814
4843
4057
7704
9984
5723
4998
8644
432
6356
3172
5657
7220
7045
1123
9022
1320
1017
4829
5469
1843
2489
4573
9903
9470
529
9080
9769
3194
4462
1357
5428
8955
2411
2202
5570
4522
790
7017
6769
4267
6725
8906
7102
1251
9475
2433
3853
572
26
834
1072
8388
5913
821
2167
6983
1210
7276
7846
6210
6060
7661
7012
6490
4064
9208
7828
2793
891
5333
2728
8705
5
6145
386
655
3411
1206
757
6104
3673
2996
6218
7010
6009
2179
700
5134
4251
4418
337
5121
7790
192
7362
4785
8275
6117
9094
2267
1780
2919
6107
9806
8634
5551
1309
9217
9403
1879
4387
646
8514
1627
4646
6252
1716
2656
7624
883
6903
3577
1534
6177
29
501
5912
7347
5353
701
5891
247
2280
1657
4218
5272
555
3716
7449
4984
4165
561
6523
2286
1377
5299
4665
6923
3892
5481
7462
210
8740
74
7116
4612
9945
3919
2275
6629
8914
9501
8858
6631
101
9283
2554
6377
5617
1907
4771
5286
5523
8367
2693
613
1358
363
5715
650
1028
9219
6626
7678
9381
3155
815
4123
9861
6755
5180
4120
473
4329
8698
6798
9290
1658
3665
3350
268
6037
8737
3182
5401
8651
4333
4157
6967
6777
8658
3167
7904
1764
9880
5234
3314
9074
257
993
9677
1961
9438
5029
1725
771
6774
7518
7343
1052
2112
4533
7802
8974
7344
8295
1671
836
6160
7933
7291
5486
2686
9254
6298
8007
9426
4575
3083
7604
7312
9188
1414
2812
236
5849
990
3869
2995
5979
835
5094
839
9566
4822
7221
9906
1103
4861
9765
5102
4726
5593
9250
5973
4752
2165
6065
1157
2734
1115
7822
2948
3733
3851
1248
131
1347
910
5305
4658
4159
1423
3078
6538
6876
1866
5161
2058
5667
1336
8944
5323
2685
9827
2055
1389
5586
2993
6885
3334
162
8878
4216
6266
5683
3633
8983
8671
1988
199
1856
3903
5919
3253
7418
1662
4902
3107
7164
88
9805
1049
8111
4569
9576
3256
3381
8194
4738
3526
9799
1986
3124
963
4855
4606
4337
6314
9111
129
342
5600
3955
8139
1011
3810
9895
28
7781
4097
5107
6678
6953
2040
5470
4227
5410
8596
2146
6451
3455
9570
5513
2297
3509
1408
5924
2224
2137
8416
5592
2783
4979
9295
2070
5267
7425
1787
1642
9535
1920
9567
4538
925
4385
6996
8106
9959
6689
7642
3783
6363
1997
9092
4406
8440
854
2729
1588
4346
9913
7377
934
7147
1502
775
5650
3944
6829
4923
7055
1720
140
746
4383
4683
6004
2499
7632
4049
168
5835
3105
7990
1991
8690
4764
6221
6265
7442
3387
9884
3163
8438
5561
4164
2426
5046
6130
4714
6971
3308
4431
9051
6574
4505
7057
1630
4765
8538
3708
5519
1562
5777
8752
8859
1146
7494
9222
8090
5249
4768
3850
6607
7231
6293
3389
7774
3247
9017
5932
3347
3602
5841
3889
9405
2704
3464
972
6610
3857
9986
4011
3330
4488
5064
6496
6595
2852
7219
9761
2050
5653
6068
491
880
6587
7265
3229
9636
5003
3798
3132
7194
6414
7683
3128
2197
3549
7801
4705
8207
5242
2696
6343
7673
9351
3407
7614
4884
2243
2358
3071
1158
1535
8599
7298
325
5992
387
9575
6149
7114
7693
6601
3613
9116
8041
0
5430
4734
6195
9847
8504
5529
4660
3279
6553
9797
6868
1613
2278
6370
3836
656
6964
9003
6389
1889
2333
3511
8341
2653
3968
9546
1942
2820
4903
9907
3718
3477
964
673
7569
8337
6398
3675
8913
857
8473
4324
4504
803
6781
459
8376
9196
2643
367
7334
3207
8509
8157
4749
4700
6260
9004
7488
1019
3621
8923
9106
2631
3569
1073
4340
6355
2545
6583
7232
8727
2661
4173
5399
7348
6710
568
2447
6487
5123
8094
7535
7043
2861
8034
4652
2591
2132
9968
2710
6250
3145
7564
4507
331
1766
6779
8748
4269
3268
5257
1550
2819
2747
6958
1804
7545
7197
8857
2177
8988
1514
1127
9272
9934
869
1490
3642
7571
5916
5279
8492
6974
6685
8287
6675
3915
7824
1033
1069
4644
9455
4121
8722
2727
3115
4897
1641
309
2326
8105
8738
5357
2567
1666
1980
9347
1577
7547
7967
8818
5147
8204
5342
6426
1677
2749
7144
1491
4161
4207
1400
9231
127
2574
1738
2542
8322
7249
3573
702
8685
451
2885
6917
7709
2510
5693
9844
2682
9551
8146
1456
5765
9720
2925
296
2117
121
4426
8000
3213
2139
4330
6789
1397
1762
2004
8882
5846
678
2222
6408
8381
6467
7971
2401
3039
8497
5512
7914
9741
4545
1209
6599
9173
8151
4648
9502
571
8028
4565
3073
9990
1532
6567
2087
8553
9925
2434
3921
6416
4551
489
2158
8552
7776
6854
3322
9000
6309
1754
4706
2457
6892
8419
5074
8070
9631
9322
6533
4824
3935
6211
6105
2739
252
788
2551
7559
744
7755
4776
434
5803
3011
1497
7814
1529
3605
6142
5534
1956
9887
7803
2560
1420
59
5404
1929
7758
1691
3971
8942
5788
3050
1486
692
809
1829
2274
5632
9128
4546
6505
8576
4274
6299
3251
7252
4511
3344
6423
7069
2509
8776
4025
228
6484
3378
676
577
1898
4183
5265
1252
9552
5005
8986
457
1465
644
4679
6379
5409
3985
4634
4997
1185
8423
119
2851
2265
5855
4562
3276
747
8562
8522
5304
5910
1198
5208
9278
9639
9510
2622
2045
8432
763
2976
1262
9162
6493
8150
6264
8143
443
7186
9474
4205
3376
9138
6711
41
3990
2443
9914
7453
7793
9580
4626
3360
7960
892
3887
3705
3848
595
6217
7733
1285
5348
3668
3538
3641
593
8366
1714
8114
85
9976
3002
9961
573
1196
7909
1979
4454
1616
5073
8281
3822
8222
9167
5710
1524
5576
5075
9484
7024
4988
4152
6632
7762
3827
3760
6436
681
3545
853
2863
8787
1063
3000
4247
245
1728
7033
8896
6905
7053
1698
4760
5942
1817
6672
3097
6648
7647
5928
3949
587
9445
2580
8069
7244
5120
1699
4291
7274
4707
8734
9480
19
4233
9088
6318
3203
217
5634
3864
5069
2529
514
3901
2927
2552
735
8430
8142
8851
8862
156
2237
6788
6081
1869
295
8460
9251
1329
8544
6297
7357
1161
4548
4910
6193
918
4480
6420
5538
9788
5569
8348
9870
8085
9386
8625
3235
6670
5522
2254
7574
3214
9130
534
5776
3808
1476
4371
1121
4541
6278
2028
728
4940
1815
4027
5247
9472
2135
8297
3175
5253
4560
8336
6280
9235
3709
8668
2393
5805
4234
4774
5905
7396
970
1388
2037
3144
9492
7126
5786
3215
7261
4773
5967
8856
8567
7140
2515
4033
4534
4558
6441
1925
4140
3208
1436
3881
237
2193
7195
4933
9919
9170
1237
3510
7847
6331
8009
9889
1500
1150
215
7753
4378
2608
6827
3402
2253
5931
5887
8075
2504
2273
4732
7985
1001
8025
1567
7763
5511
6348
1444
7691
458
8565
2111
528
3019
8622
241
3339
1322
2249
6660
5858
7229
5514
2641
8646
7651
6947
9545
1785
1941
5892
1012
103
6180
1910
9073
3445
7929
2834
9782
2633
1280
8354
2414
8351
6808
3032
5457
878
2352
2032
3065
7150
999
5383
3260
3354
7384
2122
1453
2449
6058
8718
3877
5500
8767
6817
180
6893
6727
6902
9675
9025
6604
1851
4266
4031
5182
5485
1327
1275
684
86
5933
7222
5361
2203
5605
1810
2523
4090
8030
7901
9785
2889
7081
7830
1643
3768
5019
7587
2785
4527
582
6512
1426
9681
6959
3865
2166
6743
4820
5260
6938
462
2873
8838
3835
7162
5112
6882
13
8933
6941
1916
844
1110
7687
4100
4258
2418
9204
9345
2220
4633
2961
3140
4253
7646
1430
3639
8550
4616
5331
8458
9817
5476
3615
9699
596
9311
7591
7898
6279
1962
8635
5148
693
7876
6110
9139
460
9809
5870
1303
2821
9762
8478
3035
9786
5564
6340
3765
9711
784
3846
9158
7498
1040
7785
579
3941
8084
2325
8584
6713
6167
7016
6246
4133
454
2141
3840
9544
6131
1371
954
3863
2019
426
8774
5921
8283
1461
6634
9348
9037
5403
9099
4759
2402
5501
2902
5294
5183
8557
7473
526
1494
9125
6950
8592
8355
7810
3024
9931
2915
2982
1424
3964
6013
9603
3364
5964
9594
2493
7075
2126
7444
4105
1957
9237
1940
4158
2436
1071
1380
4987
7414
5867
150
8526
2296
6578
3434
7172
8174
1546
5129
6339
8134
4412
2053
2160
9412
1571
7941
1323
2413
5491
4239
1197
8386
4722
825
3830
7917
5822
6413
9868
5690
3491
5662
7570
2991
5176
4597
2277
6103
4783
8764
8433
3874
1363
7052
9097
3359
3399
8627
2612
7198
4476
5741
1639
968
2342
9312
5200
4438
5316
7105
4166
2394
7500
5231
8708
7321
9317
3683
6057
4028
4713
1871
2387
6573
6822
3318
8924
8470
3946
4834
1560
6664
5956
2796
2331
73
8826
303
6968
6580
3562
901
9379
4827
4928
6188
7474
1610
4866
2674
5341
218
5842
4115
4189
5206
1159
3041
5832
299
2502
9104
6875
8532
2501
8919
2701
6647
5154
9526
9674
5597
3258
8468
4129
8112
1573
3507
1264
4617
475
9740
5420
4063
6121
7682
4219
8271
5165
7965
6194
2403
5429
7697
5679
7417
6655
5677
1301
9669
6661
9365
5732
2636
384
5983
8921
94
7297
3413
983
938
5328
8546
1917
7712
8606
5784
9494
9293
2849
1634
6050
631
2619
9555
1136
3079
8182
51
1122
2445
6267
6438
8256
2120
1061
4464
9815
4075
5303
3410
5549
4083
7860
7189
15
2658
8901
5177
4297
5878
873
9054
5686
496
5424
7236
5802
3896
8844
4128
6970
8891
6026
4695
2719
9449
7290
3929
9459
5338
7705
2064
4271
9134
4795
7915
8285
937
3609
6063
9023
719
777
6254
6802
5465
5719
2349
8160
5332
9086
8274
6023
463
9166
5583
4379
8192
4890
4956
1934
3096
4238
269
6972
7178
6522
328
6569
5628
9966
4125
3884
7541
9417
7408
5095
6918
2047
8860
9132
4192
8663
8395
4643
2063
9147
8691
9732
5530
4852
8660
7911
3277
8216
8554
7980
5290
4870
1096
6012
6390
1076
8214
3780
9009
1757
9629
7354
5321
3141
4961
3055
1107
5344
300
1705
5017
4828
6304
5774
5274
7311
8213
1893
3855
5043
8841
2629
4680
9918
8017
1339
8051
9133
9512
4072
8971
4974
6642
9534
1782
1091
1709
1117
8861
7839
996
8463
4556
9446
6792
2438
2176
9946
4442
1781
9977
1611
6124
5952
5343
5610
9394
1454
6477
827
8346
7117
3143
2422
1102
8907
6729
8624
4242
4931
497
6590
6810
2974
7509
2065
2680
4529
9896
5385
3740
9164
3953
5289
9035
9875
2930
6874
7174
3867
6286
1031
3130
53
224
4369
5707
5726
8653
1789
5781
8272
7962
5262
9388
5678
8957
4050
5251
5639
2102
2900
2845
680
3541
9754
980
5925
2828
5659
7768
2923
6491
317
2980
7800
3979
2119
1835
5467
4495
7340
8517
8560
8245
3543
5339
6683
2239
2784
230
8502
7326
8128
7224
8409
3759
5131
5072
8771
965
5787
6668
9466
5213
3983
5118
4010
4983
442
3674
2192
4305
7218
2763
1946
1171
6989
7714
30
2024
851
7982
6771
3462
7277
9039
9150
5633
116
6528
4099
1409
6242
3505
7601
3331
2770
623
6134
2544
1086
6552
2839
6858
7968
7037
2922
8505
8407
660
7013
7589
6895
9784
3786
6870
5881
383
1474
5697
2300
1848
4196
7430
6740
6182
2405
332
5057
7778
92
1523
6469
3108
3005
2760
2586
183
4846
9218
2960
8830
9367
580
1114
9692
6243
6860
5084
949
4290
4758
2742
8165
5034
191
3819
4091
7240
2498
2829
7389
6472
9695
8451
8010
9053
2287
3415
2408
372
7883
5396
7692
2364
1290
2196
2368
14
7029
9701
8746
9069
3521
9288
2347
2396
2572
4832
340
5092
6811
1553
9901
1606
672
402
1840
5620
4975
8545
1722
4717
6939
9246
2056
8327
6109
7873
3667
9488
4374
2607
3015
1540
2180
5376
4963
752
1993
9666
9659
1282
6141
1674
5172
3908
5103
6033
7636
7732
2256
615
976
6035
2745
8058
2123
889
2892
1707
149
379
6937
5986
1964
7379
4080
7811
9374
4453
9227
9584
2879
267
1911
5093
9287
2319
1230
5062
7028
2454
6985
4206
7970
6684
8695
2124
7196
7419
7952
7886
2356
8436
9607
5971
826
3711
4377
517
9434
6231
3368
2439
3264
3782
1632
410
481
5575
6474
4594
3756
4792
3913
2478
2896
6115
766
8379
1958
4879
7983
5965
5773
9439
1970
5388
5730
6831
46
3417
4547
7271
6933
4089
7163
698
5307
7813
3696
221
5614
4521
9187
4103
9964
3094
4400
6453
6308
446
9469
133
6548
3933
7107
5205
662
4784
2681
8621
4175
37
3942
3614
1427
5456
2943
750
4058
8617
6919
6859
6184
9234
2751
7549
9256
2138
842
6979
4328
1703
3082
3365
2507
9240
1401
23
8639
1654
6793
4457
1034
1056
723
7001
1581
8984
4468
3552
1089
6480
4112
8686
8374
304
7477
7558
5127
8717
1216
2000
2208
5791
5533
8817
9181
7431
6059
3135
2725
4392
7128
8109
7657
8251
5603
8259
850
7641
3244
4007
8048
5245
81
4339
4877
3997
2136
2768
9803
9214
7531
637
7050
7653
9714
8769
7964
2571
1010
1224
1593
3484
5711
52
5588
1090
2442
9860
3016
8834
6361
5137
8833
315
6425
3800
504
6790
7455
3876
5441
3604
5853
8591
9611
6274
7724
8082
9833
894
6277
2379
5539
5236
4260
5055
3278
9281
6473
5794
3547
1702
2639
1823
7752
3217
3730
354
8629
8219
7728
1749
2140
6593
9649
1790
4199
4358
1217
7816
5897
9392
4306
5698
1481
3728
6174
4823
4872
6086
7237
9529
9163
2357
7352
2526
5492
154
4512
9774
5970
5626
3117
8821
339
4860
2882
2048
6786
9842
7676
5848
5238
2485
5258
3704
7671
3068
1341
3341
7034
2406
8493
764
1806
5665
7648
4095
7092
1795
6935
9856
5758
3530
9371
5793
1077
2110
6038
6698
1554
8323
7487
2911
2270
1120
4842
3026
4741
6606
8118
8909
2692
124
7880
3885
2766
9165
8607
4807
1234
2754
6190
5190
6002
6253
7044
3494
2215
2266
4424
8766
2585
5293
2469
2577
3540
4838
808
6565
4224
3186
6
5566
8753
6952
7765
7514
5572
4804
9568
4411
1437
3370
6417
2798
9506
4951
4651
6795
2014
7528
1741
9888
8943
9071
3972
5991
350
8953
4615
5908
65
6625
6406
8373
9326
4623
8242
8131
9255
5795
6237
9590
7607
8313
7388
9211
188
4107
9420
6616
9818
4724
254
7450
4380
108
8404
8155
6259
453
8177
4087
616
7848
4947
3624
8
908
3689
3802
2584
3202
9828
5237
7906
863
7734
4149
3567
553
3027
2926
3482
6776
7720
1574
5823
1512
8018
7605
7082
225
7686
7493
7341
603
760
2972
524
7318
7460
1800
464
6092
2635
8742
5362
5276
8361
9263
4116
9894
9143
4276
3195
8793
2383
8540
7367
2217
8739
2423
962
2416
6658
2463
9517
4501
2897
6418
8385
1149
2337
1586
6199
7529
6556
4528
8089
1635
4967
397
2336
7242
5193
5989
7375
9579
1511
7336
1177
2691
8781
4473
4618
2460
8577
2822
5181
6498
9193
6443
7701
8365
9839
7120
1449
2428
7337
4786
234
389
1187
4576
9
5827
6070
353
8203
2487
161
2934
8910
6843
647
5613
955
7039
6621
7510
7594
2453
2459
382
931
6479
5373
3766
5518
9336
648
8877
4536
5865
3940
5540
6261
8305
9201
8046
2654
8364
4836
9355
5498
9885
8566
997
9410
5670
449
1421
20
1411
8772
1058
2106
7041
4779
7689
472
7468
8811
8745
9721
2565
1667
275
5554
2365
5877
1253
1346
4226
4102
2488
7771
6734
8424
1193
7736
351
3838
4246
3657
1131
9048
982
6072
6894
8613
1597
4871
1999
4347
2367
6284
6547
5435
1276
1530
5716
5136
5868
5996
6911
7899
8678
4756
8888
4355
8730
4590
4122
1418
471
1952
6482
7086
306
6614
6891
4273
5477
3468
5355
8946
666
445
9083
2328
271
1054
7754
1873
4917
3784
6282
135
4676
4924
8561
4635
5567
6850
324
9129
4797
3581
3048
9724
1609
5063
4139
1013
5187
9595
2575
6044
125
4150
2353
716
3348
3328
1903
2537
6066
6581
9243
7329
6646
520
2666
5810
3095
7262
3721
5751
1922
2874
8093
2990
4071
6122
7870
4113
5302
506
2415
1395
3717
5687
3531
8534
8464
7913
487
3617
3593
2620
311
544
508
3965
35
6702
9883
2320
7920
6990
3506
4800
6920
8824
5300
5900
7557
5904
5874
9016
8073
7076
3893
5883
6432
4342
3669
1620
4781
503
745
1700
1995
9987
2113
4248
1518
1162
5327
3651
8632
3270
265
9110
2862
7844
1443
2015
2437
6750
7621
6368
8664
8415
7404
8120
4970
7835
9090
1095
8039
6705
7170
6399
6708
5217
7675
3886
3916
6690
6932
1981
4373
2549
9600
444
7879
6372
3418
5040
6435
8066
6332
1684
1998
6077
5608
5295
1111
791
9670
4662
6275
4770
9333
98
9081
8077
117
5760
5387
6219
8406
7644
7925
4636
924
5211
8147
759
6301
1331
6718
6224
6276
1947
2743
2721
871
2801
9041
8977
7519
3571
1067
7054
6665
6836
8446
7525
8062
1629
3302
8519
3894
2846
5920
2895
563
1394
8655
3090
5168
5915
6913
2318
890
7360
6503
8296
4685
8265
8539
1715
7853
7672
6514
5111
5914
7961
260
576
8490
9161
380
6404
6659
7868
6204
414
4755
112
862
9613
7115
7944
22
663
5733
4659
8441
4948
3522
9476
6271
2262
9621
7750
1024
6225
9072
8665
9781
8572
8885
6165
9879
9440
3998
9135
9652
400
569
4021
7630
4968
8744
214
9742
2568
8228
6856
8425
9587
3273
1688
6071
6362
7435
7129
1167
9523
5953
2425
2159
9541
1900
157
6873
246
8016
2997
1542
887
1378
1088
8716
3476
5671
8191
9026
4489
8036
6445
5098
8529
4810
2573
5876
3734
4188
1943
525
9559
845
5091
1112
8418
3640
8558
8286
9117
2060
1637
8171
765
2096
7266
5557
2471
3632
4976
7123
8814
7201
8338
5340
3254
8185
9437
3828
9424
6618
1607
1784
3735
8626
8967
969
947
8863
9780
2461
550
4729
3428
8397
6763
8792
4435
1747
4146
5079
7746
3303
4934
1119
3618
4469
6067
1837
2500
2869
9001
7586
3272
1247
2740
1318
7893
3871
8620
6619
6157
885
7513
1559
5701
1927
8847
9745
4193
9673
1448
4077
5052
2306
3918
1271
8278
7655
9306
9177
9623
1686
7293
8137
3450
4135
1744
167
6008
2107
1818
177
8960
7804
1179
6100
7402
6439
9210
1755
5235
3778
9319
8506
2860
2513
411
6442
7595
5691
1724
8513
3695
171
2599
4605
5027
4519
7872
1406
6144
5045
6800
5209
884
1462
2482
7157
1653
5725
8119
1884
5080
4461
956
1875
6440
8731
2218
2250
3654
1488
4811
3504
5044
2711
4909
8316
9052
3420
798
9124
8645
6728
1489
8516
49
2872
4693
8481
5713
2655
5748
1603
2857
7
1659
1968
8181
7538
4204
1525
4600
1894
8325
2467
9060
4047
5368
5282
3978
4005
9266
9191
1132
696
7891
7945
3290
1050
3089
3138
3337
498
6326
3844
9036
8780
7946
9378
2496
3391
9998
566
1044
5263
8775
874
2206
3293
915
6384
8334
9223
6454
4661
9751
9249
6415
9702
3620
6878
4223
554
2938
2660
3839
9936
3497
4349
438
4496
6481
6960
2662
9853
3225
1771
3109
1362
8072
3984
3336
8969
5595
2212
6118
2570
7966
6975
5463
253
2073
9565
2535
7543
9997
3747
1590
9389
6600
9706
7289
8537
2937
6857
6986
2013
2293
318
1792
8754
9297
5419
1492
4352
416
4790
7815
4194
9406
448
2546
5450
8681
4780
6334
2842
2709
7556
2103
1742
6205
2744
229
8450
3684
2802
6695
7731
7670
841
2100
3568
1860
5638
9622
4911
8197
8148
9614
6090
7782
6925
6809
105
8356
6904
4402
7602
7843
1965
2830
9663
6554
6845
5015
6864
2547
9787
9838
3375
8258
9922
2412
519
1232
2909
4544
3731
2338
5010
3316
6644
9495
66
6611
6701
7757
6203
4671
1324
3319
4360
5578
8293
9407
8570
2086
1326
6270
2068
1379
44
7226
981
9656
8237
6747
1977
2994
7841
5204
3600
5108
1292
548
7527
8244
9329
1241
8206
1041
9182
8929
8136
5398
538
8453
3595
9452
212
281
9496
6934
7713
919
3986
2847
5320
9401
204
4762
5974
632
9478
4467
5831
358
3585
998
2883
5692
4880
2718
9019
8302
4037
3451
4702
100
5152
6588
4499
8511
1319
1841
5995
8875
2950
2786
4841
3943
843
5088
322
7134
2602
9533
6594
2354
231
1457
8467
5954
5067
3793
8459
2864
9952
4375
8390
3612
5059
3098
8059
6485
9816
1712
8840
9852
847
1646
369
5417
1932
2741
9530
5297
2376
2606
8641
8170
9664
7079
3635
4445
3895
2330
7316
474
1039
3517
8714
7833
4482
152
8231
4029
4867
502
6866
5022
3056
418
8807
7664
9897
2207
8462
330
669
5124
1021
5664
3523
1029
657
5543
8375
1821
2295
694
3475
5275
8060
9146
621
2219
7089
813
7927
5619
4782
8037
9230
9120
953
6191
6166
2789
5546
4179
9184
8605
5806
8991
7796
4220
2771
4108
5455
261
9093
682
6382
4428
4041
1862
4309
5188
9040
2634
447
5879
1656
4472
6654
6957
2311
5259
3599
9954
2664
4481
2359
9419
3736
4692
4673
6546
1163
9646
6504
7133
6715
9581
8657
549
5825
5202
8525
948
4757
5585
1181
3611
9368
9463
6027
2561
412
1758
4410
1737
4561
2378
7633
9707
277
4593
1294
5322
3377
8083
7560
1733
5946
1696
2228
3907
8021
3295
4869
4111
7338
3204
8981
1106
4314
1783
4574
945
4701
4830
4045
989
1519
585
8377
7234
9346
8822
8243
1293
6649
4982
3422
6688
6752
3349
5483
9793
5712
3671
2432
5423
810
1813
2251
958
8947
6202
8266
9021
2624
2832
1392
5917
4308
3425
6991
4163
8950
6489
2722
2737
6245
8670
8786
8098
9199
7007
6307
5155
8783
3239
4619
3688
8267
5976
1064
3831
8013
6376
9973
6687
3586
7310
2525
2855
6910
374
9958
7862
7729
5178
9489
5109
5985
8619
4620
8311
1148
9078
9790
5747
1625
1472
5412
9275
173
3563
3043
653
5937
6251
1135
1617
6269
6048
1365
6158
8360
3237
9982
7448
1030
906
4946
3222
1877
6839
9357
1053
1896
6189
559
6129
9380
7947
9284
9014
2884
6596
466
7299
2079
9947
1648
7725
8582
8124
4000
7537
9298
3752
9606
8239
5171
6021
9778
2910
7080
9007
8892
2970
5031
5254
9993
6292
767
6024
8760
9604
707
7403
2762
6031
1016
7637
5030
1624
6738
584
2308
1390
1759
6155
5358
9289
5170
1283
8611
911
9776
3745
5115
9490
5000
1393
9653
5311
7536
3939
4587
9593
4255
1412
2688
1531
9207
9916
6801
3909
6208
7951
3047
4186
9773
6692
4694
9364
7292
5270
9757
5493
4026
2191
7834
3218
1288
6305
2260
2283
6633
9031
91
3351
9975
9814
6545
9274
3818
8127
3996
8314
7617
1836
2792
2886
3980
7458
5415
6317
6563
7282
5997
7942
8422
5830
6138
651
1897
6717
3882
930
7597
5472
1214
5778
1213
5517
164
6290
7179
4715
1289
9103
3559
8236
2386
4761
786
1568
3956
5229
147
1305
9937
1569
5727
8816
7070
1753
1921
4814
7042
2917
6749
4725
7180
8612
2673
8809
1065
9948
4650
3038
1937
4736
4191
238
6754
1576
3774
2735
3492
8321
4210
1170
4397
3516
3226
2344
2377
3178
165
6197
4110
2189
5473
2856
3338
9462
8898
5212
2298
8975
2366
2125
9615
9635
8012
5086
8225
9610
470
1513
7207
7327
6123
3744
652
1375
527
5560
9843
3199
8675
9291
7171
7522
1304
5013
5836
2244
5065
8063
3661
429
1949
7030
4440
2095
4743
143
276
9538
3148
1668
688
9244
6150
3770
7650
2772
4493
9118
4085
9694
2532
4174
3627
7319
2226
535
9921
4989
118
9608
3427
3679
4908
7717
8029
6834
828
2404
8040
4197
4154
3036
8306
3905
9685
2484
9758
2837
875
5854
5283
2235
9010
8413
9353
6584
9029
3261
9498
293
4674
4138
8240
5053
5012
278
9648
2236
3860
9928
3159
7259
2355
940
7986
2446
2173
2941
3682
8823
9589
8782
1334
7243
7495
3362
7359
3660
349
4858
1919
5312
3702
7611
5453
2417
1015
4261
2288
8535
2676
2313
7485
4390
1386
5149
3006
8088
8672
5284
4292
5157
8067
9058
310
9672
2588
8794
5464
8970
4718
8703
5313
832
2334
2329
9730
3902
4320
2285
9712
266
6666
6095
198
9783
7851
3872
8250
8173
392
5215
6924
4586
6704
3922
3973
7386
8631
2097
8223
8982
5768
4259
9047
966
2888
951
7957
7047
7756
8184
5601
8602
4452
2284
5194
5480
8825
3240
2340
8585
8579
1859
305
1708
4588
8190
4275
5951
2678
6855
7225
6993
7684
2395
1337
7523
1533
2887
3814
5939
1228
7572
9340
2052
1316
4051
8447
2255
9030
3879
4753
8074
9215
4888
2717
9748
377
2625
1665
5291
3776
8130
5652
2899
7145
6227
2866
715
291
5547
2057
2901
3198
2431
8937
8503
5884
7248
3304
3963
4398
8530
8235
1108
4503
6667
1508
7680
2170
2628
6239
1579
193
5132
2966
2805
3900
6517
712
9924
1895
8249
2518
2809
1180
1583
7062
1734
6945
3883
9667
2536
1487
226
5941
3548
3238
6014
2816
1608
8449
1563
6987
860
1717
3676
8990
4449
8788
7916
5203
6897
5864
9318
7895
1743
9836
4848
5070
7486
8331
1191
2183
4514
2187
1035
3058
4740
4322
920
1261
3271
2716
8261
3366
2481
1564
8966
2302
4639
301
3383
542
3363
7190
3917
7280
4286
1098
5216
4214
9898
6737
2346
6977
8790
8033
8679
7009
5750
6577
9228
6229
3037
7440
4018
1794
4407
1460
1831
347
5504
9260
7496
2477
7159
4396
7101
264
5495
3981
7035
8227
8998
422
4530
5366
4170
9582
3533
3028
3242
8941
9999
8756
3020
1655
4937
7471
3469
1555
9421
9370
6022
1267
115
932
6459
9450
9840
3535
8370
7747
280
3777
7829
1825
9226
120
1202
8054
159
4813
5761
2650
8042
6529
9361
9155
4945
5893
2054
1673
10
2466
7401
7353
7098
4631
7279
7393
6627
6457
8483
2312
5545
7890
3446
3231
952
8115
5553
2958
6736
4535
6994
8342
7489
8962
8884
3927
2175
1679
8035
9062
8038
1672
8749
8469
606
3974
3151
3485
3298
7060
8156
4030
1992
3762
436
8294
77
2505
190
8724
3653
6821
4070
4484
4723
7452
979
9409
484
5860
3228
3560
6452
5911
4419
1291
8609
9279
9465
431
1864
9750
9644
338
1124
4926
4386
3842
4106
3216
9556
1760
1431
9202
9662
5370
720
6185
6662
8232
855
9743
7626
4883
2130
2327
4737
7932
2753
3269
4332
8100
7818
8850
9812
591
2615
801
1680
4653
2795
5672
984
3515
4789
7011
7721
3327
6328
6041
9680
9481
222
4628
2788
2733
5957
6017
1296
8116
2084
8719
9759
1268
9152
1883
7520
3325
6272
8465
8528
4067
8317
9520
6248
2942
5438
5703
4323
5482
4430
3697
4568
3007
3493
8471
8666
283
5648
3948
4641
7918
6612
3644
4283
9536
8999
289
9335
6011
5007
5371
8169
5192
9886
1022
5099
3317
2450
4393
2227
1140
783
6898
2156
9772
178
2479
8581
5166
292
6877
522
9259
6148
1676
4384
4526
604
1769
960
6537
6620
7878
8491
539
4906
9107
9159
1974
5346
216
99
2850
3282
740
9819
3652
6585
4881
3001
27
9185
5042
2759
2398
3529
9573
2920
45
2174
6349
4567
31
868
8328
8248
408
1874
1037
64
5460
1369
6289
6978
3099
4368
7048
4873
3197
2965
5337
4265
3458
5096
8382
8700
4510
8810
7635
7540
7791
5960
6378
9122
739
1713
9571
4614
9180
4132
7447
5789
499
5740
664
4497
3147
6803
1447
2245
6306
2939
2257
3788
9908
3969
7187
5814
334
2592
6812
8053
7666
5049
4020
6940
4081
7907
2679
1833
5162
2870
1376
6005
3460
2954
9280
7308
7204
4336
8761
9553
5004
7852
336
3952
829
7083
4647
1055
2988
2825
1310
3004
6428
7854
6571
4973
820
1350
1599
8600
3394
7233
7381
7645
597
7103
4806
1687
1584
4399
4362
1372
6407
5308
1572
5023
7888
5754
7168
4831
5413
717
5669
8939
7257
9027
8797
2332
2303
1585
3164
7031
2528
25
683
1254
9189
3743
7710
2590
3227
4689
6825
9693
136
2044
1208
8387
9436
7429
7253
8233
946
837
3761
4805
787
6084
6513
9985
9334
5906
2807
5524
7629
7845
2880
2279
4348
5587
8578
6760
926
1043
4710
4938
4656
7504
9854
7884
3686
6693
8677
1544
423
8976
9253
2823
7390
6209
1199
2233
9950
427
6575
1678
5969
6291
1306
7939
5146
1612
9953
3601
5894
1580
7461
8176
5164
2953
8866
4500
7182
5708
5105
8309
2491
9719
6676
5077
6025
6364
5468
5226
7788
6534
8138
2142
4416
8487
413
7662
6681
4463
6083
5886
9294
5661
876
1650
6995
2648
4625
687
1156
8001
781
3408
7333
5268
5448
3459
7067
1250
3234
8683
4311
5244
1286
8437
4964
5484
8712
1888
3787
6883
8571
5622
7735
5330
5285
4747
6338
8324
8784
5364
307
2030
1931
7287
2492
9963
1882
545
3262
7511
1085
2975
5160
2305
2314
7400
586
1087
8996
7855
6116
2209
4319
8141
1772
4579
6561
706
8588
7018
2092
7465
7213
7881
5636
1954
2918
1740
1808
5239
11
5872
7542
5278
1845
7405
9705
3070
6325
530
1281
541
9308
3693
1537
9657
1799
7638
6346
8993
8431
7656
2534
3196
9398
8303
9264
812
5008
5940
327
6249
8045
6447
4456
9771
6907
5106
8820
3440
5479
5407
5785
4044
7539
3920
3606
1527
3137
8229
5581
8520
7139
2114
6880
5696
6669
4904
4907
2118
9303
3809
7294
9691
4327
3441
1723
8126
3790
4404
5264
7787
8475
398
3429
9070
7760
1557
8175
574
9941
1865
1909
3878
9352
4592
7269
4144
6357
8282
1549
1498
7467
6478
3575
6316
5287
4959
341
691
4798
9858
5506
9558
588
904
417
7780
2791
5612
4557
6099
3519
8123
4826
3751
4015
9638
6127
9716
7794
9708
5840
772
1751
4156
5028
8004
6061
9824
1328
9596
6235
5151
3719
1025
6703
9044
1558
6497
7806
6206
5037
9504
3104
189
5565
5142
1727
6973
8284
7110
4667
1670
814
5807
3220
4666
6492
7524
6572
2128
1128
9387
1756
7355
9588
3737
9909
533
7239
5431
3257
251
6966
7296
9562
2984
5580
7412
3152
7817
9660
3049
4675
8358
5490
4812
4035
7108
6215
7193
5038
7708
8340
2642
2973
4672
5616
5531
2848
5143
2031
6871
1277
9864
6394
7368
9005
9539
8928
7660
1129
8320
988
1683
8188
1279
658
1765
8050
5024
7109
5984
9393
5374
1945
3209
5769
6465
1842
4181
3888
5772
5834
3470
8874
1243
8864
5153
5228
7840
9514
2539
8329
8828
9794
1891
4930
7665
8273
3169
7777
9402
5798
3150
8887
727
823
8895
6101
1349
2667
5880
5742
3930
7581
1763
2039
3847
8575
9261
4778
6722
3891
4690
922
406
6412
5949
1503
619
2512
5189
9200
8837
3680
725
3230
3443
2041
1023
2018
1858
1231
7371
4200
3192
4862
4153
6586
9869
9791
7690
5680
1681
8958
8680
1345
9618
2451
1478
5771
6815
7628
590
2699
9647
6133
9988
5943
9186
4403
816
3807
8189
6926
3453
9891
3713
5281
9698
6613
1955
9960
6460
4899
8615
4182
5197
9890
581
8183
7284
914
3189
4062
6921
4178
2397
3816
2381
3806
9713
6508
2844
4252
4351
8965
3720
6828
7741
4040
7230
1539
7972
8420
6333
5025
6064
9366
9893
515
4280
4819
4745
1256
6949
3373
9148
9763
7167
9554
3724
7131
3158
7654
9899
1184
5256
5114
7681
8220
3080
8808
7989
9169
5384
6730
9967
6128
4739
5060
297
2317
9056
4241
6527
8931
7410
5033
6988
7328
2003
8427
5386
4992
5744
3499
4523
1803
8400
7264
3123
5717
5739
5783
5705
3154
8011
6861
3433
4287
9066
197
5753
6034
3854
5173
7061
9938
6135
9042
743
5442
4415
3715
7021
3754
3179
921
6171
3726
4649
7716
2127
2905
469
141
2147
4086
9349
9752
3183
8636
4356
9435
3664
974
3534
8099
9144
2421
1973
4244
1203
6449
5418
2890
3550
9082
3250
203
562
9627
5899
4682
3815
819
232
1188
8865
8879
7551
8429
3647
270
5117
2914
9460
840
3131
8758
4733
3643
7748
4141
3570
6140
3390
512
2810
689
5365
5839
3449
9422
8917
4171
5232
1312
3648
2578
3833
9034
5981
8445
440
6515
6946
4257
1235
2185
2369
7874
8521
2799
5821
2906
2078
7700
6969
4367
628
8723
9442
7950
7579
1482
2199
6719
7779
441
8108
9327
4952
7058
2774
7865
3707
3430
4359
6663
8831
8326
5977
5902
3710
1811
7856
7151
2131
8735
7977
259
2001
4925
5100
7481
5021
8869
7482
8527
7826
8241
6470
9531
6506
381
5851
3040
1153
7592
2720
7130
6524
3423
1526
8940
3374
1692
2924
359
4629
2581
5087
1118
233
649
9633
2713
7562
3112
9316
3655
4405
3255
547
4955
610
5724
3991
5889
5895
3950
865
1719
4006
792
1151
3075
1298
5833
2945
9933
3084
6510
7351
6709
3419
8068
7850
1854
5709
5292
6723
797
9267
5706
3645
6342
2216
8697
2230
2540
4202
9282
659
3796
72
3544
3313
8656
1195
8043
3989
8802
3358
6097
4101
4363
1966
4750
618
3305
732
5487
7436
9764
3119
1711
145
877
70
8927
9076
5955
4284
187
1693
1522
1645
9414
5319
6942
5644
4479
755
7032
3797
1360
9800
8949
3062
272
9655
3804
3263
5607
523
7250
4350
3211
7978
2723
793
4048
6119
3646
1516
1509
3763
9038
761
3353
3970
2808
1467
9194
8121
3825
3361
9154
4042
5818
424
6560
6120
2782
8162
7568
3009
3781
7072
3008
5737
7399
8350
7315
5195
3120
1685
8597
4996
3792
378
344
6312
8693
5446
2168
7837
1046
7074
1455
7616
3537
7369
8661
5036
817
9451
7434
1944
9102
2600
5081
6112
3954
6093
6164
7267
3146
3564
8765
8095
2269
3021
9095
9723
7596
43
6797
1433
7366
7764
6176
7100
313
8580
4376
7550
3463
483
8107
1731
7008
3421
2016
6341
9548
2712
4518
8715
5150
4801
67
630
6078
9415
450
3699
7138
6541
8006
3054
6851
312
8414
1145
8398
8803
9113
5637
8569
1201
1746
3274
7112
5532
8262
8849
8211
1351
4096
3622
182
6888
2859
4993
7476
1020
8972
2241
7505
202
4570
7323
8092
9067
5089
1374
8226
1778
5159
1200
6835
3139
8078
7634
4254
1466
929
1218
7339
9236
8159
6564
7974
7882
8894
1083
6222
6673
3561
2838
7565
5861
3310
4898
5271
7659
8434
1166
9831
3294
8488
3329
8081
6079
1923
9192
5625
1984
1344
355
9605
9229
8669
2962
7577
4746
1300
5061
6651
3397
5414
5779
2042
69
3
3176
4540
8590
8489
1260
3899
1464
4502
886
7014
256
2093
2596
9540
8757
8443
5434
3852
8688
3299
3555
7889
8819
153
8486
4953
2956
8052
9430
6686
4563
9628
1857
8202
8920
3444
2072
2075
8301
1348
1155
3590
778
1440
2424
1626
9220
9362
7775
3400
2707
9112
872
2008
1732
4034
9385
8721
8218
4471
5918
2638
2188
9955
8024
1969
3890
1695
3588
5824
8289
5800
4012
5230
5001
6108
6466
9160
5945
5051
7719
1638
314
4024
1849
6605
7422
6691
4821
3681
5214
6507
7715
3379
7365
6495
5224
2480
5221
2144
1387
1295
5808
3473
352
2435
1405
7026
2541
3553
348
4433
5497
4134
1928
2983
3173
8779
1768
8741
5240
2946
4391
8345
7283
6395
5452
5402
8778
9172
1297
2490
5573
923
5635
8196
1003
9620
4559
2407
93
6437
2957
2444
8319
467
7805
7739
2875
5563
8428
1168
321
6168
1953
9467
3100
8417
7546
486
1432
4195
7807
8368
9509
9332
3712
6928
7948
3160
1000
9310
4088
360
5116
2668
8798
4642
2949
5850
3406
1589
2323
6335
2341
7456
390
8904
665
602
5594
3656
244
8264
76
2604
9684
9917
6520
8805
4572
3233
6516
4151
8563
1819
4601
9821
7866
5574
4066
6183
5474
7603
1109
2099
1770
4335
7623
2200
495
3018
6456
8880
9203
1989
9020
7875
2933
6488
8452
8751
9969
9307
9486
6674
2865
8426
9296
1850
2441
7698
9356
8667
7427
5018
1745
1452
4954
1036
3866
1485
5347
6039
7512
2088
1225
7445
7861
3779
1356
2151
5584
4278
4361
7036
3610
7667
284
9738
3129
3773
9507
711
8145
8654
4885
1249
1501
9198
7051
7479
3746
286
130
722
4364
796
6550
2115
5135
1959
3307
3297
5993
385
2694
4962
8335
5838
6147
24
4936
8574
7515
6848
4929
5014
7363
8842
9175
5405
6731
370
7063
2371
8359
7620
9940
7674
1359
1936
1321
7391
7084
9564
1307
3565
3010
6137
6196
7838
9456
9209
8598
5445
6758
3190
3285
1706
7627
560
2172
2826
4060
2390
4487
8421
5548
2597
96
7612
5451
4277
7071
3357
5699
9825
3868
4803
1520
3480
4187
4301
7085
679
9626
1704
9411
1846
7955
3162
9731
5615
9305
6419
1343
5437
7273
6172
6380
4681
6226
6201
8623
2731
3757
2025
8485
8889
7373
4313
4498
109
6773
1220
1807
6712
7723
174
4270
1483
4957
8650
61
856
6082
8363
714
2210
8541
7812
2316
2657
3345
558
4354
1355
6410
258
1084
6463
5987
1242
9524
4942
3033
1245
2767
7669
4704
2089
6759
8394
3409
1104
794
6981
5801
3386
2645
3820
933
2598
6433
1223
5745
1078
2611
2977
9221
9015
7345
6726
3824
6757
5947
1775
7428
9068
3333
617
8702
1602
941
5718
3177
6884
3911
8687
742
7003
639
1591
9915
3074
2385
6739
1178
4019
6951
9519
9837
6732
4874
1996
611
1619
6820
4914
114
9910
2587
1690
8257
7887
8019
7214
6170
2527
4939
5085
1385
1852
2908
7097
2971
5735
638
1094
893
710
3817
8594
1595
7270
7330
4447
1870
2259
6961
7421
4003
2646
8149
8616
6542
8618
4222
7858
4607
1244
2162
3592
3566
9377
1812
3116
3591
4017
3249
738
7823
6163
7610
5219
1398
9992
2234
8401
2468
6927
3554
2076
8087
7900
7943
629
5223
104
2301
6568
6111
3834
9591
3118
4486
5537
8501
1266
7217
368
3628
9065
6462
9867
1855
5837
900
9091
8987
2375
8499
9902
6707
2555
7472
6862
4304
235
6844
1830
9866
7988
8637
1878
6733
7600
3785
9820
8989
8954
8799
3232
4209
975
5852
546
9354
8829
8915
9737
142
1212
9458
7484
2145
3578
7808
3051
3275
2464
8524
6778
4552
5660
7118
6427
4059
1081
4429
3371
7413
196
9630
8255
1644
9881
5179
1335
3481
6635
3658
1330
3666
2907
273
9905
2248
6255
513
4595
4709
7342
8755
4084
2134
8371
9688
3503
9874
3801
8595
9522
8713
7517
4413
7255
7928
4288
510
6283
4949
2827
2419
7346
4073
7158
6944
8498
1057
2835
5389
641
8411
5676
6302
5076
3335
3677
9232
6641
2769
8448
3456
730
3081
7575
3687
9508
2291
7773
6257
4148
2043
3528
4847
4172
2116
9140
1048
8846
1774
1311
6052
8101
4250
7169
9341
1899
1182
3052
8372
4712
83
4061
9574
5097
1918
9733
9718
1101
1204
8515
3999
4840
2051
2913
6849
1628
2690
2530
7516
1367
9974
2281
3022
8103
1246
7183
536
8339
5978
4245
2519
9863
1570
2671
2181
6114
677
5525
6179
7132
5757
645
2022
2621
4977
1116
7508
3789
6375
592
598
6751
3023
6396
2868
2761
5819
6794
7618
2229
7464
4256
6780
8836
1729
6901
5528
4532
213
583
9024
9515
640
5122
9323
1994
2613
7005
7608
4381
8789
2005
7370
5577
565
8536
4056
5755
1047
6322
3416
6954
6212
2940
589
1143
1718
6391
7141
3767
3085
9651
155
8125
4571
4243
3993
7999
1207
2382
9930
8199
1582
7040
3732
3248
5050
8396
4155
4980
5462
6032
5521
4295
4849
6020
4941
7613
2292
461
8332
9273
4109
4300
2904
137
8195
1521
1074
7397
4915
9602
6699
3086
7567
3185
401
1885
8020
8633
7155
3188
7984
9686
5866
5039
1429
5647
8518
7809
3321
2017
3701
3452
6840
2726
9483
7584
6943
1773
4751
6358
7585
1142
1186
7827
4678
6313
4919
564
9525
4856
7300
3114
2921
9358
6018
8533
8288
9271
160
5562
2388
5174
3191
4052
8238
7745
2276
7956
7258
5738
5938
9176
1
1479
1152
326
3343
107
8032
2776
7749
4228
6936
6677
8945
3496
452
7143
7685
2006
3634
7532
128
6976
7416
1601
4302
3630
7208
7426
7606
4184
806
5377
3873
1788
7994
3113
2351
4117
7897
8161
9375
3826
8733
6909
6886
1002
2108
9342
4344
5896
3572
1130
7726
4068
3961
3576
3959
8304
6094
7783
8152
6411
4744
7286
861
2027
6476
5702
1548
912
5643
9063
2242
6300
7191
6539
6151
8180
7161
7703
7921
8911
1381
5780
967
3607
6431
279
7789
4818
9423
9892
8482
409
5255
2968
9823
5926
2706
9683
5980
3438
1308
6080
9395
8706
7272
4427
6040
867
2877
1748
4599
375
4720
9413
9427
6200
4787
437
4863
8800
8835
3281
8172
1827
2150
6643
7093
2617
4370
9145
9775
2700
2081
6287
6045
4799
8312
4550
6551
9777
3582
6220
2702
1938
6775
3799
4603
5503
5602
7979
6429
8005
6956
1441
7104
9216
6671
9028
1051
9206
7153
9949
4217
3064
7663
6879
1939
4119
9013
7699
8403
4317
779
7314
5591
2876
8543
2035
4958
7000
1868
6906
1154
2455
3861
7166
4422
4632
1332
5508
4905
5829
6929
6256
4038
2878
7304
6016
3976
4638
3812
5817
4664
3046
5354
4991
4965
3925
9108
4043
5863
5685
608
8061
2149
3088
7744
7958
3771
1469
8254
6323
2637
8995
5425
2697
2951
2252
5763
5048
531
3794
8022
994
403
8873
7409
430
1164
795
9416
4285
5375
8352
6509
2630
335
9994
1313
620
1816
6402
3288
2470
3906
8461
8343
2231
4580
7534
6296
4882
5844
6273
3467
8992
7065
2360
9810
2184
6544
6074
4225
1133
8494
2963
5909
5998
8762
9862
1983
6187
5859
6350
5397
4978
5191
3063
6761
42
220
7152
5609
2659
936
6955
2010
3769
789
6369
2550
7406
6984
175
9848
7361
113
4893
1189
8369
4230
316
56
7154
5888
5720
2071
2715
4439
2757
5502
1739
9156
9872
3574
3603
2748
601
9046
7973
1451
308
8956
6582
6518
9383
3395
9709
5589
4525
4421
6046
3694
3536
7121
376
8640
9841
7668
2618
3691
7188
6401
456
8279
2569
4082
7059
9497
2430
1978
1459
2663
5261
2790
8330
8630
5133
4763
7349
6830
4126
7902
186
8055
9645
8902
4423
1824
1391
9650
9665
8110
3977
7478
4630
7459
2522
3742
9965
8973
5596
3385
4554
4229
5335
3181
1834
5444
6746
4022
6796
346
2324
3103
9178
607
8908
9592
207
60
2462
4515
9101
6679
63
2752
1238
9105
4294
479
2779
5621
1701
4793
5688
6494
9485
5582
7038
4608
243
9404
2214
3180
1507
7317
3126
2483
8747
675
5440
5762
8638
625
8163
5459
5520
8500
181
6721
705
2893
5011
5898
3557
5496
4365
6753
521
2932
7931
7216
7912
8064
5233
9482
6446
3967
6807
6230
8457
9487
773
4624
1736
6483
3995
2164
9248
4176
9676
7215
319
5743
6636
1547
1640
2473
8405
1675
4517
7211
4542
3532
8047
4985
1068
3495
2282
6591
1797
2472
1861
3727
898
3714
4844
8318
2361
8168
9183
6706
3003
4549
5770
633
7228
1473
8559
7415
3296
9032
3439
4960
768
8122
1761
4581
9123
3306
4524
5871
4900
7954
32
6198
2373
9801
7761
8507
9328
4994
7457
8113
7649
7599
4566
2524
3845
2986
7619
8867
7593
5119
1543
7885
2085
3340
8673
5869
6824
2764
2391
1615
6294
3067
6602
7135
1139
8097
5454
5552
255
5948
2171
2247
8384
7992
8890
7751
9983
5764
551
2780
3121
4691
2289
913
2781
4850
184
2815
8158
1176
8925
8307
9270
6526
9542
3775
9926
1417
1596
5862
7688
435
9822
9877
6430
7492
3442
8711
9350
8556
7156
3987
4721
9149
7722
9457
6019
6161
7090
4596
2929
6630
3206
8347
5656
942
897
9313
6997
9324
132
6558
4537
9859
1565
6915
6076
8720
5400
1278
3502
5843
5812
6234
811
7702
7096
163
9339
8768
2989
478
2497
4602
6645
2090
8903
2
9951
8357
1018
7583
6650
4459
927
4981
6804
18
6049
8593
2677
3201
6336
8963
106
3205
5673
7677
9136
2011
4508
7903
1515
2714
7857
532
8102
4491
3392
2213
3924
2705
8080
5306
4943
3403
9384
7786
6448
1169
9704
864
4788
3508
9142
6132
7969
8071
1315
4298
7910
9300
9302
9397
5128
3472
3934
8676
5009
7936
78
2409
6816
7106
1726
6371
9127
2814
5350
8871
749
5035
12
3111
8410
995
8276
8643
7149
9760
1342
3791
7077
1538
3221
4145
391
4796
1822
7859
1258
7991
4118
3596
3755
1270
4272
804
1796
7738
4604
7695
9943
7398
6652
2871
1419
6397
8380
1236
9682
2684
8736
3355
7320
4775
3436
2339
7652
1776
7975
9795
1623
8484
2979
6352
7993
7997
5241
4395
3309
465
9464
9962
7996
3287
4703
2268
1908
8696
8839
7767
5516
3910
5248
543
9756
5950
3346
7295
2067
2246
3938
8412
5110
9577
2310
3598
3725
4802
158
5054
5360
7622
7679
2987
1194
1649
1439
2059
4825
7463
5381
8310
7451
6865
8221
5207
8899
3017
9920
8224
5380
2894
1402
4389
9126
9050
9064
7203
4009
1890
1239
1205
4696
1798
5935
1403
9717
8230
4837
9002
1014
7696
2258
8883
4490
1471
4492
1652
9257
7507
4318
6181
4640
7631
5642
6051
7937
7792
6351
7548
6791
7260
3393
7125
97
5421
47
9697
5101
3093
2967
4886
8353
3951
7160
8614
5359
7867
4008
7302
1446
709
209
3487
6126
6999
762
2750
9939
6566
5352
7309
7561
7503
9363
282
2543
2148
7953
5579
6075
6400
537
9586
4971
9882
1847
8961
7772
2516
8523
5458
6653
3432
818
9454
2773
2429
1255
8300
7199
8268
111
7305
395
3975
6450
7924
6540
830
5246
6782
1517
7394
6047
6345
1147
2703
5432
7420
1621
1793
1450
7306
3832
8603
505
33
6535
9690
7919
5975
7176
1622
4815
935
5280
1137
8023
6360
2104
4730
4892
6139
9826
769
4455
5406
9851
9609
881
9640
5556
3958
9174
1325
5759
2101
8968
917
5736
485
2698
288
6592
3044
9224
8868
6383
4262
3219
2069
2675
697
68
3149
1828
3690
4032
2944
9408
4307
9179
8743
4990
5326
8872
3069
1767
3723
2315
9722
4289
9012
8801
5558
5198
950
3187
8604
1484
4864
3280
1138
4315
6772
1913
58
6030
6741
4131
7842
6223
5288
3539
4409
84
5890
394
433
3323
4448
2517
2912
507
7446
4213
3587
3703
3527
1368
2632
3619
9813
4591
1499
172
3518
55
9543
1263
3136
3859
6458
1876
895
1605
7019
9873
1445
5885
7896
1125
1032
3465
1618
4232
1399
5645
9225
8770
2775
404
5185
3437
6805
1976
8555
3849
9755
5722
8166
4137
4451
4609
3498
8140
3388
1647
2290
5002
1274
4716
3489
7795
3106
7268
5684
2514
8193
8056
9521
4966
3053
8813
7173
1975
870
5873
9518
9617
242
7247
2818
6106
8439
1299
2797
4001
7497
2129
5218
5666
2931
4582
3631
2916
9900
9265
4420
2494
8710
5729
4014
2724
8843
622
1950
2903
8399
2002
1173
494
1594
6053
439
9865
9735
6392
5550
2238
3435
5999
6499
3589
8531
2091
8200
4742
4564
4655
2964
6036
2204
1042
7392
8049
8659
2687
2476
8853
8547
3404
2652
1458
9528
9121
1802
1100
9400
6519
3672
9624
9766
8729
5641
4686
5767
87
8179
50
8935
4343
1174
7555
8015
905
3243
8210
2936
6948
4185
8096
7694
822
5140
6186
902
4894
9238
7256
5731
223
8827
4147
2669
9768
6192
8308
2232
2594
1314
3629
6559
1730
3957
4212
5325
3750
8948
6562
38
4891
2548
7836
4279
557
6089
3174
8876
9642
2843
7553
1438
4916
6010
9643
3829
9996
3764
102
4093
7424
4382
9115
4169
8608
5994
3649
614
169
5329
1240
4553
1575
6444
6511
1080
57
9770
7383
7469
7502
7288
5623
5959
8349
6315
3937
364
4466
3474
1697
7727
9744
1211
6638
5145
5471
2683
2374
2201
2891
6262
7441
9276
2372
9832
6982
9572
1541
3312
8153
9569
5336
7205
8997
7831
3486
2420
240
6330
263
9119
5555
5411
959
7165
3858
9373
8568
9157
8978
2225
699
1933
624
2161
166
3862
4598
2307
2264
2038
2511
9448
3405
3524
3551
3525
4341
9045
1273
2343
8912
7095
219
4621
7798
3650
4944
2576
2066
731
3352
7209
1353
7530
8167
8918
799
8215
782
9429
4388
5167
4969
6765
8269
5542
6912
4520
7797
7022
1407
5936
2689
2363
6421
6455
6162
7998
5433
5324
8299
5651
2672
1839
1272
3266
9087
2811
3992
2589
9927
9557
7871
4160
2803
626
6887
2049
6486
3012
4079
3478
5227
4434
3579
2616
4177
4859
6374
7206
2853
4013
2152
3061
9578
2758
6962
2854
2029
1710
1951
3156
2992
1340
8212
3092
5379
6624
751
8934
2345
8551
6258
1160
9561
5694
9137
1005
3841
6557
1333
1912
9382
7122
5875
1233
9678
2427
9190
8217
7146
7049
5315
16
4136
6029
7480
511
2080
8133
6762
3153
5618
6500
4124
1853
756
634
1786
2023
7235
8564
7643
8442
3087
7784
9049
2649
2732
7437
356
1820
5334
5201
2082
9084
1924
320
5704
7609
846
1872
343
5273
9503
1735
5369
1598
4055
7064
477
4731
208
986
1215
9911
5184
4417
6434
5934
6965
1364
1651
8848
4092
8270
7533
8389
151
1066
329
1373
4296
6570
9131
8979
7245
5113
1664
6337
9835
