6273
9357
3765
23
5518
3546
1370
9187
7897
1237
996
9229
2738
6960
311
5354
6102
6872
3343
8272
2205
3062
1334
2839
356
5853
48
3867
2799
6003
9014
7338
2918
9720
5382
811
5655
5614
1409
4044
6824
9334
2686
6644
6171
4686
2339
2085
5830
5365
9282
6361
6372
3248
5088
3319
6494
4333
6509
8591
6904
9632
7004
8705
5919
2134
5460
1733
8460
6232
7690
203
7902
4731
1203
4573
4893
7438
7029
439
6028
1061
8060
5929
3635
9613
6085
9534
5009
9963
7536
1468
4579
9361
9251
4459
965
489
3169
3153
301
4345
7651
8586
4884
1996
1728
6438
4450
4252
5826
5485
3985
3083
1792
5560
9266
7799
6410
6711
1255
3034
5516
5135
9919
64
4008
6392
5435
9691
5817
8969
6736
9915
6639
5247
8530
5303
4585
2355
7787
8168
640
1779
6002
2105
9829
5320
8333
3562
9308
7102
4604
9491
3298
1913
6350
9268
1391
8417
177
7375
7406
7280
4045
9216
1835
7519
1619
3769
6014
9230
4904
4887
1122
1233
5127
7990
6256
1734
5150
990
6648
8954
1222
7535
8920
1519
4468
1609
2734
6541
328
2262
2072
6239
4813
9537
6862
1950
1415
7585
1556
6543
1304
4817
7528
4739
737
9819
7760
2891
2888
9272
4717
2584
7567
1721
7146
199
7439
1503
6103
8478
9539
7302
2870
9061
7614
3445
834
2863
9497
2077
8813
4051
2679
7319
5937
6082
383
9453
8543
1423
1320
1060
2757
9692
7838
4624
9794
6355
5890
3255
6026
256
8736
2475
866
1068
2830
5187
7460
7601
1241
6263
5171
2571
2307
8497
2066
3464
8228
3815
5716
2370
2634
1590
6932
1540
5956
5944
2402
7531
5583
6426
9060
8755
2180
3087
2965
5671
2399
3915
1544
5177
8803
1893
412
3991
7143
3448
1866
9193
5487
2789
7808
2559
1373
3829
9711
4655
8853
9680
4944
418
8179
7541
6528
8086
1806
7059
4356
3584
8323
2076
5728
1499
5918
5646
4537
3493
1312
2225
2566
4024
7871
5291
8070
2004
2823
4799
759
9839
6134
4465
6828
4975
3662
2838
2547
2892
6222
5390
6228
8488
655
34
1067
6422
7582
8420
9477
592
3023
25
9726
1894
3969
2635
4695
5432
1690
2111
2333
2067
1406
6962
3700
1107
9116
5409
180
3519
1815
3570
4026
5589
7671
7050
636
7722
8921
7032
5945
9548
5486
2248
5437
9231
6809
4146
94
5138
7317
9448
6363
3115
3618
3524
6954
4998
3020
7652
8225
8539
6378
2200
881
6016
884
2864
9643
977
1653
7786
2907
6683
6668
5207
9641
7482
2108
5892
6186
7703
3451
8930
7282
8750
6308
9120
2591
1392
2611
5363
7726
6015
6484
9832
3070
6323
9242
1422
4940
858
853
9808
9728
9305
7755
4086
9115
7851
9474
4702
3093
2785
8564
1525
7424
4761
4673
855
5845
1158
4116
3362
1738
6811
2543
9219
7668
1263
619
8483
2263
5346
2753
1688
8379
2141
7523
2553
1379
5070
7219
6397
3803
1921
1318
7578
1712
2413
3311
3703
9591
5581
9419
5120
6672
541
3594
1900
8241
1131
981
1366
2039
5285
2161
788
902
6629
9481
405
150
3346
5465
5348
3477
44
1229
5709
348
7658
7495
7310
8632
9220
6834
6607
6182
8386
8303
2783
6036
3276
9313
912
2862
5704
4122
8449
6296
2159
4896
2493
8066
9472
9493
3653
1907
5991
5786
9082
7727
7622
3393
9284
5112
6551
7003
2510
3836
6049
8997
2706
1177
1583
2101
8366
1659
271
7046
1578
5430
5982
9704
9731
3887
5174
1408
2503
4890
8222
8796
7967
7001
4811
1713
827
7581
3984
3514
1134
1127
1759
2453
417
4549
6505
5532
3916
8958
7625
6248
6595
501
5901
1374
90
1380
2791
7212
9114
9614
1196
4060
8217
3299
389
3656
4560
4058
4590
4515
5373
4232
6730
2710
8932
8792
5462
7343
9418
535
8619
919
1116
564
3517
9848
7817
4596
4541
4607
1290
690
2018
9452
1488
9807
3561
9261
8278
3705
1960
1930
5025
7920
9222
5417
5407
7956
7847
5113
1274
121
2582
135
3690
621
8683
4905
1766
2362
5569
4964
7520
7669
7309
3593
3702
9010
1210
8411
7047
1614
5843
6154
7859
2458
50
769
1932
304
6407
9508
5979
3735
133
491
6558
2636
1825
321
8643
7412
7477
9018
9471
7979
63
8106
905
435
5282
3174
4546
4377
7607
1119
3869
974
2536
240
5921
6751
6249
6647
3490
1707
6671
7493
7613
4633
767
910
3013
2964
1337
8220
8346
3341
4436
7946
5387
8831
9025
658
7909
7131
6661
930
8005
8680
5149
7593
3784
2560
3961
6120
4685
2228
2365
9756
5399
6883
4494
4707
6104
7628
9647
7798
284
4153
1113
9095
6295
8672
6037
3812
9769
2975
2776
1922
2196
8120
604
7952
2901
2663
8445
3041
6221
2201
3895
9360
8990
8899
7544
4828
9180
2955
8269
6351
5920
6566
5031
8325
8924
8105
2162
3139
4392
844
8456
6436
3532
2788
9774
6742
9670
1456
9870
1563
7965
1266
590
6909
4599
5679
4073
8152
8658
3118
5766
3907
7034
274
1464
6822
5602
5513
9596
1323
5699
522
7043
9844
1362
6945
9574
7148
2949
676
2534
8112
1491
327
4658
8072
7797
2025
2146
7932
928
1282
3967
1595
87
2147
3347
8286
8709
5101
4362
7907
814
2668
8367
9798
9645
7341
1570
7564
6326
883
8441
6959
6466
991
6775
1514
8799
7181
9776
8183
566
8686
8991
8607
7517
2792
4127
2915
696
1764
5751
9927
6716
6614
8124
9063
6737
2548
5102
580
2802
995
9500
2359
3509
3549
8178
4955
4995
2594
3957
5499
1508
2346
8652
4772
9286
7910
9252
4173
2222
8467
3059
6247
1641
1217
1953
3801
9617
5490
5863
7580
1253
6637
1687
1359
157
261
5389
5803
9933
9778
9801
5459
5030
3339
5442
3795
3717
8292
3766
5355
7721
7014
2232
3683
5678
8452
5210
5351
1929
6561
9420
6035
1878
1186
4304
7191
6857
2692
8962
6676
5494
9856
1857
2834
6279
2118
2406
1821
7122
2558
8537
2906
5001
5144
5054
6055
8260
5217
8671
1621
170
2371
5279
7455
6923
8691
1826
9623
2064
1330
9395
8936
8992
2326
9396
275
2767
7513
970
3342
8617
563
5851
8869
5791
6761
3689
9008
6965
2614
7533
479
4962
7196
7696
3441
6532
6615
1078
1407
9075
1261
4941
3408
9437
4015
1019
4620
8516
2737
6370
4525
6329
8655
1489
4790
5578
3597
3728
9962
5297
6051
726
4907
5739
1995
8714
1643
3868
779
4448
4022
3458
7257
8056
5302
1299
539
316
2693
8364
3709
6947
59
7234
2291
6849
1977
7878
2937
1790
6512
2917
623
7634
8893
401
3095
5347
516
3976
3771
6318
6340
8130
8117
6525
12
3064
2259
7739
130
4897
1231
4562
482
2519
8261
7000
6755
2509
9530
414
7258
733
453
8487
6479
1093
2695
6070
4214
9542
9721
9285
1013
1338
3734
8477
7177
4539
5575
7825
8266
7708
6478
4334
1205
4594
1047
512
2848
5446
6613
6468
2699
9435
5695
7801
2387
1433
6127
4487
2759
1934
4832
6025
119
9217
295
3995
7156
4830
4531
6271
8391
4458
5358
7085
8738
5366
5158
3131
425
2806
2312
3990
2435
106
8902
9762
3541
9519
4792
7877
5531
4367
3437
2733
6936
4900
1126
4611
5093
8275
2327
3424
1637
2095
5252
972
7785
3172
4836
9987
8891
8933
8175
2239
765
6818
9260
7112
5326
3677
8321
2574
8777
5404
3486
3587
6132
3452
1303
5562
2372
2488
78
1351
1794
6812
9377
6714
1549
1693
1201
8616
4857
925
8036
3614
8996
2836
1469
8143
8084
39
2243
9926
1036
6631
5190
6149
571
7416
8423
3954
4143
9734
6678
8882
2999
8397
8370
2557
9814
8926
8706
587
8544
3936
1568
9834
567
4055
3165
3105
3215
9584
7666
4
7225
3117
5637
4762
9633
3989
8704
6325
227
4193
2088
6873
3156
7591
9743
5276
4529
8205
4485
2036
2768
6899
8923
2896
1220
5548
849
4909
9906
950
9889
7914
5917
2285
8916
4048
2773
7166
1634
5182
6636
2238
2092
2098
1968
968
5731
9712
810
5610
2026
7575
9821
5981
837
298
7094
5933
3515
7401
6321
9765
1187
1522
1655
371
9322
2083
272
9413
9290
9247
3455
9245
653
7396
1368
7506
6360
6906
7357
5692
920
2709
9866
2720
9214
5362
8765
8263
2308
3589
6774
2554
9179
8800
3889
8699
2078
7058
5507
1625
9836
8522
8156
5214
3623
3892
8123
9362
3772
4810
5599
1670
6443
4586
3188
5007
238
7247
6684
5266
3205
3944
1214
1618
1410
224
1949
4476
9034
9246
649
4838
9826
5371
5431
3113
1144
7013
9630
7670
3716
7087
7993
6254
845
9782
7417
1509
2317
5864
3938
6414
5672
4204
9176
6861
9144
7356
215
5767
5691
9867
5624
672
6688
5511
5553
1988
9136
5703
2080
1057
3061
7109
6404
6151
9802
4819
6704
1775
4824
8998
9789
8284
6193
3091
9899
9509
9587
4224
9244
8973
9124
9373
8298
1828
7626
2552
4393
9610
4182
4039
4007
6709
2302
8730
9194
2629
1314
9173
4188
8821
11
6740
8947
1788
9380
4932
9354
740
7769
6169
3807
7346
4978
9651
5948
3355
3314
2002
540
6987
4384
8888
8451
9744
6432
5677
7339
4845
313
613
8376
841
9905
9825
7389
600
6212
2038
3637
7901
528
7370
3404
5525
4912
3266
5859
7511
5888
5238
5469
4843
7853
2276
5071
8340
3793
9950
5640
9615
7103
8542
673
477
8200
3894
3761
729
4911
6700
8479
4800
2524
4050
155
694
6390
5357
836
6707
211
6674
808
4109
637
1135
7718
3063
4430
8598
1003
4946
9148
9928
2696
5471
3301
3583
8121
9858
4080
2351
8287
7010
8814
122
4000
544
1696
7643
7635
8202
3906
1345
9112
66
7345
9076
9999
2508
1781
32
1876
8136
7151
978
8609
254
2174
9816
6118
3510
5724
9038
2121
7441
1400
5213
1279
1292
3181
8377
5084
8053
1599
2606
1802
9581
4378
1575
3001
9249
6206
524
9168
9948
7685
4243
8108
4463
2983
4398
4601
5402
448
973
7934
1058
4099
8949
5718
7299
3797
1554
5097
7827
3336
3185
9388
4128
5913
9087
1300
6846
317
1075
9714
1458
5949
7930
3544
4608
1325
3433
1069
3018
8015
3112
2175
4764
4236
9499
8320
1810
9545
8628
4154
9891
7699
5268
554
306
4985
3103
9747
5738
2195
2991
1824
3617
854
9055
3724
2648
7100
6852
5493
5451
5087
4603
4565
520
307
3249
1492
2954
1904
7243
5893
5685
5862
345
4574
1528
7935
6137
259
4622
3176
2209
4230
1501
2569
9484
7397
3811
3247
3210
9330
3926
7577
2922
4254
5002
37
5733
689
9457
1809
192
8392
6669
7308
9093
350
8259
6094
4335
123
7953
165
6534
682
1818
5505
9185
6385
4963
217
7746
7404
9468
3297
4950
750
8842
6112
7663
1864
3790
8250
8787
9209
4260
5257
3197
806
8944
8358
6918
9046
8459
4930
9665
768
9953
9343
5592
7904
9602
4644
445
7165
1816
8139
5418
3432
3920
4340
7678
8892
6146
6973
4319
6307
8994
4808
953
2250
6666
6657
9990
2795
3526
2284
7052
4523
8536
7208
4540
3369
6895
6402
3316
1648
7101
8856
2035
6609
5364
8103
6928
465
6041
1611
3084
3978
2660
9642
5010
1677
6290
9177
3450
3388
5139
2616
7421
2139
7410
7758
3925
8611
1296
7113
1803
9529
1767
9489
5401
2632
1179
1298
5773
4249
2384
5613
46
4880
6985
1388
738
721
4816
5946
233
9455
4629
6656
2342
2612
3140
1877
3234
6964
8638
300
5958
1536
1808
7748
731
2061
8114
552
2532
7771
2821
1552
3251
1125
776
1623
5618
2423
91
8327
1799
5858
3415
7203
8349
4850
4609
5682
9129
946
846
2017
4090
6215
9865
5261
2396
6482
1719
79
8257
6274
559
6801
2538
8573
711
6004
4208
6785
1957
7240
5125
2828
7454
3479
3219
6220
499
5415
7066
7744
6974
4381
3114
8684
4001
5083
7843
5412
5770
9592
7637
2404
4380
1774
1275
7655
1485
5468
9309
1098
8447
5656
113
1462
8405
9327
9884
7537
6252
9467
3931
4032
1629
7807
8270
2188
3964
3410
7430
4347
1432
9462
1889
4933
5797
3150
2952
9424
3641
7076
6917
7534
3050
4630
7021
6759
4361
2608
2255
7210
4293
7381
7023
588
2712
5467
2389
5356
4597
3708
2599
6580
2878
9882
5059
8568
9190
2065
5837
6995
4207
8820
557
3974
894
1087
5915
9399
8291
722
1377
1389
8798
9983
5273
8838
8238
2731
4668
3359
764
4144
670
5319
9974
84
6983
3453
9678
5963
103
3076
4757
2701
4619
5064
7303
9096
3442
8045
6327
1005
8302
663
4677
1954
8434
2294
6600
6958
2811
7164
1381
89
7139
631
4634
1735
2704
2565
2708
5591
7937
506
2992
1602
4376
3335
1238
3096
2996
8534
9746
6435
5764
3540
2449
5140
8825
3893
610
7236
4167
9918
6920
4868
8789
4390
7218
1638
7215
5972
68
9952
5258
3405
1404
5627
2523
2772
2426
5510
2637
2154
9042
4875
8629
8758
7443
8761
5123
9682
326
2034
2624
4003
5517
8818
536
639
7084
4616
9359
1273
4088
5968
4305
5993
4028
3000
2638
6376
598
3719
831
9823
2447
6319
7365
4118
5470
111
2529
4406
8898
7557
2551
5641
6993
5118
4078
8075
8668
4947
8206
2630
9287
1941
8007
4325
1219
4741
9909
7115
9755
431
7745
7763
3590
9638
9893
1207
7630
6911
6903
5497
3600
4079
3137
3767
9241
6815
474
2598
3813
314
5867
2261
6593
2653
2219
5876
3504
9569
6020
6677
9033
7070
9118
7213
3910
9495
9110
612
6940
9551
3810
3286
7587
8725
8827
8908
1195
4479
173
5231
9465
7008
3497
2781
1442
6976
9019
5147
2946
7831
9186
802
4084
5812
8647
4600
708
6456
5976
8475
804
7301
4168
7823
8315
2277
9767
1633
994
3503
4281
2223
8937
2235
3295
2555
9761
2943
2203
1240
8113
9538
1882
7041
843
5000
9553
6184
4064
5119
1580
8312
7411
2623
1831
8167
4171
4687
8373
6858
7551
3934
2905
9411
3970
2936
8654
6565
7911
9803
7800
1050
3578
4976
8844
1206
1512
6723
9085
2442
1744
6183
1750
553
2296
2505
5232
5697
80
7886
9874
5434
8239
8305
7488
3278
5631
7329
6409
8533
2689
1110
1099
7388
5925
1795
2164
9998
8282
2804
5609
6238
6339
2268
8338
2589
4750
4583
9271
872
7586
2051
8601
1360
4981
265
4724
2293
5353
4097
4269
3902
9706
2774
2171
228
4854
7856
2079
6855
3186
8472
4661
4903
8090
6515
9772
1495
9121
8438
162
1166
3196
1234
7254
3365
4883
7496
6406
4927
3676
5730
1081
6373
2393
4892
4751
42
6101
1626
797
4192
8344
4967
5456
2348
7415
5156
1761
2273
3657
8614
6866
2129
5086
4248
2306
2027
1951
8612
60
2978
3556
3607
4025
1998
7349
4141
397
1605
5995
1211
5290
4108
4676
308
9016
5215
1944
5175
2586
9702
3007
3024
18
7134
96
8904
8008
468
7176
8353
2882
8642
9985
7315
1385
404
2743
839
4405
6579
5104
4290
2176
1547
8043
9881
3054
9690
2794
9601
6877
1246
2690
7695
6754
5105
8251
7781
8414
6288
2197
3138
1271
1227
5857
3994
8453
7408
2763
3017
4506
1305
4418
7814
5392
1855
6597
1329
7432
8076
2332
9924
5792
5333
5978
5222
3422
9536
2006
8585
575
1979
3997
9163
2420
5014
9554
9191
4576
3072
2570
2893
7028
3903
5600
6806
4292
5615
8253
9916
934
6034
9828
9486
8662
1814
73
4307
309
8153
5725
1247
926
7133
5903
9255
9161
285
70
5611
5612
5100
4211
9323
511
2465
3682
1193
6762
9052
4186
6539
3551
6585
7256
6863
1419
6250
4040
5540
7435
9669
509
29
5694
9023
4417
9192
9576
7617
52
2642
5172
8860
1883
7503
8594
6821
4665
5825
917
5066
1315
258
7429
4914
7463
8020
2887
8885
6139
9773
7142
7656
8489
1350
4402
9410
5729
529
1560
5907
595
409
1486
1914
675
9088
433
331
8011
3845
754
6722
9572
4550
8471
8732
1797
638
9015
863
3004
8365
665
1265
8718
8757
3901
3038
4282
6649
7882
9409
4181
7433
5865
4488
6891
9098
4057
7323
6141
7169
4934
7294
1940
442
1232
2322
817
716
9119
6423
8696
1371
2042
8094
6782
9156
693
1910
5406
2956
5216
8566
5549
109
704
3796
5698
7366
8931
5168
5998
3021
8481
8308
1153
2470
6868
6045
9922
407
9218
207
287
2220
7611
6919
2487
6058
3670
3039
3508
6602
7082
757
3010
5026
6157
6952
3079
4805
4617
878
1517
4652
7190
8905
5264
2023
8231
2945
3412
2790
6195
4177
9426
772
4443
9590
9236
2170
862
4646
9340
6205
8866
395
1101
3958
5827
4358
3569
6346
4066
8715
5565
6789
8741
8279
9041
9793
868
3092
4504
3246
7913
4453
6989
1289
5423
5153
3485
1324
3521
8181
3047
9332
2071
8849
7275
6208
7616
6071
1537
3619
7171
3290
5668
5623
3028
5787
7863
1213
6833
1055
960
8355
1667
493
3816
1418
5318
3923
2233
2330
703
7206
2935
6653
4901
7055
2050
2670
5349
2341
4766
7973
7899
4142
7284
7099
8716
2631
1943
5146
3950
3881
6202
6291
3145
9107
9338
6366
9288
2212
785
6847
6368
5545
7348
7525
5425
4315
1718
3616
8142
4572
5041
1884
8213
6524
4092
2208
2358
4240
8295
9913
9090
8550
3873
1132
3220
283
7238
1440
3787
2439
1434
7926
6916
2884
5503
2550
8281
5848
4536
576
8421
8872
4718
248
5496
1999
9703
4923
4983
6555
7274
9150
3979
3345
7743
3192
7184
3948
1890
9293
8873
3612
5429
7155
9367
6358
4743
4921
8235
5122
9213
5723
6336
8644
3209
874
4047
4123
9254
5057
7765
132
7512
4848
9237
9722
5740
5588
9745
3935
1539
8102
4642
6898
6500
9408
9766
6213
9321
5524
9969
3828
6790
6562
4587
9666
9526
8194
370
4159
8569
1760
22
1443
5781
3715
9026
3606
4876
3499
9048
1335
1538
3402
4582
7706
1376
9326
2688
5032
9835
2254
7839
4853
3788
645
3238
4492
9600
9483
1617
1873
2429
6087
9044
2059
4734
6753
8788
7969
1480
6170
597
8774
8579
5715
1646
4716
6267
630
7936
8836
7903
7252
5228
4013
1236
234
3473
7713
6718
8790
4694
5212
8245
7554
865
423
4210
2797
1162
7991
5861
7526
867
7852
5757
6588
5509
5700
9799
5651
1382
2833
4760
8840
5573
4212
8283
7753
8535
6196
268
8050
7950
5360
5836
7650
8922
2013
8111
3748
4364
8276
7144
3782
5860
2643
3175
1834
5823
3495
9840
9885
6489
6942
3668
832
6875
7447
6465
7609
8334
624
9369
1594
2581
7106
1804
4195
2310
2030
1647
2143
4447
2477
4484
937
5741
2930
5954
351
2114
3854
7845
774
8430
4203
4136
6089
7680
8172
3731
2622
4067
8854
3824
8907
2855
5771
6251
7053
596
6059
8710
1202
3835
3856
6341
3875
1451
4795
1049
9708
1168
2236
341
8506
7491
5495
3419
8909
5342
1386
4329
2723
4709
5563
3688
629
3744
7938
5074
5541
3711
755
5756
6795
7629
5050
8313
8767
8362
3082
8198
7664
6574
4229
2846
7159
1874
2229
1397
8912
7364
7473
4972
5778
6830
8967
6503
7509
8713
8089
6937
6827
569
6185
3329
1416
8221
6173
6158
7466
229
558
5551
6218
1686
8711
549
1891
6646
3580
9292
6888
3738
3456
4388
5585
1924
2924
5243
5169
1460
2128
3615
7774
7276
5159
1584
2890
879
2486
5795
7170
1700
244
515
9514
9355
7921
2252
8596
8216
9959
6018
8929
7075
8128
4747
6717
8659
8701
7510
7715
773
951
4593
5209
2189
4363
8708
1785
8159
617
97
3094
7060
1029
5782
8602
3375
3733
1293
376
8129
9846
4533
3206
396
9358
4516
8707
7342
3981
3305
3706
9274
4245
2414
381
5793
7918
4341
2237
430
8722
4275
3737
9159
5039
3780
6930
7558
9476
2587
5457
2494
4482
3649
2661
5636
4958
1109
4368
3573
9319
9189
8797
9986
517
5078
8946
4411
1147
8288
4651
6889
488
7158
7464
3908
9501
2305
7733
3680
9660
8247
5287
1635
2062
2982
2455
944
6559
6611
5035
6462
6719
7773
6693
6860
5526
7025
415
5416
7239
7589
2595
2900
5114
7826
9845
6508
6284
8505
4784
1993
8119
3075
4920
9200
4780
4867
6577
2425
7768
88
6752
4746
3874
4744
201
6292
7242
992
1393
4396
2976
7789
8422
7865
6488
4509
7924
2646
2960
8851
3390
7731
4708
6838
3720
8027
3252
4474
4776
2138
2049
1328
1357
8352
9143
6268
8805
2989
1529
7689
6312
8509
8557
8785
5444
7255
3016
6441
2298
6810
4337
8161
9804
9381
5480
447
5985
3710
9433
9328
9449
3937
7833
1923
8095
1801
6189
8562
6130
2428
9146
3110
4948
5121
714
1291
2242
3119
3100
6766
9346
2718
790
148
1010
4510
1349
6180
6105
5818
2959
2297
5141
4012
9132
7649
8712
8380
9083
5866
3102
2037
7237
1789
361
6522
4841
9851
4258
1212
2865
989
7022
6333
5136
2286
5973
4140
8939
3068
869
9317
9868
4176
9439
1555
9750
1527
8196
1017
2299
1592
7180
692
1074
939
5674
353
7487
2844
5272
2722
8498
9657
6859
2398
3826
775
9375
1139
7881
791
3932
7391
5984
7354
2903
1994
5126
1901
9981
4104
9057
9996
8480
6773
4322
2678
697
6332
310
7194
4107
7490
9036
1129
7451
7857
9717
3077
947
1439
7182
250
5312
3317
669
7887
5632
3802
5329
5447
1287
6556
5052
1436
6934
4444
7449
5515
4758
2463
6047
7500
469
5809
3885
6156
681
3417
1850
270
1285
6125
7764
5166
1851
7407
8381
9833
5461
6310
5047
3627
1548
7954
9459
8018
2110
4042
4412
8808
7532
3512
6757
9473
8965
1130
9009
5999
2156
2097
7452
8952
5061
2471
4945
6878
5201
2726
936
2279
599
1326
4419
9028
1073
2437
618
9684
4206
7980
7054
5046
2842
8132
3324
5547
2966
2408
5564
8189
6053
7623
6972
7687
3338
1613
2680
1983
7018
2280
9012
9945
4247
9416
4672
5109
706
2320
4722
4413
2495
4353
3866
545
6517
3312
6902
5900
1152
2787
952
9225
9810
1405
9264
4660
1045
2177
586
4121
2356
7147
3089
5368
8532
5294
6981
222
2153
8361
4332
6153
6050
3844
664
683
2377
1181
8431
2048
1031
3241
7248
1962
7714
1916
9370
6865
9566
5325
4370
9659
1336
1254
2316
5023
3179
2928
9935
3204
339
6778
9800
1141
2343
3164
9404
4017
4174
9570
4798
4409
6744
4606
8191
6663
3296
5108
4115
4372
7840
8819
906
8517
1572
8635
1424
5634
6927
546
6131
7470
9154
9964
6258
9631
2874
291
7809
7997
5882
9092
4197
1072
8676
948
2760
8350
7866
6191
9436
8052
5237
6586
464
6721
3834
7313
8356
6734
8604
1545
6921
6219
2752
7355
9295
3055
8154
9908
3686
585
967
1838
394
497
9393
384
8476
7436
1461
9636
3434
1751
4241
7754
8875
3166
8646
6955
2921
1188
8719
5395
9595
9111
8463
2182
6374
1159
6311
4571
2721
7498
8230
4637
6429
2112
4350
2124
8786
4569
1863
8300
3469
7440
9749
6029
4951
5477
2403
8188
7870
4812
7728
9892
5816
8437
9363
3227
4614
9089
4840
6425
4075
4071
1185
1909
5604
848
756
5555
3756
7104
4383
15
9910
8348
8085
8850
4031
8500
3035
5813
5717
2106
163
2191
6024
6710
1887
1524
5869
1933
9668
2008
8650
1986
8396
3904
2771
935
5889
6772
6994
2658
2910
9575
7925
1846
860
8064
7861
3996
7894
5255
907
2390
9914
7576
7619
2445
8816
115
2178
5313
1425
1736
5089
3287
3909
7287
8051
8388
584
7363
6624
707
158
1100
4439
1167
3125
5274
8968
5947
2274
3774
3750
7961
8874
7550
6334
9695
6922
8919
4521
2782
2777
7428
2367
9169
7590
116
7632
4091
8412
3840
3074
8626
6507
7296
9942
7063
6640
6416
550
3778
9024
4434
1309
6897
8833
787
1356
5240
7224
7568
8443
2190
2122
8520
2971
1656
2424
3625
3484
1534
7691
9211
1672
214
5935
8985
6203
7516
5229
1346
8721
1117
6396
1715
4431
2256
7229
6357
5550
1762
8855
146
205
1776
9779
72
5227
579
1008
6627
9822
2202
239
8688
3373
6991
7832
4221
2535
6552
3601
2151
3528
355
9806
502
686
5194
455
1566
4222
8087
6400
7970
1844
2451
8911
7971
5596
8081
6527
886
6000
8551
5842
3370
1384
5568
6546
7508
200
4251
2272
2539
3144
4638
4788
4688
4681
9619
9639
3574
7016
5452
2876
7095
551
5008
1842
5133
209
4499
9946
4679
5586
6255
6695
1935
3454
125
6843
2136
7734
9490
5370
8484
7569
1160
718
4666
786
9335
3930
286
8811
4288
5286
5844
8354
4931
4414
4575
347
8639
8371
7292
127
6006
3483
6885
5372
2615
2443
3037
4936
5534
5957
7263
9656
342
9896
7040
2685
6581
8093
1016
4300
4234
8622
8192
8118
6175
4725
2916
6705
1322
1604
9654
9210
9133
7278
5708
7333
2807
7476
5386
607
1586
4295
3395
7362
8000
5181
4063
6352
6128
9820
5090
315
8293
6304
1975
7331
6142
8679
4621
9239
2241
9968
9235
3557
366
6879
9980
9783
2364
7836
2211
8809
7002
5527
9503
421
5170
7867
7792
7347
4320
1740
1086
9029
6382
734
5224
9646
9616
503
6667
257
659
3980
6975
6664
4823
4987
2585
461
5799
460
1651
7855
6272
6982
9392
1593
7645
76
1969
4374
6816
4970
1046
7445
5028
8002
6294
3283
3263
2045
7784
487
3559
1811
9699
9142
7149
9791
500
660
6143
5206
5479
2986
4996
2378
2186
6040
7570
9567
1268
6554
748
5512
3060
281
1077
3154
1841
9611
7737
4631
105
7260
9141
5930
1699
9221
330
7676
1225
402
7862
7945
3223
7119
4455
6563
7820
81
2728
8415
9394
2464
6371
8317
8426
8347
2405
8970
378
3701
2336
7161
6765
5129
5379
8126
4196
1749
5476
4656
4745
3173
2360
6301
5411
2562
2843
6698
7674
1970
3363
1500
6122
9318
294
1518
6277
3211
484
4866
167
4727
5330
8993
4755
9994
5327
8747
2309
6033
678
5022
5092
1437
7986
5414
5020
8399
8502
9333
8900
3302
8224
1793
975
1065
8592
6724
9582
3159
6485
2204
8770
1228
2603
2325
938
4818
2517
1245
5994
8883
3565
8297
1014
9628
9351
2914
4242
2498
5080
9709
6961
958
3489
1420
2640
9687
485
6908
1990
2507
4956
279
628
6447
9299
1037
450
9954
7179
6907
1041
3356
986
8012
245
5521
8523
5350
6233
6262
7545
1151
9603
771
3998
8062
8748
3147
5063
5638
6977
1860
4451
3460
6726
8759
5804
732
962
2388
9425
857
5986
8490
1859
4272
3817
897
2761
152
5433
2520
5620
1343
2600
5648
9637
6591
5916
720
3912
3400
7705
4584
5484
5652
2940
2700
8363
2282
2987
6210
6445
8645
4102
2664
963
7204
7595
2074
646
8702
2281
4421
8394
6266
1987
9303
5424
583
4462
954
9780
1807
6694
2780
4842
2214
1114
9253
605
2540
9955
3691
5265
1310
6727
3310
8826
4162
3262
3318
1565
3529
6420
5660
7665
7481
2135
4493
3352
3941
8223
2244
1505
662
8267
1085
8595
1827
9400
6769
679
3275
2994
4069
7157
2234
7318
3141
2446
2521
4401
6088
486
609
1411
7175
9097
2730
1471
9527
4913
8385
226
7244
6476
9007
3554
6530
9879
6126
8026
7694
931
9469
8890
6491
2394
7459
6622
8794
9506
8469
7736
5722
1847
9733
6931
5880
1097
2165
2979
5962
9267
4690
4589
4125
4591
2755
1250
282
7819
5003
3106
3671
2861
1912
5148
218
9989
5436
6069
4860
5905
5635
8918
5316
1257
8549
9505
1399
7039
657
747
2005
2567
3027
809
8771
9533
7818
416
8966
1915
6261
7037
783
9984
6495
19
1494
6735
6066
8100
5743
3306
4527
778
1430
5482
9226
7379
2207
5332
3525
709
2662
4183
9652
8040
5250
4881
2275
9342
6065
4205
5352
175
2703
6330
5394
5269
2245
3446
3232
651
3126
6658
7966
5556
1963
9679
5464
5091
329
5283
4822
6080
7394
7684
142
9635
9625
5408
235
4643
4238
798
1624
4435
9263
2898
1369
2619
861
1557
702
3043
4899
7200
2010
9929
3428
5065
5790
4555
1881
5735
4942
4103
9502
1902
578
8407
699
9764
8848
1888
8631
4391
5375
8584
700
1148
9552
1221
9206
7392
9383
5176
882
3563
3843
3913
4199
9202
7892
3374
481
8082
358
7879
3273
319
303
820
8843
55
1472
2765
9294
3478
1302
4490
723
7507
8193
3178
4625
8508
1691
717
556
2043
4165
2995
6944
5684
5267
4349
2961
3385
6437
1845
5875
5570
890
3222
5481
219
6645
9233
940
2516
9364
9737
4888
3334
4404
419
8720
9199
9598
4336
2741
9137
5111
7093
1278
9446
793
4787
6
7868
4547
9164
2096
7834
4878
2145
8582
6651
6043
1694
5519
3019
343
6882
3387
643
4874
2271
6587
9066
1021
1755
4461
5475
3337
6021
7012
9172
2160
5606
5896
5106
4220
6177
9677
5822
8299
2758
4774
4959
7624
5314
2766
6418
7220
4011
7776
8448
118
3494
9131
3307
5975
4004
4119
6415
7199
8492
813
9589
957
58
8846
7272
1997
6133
6359
8387
4373
3500
8503
4297
8268
4615
4910
2899
6111
1288
2335
2736
7693
3259
752
6703
9487
6115
2457
5262
9182
1171
2933
8134
4700
9620
7700
4263
438
5367
5680
1895
3634
4386
6732
4886
3498
7051
1079
3752
2628
616
6733
6625
5463
1242
1627
483
3794
625
611
2618
7958
7538
4691
568
1002
9658
7884
5664
4178
1674
6520
1730
53
8145
8290
6455
9853
3759
7985
7306
9371
3391
9208
6458
6856
9417
9904
210
6383
6617
4894
9563
7288
8531
8186
7017
6589
6886
2545
3821
5974
4158
5552
31
633
1344
2480
4674
9775
3067
6394
4200
186
2031
4849
5340
3148
1394
3516
9544
3057
7368
6949
1306
2691
3729
1777
7698
6523
8294
3158
2583
3253
9951
3695
5270
1683
7422
3471
8743
5361
8389
7944
782
1402
9454
6477
9243
5616
668
821
8913
8296
6092
4082
2684
2041
8030
4915
6675
4360
7682
1679
2742
7071
9705
5284
2770
8109
5533
427
7005
7138
2885
2481
1095
4037
9698
9735
8661
7729
8563
3258
1714
1640
241
1062
5221
725
2817
8695
7458
9165
8737
9716
8091
9482
4852
9451
3798
3962
9248
7841
3704
7942
5846
3189
2645
6469
8514
193
7518
4862
8583
2793
3536
30
2441
8689
6281
8055
3304
2944
4043
9872
7069
2113
6984
1353
7883
4089
9900
1053
7372
719
7683
6265
1885
9860
5801
7891
4219
510
7358
8868
3518
6799
1571
1875
1616
6367
548
7772
7145
7376
941
3425
8049
8623
62
4558
6241
2093
542
2230
896
7153
1176
6571
100
67
3776
7209
7088
7749
7766
4228
3044
7150
2851
2871
4858
900
4889
9694
1710
2375
2528
9077
6831
4117
6107
979
126
432
4557
2868
8674
6912
8982
9748
8636
2206
9504
9932
5539
6459
9234
3322
8938
5277
6764
3344
3755
745
3723
9674
2818
4423
9546
3323
2328
9470
7193
4943
9671
3002
8232
6032
8740
3942
7963
6746
901
5689
466
7704
7121
3332
9901
495
7927
1770
2744
13
7898
3225
6190
6596
6166
5696
5253
1952
4566
6054
8155
6354
8781
8975
7957
1791
2166
8078
8729
9464
7268
9888
7434
2873
6117
6502
3022
3049
7127
4545
2270
9604
5413
6568
859
3739
8600
147
7340
8258
9931
3467
5185
4697
4147
818
2853
9391
8306
5188
8653
7724
9559
1858
7259
2673
112
1137
3155
5385
6275
1218
6998
7697
6673
838
8940
7427
2130
9094
8547
6113
7790
5644
7431
1136
8345
7750
5306
6244
3822
8148
1364
131
5936
7767
5478
3808
9067
9402
9278
3326
7116
3792
8627
8496
641
2597
895
3429
1628
2020
5199
179
9296
4120
9152
8857
8995
7187
9742
3982
5160
1676
1178
6817
6179
9405
6604
386
743
1504
1192
9568
7351
6231
8461
7450
2985
7530
3357
2313
3946
7815
145
7588
9494
5642
74
5079
3011
7931
1906
4138
1657
7521
5289
9269
7468
5529
8657
5309
9723
807
4752
8116
5850
9073
2698
212
8572
1927
54
8304
1138
7096
2452
5094
3786
9812
1059
4605
6933
8048
4316
1481
519
9345
6819
7889
5899
9302
3687
1515
4433
4223
8375
8455
5015
4081
2968
3476
4977
9978
377
4096
276
1600
8773
9458
3825
2674
4346
4094
7770
2224
9174
523
1848
760
6538
5178
8693
2883
6533
8558
4825
8141
4988
5840
7326
2090
5323
336
4164
1644
3664
805
9280
4483
5523
5033
8971
3655
7305
1339
2895
5211
2169
5040
1447
6147
9240
1708
4313
5132
3576
6758
9040
9291
2469
3285
1559
9831
7742
6110
3727
102
2894
4179
9920
9607
6389
1000
5557
3274
4038
3698
1787
4861
7992
6850
391
5633
176
4265
9729
6870
7982
5241
8096
9813
3099
6659
9347
4954
1531
4846
9366
1258
154
3640
4957
9797
5242
6388
3513
4719
1840
9975
1546
2213
9606
4692
6165
3577
9925
5659
9104
4426
4827
885
2126
982
3891
5909
1194
2657
1822
2301
208
4152
9653
4424
7173
5753
5914
5027
7371
2450
5598
3553
9496
3538
3535
1704
4935
7304
2418
3806
1484
4856
6893
2490
8360
2997
9051
3726
518
3431
2654
9557
9571
3818
7293
4280
1474
3852
3303
2912
1756
5055
7300
4276
2735
5339
8384
888
4106
1892
9130
6829
4831
2467
9101
7692
680
7983
1023
6194
3999
3876
1333
3609
507
6802
2337
1341
8190
8504
6096
4427
6835
3440
6164
1587
3749
1216
6408
8625
4864
914
4266
8057
5879
3800
4519
247
1497
5542
2474
904
5048
5085
8649
6348
266
2454
2179
7386
4623
7873
7844
3857
6023
9516
3581
7675
1118
8162
4803
6060
6440
188
3272
6243
1991
6584
5004
4327
8559
1413
232
7245
1367
2251
614
2578
4949
6557
3652
9849
9207
2460
1961
2427
2461
5440
220
3740
999
8465
9498
2715
6031
6606
6019
2835
3968
7471
2249
6513
3841
8473
4568
8466
2492
5819
7330
2323
4855
101
7989
8393
7344
9719
1980
6594
6135
1089
9315
6481
2617
1582
9843
8368
4906
4551
6731
8960
202
6097
7740
3918
7504
4847
8728
1673
33
3773
5720
4053
9195
5244
1032
2007
183
459
4553
5380
3157
4898
5037
2857
3201
4385
1307
2459
7858
3665
2432
4706
5164
7124
4657
2526
749
7563
4070
9934
5034
4965
5894
1039
9612
2972
7249
2491
3862
9991
8664
6161
2925
1056
3712
7996
6253
4030
5310
6474
4113
2253
9718
1868
1928
1837
5454
3770
8454
1044
8783
9947
5056
230
5992
2287
8410
4785
7796
7325
3085
8197
9022
9648
3833
9555
8959
955
7078
7083
9201
3666
2155
9122
984
1771
7045
3128
4663
3257
8660
14
2240
4294
4961
8886
1340
2103
110
9830
108
3809
5251
169
3973
1012
5235
9605
1493
7385
8219
344
6729
5018
6619
2800
7600
2682
9796
4202
8014
4101
8215
6091
6223
2003
3507
7975
3779
2831
3143
9160
6377
3111
6670
8910
3714
9852
898
2639
505
4286
3604
4016
4036
6401
3168
3368
8280
3482
318
1685
4442
1383
349
5911
7915
4216
4705
8254
5438
354
7908
9535
7599
3101
8766
4344
4711
2841
7334
2087
9480
3254
1948
2318
5155
5829
5335
6662
8413
2889
9973
8560
2633
7562
9223
8817
134
5535
7167
6832
6391
712
6342
6201
3407
4072
796
1412
8319
6616
8752
8151
9415
9707
9561
2947
6245
4014
5345
932
5650
7129
2444
1729
6748
7453
4756
4837
7793
8442
4129
6836
5419
3200
8879
3239
1483
6276
3732
7130
7723
9523
2506
8675
6573
9339
400
3651
3244
9732
2029
7828
9531
2015
9795
1661
5236
9792
7657
8131
632
9683
7262
7648
7955
5666
6521
6064
5910
9649
8964
5852
7405
1363
1717
4130
8540
4768
2391
5761
7673
3212
7091
3571
4046
3595
3966
496
6431
3208
9903
976
1596
9724
2150
2725
2939
2729
7485
1945
2340
4184
2866
4369
3130
5597
2149
1753
6242
4704
2001
1034
9149
4151
2321
8028
1966
9877
1854
4543
3353
4990
3439
3182
2501
2579
3560
8023
6227
3120
7579
5278
1347
6453
8581
8158
2683
3694
1372
5068
7885
3598
8807
7472
3423
5871
7232
2756
9562
8307
3146
4863
3847
334
1429
9389
9387
5855
1865
4495
1104
7610
572
1985
3377
1478
2278
9988
5301
1007
5248
7393
4049
3073
7202
6257
3956
6442
5453
3184
6017
8588
6226
4640
382
2815
160
915
4489
6433
6044
40
1066
9316
6578
5572
8637
7928
8252
8003
8735
4287
9158
9043
3270
4742
1414
9713
6618
9456
3552
8723
9818
1636
6518
2786
6293
8961
9443
9957
1520
1671
3949
6090
7540
4834
9084
7848
2089
3449
1111
4735
2246
5788
5393
6398
3658
360
5167
5571
3986
98
7291
5225
7384
3900
7462
5663
8122
2814
4354
2655
3722
2125
8067
5705
8033
929
4793
3457
7120
8986
4271
4938
6535
6696
7437
7135
4477
1989
2290
3692
3763
1577
8822
9270
2376
1001
8468
9492
8092
626
1450
4723
9372
8390
9203
2401
9627
7837
4508
3474
5124
7499
3550
8182
7484
8519
385
7367
6545
4645
434
8561
6884
5567
1955
7972
2314
5776
6444
153
129
7780
601
7816
7479
8769
7168
2580
2352
7382
3088
1169
3382
251
5095
3608
1283
746
4497
3654
8080
9873
9644
2260
4438
8945
4255
8678
114
5622
6461
7285
1746
8847
8760
6079
6760
2055
3879
6124
6605
3354
561
2478
420
1573
4399
1836
7035
17
4338
5445
7328
8149
9565
6851
3492
4408
3827
2575
1668
8697
5629
2021
7036
325
9030
1507
4246
4213
3721
4635
2416
2144
6299
4218
648
3371
4469
3124
7962
8339
8552
5336
5307
3224
3849
1758
2525
6901
4027
4895
9917
943
8494
3421
8046
7604
4299
924
6970
9738
8896
2033
5794
8867
5877
6108
2345
5970
766
4618
9037
2977
6549
9283
1711
8726
4953
3277
1244
7811
5987
6160
6536
1783
9689
7011
4993
8214
1585
9940
966
2819
2546
4452
5421
3631
6317
2479
6540
1096
5012
6022
6012
2860
8374
2127
1911
9912
2303
3444
4535
751
4636
4105
2421
6633
9560
2022
6011
2511
7888
8618
5398
3591
9941
3629
2152
7596
6999
9412
2739
1476
2549
4647
8928
6823
2672
3133
2331
4773
1243
4869
4257
8429
8793
5062
2825
8943
3080
5189
1579
9301
6756
2350
2541
2998
6813
7295
6699
8446
9540
3194
9466
6768
83
7515
5489
9117
9337
3383
8328
8762
8832
7830
4466
8209
7646
7033
6013
1871
4807
8409
8234
533
3052
5902
8099
3564
1398
5927
2869
9153
5643
7118
5932
9331
4602
6403
475
9431
440
2075
3487
2681
1535
6498
2675
9640
4916
6660
299
9788
9730
514
3463
8745
4882
842
2813
4175
6501
41
5082
8146
6779
3673
5707
4076
5193
7711
1564
7716
656
1731
8717
8605
3605
2247
2283
3639
1861
6181
730
761
1971
9663
6305
4517
880
3899
2194
5904
6781
8470
5245
7089
3914
3367
7618
1103
374
4671
3351
6027
4683
6992
4160
369
1692
4696
2431
792
9923
5377
7057
8104
1321
398
3758
5058
1725
7403
8824
8779
171
2859
2967
1798
6739
3399
5405
8314
9725
5789
3435
6685
5130
8009
7442
7064
7939
5762
3877
6224
2419
7132
6771
9622
3988
8972
5595
6217
7527
3603
7788
3602
4256
9006
4564
674
9341
2484
8170
9944
9422
5924
830
6913
4314
9314
5334
3645
3760
8024
5838
411
4872
8858
4851
2514
5653
6328
1532
3883
1199
2217
921
7988
332
5192
2288
4873
3008
7352
876
3626
269
2123
6386
2168
2184
7597
9958
534
2032
6320
2016
1280
1745
4170
7044
1992
5670
451
7959
2754
297
8177
1649
3898
8098
1938
5574
7207
139
2919
823
4703
1102
5872
9608
9461
9100
4669
3151
7277
4456
7559
2185
9710
3905
2920
178
7896
835
1308
2070
8830
323
9390
107
7492
3777
2132
2980
28
9886
277
9068
9696
2911
4877
9365
2845
253
2665
5343
4085
3831
2659
3462
4029
7751
4262
1022
1581
1917
9977
7418
1896
7872
2187
7929
6599
2973
4937
5714
5965
2409
8606
2601
8199
9134
603
2929
6652
3764
8749
5780
5906
2803
4829
1553
5161
9875
4054
92
9350
4006
9001
4879
9662
1071
6077
3661
2656
9227
6475
758
7546
2028
3005
2641
5427
2512
1903
1843
1778
7919
1741
9937
7592
9298
263
4010
4111
7549
4274
7747
1959
5321
3523
6980
3233
7390
8863
2415
1769
3104
5983
7233
532
6839
2981
3358
2942
8640
7092
1748
5069
4662
9279
1899
6564
3647
1209
8063
3015
4150
6679
2300
8864
4777
5296
1252
8262
5117
2192
6225
8590
4791
5800
6324
911
5883
6777
2264
5878
7137
9212
4814
7297
1663
7640
7289
9626
4505
9312
6686
2671
8681
5765
5772
1449
6237
340
1133
6343
4227
6687
527
635
3349
1820
9188
2610
6957
3293
8528
1094
7211
1121
2473
1591
3491
9324
6052
6209
9543
4654
6628
9667
822
685
187
6168
993
4507
8249
3330
6098
6526
8880
933
4501
1872
7222
1832
4610
5828
8236
5043
5038
1978
7387
6963
9429
4291
6010
819
7560
190
7829
5099
5450
6148
3364
9753
6200
5639
4326
2269
8987
3414
3754
3922
7312
4628
6121
6331
3030
8633
4839
7869
7662
2227
7336
7719
9524
6061
7725
7681
6163
7140
5081
3006
5785
6621
2198
2265
5
9790
7314
9478
1438
3624
7201
4342
2373
3588
6680
3548
5934
7270
5582
2829
8332
8977
2438
7752
196
6419
8318
6078
5727
4641
7813
4528
8077
3466
51
9672
7653
4155
2315
6380
6297
6548
6848
5472
3065
9943
2497
6598
997
3633
5501
5763
3953
0
9444
1264
9878
1862
2990
6314
5630
8309
7583
2052
7606
4653
9329
7152
2058
1879
2805
9992
2993
136
4481
3308
6421
606
296
4885
7860
9995
3757
4969
3109
2
8839
5410
7467
2379
6601
7977
2530
403
684
3009
4971
6929
5854
781
9547
7072
5508
9763
9069
1124
3078
6969
5584
9936
1009
2057
1082
8174
5239
6643
4559
3315
4512
1752
9310
5969
5263
7321
1319
6793
8925
826
8271
9549
6767
7854
5200
2482
7880
2847
5422
1567
3940
983
9550
7594
3183
1063
7999
2775
2199
8768
6792
4797
8289
3475
8666
27
8041
8163
9586
372
9485
964
8256
1702
8772
8311
4919
1473
2046
6797
6519
5734
8889
570
6270
2879
705
7307
7154
9049
4021
2620
8567
971
1768
9198
5381
4306
985
462
727
9397
9385
2476
2827
4382
8433
168
9086
7603
9965
6144
2850
8401
6896
7677
7835
1905
3420
85
6303
3975
801
8237
2500
3882
8416
4416
3579
3864
5400
5737
3300
3921
9105
1603
2988
1180
7502
8776
7359
124
1106
7672
1428
677
9697
9758
3547
1
3416
4470
7332
2953
6925
472
5988
6880
593
6369
1317
267
8047
4270
2019
8778
6075
367
8135
5849
7062
9281
1467
3669
2974
8054
56
9064
6745
249
6867
3403
9883
9685
9510
3122
8144
1197
4728
4740
2081
3897
1035
1984
1465
8901
7217
642
9197
4820
2564
9768
1936
1421
2542
8244
4095
8955
3534
9204
191
2334
6712
2433
8169
8804
6654
2183
6081
3127
8578
197
1128
3699
3842
4613
1823
1632
6123
3066
5128
1732
2926
2867
8351
3917
2810
3086
4460
2411
829
9675
9155
6287
9902
4145
3781
1182
5324
5179
5397
5990
828
7912
2962
4592
9757
8059
428
6537
5246
2422
856
650
3348
6100
6697
8424
3848
7074
6492
6174
4471
7475
871
555
2716
622
7253
2485
3401
45
3193
8593
362
5960
2832
9580
8037
1937
7128
2877
143
2258
3226
9979
8408
5923
840
2436
2392
6246
1682
4217
695
2717
9304
4324
2386
6487
1716
3026
3291
5162
7456
5005
4650
8150
893
2697
1441
6269
3397
4986
9558
457
1925
137
9837
5317
6129
1475
9184
1183
20
1301
8603
6915
4478
5537
8877
1743
8608
6197
1080
8006
320
1208
2694
8634
9982
1853
9809
1506
6172
3361
1051
7947
454
8382
7111
8404
3413
6260
1726
194
6690
292
7987
4061
166
7324
8074
6634
4311
5579
2727
6590
2369
4359
3281
5834
1606
3927
6460
4473
61
6689
4554
8039
2886
7679
6842
3861
6784
4698
6464
7311
4844
4034
8165
7373
422
5021
6353
1477
918
2687
302
3071
5067
1054
4259
2349
6544
8511
4303
426
3878
9949
1276
5157
1510
8974
4348
8173
2820
2311
141
9930
7097
9864
1675
3596
9414
6282
5184
9618
5625
6800
3268
231
8963
6393
8667
4454
7383
4331
6841
7231
4726
3190
9770
8069
172
4712
3129
243
3530
3331
5744
1550
4578
3228
4659
8837
8083
2069
5017
6804
8301
961
1502
3378
6702
9588
3939
3261
6620
1198
9805
3505
4157
1235
5203
9583
5619
9787
9123
1569
7976
8989
2762
9031
2142
4775
7160
850
5295
8019
9578
5073
959
5072
4580
1615
4457
9693
1839
9300
5504
5769
1191
4387
3235
5439
9966
9871
7552
3747
2621
3134
494
6853
1033
3736
8513
6881
4480
1417
7316
3863
7933
2410
6943
1024
5621
6457
467
2719
4389
6738
6560
7805
795
8499
8903
6176
4261
1551
3993
1610
4980
7686
4267
3121
5971
1516
6084
1143
5815
2649
3214
2751
7615
1190
5831
4149
4649
1817
1269
8641
5605
9655
8226
8088
1747
446
3850
9091
526
2440
7290
4215
3983
1030
1455
9511
3409
2872
3430
815
916
8486
627
3987
470
6691
4732
8242
5760
8115
8125
565
4429
1286
2858
5502
5098
3269
1358
4156
7917
8613
8906
6306
1812
5142
4126
4997
3167
3213
8915
6454
3465
280
5151
4498
1612
7267
9432
1140
1249
2468
338
8554
1453
5832
8599
6966
5736
3195
5218
2347
7489
4891
7446
1076
5873
4132
3951
4201
574
5959
5662
5784
9739
1920
581
7974
237
2852
9440
3585
6770
7214
8147
7269
6136
7547
5208
478
5103
7900
3328
6655
7163
4371
6347
3501
7602
1239
8038
4020
5019
8403
8204
1011
7644
7068
6286
4678
6338
5304
5603
5281
9353
8458
8865
4736
6337
9855
4526
408
3218
1403
2417
8521
1048
2714
8580
8812
5443
4309
6259
8663
1772
9827
6570
4169
6713
473
1542
1709
252
2304
8110
9401
1780
4139
9386
8022
1754
3436
8630
1880
1669
9700
4351
9403
9861
3522
1926
8876
9349
4928
5558
7400
3520
5681
4310
1090
5805
3132
816
6187
3628
6240
1092
3496
9325
7948
3636
6582
3081
452
9841
2948
6109
7353
2104
1154
5755
2837
8133
9147
9273
1680
4781
216
206
7172
2430
242
739
9754
4675
2902
6427
2849
8330
5839
1622
1664
5835
4475
5594
4357
6375
9320
8861
6583
9103
2963
4074
8343
9976
5989
5396
2875
3753
5275
6569
6039
8273
4588
8210
7079
6405
7426
5305
6794
9289
800
3284
1967
7846
7327
9784
2667
6062
3381
9664
7810
4577
3851
3613
5226
7984
6083
2295
8171
255
3014
1352
5898
6038
7709
2590
5874
1530
8493
9065
4738
8541
889
4225
1706
4710
5256
803
9054
1598
8187
5546
429
4077
5403
7741
3162
1164
4187
5110
7
8782
406
9256
7501
6715
6747
7026
5810
3713
1720
3846
2181
7395
8894
3667
3108
2568
4397
4974
1701
138
5774
4422
1981
5759
7235
9715
9736
5922
8624
3025
262
8265
6057
3012
363
7067
4289
3040
4713
3506
8917
3638
7660
3051
2354
5977
6480
6074
8895
3389
4449
7659
2063
6309
1908
151
5711
1479
2779
2561
6063
4552
7251
2338
3426
9907
6434
8527
8195
392
6076
4033
1601
2957
5824
1786
3069
7185
6706
2102
3832
7795
2395
9621
4598
3256
8329
9854
5617
4815
2666
1498
9447
6950
7738
5796
9074
3142
4715
1830
577
3488
3542
2613
4801
1490
2158
3775
1070
724
9876
698
1026
4198
5941
615
2082
8742
713
3865
4612
8326
1174
82
5029
6845
9938
9824
2934
4865
2383
3123
9336
9673
6395
5230
498
8400
3187
998
7228
9857
2489
357
9135
7641
4561
7895
4982
9232
4467
4563
5675
8212
6791
9460
1958
6887
8180
5341
8013
6278
7627
6005
2054
887
9479
5953
7080
4782
6093
7612
6840
4296
1223
3678
3697
6529
1295
3745
3411
10
789
5075
9171
5748
4087
1378
8029
1956
8574
4472
8138
7273
5687
16
7042
9629
2353
9890
5448
9005
3992
7821
2091
6665
5491
8983
8233
3586
7420
305
8878
4131
8491
560
1395
1607
6365
4530
2904
4754
870
3443
9517
3742
5980
5752
8474
1849
8615
3029
3884
1042
8651
7702
4548
9106
3823
9771
2053
6510
2119
1006
1773
3171
4699
4161
3376
1645
5196
8160
6956
9515
7107
3053
8310
1155
3789
2131
5912
3860
6030
7757
1040
5116
2115
5053
8764
7377
8207
4670
654
8555
8669
4330
2588
4425
8435
9
2157
8862
7186
5833
7223
7802
3837
9382
525
6159
8246
6516
480
1052
6990
8835
1639
3229
36
2109
8727
3858
3783
3340
2677
5814
3539
4441
2923
9815
4763
7188
6449
337
5669
2749
5939
6430
7794
6547
1965
5802
8845
424
2707
2385
4556
288
2647
5096
3470
1630
3880
6905
4693
8751
5590
8157
3933
9384
6140
8871
9139
4437
6864
7265
1784
375
185
6890
2011
3799
3264
3288
3943
4952
6099
9741
3582
4994
1561
352
6345
6642
1856
2412
6924
5016
6514
591
9374
5308
9593
6106
293
3191
413
3959
6708
5750
4321
3243
4794
5233
5500
5885
104
4960
5428
1015
5180
2808
2826
99
3888
140
4239
6638
8425
5234
4415
7246
537
784
543
741
3610
9128
9262
3152
4209
6682
7108
6007
5458
3090
324
7647
1262
5688
3630
4759
8034
7778
1281
2602
3418
4789
6900
5520
2014
2746
77
5298
4189
3870
1038
9939
2381
3003
4134
3911
8529
9532
6787
3260
1982
5024
891
2504
5967
8274
980
2216
5712
504
1175
3681
8243
7505
8335
7542
8031
3646
4908
1589
7620
5311
9528
1867
2024
7636
8698
4542
8999
4779
6362
1313
7566
184
4298
1918
8406
4185
7378
1513
9045
5732
2607
5576
5271
9307
8739
3135
5779
3250
6814
9406
8823
3685
5154
35
3036
7824
4180
8398
3632
7286
8068
691
1184
3161
5299
7038
873
6417
6162
5683
1597
5742
8071
5483
69
4264
5676
9011
9039
5530
9297
3567
5186
2329
688
6452
1897
1446
3621
2740
5220
9521
5940
7543
4729
3859
2604
9688
8942
312
8444
7710
8427
6298
6635
3693
7413
1161
4317
4148
770
2210
6150
1974
6008
3919
4018
652
4544
1650
6073
9178
7478
8565
8575
1156
5950
9379
7031
1454
6837
6086
6592
5536
7779
1157
7483
8620
8828
6892
2809
8428
8203
7086
4098
2366
3294
7573
7019
1737
3663
3575
5580
4769
6283
260
8656
8934
8950
3660
7221
1267
7522
7009
8419
2880
8044
5661
7474
3555
9056
3853
5498
3566
3871
5798
6411
322
2950
8515
3963
780
2941
4284
9058
8806
6399
852
6448
6776
6114
8440
7105
6387
7701
2000
5344
4355
7335
3572
7461
5077
8127
1427
5044
2266
1487
6364
5006
5338
8553
8881
5249
4428
4513
3242
701
8248
225
7864
7584
1259
273
4379
1064
3386
8264
6572
6042
7056
5758
8337
9344
8956
5042
2499
399
9513
5143
6471
3480
8763
6786
4984
7448
2100
6493
5806
922
5820
6681
927
7494
2363
7633
1819
4639
2527
2798
1466
4581
9442
9215
3170
8010
8324
7048
6542
57
1284
3031
3650
9407
5807
1765
9577
5961
2778
1294
3398
4166
7226
4632
7561
4733
7951
3350
2518
5202
3674
6285
9507
6235
7061
5195
1782
3896
4922
6450
9525
2769
6236
7117
2496
4595
4445
1332
333
4778
3642
7735
7638
6280
9059
6384
7480
5337
4328
7804
4684
3372
8097
9183
5706
3622
5628
5577
2047
346
8342
7608
9597
5426
1562
7114
2448
5488
8981
9368
5013
8073
4859
2117
799
9162
6783
3032
5702
6467
9081
9594
6575
1739
7631
7572
9275
6808
5841
3279
9850
4518
8058
7020
8485
1511
4520
6968
6486
2652
9427
2173
4019
6412
5131
7162
3527
2576
6095
2822
8101
9276
2764
2932
3960
5036
5726
9013
9518
3855
2856
8432
1426
9971
6910
3643
9004
128
608
4112
4440
2796
2094
547
661
9020
5506
9624
1027
3320
6192
1813
8724
9997
8829
9786
4056
6725
6979
3762
174
2522
1083
8510
8017
6264
3202
8525
6381
2382
5649
1523
6302
3265
1396
8229
7007
8577
1146
7402
8383
7667
359
2913
1457
3366
6820
5115
8733
2397
3379
1869
8948
5045
8841
3672
1526
7822
2537
456
7995
4992
5710
6894
8107
9224
9599
4124
2644
7782
7812
6199
2909
4968
7707
1431
3533
7720
3321
9862
9777
3751
1763
1678
9257
8980
987
8369
7923
5747
390
2713
6854
2881
4804
1165
5942
6630
9434
7555
2750
7183
5383
2137
6626
7065
9752
75
7949
5293
9166
7761
443
5745
7621
538
8976
1277
1496
4926
7730
6871
5647
6439
687
2292
1833
4114
7803
9972
8589
7030
1018
1123
8140
7777
7380
4648
1316
4538
6506
5746
9993
5292
9488
9181
6048
2592
8692
5183
9078
5952
4235
4524
7849
1084
892
9113
5559
5205
7098
3644
923
9727
3839
3392
3216
9740
8610
4567
1684
380
1150
5693
4283
1576
2380
1541
9859
3309
4809
6315
6009
4407
8700
5514
2596
5938
7125
6650
2140
7192
4796
2908
4253
1115
5608
5686
2400
8341
4268
7906
7916
4323
492
9205
9681
2747
4352
5587
3648
4135
6749
3679
8754
5964
3042
8927
4163
86
3384
9450
3838
6483
6472
2970
6178
9759
3791
7998
8988
6874
8184
5884
9157
8984
4062
9032
1170
3684
7360
1608
2801
4041
9127
3819
5522
1390
9265
2605
2086
2466
7024
4009
4514
4714
5260
6946
3768
9811
9960
6701
3380
8512
8746
7905
7197
2573
6743
2938
1947
5607
9027
9842
8495
335
8852
3945
1543
437
5254
4233
9151
825
8685
1105
6632
5076
9000
4765
1666
7639
4870
7090
7661
9021
4989
3116
4375
1703
5847
3217
8436
530
9967
3097
7642
5943
7556
47
7261
5474
1757
9145
3890
8518
2374
4285
1942
9475
9970
1698
3282
6214
8016
5152
3160
9961
3929
4730
7081
4172
5378
5657
3955
1375
9921
9880
1973
7598
236
4532
490
8004
4689
3136
5768
9047
8482
2218
4522
2133
7571
2163
9003
8526
2745
7409
2812
7195
4802
6504
9306
7756
9238
5538
3427
1742
8227
8372
3203
847
4002
3046
7264
4821
6198
6499
5996
7994
4748
4312
6550
2483
3180
9250
1588
3947
8336
9522
8795
2784
8648
7893
4100
8507
667
9352
5721
735
6805
1660
8035
3461
1365
7775
2927
8734
2319
6496
3725
8137
2824
2577
5908
9398
9378
5198
71
1401
4273
1631
562
4720
5322
6289
2840
4786
2257
1805
3537
5926
8694
8887
3
2099
3545
3952
3231
8815
3396
7374
1112
4194
9062
1189
7123
7266
290
4023
1652
9686
5473
508
1470
4496
5601
1260
2009
7978
5895
647
8316
4365
9348
5455
2816
9053
5049
4999
3620
7941
7469
6692
5897
6230
3592
1886
3289
7423
7791
2897
3924
634
3820
8359
9108
7732
5391
5719
3459
3221
5492
9050
9438
1025
3245
9661
9956
3972
5134
7574
3599
6116
5300
5259
4052
6138
8501
144
393
2324
2625
1215
2120
1452
2462
2650
6207
5667
1445
5051
365
8464
7414
9080
2084
5626
8166
8457
7361
3198
8524
4491
5886
4065
2702
8703
6446
2012
9017
1020
9102
2951
9228
7241
6971
7806
1444
8884
864
264
4979
182
3199
7279
449
8357
3240
7399
3977
5931
5288
2627
6155
9585
410
9897
9781
6844
3872
875
43
5163
3056
4318
7850
8753
156
6603
589
824
877
5204
8597
2724
444
8731
1697
8687
7174
3237
1898
3271
3928
9609
6825
763
5219
7350
7940
3971
1173
1642
3830
8025
471
7874
6188
5887
644
8677
6567
9175
7230
8395
2969
6869
4244
8951
1004
4680
9650
7688
3107
5165
3236
7497
777
6067
7605
159
387
5420
1088
909
3149
3394
5543
65
8331
1145
7049
5223
8211
8001
6511
1224
8682
3325
715
1654
1226
8556
9579
1946
6356
7006
8032
9071
8378
1272
7875
2533
2148
5060
9035
204
5808
7271
9421
3730
3531
8462
6553
6612
1829
8570
4059
9079
908
9751
4400
7783
851
3058
5328
1800
8784
9376
5966
7015
5331
3741
6335
6996
9512
4226
1327
7654
5783
3280
6941
5870
7565
8079
3472
26
3267
1204
4005
6967
2357
9564
6935
3511
4339
1448
8665
1149
4395
602
6428
2854
5701
8576
2193
38
2368
1331
2563
833
6167
7216
5466
4902
3543
1727
5107
2267
6926
8957
9556
7027
5011
4403
2056
9863
3568
4833
9428
8801
899
6796
8185
4918
2407
2231
7250
7943
4301
9167
4966
2361
9070
4767
4701
7960
7322
1354
7110
4093
3327
8439
4133
4737
4500
7890
6204
7073
9869
1870
5593
4511
6788
1091
7712
1722
6046
2531
3313
8450
8690
3333
2572
6798
289
671
9676
6576
5449
3886
9838
4991
4231
594
903
6072
6826
9895
5928
8548
21
6780
9430
9170
2472
7369
5891
3785
9847
9817
117
8802
7198
3098
8587
1435
1142
7465
4929
8208
2289
6322
213
7548
7136
4627
223
1796
373
2556
388
8061
988
8
969
1558
9126
5441
7486
6986
2513
8240
6951
2676
5690
4749
6978
3177
2593
4806
8810
3230
6876
753
4464
8418
278
4534
8756
6953
6497
8744
4835
3611
4924
1976
5359
4664
2040
6938
949
5673
1533
5554
4446
742
9356
666
3965
6424
1248
7141
5566
24
7922
3707
3659
7126
8979
4667
4035
2502
8935
5777
8673
1852
9785
7514
6001
812
3406
9258
5665
5754
4917
7425
5713
1939
4343
3468
2073
9634
8218
9099
6531
4925
4302
476
1342
5315
149
8621
3033
3814
945
1620
7419
181
1108
5868
6216
3805
8953
7189
7539
4308
6803
7077
5856
5561
1270
1574
164
7968
5191
189
4570
9520
5645
9445
6720
9701
6379
8176
195
368
8834
4871
620
573
4068
9259
1662
9441
8021
1348
794
4394
3163
4110
1311
198
4278
2651
1043
1931
1297
956
4190
8277
1200
5280
2711
4432
6473
9911
5197
8791
8042
8402
4410
5376
1658
1463
2215
2732
3804
463
9423
9277
7205
5528
6300
9072
3207
6211
3292
4279
3360
9894
2172
4083
7227
8065
4973
2669
762
6988
3696
1705
5955
5997
1028
521
6741
8780
5137
4137
744
9463
2515
93
7553
1724
3438
5749
4366
5369
9196
8897
8859
2456
3048
8255
6610
6313
6914
4237
9573
8322
6750
5384
7298
1695
4250
7398
4721
8201
3718
2167
8941
8285
120
8914
8545
9140
913
5821
9898
161
9109
364
6641
6068
1681
2060
6316
3481
4626
7762
7717
6470
379
95
4783
1964
1256
2344
2434
4770
513
458
3045
9002
4753
6608
6349
7876
6997
9887
1230
1355
736
7281
1120
6229
2958
2626
4771
9541
6145
6234
6413
5544
1521
6948
1251
8870
6728
7320
2116
7444
7981
2221
710
3447
4191
7337
436
4277
5173
6807
1689
7964
9760
7178
5811
582
8670
7457
6490
246
2931
6763
2107
1361
1919
3743
3502
8775
4502
1163
8978
1482
6623
2226
5654
5388
2609
2705
1665
5658
7842
1459
49
6939
8546
5374
3675
4420
1387
2544
4503
4939
9125
9311
6344
6451
5145
221
1723
7529
7759
5951
4486
6152
9138
1172
2748
4826
7524
6119
441
2984
942
2068
4682
531
3746
5775
8164
6056
8571
3558
7283
1972
6463
8538
5881
2044
728
