6600
855
411
804
5021
3483
6670
7852
5192
2398
7404
9786
1495
9164
1215
55
2267
6290
1318
556
4078
2694
8141
6196
547
9043
9317
3017
415
4515
4382
6244
8613
3369
8285
4736
9768
7472
1361
1768
9526
5029
1100
7747
9130
4949
5309
1246
4596
4235
4350
825
9030
8053
7064
1120
525
9911
5092
8224
5203
6639
1819
9228
4052
3086
8529
8259
2349
682
7900
9272
8048
1279
9932
4703
3840
639
4215
7143
2341
935
7455
5165
5313
2530
327
5113
2849
5542
1701
1266
7281
7470
6963
8064
4081
8638
6419
5581
621
5810
9696
5356
8514
6820
2907
4977
4747
8203
9612
1574
678
2083
321
6541
9430
1310
7902
2333
8456
6395
0
9657
4884
2990
5836
6722
4609
8793
8055
8894
513
7157
9064
2108
6828
6692
3046
3271
1438
3891
4075
2362
3823
3390
6104
3965
6102
4908
7689
3308
6547
7543
3878
4489
632
2327
939
5509
4505
5958
640
77
4861
8545
1784
3392
6497
7220
6725
7765
9103
5432
3482
4332
6449
2663
3543
5824
9877
1473
5759
3672
9300
9551
7204
3333
6589
354
8978
7283
2957
6184
5601
2829
901
4619
1010
8219
9961
518
9446
1384
8363
1095
9748
6373
744
6551
7658
5362
3295
2681
2300
6133
1870
8973
3208
3732
9429
5544
5931
24
3327
5501
466
8520
3166
826
5028
9893
1251
4500
813
8799
3140
1073
8966
5296
6171
1682
5921
3861
8483
8769
5155
4948
2382
4191
4430
3553
4602
8031
4978
4953
6440
1181
3403
7637
8187
2989
5701
1885
6894
1450
7371
9876
242
4610
3893
5950
2092
7185
8503
5022
1291
8238
5036
5557
9045
3550
2992
1175
6466
8393
725
7579
6253
7357
9550
5491
9312
7115
490
767
4338
243
1505
3674
6339
6530
2533
2698
5279
3128
766
9139
7207
6162
4216
154
616
3914
5108
1022
4328
5144
902
6503
5763
5232
4566
960
5093
3389
7451
5463
969
649
6038
3934
9054
5909
6143
4896
6978
1720
7144
228
4178
4850
1164
2053
1818
1331
2955
7053
5727
5357
4087
7155
6706
2197
9791
367
1306
3331
8183
8220
2048
4494
8326
14
2966
2649
2034
4097
8117
9710
5178
1626
3000
1115
917
4016
5377
8983
9134
8390
586
6163
5343
8620
6606
4092
8121
1646
1141
6075
6315
4588
9207
588
9173
2420
6580
5150
4700
7904
5667
9000
1614
5119
2785
2199
5750
4854
9256
3549
9905
3275
9970
8071
4209
3258
2027
7674
3902
352
3801
4644
8786
7098
5857
3015
9672
6326
1676
7473
139
4594
5319
272
9070
2236
6208
2574
2140
4939
8970
5523
5646
6988
4522
3094
1756
724
9165
3431
6566
4015
5307
4816
8665
8246
5318
9936
8785
4645
6848
1859
113
4915
500
8186
7806
6741
1195
5556
9259
5136
2794
8050
7842
8763
1909
660
1029
1439
3824
7462
2344
6478
9125
8585
1901
6074
1250
912
2305
4836
4088
2122
1201
6915
2310
2537
7052
2060
1520
8673
6320
7217
6275
8528
6672
3144
8598
306
8661
1192
666
4536
7672
3751
6638
2921
2406
7809
571
9301
2655
2181
4599
6595
2157
1000
6048
1455
149
6608
6548
5436
3959
3182
9129
6744
7373
6867
7041
9434
8537
7899
5708
1858
5707
7421
6169
4838
4771
8039
2186
4291
1421
120
6630
3808
3752
9453
5442
5586
9712
3792
815
7090
5
5154
763
4059
998
1218
1569
8460
5370
5133
3470
5073
3332
7071
51
1799
696
9507
3935
2360
5765
2934
8234
7527
1286
1430
3980
1075
1998
2
1754
9921
3809
1028
3200
4617
8099
8265
8193
2702
6331
7854
8239
2540
9361
6279
7737
7757
4698
2778
1359
1974
1813
2217
44
4964
664
4613
9252
2835
3365
2354
7313
5175
9944
6237
3909
2343
5289
9445
4026
1460
289
2078
7518
9942
5378
5539
680
8944
1235
8160
7264
1210
4879
7963
2826
1746
1593
6268
432
3388
9161
245
873
2461
1026
2831
9403
5218
1530
7294
7599
7298
3444
9414
4818
7584
3615
2780
1471
1619
184
2224
6394
3876
4860
8308
3498
3611
3754
9560
3822
2710
6964
1702
7254
3892
6914
5437
2171
1615
2898
5010
5037
4931
9557
3679
8477
8917
5743
7396
9461
5888
3529
2485
9797
4823
6192
2261
9610
3974
2742
1910
4605
6077
62
3923
2151
316
8217
6164
6445
6368
236
1579
1265
5047
3220
8278
6362
982
8041
3552
7121
8165
82
4405
4396
4233
7739
3748
6069
2818
8457
1462
8778
1952
6467
7570
9919
630
1785
965
3927
979
2950
4149
8694
1734
7546
3871
2717
267
3653
9246
369
9017
8411
4893
7420
3003
9784
2013
8150
3411
4933
2126
5088
703
240
2727
3760
5913
642
4796
6126
828
8617
1176
5359
7291
7054
309
9971
431
5762
2913
961
8576
3252
8569
3324
661
6084
695
2980
2708
320
437
259
6941
1970
5550
5655
8765
6241
3560
2695
8038
4269
2101
9869
2784
9682
3168
1902
6961
6732
8030
554
788
4122
3240
6622
7381
2147
5128
4847
6359
8859
7840
2814
2740
3596
2774
836
1664
583
7646
3453
8104
5632
3833
9318
3366
7427
7752
6947
391
6518
9838
526
4182
4317
4282
2623
4809
2619
2804
8527
1114
5252
8284
1271
676
8895
8558
6423
2010
1948
3397
8365
9397
3321
4032
4980
3547
6149
6106
3474
3063
9391
6730
1805
6671
4352
9233
1102
4154
1269
3737
3349
3080
8125
2706
260
7136
5694
7450
8146
3238
3602
8603
8024
7550
5451
6699
5198
8111
6575
584
1589
9983
60
7231
7148
1522
5153
2088
5635
8044
5822
399
6215
8509
5470
2652
4963
3190
1776
871
4966
8669
6812
2407
7553
7206
2481
1868
4726
8550
5098
8953
2798
4658
7949
4340
4993
5151
2538
7519
1354
4342
7610
9914
848
9229
1943
3493
215
2159
208
9726
7640
2403
7554
5116
5520
7227
6287
7060
1728
8802
8327
3016
2680
2636
7114
1374
1704
6150
5839
4642
5007
6952
8934
4639
194
1714
2031
3911
7832
2553
1877
1802
7616
5157
4709
7617
5402
5001
4437
9310
1402
7347
7104
2896
8395
7006
7762
3468
6471
7961
6925
3684
7345
4804
8317
5588
8172
3123
5726
4433
7591
6446
7424
4889
2133
4353
8438
4310
9796
4958
1475
8189
9777
9277
4593
2258
6140
238
5696
5986
5766
2535
4776
8361
9754
1911
4911
3579
213
9404
8555
6364
440
2357
1703
620
1691
3065
1878
3433
4578
777
3793
7510
3717
8574
298
8260
711
6857
5603
3950
8821
2243
4326
6243
3879
5458
9146
8533
9295
1723
1206
7517
8496
2982
2337
9492
717
9571
8303
5228
6747
6844
1051
7763
3816
604
348
2104
2598
7836
3350
8003
6155
1926
7665
5709
2203
1259
3037
4041
9699
2576
8522
7520
3559
7628
3704
2550
881
9628
7297
1539
9992
3807
140
2961
8678
7645
7340
8013
6134
1185
8028
21
7916
8026
3569
4587
65
7794
6869
9988
38
7017
463
9553
9321
4245
7171
9324
9421
6596
1905
377
8797
4756
1293
4684
6667
3639
9282
1806
4909
2512
9979
6029
3406
3479
2069
2210
2960
7522
1067
9012
2800
3962
5837
7750
3764
469
4035
8714
4206
5940
8068
7978
949
3518
1088
8231
6729
907
3463
2373
6345
8868
4938
6399
6723
4337
9198
3761
464
7351
8027
4737
3956
8274
7819
1941
5408
6760
7465
7425
4946
9747
2969
6165
1498
2462
618
5653
5702
8526
7859
5213
3678
9544
7611
6632
8066
863
769
3937
7906
3969
1254
1696
5535
6878
7037
7077
8307
3991
6248
3132
1659
2416
9089
9398
2799
3189
1405
530
7709
7749
3687
9611
2806
5325
3249
9994
8074
9357
9059
7997
9660
7798
2968
3642
4221
4425
1908
5082
5725
694
3118
7576
1861
2614
7442
827
299
2802
3842
3195
9141
2832
9953
2029
4608
1083
4987
8616
8268
9663
4293
4324
7571
8909
3604
4237
497
7974
6225
4284
7235
1160
7528
7430
8131
2527
4502
3362
6748
237
3460
9745
7707
7530
1783
7919
2331
6754
2264
7713
9329
7233
7634
5018
4177
264
4170
9675
8912
5953
9598
9740
3062
6934
6537
2335
4199
9061
5499
5640
9442
4991
116
7880
9177
1678
3675
4031
9506
276
9817
9873
4740
8487
7879
9917
9940
4034
7433
8498
7729
733
148
3773
5190
1278
4855
5204
7875
7678
9080
6607
3464
6230
594
3346
2183
2286
570
1012
8754
5135
8342
9436
9990
756
5770
5430
23
2815
3064
2426
7691
3926
1163
4222
2006
7577
8350
7855
2372
8250
8474
4622
2791
7166
5848
7890
2839
6456
2523
7328
9113
1976
5278
4941
2182
376
7400
3301
170
1986
2037
1207
3978
4415
4361
5004
8502
9504
5918
9597
4584
4951
4225
6784
8835
4538
1848
3287
1057
6720
6520
3099
1637
3147
2608
318
9516
9020
4421
3438
6823
2179
8280
1890
8073
6919
9163
4670
9227
2339
7523
1891
6392
5422
4187
5877
1096
465
6652
4625
2367
3544
5497
3971
6199
941
7301
1525
4618
7509
5585
6344
1257
4229
8674
7469
710
568
9107
4628
6450
3819
1377
5678
7189
5847
4349
1542
2111
6474
999
4256
8810
1827
7176
9926
4399
7015
3314
6221
8774
8340
7280
8995
9996
7292
4790
438
671
2881
9153
5195
4979
1488
1814
7359
9154
4825
5315
3420
2929
3150
7799
8856
3724
8200
4473
1211
7605
9105
9294
4171
5201
252
9868
2946
6986
2247
7005
7437
5737
6930
2580
6750
7240
2226
8702
4984
2405
4992
1078
8290
795
9307
6353
1045
4666
6765
5849
9776
1146
4429
2283
4742
1647
7342
5890
5182
4554
1144
4417
7489
2811
4201
8221
8085
4175
7319
4453
7889
7578
7161
6886
365
3612
4156
1457
5844
686
3759
4814
9187
2262
6677
4972
2825
8249
2436
7956
652
4355
7775
6089
2294
1913
3270
1292
8233
5196
3903
7740
9150
8254
3920
9
5966
4260
2208
3623
3382
5074
6400
7380
4135
8043
1302
5081
922
3858
3769
7329
5861
2834
8451
3267
4240
5560
8273
810
5008
5373
9345
4491
2038
9973
9827
5433
4409
4475
3299
7131
2435
2238
8343
6991
487
8915
1053
7446
4734
7625
1717
3806
2775
540
5209
8683
985
5570
8466
4140
8817
3870
7971
3558
4057
6999
1946
3454
9191
3880
1327
9170
1752
7714
1971
6034
5741
8926
784
6967
4533
8845
5484
8924
4822
1487
1897
4894
168
4480
5112
6025
6062
6956
3204
5426
3565
9360
6577
4499
2935
9686
8906
2891
690
2009
3847
2036
1087
9136
6507
6511
7924
8212
6123
9058
6533
9844
9789
9531
8222
8787
476
2984
1077
7512
7560
6687
362
3907
1082
4383
3162
8972
2679
9096
6757
4106
8730
5843
665
4336
9079
1297
9700
3323
9552
5351
9831
8568
3120
8827
9501
742
5973
1459
7491
9648
1750
6012
6434
7079
4161
8796
3273
1677
8911
4656
8298
6343
9894
8538
6502
7011
713
1404
1064
1417
9496
3052
539
1123
6594
704
3138
1745
2205
1197
4936
1253
5899
3320
3312
3304
2041
8948
3129
2906
5304
6493
2017
7429
7723
1744
5968
1892
2495
2666
3637
5644
5344
2720
611
9353
970
8469
4219
4174
3986
9137
449
5504
5591
7246
6358
4103
4867
4387
4364
1118
9473
8247
6090
7948
9781
5718
4232
563
9521
721
8884
6574
9891
1510
8660
7099
4952
6284
4118
4539
1713
898
5056
5674
5006
8672
9670
7664
5159
2257
6376
2249
9922
9285
6288
8204
914
7401
9409
1285
8679
3563
3328
9930
6007
903
3386
9097
5978
6051
5889
6481
5239
423
1296
9213
3804
1429
9204
2787
2497
798
7192
8907
9678
5845
2704
2586
479
5120
2748
7935
1545
9480
3502
417
6027
1333
614
4381
1830
4470
7335
9432
6906
3106
9622
3814
5109
6035
644
7736
9297
4647
8534
8009
9577
346
1753
9292
7353
9982
4311
6598
129
3305
3130
7830
3686
447
9874
8376
6542
8144
7447
2724
3693
9428
285
5283
6385
8801
7179
5286
9947
9283
5783
6544
8773
3702
1011
3958
9328
7049
8334
4559
4675
945
3159
153
2846
3699
2856
8406
7745
7761
6159
4109
2316
1128
1729
3035
5929
9085
9238
6845
9651
8570
7078
4268
9244
7575
4119
4270
6971
7735
286
6695
5460
444
9935
8671
924
6515
9785
9581
169
5980
9426
2762
7569
6685
4127
2634
4999
7230
2201
2244
7516
7662
5444
5235
7068
8292
3896
2868
8499
5066
9221
7112
1231
9755
3242
6898
6375
8014
7957
9721
76
2153
9852
4050
7156
394
6458
8437
8596
6615
4916
988
414
5456
1978
8153
1324
4568
9725
1281
5615
3557
2274
1477
7695
7295
8542
2641
5322
6616
5262
3630
5616
5654
7979
6954
1052
9052
1238
5764
2949
1034
2983
5896
8643
9499
2125
9937
3472
8593
5989
9167
1014
6620
780
8611
6564
8281
1950
9168
2594
2797
5680
1938
3665
4541
7711
9230
9723
4512
7275
2277
4728
8642
6811
6935
9813
8096
6821
7002
3605
1504
867
9195
9071
9352
7846
8837
6625
8635
8692
9363
9972
6076
819
9756
5892
3719
5413
9780
395
9278
8315
4865
1061
4689
3281
8078
6951
3334
5095
5338
5687
6259
5162
2025
2735
4665
538
5518
7685
1803
9359
7216
9987
9715
3341
9583
1086
7042
9471
1295
1921
266
3158
8492
9976
3280
3710
2722
9541
4872
8974
5302
9658
4886
1458
754
4169
4570
8523
4873
1393
7847
7218
69
3480
1397
416
9029
4346
1582
1621
4685
580
2361
1320
218
5471
7564
2930
7398
931
8662
9681
1915
3232
5260
2672
1944
9705
7009
6486
1303
8968
3736
5269
6190
7055
3533
5015
7135
4802
2852
5792
7109
1681
3422
7837
8321
6001
6332
4301
2418
5063
1656
2875
8925
834
1992
7194
4572
7818
6260
1313
2558
7954
2234
4084
5365
832
6156
4718
8900
5251
3698
1973
1351
2492
7507
9643
9383
3348
1172
8581
3494
1326
9596
27
2650
4727
6056
5884
9188
7270
3384
2750
4514
6383
9845
8336
9344
8061
5668
5185
1980
3729
3043
6634
9106
1113
6030
8093
7876
9478
8901
4785
1125
459
7615
983
2281
3941
8230
9289
9411
2225
8795
2228
1975
6203
3481
7538
6039
6157
1988
6112
803
7694
8331
5508
1132
6479
5543
1371
5214
6899
1492
3619
1328
1867
5842
1004
135
5946
8914
2271
6428
6663
3284
7007
2050
3448
8882
6546
2893
7921
1406
2375
1445
4635
7153
9155
2601
6310
4881
8701
8659
9450
105
7910
1872
9773
5530
5711
831
136
626
1919
7331
9825
7841
9275
1898
3813
2475
4986
6357
6127
9001
1476
2280
2433
7632
5941
9736
9158
5407
9839
8567
1486
2113
1335
992
9637
224
8108
1929
6970
5016
1126
9984
8060
5993
1755
5002
4408
3835
1780
7534
5243
3658
7878
1276
1770
1084
3179
7686
572
5712
9997
8130
1766
3778
8302
3049
1352
9778
4943
9649
7810
5440
481
8242
6404
5000
622
1507
7268
8037
4401
6292
5795
6629
9719
9368
2330
5969
6472
5469
2925
3843
56
5985
8513
536
1791
2156
761
3437
3586
8903
5079
9407
8866
9908
4313
5464
916
335
8491
6011
6605
3663
5031
353
1817
8168
4320
9245
2755
4534
8965
5757
6563
885
5401
6881
7586
8338
3595
2964
8069
9334
5882
8196
4028
3601
3504
9896
1918
7581
7289
883
4407
1758
5452
4849
4251
1710
3344
9081
4166
8401
6858
3865
1916
3993
2754
3726
2987
2674
2402
6929
8583
5630
5324
3278
6361
9603
7031
7323
9185
6108
211
1357
6977
9304
3340
7414
7813
3011
9102
6080
5626
6740
1790
4276
7696
2658
6489
5483
9035
4913
2524
2923
7432
6962
8980
4753
8435
3298
7372
9646
8936
2167
5970
9523
5274
7676
8286
3531
5609
9543
3104
8382
5987
6669
6883
2753
9242
8175
4919
8478
6388
2447
1855
9847
6469
2862
3613
6705
9371
7905
8591
958
374
452
7501
4083
2089
2427
2434
5085
3945
9969
1465
6405
5167
6805
48
7311
2728
4583
8618
5755
2771
8560
7236
5340
6191
7208
8084
3289
6597
5804
284
7226
5815
9735
3616
400
5060
1370
2292
1849
899
3203
7795
6443
6008
7976
6132
3652
5613
9833
8430
2045
918
2086
9846
5329
9181
840
1501
1935
9219
2175
6522
6865
7877
7771
7315
8648
8276
4720
1227
9875
1055
5587
8697
4672
1837
7130
2356
1478
1566
2682
2514
2544
5427
3575
6152
6160
4910
4532
4155
4710
9615
4611
1046
6424
2556
179
283
3495
9094
6462
1346
4926
4012
9815
9803
1972
382
9449
8185
4607
16
5096
4195
8833
5582
5821
4624
4066
507
9122
1523
8399
477
8780
1233
7288
8798
3940
8928
7515
1651
2096
1353
608
1966
5728
4003
8095
9640
3439
8805
5326
838
3408
6562
5697
1906
4598
4853
573
8103
5781
484
9491
8964
7525
673
3125
6927
6094
5977
2348
6922
5944
3485
5446
4928
3952
7643
745
8881
4385
8639
3711
2765
9683
5512
6103
9599
3424
4989
9178
5077
9502
2144
8689
3676
3603
3367
9237
818
71
794
8174
1731
3188
4043
4037
2172
3812
2705
6683
4404
3811
9076
3112
9509
8211
7567
5670
2504
9822
2213
3758
1030
9019
6552
7914
6314
8218
590
6448
9644
2651
1356
7893
4828
3318
915
6549
5406
2788
8709
2443
3192
2853
7556
5555
1081
7959
85
6762
4362
4542
2400
5536
6257
8171
4157
323
9023
5916
2304
5394
9376
3784
9706
8333
3387
5589
8283
2988
3697
5414
2617
6674
3961
8151
2173
9782
5146
3832
9653
7606
3763
2721
6
9722
7461
1961
1101
6272
3279
7951
3838
1097
6484
7
7366
9804
5703
3964
799
8397
6682
9018
493
441
2701
1116
5990
6054
5596
9759
7544
4749
8931
779
5751
2487
1277
9728
4996
7162
70
6402
5158
3018
5023
6690
9126
5026
7918
3170
9119
4739
2823
7021
9232
7438
3617
250
351
3692
9183
1857
9047
9148
6568
7804
1145
1347
1321
1670
3121
1426
8436
1816
3225
6336
1764
6354
7445
5455
7955
419
8849
6793
3798
4780
2604
7777
2193
5355
1777
2014
2858
8720
3511
9668
5110
8429
9858
9601
9472
9962
9135
7214
5211
5860
8539
8710
6856
4772
5954
262
6142
2819
2760
1299
1533
7986
9037
3740
4133
3014
8510
9440
5933
5184
2187
6702
1069
5418
2098
78
9042
8428
5358
4555
1005
1162
5259
6913
4714
446
337
5348
3394
7417
6372
9816
1294
1811
1927
6137
4314
6097
7785
6712
8299
7201
110
6772
7193
7721
393
8209
7803
1182
9462
74
5091
7923
9410
8768
1325
1153
1072
5988
565
233
1006
9268
4479
7896
7069
1098
4758
562
1665
1435
3600
6409
9750
956
7883
2971
8180
870
4876
2887
2137
8288
6091
1330
6300
9960
54
1540
3186
3487
5651
2206
3621
8609
511
5320
4334
6121
4139
2642
3535
1366
1541
2392
6837
6240
8100
4164
9549
8902
269
2522
6085
294
5341
5121
9864
6063
3181
6582
9485
6431
3355
5017
6333
3886
8057
5645
1401
5574
2067
2854
5276
6024
1202
5164
5467
8210
3256
7864
6979
5064
1800
3175
6664
3187
2489
8633
1142
3708
811
793
9006
2838
7168
5510
4318
858
3260
4812
5840
9888
6321
9028
4184
8034
6948
5268
8465
9897
2994
8848
1844
2430
7167
4151
9333
1608
6363
925
6679
3303
3875
6148
3058
9172
6115
806
7654
3745
2417
1846
751
8686
7434
8228
3705
6650
7082
598
1924
8517
6903
6581
8549
1957
4805
5798
4112
223
134
5545
3009
2432
4573
4869
1031
9548
9659
6944
9819
4575
4807
4787
1414
2628
1364
5468
79
1983
4773
7111
5999
2207
301
5637
2749
6028
6459
6161
8854
7920
9835
8062
3779
2016
5439
5264
9559
7572
3317
650
3093
263
7566
9964
59
4426
5552
75
1567
2123
6187
4994
8025
5522
7286
3800
505
4885
9872
8094
6312
8319
4272
342
8244
7513
9217
2128
4007
3516
3245
8992
617
2528
809
7150
7384
1535
4870
3042
6555
2107
6204
1558
4858
5306
5549
4185
303
1178
274
6016
6932
8764
5612
8975
8564
5111
1528
1596
8971
6553
4150
1772
20
7030
9840
6138
1518
387
6176
1509
4891
6790
7479
4394
412
3900
4060
3081
6427
9073
9650
9313
4226
7587
9336
8237
3193
2991
9314
219
9527
5399
9145
9326
6713
2833
3524
3142
8604
5818
6997
4024
254
2383
8359
3730
8070
307
8387
569
1695
3124
5086
277
5107
1039
5291
4925
408
7422
5019
8627
6751
8548
2626
1463
5220
4576
4741
126
637
360
8921
4546
7706
2324
1743
3219
6316
8373
5247
8388
3475
5876
3771
5699
8015
7772
1033
4403
7410
3905
1424
3864
2579
2075
4751
2999
9489
5193
4200
5900
552
2555
7318
6387
9687
2945
7354
9554
2657
3977
7490
2827
1781
7186
8102
3853
5441
8737
534
1200
17
7811
8946
6180
6505
2273
6128
2044
5419
9291
435
8652
2425
6256
8546
457
2956
5275
8600
4765
4416
7067
4123
6319
2397
8767
4432
1964
9794
8439
7324
4935
47
8595
8362
3989
8812
6532
6817
837
8897
1981
6535
1226
9859
49
9350
9263
8444
5410
6206
6110
1167
1016
7940
2897
329
2191
1444
3590
1309
3342
7330
2043
5035
978
4488
730
2424
8632
91
1887
752
1209
9365
3634
1234
9642
4137
2885
1219
5917
8097
546
8608
9477
2466
1765
3210
9575
7817
322
5231
3691
4519
4343
8708
6401
4194
9518
2545
5864
6800
1434
6786
6601
106
2668
9441
98
2106
375
737
7232
1329
1079
8869
1707
292
9767
856
5172
9880
7238
5253
8998
7426
7481
7708
4735
7483
6523
115
5879
3430
9619
8257
2194
5808
9600
6957
7953
6236
7265
4099
7754
7034
1398
4712
4903
3700
1779
4553
5998
5858
1446
4069
9638
6488
2845
1177
8597
7823
3001
7743
5942
6710
2269
6884
8152
8566
439
557
7408
3936
2899
4275
2840
8181
4778
2413
9576
2936
5754
544
3068
8945
1660
9641
8824
7684
5124
6905
768
2235
2164
7282
6105
6923
8148
6781
740
1301
3671
4001
5553
3908
4439
8410
6727
8916
8834
3749
4039
5547
8723
6771
8353
9674
3109
1229
1884
3915
1834
8440
473
8110
1189
1513
8738
3656
6350
186
488
9761
2590
1956
4819
5740
5331
7928
7793
4621
3449
3632
9203
6840
522
1757
6202
3090
2351
5835
5830
1367
9487
145
6808
8351
9425
6113
9470
4252
6862
9253
7416
535
2204
920
9448
1503
5959
2948
3713
2149
4930
7863
9627
7724
908
424
1654
6311
143
161
8077
88
8289
4920
5285
6788
8016
6610
2288
4051
7277
4435
8059
5013
2883
4360
123
8836
9338
6796
1493
7825
9924
944
2685
9843
4788
6850
162
3486
6247
8087
1467
7535
2165
7792
5928
8021
6900
7767
4664
2637
2508
8704
6590
1068
3012
261
6251
4692
9159
9248
1342
2643
6557
4073
8587
4723
389
8360
4243
1794
1871
9220
2379
5745
122
9807
7580
3446
4330
5870
3924
9608
9124
6198
9274
6508
9851
4297
6289
3845
4830
3689
7565
1742
2276
638
9175
2355
4036
9514
6194
6993
2517
4357
4223
4344
2380
3131
8473
5342
749
6942
8582
634
7413
7200
9524
7035
3347
4167
741
7063
7850
6174
8089
4492
2766
1669
6797
5080
6807
8999
6904
9854
7199
1865
4759
46
2660
7174
4531
6485
3473
425
5614
2241
4395
6280
7296
6526
6686
7089
3921
6759
2040
8394
3095
7272
6714
7095
1778
5236
1634
7814
627
2520
4094
386
6480
9753
4457
6109
1284
8602
9793
738
3291
3631
2665
7072
5179
8149
8547
5254
6813
2588
8656
5511
859
8105
3183
9116
8082
672
7028
3425
4550
5188
6877
9837
308
4131
9343
5893
5825
1262
6614
3221
273
3606
1130
2047
9519
8161
8831
5199
7262
2119
889
3361
3540
8732
934
2340
8675
7019
1442
2308
8811
9381
1322
6836
1423
5040
2072
3618
719
4981
765
3374
3790
3230
9968
8479
1224
8601
8828
4517
8757
6538
6454
8162
4800
8163
6304
7710
9323
4848
1008
2384
1674
8414
4376
6918
1760
3418
6733
6743
406
6071
2142
1815
3209
6647
8910
2822
2879
9271
6057
355
1122
6926
865
8832
7915
3330
2082
7499
7108
3309
9422
5070
4402
4954
3373
2518
8129
3786
4731
7386
3802
8482
8135
1399
7786
7898
72
2763
2647
1305
6921
8403
4244
1040
8667
7477
173
5142
9016
6816
9114
5134
7874
8004
1732
5564
332
5258
8512
6829
7023
4501
5972
2251
9620
4449
5494
1661
6384
1795
4561
8489
7409
1698
4138
6633
5666
7356
8891
8427
1555
4580
3356
8950
1888
501
6491
986
9965
2486
9288
234
684
8415
726
2709
8899
817
3294
1213
3402
8784
2020
5298
1912
8988
5874
2572
2090
1369
9902
5685
3508
6303
8818
1363
792
1709
559
1117
2488
8776
4616
8243
2268
3566
4181
3061
4458
4220
3947
2453
4143
6506
5054
2519
9798
3597
4463
6498
3311
4358
5366
6239
8431
2120
7129
8461
1668
7966
3194
8962
728
1551
5425
3541
3536
2820
1300
5477
455
1666
141
1441
5027
5657
9824
167
9072
1148
1502
7529
4472
1748
317
128
9024
1655
6773
8874
2429
3228
1268
8622
5210
7486
1812
4183
7056
5799
3265
8794
7137
1298
7441
6780
8227
1556
6313
4153
2479
1157
3898
2792
2551
7857
4528
8194
4567
7443
4287
2697
700
9309
6801
9433
6366
7594
2168
8346
43
1245
2071
4956
1449
8677
478
6974
1403
1638
7700
5290
3788
6521
1203
6718
4263
8291
361
911
6565
3696
3045
8425
9545
214
5041
9394
8052
6665
8530
6937
4660
8933
3797
9812
7338
3614
5826
1263
6403
4912
6943
9151
2678
31
8599
6591
7856
9138
9284
9883
4427
775
3670
7680
4967
1350
3882
9176
5393
4017
3967
6959
7848
5533
862
9900
4513
1056
4114
6242
658
9206
702
9746
959
7000
7537
1705
1036
3636
5490
80
6545
1217
8458
4242
8310
1225
3050
4883
2388
8967
7464
6367
887
6525
2772
9662
9475
8345
7683
955
6046
7947
5345
6444
4104
6250
3051
2951
8864
6842
2240
9455
1940
9454
6818
3913
92
1311
7106
1828
668
3286
5375
2364
4212
9928
9090
5299
8173
897
7120
1930
6644
7393
1991
7303
333
2302
8023
1963
9985
4831
6880
3097
9123
3659
4837
5623
699
1188
6468
5327
4089
7097
3720
9732
7306
4196
8761
7070
2810
1962
3856
4128
549
7952
5449
8312
3572
3525
8123
4719
468
5732
7001
800
2730
7927
4134
2321
5559
8322
7860
7774
4486
2597
636
2770
138
2656
1
4254
1788
5580
5902
1700
1093
8158
8696
5480
7506
1143
9467
1220
2073
6855
8575
6824
9260
8772
4902
2719
8843
5531
2944
8378
8952
2328
2059
6778
7639
2967
2526
9014
7541
9679
2386
4335
8698
6578
7652
4447
2892
8330
7968
5648
9842
6675
5715
4014
9522
1999
7395
8426
9730
370
7411
9068
8756
9215
6232
2124
5739
2640
358
8001
5903
4898
8892
6435
1679
8806
4348
5478
5834
9062
3426
1396
2995
4214
8808
6868
4857
3818
7929
1925
2154
5385
3578
923
3591
9021
3292
7274
8235
5723
4098
7038
1616
6827
6697
5659
3293
9005
2584
474
2847
3400
9131
4176
2638
5782
3995
606
2326
2446
8358
624
808
2974
6558
5775
1624
585
7211
1581
338
6146
9393
5417
3712
9174
2322
514
3731
5271
5947
36
2600
2947
4198
4386
6496
6205
2482
6281
2077
4056
8951
1187
8927
4321
6341
5187
3285
5524
6058
5831
2259
9629
7444
4708
183
2654
2850
2118
8267
7415
943
7449
7629
5334
8019
4904
6814
3078
6885
2560
4369
7119
1900
8325
7697
5488
9738
7321
5618
5367
2795
156
4011
2138
4132
9408
5411
7255
2909
225
4862
2079
7348
4745
2855
3831
9848
1194
9476
8855
2501
1627
4422
4440
8923
6153
9892
297
953
5323
5332
204
7496
2002
2421
6660
6646
8029
2612
4392
1549
753
1994
6950
2589
2622
8245
402
6061
6613
2091
3984
558
3904
4795
8820
4882
1735
4786
5405
4100
5930
4577
3968
9007
6995
2350
9218
613
265
4784
2260
9948
8232
9347
3939
8707
6654
4887
6124
7317
7418
1249
5089
3139
7191
8700
2428
8706
7083
8040
2938
1244
3338
6890
9497
7325
1689
5571
4465
4148
5937
1516
6656
3739
2162
29
1390
5605
7008
6228
9197
4333
3662
579
2232
8668
221
5462
7343
4062
6019
7688
418
6602
9315
4792
2130
7649
1809
86
8412
5496
5169
5106
8919
3554
6044
7065
2163
6327
2807
2587
1594
1782
4535
217
5907
291
3917
1264
2552
8384
4265
4697
8445
7797
1508
5660
4932
1899
8588
5538
7622
6985
6299
3851
6371
962
130
3336
7105
850
4211
6662
3815
5339
9040
4688
1314
4890
6513
5161
6263
5347
4179
7539
1835
4769
9762
5513
5295
8825
5459
5076
3364
7085
6516
6798
5663
7133
6550
3322
3409
8647
6119
7048
6570
6014
1149
4474
5149
7407
567
2389
2314
3169
108
368
9038
7263
9374
6004
9881
5084
4586
3319
5744
8421
9800
9036
714
467
4922
4620
8255
7531
2816
6990
543
8687
3391
4777
5895
9749
5738
746
2577
5127
8505
964
5661
948
7177
3008
6413
2830
9243
3669
5658
6624
8750
7337
9049
9009
1208
6490
4456
8448
8557
4218
3803
9645
1341
2662
1633
9281
5443
3148
8742
991
6412
7687
5546
9418
936
3165
7547
6283
8223
6876
1611
9279
7279
4255
5746
421
1920
9912
232
287
1007
5619
8169
888
3302
2007
8646
2242
8033
3805
6309
180
8076
743
7833
9087
334
7202
5673
1854
2607
7190
8464
8047
9399
9439
3451
2000
6425
9255
921
3028
4840
5311
5855
4054
2312
5777
1161
2915
635
4434
4368
5094
304
963
7503
2813
6470
5487
3975
5072
735
655
3101
6390
2334
4606
4410
7613
2366
1958
6499
1724
633
3839
8127
175
3103
7362
1489
770
5700
2676
5838
2289
7768
2733
9704
6621
7734
7419
363
8693
4764
5360
6238
7911
8743
6569
5503
1620
1841
8262
3371
9731
8067
687
1738
9989
7970
3375
9340
5767
9680
9555
4806
5200
99
9565
1054
3134
4180
1409
3398
7731
8294
933
1111
5189
6193
6766
9384
1080
6803
2933
3466
4562
1420
5886
4770
5429
7536
121
2954
8904
3551
1625
9963
6976
3316
5390
53
7352
5803
7574
1725
66
6463
2313
6131
9950
6626
8418
7624
607
3608
6118
7390
9729
8751
5867
5592
7964
8889
8918
805
4266
7993
5794
6576
4509
1365
1304
11
6276
3953
3942
471
6018
869
8803
4945
3337
4367
4973
1419
3100
9396
5104
1287
8432
5932
2703
4262
5638
8524
8589
7309
3667
6717
6708
1491
8434
6430
8624
8896
5141
5962
9091
8164
5769
9490
1774
305
119
846
9537
7196
32
5551
1173
8867
6810
1561
8449
5114
1808
3661
8391
1708
8248
8132
1150
6945
1856
7113
2761
3385
7926
3326
5492
9290
5871
7727
6648
4162
6696
7972
3360
8937
6709
5223
5117
6756
5719
4690
239
8666
451
1968
2536
6560
6895
4826
1588
2369
6135
4482
2456
2872
7881
3957
2254
4721
816
5361
1553
5964
8453
722
9991
3750
6351
4923
1110
1425
430
4375
1129
7122
5183
1610
6043
4238
9707
5681
1726
8139
5438
6994
5525
7047
1904
845
5920
4942
1932
2997
786
2633
8621
8762
2507
3916
2001
1382
4423
445
8309
1358
2573
3
5431
5976
8636
6860
9958
5760
9713
7618
5403
3718
8865
3180
3315
2743
5475
6908
5363
6370
4048
1563
6738
203
7075
5181
3651
8847
7894
4476
6879
7124
5943
9420
8380
8058
1336
5502
2926
7003
2132
2005
5122
2675
2880
9836
1850
8296
1959
909
8792
235
4467
8207
6561
9898
3178
6087
3277
8788
3844
9346
8711
6896
1807
8407
5065
8484
5197
5780
5773
3266
4163
3645
8206
9189
2645
2042
2922
8741
6611
8008
7341
1204
760
3703
8744
6055
2440
8842
8718
5735
1261
1543
5967
5790
2688
6235
93
2178
7969
1769
7484
9205
2901
8341
7018
8293
2030
1903
6365
3432
8947
9853
8398
7901
9752
5576
4210
657
314
2516
1267
4604
8490
6258
1629
6261
4547
6026
4420
3506
1824
1240
824
2401
8839
4701
3021
1860
9299
9160
7314
2470
1274
5123
5753
6668
3243
2625
9210
8225
8985
6181
4478
8256
9787
9727
4239
4197
515
6775
8022
5650
3507
6047
697
6500
9493
8870
8264
5662
296
5125
9530
7592
6928
453
1422
6216
5336
1604
4827
9401
2365
7933
1836
1896
5267
3197
2214
670
2857
6420
6955
2068
516
8468
3234
3241
2161
6042
7782
4004
5145
1023
5465
7183
6438
4274
9586
2861
9110
9929
454
396
8485
6543
2878
2431
8176
436
9788
8416
2756
6849
5841
9362
4006
3457
6088
8525
151
95
8354
4018
2609
5498
8612
9169
1663
166
9977
5045
6940
6715
1895
4413
5791
1437
4653
8413
142
3820
5495
420
1652
3932
9512
4733
6416
8563
1636
6792
821
503
7094
5643
1826
4868
2085
5105
3894
8641
4158
8272
5628
8681
7996
6830
9918
3635
4725
9647
3029
6774
8020
1003
4917
3036
8586
8733
3593
1979
7937
4793
8455
5647
6170
4526
7456
841
2616
5813
9765
7045
1094
3262
231
7368
1169
3857
1949
9671
6592
5517
5206
7248
8494
4484
4468
9322
9486
6151
7656
564
734
5641
5684
6745
716
7670
9385
7885
7561
9208
3070
6841
5919
5910
7511
7022
8424
8314
7946
7619
4438
3930
3762
5669
5032
8404
8734
5924
8863
625
8381
133
4791
5389
6100
7110
8049
2895
2867
1340
2613
4892
9184
3794
5800
341
8559
4371
6144
6352
8379
9505
8447
5816
3836
502
8018
8075
9067
3701
9121
8383
6282
2279
4798
8725
4019
6064
1747
1315
7044
3211
1490
1015
6599
7385
8357
2977
1847
2423
4228
9614
7339
8958
7493
2736
7746
4230
7224
3354
3530
5521
9179
3020
1922
9724
7838
6728
8134
5733
3343
8630
5706
4224
3212
4093
1380
9639
1391
3216
7463
3910
7726
8184
729
1603
2359
3706
6328
5995
5316
5180
7815
4021
1256
1960
7985
4924
900
9266
929
7542
5963
9998
381
4393
5473
4141
9108
9186
9258
7647
5854
6433
8006
2635
8192
3393
4022
7247
2464
7245
6987
5293
2198
6910
4076
561
4842
701
3774
3514
6795
9631
9580
5926
1642
9003
2266
5250
3889
3564
1047
9617
5704
6882
3556
6049
5806
9806
4693
681
1675
4146
1607
6457
7460
2699
9830
3023
6211
1092
8515
5176
6436
3115
7252
1606
9413
2387
7182
9770
3239
5994
9144
8386
8860
4871
879
3767
4204
3264
9495
6270
4659
6911
8858
4775
3257
443
7480
9452
537
2255
3098
9890
7076
5284
7871
3582
7758
5281
2212
6584
3004
4834
9621
2873
8605
8083
7290
5170
5894
3949
2689
4322
6785
910
9515
6749
6072
8657
8500
7692
8202
7790
2315
9298
2121
8405
5177
9517
2452
3855
7992
1706
1993
9004
8349
5364
5649
456
3039
3707
6013
8450
1759
8649
6494
6217
7991
3609
2510
7589
5416
5033
7805
1825
104
3888
2716
4768
523
6179
3310
6473
8815
4356
6863
9666
7930
6573
1796
1151
9703
5865
1506
8653
1041
3725
7243
6588
8893
7934
6053
4549
1338
3177
5872
3412
5691
2018
6302
6045
1183
1643
8752
4687
9857
4732
2715
4543
9884
4560
7402
2884
5428
3999
5273
8664
4121
4065
9494
1474
7453
7128
2370
5540
3510
8553
7755
5038
9677
9149
3074
1882
6495
1751
2571
6338
7984
9952
1017
9216
9438
114
5516
4424
9618
6678
967
5224
489
2859
8347
1583
248
5683
2569
371
5819
8905
5147
7285
651
4117
6907
3555
3821
279
1936
2478
1186
7661
3416
2131
5337
4246
9075
3694
6223
9503
4677
9579
378
8205
2134
2028
4327
9938
4686
698
9508
482
9718
6154
7862
8819
5656
4730
7375
2451
9380
593
2595
3006
2192
35
8521
8994
9582
6763
5901
6642
8241
450
5039
4702
6129
3919
3290
9885
9069
3885
4063
4781
4585
5382
4090
2568
5300
3163
4982
5573
2345
2474
6451
7431
5374
7365
5225
7219
7886
8775
9870
9111
8844
510
2924
1385
1863
6330
7123
8355
8875
5935
1953
7773
2063
4253
7719
7439
2293
6396
9287
7844
904
1762
3998
9027
2564
2596
3728
966
2263
1260
5083
9466
5600
7872
9226
125
8518
5927
1584
2865
8682
1667
2342
2744
100
8367
6117
7476
2502
6519
1418
648
5981
739
1644
7822
331
3255
3532
2713
9115
6958
7025
6298
937
1585
3734
3113
9048
1411
9457
8713
8120
1089
4636
2751
6265
9708
1852
8080
3994
8253
6197
8579
9488
4136
6579
9182
1737
2408
3167
6286
1833
3776
6653
7989
3746
1496
4250
3057
574
6255
1873
6618
2905
4961
4124
7741
1214
8640
2541
182
4738
4626
7657
4466
9031
366
3996
9202
3912
2808
4082
3026
6487
1383
4844
6936
9907
9390
603
7399
2363
6779
3055
896
8688
5955
6984
8433
8739
5386
2270
3352
2864
7666
9925
843
10
9222
5168
3925
1134
7482
158
5721
6873
8400
4874
8462
1091
8531
2803
550
8012
3116
3928
5720
9254
9387
8170
5526
5059
4918
2769
8943
5025
3047
9613
555
6067
5482
3599
7040
5519
3654
4359
256
37
1699
6227
1690
9084
7839
2570
4888
1821
1527
3072
3399
4257
1942
533
9412
4459
6698
2757
9743
302
6060
7170
5541
7635
5090
8724
5602
5067
7504
494
8829
7500
8619
2627
4965
9540
1191
2592
2378
61
4493
253
1252
8269
7693
1152
9529
6831
6612
220
1416
3272
3133
2390
3455
8721
8717
5887
8830
7759
2463
1521
5489
1432
7125
5305
1775
822
4283
4614
3521
8258
4077
7195
7568
2445
5898
9967
2506
8777
3082
8862
6447
9534
3743
1733
4990
7590
2395
6659
4105
9364
5030
3141
7650
8301
1283
5132
7994
4667
1739
4046
6120
2611
3378
6291
7036
9860
5584
8506
3862
619
8731
4556
1344
8154
3796
5636
6183
6776
4280
9247
9423
8816
2932
4236
9588
9695
9303
5675
5514
7644
2920
9157
3715
1573
5493
8045
7800
5249
3987
3005
9634
2534
9826
4025
7549
6407
2230
3503
2566
3135
4520
2062
4875
4821
6222
6893
6676
9975
4545
7698
8420
384
6531
8063
4851
2287
8691
8300
2758
3096
2465
8982
9607
6175
295
2567
2169
1649
4815
7977
5226
4589
4524
8370
7945
2143
1570
8316
8138
1537
241
2610
8516
8471
8306
3499
6464
8329
7636
8113
877
9065
996
4950
5714
5713
1317
7257
2958
4921
3624
8960
4615
8261
229
7471
3515
2306
643
2910
4436
7278
6567
2412
8790
8114
6501
5693
667
4247
995
9331
4713
7733
5166
6802
9209
2686
6201
1158
1789
4160
6691
2291
5996
7058
8337
7770
8409
3723
9558
7382
7299
9225
4592
9841
4975
6050
4258
1719
2004
654
3465
6429
7074
5569
5885
9264
4877
2986
8107
3233
9406
5062
4797
8888
5809
2919
2200
1159
2454
9057
5280
1686
6098
7829
5776
1552
7562
13
8890
1832
8556
147
6799
7403
5265
4527
3943
3136
6853
3010
1562
5610
1392
2023
2739
4249
3054
4565
829
980
4040
1575
3681
8935
3770
3471
8823
6369
3906
3988
9046
7858
9939
6875
1349
4481
5904
5908
8680
1598
6147
7266
2094
7764
3088
8654
5515
4563
2195
5915
4325
2539
4013
3537
5689
1730
288
9513
9810
1154
434
7998
3795
4829
1009
6871
2979
9212
5100
3523
9296
830
6294
7355
5956
2521
4681
2648
1085
7867
4053
1105
3976
5233
6349
101
3585
4906
8275
350
2282
2376
8789
9561
6414
3781
9435
1866
9934
2972
4101
647
2503
8878
4947
5957
280
8840
5257
4914
9451
2056
9744
6901
9171
7748
2170
7638
5400
7300
6694
6832
200
9733
1512
8885
6306
7593
1889
7796
9959
4113
1345
6032
7091
5308
5710
5664
2325
1801
6285
6246
7744
9086
4067
6734
3756
152
3638
9856
3122
3496
3527
886
9734
1722
1687
315
7551
3274
8853
8628
6220
5115
6623
8364
6226
946
3695
1688
1481
8352
9664
4680
2323
8997
2644
860
3235
5881
6627
8908
7116
1881
8670
4766
906
4259
9444
7012
8091
9270
8304
7256
5911
6571
520
5396
8748
1692
3625
1612
2033
2301
1334
2057
1020
2975
6398
5778
4248
2061
8081
4192
3850
3598
3677
6003
8054
9595
8136
4506
5583
6835
6861
4365
3007
118
4496
2693
9236
9717
4290
5069
6953
3738
9098
5102
615
2100
8876
6707
6021
5186
3881
4662
3492
5869
6655
3206
2219
1773
8156
1969
3526
2471
4205
3570
146
6724
3325
3127
2469
9809
2253
3954
3546
6556
521
6116
4086
4581
3478
7102
5044
9032
3666
736
6229
8981
9903
9261
6017
2886
3783
1035
5820
2177
7820
7149
6158
5330
2148
5797
2618
8822
2602
8996
990
7802
7234
2866
1557
6804
58
6308
8311
947
9010
1883
9192
3772
3376
5629
7383
5897
8727
8703
5447
9850
6145
7604
876
8594
5051
7703
5129
174
3970
5688
9665
6052
2012
4968
349
2563
893
2683
7869
7843
1228
9077
4582
973
2093
8716
6340
7284
8932
5747
3359
2836
390
7138
2498
6509
656
2669
3690
1917
8887
2493
9669
2190
9949
5349
3160
2912
26
7147
171
1987
4511
5856
3972
6386
2860
1587
9568
461
1107
1684
9257
7175
4940
8166
9066
4754
997
5034
4537
5579
5832
4030
8961
4286
8846
7845
6603
2927
111
6909
1275
9871
4969
4312
6274
4303
9112
8422
1894
2209
428
6185
1985
531
6114
1171
3640
8179
5604
6586
1237
3946
7046
6182
7475
605
3491
2546
3237
1996
9539
3622
7677
7258
8712
6010
6593
5191
5140
8880
1121
3339
6356
9720
6426
9308
3041
7213
1531
3538
2065
6271
2561
7925
6975
3517
7145
3353
3476
8655
2491
383
2712
3038
2973
52
645
480
5143
1497
4373
7181
187
6082
1600
2250
165
1631
4281
9335
7363
1410
8883
7312
4142
3768
7583
9742
6688
6938
1965
6554
542
8106
7699
8251
1431
1180
103
4810
2729
8178
4027
4193
3231
1955
2494
3829
950
3214
6421
3643
3890
15
5445
6065
7222
4859
6295
2415
2911
6681
587
8079
2700
2272
4445
336
8128
5005
3227
4
5256
875
5817
4674
6411
5529
9711
3110
4927
7614
8324
3447
9196
5905
5376
5597
8318
8572
6833
5174
5052
9369
7027
7050
8747
5577
6079
7751
3254
1718
5537
2136
4071
4866
1591
2581
5617
4960
257
602
1787
9056
653
3709
3944
398
3268
6389
8541
1907
5705
1554
4419
6834
9127
9025
8771
8459
4202
2248
1448
6782
6559
9779
2275
8443
9709
1657
4846
3143
3489
9635
9319
4461
5761
2843
6737
3973
181
1174
9867
6059
560
5388
2677
67
5758
5789
1982
7967
9063
9354
1662
1119
33
3251
8554
2319
198
4998
3442
512
3421
3313
5690
2562
4544
7485
7588
6619
7267
2889
1243
1408
249
1282
6854
6020
4428
9092
589
971
7228
2352
894
7942
9120
9392
2908
5486
6273
9427
2593
7062
3114
192
8949
3520
3901
6912
6673
9673
6325
9235
4483
2155
4518
2490
8766
9828
1472
9783
7239
216
1394
6141
4298
6939
519
3573
7249
499
6637
244
3027
6826
2871
7975
7602
1839
9339
8715
2998
2484
5851
3434
8467
3688
8182
9286
1307
9769
5756
1645
2483
9099
4398
6528
9956
1468
2937
802
4406
3755
7897
4213
9923
4443
5631
1605
4452
9878
1550
3497
3501
7828
8017
7198
4102
1842
3296
9774
9419
1212
442
5939
3626
7508
4695
6189
2888
4294
5548
5350
6337
679
1407
8372
712
5866
4895
2632
2087
7126
4304
1721
4852
5788
5457
3735
6742
3146
9223
2081
7487
5593
413
9330
251
3427
683
6794
2476
9060
3443
4471
1546
9593
2374
9100
2931
3866
7435
1586
2074
7987
6758
8371
9355
5695
6931
2500
9532
7730
9986
6410
8065
8532
1273
7134
5103
1538
5219
410
5227
3223
6380
7478
9231
9510
4600
4957
1798
599
281
1683
851
6700
6476
2039
196
1977
833
5246
3459
6096
3873
6924
4454
8584
9358
7826
9656
1838
7988
4047
4976
42
4279
6965
3401
3419
9262
787
3395
5565
8606
9367
9772
1864
102
4744
7209
4717
7364
1156
9101
7141
7391
1829
1559
7600
205
9814
4529
5139
5372
1136
3830
6789
6874
612
2900
5787
4646
2718
4217
5485
975
5046
4907
1451
2639
5878
6452
7073
7066
6992
932
4564
9910
1712
3931
8551
6234
5771
5784
1947
9269
2786
1386
5642
426
2303
347
9862
310
5048
5221
5716
3528
4661
209
2019
9636
2135
9882
8098
597
938
1433
9570
3854
2746
7087
9051
8607
1499
90
9995
6635
9535
7271
9574
7812
524
2779
7261
8722
9694
6851
6721
7379
1715
94
8519
5974
2711
3810
6249
5961
7702
5624
4794
5118
4323
9039
9820
4832
8989
8957
1862
1793
3576
3119
5679
5310
8140
1466
892
7428
3922
9616
575
609
1635
1236
1165
7237
206
9685
6307
7225
2940
9993
7908
9199
3680
2615
5011
5476
4997
2222
2381
4316
2441
6684
3848
8886
4431
4634
9966
5255
1387
4120
9737
1820
7244
9118
9469
527
7669
2480
1440
3484
9590
4699
6040
9152
6583
39
9342
7010
422
9093
764
6819
2233
7982
9201
1740
8969
9916
6305
3872
957
7524
1415
928
1797
1639
8690
581
3173
7440
282
9801
4591
2229
9400
3461
3085
7907
872
774
6111
2049
7791
2985
2953
3542
3580
6391
5395
8898
8495
7474
9701
8637
8851
2605
185
6825
8629
2399
6504
379
5578
4068
5369
5863
8736
7092
2943
3657
835
4525
1042
1074
2396
9011
1413
6966
2109
5266
4631
1822
7308
7725
9572
6761
4469
6318
4411
2290
5207
677
8167
2311
7466
9702
6998
5424
6587
9606
853
2768
5415
6791
3357
732
3053
4227
3379
4612
3196
8271
2022
2152
977
1749
9811
2439
3799
9547
2549
8746
5734
7081
4696
268
3149
1050
7505
7659
2646
7369
6406
7595
3628
164
6846
5245
4460
1685
1048
3404
2782
7269
2841
2166
6512
1479
2437
5216
5435
3775
3592
2848
6432
1239
5774
9591
364
2976
5622
4558
3030
7596
4937
9528
3405
1618
4824
127
3782
9691
2139
3817
3610
6960
3161
5671
4762
2673
4208
9978
4652
9760
3044
5152
2548
7086
8956
5353
7779
9592
6769
3982
7887
8511
5779
688
3899
2410
1060
5971
124
7999
1641
1671
117
8504
7118
3276
4498
4331
2767
2737
7387
3574
5850
7320
5354
137
3568
9957
2223
5099
968
1323
6073
7939
8759
7870
790
5434
6933
2499
8344
4366
7888
325
6529
2220
5802
8651
7608
7334
8005
3307
6755
1767
9698
433
3607
7609
1939
2052
5507
7203
3753
2844
3111
6207
1622
131
6777
7164
1071
854
112
5055
7178
1967
2347
1124
5682
6005
8277
5992
3588
7251
5297
2438
6539
6689
8991
7557
8198
1990
723
4813
5454
3428
8755
7673
3153
3201
6378
9605
9481
2346
6640
5009
9556
8417
7494
6269
8535
3983
4654
5768
3091
1914
8115
9482
8782
2801
7139
9370
2874
3641
577
3883
1461
9273
9866
4345
3417
7917
4009
8800
8142
5868
6139
491
3545
8626
2158
9142
5945
9569
2449
5075
2734
5731
715
9241
4820
9536
9542
9465
6107
895
669
4597
7051
5163
1348
4955
778
1222
3780
7941
3990
5421
4789
3261
9887
8385
6739
5042
9095
7827
8408
7717
5205
731
6442
1843
1613
6735
7452
6604
4450
4878
9716
8614
319
1316
4061
4495
9931
553
4370
8287
1804
372
7548
3450
2603
8728
3837
3105
9764
4207
8644
2952
776
6680
4064
9166
3248
1381
9909
5024
2876
2284
1272
9132
1453
7851
1258
884
3306
9224
8814
2916
5938
1630
4757
6188
2252
2460
8116
8402
927
7107
6006
8389
2070
1368
9468
2021
720
7370
9443
8571
6200
4462
5500
6224
3440
1494
3414
1951
1484
9459
1070
326
4444
8729
2299
5983
1609
6866
3646
8419
3288
4451
9351
3351
6753
7032
8623
2035
4650
2112
2442
7936
1436
4729
1135
1112
3571
5423
68
4638
8252
4277
762
1483
9053
3250
4799
7783
4000
9479
8480
1526
7378
7389
6209
8749
7423
2227
8441
6296
7117
3092
4295
8645
2409
6101
1447
356
9688
9757
6636
3456
7173
7705
1469
3164
193
5314
9015
8215
1511
1339
6293
2295
4669
2176
7521
8190
3370
4530
675
1137
3997
4571
4761
1166
227
486
6920
6764
6136
7367
8954
2509
2297
7667
1736
1343
9766
6092
6843
311
4116
781
7778
844
8501
2180
5282
5936
2505
1019
3117
2411
4962
6815
8783
1103
6122
9348
1024
5061
3629
2624
197
5979
1337
7326
9849
6086
9447
4569
1786
7835
6809
7492
1332
4603
1205
2842
7932
1038
6973
4579
5156
7397
5912
6125
9808
5880
4678
6787
2237
9109
3490
7336
4072
472
9104
5379
504
4641
7973
7260
8685
1470
4845
5208
6651
2459
4412
1270
9594
5352
7350
4817
8191
7458
4995
1763
1190
9771
8699
5796
2174
8446
5563
8940
5244
6066
9484
7552
3246
4115
4808
6475
4152
4557
4649
2684
3500
8335
5873
9193
7626
4186
2525
7305
5466
9034
3716
8188
1362
4091
448
5923
7663
6439
1519
5951
576
7457
6517
6254
2606
4843
2817
7084
7891
1242
8804
8118
7526
4400
5020
6981
4746
4683
4126
4988
1376
3060
2970
8976
7497
5087
9889
3834
7344
2058
6460
1170
4970
1255
629
1319
9055
1247
4601
2511
750
1018
771
2385
1062
1628
4147
1623
202
5561
1179
7159
7787
7853
1727
8753
4130
1599
6641
5368
582
782
4080
6736
8214
3076
5392
3283
3587
9305
4372
3887
1147
4774
1373
7913
3380
5575
9456
6212
7212
8963
7103
5595
8562
8658
3079
4168
1653
8348
2565
9562
8852
2793
6408
1874
6822
1104
5453
199
5906
9265
8423
2559
3213
9578
2812
2458
8090
6514
4623
6277
3236
5828
2707
22
2196
4241
5677
6726
759
866
2394
7059
1532
6980
4627
3185
3467
3032
4315
2419
9088
6093
6422
5749
345
6166
5724
1886
7861
9626
4905
1389
2752
1043
8442
8155
4190
4676
9943
9002
994
2221
7701
5217
3513
5238
6972
9697
890
2696
4551
343
25
628
4261
7679
7931
3852
9498
7322
5381
6703
3377
6889
5383
2146
4691
2824
4755
2805
2582
9974
8481
6617
5321
2981
401
3877
9585
9865
8216
3985
596
7259
7253
3979
1379
7582
6041
8007
7127
9855
3445
6768
2188
1230
2783
1221
7631
246
3895
2064
6417
7603
6068
9633
8208
709
429
9792
1529
5823
3429
57
1099
7333
9689
705
9022
3644
1869
1580
1223
1576
4716
1193
1059
5371
5891
9802
495
1547
913
5237
7895
7394
3519
1536
1109
9214
4510
4391
1027
2928
1288
7412
8580
6510
6218
6264
3056
9325
7039
1133
1578
4145
591
6002
50
7498
623
3791
891
4129
8590
4010
5785
814
6453
1065
5914
210
2338
3154
4455
2918
8000
5875
7180
7502
2575
3423
190
7454
852
5384
7327
8122
8109
8977
8145
6902
3297
157
7376
1640
8809
4079
7287
1025
109
4278
8735
8877
8124
9458
8938
4319
5627
2129
4548
8229
8332
4049
5130
3534
5335
2150
5528
7332
8508
5301
993
9386
176
6329
4655
7912
8195
5948
9316
3075
5634
506
330
8226
339
2963
6492
6983
7140
4682
3066
1597
9690
1650
972
9676
9234
2318
3859
1845
6711
247
2869
7146
595
1565
3938
7573
4231
6415
7392
9044
5294
2965
2745
3744
3013
4380
874
9379
1482
7540
8540
3584
212
8035
6266
9008
357
9520
2414
2368
9437
8177
5138
7459
2687
6023
517
5752
3102
6347
7316
6847
2246
2942
2116
6355
3282
6704
9356
6666
7753
7215
470
4271
5567
3929
9417
2102
4595
9999
1037
8119
9251
7188
3863
6838
2863
8086
7197
2472
19
4839
857
4835
6701
3452
3067
4705
5558
5333
6631
9821
3918
6643
5270
5811
1879
8463
6628
951
9483
5975
3002
9416
9861
1372
2377
178
9602
2450
689
2066
8872
3948
9240
3335
4374
8959
6524
5594
2591
8159
5229
3372
1032
2777
3509
7165
3184
2015
4671
8051
1658
344
758
2336
5606
7598
5949
4377
5730
9904
7495
9863
3126
8369
3329
5786
6317
4264
674
981
2468
1823
6888
3083
9162
7024
9795
2661
3363
1063
2653
4044
9147
1127
7601
6252
6382
8631
2393
3407
4694
7020
475
8377
8826
8941
6278
2055
3022
5608
5534
2781
2870
5202
9927
1544
5934
1937
9050
4070
3685
1876
7865
8779
3069
7990
1514
207
659
2239
1443
6219
3860
5380
7627
8143
2796
508
940
278
5952
6455
3867
8873
8088
2358
290
8374
9511
2790
7690
7307
6483
7585
3222
2809
9763
905
5812
2211
8705
2391
483
1456
7728
87
407
5922
6916
693
4724
3368
6887
7716
755
5590
864
7361
7043
9920
6213
783
28
3025
6335
7096
5317
3825
8986
97
172
7014
9829
1672
5997
9632
4306
6852
6262
5404
3577
3789
9474
6210
191
5171
1893
3048
2298
6461
9980
3742
8684
7943
2692
8955
7873
3077
7715
1524
2218
600
9431
5859
9692
2296
7960
9623
3145
6649
8011
3263
8263
9424
9624
5698
3171
6195
5633
6719
2245
2371
5814
9320
2054
4487
5101
7558
8745
1216
5925
1090
9140
5058
5853
1290
2097
8871
4388
7781
8320
5479
3469
9667
462
1131
1232
4292
5387
4929
984
4590
3589
8543
1595
1066
987
4503
3562
2725
2543
1577
8990
5722
498
8266
4296
2723
6418
81
5692
9460
4897
3462
5481
2532
4441
2448
1108
748
9573
5391
6393
5071
2630
2631
9249
3155
8615
1044
5053
7648
7293
9402
6949
5676
6806
1355
1680
9818
2095
8042
6534
1454
4002
7849
6342
1241
2894
8791
2184
9895
45
4308
2557
3966
9293
1140
3668
2917
2877
3215
271
5984
8475
388
3963
4760
5566
6540
2285
4523
5748
5288
4752
3722
6031
9211
6081
6891
7563
2621
18
919
773
718
359
6099
3897
6178
4341
9714
4005
7374
6897
868
7938
6233
2024
6323
312
9190
8987
3174
7653
160
9775
4901
7532
2914
3627
3224
9834
5852
551
5846
380
4782
5303
1515
2996
8339
5572
7732
1673
6609
8201
6969
1360
2667
7346
3084
7016
3660
6989
4085
255
9661
4273
4203
3229
9327
1199
5287
4285
3649
1280
2714
6968
4354
4074
1564
2978
7533
41
6767
8313
4657
789
7789
1716
8920
3157
2026
2215
6022
3647
8368
6716
8486
4108
2547
3727
324
2691
5014
8807
3884
1464
9567
7559
4397
8552
1954
5137
5050
7033
3741
7722
385
7358
2110
8979
8929
9372
2939
9128
7868
3413
3757
3714
6070
9200
5625
5827
9655
5474
5212
9378
1155
409
2599
6527
4329
9584
4173
7623
6437
4629
4803
7612
1984
7821
7834
8036
4363
4504
3435
2103
4640
7229
3960
8197
4111
5131
6322
9823
9625
1571
2554
578
2185
1632
293
801
2882
646
1196
4490
785
9886
4540
132
9033
2959
8758
34
4234
5448
4706
1480
3841
1923
9654
2080
807
9250
4722
9267
5611
155
4856
1076
9954
4900
144
6872
9913
6657
5148
1931
8454
6770
3505
610
107
9832
592
9652
2789
328
8
2320
4633
2278
177
3345
4172
2759
8507
7377
8913
545
7004
4477
9879
5003
9799
89
541
5729
691
4038
7738
4096
3951
3955
8850
3594
7807
2578
163
7682
3300
5234
9790
9981
7831
222
7100
5532
4934
3269
8072
12
2231
9609
3415
9341
9041
3874
8472
4864
1139
4841
2513
2160
5568
485
1517
9751
2477
3073
6839
3488
9083
8993
6083
5241
8279
3436
8366
7310
7882
1248
1880
8147
6324
2115
5672
3199
2145
5277
1548
189
3477
3410
9915
7514
5263
4029
4632
2216
2941
1500
4637
3358
9589
8323
7555
9375
492
1412
9395
5346
8092
5620
5883
4863
6168
8879
4188
5292
9026
4704
5472
3034
8213
3721
6645
532
2664
6477
849
2747
3826
7620
4339
1792
3539
7132
7909
5665
6297
9693
823
3381
2084
9538
4673
9533
496
2473
2046
2329
4971
6214
9078
3868
6870
6095
2105
6658
6167
2962
3137
2585
4189
1485
8942
2542
954
5686
5160
3869
2332
6996
8634
5215
4630
63
2404
5420
5397
9074
1427
1289
5272
772
7436
8544
1400
9587
2690
8112
6173
8137
6172
7922
2726
7061
6015
2764
1308
7388
757
8625
9180
4811
6381
2353
1378
7760
5173
7780
1831
3108
7641
3787
5068
4351
3827
5230
7981
8452
4833
2114
7406
1694
5328
2531
4485
6231
8157
1771
9389
2076
6078
2902
4767
2309
9946
5461
6693
7756
7360
2127
8392
6033
8133
7242
1945
4033
1648
989
7187
6036
6186
847
3156
6917
7681
4748
1995
427
7026
8297
8282
6037
9945
8857
7958
6245
707
2776
6783
3191
7169
2837
878
404
2732
5012
8740
812
7866
8561
2444
5607
1312
5078
1602
3664
1810
7808
8328
6379
7742
3259
7154
3648
1428
313
2821
3512
3059
6177
8573
791
8305
942
3031
5736
880
7621
7660
5991
4959
6731
8056
1933
1711
2457
7468
5194
9805
4497
7184
4418
3040
6360
7448
842
8396
2496
8536
2670
7349
4446
8101
5829
7488
9239
9739
3152
64
9377
3683
7223
275
4095
601
3202
1395
1388
3673
2903
3581
5833
3733
4299
8838
2467
5965
528
5248
5222
7172
3033
9901
7080
4516
5862
7720
2422
3682
3107
2629
882
40
460
7467
3747
5398
5652
9500
1560
9349
188
2993
3828
1184
9546
5599
8781
8578
3548
6334
4521
839
8126
6346
797
1997
7801
9388
8199
4020
1572
8930
1840
7276
3244
4267
5527
7903
7642
84
3650
5261
5450
2032
4058
5639
6864
9464
2741
1875
7655
8650
6892
3226
1592
9906
340
5982
7302
6746
6482
7766
7651
4379
7013
5312
9941
7788
2189
1741
4042
2890
1021
7101
5049
30
1928
8375
727
7160
7633
3633
7884
4743
4045
1002
403
8470
300
8046
9082
2659
2008
3458
6397
8476
820
7769
8010
8922
4288
5505
9415
9117
6374
6752
9684
392
7405
8984
8695
3441
3765
201
7892
974
7163
7250
7704
1106
6441
5562
9951
4668
5805
2620
1590
5409
5742
1851
3071
952
4651
3087
2117
4648
5057
4944
5126
7210
6946
5621
4783
3522
9306
4008
2828
3567
5793
1058
7304
4307
2141
4414
4023
9630
566
4448
2256
529
5506
2583
8236
5772
405
6009
7983
6130
9337
5043
9332
7221
9564
7088
4880
8488
6585
83
2317
7784
9302
150
8610
6572
692
2051
226
7057
4707
3151
663
7816
3583
1049
4552
3981
5801
4985
4507
8939
2265
3172
8861
8295
2455
7241
3561
7944
3253
9194
3933
8002
7545
4974
930
3785
641
4663
9276
2731
4055
6982
8592
195
9366
509
8497
6536
6661
1853
4300
4508
1138
3198
7607
8760
3024
6267
8577
1168
2904
9463
3019
9156
2202
7776
926
4347
4144
4384
8565
1934
7995
4305
5807
2003
9143
976
7029
7597
4165
3620
1761
2773
1534
9013
1013
9604
7950
4983
7980
458
2515
8813
4107
3176
397
5240
3247
4779
1697
373
7675
8493
1198
6348
9566
9373
73
4309
7824
4125
4750
3218
4763
5717
9382
7671
1617
8663
7630
3205
3207
9405
2851
662
8726
706
5598
8770
7205
4464
7273
7151
258
2671
4389
3217
3383
7158
4110
4390
7962
1001
4289
4574
6377
4159
8676
631
4715
7152
1452
9758
4711
9899
3089
2011
548
8841
1601
4899
8270
3396
5097
861
1693
6465
3655
96
9525
1375
6301
7093
9280
747
7712
2099
5960
9933
4801
708
9311
8032
7965
9741
4442
230
5554
4643
4378
6000
9955
1568
9563
2738
7718
2529
2307
1989
3766
3846
8719
7142
685
8240
3777
4302
4679
3992
270
159
6859
796
3849
7668
5242
5412
8356
9133
