117
3878
723
1396
5302
9698
5809
188
3285
8978
8632
9895
9028
3152
1984
6849
9282
3161
6661
659
9747
9332
7260
1976
579
1700
8040
72
6800
8714
5270
9650
3699
7007
4514
6258
373
5280
1059
5785
7889
5952
536
7562
565
8038
7352
6387
2248
4133
7408
6839
28
7658
5603
6254
6489
8749
1833
4876
6898
3219
5876
3932
7242
3782
1313
6718
1482
3244
6049
1759
1843
9970
6095
3279
8102
5787
1104
8921
3851
9404
8401
7031
4827
3898
357
4802
5513
4228
5335
6075
5256
47
2946
4921
9834
4973
6169
8327
9479
5257
358
3357
4791
1989
8901
6184
2629
6550
1581
3251
4065
9207
241
4379
7573
3850
8596
7180
3088
8410
823
7394
770
3206
9374
69
6187
7638
7810
3544
2542
9063
985
7778
6862
6055
446
3153
7768
8281
5168
1858
6426
9036
8129
408
7783
8620
4401
7360
5810
4479
3887
8455
2351
4854
353
3669
3718
7655
5691
954
2421
8347
9902
3976
2348
7201
3997
9353
9159
8681
4595
5029
2485
425
9467
2562
6022
4149
9982
3055
8179
199
2518
5018
2766
3775
2022
5797
5521
8236
4384
1428
9694
457
3190
9457
1890
9984
6132
8712
6974
2183
9429
669
2730
8850
4898
3570
3626
9737
9896
5349
6936
7464
9245
4150
5664
5084
5449
5538
5390
6312
1845
9871
3130
3881
3772
5079
924
3951
2891
2912
1293
2650
5002
1723
5196
9465
3129
2998
8902
4483
463
7609
7033
1643
1450
4839
6357
581
929
3983
7465
1034
391
3830
192
2342
435
5364
6637
516
1953
133
7118
6971
4454
8637
1307
5672
2055
4296
489
5847
8474
4375
73
6309
195
4983
4080
7699
6794
6460
8134
4084
2235
9543
6902
5054
5824
2802
6893
1658
8091
6535
8979
4369
8030
3761
4784
1937
6290
2404
1727
8
8631
7676
4241
741
8695
4832
8672
7171
4730
7493
2563
3943
6753
630
5374
4998
7781
4602
2810
8489
7702
644
1406
5263
986
5300
5108
312
7918
2231
7999
1950
5631
418
2257
6273
1837
2740
9316
6287
5383
6696
3800
2314
2229
3486
4194
1154
1748
5042
8093
9680
9638
5004
320
8095
615
4890
3277
4790
3297
6086
7904
3837
6623
6201
2698
8055
9619
6957
248
9816
3071
9778
4126
2898
8408
4425
2951
3573
592
9100
2666
9311
1824
5726
7601
622
1821
2303
3828
5367
1149
598
4840
9527
6557
5743
751
9782
3876
4612
207
2363
4370
6882
5086
680
7106
9856
789
4703
738
497
2594
6745
8605
683
9890
3824
2953
7659
7430
40
4449
6985
8186
9560
6870
7356
6176
4697
1699
9875
6040
8572
3020
7375
5764
9035
1766
6897
8849
3833
9039
9495
7267
5740
1488
7433
8241
1735
7008
1567
6246
369
1986
5408
7535
2330
3701
4647
3092
2438
8523
5422
765
1778
6089
2385
6154
1285
2990
3797
3980
4317
9156
1998
6581
8651
4142
4528
5628
8125
1618
774
9647
2037
5702
6465
4290
9287
3040
6397
5044
9288
4686
8879
4226
5448
6039
5748
845
9508
7237
8700
9387
6033
3339
2280
6325
806
2317
8266
7107
6340
1685
3900
8576
850
2334
7595
8522
7131
946
1327
9518
4116
3384
8317
9660
1579
1558
9382
7779
7438
1129
7957
3413
3041
4579
817
1972
8292
343
2266
5378
3378
151
6517
4123
1140
7155
582
2074
9165
4776
7831
7479
9428
1481
158
1348
6441
9378
2275
4386
9466
4823
2473
1648
6723
1201
4894
9577
7238
1854
5866
1582
399
1159
9201
2557
2813
1387
2760
1021
7034
8021
1475
4331
3795
1169
3744
42
9022
1373
4059
4767
3065
8782
3942
8322
8392
2931
8334
8364
6594
2897
9396
3223
5272
9326
4955
8368
3136
7522
3228
692
528
7881
1056
3774
1342
8106
2415
1836
5926
1606
112
2643
5967
7255
2056
2596
9002
6871
5445
2337
9672
6036
8960
7284
3520
6395
1018
9395
7138
1633
5554
4893
5737
6912
2525
8709
8481
616
1652
4393
6626
2407
8600
1188
7386
3908
3207
4599
9999
1437
5654
4645
6322
7989
8988
3167
1244
4644
7563
6553
7887
6363
5049
663
9130
4155
2826
4400
4605
3655
9029
9101
2695
832
8628
6487
3322
4473
4099
2938
3271
8180
677
5946
7263
9697
8652
3689
338
4359
1589
7405
4007
1709
9957
7035
1741
6520
5389
6682
4777
2845
9522
3447
2468
863
7947
6685
5398
107
4488
2969
2425
6396
9651
1770
8137
5450
3075
7502
704
2726
5881
4412
7682
5988
1960
7437
7392
2615
36
4930
6384
9557
1095
9158
6077
6918
5135
1687
8065
9119
5224
9132
5620
3163
5348
7680
6334
9985
2051
3566
7322
8781
4923
6389
9261
2892
6881
9804
1803
7134
1339
7151
5984
931
6185
340
4189
2403
5489
6944
6791
4309
2511
5688
8456
3100
9561
8439
6413
9618
8903
6475
8169
6227
4504
2115
6586
1222
3880
3192
7715
5359
3284
4994
508
729
9513
6543
5036
714
7203
8290
9797
8564
2449
5709
8246
3315
7241
1796
6582
6561
7819
8459
1404
563
9827
9684
5722
3412
1429
9049
8792
9019
5811
1679
6772
4829
2101
6933
8935
2272
7804
3394
4835
9520
8097
9380
280
853
1938
4023
4741
264
3972
8650
9992
3677
2694
569
9099
5415
8766
8215
5026
2025
1194
5641
8971
713
9239
5174
9564
3150
2315
9613
4968
7942
1011
5739
6825
2880
3964
5983
9941
7862
6869
2506
8094
8108
4532
4641
3589
130
5985
6700
3559
2176
3119
9352
2400
5625
4702
7393
6826
4406
7474
7325
6980
4107
4399
2393
1020
8784
7414
5347
7932
7127
6448
6485
5903
8496
2534
5732
5597
4794
9198
9888
735
7109
2665
8718
4274
4336
310
1130
4308
9869
3212
9623
4837
3970
847
5819
6462
4606
2331
1569
7441
1074
2955
3676
5861
3906
4421
1590
9254
5643
7212
9345
3611
905
3548
4445
4355
1155
5329
4571
4210
4112
5139
8897
4006
3431
7367
1251
5850
8908
4012
9106
7561
2152
471
8513
3081
3420
6976
5022
5843
8610
6792
7542
826
749
3805
7856
4366
3978
1305
9289
8127
944
7758
1389
9501
7361
7713
6091
6404
5704
5514
708
5674
7558
9031
1420
8062
1004
3842
6226
8265
3458
9264
362
4668
2089
3257
9229
1609
7618
1174
9217
8197
5653
6285
1552
9389
5725
3111
7345
4622
2693
9347
3086
7410
5536
8639
8837
7457
2663
8252
864
3543
4581
7192
4764
5630
762
4929
3013
1513
5530
4495
8883
4608
9994
5779
6844
6617
2484
1301
9951
6806
7152
2271
2658
5237
9025
7067
2322
8035
5759
9609
4001
6297
2774
1102
5195
4740
9346
544
4066
6446
9761
7055
8924
128
5588
6429
6423
2345
2070
7733
4824
607
3215
2071
3867
281
8271
6577
3179
6291
243
7041
2820
918
7305
4735
7718
574
9878
4712
8991
1186
1281
5388
5292
3561
6504
7934
5915
2140
7166
3304
5085
9184
8933
1177
870
9263
8875
7541
707
1556
6245
2771
5867
4500
4858
6178
3209
6750
2319
9523
2129
9448
940
7937
7266
8356
9745
2225
7347
7207
3634
8494
7086
496
1195
8872
9690
6605
9088
9127
3053
282
4347
7022
7684
9569
9983
3042
6491
4531
7919
8615
4396
2130
7391
1203
7170
6831
3730
2809
1755
4090
2720
9545
6031
2777
265
317
9590
7158
3198
7443
5210
464
2082
7591
978
6555
9640
877
8229
6205
4580
8273
8990
8189
9548
9358
5297
8007
8075
7390
8145
635
6000
8975
1678
2832
5221
6434
1600
262
4105
8461
5838
427
6967
9780
4627
4902
9375
6510
3021
9541
820
1715
6126
8085
8661
7935
5578
9704
3434
4880
3497
6189
9030
8904
5712
4636
4054
9477
6880
8079
9045
5933
2462
2233
6694
344
2956
1033
7047
5720
3852
5046
991
4349
5102
4433
4435
1681
5278
1780
2745
6403
6721
4984
7794
6552
50
6742
7056
2299
2026
1919
962
2179
371
2727
5996
351
3921
8943
6755
5698
44
5273
3392
8852
1465
6657
9725
9969
4942
7016
4586
4190
2293
3480
6537
4714
6103
9059
3503
5744
575
6149
3324
1210
3498
3829
7744
4018
6354
8574
97
3310
6280
5009
4129
2218
2559
4815
2950
9726
9123
8345
2162
237
5731
5459
9321
1956
4251
6788
1489
8059
7808
7608
4049
6925
4003
3276
7913
9196
9456
1705
5497
971
4694
4758
7902
879
6701
2839
2586
1127
802
6045
4867
445
9689
2006
2991
1592
5932
1701
8773
6494
1176
4025
8525
4236
2864
212
4935
902
8575
7878
2502
7491
5249
2507
84
5284
6241
2968
6020
2642
7085
3785
6627
8135
2391
4240
3640
8430
6271
3143
5960
3325
2490
2316
6356
7357
6790
8957
7463
4518
9402
4211
2697
4541
3231
6329
7476
9121
2916
2842
7000
6237
3874
9190
2918
186
1065
9702
560
6955
8505
6884
9565
5030
2243
1749
2263
7775
8376
3189
1036
6473
5738
7842
3261
9329
1241
3333
7712
2749
4342
2595
7664
1362
3534
5574
350
6906
7037
8115
3234
2300
8515
7892
4502
8000
4320
1309
9683
2604
2945
1164
4498
2705
8704
652
1423
5580
5837
10
7213
887
1931
2986
9317
2703
4957
3594
1415
3662
8418
2021
6133
4195
7870
5060
4345
8015
6406
148
3493
7404
6307
8010
2079
6090
6229
352
8344
1175
2188
6415
2323
2849
3218
6106
4906
5488
7411
5336
5841
1994
56
7283
5528
1818
4071
7737
7498
3448
2883
8503
3933
3490
5774
4247
3354
1714
3510
5001
9300
7553
5013
4699
5472
6
1817
7232
4724
7419
8949
161
901
6817
7243
4171
3996
8973
6562
114
4817
9799
5941
2015
7079
9218
9830
7888
8579
5981
8462
2943
8925
4328
9908
9471
4609
8755
451
1744
1500
8707
8254
9987
5503
1572
428
3194
2822
844
6656
5624
9616
8621
876
8567
4868
4390
7806
1043
4408
3101
3426
5328
3062
2539
214
7257
7323
979
7329
6677
8277
2302
2823
7496
271
9141
7921
2605
7930
6542
1538
7730
1165
6621
2154
7533
8673
5067
6223
410
7637
6147
4019
6140
7398
3267
2761
4673
6672
3868
9447
5404
1613
2253
7304
3935
3771
7900
6028
8193
6113
3934
8656
8379
915
4762
1772
8626
6260
548
6264
1110
9367
4362
2167
3142
5104
4004
7597
554
1957
221
5286
7116
4387
4987
3029
1410
6155
4397
368
5337
8928
511
925
2016
7320
6191
9065
492
2017
8900
6963
1596
6740
5562
1297
3855
9824
6171
2085
6093
6388
3208
3227
1187
4075
9563
9417
4904
4102
8243
1323
7311
3454
3717
9790
4415
9194
8210
5531
4079
7291
1248
9301
8286
3538
6802
8353
4033
1979
1901
5467
6818
4715
5119
3171
7102
4747
9012
9718
1808
9470
9526
9412
8894
5892
3266
4583
8931
7564
6783
3648
103
5577
9087
1595
4623
7705
8696
1789
3577
9900
1451
7697
7334
5576
9385
8090
7813
96
821
6416
6097
9298
7574
9897
4186
3122
7456
8796
1593
5557
4693
1958
9074
4919
5609
5146
733
3003
7068
1514
2340
5606
3499
6256
9180
1448
6878
6523
8464
6088
3043
1173
4028
3720
1397
4182
1298
3912
4213
4866
5623
2508
6288
5677
6206
2859
541
2459
4922
5747
1411
3553
479
5370
361
6667
7927
4871
2962
7314
4160
3664
5958
9714
196
393
8729
2290
255
6343
9359
8424
998
33
4932
173
2168
3512
6801
9720
6373
6447
1302
7660
7362
4450
1109
7809
9167
2117
4078
5607
7288
7401
2523
9666
3863
1983
7517
389
8366
2383
7696
8101
9351
2553
857
9151
7792
1286
1343
102
4208
49
7721
7494
5017
7504
7044
588
6917
287
9604
9291
6575
2929
4534
5550
322
3557
3134
7440
1784
8803
3511
4094
570
442
3375
6212
4509
2212
5836
6756
6268
2282
2352
7276
6506
5339
8285
8034
3631
7544
6892
7725
9072
2286
760
9723
9858
1361
2906
1138
1057
4016
3341
4530
8942
2430
9734
1507
2890
642
6923
1653
9505
298
4746
3401
4704
3990
9775
6734
8716
4737
2419
9535
8511
1247
2355
4736
2423
1312
2236
6084
8261
2738
5925
5131
5535
3609
6044
5075
4696
867
9963
1262
3096
1524
4659
5683
3722
8723
2868
108
184
4565
3288
4418
8938
2920
5426
5371
2592
4476
8431
6335
678
3456
6019
3240
5614
2432
3191
4326
6716
1091
6832
63
3263
6764
9511
9131
1082
4103
3587
4275
3202
9403
2540
7690
5350
6295
2942
6668
8199
3364
5525
1100
688
5427
403
9212
5978
5602
4424
5181
3918
2046
4434
6514
561
2251
1612
9390
7990
4179
7920
2754
5579
7216
6427
291
5342
8732
5883
7222
7508
7863
3078
1464
62
6170
3981
7871
1951
150
3608
3985
9645
4538
9631
672
4555
1512
7050
9482
405
2458
513
9304
8316
8333
3057
5527
4988
9480
3584
118
4660
796
5428
9139
6467
1623
5626
3295
8338
6940
7160
665
5833
5920
7738
7820
1628
2786
4127
9584
1756
881
1256
3487
3316
956
2093
545
3891
5745
261
1055
1135
5863
4089
8540
6026
5989
6660
9633
328
4938
9281
5033
1544
8404
1887
2852
6443
6110
6024
4997
8288
7852
1435
5064
3132
3268
6704
8011
3362
6548
1208
460
2166
6652
3807
8164
2819
6665
5572
9921
8754
3780
9822
8675
1847
3945
5699
9904
1424
3659
7217
4076
3399
5634
5817
2239
7780
4620
6959
7240
675
7509
8120
1290
7993
9739
70
1529
4183
5241
3618
396
9663
2297
1561
3731
275
4051
1209
668
9214
734
5
9276
6083
4918
6490
8927
2174
1460
3166
1246
1024
1962
557
2773
3698
4138
126
1015
8736
5434
6860
6210
1773
9954
7550
6905
8080
9946
6168
1444
3788
9766
8536
9594
4180
9637
8028
7341
3747
9319
7218
7026
4915
110
8293
5975
3187
7782
3281
5304
6248
3715
134
4022
1353
4298
1395
5128
9230
1340
5509
3282
2128
1318
8468
5170
8747
4680
1889
1610
6585
7872
2181
1535
7996
5716
7093
9599
9646
4825
8547
842
1045
7584
2776
5239
9313
7434
2576
3960
722
6390
3391
9787
8443
1563
4928
8057
2947
5970
4718
638
7224
6233
4131
1787
2177
4198
7615
2482
9370
8434
4870
6649
5069
4899
7229
2778
9996
779
7202
1826
6883
3593
1852
3115
2804
2180
5352
4775
9097
5238
1694
2712
5008
9576
3012
7607
8876
4477
1473
2264
3958
4120
2572
9125
8117
1116
7769
681
51
5372
6337
856
8887
1967
6720
559
498
4593
947
603
6433
8758
8154
1964
4774
7111
4632
8449
5468
1533
4117
7815
3787
3579
8486
4626
4161
1619
39
9929
4147
6760
4343
1888
7991
8814
9917
1932
2
4848
2428
383
4710
472
1969
3009
8342
7228
4453
3222
2285
4329
3917
8320
6165
420
3740
333
8006
6675
2431
9056
1597
6378
3909
1800
137
3792
4852
1111
8432
7499
9021
7916
5665
2768
7530
5442
1280
8084
3340
1651
4416
174
8690
3732
2368
6392
7578
6531
8974
6380
8131
9140
3840
6292
3760
3170
1545
6370
4788
3602
2080
9112
9439
6131
5605
7132
5386
5711
2027
566
1807
2268
1257
7179
9817
1338
4334
6664
6440
5475
3859
6127
9801
3334
5686
19
3834
3326
7877
5504
1032
4560
699
2434
1603
8036
6358
7147
7510
3920
9934
8804
1401
4404
4056
2382
3691
1750
4937
4967
3032
5096
1880
4989
5127
5875
1374
9484
6219
6511
8554
3273
8544
8552
1711
8249
3221
1220
2429
9713
4020
242
594
6810
6321
4799
5763
7413
9862
2808
5471
1647
9078
3482
7303
3819
8955
2743
4652
4354
5761
9524
2209
3369
6230
500
6914
5766
6060
3120
335
5671
5395
4243
6361
4980
8397
6671
3860
165
6648
9235
8983
5910
7897
8919
4830
4798
9504
1030
3533
5635
6591
6104
6405
5258
3146
1754
4067
7861
6445
4064
3894
9708
2414
8394
2584
5820
2512
1009
3962
473
157
9628
5822
1381
8264
1868
14
5532
9211
4803
4258
9350
9920
4588
6861
3097
1729
5573
2558
202
3518
5057
640
8504
3994
5965
456
1948
5460
9732
3777
4083
4439
3239
7422
3349
3658
1090
5930
5024
1850
5014
9488
5693
4000
2141
9818
5676
2147
1947
9108
444
8064
8715
9758
5156
8218
5675
7452
8393
6420
4232
4836
2064
9369
3406
9006
837
1849
6777
3074
1543
1073
761
6688
9368
5306
4081
2914
4721
3616
4801
1638
3988
2618
120
4683
629
9521
2133
9959
7520
8968
6689
7798
5385
6261
1776
6461
3488
9315
4097
3045
9067
9784
2344
8047
9305
6747
1319
7548
9764
6341
3674
7728
6346
4573
347
2599
862
4136
4156
55
6715
1452
3114
1112
4278
7581
388
1063
1160
2620
4303
6565
8022
6211
124
8542
8684
7346
1985
2182
8476
6408
2335
1959
6655
8194
4527
7982
5334
8385
7318
2863
9124
9989
700
3004
586
2463
2797
2759
2422
7396
2450
5116
2109
4640
5541
6572
491
8144
5140
8780
5176
2220
2904
9014
7750
4073
5595
6236
1510
9186
7672
9243
5916
6525
4850
1097
5493
7528
1550
7270
5742
7805
2443
6474
7736
4646
1912
8488
9431
6628
5058
6038
7214
9485
7516
5694
1751
6001
1359
9284
3313
7546
7359
3436
1990
6855
1982
8175
9607
1721
1191
993
2088
3145
4564
8601
7244
1202
3270
6879
2632
2729
5101
7279
6114
9974
8629
1367
5481
2118
1795
987
8042
8726
8514
8655
5906
7226
2619
1732
1046
9788
8857
6348
941
7823
9256
6136
3169
3637
2007
6965
6099
7763
5155
5198
568
778
2570
4601
2886
3383
5948
2126
6784
4441
5806
3154
8812
1554
8499
367
5240
2835
4706
9755
7046
9769
9221
9554
3991
6012
3338
6425
1022
5914
1218
9473
4460
9468
1866
454
5293
2855
633
4376
1205
4214
8775
9433
1806
921
2933
8318
8242
7168
8191
7023
5007
4143
2524
3832
8859
3879
8584
9392
3574
8017
1360
1779
8357
737
4813
725
374
8203
8521
3793
8078
4666
2457
365
2748
4566
6890
8934
1025
1207
830
4664
9168
7172
2123
1076
758
2611
7714
3646
8538
1954
9236
6559
1432
1875
4164
6513
6990
5088
3975
4466
8016
8480
3684
7145
9451
3418
9061
5077
2357
9104
2982
2108
3523
5485
1539
4493
5200
7673
7119
9486
4523
4271
4545
6992
2269
3625
1731
1226
9873
8482
949
771
980
9916
2589
5016
3726
1239
8227
1894
8170
3133
9716
4713
9965
5113
5851
3381
8196
7969
9673
6618
4055
5034
1224
7337
7938
7355
5529
1562
4395
2580
8772
6984
2825
7836
4855
5222
2436
9206
8071
5825
167
1760
1722
1870
416
3312
8412
8300
3563
279
7801
3200
4510
2753
590
9333
9058
1252
5362
3866
6257
5097
8014
7649
1907
4849
4046
4519
7943
9706
1422
5565
4574
9597
7774
9656
2677
8291
7972
8556
9295
2874
1333
9460
7984
8478
2972
5010
223
9570
342
8231
4128
1064
7220
6697
4742
999
3789
5391
2893
8151
2267
1425
564
5582
3763
5061
550
8948
8314
3248
6304
9293
9753
2138
4351
8159
1497
701
7450
1028
6435
6457
154
5282
2607
8228
5640
5495
8519
6208
4689
2854
2958
2829
3178
4533
9157
4378
7269
6908
509
9500
7129
4422
244
6108
5784
228
6856
4305
6352
1250
8126
9093
1003
5860
1031
4947
7752
6157
9950
6047
4052
7371
6505
6374
5279
7236
8884
660
1886
5934
8597
8890
8844
2550
3650
8905
1103
643
3449
7901
7636
2040
4953
651
1053
7898
6167
9071
4234
7695
1626
2959
9164
426
4137
5373
8669
7928
2944
2467
9060
13
4118
7622
7537
3708
7657
5012
9899
7468
4657
5882
1640
1621
3614
4490
9257
5733
9615
1725
6067
8532
5361
7635
1294
8251
4203
9398
2255
797
7955
9267
2900
8307
2504
2930
1702
8546
6730
9155
9461
7210
3630
6853
1458
7936
3419
82
9729
4238
8966
8506
2838
7211
4773
7603
8448
645
4959
2791
7460
175
803
9749
4492
3700
6320
6793
6662
2381
4465
7885
1292
6705
2817
7149
191
2526
9670
3886
9608
8797
3713
7624
3140
5651
1627
480
717
4556
6419
9173
3967
8387
1635
7169
3572
8624
9552
5305
9648
7004
1062
2612
6182
8608
2036
7667
3217
1306
6642
5466
919
4340
9677
5751
3372
230
5611
2472
6263
2234
5420
6988
3969
4262
1052
4753
3973
4478
6927
9189
2069
716
1548
4728
2847
332
5490
2821
6207
7500
9509
8530
3371
7100
5114
6576
706
132
4332
7845
5608
4517
1282
7099
2788
8586
2445
6858
5276
1616
8070
1243
2843
1587
8721
6496
4209
5769
3197
2326
3377
3000
1238
1856
705
1392
4008
6823
6470
5417
2963
4720
9424
8527
5713
8004
8582
1939
587
2543
983
6762
12
7693
5558
9709
2807
1199
671
345
7787
7377
293
893
4443
1267
5796
7199
9244
3280
7882
5446
4569
7874
2578
5821
3445
2172
3079
1089
8056
1915
5021
6105
34
2012
9343
4
8939
3558
6973
1196
4969
7894
1000
2680
1805
5392
4934
9846
7092
3472
6234
8269
5125
3736
664
2019
3461
3305
5647
8104
2503
9458
5963
2980
5845
6296
9542
8526
327
3871
4339
7909
3993
4321
4804
7822
58
1365
9962
3183
6495
2208
6919
2601
7235
9779
9719
7650
5540
8409
469
7412
478
4170
5487
6809
6247
3641
2659
4826
3890
5858
3168
5568
6484
7209
7084
787
8959
5778
9145
7006
1798
3686
9635
9420
8176
4496
9222
8076
6066
7907
7628
3246
8997
8146
7247
65
4175
2364
604
2171
9874
5581
2787
7313
7029
8053
4749
4592
9551
5889
9600
7188
2831
8528
6385
1933
3681
2426
6282
7477
93
6037
8110
2041
7136
8421
5203
995
6365
2856
7777
6029
1703
7156
896
2654
6538
9026
7175
3733
1726
3844
4584
2621
1566
9847
2068
4843
6529
1072
8019
6477
7620
2828
3495
2396
2670
8335
2127
4727
5533
3104
4874
6850
6130
5873
8124
2427
8634
6367
5703
1476
3484
3629
8384
5187
1881
730
7886
7847
5678
9406
2318
2211
8158
4167
7421
9831
9400
6592
5461
1261
7309
3063
7053
3946
1712
7306
8413
9971
1730
9885
6478
2491
7917
2627
2448
3567
5786
9669
6376
2184
302
7689
7911
1918
3753
144
7128
6676
1336
5669
8086
2242
1070
1698
8740
4637
4819
3414
2527
5770
2252
1098
9226
1940
6612
7061
95
6741
4162
2197
4917
8325
4554
156
7358
3195
297
6188
9705
7301
3367
8809
5636
4716
9851
3001
2564
6014
8533
5451
6556
2494
3109
8663
1882
8806
105
6299
4979
7617
6727
4201
7790
7506
7765
9626
2241
21
8043
4484
8864
4954
900
3082
113
5776
8365
6827
6651
8441
7838
2028
7287
4319
2922
8282
8361
8531
6598
3796
5285
5416
309
8009
7349
807
336
8311
9242
8509
3957
5271
4367
5534
5589
296
1922
3779
950
2814
3971
9973
4277
2149
6567
7954
8553
2369
3355
8794
3083
4481
7864
2628
7745
5150
7445
9216
1331
2652
2853
8774
4576
9938
5872
5955
8832
5332
1023
8768
510
278
3929
2230
5205
4285
5357
386
7254
7691
7178
3242
4259
967
3489
288
6221
7374
3230
6707
6186
7492
3182
9255
7078
494
2390
181
4875
5710
4407
7754
5931
6139
8268
992
7580
7448
4410
514
710
3108
2307
8798
7
3416
5133
852
9391
390
3186
8713
7296
994
6518
8367
3926
2624
6281
1728
7462
8381
9922
9795
1559
2288
9208
7122
6978
7606
4307
2973
9338
9530
2161
8260
4614
961
1170
8473
3314
4419
5456
5005
4295
6943
9877
20
5192
3103
8247
4883
2039
127
8760
8512
6819
9679
2535
1598
2815
2939
1577
6119
3815
2711
5458
6620
3224
920
7043
1
7368
2735
7627
6547
858
2360
9247
546
6690
2018
1178
8993
305
6573
1461
1696
9181
9349
6444
224
908
9004
3450
8026
9730
648
2479
7060
5076
3927
7739
5667
2009
2216
2217
3764
4993
8751
8820
3158
2638
4429
2792
8109
5396
4491
3408
4365
9855
8438
8893
6159
1136
8710
6797
4324
5248
8018
6052
2224
3292
8680
6251
6074
2439
3039
7766
4313
7611
1400
407
8457
94
7841
7417
3539
8842
5895
8802
5253
8399
1594
2376
5585
3596
7507
3679
1005
6493
5508
7416
5429
5068
9924
5940
5700
4221
5381
4176
8037
5319
6999
326
7986
7125
6041
380
8380
1583
6220
3948
9901
764
3124
9357
3180
9258
9227
5296
5510
9250
7641
1356
2435
4912
54
9559
4649
2881
4783
139
4878
2388
2509
6439
3781
636
3728
2935
637
4881
9122
9024
849
5160
5219
1484
1904
5120
1441
3586
6098
748
2919
1825
8122
7197
6328
9017
8375
1710
1277
5027
3036
5613
5524
486
8641
6891
8211
7328
7849
3002
7487
274
1834
5789
5639
5130
75
6293
9691
9449
6695
1634
5756
5317
907
917
9995
2681
3252
4017
9693
5735
5089
8178
3236
6398
8263
9981
5884
5191
6017
8570
1414
4991
3446
5484
3784
2567
7177
6480
4787
9410
5393
6327
5852
4812
9591
4432
307
4654
4757
6991
4300
2747
3211
8745
4154
9434
1520
7551
6616
4506
6868
6502
9562
1676
6953
1718
5477
9170
4600
4582
533
3274
7376
2970
8306
2219
8044
1602
6687
4546
8779
7770
3814
377
9712
7711
3639
695
9050
8670
6536
3838
4782
8497
8362
1393
5553
7747
1871
4325
5877
1560
6500
1631
6344
3144
4403
7094
7045
4470
1380
631
9912
9574
9572
8816
5798
2803
9727
7010
4691
650
2100
1504
1325
3693
8172
6393
753
3813
2120
9498
431
2782
8644
5921
8442
4945
7681
1122
7369
7292
6960
4035
8157
4663
6402
7190
501
8776
3471
5341
9838
2191
8550
3296
6421
8483
6479
3568
3854
9452
4981
7444
6979
8868
9169
4074
5684
8465
6377
9568
64
1434
6729
3685
3376
9674
4191
2876
4572
3232
3810
4299
3914
8642
8689
3812
4717
4862
5166
1265
6643
7555
1347
1546
6564
6885
6336
6949
8679
4695
3386
5982
3342
2888
6025
4014
236
805
5760
2310
525
7176
7666
2616
5262
8378
9997
2059
9803
2279
5575
8087
1179
6459
1268
727
8787
32
4368
9272
4548
2228
5670
1828
9266
7646
1707
2349
3106
6331
7363
841
8403
6451
5315
1124
4726
955
2984
313
9986
4941
2583
4610
1499
2717
455
5633
5526
5201
709
7543
4750
3907
8761
6613
5231
9800
4462
1585
7115
8759
4405
5474
4759
4513
9177
4098
1848
4358
2192
9675
8813
1002
4468
4996
4163
6986
4903
6255
8727
66
3864
1719
8458
5259
8073
2551
250
8848
8932
406
1630
4069
4698
8789
2196
3581
7059
4667
5091
4125
9126
87
4409
2287
4027
9544
2440
3766
6603
2949
5457
7482
7818
218
522
6711
1981
9086
5904
5968
7694
9152
246
5857
8312
767
9857
8954
25
5226
1236
3343
4187
9676
187
8096
6962
6289
4811
4567
2910
7282
4745
8275
4152
401
78
3291
5849
8165
6059
8466
6699
9020
7837
8279
5211
2533
2193
4978
619
7915
3466
5927
2501
1935
9134
8371
6366
4711
3663
2858
2561
9661
534
4010
9225
5762
5721
890
3403
4515
2165
5714
1913
5056
8077
7985
1468
6560
3174
1231
6692
9707
6924
6073
5207
4940
9476
4882
7332
226
5194
5185
7302
7688
926
6120
2872
7875
8340
5149
4505
4371
8188
5753
5517
6232
9474
2901
2488
9388
9854
6568
7277
8741
1278
4910
3127
272
2452
1657
7596
5584
3537
2160
7298
6900
7931
7971
7451
6590
8469
9325
6116
9532
8898
6117
3836
4709
349
2696
9200
6197
1158
5907
1926
8920
9701
8551
4924
5689
1896
8142
7030
2066
4842
8793
9005
9360
9084
5894
854
8915
7075
589
5183
4769
2098
3474
6222
1588
897
3888
2728
2262
6931
7407
9796
895
7442
4411
6968
2653
9144
1822
618
1496
1377
9642
7233
7997
8962
57
251
5767
558
6722
3995
6768
5483
2646
3623
6983
9948
9840
2505
1576
5277
5394
1927
804
4607
2072
9259
9075
8657
1746
3048
1075
3905
8548
4467
5115
2083
5452
5911
324
235
5167
6709
8049
6719
2347
676
3987
4551
8666
2723
7009
6135
7370
7184
5380
4110
1768
9463
5052
9884
9947
8647
1430
3743
8330
449
3084
2772
2057
1783
4463
1375
728
6541
7577
4594
8400
7829
2870
7600
5929
9115
731
8024
3672
6597
8648
1819
935
7772
3741
8294
5478
6152
8841
9110
7903
222
8150
2639
4388
3968
8012
8705
4844
8240
1253
6115
2625
423
5268
7512
8724
9907
5265
6468
1921
9373
1047
8148
2281
8454
8099
4807
3897
6932
2848
795
8785
9462
6196
4568
6615
9652
204
1661
2460
2044
5345
5204
9894
3516
7631
9771
7095
4665
1145
7960
4151
3703
7281
2879
2304
4661
8128
6338
9760
6383
3328
6852
6323
9512
438
8750
2789
9220
8423
8374
3601
968
2783
5801
3220
4639
1123
4430
3758
3628
6845
9290
9850
4159
6076
4933
2389
4352
9655
9654
8479
3373
7423
5080
4263
3018
3939
7481
4013
3483
7674
5147
4253
2081
7527
1198
3911
3755
1147
7976
2976
1536
3936
8886
2861
7480
359
263
4900
2636
5476
9094
5435
6770
7348
7466
7483
9617
7926
1308
7833
3077
3259
7105
5164
8437
8395
4322
6935
9306
6007
7418
4072
5322
1646
5161
6930
8559
620
8999
4539
2496
3335
5986
7678
1970
1192
696
9750
2664
2941
5959
3858
1433
8602
9555
9148
6122
2812
1008
7340
7146
7941
3660
8808
6522
3949
6646
6698
6736
3125
4752
9053
9441
1078
3923
8541
7110
3019
5830
2966
5463
8213
2805
1995
9187
2710
9746
147
2203
8050
8491
7709
1213
7890
6629
4772
7089
1405
3254
0
3624
1738
3118
4104
3507
1945
6332
9064
639
3417
9881
462
8363
4901
7593
8223
5355
8791
1263
2731
6847
3350
5465
5886
3307
6202
9928
8664
4688
2099
7271
9070
9605
1642
9685
7261
7402
6644
4202
2985
9776
3235
7458
8472
5993
3759
3361
2757
9606
7979
1532
9490
9275
4814
9515
1911
256
5859
9436
2622
899
9323
1944
2052
3575
9040
833
9077
2047
6164
843
8643
7771
7719
8824
2096
1914
439
8566
5325
6372
4629
9136
3776
7098
3536
4587
1829
2273
9865
9233
4106
3941
1384
5111
2270
8324
9620
6534
5384
3059
9536
6128
4306
3346
2155
1181
225
1087
4141
3467
9116
2284
3011
4861
1413
252
2751
9182
4242
7513
4766
3432
632
4304
4494
198
8319
8917
5994
6950
5736
4995
9598
6111
475
6717
286
1189
8377
5218
8032
283
1472
5831
9228
8856
3151
3162
9083
7975
886
1965
9952
4943
4524
4227
5351
757
6179
7556
6725
5377
5071
4039
4789
5059
8995
2175
7668
9205
3091
5966
3250
4729
5082
5354
1542
6316
2320
4792
3203
8383
3253
2481
1211
5977
9794
9528
6691
5287
4885
5045
8416
7159
7839
3680
6638
7364
8313
6757
2244
3290
1670
3924
866
2029
576
4457
655
3821
5555
2350
6209
7459
9268
1892
6272
4986
822
6549
1212
295
7598
4360
711
1666
8256
2186
6527
526
1148
2058
6319
3138
8139
2649
2932
7764
9423
1471
8052
6249
580
6889
356
8539
3060
3056
5951
7048
4442
3035
9843
5705
453
2045
3442
9839
5266
7143
2405
4032
153
1128
786
3524
6714
1431
959
7032
3321
1180
8354
4070
7816
2148
7950
8800
7588
4287
7939
1079
8595
6922
8627
5309
5407
527
9828
5862
7905
9777
3595
3351
3682
8427
5255
1443
3893
7925
6216
8743
1516
5563
1041
9546
746
9785
1029
7951
9657
740
2200
2811
9107
2537
6929
3869
9756
9700
8753
1254
213
7746
7940
8860
5229
8296
3337
9231
4316
2185
3278
3745
1835
2442
9936
542
9407
2997
6767
1284
7776
4302
5856
4139
1099
9283
3308
9534
9105
7791
7908
2878
3509
4949
7112
7252
8911
3113
7786
6009
1479
2750
378
4130
7395
8359
1878
5900
7215
1086
9887
8858
7912
9810
1245
3400
9069
2895
2486
2928
8429
4044
1166
4292
7123
7191
2779
6065
5646
1663
6371
3702
7731
3024
7973
79
1447
2882
2471
3358
6085
9558
1999
3294
4946
4157
7343
1142
2370
6347
4557
7727
5855
7757
3479
6867
5244
9286
9103
6306
8060
6016
5848
1407
4333
9889
8484
4254
4796
1575
3546
46
2975
3473
3569
8623
8224
9162
6843
2818
8896
4578
104
5353
6822
883
3164
4166
4229
6166
9372
7557
2380
3638
7431
4603
6939
1591
9328
1017
1791
7621
4233
3547
1217
9792
3794
9442
9968
2633
7883
6544
4034
6183
1171
4960
6471
1665
5773
1487
1016
9394
1863
5879
5992
1739
7703
6488
7071
6759
99
6571
2437
90
1509
2049
2673
9892
3156
3249
4216
573
3080
9653
8930
7612
5682
3237
8881
8027
3765
5768
8510
8343
8214
8698
2135
3421
2227
7952
1391
8206
7848
3475
6887
2965
6530
942
4768
3298
1357
1815
2637
5095
7803
1860
2846
1495
2640
6854
5917
300
5839
9975
6610
780
9826
9246
3008
5227
4559
1077
3525
2163
1704
400
7484
8402
567
7832
4897
1013
7760
7873
8232
8140
5621
1743
6674
3622
4886
5136
868
4361
5612
9507
8618
1328
5717
1449
7647
7949
2366
3117
8045
7223
3502
239
3033
9339
9128
5835
2401
6333
38
6816
549
4158
5938
3258
3157
1910
9958
3393
1289
8492
7807
846
4058
1501
9199
6966
5610
666
5724
3696
9269
4381
1734
3825
88
3027
5596
7054
848
9238
7677
7613
43
2346
8790
8500
8963
2908
7685
8984
4719
2122
2092
8433
7057
2332
9935
5650
8941
3578
9820
6359
8369
3961
5431
125
3727
2713
2610
5956
9383
7312
7701
909
9418
698
4570
3588
2207
9188
22
743
5122
996
547
8207
7246
3506
8725
1515
4656
9497
3210
8815
3529
5567
9573
2924
2896
8092
8136
3245
8686
1185
9271
6492
6315
53
7648
8867
3930
815
8440
2780
9886
3494
6432
8654
3861
306
1867
3336
3344
4543
159
7656
254
4598
4344
227
5118
1823
4972
9330
3952
2556
1763
4909
8899
1537
1895
8834
2247
5816
512
6683
4793
3112
7090
3301
3098
6269
2516
7074
1893
7670
6324
6779
9003
7858
5470
5807
5132
81
7344
1607
7855
2202
145
2313
8892
8987
9213
5600
1622
7338
3070
2547
4911
1363
5918
4109
8517
1223
2187
3875
430
5015
1101
3090
2291
8660
7653
8216
7307
6928
9150
3193
2433
878
9611
5507
1206
2961
8149
415
231
4558
1677
5035
3671
4215
6913
7724
6872
9204
2032
9595
8748
6607
4085
177
7012
2254
7642
2699
5593
5453
5815
1733
6583
3889
2478
8833
2023
9814
2824
3706
8502
9627
2721
2131
1006
6604
7488
7566
5492
2469
3311
9469
5549
591
8425
2353
4353
7967
7435
9459
1758
5464
2806
7651
9956
2292
1417
3953
9043
9443
5846
5556
9993
3429
6244
6286
7088
4856
8208
5216
470
6417
5403
268
5627
6138
146
4289
9478
8855
3049
1717
9786
5890
7521
7173
2866
2005
1068
6948
892
164
434
3729
9812
3352
3989
8460
6996
6886
8360
9143
9923
1897
6829
3827
3756
4497
8877
9363
9988
865
9494
1233
2309
2647
6456
3862
628
185
646
7698
3046
6342
8276
6997
8133
8742
9893
9320
6748
6599
7383
3748
4828
5515
6773
4925
4770
8863
5496
8111
5307
800
7181
2967
6134
2250
8303
7335
1574
5368
2587
7073
2031
813
4173
9571
5320
6345
4042
4021
6034
5419
4091
329
9610
5928
2521
9057
5655
8986
3992
9514
31
8617
7139
2606
4009
1249
506
8708
6631
1771
4264
5834
5893
7953
2110
1941
234
5864
8799
2030
772
3532
458
3205
8717
9033
3148
9192
9863
9111
7549
7640
930
524
7406
8846
6650
9393
531
8305
2372
1275
9314
3380
5728
8671
1438
8676
8177
4428
1804
1167
5560
9876
2150
3580
5366
7087
1483
5235
9798
2134
5479
4738
1541
2237
3110
8866
2603
3051
9519
4678
5755
9942
9120
1842
9829
4301
9356
8734
3407
5617
1117
1270
6082
1713
8593
5436
9621
3390
7605
3165
7706
8819
197
8662
3822
9331
3303
3913
5826
3485
9399
258
7285
1304
6431
4225
5707
5202
6399
4822
7802
3613
5500
7133
5783
1114
6294
7091
1659
9318
2648
7485
8351
1287
3714
4810
7633
1197
2978
6010
8587
4029
7525
7643
8415
3554
2877
3262
871
6068
3058
7645
2278
3725
2324
948
6350
7470
4977
1551
5878
2626
2800
7623
8534
4212
1534
3535
2683
385
4707
7096
9932
8746
8426
5976
4833
3649
9945
4507
3560
8688
6606
8248
3260
7063
9937
1955
8735
24
1388
5880
2114
3286
7189
3
7665
3865
6008
504
5587
7065
6712
8463
2204
601
9859
9632
1820
6501
8592
1993
9525
7632
6669
3697
6998
7001
7732
3022
1943
5433
9991
937
5405
1255
7570
8153
7327
7511
1987
3916
3139
2865
2327
7565
7536
736
3585
9210
1230
8835
8444
6160
8141
8811
3453
8308
2529
6013
5177
1844
1624
4550
1667
8072
3742
2095
4679
8156
9724
2325
2417
193
4444
5685
2065
8823
1326
3107
9641
3644
9659
6163
4471
6588
6584
1152
8674
9914
3770
5501
476
4971
8112
9634
4121
8703
5998
9678
7994
1952
4859
8067
9587
3816
7843
8810
8257
4248
9736
6277
4015
697
7610
301
981
3010
4260
7154
314
4879
2840
1010
2121
4060
1001
8947
5019
9882
9408
2489
4356
8907
8200
932
4520
7644
3542
409
2690
9401
4093
9668
8226
8701
1688
9529
927
6032
9906
7540
2862
777
189
5267
5823
5473
8645
7722
5424
7545
5566
6391
3398
3515
6842
2373
1398
6262
2409
7534
2199
1490
1720
9567
1153
1291
3105
2487
3643
2704
5261
9481
3565
1477
7389
6301
11
3038
8386
1840
7239
9464
7899
1841
8518
1442
9864
5065
7720
5771
4485
9366
595
9841
2544
91
2245
7461
1345
3647
634
4101
1586
4230
6554
7379
8258
1973
5697
4165
3201
6569
6989
611
9487
5193
9483
5590
9079
4402
7070
875
7572
6102
808
1071
2682
1498
18
4952
9740
1611
4701
5765
2259
801
5750
3072
6782
2585
3330
285
4672
5103
9297
2395
840
7103
2948
3818
5003
3309
1227
9915
2441
6243
960
3617
5616
7490
5313
2741
116
1322
3514
7501
2024
5591
2515
5629
8323
889
4205
9550
1792
8348
8118
8003
6805
8155
5094
3856
1781
5644
4200
5363
2063
8098
521
2716
215
8382
4417
2498
4172
916
8588
5188
5206
5661
1525
8913
7585
5414
7225
412
414
4553
9636
2954
8428
9583
9249
1573
936
4552
9000
2869
5814
5491
5062
2725
6830
6242
8113
2406
4920
3705
9966
9068
880
1330
3801
6837
6407
1724
5340
1455
7569
8298
9872
4087
5546
9337
9496
5000
3605
7812
1403
9868
5544
5687
2600
8969
1193
4669
2308
447
3089
8682
1163
253
3901
3754
2050
755
1636
3424
9503
2144
1644
1436
8728
2170
5648
7248
818
3141
7024
3527
1144
1949
1221
5969
6364
3052
9270
52
2447
6595
6875
5618
1311
2593
482
9612
7256
7604
6172
7150
8581
5225
674
8490
1762
6437
5232
5853
2762
2746
3050
6596
7124
45
9322
9807
7473
1364
4751
891
9686
8341
8058
375
8346
1402
7467
4499
1084
2737
3885
3513
6382
5954
7998
3269
74
8116
7453
382
9411
4256
2851
6483
6724
9665
8299
5604
7400
7662
4486
6096
5637
3612
9489
1459
1522
518
5129
4658
9593
5399
8854
8878
1321
289
8419
7795
8445
2795
8121
3517
8309
6751
366
8765
2362
372
1162
6314
4974
2454
859
8667
4068
6570
4755
6632
7868
984
3064
7384
176
5250
8487
3950
6609
6061
9710
4487
2038
3999
2538
4145
7893
1146
1801
1478
8640
7495
3199
7966
2691
7077
2692
168
1107
6124
6551
6910
8847
6654
4831
2700
2283
2087
3366
8280
4250
3147
1216
8795
8583
2830
4482
8825
5752
4756
4448
9142
6769
1260
190
3710
6731
3385
1058
8994
8222
7051
5092
319
269
8152
6545
4223
5896
4461
9630
2565
2566
5919
3123
3014
8739
2365
7710
8691
7227
7589
4628
2719
3423
8182
6888
266
4314
5972
7253
6754
9625
9540
4062
3411
9355
6472
8181
6533
5734
3882
6681
5234
2581
5619
7743
8452
5141
934
790
3181
3389
6901
5145
4193
7571
3556
958
7753
2411
7130
1632
1038
3023
6593
1354
8646
180
3966
1671
1946
9588
9302
1978
583
8585
6146
1885
553
6921
6228
9296
5212
1736
6250
6200
6053
1039
5418
7066
8501
6799
9278
8205
3365
8171
9943
2678
6775
1445
8451
303
1355
3843
4681
7793
5333
2623
7965
5512
703
7321
8450
1968
3545
4437
5718
7567
9274
6566
2718
9344
1229
3823
647
5638
2617
6499
5922
657
6899
238
4931
1601
3066
1044
855
4857
1412
6578
7038
183
1453
4057
555
9582
1716
3387
8828
9939
8272
7634
9585
2493
3388
7652
4413
9193
3521
115
9185
2001
6951
6048
2996
2575
8951
6109
2214
9742
6481
8297
6003
487
988
3919
6947
9046
8373
4374
5912
4682
7373
8836
6982
6270
2240
436
8304
7958
9435
7399
3126
9926
318
9793
1930
1007
5870
29
9791
2062
8100
754
2579
9260
5868
152
6970
5795
5936
1802
2137
8475
7505
7945
5658
8328
8310
6035
7532
3444
4273
5802
3451
6284
61
3116
4050
4045
499
3457
1855
5551
477
8349
7489
9738
1925
1416
6894
1295
785
5543
7446
394
1578
5939
8622
7981
649
2850
3811
8706
1697
2686
98
4119
3798
7497
7185
8535
6941
2142
4363
965
2384
1511
5375
6601
3173
6934
1656
9849
9038
2125
5696
4529
8396
1934
8025
2651
3504
178
975
2655
1793
4816
142
8549
8555
1531
6194
6101
2644
9972
9051
1131
597
6225
9413
3229
7052
6411
245
5072
3768
1467
8557
1358
9861
6752
3959
3965
7295
1371
5312
2560
1879
1891
3025
9913
9649
6150
3102
7385
7814
5480
1480
6833
6708
5632
5006
7531
3363
8390
9699
7432
1369
5251
3370
6283
1961
5376
2707
9334
9687
6574
7040
4480
8287
8388
8516
404
7294
1832
719
9
9556
421
7582
5832
2054
599
2339
8840
693
4525
1877
4391
6156
2294
7817
1851
1474
6516
4905
76
6848
1366
8107
5228
1183
4206
9161
7946
682
6265
6515
1605
6528
2105
2461
8829
4951
7742
7021
3955
8944
4086
3331
5028
614
2359
5173
9553
3528
8778
4684
9853
884
1547
6916
3087
8578
5772
7840
7853
6780
6812
5179
1876
7590
1971
3665
8485
6820
1920
7741
6863
9133
1614
1151
1745
552
9715
7072
2708
9007
3853
1190
2517
6766
1408
9073
7153
7195
5327
3439
217
7963
5295
9493
1814
7961
6903
5777
9340
6622
1329
3931
8225
452
6964
7988
4961
8192
3692
5134
6455
6454
1390
9109
5791
5545
2739
7108
5781
9048
7140
1394
712
5898
5552
6428
2238
4732
6659
8607
16
4927
3653
3896
143
827
8764
92
782
4895
2871
3076
1126
7865
9751
8822
2499
8668
2519
8267
5542
7679
2153
1200
3711
9098
1225
4420
155
7828
939
1133
7163
6710
2206
8869
2732
9765
8687
4561
2885
2706
8023
1853
3551
523
6349
6217
4625
9011
4144
5138
3675
6195
8239
5537
6486
5157
6811
9195
953
2662
9783
7280
2090
825
3984
8520
2841
8945
2836
1785
4394
7471
5152
8507
276
9386
6199
4288
9102
4722
5011
5642
6915
5330
9735
9767
1120
3839
4692
928
3247
7017
4739
8665
441
9603
205
7723
5454
2993
3435
9837
4685
8221
1080
1996
963
9327
5782
9303
7020
5586
6728
9419
1568
8649
8235
2465
216
1314
1386
4503
7167
398
1096
1767
4423
2399
964
6558
135
8964
5254
3302
8201
5792
4389
9312
4805
9949
2075
6835
2926
5260
7415
5171
5343
3716
3635
7025
3974
1370
1519
4222
5987
4786
1486
781
4207
3654
5924
6540
4398
4845
732
8871
5511
6360
9602
4731
8677
8874
4521
4185
2981
9845
9805
5311
5999
9531
3683
5943
1027
2159
4077
5275
910
8851
4778
1119
4865
1269
4535
7740
913
5506
2758
6733
9743
1908
6030
3590
7948
109
7204
5208
4458
7857
3610
3903
2656
3652
5622
8560
7755
9979
5369
7300
9870
9832
1975
7297
1737
1865
9757
2532
1992
7120
8339
3318
3657
2715
9844
4733
5163
2899
2591
952
6021
3317
8807
8952
2298
4618
667
9809
346
3438
3752
923
6640
3619
9154
3668
7058
141
1936
6018
1385
2902
8498
888
4547
8220
2453
7425
7629
7062
323
4877
4800
4348
9549
2276
5730
9510
1799
2014
2669
2343
2915
602
745
8865
1494
2464
9203
1054
4725
3476
1156
8447
3034
885
6326
6836
277
9042
6400
8786
4330
507
3915
5213
6497
3327
7891
6464
9925
861
9310
7273
7671
2614
4950
515
3044
4231
2548
7503
2143
2590
7977
5051
860
4690
7194
2132
2221
5323
7575
6907
1527
4455
4114
9437
1081
6895
4291
3121
8358
2940
9547
1066
1288
4809
8105
37
6873
3928
5093
6815
8230
7554
4744
7455
970
810
8315
9978
9682
9770
4896
4562
3719
2466
1351
9364
9096
9744
2379
483
2630
6151
1650
7097
4346
4936
8817
715
7587
1966
1864
6611
600
41
3767
3564
7354
3877
6761
9299
1963
1827
8980
4377
7594
6302
7749
2873
4283
4146
6521
4611
5594
2067
7042
1049
8074
4108
4549
1272
1141
502
9371
7751
7409
136
6452
2374
3099
4795
2048
4891
9265
8998
6987
9183
2790
4188
3847
1349
538
8711
2011
5425
584
7914
5569
969
8370
5947
7308
8283
3067
1470
86
9933
4964
9681
4364
9860
904
3238
5043
6602
2909
3751
7830
6625
169
1695
4063
4860
3345
4617
982
686
5148
2763
7316
2392
7539
4115
9967
5803
2634
5681
7428
3323
7187
3670
6763
8244
4522
1376
7137
5991
744
4036
9273
9658
4864
9667
9910
1928
6192
35
6062
5288
6051
7895
8910
85
9365
429
8238
440
5964
5447
2476
6507
229
4082
4797
363
5421
4630
1279
3452
5913
4616
8132
7987
9990
2884
1752
5901
5812
3738
5236
4821
1088
3904
5953
1565
3540
1157
8563
1409
9037
5291
1332
1673
5437
9416
8493
7380
5055
8008
8633
5172
4357
2210
6546
1790
5117
2103
9129
6619
392
5143
8184
5159
8278
7519
6148
4096
2495
5215
5799
3884
247
2420
1620
9062
3845
8982
5264
7183
2684
5025
4436
3606
3522
3496
3405
2833
2927
1303
2769
1051
2107
3017
9802
7221
7206
6087
9137
6503
9179
7397
894
2412
8048
759
9422
1906
3841
8233
2116
5520
484
8763
519
2937
4734
89
8389
9066
2569
7162
7884
9446
6218
2124
9224
2577
7113
9440
5887
5346
6252
2794
9905
7538
1139
3786
2827
4723
3443
9409
9748
1115
5294
3749
7064
2213
6463
4294
2531
3415
4281
6798
2474
5715
4197
957
6410
7876
2053
1857
6394
4472
2992
608
4043
8956
6952
1184
9842
1862
3226
8329
3632
898
9047
4268
5656
4926
7262
4958
8961
2205
3709
4907
8604
2475
3799
6961
8861
5031
8209
6412
5186
6175
2104
2258
7161
6859
3469
2522
720
7560
9361
5888
8801
5423
3094
1235
9566
4604
3986
6369
5440
6253
3895
5356
6046
2145
5165
443
3356
5090
1092
8406
578
9977
5905
1641
3633
661
5502
2752
9438
315
6317
3428
8752
3872
119
376
694
3459
6608
7353
4834
3910
8590
4633
8453
9733
4088
6081
747
6532
3808
7382
572
9174
8274
9768
8577
8289
1674
4113
448
2894
7729
321
5570
4613
4280
413
311
1383
8173
1874
1689
6006
9175
6174
9662
9309
8185
9774
8020
2480
7970
9919
1917
1517
4261
200
8635
2887
7515
3440
3287
5126
8001
1204
8619
1060
8614
2169
794
7896
8838
5063
6050
8446
5154
4372
5066
1463
4847
2106
7826
348
9475
7922
8958
9836
3360
9147
7015
8414
9444
6600
7626
6153
4315
6125
6069
6071
7773
5314
882
5758
1150
6259
7663
9717
7018
8295
2661
8051
2416
2724
6422
8130
8594
8331
9445
2265
4037
7614
9671
7906
9622
5827
6977
5522
2033
7039
3804
4916
3359
2977
6303
3591
3016
5935
8168
7866
5729
4677
4501
1491
2775
7049
240
5897
7523
3778
7639
6100
83
8843
71
1523
3382
4373
3353
4024
5995
6235
2003
7980
1232
6803
773
2785
5269
5358
7336
9324
6686
3597
1399
2424
1237
6112
7200
4489
9454
2685
824
8598
8524
3216
2397
5923
5344
9384
7381
8262
7351
267
3956
4184
7293
2736
6279
1645
4385
1839
4780
4192
8683
2609
60
7426
9898
6137
4276
7259
8352
6857
5757
8702
4635
7654
9578
7851
7319
3093
7692
4771
7028
691
2226
1094
8066
8821
2136
8545
8731
4999
4270
2530
8558
6011
4177
8873
8885
1085
750
4178
8769
6673
3047
465
1382
6877
1457
3645
2799
2641
8777
6920
3750
7735
7299
5455
6330
1014
829
5379
5441
6231
4760
2964
7424
8068
3615
7275
6121
2002
2097
8972
828
819
8770
6005
4653
1518
3061
933
1093
9055
2013
4939
8332
3690
4516
5957
5660
7366
3159
5808
5899
3651
7142
9166
3519
3128
6580
6865
4820
6958
9280
5971
8783
4311
3500
4249
8350
702
9575
7716
5564
1240
3944
1258
752
3598
5519
3272
4341
911
3883
3430
5944
395
7449
530
6430
8119
2582
4913
4255
3188
5087
294
9961
6418
5790
7114
3255
1929
6911
1521
2687
8041
5413
2671
2668
6198
5980
4808
160
2034
7290
6078
6002
7019
2934
5937
2164
4687
4310
4218
2111
7014
3155
6057
4220
26
3724
5121
7518
5891
1786
1105
5123
2223
8889
3735
2321
8591
7186
397
5840
68
3620
4414
903
4272
5402
3455
8965
8398
106
4818
6512
2995
2410
1775
2925
8562
8234
5178
1283
3530
384
1503
8929
3379
9579
6386
1809
662
1335
1794
613
9149
2994
7036
6063
7859
8845
424
1649
1873
203
9294
4841
8923
5274
8543
4892
5387
9940
2744
2608
4140
7704
1276
4970
9023
8571
3299
1019
8722
4785
4634
2675
3555
6509
6409
5032
4944
8405
9492
5539
2008
7514
2979
6864
8916
3603
2770
3621
6238
1446
5662
8827
3332
209
8255
7599
1570
2588
67
4577
9773
7929
5571
5242
9248
4293
5338
4153
7003
9010
182
4806
8407
2157
7388
2398
7756
4199
4838
6144
6339
6442
8568
922
6975
9146
3938
766
1830
7264
9307
9377
284
6079
9081
208
2261
3642
3289
7962
2574
334
9586
2510
7011
2921
726
8337
4642
8212
6313
3256
2714
9397
1884
5439
3762
3427
163
3737
9722
3329
2189
6141
2178
5804
6702
3320
6449
3265
4963
6276
9695
7378
402
2796
1662
9825
3902
461
8565
7478
4279
5909
2194
535
3607
9252
6937
2146
9763
5828
1761
4041
4327
2613
5974
9163
8063
1454
7027
873
4676
9178
5039
3757
8788
8950
989
8992
3667
9082
8926
2660
8183
1684
3069
7933
6834
6215
1900
7708
9964
5723
4590
5105
5053
2974
5303
9032
7586
1872
6466
3783
4982
7080
2497
8082
4873
2274
9308
9930
9430
793
6972
1769
836
8372
1753
2903
4124
976
3582
1553
232
5443
1214
171
5298
6680
4624
625
673
7121
809
9041
8471
972
7365
6735
4337
8922
7258
1219
4469
6774
4589
6070
9381
9909
8529
1048
1942
4169
4134
2084
1419
739
1788
123
1113
270
3410
6177
7529
812
4431
7910
4047
1466
2709
474
7602
4976
7834
7797
4427
4318
4596
1456
6758
9866
8977
6042
906
5409
7219
8762
835
4380
4914
5780
5078
122
3264
1639
9405
468
9835
8573
2801
3977
1813
4638
9537
2444
6064
1811
9091
9811
9240
219
7675
1061
8880
1320
9001
585
8589
9425
331
170
2446
2113
9891
3433
3571
6737
9114
543
4252
220
6305
7850
6107
6375
2756
1379
1502
9117
6267
1740
2158
9944
5290
9506
6379
7762
7196
1604
5175
1118
5673
2952
1625
1686
784
9191
4132
9927
6876
7339
9348
1742
7854
8321
1315
690
9499
5243
2387
1797
6796
8123
1672
3627
3831
977
6056
8912
3491
1831
1977
679
8561
8259
7576
9219
6636
9601
6381
4846
520
4542
2139
4869
2086
5318
259
1615
6795
6841
2911
6645
1747
2222
7403
8161
8909
7350
1469
5432
7825
6684
517
3397
8870
1816
9153
974
3462
6647
8611
3176
7081
721
5099
2201
9472
8103
4761
6266
5663
5382
2260
606
7748
3550
4265
2834
6706
7579
6181
1682
7250
5961
7860
6204
775
3465
8970
4040
8569
5430
1774
6635
100
1706
2960
5324
5048
7268
2554
8659
7429
4266
8069
834
7827
6524
1083
5652
249
2674
6213
2844
2767
3661
7964
411
1182
121
626
1421
4135
5331
7144
4948
2989
3707
6362
6634
2394
3293
4257
6993
8767
3026
129
6743
8895
973
8738
6424
1564
9821
8202
4872
299
308
7683
1427
4475
9808
3347
467
5885
1266
6946
8167
3791
1368
8083
9931
914
7069
4451
9903
654
2793
4705
8826
162
1557
6368
77
1584
417
2867
6438
5695
1530
5209
8174
5246
3068
6678
4908
5100
2913
1526
111
1334
3599
756
4781
4597
3937
7101
7784
7526
3549
6043
6310
769
6814
724
485
1765
3437
9013
8054
2073
831
945
5199
3348
9759
7231
7148
6539
3478
6300
4048
7249
9815
5321
1012
5805
6453
7869
1264
9879
2246
9379
8508
2816
8326
2295
23
2798
7700
4708
4966
9241
3846
2837
2734
4335
8918
8694
2078
6926
1675
9138
4575
9614
8435
6275
2672
6956
6476
8981
4061
8976
8147
7135
3954
2905
1905
8612
653
6624
656
381
4392
5041
48
5406
9080
7789
7310
3803
3137
3185
2077
7164
9998
4962
8031
2451
1439
3531
316
6203
9342
9054
3241
5020
8625
101
5223
997
6224
6981
1660
2541
2571
3899
7331
3712
814
4438
5050
3006
5719
5775
1050
5151
5741
7968
7251
2042
490
3464
3526
466
9813
3656
8599
3481
8411
7330
5252
1378
364
9223
9034
1861
9432
9176
6663
4383
8005
4851
1026
3015
5401
2631
5283
8616
9135
1902
8163
869
2755
9426
2358
1215
2010
7669
5615
7469
4284
9421
7923
6458
7454
4508
3243
1341
7427
3870
2483
5245
621
6563
2602
5038
7198
8138
2277
481
6828
2689
7625
9253
8301
3501
3283
8685
6778
3790
433
27
7420
4621
5708
9867
8818
7867
4889
8081
3636
273
1549
9953
1137
7630
140
2198
1810
5316
1629
5973
6732
5281
6630
3404
4674
9955
4512
8195
2091
1655
5997
1668
5124
370
206
8693
6498
339
360
8862
3402
9596
4382
8719
2957
5410
5137
1172
5962
2676
4985
7811
9629
4224
2338
7619
2061
2301
3857
2784
1988
3849
6633
1352
1608
6744
5400
6123
1991
7992
4312
5865
1777
6909
7117
768
2456
3492
9516
2377
3873
7205
2477
5818
4095
2402
4992
3817
1692
4122
1037
9539
4511
1228
7759
2112
7924
2549
4990
6436
5197
5098
4196
4148
9762
5659
8853
4671
3835
5727
1493
2514
6579
6162
3892
3177
9160
4100
493
1042
5189
6190
7174
8914
6776
8422
5299
9237
8692
2329
5144
4631
6653
7333
6145
5233
2988
532
290
718
2102
6679
2455
1271
9960
6240
8336
9848
9823
6239
172
6781
6703
5142
8143
7002
593
1691
8744
9027
5854
6193
5813
5844
8697
6851
6765
6353
2936
8420
5679
7326
2555
8940
7800
1508
5794
3054
7846
387
3172
9711
4235
5162
577
2597
9016
5326
6004
4526
2232
2035
6094
8166
1372
6641
5083
3460
422
7387
1708
9052
4092
7439
1324
8891
4323
5180
8002
3982
3979
3922
2371
1869
8391
3666
5754
6693
4888
8114
7559
1040
540
59
8160
2545
6023
2356
459
9015
6670
5950
7245
4536
1528
7734
4174
8270
2568
3723
9172
1106
2679
3184
341
5871
3721
816
627
9292
5158
6118
8237
9362
9018
8985
811
9118
9976
7372
5499
8477
4615
2971
4168
5518
3809
562
1757
6311
7547
5217
685
8088
1143
3213
2256
6318
1485
783
1683
6614
3688
2296
5070
3396
3463
8996
6994
5701
5561
1617
5842
2004
6158
617
4239
4111
838
2688
7005
2378
5438
9502
7592
4026
2311
3820
6789
8967
3422
3085
5869
799
7182
6401
1690
9277
4956
2190
6639
7230
776
872
7272
2513
8936
3802
2860
2857
4452
7767
5598
8653
7126
2333
8029
1997
1346
4540
6161
354
5949
5112
488
1693
5360
5486
1300
9095
4655
990
5516
763
1067
4591
1540
4002
4619
7956
9209
9883
2156
6786
8730
6072
1418
5190
9819
4643
1299
7436
330
9044
2528
1274
3477
5110
3225
9703
5220
9008
1121
1812
8250
3275
6129
4675
8757
1580
9414
1899
7974
539
6896
7785
6469
5365
8204
6874
4884
7879
1440
6355
2536
4765
2151
9234
5599
3374
138
3998
2875
80
8089
7486
1859
742
6738
3604
8606
6969
5047
4763
1337
5749
8417
4447
5494
9450
5074
131
2983
4700
30
3739
4031
7944
8733
7286
210
3005
6173
337
8436
8162
437
2999
5706
7524
2367
792
6180
4650
551
2667
9731
4456
2923
3552
4743
9085
5680
6804
3687
5692
943
5979
1898
5106
7082
495
851
201
4464
2546
6846
7104
9453
9721
1234
5247
3135
6666
6278
5942
1923
4282
4217
2917
2043
1259
9202
6214
6808
8831
5230
6771
1924
6351
1242
503
3441
7687
1599
2701
8198
5498
5482
9336
1555
6298
3300
9009
9644
5023
5548
9880
2987
5310
2173
432
2119
9980
7208
5829
7447
7978
7141
1161
8355
9833
450
9789
8495
6995
1883
8699
1492
6308
8638
3505
166
7157
4204
2657
233
8906
9517
9090
7796
2289
6713
8946
9852
6726
3233
5040
5107
5109
2305
1296
7324
951
874
1132
1916
6821
5411
6746
3600
5945
8609
3769
6482
8253
5990
4651
5469
9335
3592
6749
2742
5301
3562
5412
8989
7717
7552
8805
6658
5908
1974
2418
6739
5308
4662
7193
1350
149
8245
9581
3204
4245
9589
6142
5583
8061
1310
7880
5874
2215
9624
5289
1108
8039
4648
3196
8187
7234
7472
7013
1903
1125
9781
6838
3963
6519
6589
2328
2520
8603
1506
1069
8830
7265
5523
6526
6080
9279
5793
1654
5184
5505
9533
9696
7821
3425
9089
5592
839
641
1664
670
798
194
4975
8720
8046
9354
605
7278
3508
6027
17
379
3470
8630
3160
687
8013
7165
4853
7568
2492
2889
257
4585
2249
8217
5462
6787
5746
9262
4863
684
3214
4267
2341
5182
9376
9491
3826
7315
9772
2375
6824
6414
5657
4779
4297
9643
304
4246
2076
2635
9113
3695
2000
2408
1637
8580
3368
6866
1764
623
6092
610
612
3925
6942
7342
689
5666
5081
8756
1571
7761
8219
4286
5214
4350
4965
4269
6274
1680
4011
7959
3940
8537
292
8033
3673
7616
7824
505
537
2764
5649
4038
3583
15
556
5444
5788
4670
2733
6904
9918
9215
179
6785
6015
2386
7788
529
5690
7583
2470
8953
9664
2195
5559
571
2413
2702
9692
1669
9251
5397
325
3007
8839
260
9285
4563
355
9171
9592
6938
5169
7726
8737
7707
5668
5902
8937
3095
6054
419
3848
7289
7475
5547
6945
5800
9232
3409
1317
8636
4219
3947
658
9427
2312
9752
8771
3131
596
1846
9688
4440
2765
9806
7686
7076
4537
3576
4244
8882
609
1782
1505
7835
1909
8467
9092
1316
7317
3746
9754
1168
8613
3678
3694
3704
4748
9728
6143
7995
8302
2094
1344
8470
5601
9197
1980
4887
9741
3073
3395
211
3806
4338
8284
4426
2020
4544
912
9455
3319
3734
5153
4446
2645
8658
9580
8190
3306
6807
4237
3175
2361
1134
8888
7844
2306
4005
791
3030
9415
2060
3773
3037
2598
9538
7983
4754
9076
8678
3028
4459
2907
788
6508
4474
1035
1462
4053
6587
3468
6954
6450
7274
1838
1273
3541
2336
7799
5037
9911
5645
3031
2781
2722
938
2552
9341
5073
7083
624
6840
7661
1426
2354
2573
4030
4181
6813
3149
966
9639
2500
6058
