2625
6330
6704
4627
5224
8073
3793
6868
6448
8501
1610
5128
9342
2477
1176
4777
9608
2294
5787
5884
3851
8420
5538
8626
1788
3984
8784
9732
1524
5266
5275
8513
2140
654
767
275
6403
9242
5833
2092
7661
5912
8723
8278
3584
761
455
4451
150
7443
9202
2018
6803
4106
3954
9243
3932
6889
9345
6332
7162
1089
8835
6800
4464
630
9246
9334
1751
1921
5012
6275
1159
8413
2070
6863
2520
7454
4742
9813
7226
5983
6372
1275
1992
2440
1429
9928
7366
2112
5330
1393
5733
3035
1656
8090
5399
4701
5726
4345
9698
6489
2868
5813
4367
3577
44
2984
7705
6762
3660
3913
7876
281
6922
7029
2004
7124
2780
5255
5057
3072
629
8702
7325
7388
5643
4333
3384
1185
3296
8116
5955
4483
4931
3367
7130
3480
4097
5081
9132
7061
8615
9913
942
5277
853
5506
2021
4690
7676
5812
129
6503
7051
1361
9945
4633
1073
7992
213
3139
3546
1148
576
9673
7712
2795
4292
3868
3241
6160
6688
6248
8557
3312
9165
6141
8637
5860
2621
4617
2775
2299
3353
3031
7765
3319
8536
2427
9664
8916
6677
6914
8776
6731
1329
9346
3039
5139
752
3978
9012
4881
7367
9915
8994
7986
8938
4413
6844
9187
3995
4972
4882
6538
8811
5885
8843
5354
8856
8118
888
7369
1104
1629
5544
9975
5709
6270
2652
5492
64
4296
4641
3272
5473
8187
9270
2761
7057
3694
6494
7595
2973
9819
6725
565
9310
7839
1528
6261
160
6475
1704
1371
7258
2753
5546
9882
4077
4893
5579
4954
8631
1653
6129
1127
5704
6344
1697
6181
5572
3890
8528
8720
413
8087
1210
4083
388
2553
3238
3924
9641
5337
3355
9306
6432
3593
9228
7517
9039
4027
4935
5253
7270
1741
7752
7991
749
5872
932
7921
9297
4811
1863
7043
7422
1552
9247
3212
8028
2400
5974
165
8393
3941
5858
492
8135
4423
7139
5132
358
3603
2962
3201
5528
1382
879
1411
5479
7677
9727
6294
1194
2722
9846
4430
9311
7619
4279
9040
5205
2101
5006
8188
7970
4504
987
1668
6393
3237
373
7696
6433
778
1971
5075
6578
8620
2861
260
2640
6219
4241
8105
466
2002
4917
9818
834
5490
5391
2158
2560
4319
8846
3822
636
4736
30
7495
530
5789
7287
5361
4545
735
5355
9829
3934
7159
4897
2762
9943
5715
8247
8066
6541
6899
1749
5052
3186
2473
159
9558
6570
6888
1787
1106
7965
4363
6987
4143
5564
2573
1783
2667
8036
1715
3135
6173
4560
4780
4220
182
8857
1070
2238
318
8619
989
1226
6066
8783
2830
4180
8823
3185
7480
8349
9329
6815
2524
2586
5182
6052
7902
2665
6435
70
5029
5371
2133
3437
4297
7378
577
7777
1576
2678
7622
2684
7254
4050
7304
3873
2828
5894
491
5821
6480
6699
234
8431
5499
2402
6853
7604
5846
3612
6879
1846
7614
856
9957
697
8435
3734
8138
9403
5688
4939
3507
6474
9199
9004
2
3819
3311
6836
3415
1048
3086
2043
6598
7971
1390
6311
7499
2926
4979
7409
369
2566
5380
2024
5825
911
5852
3178
4051
9984
372
331
9047
4107
3718
2488
9140
797
277
7963
9942
3759
2449
206
4671
4393
1479
2588
4486
9130
8199
3155
7310
5832
315
9196
1065
4351
4507
3966
3107
5364
3429
2575
8791
9438
8983
2508
7011
4262
172
1327
8545
8299
1238
7932
2635
2190
5592
2854
6026
606
9101
2526
5908
5421
5022
9661
5009
2801
9050
3949
6982
63
6335
410
9097
2035
7351
3374
193
9336
1066
3495
9227
9603
6227
1614
4691
6478
5167
8920
2358
614
2567
1256
2357
6367
9395
4586
5839
5626
3661
7631
7608
8924
5792
6855
2295
8836
5114
6421
9808
4665
885
7840
3017
908
7398
7496
7761
2403
6089
514
7672
7115
4989
8394
7308
2963
1099
4044
2534
9811
5922
7363
3893
6778
2097
5750
7722
2994
3677
4944
7680
4945
4812
2785
7588
3867
5043
5164
7568
1512
6466
2436
1273
8034
6207
8944
8023
744
1041
6559
3122
5178
6583
5452
7
8391
9668
4613
2305
6730
3981
3907
5509
3687
2395
6736
7698
7798
9760
3779
8259
1867
4977
7056
8072
2311
7573
8052
566
8179
8351
8852
2493
9055
1360
1186
8047
9670
5037
5413
7417
6151
7523
8618
3899
977
4858
382
8356
4680
7031
5123
3173
6302
693
3745
6013
3275
3850
8700
842
3133
7889
8364
4925
7955
1475
1050
7204
9864
4401
6041
8941
8008
2372
7548
7014
4416
3526
2530
4715
4540
1803
9604
7374
8788
7768
6897
496
5159
3865
4020
7160
2245
5367
8131
6996
9657
8965
5576
4274
5661
2545
9268
5559
2244
3604
6769
862
1406
1695
6550
1021
3337
7109
7884
4878
1665
3169
4719
120
2800
6032
9271
8357
1068
2600
8482
2615
8537
2290
9332
7536
4270
9824
3220
5845
8285
5147
8751
1401
5209
1117
1122
2045
1760
3106
7151
4481
7436
8354
7987
5446
6262
8659
4302
9993
6507
5781
2227
6091
8070
3259
2197
763
5820
764
6389
1307
1137
5070
1680
4005
1157
5800
9388
9631
1337
2774
6418
2633
2778
4546
9351
4184
1111
1163
9717
8042
9708
8185
7091
6520
6012
3027
497
1015
9411
7682
2359
6547
6709
5294
3708
5503
5828
5968
3756
3188
8821
9780
4356
9033
1543
4805
3430
2620
6818
2222
441
174
6441
5566
3229
2807
6743
6649
2203
6894
7594
8636
2629
2333
7898
6083
506
4564
7477
460
840
8324
716
8669
1973
2568
9475
5999
7885
8039
6359
6784
3585
9217
7195
4830
9461
9225
4731
3882
6802
1386
4966
903
4512
611
3658
1724
958
6644
6672
7486
4329
5541
2144
7000
1342
154
7821
827
8614
5222
4277
8790
8375
476
6361
8878
3510
8868
621
7122
8724
9319
2264
4616
7107
8003
1769
6676
2379
3897
9180
3504
3549
6402
8143
6526
4696
5119
9616
1841
2176
6157
897
3016
7670
9916
1384
4847
7402
4801
7008
4843
7053
3262
3445
4555
7762
7246
3811
4150
9934
6267
4725
5882
6221
8517
2649
929
3385
2291
7507
3361
2148
9400
587
9152
2338
3335
3424
9067
8201
9110
863
3046
229
7306
1199
5864
7717
3558
3203
3564
5001
5021
9406
7283
6797
1692
2366
8306
4036
1368
4927
4692
1336
6789
4781
1944
6077
810
8566
5480
2391
8506
4969
8289
2304
7228
7025
7488
9747
5897
6829
808
2236
3560
1802
9292
6419
4214
2468
8340
8710
9314
1142
7336
6758
1189
3359
5693
7397
3129
3975
1853
1623
9870
5183
5830
6560
325
9337
6045
3038
1804
4201
3781
8603
8657
1036
9463
648
9493
4679
6997
4505
4529
8968
1299
2415
1140
7825
4823
5657
4771
5554
8257
736
3194
1502
2876
6409
283
9807
6452
2173
2840
6485
4431
3391
8813
8694
5934
7995
3145
2918
2096
7412
4639
7552
1328
2550
8549
7780
9381
1357
7018
7101
5303
2935
7042
4787
7863
9904
5257
8737
3843
8439
8048
2234
6600
2169
9244
6724
9066
3274
8422
7163
2407
6264
9697
2335
2627
419
1224
9170
7100
6292
1795
4172
7882
1968
1392
7418
7667
3402
2925
1133
6616
8084
231
3904
8058
5108
3780
4207
6956
7482
16
5239
6116
3410
3856
682
1844
5184
5133
8880
7547
2839
9590
8523
2162
1859
1096
3205
2739
398
6995
3852
894
7140
8959
2898
685
7384
5013
7072
6874
5055
6107
6571
887
7964
8491
339
9983
8014
4506
4019
146
4349
3130
980
1597
6050
7935
8397
9948
6109
9922
6387
934
1193
8382
6062
6431
2255
3032
2239
9127
1684
5534
2797
180
741
8183
6263
5010
8569
1616
2543
3138
7377
2369
4389
2178
2732
6955
6459
5753
8216
8167
2777
3898
9900
8548
9582
2694
2010
712
2108
2958
3406
5425
524
4223
8970
7729
1049
7760
5478
7769
1108
5555
2643
9449
8559
9133
383
4372
3743
9987
4804
6639
5076
6584
3154
7356
8670
7148
3387
7871
121
9350
1771
8077
7946
1283
8454
2056
4397
583
4524
9289
9549
713
993
6362
3518
3857
6555
4141
2921
2257
450
7897
5917
4375
4092
8441
1549
2389
2134
2209
1794
2746
8861
2130
2174
3672
813
5510
6799
9696
9135
304
8085
5913
7461
592
6916
8033
771
7214
2289
3952
6825
3517
2453
7520
615
4264
6155
6169
3688
2458
7687
1316
9703
9364
1658
9005
2284
9532
2747
3246
7674
3771
6342
773
5627
8304
9745
5216
3654
1265
5311
8643
4784
5871
6808
789
4525
8127
871
7933
2180
2129
2701
8828
5039
52
6993
4744
3765
6664
5405
6144
163
2476
3583
8640
9118
1744
5375
4960
1436
3569
8290
631
9328
4835
4340
9279
207
6347
4205
2912
1166
4422
4961
8995
5103
8866
1920
5332
1571
6535
7301
3909
8722
4402
5124
5288
4219
2794
3270
5109
5973
8696
1012
6822
2100
3140
4795
2309
5272
7282
9489
5230
9519
1174
7804
2686
5685
2572
7521
9232
9557
9313
1540
5280
3532
5755
8146
6785
43
2168
6454
2297
5067
7649
1399
3937
6037
3176
5508
2750
8853
7576
3002
8951
7665
76
6719
8587
9605
1416
9464
7764
4879
5212
3555
5989
554
4071
2475
4808
8986
9407
2688
5996
5384
9837
2166
3570
5342
6427
9122
4605
2250
513
1465
7166
140
8113
1898
1231
965
4029
8601
6851
4974
4985
1716
5949
9251
3327
5318
8772
6244
7706
4231
540
9888
1102
9060
7707
3848
4926
8963
8899
7612
6950
831
4360
5397
3821
2802
4355
5192
9296
5512
1003
703
2113
8429
3762
8635
4488
610
2974
1862
1797
828
4287
7904
4425
8918
335
1517
1796
1466
6690
3265
9348
3619
3505
6376
7504
8460
3837
3800
9440
7928
7939
8943
635
1291
1097
8411
7936
6514
1705
3269
4651
8684
3192
2037
6493
3731
3379
8668
2679
9445
9470
8761
3063
4815
1914
9896
48
7278
2841
700
8765
5843
7511
4085
7924
936
4491
4469
8433
2353
1720
4278
5475
9851
9653
8038
7236
2490
9764
1112
9169
3753
1171
3785
4224
5672
9434
6243
8719
2969
8538
7950
1934
3845
6374
7080
9239
6496
6255
1515
8267
1490
2693
9959
8662
4209
8196
7088
8418
7598
3891
7842
9841
2880
1225
9104
1289
4654
553
8443
881
4018
7551
5017
2535
4309
9936
6177
7878
9884
2596
9354
3208
6289
1258
6738
7530
3656
7439
4174
2281
9100
210
5690
7498
1054
4284
5870
6070
9611
2367
9077
696
408
5863
1495
9116
5877
9431
7560
8293
6054
4632
2328
6931
8018
122
7063
1362
9355
7430
4382
1607
9401
9278
8190
4765
2616
8298
1339
2355
7953
660
2968
2456
5338
613
4124
4484
3482
544
4064
1424
41
6910
3055
8178
2500
485
3637
2341
1703
8390
3419
6938
6839
1309
8928
3024
451
7845
9139
2431
5087
9377
3983
1259
7989
7539
6852
8782
4587
8645
3767
9748
1074
94
9443
7929
861
7110
6843
5343
1353
2591
1650
3023
333
632
973
1008
6246
9621
2664
7702
8676
5484
6774
9741
5188
6110
3011
7899
9179
9892
8579
7023
2447
2434
912
5153
2674
6469
6985
6860
8581
2723
2301
3460
2791
8875
2546
7083
3609
4748
3977
3483
1511
5148
4958
9389
8985
1580
9579
2749
5848
2457
1005
1245
1812
1147
7370
7036
1179
9176
8746
4856
1678
1799
8236
4848
3543
717
9683
1784
9528
6086
9686
208
5529
1499
3918
2481
2843
5713
2432
4582
8582
6036
2419
8541
3121
8896
3061
7330
9092
9321
3834
9391
7455
3870
5642
3109
1687
545
927
4929
6587
9410
6197
2360
337
4238
2645
8647
8251
2931
1428
417
4137
2658
2384
138
8692
9977
8539
2085
8495
4809
3709
3696
7253
6453
1588
9189
2072
4335
5369
8141
5930
8480
1505
6854
1076
1037
1717
6266
3463
8407
933
5681
7112
9881
4368
4490
906
945
5247
4023
4391
4467
4320
3962
179
7563
9094
7346
5526
9482
6120
7192
285
4516
2199
8666
1486
37
3167
8246
9693
7632
2470
9822
7525
5074
2702
9654
3538
9997
3875
2771
3451
1604
3758
7937
4069
500
8496
1728
807
5799
5911
5598
8406
8027
8315
5943
9399
2171
7681
3462
922
2670
5387
6823
493
1785
6130
8935
5552
190
9198
790
7050
442
200
2356
4993
5254
5289
1514
7006
8960
5678
3236
8107
2542
5742
5866
3520
4942
6820
1319
4228
3496
5577
2673
1445
6611
4089
6247
8634
8903
7623
5745
2074
1530
4566
6927
5651
303
6301
2277
3095
1410
5990
9257
9825
8715
5636
6178
1619
9072
7709
1845
4304
7145
7141
3289
5325
3293
2941
3152
805
8571
5005
617
6235
3093
8606
4199
8074
567
4267
4887
1330
3824
947
7020
5836
232
8361
4975
7194
7458
7257
3703
4167
9113
2522
5298
464
6713
2833
6917
8833
402
2387
2230
5007
3508
9204
4426
9827
4153
3741
7190
2956
5134
7334
4378
9002
9638
6260
2260
2593
2663
8807
8564
2569
7684
3354
9584
5593
1304
7242
222
114
2323
153
5493
5515
370
9929
1605
6298
8079
211
6047
452
5702
860
9275
4269
7918
4282
4907
5038
1935
2598
5140
3193
3108
3195
467
9327
6876
7245
4213
359
6816
1645
9749
6193
9419
2492
4759
547
6794
1303
3827
5513
1100
839
1128
7035
739
4737
756
7794
4859
5971
1643
8874
9287
2314
8921
173
4396
3183
9455
5814
9220
1383
1932
8756
7835
2047
4465
2417
6184
8214
3955
6712
7161
9772
7961
9782
7776
1268
5717
8744
9387
3020
6381
5091
8286
7518
8926
8326
6992
1519
9776
7685
8956
7300
7787
5531
9185
6401
3626
1918
133
5427
2059
8993
7135
9368
8333
2521
8804
7811
4045
4530
5211
3294
7750
6450
6544
7903
8688
9561
1539
868
6094
3111
6781
4535
7534
5721
7251
9161
3591
6149
3664
5829
6665
5231
9380
2258
8223
5486
5797
5569
9006
9280
422
3974
6772
5410
3624
8612
5433
829
9439
2405
6145
596
8644
8168
7463
1876
7399
5097
5893
3900
6654
3906
1350
2237
2345
6909
9029
1874
2042
6470
517
2531
5348
6280
729
6735
4850
4685
1489
6809
7905
561
7305
9539
9728
9492
2061
4294
5857
299
5967
1296
2806
4125
3317
5537
9678
2632
488
8363
235
6912
6953
7055
2094
6727
1039
2390
1435
9718
4305
6027
7555
7651
8654
3466
4463
391
7442
7710
9149
2710
5887
3740
4365
8556
642
5779
1819
9890
1370
5810
1158
3390
6356
1310
4117
6150
8231
7173
6016
8940
9369
378
316
2181
3368
1088
4052
8728
2054
6398
5276
6429
9976
245
6085
4084
2529
6411
8869
4155
7554
6317
4094
6233
8831
3044
3712
3333
115
7302
3386
2659
6575
223
2200
440
6291
5927
4741
1936
8929
8759
2769
9961
188
5869
4775
9986
691
7019
5418
5761
7389
3211
8552
4656
7068
601
9540
5673
7648
618
3774
2951
5143
1149
2226
7615
5698
710
1977
3266
1451
6377
8436
9276
7128
7120
4093
2730
7597
7642
9409
4242
6213
4611
3600
5735
4518
4773
7314
2182
1748
4818
6338
1365
2758
7869
1178
835
9250
2448
5895
218
5772
7340
323
5443
3807
732
1888
1943
1776
8988
7292
6958
6072
34
4429
9028
5018
4127
7883
2902
246
8399
4387
8160
5610
1072
698
2981
7299
2362
3447
5505
2445
3421
6224
9453
3287
1907
4033
2247
1993
88
8325
2051
8977
5640
2376
1374
7788
9981
6473
319
7327
4934
7433
7774
2855
1770
4043
4528
9771
8111
7368
1067
1379
6090
2153
8321
1093
2114
2631
343
5273
1714
8234
5774
9167
86
7138
3018
4852
6290
4918
1059
5349
1596
7512
7832
8389
8054
3646
7249
5650
8583
9479
796
3938
7274
4914
2265
3985
8049
2626
5414
2565
2377
3697
1335
2661
2580
5335
7420
151
2033
6065
1700
2046
5765
5630
4675
8915
3838
4377
5707
6241
107
866
8115
6223
5902
2599
2344
3933
4640
5099
7783
6745
77
192
2823
1209
8543
9533
5667
3251
8366
4890
9331
3029
6186
2744
2253
1777
9917
8933
3452
2225
2503
8162
1221
2246
3992
9473
1682
2527
3553
6671
1762
8339
2696
1575
8762
6908
2349
2863
4836
7728
9027
6101
516
79
5242
5102
8282
3563
7429
6747
725
3586
4474
8717
7234
8101
1116
9798
2638
6462
1472
1118
8166
9927
4338
9512
2223
5914
5393
6358
8990
6001
1766
9163
279
7408
3465
401
3775
1090
9450
5027
6296
6813
8575
3179
5035
2803
4059
2660
8266
8687
9003
2706
8555
1340
2340
4412
340
5409
8975
9688
3161
436
2459
8942
6961
2699
6601
7296
3521
1253
1577
8345
1861
5992
2891
822
8998
4552
8305
1415
7837
8368
9491
673
4494
8560
458
5504
6321
8573
1598
6303
575
2781
7117
2089
9383
6577
7184
2900
5238
1868
1613
3094
8516
4650
620
7079
6873
9371
1471
9746
7407
8743
7629
8159
3636
6915
8706
5465
1986
7065
6991
1611
3705
4865
6692
8689
1449
3423
5767
5314
1630
7571
1095
8954
9619
6981
1956
8815
447
85
9013
4042
6811
4325
5208
7831
5015
578
8184
5607
7252
7108
2150
9803
1893
4637
156
1504
9781
7586
7870
2726
6339
2161
7298
4697
5507
5373
3550
8437
2275
1560
4202
5766
8767
4906
9146
5236
9300
5451
271
1790
5317
9117
9869
7424
4806
5976
7985
858
9839
4629
6396
9209
6277
5235
830
3998
909
6208
499
5030
7104
7153
4352
5646
7453
3329
4111
3732
5557
2942
9107
7175
2970
8217
1200
3461
8812
321
518
4531
7874
9940
5408
5246
505
3021
5420
666
9451
6653
5477
1229
5756
1691
9964
4376
8219
5000
2138
1290
2469
6379
8311
6595
4832
7704
8377
9460
490
9946
4936
8134
9223
1927
1822
8392
248
3475
6638
3919
1897
9894
9723
3033
562
1842
6678
7515
8907
8206
3599
9886
8937
7806
7797
6926
6556
4987
3784
5815
4965
9093
6900
2115
8611
5331
3715
7199
3892
6604
1011
6749
3481
329
3215
8147
4554
5459
4600
1274
9562
1168
5987
6963
7791
3562
8945
4831
4192
8275
1051
639
164
694
7984
6620
7272
6205
8514
7281
1087
4369
7979
2634
1764
4121
3910
6476
9302
291
3010
2394
7208
8731
6501
6554
7805
5160
3991
9477
4792
1434
363
143
2188
8586
7085
1903
6391
6766
1004
5539
399
3810
6274
6170
1739
1792
5740
4867
5219
7978
9056
5089
6460
4803
4453
7775
4816
5058
9366
9102
8881
626
4285
3486
7343
20
3548
1280
5251
6786
1272
8597
4889
161
560
9070
6102
640
73
228
5079
7659
2539
7526
7714
4533
7337
4670
7489
8825
1322
5404
6
2025
4418
6788
5519
7982
1151
1131
4536
8089
2748
8164
8410
1917
786
5612
5308
9974
4046
7219
1726
6977
6942
5111
5436
4405
4487
5323
959
5782
9908
6849
6667
4971
8695
9501
5071
9226
9265
380
7187
4880
7901
7012
2193
145
720
520
5972
6845
1608
7962
2680
5207
1044
8794
1183
1334
3832
5301
8820
7565
8288
7770
6573
5940
4239
2618
357
3914
429
1851
9743
4237
5638
5631
9171
3947
788
832
7849
5947
9765
9441
8558
3982
6871
7675
2537
7126
3568
7683
7359
9967
8303
5423
8000
1364
9752
8721
1027
3641
5584
1477
2858
8016
8652
6999
3047
5583
6057
8740
3028
8252
6445
4308
5875
257
5659
5170
9956
470
3288
3969
2790
3911
8197
259
4028
3059
2920
9266
2547
9834
3326
3342
531
8449
1962
2011
7375
6276
6655
3484
6592
9591
2838
4327
2834
4726
1922
9854
8379
3233
47
1202
8705
4470
2571
7089
5881
7328
4676
5105
336
6622
7197
9500
4589
6694
8059
197
5963
7860
6792
4400
6957
6634
846
487
3652
3917
8291
4845
1207
6545
8917
433
8474
3541
7745
8698
2438
7303
5770
2175
4244
5256
6108
855
9756
5245
3733
5683
1467
2452
825
3091
7218
884
7285
4729
5454
8527
389
3343
1880
1247
7942
9941
7324
4196
3418
3790
5379
2964
209
3928
3576
6103
5525
2528
9677
8031
6734
9919
6764
4475
5144
3332
6869
5424
8730
8656
9045
7966
3435
5732
1092
3045
3198
9660
4807
6941
9248
4015
1995
7467
3853
1314
953
2318
4280
7952
2198
6886
4863
474
5532
4648
8224
7662
1589
551
2269
6147
2977
6044
2116
8911
6434
1407
819
4995
5500
1241
110
124
4326
4221
5844
6098
4460
1017
7041
670
3322
495
5228
3150
2073
6100
6078
5485
5998
2207
5488
6516
2057
3416
3666
2049
83
3575
6934
7628
5291
5641
6892
957
718
1840
7708
4151
3450
6925
3659
1453
9720
1664
1109
97
8608
2892
3625
3798
619
3725
7767
5322
4820
1347
5072
1034
1657
46
6707
658
7136
754
9531
166
7584
9965
2605
9285
1220
9150
3644
9662
9935
5016
3258
5511
6978
8332
1707
2511
4443
5092
1612
9255
8270
9126
3349
9615
6642
3389
7096
9555
7047
2461
3866
2720
966
89
9682
8243
3566
5429
9637
676
6039
437
5126
4380
6757
1659
6715
4824
8515
2131
8839
9393
3905
981
6279
3305
4837
1107
7411
1215
4967
8718
8117
6960
6706
7116
708
4096
7736
420
8578
8735
7034
1355
7362
8309
4099
7864
6006
5300
6564
5824
1670
9690
9978
2814
9932
5548
7973
2053
5083
4415
3594
4445
4024
9136
2252
3744
7038
9430
2578
1626
4822
8022
9817
2398
9141
6237
9168
1622
1620
3052
6117
4924
793
5456
8125
7005
309
7926
3409
1686
9442
4390
4129
7541
5527
9088
1343
6463
7679
9230
9128
1045
534
3970
7481
4204
9568
2890
8261
4189
7711
7487
2031
1058
6138
6022
8273
7846
3726
4727
3638
4721
6133
2835
3171
1758
1702
8041
253
6624
6904
6740
7419
1900
3589
7181
3880
2093
837
1574
367
3284
3766
3632
9685
221
5023
8953
3872
9990
2965
5827
5599
351
838
8714
3649
5889
3513
7564
9119
4991
3147
6371
634
4414
1987
7183
2048
3360
3395
8098
4984
5110
9710
4896
5975
8494
6324
6056
1000
2194
3757
7796
1811
7255
24
7627
7940
8891
6386
3976
5225
4100
2282
421
7211
2742
820
9061
8202
1587
6632
1064
8822
5805
8974
8849
4145
3444
157
3908
5407
9014
2655
5901
4123
7427
4210
4339
6663
8342
8374
3925
7196
876
7165
7654
9972
8592
2090
7403
3084
4911
5290
7957
9893
8487
2852
728
1082
3100
6382
2145
571
1814
9312
5621
1305
2480
4658
33
4718
385
5919
4695
9583
3642
5326
2714
6212
6059
412
7900
9923
9435
2273
3231
7393
7093
7743
2831
4509
4791
4733
781
5923
4316
1341
3813
3956
8980
8599
2177
2986
8818
1016
3951
1568
1243
7784
3663
6131
90
1254
4682
6902
3352
9038
6862
5491
3618
4615
9421
5432
5639
923
9339
3823
6087
4559
5921
3320
2786
5706
7142
1730
264
4211
170
6793
4860
7976
2836
2249
2641
7459
2842
4596
3062
6700
9559
5738
2364
7446
7217
3651
2221
3434
6192
5722
6946
6343
8360
7931
2187
5008
9264
5951
3224
2829
759
1594
4047
4538
1454
1042
5743
5469
3635
3372
9588
1978
4388
7273
3351
4628
6049
4258
4630
9866
8658
5094
6033
7938
6200
8867
928
4621
579
4534
591
6647
4576
2846
4256
9596
935
5931
3573
8335
9398
8981
5601
515
4610
4886
8307
4802
1754
9023
9207
26
6954
7531
9700
7002
4156
2396
2770
4061
1699
504
758
5964
3944
1323
6532
65
3187
7474
7090
9849
9084
3253
7483
3561
1248
5416
1180
573
6218
3631
9510
4686
7473
1532
1057
7633
9178
2939
4797
1228
4825
655
1113
5028
1513
3617
1190
9895
215
3665
6689
795
6202
8969
7527
5556
7449
3066
5806
8255
1281
9511
2499
2671
1579
5712
2231
7001
3881
5161
9205
4694
9876
1325
4128
4006
5758
2137
2853
3935
4678
8358
7908
9454
1759
5172
5886
657
3567
6771
683
5177
2399
2330
727
7348
1043
7557
2439
6918
118
2533
1492
1924
1929
9213
9523
9704
8532
1817
3076
2019
461
5360
4354
7814
9994
901
9856
4187
7678
7694
3279
1946
1860
5428
4543
5925
1753
9376
6115
5339
1024
3613
7611
9795
2263
8250
2371
9099
6703
7132
5316
8893
751
8471
9507
3964
9206
782
4948
2068
1013
8080
0
5078
3491
6935
4904
2242
9944
2654
9740
4674
525
9344
3826
7572
4598
7582
6492
6511
6003
6461
195
7663
6756
6025
9613
4521
4871
3854
8300
5588
5232
8551
2614
1768
5793
4746
2517
3539
3113
9960
6030
7636
1230
3571
8228
9714
8208
3835
8376
4957
5561
428
5689
2776
4022
9640
931
7263
9763
3485
8081
1857
9429
6187
5653
962
2913
5703
7010
2934
5218
289
2442
5460
5249
6467
1990
5613
7637
8690
9188
1075
3025
8440
8032
7341
8806
2430
2095
1945
950
3170
3000
8221
5198
6451
6972
9773
4851
9744
8749
6776
873
3515
9352
2516
56
1526
1188
5568
9938
4779
7210
1937
1774
7294
6171
1091
649
6392
3168
361
4243
3365
2382
8704
5180
9842
9083
7911
377
9692
9985
9158
533
555
2127
1892
4057
4177
2911
7073
3407
9628
1260
6606
9469
9911
787
3809
5175
7740
5666
7596
2215
8226
9490
2996
7875
374
594
4060
9069
9330
3929
8002
1177
254
9796
9052
5898
2217
6683
1957
4419
7833
4561
2052
8083
6558
3689
3760
2293
1694
4570
4657
3115
7052
4636
7543
3887
1833
4315
7462
9546
5876
7891
9969
6949
9219
8444
6518
194
3105
3678
1966
4959
6515
4364
4105
1195
293
4459
4409
6053
5962
7200
3090
8241
4828
7669
809
4891
2392
2675
9009
7820
6360
9891
6819
9658
1901
1001
874
8461
4783
1432
9623
9044
1266
5173
1358
1483
7613
2949
3014
6076
3432
8154
5719
5357
2363
5146
128
4188
7792
7350
8348
6231
1359
4672
2792
2538
4454
354
7574
5658
667
2581
9844
6327
6080
7766
8567
5248
6658
2851
2262
9526
4317
1405
8026
5462
5816
5571
8826
969
8157
8890
8932
1078
5107
659
6625
6019
8681
1765
849
4800
5287
9724
1154
1941
2689
5776
261
4813
1910
6753
6531
2125
8906
5176
8734
4139
6540
2536
4227
7225
5580
6074
7307
6395
9147
3247
2715
2653
4710
3471
3858
9041
8871
2636
4526
4193
4446
7421
6737
9742
3382
9701
9106
9687
2559
4913
9709
2788
7838
9488
5734
6366
4706
1218
9775
1639
6594
3669
4246
7807
9372
3092
4065
6252
6357
711
3295
5069
1264
7785
7917
3103
6153
8511
5614
8343
7172
7318
3598
9757
821
3963
3210
9145
7349
4055
9702
1482
8276
6444
58
607
1828
1727
671
8396
9585
8174
4235
312
9707
4009
2286
9462
2619
5671
9992
1250
4668
9008
130
5138
9326
5181
5798
3174
320
6962
3436
2121
1550
4833
8930
6901
8630
8191
7262
6029
3026
1170
1063
4226
3380
4501
5625
4908
2822
9695
8316
663
4821
9315
8964
400
5394
4455
1651
5891
8873
509
2735
8403
4104
8604
2998
6940
3438
1709
403
5223
1146
7105
5663
5809
2292
9392
1237
7861
8745
2847
2136
9899
7394
6345
2172
2424
8011
3885
8428
5533
3286
6582
5304
308
4602
7360
4761
5687
3825
5122
3674
7220
8137
1628
6615
2805
1767
572
1981
8057
9011
368
8859
9606
4169
4503
5324
919
4643
766
688
32
8865
1681
6491
4902
7086
9384
1909
6880
3806
999
4932
2882
4344
2084
7522
1824
4585
1257
1214
2016
3545
2204
4508
889
5514
5710
4798
6336
1165
8302
5982
2050
7808
148
72
7391
1711
6565
3717
1172
104
39
5791
6994
5240
9649
4649
9307
5200
8037
1872
4946
4166
7591
7215
384
2119
8253
3714
9887
4330
4478
1919
1
890
6420
2463
5669
4711
5381
5031
2584
9789
6695
3285
8842
183
9483
2594
4271
1181
6380
7912
9051
6617
6968
1854
3151
4288
1899
1815
494
511
1559
3702
503
42
196
1902
6791
8770
512
960
6399
1625
9610
2302
6674
5353
1145
625
9452
7267
2821
841
4796
3440
1312
9091
9021
581
8641
1441
255
9385
9725
3189
9949
2544
643
4862
3614
765
4479
2423
8447
1834
1287
6718
2466
2216
5903
6154
7981
4910
3786
5497
7519
8213
5591
4307
8182
2208
1288
2959
8489
2235
4550
984
8955
5854
608
6502
7444
5448
2124
1269
2195
9108
5771
2938
268
4901
7382
8747
9433
6563
2525
3041
8323
7580
8781
8292
1646
9597
8362
5502
8948
1554
7004
1397
8976
2983
7782
7988
1019
1982
7441
2713
9931
8161
7075
9835
724
68
1905
4790
9576
1426
6278
6020
2796
8834
5785
4593
3096
8318
803
6112
7470
882
7358
1244
6933
624
8683
674
1696
2001
5778
9880
2602
5744
8661
1647
1566
4723
3755
35
8383
3772
5118
9831
4819
3227
2647
3533
508
4827
7941
6506
330
9362
214
9586
23
2509
3855
54
7844
7026
8280
1060
5191
7634
8521
9294
8741
8024
3828
8448
4659
3087
453
117
266
5100
5395
6307
5154
4265
387
5859
4070
8140
2513
9159
1474
692
2804
5656
3083
7726
5141
8919
5267
2628
6194
4699
5002
486
4135
1831
1203
9530
9570
677
1191
8053
7585
850
1302
6500
1991
3700
1242
5383
2496
4263
1182
9191
9635
4590
8797
7830
7892
3859
1546
9190
9288
9995
9121
812
3863
4745
4040
6974
1585
5780
9551
4053
3112
9622
1525
7021
2945
4321
6210
7790
5670
8065
8502
1232
4248
6495
1701
2343
6637
7222
4581
7361
7999
7478
7923
8297
1030
3815
2585
3126
9535
8322
1818
4147
8742
5783
1452
7581
792
1029
4314
5883
8912
7506
9436
443
2385
6254
9624
9293
5699
9316
6733
1829
426
3256
3808
1593
8625
50
5652
2083
3344
3336
5521
6497
1864
2298
6442
784
3519
9847
9404
1227
1129
5915
2999
523
8674
4133
7293
9644
3874
8195
9572
880
9019
8170
2987
9064
9767
6300
6670
6423
7500
7641
7666
5686
1130
7653
9298
6272
6628
5994
3474
5757
4273
2708
326
7920
7644
1911
7060
1723
8561
9200
6907
5362
3820
1926
2365
9361
7719
4644
5312
1635
5649
9877
7561
9595
3662
8984
3958
8112
7945
5551
4844
5804
9645
8287
8372
723
2220
4767
7256
8465
6641
2946
3310
896
1750
8887
2644
8648
1816
4956
8672
7749
4331
1520
7640
5936
4370
5403
4440
9494
265
362
4437
6240
8110
602
5997
448
7793
3710
6011
5319
5679
3292
29
2283
1821
1300
2860
4371
1461
3799
9706
2486
1324
1542
3071
9996
3616
9577
5700
3056
5837
6257
6607
5447
8204
4456
112
1473
9589
6669
4772
8554
9022
8151
6284
6295
5190
9816
3350
6464
7949
7650
5705
6458
5729
748
6551
8535
2482
5604
7017
4383
4766
4514
892
6422
6528
7464
7700
9630
2817
4295
1442
3506
6807
9164
7747
3989
8423
3722
9832
9699
9367
4130
5724
1737
6310
8885
3131
7297
1810
5826
2556
4229
6063
1162
1773
1430
8775
2557
9529
5244
7472
7867
7738
9105
8499
3639
2623
7158
5168
1126
8622
9359
2467
28
364
345
6483
978
5991
8850
8923
705
2993
8331
9571
8186
6728
1925
7826
8512
2063
1734
9484
2982
8203
1235
3634
95
8417
8858
5979
4563
9962
6937
334
9973
4095
7045
8972
6023
6139
7003
9578
3190
743
8503
3540
4905
4714
5299
2326
1344
3671
3114
4873
9872
9799
2760
4014
1997
4268
8701
6055
1537
7887
1069
7549
3228
2348
9545
7229
5752
3621
5856
2472
8060
2724
4260
7400
4519
3404
4348
7795
7513
5944
3943
4194
6561
6748
3972
3940
6043
5045
4472
5616
1865
3057
4466
2388
61
3223
1781
6589
8122
4739
5033
6870
1311
3494
5928
6064
637
8897
4937
8419
6557
2040
2414
4647
899
4964
5461
416
3902
9587
6215
1395
6283
5115
8104
5237
4026
3738
1649
9809
7207
2032
1569
8961
6546
3959
7958
3973
6105
6684
9509
5004
8989
7537
1930
7906
5328
5296
5660
2164
4165
8401
1839
9564
8486
7452
2867
2015
5306
396
6536
1022
5056
2947
9037
3628
7385
8697
3536
2971
7812
4996
1077
3844
963
1009
7656
6455
4471
1887
3487
8624
4322
6742
1581
669
9134
6183
3588
569
3680
4751
8294
1040
4875
1942
2080
1967
103
9859
1160
3879
9412
3304
5197
2940
5271
4142
1110
5482
1896
2308
9183
9379
123
5988
6415
5121
1661
568
8905
8925
1578
3888
7583
1823
9420
4343
5385
3921
9137
6590
2310
9503
3988
5202
8593
1487
152
6471
9058
270
1204
6373
7150
5136
9989
2885
3896
8522
3309
7968
7895
6988
4601
1733
6614
7260
2957
4240
1101
6530
6952
2433
1565
263
19
1551
5449
127
8602
2478
8120
6487
2186
8207
7491
5189
588
3089
9954
9274
4283
9883
49
6951
2887
6323
8019
7566
2165
605
6783
482
3058
2811
6113
5258
9254
8175
2972
4408
1529
1835
8892
3383
5725
3653
5135
2712
6679
6636
2408
2826
5419
3348
8328
546
2306
6287
9382
1418
7440
6878
9592
7320
9766
9840
3313
4091
7732
9828
6648
2159
2111
7590
975
824
8485
7866
5819
3328
9148
4876
7858
4353
8621
1885
1380
177
519
4276
9982
9186
9487
1298
2767
9208
5080
4021
4303
9823
5366
6929
3512
7094
3534
9761
7247
2914
8373
4489
2844
5764
9467
4704
2967
2179
9111
8864
7315
5634
2976
8088
9046
3134
1255
3630
9785
678
564
2896
9273
800
8479
4626
8094
2374
7143
9970
5518
9495
1873
3923
4916
9950
5046
6225
9035
5981
4450
3388
5924
1740
6702
2352
8962
7801
2574
2270
4861
81
7289
233
9527
2373
7577
9229
3501
473
4994
6416
7058
1398
7733
2027
5264
1496
3204
5945
944
2944
2484
6835
811
2825
3719
5948
4245
737
6765
1412
7816
6058
4717
9786
3234
3926
6465
2491
8632
9525
2494
9734
8296
9109
8884
4477
9705
7469
8483
1460
3524
6370
3417
479
5984
286
4754
227
8256
483
2576
502
1634
8627
8492
6176
1501
202
7686
6017
799
6697
5762
2003
8500
3492
8667
2155
446
4392
4846
8946
1752
2579
753
9256
2870
1527
952
9456
7881
8445
2759
5466
2877
8400
3448
1915
664
9609
2922
3948
3254
191
4347
4539
8227
3876
5498
878
6258
1679
4738
1998
2170
1208
3347
4185
1636
552
5014
4788
6923
6631
5675
3737
8359
4114
2143
2889
1031
4940
7524
4884
27
2552
7144
8021
4088
5880
2875
9753
6430
7916
141
7759
5347
376
8165
5714
3012
5333
1420
604
2589
6438
7781
9063
8799
7271
650
4607
1167
4770
2879
7037
4722
9363
8792
6920
6315
4178
5550
5517
8030
2819
848
3323
998
2609
8876
9065
7671
8367
6326
139
178
1994
2763
7133
3686
9502
9626
9544
924
1820
6635
4272
3836
1652
9071
3426
1685
1600
6236
9897
1557
7915
2393
4334
3690
5310
1710
8898
1240
8385
7817
3761
2023
549
2953
4702
2709
147
434
9937
3742
298
8520
4341
3795
5516
4462
2184
3314
8763
8572
5932
4160
3721
6159
1192
2884
4362
9563
4998
4407
672
9499
5093
9953
2899
5910
1666
6232
18
7559
3378
3578
1351
9308
6542
5019
8795
2512
8409
1669
9085
8753
1961
7410
2381
2909
5389
186
8817
2279
3473
3676
3219
2955
9930
3068
5458
5151
3950
5609
4986
1856
9925
8061
1609
7778
471
3196
7445
852
1654
8646
2610
7643
6898
1317
4774
8092
3064
98
628
4312
5831
1732
8295
5676
7934
5374
4113
3412
2617
5495
6490
3830
4653
2303
5286
6726
5204
3306
9043
8424
8639
1251
395
9805
6858
4920
5768
8068
6195
6596
6770
6405
4894
4855
9237
3396
7841
5415
5619
7347
3980
7502
1025
6127
2507
2849
7956
8279
236
3366
8780
1156
6691
2721
6779
7894
6830
5229
230
6162
1573
8922
9485
171
7813
4234
5841
9172
6549
7390
9848
6832
9478
4164
7763
3143
7022
3199
4203
4252
8249
6525
7828
9175
6875
8
1294
8163
8882
949
2274
3037
7701
898
6443
8540
7131
3516
1637
5417
3912
6060
2961
4693
4003
7113
2251
5437
5313
4079
3123
5878
9218
3916
22
609
5595
4883
5547
1894
8124
5952
9459
7856
8860
7751
8133
3277
2502
1458
5960
5796
2462
9295
2055
2105
3803
2008
6499
7265
4898
8655
2681
939
9737
6751
2428
5896
5716
3922
2563
9676
1301
5938
1534
3640
2110
9472
9224
1951
3442
297
8242
9095
3
9231
8427
3489
3136
5281
9386
9988
6390
5082
8529
1970
1396
1084
8004
7542
3298
9800
6804
1964
2022
8265
6593
582
9751
8691
5589
7156
6856
5606
4604
7601
3159
4553
5054
599
6253
1895
7007
5199
1476
2752
9719
1693
4829
6675
9736
1114
9901
6082
5977
3276
6488
7802
5297
4034
5969
9177
877
9425
3595
8725
8130
6744
9322
7425
240
8576
5585
6093
4527
1953
2869
651
8598
3596
4622
1548
4664
9618
1891
9542
1187
9600
1572
8484
7383
8076
6031
8844
9845
3146
3942
4515
6028
1184
9073
2754
8800
8062
4157
662
6288
4826
1631
4410
9867
3230
7311
7626
4073
3622
6640
1509
2450
9082
9059
2668
6512
3142
481
612
5980
9211
8264
7859
9671
8341
6143
2167
5112
4290
904
1847
7471
7084
5292
3903
1053
2954
2669
2232
1950
3243
6539
6810
5053
8177
7993
7046
826
5137
4433
7106
8675
9154
4776
7538
7062
6848
57
2871
8044
3602
8211
2757
5623
6132
8067
6943
6175
4854
1592
1279
2206
5327
4988
8600
4705
4574
8456
1791
407
4191
7466
8802
1618
7345
9543
8613
9524
7033
8562
348
9885
5032
427
6928
9001
2342
1313
2334
4427
6687
219
770
5359
4447
6884
1315
9770
7944
1297
3499
2549
2657
4592
2612
3776
5309
4275
7415
9418
9791
1080
8752
1356
9790
1354
5445
9356
4
9926
6148
1999
2883
6397
8584
4580
3883
1437
6309
8240
1408
714
9238
2406
1138
8488
4261
3297
9979
1503
2146
1954
9333
9131
2285
7535
2506
5372
9647
8904
7772
3498
4075
4623
2787
1375
2102
2154
801
804
3886
3679
1103
185
6316
113
3979
5368
3470
3098
8108
9815
7758
296
951
3303
9036
3137
9357
1677
4112
7401
6369
314
424
355
2327
9778
7024
5370
6005
4299
247
4103
1952
2380
6414
5890
5611
6971
3003
5842
8353
2020
2078
3358
8534
2058
9666
9115
4432
4625
5553
1555
679
5818
8466
6211
5263
5365
3993
3497
9032
7556
5635
3097
1377
2690
9349
2409
116
5442
4919
2044
3291
2451
5941
3720
3796
5227
8623
5603
7198
2551
8260
8628
600
5822
4225
7044
4266
5691
119
5179
5956
3207
2132
9553
1908
4374
7977
9496
1958
9480
2280
2766
7438
6612
3797
3255
1870
8526
2809
590
5073
4247
1675
4081
8713
7067
7074
3655
2126
2287
9471
7510
5570
3081
6426
9642
9222
3522
886
477
6010
5042
4947
4677
6643
6698
1018
2315
8051
1641
8475
3345
5662
1536
7528
6230
5597
5024
8470
4109
3119
1363
5608
816
8455
5946
4522
6425
9241
347
6009
8757
5522
241
7497
198
4728
3814
3746
6913
8872
7703
9514
2738
2779
6580
6882
4049
5077
8189
9569
9667
6140
8477
8504
6760
8215
1023
1032
5861
2324
2928
267
9374
7737
6328
7630
1223
2845
5351
1440
8156
7494
1267
3278
4140
9921
1086
8565
9889
8902
704
8610
6586
7947
9874
9123
9080
3153
4406
7569
726
7746
53
2910
1385
2711
7027
4017
9181
7064
1969
9672
1262
5026
1333
1541
9565
6681
8530
2012
6831
7457
5059
6646
2196
2577
1263
859
652
8450
6833
8415
6308
6609
1284
2554
5086
3846
4118
4698
2897
9999
6123
5185
5802
598
2421
8987
3965
6569
9343
707
6522
3425
9079
5853
7223
3789
4249
6838
7077
7490
4062
8284
2601
9643
2383
7930
4134
6188
9602
6334
3334
5986
7779
7865
2157
638
2562
7854
3590
8553
9184
6242
8651
7396
2325
3411
8497
7125
2487
6306
535
4072
7621
243
3537
2906
7286
7589
6562
8473
3376
3683
8927
4438
3930
272
4485
1976
3706
9375
2219
9057
1450
2183
5060
6796
9427
9360
7066
6798
8563
6708
5096
4866
5929
8777
7312
2300
1081
8547
8310
9663
7735
1136
4078
2772
622
709
8365
5344
2950
5376
5282
7567
2818
4950
2443
3283
7174
8908
4200
9952
8809
1563
1484
4452
8840
4497
5801
4689
3197
8193
5888
2006
5524
3007
7288
5786
6189
9762
4086
7170
1871
3467
9691
1561
7725
4424
9779
1807
6256
6439
7815
7485
6229
7179
7983
7276
1469
5259
300
5444
4119
4949
2241
3085
8106
8642
6214
4198
2142
9868
2460
8329
7250
7873
3281
1098
3608
558
167
5970
4008
9958
2873
6097
8069
454
6682
715
1801
7624
9918
5450
8808
5386
4037
8405
237
4732
6068
3670
2498
307
1989
6605
1211
3221
9414
3101
3611
8766
9078
5356
4222
1782
7231
8478
3235
5605
5961
2798
4300
1270
7335
7544
5116
990
7013
681
4502
6903
6350
6406
8764
7757
2864
9258
5645
5794
3605
9966
532
8493
2813
9788
7353
8012
4152
9898
5274
5279
780
8395
4921
6602
3356
8830
9536
7501
8886
5823
7309
656
4149
1522
2120
6552
8596
6767
5066
4591
9801
8274
8071
9648
7741
4951
1046
501
8277
8605
4324
5596
3748
484
6297
997
8739
5401
921
4386
6333
5865
6673
4215
3939
8748
5214
7331
3160
3479
3723
527
9447
9759
5617
3338
8490
1175
9282
6729
2272
2832
1672
7540
5926
7182
1793
1010
6574
8271
9340
6404
189
3245
7078
3371
4817
8430
1493
5868
4758
6608
5747
480
2160
2420
7879
5731
224
4131
3455
9777
6436
6351
3075
7558
8462
1071
7715
6249
4778
6015
7365
1219
431
5438
5708
5464
3675
2501
9263
306
4358
680
5336
5795
101
5494
6579
9323
8910
6061
317
7040
404
2321
4336
4885
6948
3036
6152
8913
6209
5435
341
3050
59
5390
8979
7692
3871
3218
8633
3048
3124
1083
5939
9444
5586
791
7660
6850
6234
2859
9933
2416
7843
8978
5363
2695
349
1996
6826
775
3901
7180
9086
6872
9971
6437
9291
7655
6106
4068
3308
721
8508
7049
7948
8708
8244
915
4624
2455
9750
6896
6795
3695
7380
75
4666
4041
686
6806
3453
4558
8209
7465
4448
4868
8716
5540
9024
8617
2719
4442
9394
8816
9541
4747
5241
4707
7925
7739
9739
4298
3252
176
4163
1047
3580
5741
8755
2064
6121
3769
8469
5402
6861
4461
7379
9318
6156
3006
2029
3999
3217
6857
10
3013
9598
956
4537
346
9081
9481
3104
462
7447
252
137
4842
3472
3132
8550
8149
4660
2009
5171
9365
1277
9396
4311
4912
4757
1722
2651
946
5558
3530
2446
1456
6251
109
2666
4385
91
8798
3931
5855
6375
1222
2737
1332
940
135
7354
6269
983
2924
9390
9020
9947
9903
7321
4457
8194
1786
3490
9301
4556
4444
1500
9560
4254
9920
2007
5293
9245
1388
6400
7886
2267
6268
4346
4740
6447
3990
5536
2268
366
9806
2034
8421
456
593
217
8685
1321
8888
6701
6746
627
7186
3001
1881
7230
313
393
2857
7645
1457
1094
9968
2313
4492
1293
7646
8895
6071
5736
9655
7668
2368
9234
8570
7437
4683
4154
1848
5320
4384
5835
4551
4673
9192
489
3267
1985
7404
4517
967
7069
1381
6859
3711
5149
6817
6271
6095
204
9715
3713
8568
3842
9325
8426
776
6768
8010
1121
439
7799
4841
8999
6408
9195
3053
1278
5106
6567
6073
4403
2271
7943
4874
798
2401
5152
6388
2820
8097
6591
1389
3701
4000
1736
5061
4953
2743
360
2848
1789
5088
2413
7030
3643
3457
8414
3615
8585
844
8524
845
7146
13
6182
3459
9415
5050
847
1882
6553
3158
411
7616
9397
4496
537
7203
6282
287
3818
2731
1979
2683
6363
3592
1164
4411
6841
2378
8732
9281
6975
3165
941
6204
3527
7406
5618
1006
7690
1875
3574
1373
1798
3597
6069
2086
2441
1738
6599
5125
6537
3884
1913
7243
6566
5269
3673
3503
7818
5637
4197
9694
36
6018
3468
5090
4173
955
239
5600
9173
8355
2319
3829
6081
4909
6250
9520
2907
8229
9504
162
9309
7721
641
6265
8040
3427
9151
5565
1033
6067
9153
1886
9025
472
1422
9214
646
6947
9010
2123
5457
8210
872
1662
9793
4662
5243
7015
1746
7227
6967
5867
8132
8678
4655
616
5807
4170
5036
7413
6481
9283
938
445
891
1601
7313
865
559
5874
8233
7913
883
5234
851
9317
5993
1216
2718
8254
51
353
5341
6313
4903
1236
3986
7237
7371
7744
3392
7853
8468
9090
6428
4183
9538
9634
5655
3232
4048
4571
1883
4963
905
5590
6305
7754
2429
5995
8152
7202
2149
2687
9516
4108
6585
6705
5262
3116
8531
794
1713
142
4575
9614
9787
937
4259
6651
3070
5455
5773
7259
6038
2139
5633
5150
9498
9422
4161
7092
74
9155
603
2240
5879
2936
926
7177
8810
5334
9240
2228
3847
3065
1809
3754
2960
5905
1583
9522
5049
2624
6245
7954
1480
2630
5769
7185
1591
4955
1196
3226
8939
6413
478
689
9939
8370
4569
3763
4013
1438
2648
2755
6203
7789
136
475
3787
3729
6510
1735
563
498
5441
920
9650
3960
3936
1877
2337
169
9547
1459
3961
8838
84
5
5560
1346
9632
1567
5727
7189
8078
3209
8758
2729
9320
226
2872
2597
3509
7213
930
4181
310
521
6890
9474
3685
423
8096
6828
2933
9853
6206
5542
6970
5471
381
5966
4212
4872
4480
7098
1965
5530
3200
9652
1742
1417
4990
8863
3413
2505
5749
6340
2789
722
6322
7405
8192
6945
6750
311
5295
7054
6220
6191
3478
9378
5064
8837
7323
8063
3648
1889
3525
2929
8425
974
1212
5664
526
8218
1564
4359
7695
82
7154
7592
2988
7639
2783
6449
5156
3791
1326
2211
1002
2229
5340
623
6966
6168
695
6891
3556
132
5811
5210
6527
1755
1271
8402
6128
4016
8877
2444
3030
6980
2075
6827
2919
4281
4379
8518
7689
2320
2734
1660
4404
7605
7493
8009
5624
2039
893
4549
8451
3500
25
3290
1775
6329
2672
3040
1599
3299
1606
5937
1556
6711
1813
78
6722
6716
3301
6259
7205
8114
7071
529
6680
1498
7344
8308
432
6529
7509
2288
5203
7997
8222
1488
9679
2604
9424
7372
9114
205
8459
1904
8142
2201
8082
1655
991
1038
5850
5496
7479
9259
5233
6837
8525
6508
282
3667
2518
4136
8205
9865
7969
647
6717
2677
3750
954
332
6881
2163
8438
5695
1007
2685
8007
3579
1120
757
8707
386
4500
785
4579
4857
6619
7578
8638
4449
3249
4110
2495
1292
961
3554
7851
7216
4973
8225
3268
9303
3552
1468
5463
4567
1198
5632
3088
4661
9053
5953
6517
4357
2504
3841
7188
1206
2650
6759
1367
238
2717
2347
3282
5145
7373
9665
7355
8171
3156
3601
4597
8232
4900
8001
1667
3401
5942
6775
216
976
8682
7638
6787
8172
4011
3260
9197
3181
5849
9518
9674
6893
7730
2091
9716
6318
8017
4603
9566
8505
4176
5470
4493
8947
4458
2943
1134
7332
6394
4218
9861
8934
9878
4523
2013
557
522
4786
60
338
3788
7059
6755
3730
2558
1455
2185
1603
2404
3242
7209
3330
181
9963
1837
2107
6226
2975
4760
4709
4840
6125
9792
4513
2254
4981
4366
4004
6281
1826
8269
8544
6320
3778
6840
6164
8726
3681
212
4834
3476
4609
1673
4681
1584
2676
4763
8136
8330
768
8680
3341
1345
2784
8384
2412
971
3833
5142
8442
7575
4877
3128
7326
2514
3364
4734
8712
7823
4473
7546
8773
8736
8239
2698
80
1508
4251
9711
9871
8589
8153
9505
365
2243
7149
7890
586
8398
5431
3623
9905
4980
3369
5545
5051
2128
9054
3261
4785
5803
3794
4577
1318
4428
1376
2307
6846
8664
2422
5487
9820
7119
6446
4293
9353
8155
2905
4146
430
5959
9448
8463
869
9194
1403
1372
6440
2397
7387
4038
3166
3325
1169
979
3102
3523
665
459
5737
1719
4895
3915
3077
3620
4010
1869
996
4381
3691
4482
92
2098
2582
7996
9437
7877
1139
7727
7102
2923
6824
9157
8238
8015
802
6721
4168
6513
8750
8973
6096
5668
273
3433
99
6119
1173
4250
2703
3042
8029
2336
4101
8894
158
5302
3405
6002
9075
9907
6505
4853
7081
1763
3080
125
2878
5892
9007
4102
8464
1123
6761
9000
539
1940
7279
3707
5918
9216
7322
1855
2932
8075
4938
6482
5358
4814
4476
7609
6660
6180
3469
7111
8952
733
2000
3394
6656
1338
8851
5587
9620
9129
5907
324
3456
4054
836
4039
5165
982
5250
1115
8093
8313
9048
9423
2141
4933
5065
1586
3997
8139
734
4434
755
8957
4793
7508
917
4923
7338
1663
144
3502
8314
7914
5594
2205
4724
3801
6998
964
4782
2361
4031
425
9713
1621
3587
3864
9612
5615
7070
6657
1143
4769
1150
5950
6319
2886
6048
4182
3493
4007
9405
2827
62
1331
4631
1852
1125
2697
7099
7907
1056
6021
3324
7503
9457
8949
4583
1152
5062
2989
6603
199
3751
7951
6456
4337
7603
2930
3074
2903
3370
7386
8686
7468
5346
397
5329
6352
2978
3692
8312
7233
6581
2332
269
543
7857
4232
3019
9914
5985
4573
1419
3764
3446
995
760
2733
7178
8371
2014
3120
5104
3008
6092
6190
3271
5020
9924
9515
7919
8699
1617
597
5723
2915
1960
3263
1531
7800
6410
3393
8467
6588
5654
1352
740
6630
6312
7922
7123
690
5011
7357
2564
5711
8453
5085
6984
100
4098
5909
5746
5760
6216
1949
8848
9684
7316
6610
7822
867
2076
970
6172
8334
38
5817
2081
1135
762
9669
6627
823
1197
8220
9174
9721
2082
5377
6196
3051
9432
1676
4148
7771
2662
4572
5701
8727
6864
9144
5169
8020
1535
7475
7618
3180
4620
7868
2908
8337
8481
3582
4642
870
6652
815
8472
280
2888
7593
3439
1988
6629
2728
8653
4063
1507
6986
2028
5481
7416
5158
7147
8616
548
8855
40
1772
4087
4608
1105
4162
7342
3565
3817
916
469
4012
3581
731
6349
6325
6973
6626
6668
9627
5759
7652
8507
7600
6924
2583
1234
1124
1827
6752
106
3607
6239
8711
2485
2916
7756
3449
1938
444
2411
9235
6046
2952
1963
5847
3528
8519
3514
1698
1414
6479
4652
3079
6004
8378
405
8301
8590
5808
9639
7451
7269
806
5644
9284
392
1523
4342
4864
7809
1538
5472
6723
274
3861
2079
4794
8649
4565
4255
5284
5194
8025
4703
774
7720
8591
1431
6484
6710
1286
7212
6618
8709
2346
7492
6079
3849
3488
1378
7773
7562
6417
4495
8829
570
96
6137
7852
1516
4159
6412
4588
2233
4541
8542
6228
4090
9215
4688
8128
7432
986
3920
4762
7167
3971
305
574
9074
6075
3420
2997
8129
4301
1570
4700
875
126
6486
6364
2214
105
3627
328
1627
7599
6720
4332
3331
3321
7076
2707
6174
6035
3408
371
7291
948
7016
1413
2642
45
3572
1409
1983
1061
9722
528
9863
292
8827
9210
5162
2646
4684
9574
5489
2895
1644
8035
9026
1544
2595
8509
301
9550
1252
8879
7240
3118
6801
3049
5622
7602
4888
6939
6114
6887
2117
7103
7529
5696
6696
6777
9277
4126
9593
3398
1955
1481
5127
2894
5602
1640
2881
7972
3629
8803
1690
2465
8095
1052
8237
9508
1547
3346
854
9830
3877
6969
2329
7476
2038
8235
7610
9802
7232
3869
4132
9735
7620
5426
5285
5788
1026
7193
4687
9850
5166
3812
1974
5041
1246
7339
5278
3400
66
595
3397
9879
3078
2985
8824
6477
2856
3458
1947
276
7280
3945
7819
994
2874
7434
6185
2135
6983
9726
4612
5392
4720
4544
2765
4599
2740
3894
1085
14
7238
580
2066
3009
1743
2437
8966
8119
8814
5648
4764
2071
5933
6877
7896
1602
225
4606
864
1433
3770
93
1444
4257
8319
414
7241
3994
6883
9651
507
4361
2622
7635
5187
1387
9689
9821
258
2248
7827
4080
5483
7688
7716
9076
2606
9358
6199
7713
8412
1558
1638
8123
4289
31
9201
8774
9233
3244
4144
3724
4870
7967
8982
1747
4421
5790
187
9906
2862
8338
3773
3034
3946
5682
7927
4962
3015
9812
2990
6167
7448
6572
2191
1306
8336
256
5720
7450
6613
8176
9656
5567
6782
3529
1923
5157
4066
2603
5352
900
777
2555
1239
6007
5201
9951
541
779
2122
2218
7990
302
2266
5268
7673
2103
4395
7516
9855
7880
4030
907
1447
5084
6814
1320
9015
8779
9733
706
3967
2613
8595
4067
1427
4179
1217
6867
925
8245
3657
5422
352
2725
9166
390
8408
3022
730
9068
9120
155
2901
1779
5784
4752
6161
3816
8889
9249
7317
1132
6965
8109
2354
6905
3117
7435
7484
8381
1462
8997
684
5728
6521
5270
3177
4789
8103
3054
1155
2592
3716
7532
8992
9548
1421
1201
6989
3542
1213
4394
4310
4899
2224
1878
7266
1761
5730
8883
1830
7169
8281
6104
9774
9428
2865
4208
8347
9769
8100
8936
8434
8677
9458
6111
242
538
3280
6686
2077
8789
5196
8786
9633
8416
7127
5501
7290
356
5573
8588
2799
1648
1144
1721
4186
7121
3557
9098
5692
3125
7171
4498
9625
9910
8272
3381
1119
6842
4619
1757
4749
2768
2212
2410
7191
9272
8045
2317
9843
1849
67
3005
1805
2454
2782
918
4943
6834
4768
6135
3544
8369
9552
4306
1959
9575
2375
3477
4584
5629
1582
2088
5095
3127
4578
8150
7277
1706
6299
4849
3213
1731
8609
1404
7734
7364
9193
284
7201
2637
7009
3403
9030
7998
6346
687
8320
8754
2590
457
8574
3957
6142
9049
9
9125
1642
5252
2351
550
5467
5680
8679
9468
3996
3747
3202
2904
2727
5754
6621
9018
1984
9617
2030
5117
8086
4941
7731
1980
3362
9465
7748
943
1756
4439
9513
3302
4755
1916
1491
3551
9810
4082
7755
294
9103
4982
2692
9797
2893
5430
9324
4869
7221
9221
5260
7275
8931
2704
7514
2716
9758
3668
175
6633
9991
2106
6042
5388
415
184
8458
1308
2296
8200
1806
1369
9581
278
6099
5851
7847
5718
5674
9980
3606
4120
8230
9252
7329
7134
1423
5382
8006
7176
7087
4058
3141
7028
6314
4318
3240
6337
699
8005
510
4436
8819
2497
3273
3357
9042
2151
8760
3110
2948
6457
3375
1261
9089
5217
6979
3727
1348
3831
9794
3547
4025
6780
2479
7888
4441
7295
2036
4983
9112
8198
9567
6201
8212
1674
8693
5748
3431
3399
7114
7095
9335
4634
6498
9341
5834
3633
902
4216
8914
7786
7980
719
2104
4313
1205
5440
4915
3777
1366
6166
8847
9738
5862
8056
6523
7376
2192
2608
1394
3693
2741
8900
5307
738
8768
4708
2756
675
8967
1683
3735
4922
3682
7691
2099
3316
8733
1778
3749
2278
5665
4001
5873
8510
9862
8950
6126
8663
5048
6763
7239
406
895
249
6222
5321
3802
2026
8607
7834
3610
702
2816
3987
2386
6714
9162
9031
4002
1079
2700
21
3264
2745
9160
8380
6509
2316
6348
4373
6847
556
4999
55
1615
8258
9804
3684
6543
4743
9497
251
6921
4635
9305
5221
6534
5131
4398
9537
2435
250
7697
2611
5520
2773
149
9659
2276
3728
5063
9408
6407
818
7553
7975
1890
5628
5345
262
7164
8862
8388
9675
2322
2213
1808
2515
322
5155
7742
5574
1975
2607
9016
3149
5957
8248
6040
1590
5174
1906
1062
2202
5025
3647
6936
1349
9370
1595
5916
9554
9269
5098
4562
6217
131
7352
4253
584
3373
8996
9143
7032
409
9017
7155
3082
1276
4810
4175
2256
4350
2510
463
5040
2691
4614
7855
8043
9402
5215
5763
9347
4230
3248
6468
6959
747
4420
4499
5101
6034
6238
6122
6754
7587
9731
3067
6051
8958
2065
6821
4399
2810
5350
8387
9521
1055
3069
7048
2736
8901
6930
4645
8594
1850
2639
7848
3073
379
1478
2980
2523
2152
2069
4122
2189
9034
8350
6548
3414
4970
745
9338
6165
6504
8703
5684
290
857
3422
2966
6179
9476
2866
769
1879
1633
7206
6146
4712
9607
5206
2483
1470
4233
5003
9580
1518
1972
4930
7909
3340
9902
9413
8404
1745
668
7264
8352
9253
8796
9466
9124
2210
9601
4646
9290
2087
1497
8099
6198
8102
8268
465
7428
7836
5647
8446
3157
6919
11
327
9857
3214
7724
134
6286
6084
3768
5406
4076
2937
4952
2418
1939
5900
7862
9203
9556
2808
9416
5163
9156
5398
8432
7910
5978
1825
8671
9858
3805
8452
3860
3377
1400
6597
1780
3752
6024
7333
1928
2705
7657
3250
1933
5220
8738
4542
4594
9417
8771
1712
8580
7505
3895
742
6014
8181
661
6885
6353
4978
7893
9680
6384
9783
8263
5468
394
102
7248
6906
8909
5476
914
6732
8769
2656
7550
2995
9912
4892
5396
8262
3216
985
7570
1843
9784
5575
220
8841
2540
1506
5034
5378
7082
5283
6472
542
4595
3184
1689
6790
8533
7718
8476
6659
7959
5739
6134
2471
4735
3783
9142
295
244
5265
71
7460
1725
3792
5906
7699
3441
4138
288
8498
6944
1948
3060
342
2570
7431
4115
3953
968
3878
701
2425
9730
7664
1153
8546
6693
9826
2464
8283
9646
3804
8650
9599
3535
5129
5113
8832
6576
9486
2548
4417
1402
5474
9873
1249
344
2005
7456
7157
4713
7268
2147
3736
4510
4667
7261
5523
783
9852
8180
6524
2017
7579
9814
3222
5954
5535
4171
8845
9836
3968
6273
4756
418
9517
4753
7244
5958
6895
6341
5775
3043
2793
7395
4730
6088
2991
814
8013
2561
4190
9373
5777
6812
3464
833
2370
2587
4323
5044
1463
9299
8854
4548
201
8629
3191
1729
1464
4511
7824
8121
6331
6285
645
5694
3339
6662
6158
1233
6383
9286
3175
8317
5047
7658
5751
6424
3454
9096
8805
8801
4976
3206
8158
2350
3511
8577
7426
9304
5578
9267
7319
3004
12
1884
3099
4328
5305
3739
1624
7606
1494
6368
6911
5838
5261
653
1718
1425
2541
5453
913
4547
6533
7168
4992
4032
2992
9755
5965
4116
5186
7118
1545
8778
6136
1858
2837
1141
108
5439
8785
5582
2060
2331
350
1439
4839
9506
7693
7152
7533
8991
6661
203
5581
7723
6378
1836
6293
8091
7284
1521
5549
9260
7607
9955
2815
375
772
3318
6000
6805
1912
1391
3782
4158
7974
8346
1014
7829
1285
6976
9636
4468
5400
2917
3443
168
9062
4557
1443
2118
8457
8344
1485
6163
8055
1448
644
4206
1161
6865
6666
3559
111
1035
2979
3428
2764
9182
5543
5562
910
9754
7039
6990
8046
988
4056
1553
7414
1446
7810
3307
5840
9909
6519
817
1866
1510
5904
449
9573
2850
1020
8793
9534
7545
6118
2156
7994
8173
5315
6773
3650
438
4838
7872
1282
2927
2474
3839
15
8144
7392
1028
2339
5226
7097
4074
2259
5195
3698
17
9426
69
5434
4520
8327
4669
3163
7850
3164
6568
4217
3531
2067
3363
6650
2062
4997
589
2812
6355
3704
4618
5899
8729
9838
8064
7803
6866
8145
972
5677
6304
5935
3699
6741
2519
585
3840
1562
4799
3315
9261
435
536
1800
9860
3148
4663
7129
9729
7224
1688
4750
8050
6739
3225
7625
4568
7423
9875
3162
7753
1838
8665
9262
5193
6385
4236
2532
746
5412
1931
7617
3239
6623
6008
3182
8660
2312
5697
8169
8148
2426
9681
8126
633
8870
5411
992
1832
6685
7381
3645
843
1708
2751
5068
6645
2041
4286
9087
2682
9594
4195
5130
4291
1632
87
4035
9629
6932
6124
4638
9236
9768
4532
5920
9998
1533
3927
7960
3889
4435
9833
9212
9138
7137
5620
8787
9712
3144
2109
2824
8971
3257
4968
1295
3172
2261
4716
6964
750
5563
4928
7647
8673
5120
2489
8386
3862
7235
6354
1671
5213
3300
468
9446
6365
