3851
5675
5742
700
9338
5926
9449
1771
8854
6967
894
3168
1851
6446
3962
4147
5804
4219
277
9414
1800
5894
8382
8157
7375
1494
3319
7563
5773
8334
9386
8655
7493
1172
7213
4586
5546
9420
5349
6509
8298
8770
3148
9022
9377
8122
3659
209
6978
1184
2377
8883
3212
1028
1638
4753
31
1630
389
4776
728
1159
8354
7786
1218
7687
9986
4446
3379
1095
5509
938
2827
6327
8974
9503
8893
3636
7151
2546
6221
1659
5474
1380
476
7593
119
451
4679
9800
7406
6433
6006
856
7822
9353
4388
5554
2569
3356
6139
3885
8210
6108
123
8639
5697
6634
1254
8233
1420
4281
5130
1831
3672
4851
8447
6370
4103
8794
6563
1439
8745
1749
5768
1813
7044
5075
6278
8028
4984
5049
1181
9852
3467
2284
3287
9084
5550
6588
9776
5430
3836
6856
9047
522
8174
5203
1626
3867
7154
6539
1173
8292
3765
876
3954
334
5760
2642
1701
448
9007
2493
308
8739
4498
8554
6782
1849
1403
109
3154
7231
2223
1728
9855
3429
5091
1870
6793
4282
6363
4748
9182
5815
6881
90
2864
781
5062
1665
833
4857
4327
1623
6601
3880
4478
6112
355
5171
3911
4591
6772
1365
9303
5466
8889
7152
1987
3334
1387
8535
5387
2312
7868
179
2558
9625
2680
9518
3841
3899
5867
6597
2912
3670
2853
5149
5154
5371
3637
4086
8765
298
4117
7655
9535
9675
8804
8215
6157
220
8861
6200
8668
51
5019
6877
3804
905
3144
4554
6527
6596
7167
6779
4381
9063
1007
2175
348
4690
7034
9499
5038
1856
4678
401
371
9590
1450
6291
586
9301
3205
2502
9715
8356
7198
1816
1931
9974
1146
1469
7205
1765
9759
8234
8183
6111
4733
2421
3741
5236
8022
5581
5119
7824
956
5046
4469
8793
810
2523
6172
422
197
1581
5221
146
1010
9120
5285
3846
8743
8897
5414
7897
6202
8532
3503
3396
7254
250
1674
9552
1423
9034
9997
9247
837
1750
5548
3137
1652
2842
7284
2762
7102
2808
3455
2046
5523
5586
4616
3419
909
9508
8036
134
5265
7889
9001
6133
4698
2600
2954
4637
2358
6866
5613
6236
3412
9830
7640
8628
7096
4725
5520
1040
8891
5438
5267
470
1292
7196
151
6197
840
3504
1802
674
5679
5544
5701
662
1632
6803
1935
7105
5783
8538
6800
9021
621
2126
7113
1492
3512
4791
6092
5432
2283
3387
39
6290
3082
6191
5644
692
3434
2947
2293
3182
5108
2105
7523
6535
6203
7677
4515
8088
8957
2796
2170
181
4093
5539
1027
3104
9062
1170
6457
6669
5014
3499
3775
1575
108
1107
8524
7064
5002
8638
9101
734
2124
9122
4390
2757
5489
3197
8205
6486
5649
3100
6345
3056
9355
8307
4065
6762
1999
1685
8443
2987
4398
7651
7444
9967
2097
6385
259
7804
1116
2001
2712
5607
4654
9457
6777
4128
5483
6404
6598
7364
1571
4340
1431
2763
8531
1090
4923
9352
8722
7138
4324
4204
75
7441
1683
1282
3910
5521
7757
4636
1754
9010
8238
4419
2182
4313
7718
501
7045
9879
2259
3332
4429
1776
702
3189
4182
8280
7143
630
1077
258
9472
4765
8029
9985
9874
6993
1653
1751
7090
4584
9763
9369
9164
4062
2547
5376
9212
9456
6229
7588
9217
9071
9280
6375
2314
5798
3525
6963
8880
5336
3641
6205
1464
5168
5057
8381
1821
5873
9263
6263
5567
4622
5238
3604
1668
2346
3942
324
2994
0
8204
1144
488
9432
5126
2798
2296
9479
6447
4184
2472
9917
9608
1724
9554
1661
1700
6589
7665
9235
7876
1783
7503
9539
7216
1958
1639
6679
247
7244
5796
6171
135
5352
9464
7630
8069
975
5426
7912
4745
4341
7416
2632
8094
370
646
6475
6910
1650
160
8634
7040
9337
1119
305
1803
9980
4089
5199
8350
3131
9211
6723
7288
642
65
199
2349
9436
4967
4618
6514
9640
4396
1253
1748
5161
2282
2534
2615
9484
2002
3786
7976
7378
5112
2417
3050
2746
7095
2833
9785
2137
1671
5898
9188
7597
9162
4486
6545
8862
337
1778
8413
8632
7961
1610
1913
1041
485
7059
6477
2344
8347
6174
6072
5360
2490
9364
879
6209
4163
9237
7276
8432
5934
3399
9545
3343
320
9170
9658
2905
5756
4906
1586
2287
9041
6583
3128
4503
4994
5584
1337
2096
3869
8973
1198
207
1609
4417
189
7983
8216
9283
7728
8878
8645
7844
7671
2243
6004
5914
9948
2248
435
7124
6962
388
7257
9824
2270
1101
7946
9764
8685
549
8945
9408
3408
7379
2734
3063
3407
5312
7695
3703
1109
6334
8039
2933
7331
7292
6010
6952
5252
3261
6843
550
5378
2971
3722
1925
9392
970
9515
2127
405
1405
3715
1202
6918
2210
3185
8333
414
4148
4668
8981
1137
6271
4897
1237
2448
8881
622
7753
2029
2351
6166
8718
6377
3805
4428
2568
5918
6769
828
9876
2006
1944
7648
6681
4999
1908
7085
88
3886
9918
3012
5865
1158
2638
5517
1993
8167
474
6990
520
7021
6546
6753
1471
7628
5159
5040
5977
2147
8916
1974
2519
8647
940
4305
7809
8608
4603
7086
2292
3150
2392
6595
5099
38
2594
9943
4516
7715
2567
534
4041
4639
7813
2959
6042
8464
9835
7394
2089
274
1473
1769
285
531
9491
9780
4452
9585
3071
234
5876
9033
8757
9532
6544
9548
360
1228
7089
1926
8398
994
6245
5329
4231
4663
7964
4790
4158
413
3321
8989
6886
1358
8132
9318
307
9314
5557
5000
6419
2055
9482
4422
4042
5194
3098
8197
9983
8203
2591
9582
468
9648
8780
3231
1261
8454
6944
500
4533
9979
5658
6464
1442
4082
4412
1916
5777
2209
6321
8172
173
2363
3548
1853
6783
9820
4597
5391
9828
5173
617
8527
5148
7269
5286
2311
8711
8114
9910
4258
6222
3283
2214
6135
3118
4522
2443
309
227
4993
18
6628
7565
1056
2140
2372
6697
6662
2432
3596
248
906
216
2838
4273
4132
671
9742
4378
2290
5023
2032
3577
6927
409
7555
1980
8877
5643
8336
6878
5288
3184
5030
462
8912
2374
7574
7342
2653
8946
1785
3623
7963
2486
3018
7061
9023
6270
1942
7541
9194
9945
5704
8417
4418
1220
7920
8074
2596
6144
9829
786
1400
9574
5734
5189
3277
9144
980
3225
6744
5180
914
3589
824
7907
3553
7063
2295
8913
2706
9687
8090
352
153
725
3493
8395
2640
1045
6630
6973
7366
9285
6274
9049
6081
1772
7777
7148
5133
5536
7230
3521
8189
5576
1699
3178
9097
7947
9872
1367
2728
7291
7067
8222
4881
7730
1760
6914
7427
5384
3997
7109
7275
3642
1865
3708
4878
8611
2823
892
7780
6167
7330
6288
718
6300
5530
1320
4744
6277
1970
3270
2202
5606
4317
3437
3959
7740
6080
8832
5743
20
2004
3136
3451
7390
8615
8876
2782
6533
8683
2573
7048
4936
1257
4015
3047
7764
1955
4995
1161
5211
4352
584
8500
99
6037
958
5784
5680
808
890
6853
8807
5570
8056
4351
2151
420
710
8517
9171
8823
7811
7312
4901
4110
5215
8997
8875
344
2812
9530
4991
2908
9769
8343
5061
2611
4824
7208
6640
5067
7281
9299
8863
1692
913
8000
2354
1009
2755
2655
3498
7799
3594
6418
2
7289
441
7053
780
2579
9017
633
9127
2854
2650
5794
8300
9089
7065
5817
9511
61
4292
9643
3606
7306
8426
569
9861
7308
7975
1555
1402
5582
5095
8768
342
4200
2084
2555
7362
8424
1832
416
6083
6023
608
6693
8803
8703
6286
1454
5232
3288
2155
2431
3561
3326
9492
4289
9569
6175
7601
7075
4156
2807
9368
948
3926
2075
3533
9488
4274
452
9880
5412
7272
6016
2430
2160
8433
310
8640
9867
566
1590
4306
7455
3425
5709
8672
286
5746
7528
178
6110
619
3981
2304
357
9838
1157
8644
9416
5163
3874
9431
6268
2104
9641
6678
4613
6347
5326
5405
6647
4354
2239
6566
1824
1349
3314
112
4949
9998
8360
4854
1022
7332
1635
6192
2886
7071
9042
9222
6257
528
5852
799
1073
8762
7162
544
9038
1305
3674
5839
4066
6580
932
7789
8134
2178
4911
1002
4880
2010
6997
4931
3632
2660
9040
8545
902
3876
6430
4087
8113
834
5553
3970
5988
9087
1346
9219
7666
383
6829
7137
1079
7591
891
4477
8994
4260
1014
34
6960
6949
9581
8141
3364
3901
8121
9941
2993
8541
1576
4165
9309
4028
8456
8420
2969
2009
3534
6659
7227
3740
1037
3718
9483
3110
9529
3241
9450
5492
4562
8791
1978
9875
5936
5945
7966
8487
660
4479
3524
393
9711
2902
613
74
7547
9814
4278
832
2533
297
4073
8867
9251
7839
2946
6140
9114
1063
9102
4883
9250
3290
7505
8658
33
6113
7546
3768
9870
5935
5053
3286
4890
5197
6393
1179
2562
6485
1569
5983
2100
2858
8247
1550
1139
1224
6179
9475
9024
5953
9244
4106
7171
1296
6605
6625
7639
9747
7439
8788
9302
2163
2196
7489
1300
7759
2051
5725
8842
9709
3727
3932
3702
9421
5388
714
2957
3640
142
5150
195
4682
8266
6780
2482
7117
9221
9553
6930
9378
9797
3814
7879
2943
3941
1496
1281
4600
7531
475
4625
3937
5924
3749
9112
8695
1019
8515
9546
7598
5292
1497
2906
327
8402
5631
4599
7183
822
8894
8385
7470
364
8879
6579
5899
458
656
5737
3084
1780
343
5525
5228
8588
4888
865
5318
9224
1608
8244
7948
4895
8563
6916
2872
9403
1633
3200
519
95
6127
2483
775
6724
176
6594
4626
9284
8800
4040
6125
7575
8412
7847
7959
3853
2357
6825
4774
8944
4138
6473
7859
1641
7713
4248
3560
1826
1946
3236
4271
8654
1240
8687
8461
9267
2938
2819
4367
8455
9046
2164
4583
7932
8586
961
8147
2414
3725
5152
2909
8078
4853
4188
4409
3626
8996
3017
6911
7887
2817
1322
1326
3352
4405
979
8321
6380
1886
264
9633
3863
9739
7313
1185
349
4416
759
5196
1043
8415
8610
2286
4208
6934
5533
1276
9259
5808
4970
5580
2544
8151
7992
7534
6950
3777
7107
185
9409
2379
8164
1215
7581
8153
8873
2852
113
546
3196
1690
1672
8130
5608
8034
9354
5063
1544
3615
2530
9
2281
1299
2801
1117
7135
3371
7101
6795
5810
2940
6279
7294
8071
743
2774
8410
7016
7077
4046
4766
5504
1048
3350
292
8340
2309
8200
4285
1309
5757
5809
3421
669
8421
9653
7836
7054
2711
1847
537
3322
8411
8507
4314
4395
6067
7911
9847
7169
5222
758
7030
8018
4345
6969
1996
7450
5427
3115
5027
5089
4518
5416
9550
2439
4326
2384
9721
5389
6143
5695
5402
5460
6569
6440
4822
8736
1605
131
6841
5026
1238
9512
5732
678
1670
8508
4885
9123
9478
5626
7664
9135
2843
2962
9080
2813
5593
7827
4124
9048
898
601
300
637
287
4526
6613
9848
8922
3922
4653
4295
2765
1348
2636
304
5118
1579
9380
7165
8888
4752
7509
7413
7539
860
5423
9944
7846
9108
5771
1226
5411
6105
4058
530
2393
4794
7325
5862
7893
5655
512
8124
548
2451
9459
2846
2298
8393
1060
9710
8719
507
7657
3268
9533
7709
554
2165
3305
1735
3983
7344
8597
6737
604
5250
3601
5381
3705
8550
4983
2542
4350
5070
2541
2535
4969
7632
5503
7411
7333
9644
2368
1457
8592
6832
7741
9185
2645
4692
6610
6890
9826
7255
5011
1611
8773
5960
5021
8910
3482
362
2167
7875
959
2880
1823
6246
7029
5120
9350
1501
147
1347
5086
7853
4877
7774
9513
302
8093
8325
3630
1864
7830
5836
7891
2026
1747
7270
7211
2053
1150
1527
9505
9442
7358
9527
5560
9583
641
1992
3409
1786
1084
7023
4545
2722
3167
7631
3662
4563
598
5975
850
1721
4913
2500
1000
3256
1901
8544
8127
5369
5056
5575
9666
4732
3810
6781
2257
1953
6931
1924
7676
1951
1871
4602
7147
1064
4759
2678
5789
7356
8194
4537
9230
6955
6885
5366
4077
885
3426
6974
7841
2365
7517
7913
445
8520
7443
4988
3680
84
1005
3578
9777
582
3106
4037
5007
8009
2974
3611
1153
7393
4111
7726
6643
3155
4198
5779
6899
1600
400
8986
6219
1562
2654
4660
4229
9068
1155
4424
1860
923
7694
2742
2398
5759
1637
2466
4530
5127
6409
7338
1069
5071
7046
806
1684
2725
2250
1540
7
8714
1757
1934
6262
7399
7357
6794
4715
3965
9737
5656
7624
7765
9234
2073
907
4104
7320
7540
2713
2468
7514
6479
9202
572
8983
9844
1164
9330
4751
9660
9613
9257
8729
1199
6463
5837
2442
2548
541
6861
8297
1820
4773
6768
8680
8355
1311
984
3547
3213
8682
5843
7942
5227
993
1834
1120
1589
5074
903
9343
7996
8152
1038
4925
1597
8367
4179
7771
845
4781
5205
3603
2528
8848
4474
1593
558
2603
7484
9676
5041
5275
2168
3912
4054
798
5562
5816
1407
1258
1986
103
3855
7243
559
3024
6089
4236
9197
8584
5601
3527
1167
8534
7112
5829
5055
4976
8552
8120
5024
3348
2851
6921
7382
7974
6549
5967
921
5545
242
1068
7969
8087
8560
4576
7486
4315
4754
3964
8999
4697
4793
4614
4863
3157
6319
8868
4966
6384
9856
4647
722
4823
4456
368
6070
3165
5413
211
9768
8092
7810
551
8797
2279
3233
3799
1995
9240
3203
104
3820
2277
1719
3757
1577
9191
7279
5479
2920
296
6641
1647
3526
4472
7326
5310
9360
323
1634
9256
8787
4945
8270
6559
270
4364
1947
3973
6008
271
9090
9363
4666
5
2507
5191
6975
9544
1793
7434
4043
9494
2263
9632
4908
5781
7884
1711
7985
1432
8283
4331
8828
6442
4975
3341
3607
426
7592
7022
5633
6805
866
6017
5844
3346
7871
8652
2144
7921
5497
2076
4718
245
6675
6758
3373
1003
981
9637
8670
9964
6635
1241
8098
4355
4014
7383
4455
2637
354
2406
8012
2761
7778
1087
4123
4186
7145
4845
6097
241
8282
7922
5803
7578
5182
8232
5565
3961
2730
6956
8019
5919
5819
6216
67
6526
6220
5184
5674
3223
5670
114
9471
7951
6534
5029
4339
9111
5531
3992
5219
3201
1033
1006
7820
2688
1818
3821
1738
4121
165
8604
4816
1640
3401
1976
6872
3156
7092
939
8915
5628
8187
3035
6114
6413
4529
6947
3564
4264
5373
9987
587
1440
7437
9395
6439
7006
8835
5792
4410
4238
9915
4069
3229
4408
2659
6210
6578
6792
1154
3977
8329
1759
5207
8212
1627
7301
4717
8335
5446
433
3406
1197
6790
7418
3711
3276
2677
3253
2652
1541
8444
7941
5892
6353
3552
6954
611
1957
5874
4039
1472
996
6616
167
4536
6389
1861
2114
3938
8697
301
6811
4309
7613
9320
3513
7857
6164
9707
3002
5814
6987
3335
2319
9269
3529
4884
7620
9402
1433
5308
1499
8477
7446
8359
2564
7180
4534
2736
4531
3683
4509
9142
2081
6230
3618
695
8790
4483
8789
2735
9427
5620
3584
3443
8260
1797
8904
5871
2068
1489
8108
1082
4458
5515
5186
4
9236
9367
3617
3551
6068
9186
5917
9755
5083
7317
3211
4685
8073
8221
4007
2825
9615
4769
5619
555
8906
7602
7892
790
3739
4638
1933
5984
8401
288
7409
3067
4804
7051
391
7706
3374
1482
6201
9493
9700
3892
8287
2977
87
3831
2980
9706
9192
2628
2066
7042
2347
9152
746
4700
862
6558
43
4468
4574
9201
4195
8619
5124
9672
7420
7717
2643
1963
1915
6003
2740
7683
4425
9341
3206
4788
1113
942
8617
7407
2019
9293
6397
4657
303
4882
457
1868
6600
3308
9107
1303
8046
2512
5875
3673
5009
3664
9400
603
6104
7594
4098
1857
5461
3475
2313
6343
8580
7743
6602
91
6998
7267
6806
4795
7214
490
3599
6700
3580
8449
412
6369
4838
4318
1196
8871
9074
6058
9600
4435
4645
2320
3060
9950
6095
8756
7170
5335
9665
1329
2040
731
9497
3440
9296
3724
311
5293
2824
7939
1706
4629
3342
3625
4818
9279
8169
8570
4401
8481
4835
8005
3485
7114
6972
1016
5591
4902
565
4870
9959
8079
6323
966
3093
2373
3697
2942
322
9452
4519
8414
9752
4135
2173
8026
1887
1988
1716
6614
1029
6434
3658
8778
8886
7768
751
3069
689
1994
9564
5431
3235
3677
4376
9306
4122
3366
8220
7001
7405
7367
4190
1430
7536
7410
4556
9516
4473
7018
3051
2390
397
8808
5927
9779
9340
5807
4356
1545
4879
235
4604
7402
5787
7874
8342
2437
6830
3550
9056
2968
5660
2966
1267
1511
4316
4727
2506
6842
230
6013
552
4127
2381
7178
9902
1807
28
3559
122
4035
3202
4267
6802
5342
5097
2744
6725
4044
378
7616
4177
6696
2831
5641
6276
943
5467
5730
5982
5403
8095
3862
3754
5901
7479
2308
5677
2995
7465
684
3933
7700
2733
6938
1836
3466
7559
5471
6021
3610
7627
1691
3243
9833
415
8741
924
9391
4807
2539
1055
7471
4090
3570
8898
6525
8927
4240
9900
8931
841
7938
8465
3868
5949
3289
5294
3665
7487
5577
2383
2664
5564
7792
9758
3464
8712
9428
5340
7519
2815
3598
547
9924
6478
1507
8115
481
7674
4577
9938
9175
8025
6138
2232
590
4980
2639
5065
9336
1743
4948
2745
2769
5166
9946
5357
8014
989
1352
7452
6749
5849
4785
9312
6421
7716
6671
5599
3934
2386
2778
2754
7823
6622
5904
8437
262
7814
3066
9984
5741
5944
6541
9509
7052
200
4606
127
5192
1675
9098
5409
9440
1394
6649
6817
4900
3143
4171
94
8475
6234
9990
229
4869
7550
2035
7623
7477
5913
9888
3330
2449
3701
4813
6185
2834
7078
60
3424
8536
6751
6507
802
4262
5324
574
5955
5106
7595
4875
3285
7453
8691
3363
9004
7888
6865
3555
8452
1510
2199
2923
8678
9167
5646
7798
9907
6448
8084
1331
3252
9096
7146
7184
9264
3090
7965
8341
1376
8705
132
818
8004
6165
9382
4755
8833
3432
3785
1118
3111
1583
6653
9695
5886
9786
3745
7600
4344
3931
4021
2818
723
6459
3119
7228
9573
5823
3549
2441
3952
3030
8145
7619
3247
5321
2517
5806
3620
2116
640
430
3675
7475
9866
5001
5478
6355
4048
6713
4541
5722
4551
1531
4057
5422
9636
3161
7779
5264
7649
5556
6880
1245
978
990
3169
6461
5363
417
2554
4407
5233
5710
5443
6754
3329
2043
7991
8278
7881
9195
7327
2657
3365
5348
9619
9792
9898
9697
144
1967
4402
4017
3781
616
7380
9357
2345
2784
1696
8822
6159
443
9462
7843
9630
1363
9604
3125
2403
1488
6342
5706
8192
8199
2064
4002
5206
5012
1221
7346
9787
3296
6224
6476
9088
9451
4161
7359
1332
3080
6481
3488
2598
358
9897
9006
7564
8613
8085
3735
1378
192
719
1517
2973
6552
7174
9926
6543
6450
6360
2415
7584
8159
7755
8239
6
8521
9425
7656
2261
5555
3284
4464
6536
7403
4737
2960
3848
9805
1621
9796
125
2550
3712
2981
8958
4365
4116
9767
5054
5500
9982
8830
1697
2224
8126
9623
6879
50
4628
4696
3545
7282
7825
3471
5372
9859
6991
5527
3873
4363
338
5727
3629
2333
4501
8998
8425
243
4673
8688
1020
6173
225
5094
6966
3693
9536
6609
5003
3854
7533
1563
2803
5745
53
2434
3360
5682
5702
2788
1392
8518
1619
4102
1354
5673
7070
6673
3193
280
4635
2708
647
1248
2729
9760
2916
6887
8344
9972
9485
4981
3613
7735
5962
7363
299
9458
8460
7116
6824
666
9365
2204
5140
7701
5604
6718
6064
5872
7319
1342
4019
1648
9016
2141
8988
4275
7341
1678
1058
9988
6416
7940
3840
9953
9850
9404
9751
471
2867
9818
4615
3037
4720
1438
9842
3423
4391
8308
1341
2694
4001
6251
1205
8963
1114
4683
6904
7561
899
2465
9092
6107
7609
1903
9685
5851
6826
4889
8589
2668
2015
202
4320
4063
5772
8506
763
5627
3631
1866
8499
6039
2193
7256
6330
1004
8236
3042
6857
9793
97
2963
9390
8378
8111
2760
4308
1884
5811
8596
9784
3267
7080
3040
1018
7515
3204
1112
2366
7472
3729
705
4234
4444
9862
486
1051
6182
6066
5747
8301
3072
1801
6694
3542
9756
9688
5239
2057
8272
1737
7972
2303
9939
7238
5291
2874
3435
803
5707
5259
3591
8133
1330
8581
8033
191
9949
7401
7249
3520
5589
5447
6060
8436
6445
7258
2786
971
8408
4886
2479
2601
5684
5059
9846
4987
3924
2814
5719
897
7680
9647
47
562
7104
7869
375
7494
4982
4228
9679
5113
1698
6102
4185
1178
6309
8641
3372
3517
5109
7038
381
3861
5131
2986
9801
6612
3999
6815
8583
8193
7047
6906
7984
4212
9606
5450
2387
5526
3043
463
5368
5230
1379
3509
7626
8546
2188
8345
6529
5778
363
7544
3759
8785
3108
5141
9389
4497
5718
6227
5681
919
4211
4912
8847
4846
1389
1384
2134
7253
9020
6771
1666
9327
2588
2684
8853
1535
3462
8201
4031
2991
6953
631
9166
1383
3921
2870
5306
2268
9668
1854
3217
2128
6211
4012
3979
2563
9791
6073
5486
5337
585
2458
820
5801
2743
6273
8399
8577
9474
5847
8080
7340
9461
6301
1140
2572
5268
8228
3004
2806
659
3026
4797
8373
6186
5226
6040
4369
9495
5666
2396
2665
7576
1962
6035
3928
9334
9912
5343
7552
4926
6034
2715
620
4223
6407
3001
8713
4162
7466
5998
8525
252
9151
2348
1796
3468
5157
3333
509
5179
3304
7415
3733
3338
6214
7772
7918
5255
680
1067
529
6212
3079
6757
2805
102
2030
9517
3935
4777
8479
2964
2395
852
3996
5198
3958
137
8245
6746
3897
3078
166
6755
9050
3960
4598
3415
2604
3077
6223
912
6586
4543
589
8492
7280
4986
7482
5574
7915
4548
9075
1842
1209
9927
4558
6515
2609
1660
4246
2897
9603
7729
3295
19
4871
7322
6184
4194
927
6827
6816
4903
4921
7599
4368
2492
7702
8007
711
7943
8002
5996
2036
715
778
7725
5699
7125
7012
6617
6727
1216
5906
6055
6704
1827
3772
9044
2433
8651
333
6131
6957
8602
7459
7562
8261
4763
8379
4036
2522
5290
2924
2222
7492
3825
8063
654
8975
7008
1852
1128
1504
2464
4705
4768
4107
8150
6427
4440
1890
3239
8959
1279
5307
59
8075
82
453
526
29
1134
4676
7560
2930
5915
8943
771
1132
5210
7236
1695
3988
5775
8564
6188
8694
2504
8907
6855
9417
8255
9381
5201
1662
4624
9956
5013
9932
5033
6233
2262
2388
963
2605
5410
8419
3478
7886
2091
4560
570
4394
4689
1770
3860
3146
7119
3870
5331
3303
4347
5132
6318
2656
8530
9821
4020
201
8820
1658
1272
3748
727
5299
2910
2917
5705
2873
483
3671
1603
446
2274
7556
2505
6208
1025
3889
1194
2453
2521
5379
4899
8277
6189
4965
4445
9183
6941
945
1841
5959
1074
7384
7668
2770
8257
1175
465
7297
8622
329
6258
2800
6079
7026
8474
8067
830
1271
8566
295
8106
3750
2446
5129
1570
4075
9570
5028
9139
2832
1882
8042
4775
4564
3496
6551
783
9572
1761
4168
169
735
5345
7345
9705
6362
848
4825
2159
8824
9718
5060
3859
4590
6692
1682
3791
6626
6026
497
3695
5676
9262
5948
89
8198
1902
4806
1536
2025
4504
1779
4571
4612
8273
1176
1124
8549
6371
356
7745
6408
3953
5138
3945
6121
5188
4196
5073
3832
4939
594
9885
8607
6087
8717
5625
6648
5305
3815
7361
9571
6683
2473
4460
7130
8303
6074
398
649
5429
3107
8109
5694
145
5008
5270
1357
7199
3404
8469
1327
2646
9869
8940
7548
7365
3248
5105
2252
3452
5974
699
5499
2559
5832
7734
2172
4566
3771
4757
263
664
174
1287
68
7127
5848
4029
3320
3121
4815
1307
3006
5878
3444
7962
7542
6571
8256
967
5566
5351
1093
5309
1723
6490
2244
2174
80
8623
4183
3753
3109
7957
977
66
2288
8984
8314
2635
7807
9300
4546
1702
7129
8786
1219
567
2418
7750
2791
4213
7650
693
6851
3668
7115
8836
7751
154
1325
3413
15
9163
2551
6521
8985
6557
2566
1477
6672
4909
5406
8049
3347
859
8409
5889
8332
8937
3010
2394
8649
3544
1893
7955
8483
7538
2618
8748
4739
5330
3173
203
4374
5254
8328
5711
6438
9730
3795
7442
3686
6311
1833
1059
3663
7885
1421
648
5860
332
9799
7747
4413
6169
5200
4243
3116
6789
9871
2741
3164
3774
3919
7351
6862
2584
5728
1939
2863
8733
2353
3479
171
9577
3045
3192
456
8815
5364
267
1891
7009
2840
5418
1971
2045
9795
7388
7179
7266
1052
7074
797
9373
4684
8299
2777
4865
2455
3792
93
498
5339
317
8430
5766
1546
7727
2583
869
1585
9057
4729
1614
4714
7007
3166
9376
1596
4704
5615
5134
6329
9947
9218
6924
6870
8960
4826
6149
4661
502
5662
8473
5469
8269
9969
3696
162
4141
5879
7949
910
1656
6180
8110
3877
7347
2251
7126
1959
2400
5202
5035
5454
4074
5774
48
1225
9258
4849
3713
3656
2211
2759
8978
5463
8131
5316
8497
7458
4920
2408
6682
5929
2125
2525
1123
2065
5281
217
5151
9501
9561
1386
1434
5449
3029
4539
9005
4677
7277
7259
9204
4259
5260
9610
9026
467
9558
5738
6564
8066
9807
9881
2476
2856
9329
9735
8275
3556
2970
9901
3469
3685
4758
4961
7522
8265
578
6454
6046
6394
4084
7760
450
9054
6132
8001
4053
427
7973
1105
3105
9559
44
1960
4588
8388
7172
8015
2428
4789
3608
6517
6503
9520
6831
4605
8692
9000
4180
2891
5117
3784
976
9920
4126
9379
6187
3856
6813
3456
3094
4798
1445
8732
4125
3416
1483
1613
9977
4420
1252
4237
8849
2230
770
8895
24
9597
6838
6305
6501
5532
6582
4555
4585
2629
6929
5964
2571
2338
6041
1138
3323
3159
8478
493
7188
71
2317
8801
2630
3083
8274
4581
7248
2440
2098
8522
5147
8416
9864
6358
5170
4358
1233
8528
7262
6082
6656
8954
3449
7808
9423
4129
2919
3709
9246
4322
2460
5603
6981
5937
6248
4397
9433
5912
3903
4155
8327
3908
4553
4621
532
8392
2622
8936
2113
6142
9884
4565
7933
3751
5763
5506
5245
525
2882
6354
609
7389
3710
6452
5361
7142
3199
595
7801
6488
7990
4337
8966
6178
1524
9031
5246
2781
6510
1601
4471
5692
6116
954
6387
944
4027
8587
3569
1485
4706
1917
4708
6516
4059
2625
9081
6729
5390
6314
5448
3400
35
3450
7693
8576
6538
3349
6123
8224
4010
9537
9030
8902
4218
7662
4276
766
4467
7936
7343
105
2809
784
602
6487
9109
6099
7618
2830
2771
1369
8903
1306
3309
70
3007
2487
8162
5043
3170
6711
4491
4399
5637
3291
9993
7083
9225
5425
8752
449
1909
4383
3059
5484
2153
9522
4205
2093
5930
3995
7118
3070
4226
281
7467
2794
2060
8721
8921
1805
9738
7703
1644
6033
7647
741
2979
2017
1764
7736
1845
253
6341
3487
1709
5767
1844
3896
643
4170
8967
5476
3123
5435
239
877
6304
9712
9868
3619
3238
661
5090
439
9587
1863
8186
6198
3925
9305
7352
1396
6623
7744
4929
5835
6869
3975
8446
4544
7225
3833
8068
5733
7828
1232
3091
7323
4249
1417
8077
2901
2360
7806
6988
9657
3949
8696
6368
2802
7476
2341
9155
7802
3878
257
9410
8271
2013
9602
1388
9286
5185
1213
1781
6335
4868
5700
6134
4782
8380
1062
5242
9534
5125
4687
3019
9790
6426
7748
2607
6670
9713
5377
2984
373
9271
5375
8059
7989
925
5209
513
6443
6661
7191
8405
7360
1533
6807
5853
6162
2839
4523
8816
5266
2779
6940
2012
9704
9788
3666
3431
9889
2189
773
8097
4193
1490
538
2132
9468
9699
5578
8163
5400
3280
5736
4131
3102
1549
3481
9813
5750
5031
8248
787
2310
2816
6059
3915
2549
1001
5825
1201
4946
2894
9999
1828
2624
1012
3761
5247
8885
1542
8858
9904
2847
9061
6761
7708
9691
588
4786
63
3884
8834
7608
8747
6652
1193
3032
593
6356
5618
3541
1713
1936
2444
3145
3929
6639
8624
3191
3086
3687
8513
1266
7037
673
2119
3470
4958
4257
8569
8480
2835
4784
5010
3898
7977
6282
7898
3344
9510
8626
9215
8181
3446
835
8404
394
9308
8086
1328
1573
1880
3600
9728
6664
3009
9609
1313
2527
9682
8429
9731
5916
6190
8950
4005
2477
8948
5549
540
7468
1255
1339
3135
2058
5616
9173
9076
9620
3516
4449
1895
1047
5445
4680
9961
6540
3982
3186
3505
6469
6177
4819
8707
8175
8548
2752
5672
7091
3621
8423
4971
8035
3592
1284
5440
5407
701
3734
1900
6493
1286
1106
9052
2701
4837
7978
2627
5579
5895
5713
1848
1949
6094
5311
3265
3120
6828
4294
440
1013
4348
9434
2324
8352
6847
9740
6338
7606
1264
9476
4608
2438
5932
321
182
1121
6029
5629
4214
988
4570
3649
4375
6846
4681
2518
1977
6050
5234
4083
3682
6183
1072
4076
1122
1397
5253
3816
6537
8526
2804
2063
2117
2200
1049
7195
7904
8727
6657
9567
6077
3208
1470
5691
6908
2693
3699
6435
1180
4594
4462
5968
7520
6922
9931
7057
92
1938
4011
6590
6315
8565
4595
736
1187
3172
5537
1969
9487
935
4338
6986
7060
1288
6836
4587
5689
1208
484
1078
2229
7573
7678
7675
3838
769
2062
3974
9277
6562
5278
7587
1530
5218
9887
2696
2078
6306
4070
6573
757
7877
6565
2617
3441
1755
9651
2207
7521
2861
5472
7185
7816
9435
7079
9802
3845
3811
9190
2177
625
4247
2322
999
4810
1283
5087
5671
7643
4787
8339
7850
7636
7637
8195
888
4656
3492
1280
871
7558
826
1162
2350
4893
9857
3292
3127
7103
4943
8501
5419
6511
7617
7614
5128
9289
2789
6760
2198
8317
8154
6126
56
5857
4118
1548
1270
6254
1091
4721
5424
1509
8304
8689
2227
6057
6296
7821
3076
5332
5355
9843
5102
1350
3830
3767
8982
1968
928
2330
9773
8038
7812
5883
3944
6719
8099
7337
4366
4400
2083
5861
6942
7229
5464
8310
2364
2766
1366
4947
9104
6945
7980
6637
886
2608
7464
3313
1479
6145
7934
626
5347
8218
133
7720
4078
1914
8839
3582
6093
1722
7454
6423
8451
6706
5455
9200
1195
3008
9018
1606
5143
4674
9133
9825
4559
4517
854
3271
7200
3181
7298
7173
2669
6344
6351
4667
6376
6575
6840
283
1956
10
7681
2621
8383
4387
6494
5642
987
7278
7498
9398
2112
2041
7852
6310
4524
6349
8909
3126
6909
9169
9798
3250
4747
4702
9245
4080
4917
3875
1480
7201
6939
315
7577
3046
6130
7490
8231
4985
7098
1883
3660
1324
5004
7696
853
8264
6498
3089
5943
5663
2737
2859
254
1727
7571
9295
6484
1448
128
9345
8324
7826
5042
4821
7652
2299
7851
6818
9316
7268
8764
8176
260
2241
8006
685
4157
9238
4475
3714
7858
2748
8751
5647
7927
432
7069
3490
5034
3778
3025
1422
3895
6241
9601
9690
3258
428
7511
8509
9070
3788
4691
466
3023
2264
3707
4927
9388
2271
8463
3428
5978
6834
1645
9684
2102
4998
1622
4722
2848
8744
4056
2792
861
5177
7670
2536
4528
5162
1791
3367
4864
6453
2258
4145
8320
2352
23
9906
6992
306
4542
5714
9896
5634
2195
2429
8896
8676
275
5045
8636
6428
9723
6456
9973
3224
1578
9576
7449
1075
9229
4866
1809
8021
968
4843
6883
2402
3358
6352
5609
9720
7217
2849
1127
7529
4649
2074
3389
9083
986
9913
5475
6265
9082
3422
6710
1508
2524
5178
3114
7368
7032
4068
8143
1669
5434
3138
4191
27
4094
8051
8769
8251
6489
9160
6228
5612
7612
3783
9242
5667
9168
811
9645
6882
9538
5869
1319
4487
2056
1731
8630
7496
1547
651
4064
8734
4960
222
2061
8137
3969
3948
1594
7387
9150
8646
8185
2941
3476
1250
9727
9703
3866
3240
6522
7867
1186
580
8667
7081
4730
9359
7400
403
1532
5764
9635
2265
1598
8618
2049
7782
1513
4255
2557
9356
8229
6512
6977
3502
6043
3985
4659
1752
8144
789
9639
6531
4836
5444
7133
9413
6028
7819
5786
7610
9255
4728
1829
9678
6410
1462
1085
4187
2071
8755
7878
5051
523
6572
6532
2328
8855
4767
6603
1990
8677
3994
1071
8637
7669
2718
8746
847
5187
936
851
5436
9673
1580
1782
7049
6554
1223
9750
2537
5323
52
1867
3978
1277
7120
9196
6390
2975
1730
4181
4189
4097
2255
7397
6331
1088
5731
553
2087
5183
5044
9460
3279
1053
4592
6666
9094
2456
4333
1370
1587
9696
7028
8942
4201
2496
4896
3766
6009
3980
8017
6943
9463
1211
2904
7239
6053
564
8135
5494
2205
4847
2731
5195
4404
788
3920
1739
3968
120
652
7512
9831
9664
5939
7865
6766
6989
9521
5538
6844
8394
2837
8976
8837
5596
5981
3036
1693
4319
3572
2900
7660
1519
3016
8294
8003
478
9180
7076
7654
5139
3773
8795
1149
1680
2234
8
8573
5611
8242
7100
5050
2756
9834
6722
4149
4030
1399
5193
1285
3628
4101
5561
3939
6979
7981
5776
2367
2457
226
597
9905
98
2876
8562
8882
3844
180
8781
4861
2481
1767
6405
136
5212
6667
3053
55
8923
2707
4867
6687
3888
5595
8523
9036
4699
213
374
6561
1792
7014
7870
8710
9126
4734
515
2422
8089
4963
1126
2793
6502
3461
7679
4154
9618
7525
464
2033
1561
9130
4973
7158
4723
7797
8539
2240
7633
2359
1904
3448
4972
7408
198
9839
9921
4743
7944
4159
4862
3779
9407
3782
8971
6747
7682
2921
8920
8418
6624
985
8357
6244
2918
5512
2772
5770
7010
8318
6411
7968
6025
8030
3723
8040
1340
2206
8253
3943
4575
1204
2895
7641
8846
8494
3129
347
4013
3033
9466
268
5973
9095
4573
3097
9642
148
7714
1582
6146
8585
6117
231
5928
3635
9266
5687
2034
3807
8462
8850
1537
8309
9401
8818
7168
1463
9789
2031
6298
7994
9894
7788
9198
3755
2131
9968
911
3645
5518
5439
3539
5748
4379
3298
9951
2212
2459
3731
2369
1715
1393
1278
4433
3411
2423
6467
2407
1023
3003
8529
2587
1879
615
7311
3327
4297
6774
376
156
9840
753
2331
1163
3133
3951
204
7914
930
2016
634
8686
6778
6893
2686
4844
7429
7840
777
3530
4484
2419
1628
1231
1042
9626
9465
843
3651
9231
2889
1973
3355
8237
3442
2956
244
6707
7762
1725
3378
7731
858
6455
7440
3826
319
5864
1385
9441
9646
5116
494
1141
1293
9069
6923
3394
9015
9189
6294
5459
5657
6680
8792
6289
1151
6499
6194
58
4623
672
849
2556
9078
9172
9500
4511
2797
5104
8812
9594
1717
9638
7890
4055
9079
524
7689
155
503
5753
7136
4227
7261
8542
665
7371
7307
3581
5025
4426
5457
6611
9991
6242
8802
6047
2865
1631
7296
7110
5080
8669
175
1419
5164
3384
8990
3817
6312
4898
8259
6482
6308
2561
1343
1249
4371
5223
9157
3829
7177
5941
2416
9933
126
7419
1031
5805
5880
1932
1222
205
8331
2967
1398
3013
8129
5302
2494
2008
6350
5077
706
4025
8856
2247
3717
720
973
7218
9118
5437
6031
2208
7970
8917
9661
2749
4658
5079
116
4783
7206
1478
8226
1758
3177
480
1244
3648
4336
3849
7122
3852
496
9557
2648
5840
4957
7309
4088
4496
9193
6804
9873
5093
9883
7795
1456
6801
5720
749
4796
345
5858
4209
8941
1406
3183
2972
1718
3015
3477
36
8572
5636
6466
111
4938
5015
8706
3458
508
346
9439
5890
2391
6491
8053
3427
7902
404
3297
9757
1763
1574
4230
340
4454
9748
8368
9385
4489
168
4527
1391
6891
8559
6378
9064
9762
6299
7223
8083
150
7041
8635
1506
9311
9002
1468
7430
6676
7495
2445
3837
2148
2478
1335
5653
6961
7232
5156
5818
7369
8870
115
6148
2799
6550
8361
5356
9531
974
2976
7510
3690
261
6287
9328
8753
2623
8629
9555
606
208
2503
8305
2667
6225
4026
9032
3057
533
1115
6932
1560
2436
1588
3616
9405
118
4738
1035
3147
8796
7837
8663
8995
6633
7033
3809
3262
3000
7622
1679
7462
9304
4772
9782
2661
3328
7285
1098
6206
472
184
8612
4989
3474
7274
7596
6281
4130
3639
3465
9100
8813
8246
6871
3096
878
9719
6976
9940
2397
8366
1553
2985
9654
2948
2329
2899
1227
687
6699
2689
1165
2597
2776
5529
6860
1756
7093
8118
7348
6688
5793
6084
9928
3022
1773
6232
4968
4954
2692
6654
5277
6240
5225
8811
188
9128
2085
9145
4393
3368
6925
5334
8594
7502
8911
3787
8665
3337
5005
9254
7543
291
7017
7905
9313
9549
9662
7194
1302
600
2907
1242
9131
4112
8386
7883
8556
6213
7815
8214
6897
2773
1681
721
7642
4245
7062
402
4113
9424
1136
8076
3198
5956
4525
7803
117
1356
9566
9849
1314
8866
4792
6381
2529
5571
3336
9249
7783
2169
9272
782
8814
5922
1642
1130
1566
2723
6505
8384
8962
4411
2332
5547
688
3263
4000
6701
7039
4009
2235
8599
4710
2720
1142
7752
8932
6919
9858
4713
21
5415
4820
3957
7785
5923
6618
5624
5397
9019
5417
3719
6689
4841
2185
7203
5301
3014
2176
8600
9035
399
429
870
3068
386
5821
812
9110
4072
1381
1291
1929
4686
881
5735
1435
6937
6071
2180
6797
1382
5383
2673
4805
1317
3088
9288
7286
8510
6504
1808
863
9929
7860
7027
2514
7263
5669
284
957
9995
752
4268
2425
5971
5404
4500
1515
1
972
1872
1624
1274
8372
2990
4811
1881
2716
8295
8182
793
5098
3681
8720
5905
6920
7500
745
8235
3410
9091
2285
4756
1794
1097
1945
5925
785
9978
1036
79
7833
9584
1046
9387
2052
170
3669
5315
4894
5224
2254
3345
8209
1467
6045
5909
9542
867
4872
6483
2218
5382
9480
5911
42
6799
4139
9892
6109
3472
6902
1667
3457
6739
9226
8968
5754
2216
6373
2014
2171
3646
7501
1525
6809
4067
4225
8296
1676
3864
7121
9422
4146
4045
6437
5072
2780
7210
5569
4382
7015
3531
5341
366
5563
8852
708
9319
884
6835
7805
2192
2709
5540
2154
1649
7721
3823
2138
64
7834
2592
5274
5635
8928
7157
7513
6379
5314
382
8048
505
2821
6655
4169
8543
1076
2213
2753
7324
4307
6604
9809
9429
8574
7226
9149
3226
1975
2150
3887
3370
2822
6382
3139
7958
6085
4431
7055
6078
1905
9206
8482
1815
3175
5433
6773
3151
6996
5155
9106
7457
8961
7451
8351
2890
351
3906
8346
9051
4557
4538
7903
5216
800
2949
7299
3282
1972
8684
2710
9823
4611
2666
6386
2719
6119
1475
7251
5374
5287
5979
3
385
4609
4372
7895
1846
3967
8606
9067
83
1015
4016
6702
5841
2989
3721
5048
5908
313
1262
8598
3633
8730
2935
6090
8254
3835
249
9994
4430
3532
9326
6250
8953
9540
2326
2878
3382
3812
8760
7776
2892
7532
9371
3927
1703
7469
5241
3602
2156
4762
7838
9914
9952
9689
4859
5795
7302
8700
7754
8900
8884
1453
3963
2936
8064
8767
7737
1814
9853
6366
3883
266
2922
5947
3891
4832
4261
1152
933
7166
4940
5605
6391
6720
5271
3638
5845
3381
3244
3576
4232
9989
9154
8450
1368
4924
7221
7906
4323
2580
3257
2463
9547
3176
7738
3246
3483
2375
4403
2681
4312
6226
3847
1294
8643
1564
952
2662
1885
9028
8557
3402
3850
6530
5654
6266
3075
7692
8312
1323
4166
5985
5696
4389
1710
1410
4144
6984
8117
1243
4764
5261
4651
9778
6372
5122
9124
7160
8674
4481
6674
9333
4311
8784
5940
4283
1787
2703
6568
2634
8267
1104
3351
2267
8702
6129
9370
8057
2092
4342
1110
4631
1057
4809
3989
2670
26
8614
282
571
1103
8631
3092
6560
5514
6022
3597
7954
4434
3793
9065
4006
1810
6748
6204
9955
4459
5320
5408
9143
5887
8664
3393
6728
6808
779
3362
8947
6027
3518
831
7589
592
2553
5300
658
2343
4480
7746
4362
889
5830
9055
3124
3763
6359
7908
8177
232
7328
1131
8160
3956
7585
101
9965
1465
2197
2018
9560
1360
9817
9923
5258
495
4569
3403
8227
9003
6324
8286
5052
6629
2647
6217
3255
4977
4488
6441
1268
8288
2370
3780
2411
5473
5966
4047
4601
3756
2700
9239
3528
5256
3065
3679
6814
8457
7175
5006
158
8991
767
206
2302
941
3011
6256
2999
8032
4642
8659
1449
2233
8171
8657
1952
4856
6120
5213
9837
2480
9725
8578
8370
5958
5508
4263
9525
4470
1745
7901
8738
6574
6644
5214
5016
7691
4996
8485
750
8819
3044
124
1446
9411
72
7723
219
3392
1192
1538
6901
8805
8243
5111
6235
3654
4990
5115
7207
5493
7134
8874
4655
8438
5559
7796
6336
2538
5921
7882
6733
6717
1616
1775
2508
9132
6293
8661
2877
1377
1838
6118
7398
9227
1441
1888
8970
7790
2589
3813
8537
5279
5648
1869
7894
9966
7425
8951
2158
2671
6690
335
3375
8779
2461
6374
9621
5600
2540
5885
2306
6528
8838
1183
4415
5630
4023
5359
4942
294
8621
747
8371
3742
7372
3232
3557
2399
5632
2294
7182
6049
7336
6431
2929
6267
3574
9649
2067
7919
1892
1910
7956
9181
1460
6712
7433
5522
1362
1290
3585
4514
1516
8540
3214
4250
7483
6776
1108
5833
6738
6002
4669
7350
2676
4406
6786
4450
1602
1636
9011
2790
7128
8471
5854
6103
6903
1174
6243
9496
5020
2484
3188
3354
5954
4436
2787
3998
561
7707
7087
4688
49
4944
2641
4105
7424
5621
8761
7088
4150
955
3590
316
5114
2747
8054
8440
7004
2069
6320
3976
5645
2413
3306
3301
5568
8504
8241
742
6018
4916
6496
7099
5551
5791
9324
9207
8322
7535
9622
5174
3266
5828
2409
5367
7431
4217
875
3433
1733
8558
3020
9121
407
8138
9588
5354
9936
1740
2576
152
6907
2088
4905
3798
4582
221
1083
5831
5986
995
5280
9037
557
6896
8568
3794
7756
5365
6745
9811
6436
5317
6161
7945
7967
1889
7242
4142
9631
5614
9138
6593
6577
2606
9975
7187
2951
4914
7321
1584
5502
6348
9680
8899
3644
9681
1111
5987
6570
3737
2885
3324
5158
314
6357
8949
563
4746
1558
5510
1514
8289
6364
3134
5903
5282
3052
6096
5965
1373
2291
7035
3391
9808
6449
9418
5740
744
9339
9963
4414
4423
2543
6261
4439
5076
2631
6014
1534
4206
3130
9362
7999
934
2038
6365
7123
6317
5744
5480
3583
7111
7318
2501
5394
3900
9129
3806
814
6665
6867
6506
1964
8924
77
6383
2577
2121
8472
4252
7436
5788
3990
2485
9819
4349
8935
6207
887
331
5039
3222
7916
3158
8184
983
8817
4803
6168
1026
4060
7568
1873
4671
7381
4620
2106
2927
7448
7848
2380
7392
583
8027
8620
2690
4235
9117
2470
893
3865
653
9692
6005
5685
9209
7002
7287
9724
1687
6325
7260
1086
2855
4051
760
6480
5176
2903
1145
1923
6926
3894
8843
4490
9804
536
4253
8776
4447
7773
9734
3163
2289
4328
7432
8519
8901
4302
7864
5946
1991
9470
1979
5289
8453
5870
5319
868
8353
1651
1207
9137
1774
7931
7480
6462
5931
3536
5535
5826
4151
6011
4627
2355
194
7404
141
821
228
9489
5047
2965
9008
679
8633
3447
8671
6520
7283
6283
1843
5243
6983
2335
73
2426
8495
3689
8806
7335
106
5441
6849
2450
6252
1734
4286
1704
3445
8905
3099
655
8763
3522
6524
4646
6784
8827
2704
6425
4997
4221
8914
5583
7491
2028
8591
5897
3946
4520
4640
3361
5488
7667
8010
9072
2698
3073
3588
1066
9322
2705
8774
9184
2249
1940
1452
7020
7997
3038
1034
5078
8020
1689
6237
6195
1741
3190
6716
5782
813
1203
2142
5761
1273
8709
929
4256
1416
8503
8582
9174
5190
1401
223
5881
6030
4353
8285
9766
3728
5175
7924
4665
7661
1429
5769
805
130
5370
2000
829
807
1567
917
9159
193
2336
2811
4952
4091
1777
8656
1819
7856
6585
5950
6091
6024
7428
4750
560
7376
9617
4694
2385
9148
6181
5938
2996
7770
4360
8775
7190
7461
5588
9865
4270
4910
1413
78
2166
4827
3614
7499
9141
9922
3828
9524
922
2750
681
7625
2280
6905
8376
2888
4802
7460
6812
7705
2633
9125
6051
6875
1941
4848
6750
2217
3122
107
9399
7176
1859
9908
2998
4332
3818
2958
6153
3142
7658
3871
8219
7108
4540
713
9073
7334
7698
1565
9911
7417
7310
4521
8715
6837
5752
691
7855
3480
7066
9331
6714
9344
9315
9514
2663
3966
8316
9605
2135
599
677
7645
1466
1948
9136
2768
5822
5208
1927
5495
2997
3293
9454
3822
668
514
4100
8758
4568
8486
9220
1789
535
2152
328
2767
8276
1521
4979
4370
4108
5231
7761
8191
5123
5269
4778
4632
5498
4771
7917
5651
5066
8155
350
3048
6150
8206
7580
9523
510
3514
8728
5396
6756
1855
7222
1395
6474
8595
754
3586
772
1230
1625
7024
7646
278
3299
7421
4607
5802
3872
6567
4740
6417
1523
2321
2260
5933
6964
2651
7925
962
2613
6048
1897
7775
6542
5723
6415
2515
9287
442
896
511
5863
392
6833
3259
8952
7474
2560
7141
9624
7316
7391
4061
1493
9105
8258
2452
1099
7215
2181
7923
2691
3058
3573
1768
6631
4143
3215
1032
1411
636
4251
6399
4493
7873
4839
2011
8726
3274
8358
2612
4024
143
6100
8082
5420
3700
8281
1409
2435
2893
5799
3661
2982
7784
6297
7374
121
900
4955
7373
7013
4672
8008
1943
6322
6063
7068
5160
9419
477
7638
1436
4092
4287
2764
7685
8149
8467
6971
9415
3760
5244
6740
7910
5868
2491
6888
8625
4817
6822
3307
2820
755
2115
9586
7478
6295
5283
9232
7072
1877
1080
9803
3538
3993
7831
638
6075
5393
4974
3112
6705
748
7928
9578
6061
8864
576
7817
9770
9930
3624
2107
6155
4049
7082
1351
7767
6218
591
895
965
1191
9397
224
8890
7355
5217
686
3162
6038
8052
9596
5465
7329
5602
4164
4199
8740
9321
1822
6948
5325
2585
4549
6269
377
3228
7724
1166
4222
5513
2082
1050
45
4937
3950
8119
9722
7935
8660
7412
2342
8128
9412
697
8125
9743
7153
6695
9957
3558
318
5558
3436
9543
2179
3776
8375
4207
3294
7084
568
8326
707
2412
964
4380
2146
2469
2751
9282
423
9361
129
9178
9317
2682
424
8468
920
1554
8407
8593
7673
6388
1269
7303
4770
1321
482
2875
3087
2194
110
5092
6709
8156
7271
9832
3647
5534
5888
4178
2950
4904
1404
7132
3688
1720
8601
1094
8105
8690
9029
6465
7131
2039
2685
6970
2862
5703
4833
1896
1804
177
76
6852
9291
8919
9147
3418
1425
4202
9059
2130
1310
1557
7300
4482
406
7290
3491
4343
8400
3747
4579
3698
3720
612
8799
473
3430
904
9854
9335
3174
882
8845
9890
9043
6900
915
3357
8249
9708
8096
6556
9526
4812
2724
5082
2086
6576
5846
7644
7635
7159
14
4463
506
1878
9716
3650
8439
1795
8104
4096
1070
8987
733
4134
6259
3316
9656
4293
5240
9772
2826
3579
8810
1746
6821
2869
3034
2845
3732
4361
7733
3803
657
7545
1966
3565
4277
7189
3249
2489
739
4873
4959
8435
7732
2337
3388
8511
1011
9426
1965
3281
196
6845
3028
5976
1338
3117
4670
2520
6958
4357
8571
8567
3041
836
5990
3881
9761
4272
4241
9775
1930
2027
7688
8860
1592
9589
6763
7370
3062
1520
1092
1251
6285
1876
2077
5690
5542
8783
880
7684
3312
8561
5524
6316
6810
9039
4254
8458
2315
9541
1424
1235
3064
6147
1418
4808
5891
5022
384
5997
9683
6396
9253
6264
2203
8977
5541
2037
6451
1522
8179
3390
9383
3054
3234
703
2108
8887
1663
3221
6422
2361
2488
9297
4120
9877
9981
9895
9717
5610
1459
8693
2495
4224
8826
4443
8311
8679
1502
7377
960
100
238
3770
379
2732
2256
2226
1552
7526
7058
3736
7549
9822
2272
1922
4593
1372
6913
6884
3260
8772
6839
9925
5622
8939
3839
3132
3643
8505
7050
8102
4003
7953
4507
2526
5491
9165
4330
819
2190
9971
6414
644
7930
9332
7794
1498
9009
6238
9393
3914
6429
2499
1125
1412
96
2721
2915
667
1444
4919
1694
518
2111
3738
5866
3587
4485
9027
3704
7704
5698
698
9607
4359
9025
8980
4303
6044
2699
6495
6239
2220
5970
7712
9882
7611
3758
6513
2578
8642
1744
6392
1361
1526
8708
2945
624
1355
3936
8389
2932
5617
2231
5451
2697
8514
4532
6912
1620
8603
4329
4505
6015
9093
2868
9384
2079
4216
8101
3657
2879
444
1408
6660
8364
7979
1304
804
7793
2447
5543
9060
1336
8263
353
3195
7056
3746
7504
8403
694
1263
1617
9298
4941
1065
2850
7000
504
3386
8202
6889
9203
2059
1686
6854
6764
9347
618
6668
8725
730
6796
8100
709
1894
3676
6065
7011
2810
4749
6548
5103
9565
2565
575
3986
3567
7240
6432
6547
675
3380
2129
1937
6400
2048
4596
4325
8037
1461
7043
9774
9891
801
410
3605
6215
2739
9158
9119
3049
6985
369
7582
4114
240
2644
1850
947
2462
8547
8737
629
4465
7140
1236
6518
7518
9199
3940
7423
2297
4801
7235
7106
6470
4071
8930
8441
4377
6420
9729
3923
9116
8865
5386
9265
1458
6555
8284
2278
7982
7621
6873
3315
9783
3843
5993
9528
5167
7899
6284
9958
9233
7488
1189
5220
6106
11
8666
6020
6684
5900
1353
487
2424
7245
2253
7950
7149
3827
3438
2021
5346
991
9753
9477
4935
3907
607
5957
3890
25
9810
579
4018
815
8650
1918
2080
6621
9504
5101
2024
4032
6646
712
3568
4432
1954
5991
9741
1008
7237
2497
9351
7192
696
9556
387
2687
8363
1629
269
163
1874
1491
293
4852
596
8330
1997
2913
5144
4580
8934
9771
8306
6019
9374
1529
9261
491
7586
9310
1177
1906
8498
9099
2245
3684
2072
6650
8223
1920
7156
9593
2044
5303
8391
9726
7003
4742
6726
1919
5081
5399
5961
86
3340
183
2122
7209
2339
5358
2070
1858
4133
1334
2513
5519
3612
3879
3331
6154
6765
7554
9223
9342
85
6736
3251
9845
7603
9498
2215
1044
2246
3273
7607
2275
729
4834
5385
7749
3383
1206
5859
2738
6307
6858
4572
9634
1559
8831
4476
8699
2401
2110
1500
1133
9208
1486
5229
1612
336
3220
4291
3141
8979
1615
2389
2610
8173
2050
2327
1474
2992
2136
3819
6328
1246
3622
4860
6607
12
4831
7315
37
8575
2187
3797
2937
8493
7781
7699
9860
3905
9375
7835
8213
8872
8605
517
764
6519
3984
6012
9053
5827
8058
9176
6935
1907
7763
3439
1983
6292
41
4652
9827
3523
8323
1604
7900
2828
1556
953
1061
9650
9816
5482
2836
1875
2881
8489
9430
3021
7273
3511
5686
8969
8955
5980
724
6137
9058
9507
8579
6686
1551
9886
6742
9677
8374
4495
5085
1726
8422
7697
8512
7339
9146
9445
3237
2378
8759
4610
2475
7349
8293
8825
4442
6176
4300
2474
3508
8139
9455
4547
2238
1169
3634
1275
5481
5096
7354
7139
8933
1817
3453
4951
251
8490
6770
2978
418
9694
8992
5572
8445
7758
873
1766
2934
5739
7590
365
479
6339
6472
4891
6337
9976
5470
2219
1961
9781
8662
395
682
1188
2237
5392
5969
7155
186
5032
5153
997
6500
3278
3627
2953
9213
4004
3417
9611
1135
4220
2925
1568
1171
4301
683
792
6767
3219
2727
8396
9045
2376
4244
3893
4502
1989
3398
9014
5963
341
676
2911
1599
7569
7849
7672
4619
627
437
8929
8551
817
5729
9469
1984
289
7866
3302
632
9612
4918
140
6468
5036
4814
1981
8859
6677
950
9270
3764
7896
8136
9519
9962
3405
2702
3095
218
9670
1912
2593
7414
8168
623
9473
756
9156
5882
9863
6951
5297
4242
2101
1371
8925
3692
1148
842
7508
5715
9749
8165
425
9502
1017
2582
1129
2186
2020
872
5333
5668
8428
5639
4855
9812
4119
7553
9187
4932
3652
8107
396
8062
5146
8716
6741
2003
3339
22
237
2162
5251
7604
5800
431
2531
663
8250
7832
5716
8965
2844
3055
5428
768
7929
5850
6980
4850
5018
6703
3762
3160
32
8146
7686
5511
1798
6599
6402
2928
8123
7422
4137
8178
5758
7150
1654
1518
6136
8112
5972
6303
9954
9161
6007
2042
5068
5780
4735
5717
7456
5797
2183
3420
1030
4392
272
4197
2157
2944
8349
459
9614
2939
7800
9294
5762
5248
3554
367
3318
8279
7005
6663
5137
7537
3187
1190
5834
6401
3397
8857
5284
3081
5910
9698
7937
639
2145
8442
7719
69
8681
6249
7769
4830
6158
5683
9669
1301
2758
3987
2323
5088
6823
5350
8041
1830
7353
2616
16
4298
6936
492
8749
7926
776
454
8908
8516
8491
1732
5058
6892
1705
6732
6819
5421
7987
6848
2054
4675
7880
5661
7551
4296
3153
5765
8841
8869
5652
2228
4373
1495
9851
1476
3414
3796
1664
5401
1443
1168
2871
361
5552
2955
7909
7653
4346
4233
7438
8616
8627
8476
6859
2023
6163
3179
3947
6850
5296
4634
1318
9794
3506
5528
8851
7019
3216
6152
6412
3310
3691
6088
926
3149
3571
1316
5145
3802
5313
8938
9702
81
4578
8829
581
1673
8207
2404
3074
1812
2883
5877
276
5249
9241
4829
6332
359
5896
325
4437
4284
5477
765
8964
3269
3857
6785
1839
2133
1982
8840
1928
6141
6101
9935
2221
3655
6326
8315
5263
2236
5110
7485
6715
3667
4508
2783
2675
2340
4617
9934
7241
5276
9346
9086
2099
6151
9358
3507
4780
8045
9659
7144
5107
9453
5304
5395
6124
5353
2532
8844
6260
992
8070
6581
5688
7447
1788
2866
6460
438
7787
2952
3140
7845
1234
6642
7481
4050
4215
8731
9836
157
6759
330
1298
6730
3575
2619
931
8609
8431
2695
4956
1333
5458
9276
8011
8533
3593
390
9323
7872
1451
7506
4085
6591
4760
8013
2356
1753
2714
6734
1762
2276
6620
9580
825
9115
7219
4299
4933
1265
2120
6076
7659
3500
4561
8348
9437
545
6424
3930
704
2516
8116
6606
2123
5590
2961
4280
6994
8050
4719
3991
5237
844
2161
7293
7570
7960
6086
57
9746
9992
2047
4630
1505
9970
3537
9562
628
212
5507
9153
7094
5812
5272
3230
8142
6894
1295
3955
8377
4644
6698
6255
6036
916
2510
6798
3653
1344
5650
6876
3275
7863
7842
1260
5751
6367
164
4840
8362
3824
9701
717
8055
3904
855
4709
9551
4152
9942
9878
2184
3609
4800
4421
1595
9292
6523
7204
5505
2307
7690
9205
246
4499
5594
9893
9937
4384
3311
4334
4173
3486
4095
4662
8448
9745
3385
4633
1481
4109
7463
556
2509
9595
3061
8369
6917
2471
13
5262
3972
2898
4136
6995
3801
4962
411
8821
8502
1359
4510
4099
3194
3369
6395
8338
380
7710
8918
5907
4427
5169
1308
1239
7031
4115
5362
190
8892
838
172
9693
4160
1899
2325
5490
1898
5893
1214
1487
9013
1102
5708
809
3210
6592
8750
159
1297
8230
4858
857
4695
8397
6868
5485
8993
4461
9579
9486
8365
6898
3484
5920
7385
3495
5257
4466
265
6928
908
5989
7998
2674
6863
5298
737
874
7742
1742
4239
7711
8470
9592
4874
3264
8675
8103
7247
5456
2269
4457
1210
9916
5994
5273
9481
4081
7234
7396
6062
5452
7250
6999
4664
4052
9591
4492
8031
4022
969
6444
9406
1677
2382
8180
2570
2094
6000
4321
5992
3242
5951
5573
8809
4441
8196
1312
469
7861
1160
2726
6156
9599
8926
1714
6508
690
447
937
1707
6933
9490
5942
4761
1950
1528
9744
9671
3789
839
7473
214
3245
6820
6619
8406
3501
9806
670
7186
2405
138
946
8798
3563
2887
6968
5327
4335
4288
8158
3459
2005
1736
605
6247
6636
2103
1212
8724
4265
761
419
1256
8016
455
527
4892
1455
2300
5693
4203
6615
543
5785
5592
6170
3460
372
2095
54
4172
5398
6627
4176
6658
577
5721
3171
149
2362
9655
6458
8290
3752
7295
2926
2454
5999
1729
461
6032
8319
5496
6193
3913
816
3566
5724
2225
5468
2242
7246
4799
9598
4512
6280
2860
8043
3519
4304
2857
3489
8777
7530
326
9394
1447
7557
6052
6302
1825
1247
3317
5755
3726
2775
8673
7097
6775
4506
3678
6199
3103
2599
4907
4494
3808
3039
5322
5442
8291
8211
408
7264
8742
6275
9506
901
7435
9103
5640
312
3454
1229
5856
6638
6752
2498
5824
9140
4707
4175
2334
9627
7426
290
3113
1921
9996
9444
255
9446
9563
2201
4741
1100
5344
1081
9919
2301
3882
7386
9210
982
6787
1539
3540
4034
8653
4174
883
9467
4978
5820
9177
9216
5135
918
6645
8723
9686
2649
5328
436
2545
6982
8427
762
7572
7615
4703
3546
9113
4385
6333
1862
4716
8956
5790
4953
9085
6001
8302
3916
1985
5204
4008
3218
3800
9349
1607
1364
9663
6553
4153
8387
9841
3027
3716
7986
795
6346
1591
9366
9443
8166
1655
6054
8148
8091
279
9765
2427
9278
8024
3353
610
9268
3918
8337
1543
1911
8553
9754
7952
2273
5598
7566
6874
6128
3325
8766
5749
1712
823
645
8188
5842
864
1374
5659
8225
4033
6685
6791
5165
8313
774
6056
9815
2090
8484
1390
7567
1182
187
9568
210
6946
4992
6160
1688
2590
4535
7202
5585
7791
5295
7507
8065
3359
5064
6497
2118
2683
9214
6492
2672
9714
5017
5678
4779
3917
8771
434
9667
9447
8648
5813
30
9228
2795
2191
17
4842
3595
7634
4930
6895
6965
1646
2717
4552
1806
3790
794
4650
2829
4167
2658
738
7497
3543
3497
8496
521
9448
614
9274
3152
9628
7220
2316
3254
9909
740
1217
6584
4643
8434
4453
3473
5462
1143
6196
3031
7722
7629
4386
3005
7025
2371
4641
791
6731
8252
6587
7988
3706
4731
161
9899
4269
7197
2896
2318
6743
4448
2679
4915
8754
9736
4711
1790
1657
3376
3971
1427
4712
6253
732
5884
1784
650
9616
9325
5172
9396
2575
7224
542
4726
1811
40
7527
1618
8044
573
4964
2785
7739
9281
3694
4736
3834
5838
2983
6632
3300
7252
1708
8170
4513
8060
4693
4266
2914
1259
5142
2614
4451
951
8459
5623
4079
4140
9732
9629
9674
2841
2552
9077
9273
1572
2109
7233
9733
8217
4210
2595
8161
7854
7995
5121
2884
1096
3909
6398
5069
460
7212
9134
5587
5453
6313
1021
8735
7193
5501
2007
5665
7583
8701
5902
6069
4922
7445
2620
46
2305
6231
539
5487
6691
7524
1998
998
6272
4701
3272
726
846
3101
7862
5136
3730
4887
9260
215
8081
7818
1289
6915
4438
2143
3515
516
6864
9372
4567
1437
7265
6608
3180
2511
1375
8047
6471
8704
3085
6403
7163
3744
3377
827
3494
7395
3769
2931
3510
233
1024
2420
8023
9903
1426
3463
5726
7829
7605
5995
9252
7766
8072
6361
1345
2626
8390
949
5380
8488
7164
5664
6708
273
3562
7181
1799
139
7663
7971
6959
796
5712
9960
6788
1315
3207
1039
421
2574
6122
4950
3842
4928
9248
6735
4310
8240
3902
2022
2266
9307
4934
6651
6115
9066
5338
1415
4192
1512
8782
5597
1840
2602
8208
8590
339
716
2149
1156
4290
9179
499
8972
3209
2467
3395
7314
8466
1643
6340
2410
9348
6721
5037
7993
7161
1414
7516
7579
4724
6406
2586
62
8262
4038
5855
1054
3227
3535
5952
6098
1200
1835
1484
3858
4876
5181
9575
4828
9243
2988
256
489
7073
2581
8555
8061
8698
5235
7304
7305
4550
4279
5516
5100
9652
7036
2139
9438
1503
8140
236
9290
4589
5638
1089
4648
3743
8268
8190
9012
9275
1428
5084
1837
635
1147
