5710
5699
7063
5629
2299
4732
1751
8477
4788
2572
5453
3907
5301
3763
4243
1854
6074
6648
7681
5619
1010
9847
836
7137
7253
1563
4403
9188
5049
7552
238
3958
8900
1828
7971
9900
6810
6827
9016
6995
1546
3475
5327
9954
791
4377
6230
5517
5505
6874
1368
7384
1374
7902
6276
3235
3042
1108
4356
1399
6233
8451
8471
606
4476
9733
5118
9766
7911
1500
5283
695
4809
8290
74
5079
8312
9606
450
1036
1244
9892
6829
9650
2131
8727
1389
4234
1851
1885
7709
2378
5893
4545
2884
2717
2500
8730
1525
1972
5957
5015
9338
1069
5825
474
7472
1300
996
7694
8162
8349
2283
3424
4514
6315
1162
2302
679
6952
9754
102
1847
5764
5820
4598
1955
5261
8097
8788
7792
2761
4053
7605
3795
1343
6642
5183
3413
7241
8830
4589
1887
3143
7335
8016
8075
3679
8163
5925
68
3910
8167
9717
7819
279
1976
8413
6714
4129
9700
7641
5173
7966
6971
3723
9694
386
2966
2878
4991
5583
8612
8072
3231
2070
4518
6027
1896
7028
1005
321
1856
5929
6998
542
8380
518
6831
2894
1000
5062
8531
2795
859
4899
8855
6372
8294
141
484
9845
1822
2506
2881
1206
7059
4152
1062
1769
427
803
377
798
8137
8655
3308
9541
600
5952
9520
4288
7644
1027
2981
6341
8942
8250
4205
7379
2195
376
4254
1603
1712
486
5298
6760
541
2742
1733
4749
3113
567
3128
4520
369
9969
8883
7413
559
738
1880
7746
7891
4963
3043
930
7169
7205
1939
2207
1766
9284
8452
9808
8756
9631
8511
5174
511
5221
9886
1508
7091
2859
4976
8734
4908
5000
5262
4649
7441
7163
8315
4398
1870
2849
254
467
7542
1834
4442
5984
2938
1242
7231
8042
4551
4642
3776
7973
6408
5681
5003
6782
5388
7393
8610
2517
4692
1401
6212
7052
4917
9341
8256
7267
3584
6261
1305
6224
964
1585
8775
9513
2793
4629
119
761
3523
6845
4565
2438
8479
8917
4519
1862
1818
8542
743
5372
6543
9752
968
7182
9701
4826
9116
6818
2542
3893
9382
4421
9377
3856
4107
4002
2350
977
7044
8965
3999
5093
3865
2749
8905
8960
615
9130
4575
3310
3397
9563
697
4319
4694
909
7919
2564
1938
9574
6396
6579
7436
9759
4387
1513
5967
2776
8913
5051
9697
6775
4
2813
2619
7865
3068
2455
6111
4121
844
189
8098
8774
6988
8291
203
7016
3019
3897
2974
7597
1890
5464
9901
6312
2810
9577
9242
107
9046
6633
4399
3859
4781
6438
1154
812
1624
2738
7271
5662
5712
402
9589
4887
3490
2100
7046
3438
8006
7521
7283
7134
7535
9203
954
6550
2626
408
7519
917
8304
8603
3297
5656
8990
1232
8328
3315
4660
8041
4236
9445
4160
4485
9333
8863
9908
4897
8524
855
3405
3974
1120
5291
4153
7057
3923
2200
1984
9744
873
3376
8366
3365
7766
7904
5638
3216
892
4212
1213
9789
4320
5338
4516
2406
8740
702
2828
1906
816
4839
7510
7496
5661
6098
6493
638
8532
2289
7135
2838
7412
3624
7168
8135
9347
905
9604
6518
4706
2359
6356
9100
7485
5140
713
3548
675
9747
5422
4716
9230
3609
5354
4012
2409
7523
1901
4704
9534
3496
4734
2022
6868
2775
4555
4080
5567
2650
5623
9223
8593
8768
9005
3285
8280
6657
3163
7146
6640
3169
9427
9678
2323
7178
8141
7454
4855
9616
5360
8409
4414
5989
178
7604
4928
9140
5885
8504
4216
5613
571
7633
5525
503
2278
9236
1068
6213
8343
5313
5909
5719
3558
543
5565
1272
8871
1081
5892
8278
8227
9704
1609
5963
5216
5873
1353
9136
540
8225
1889
5386
465
4799
5745
8309
7228
2915
2557
1855
643
4523
1159
8403
155
1181
5094
8637
3671
6524
3156
8758
2253
2247
4791
1721
4979
6016
5286
4079
1738
6069
7466
5798
7936
4433
6656
2062
9430
2888
6300
1491
7742
5005
6712
8045
2351
4260
3377
5635
1997
9888
7103
6487
7155
1620
9946
3854
8528
1082
9403
2015
1589
5994
9191
985
4370
1671
6478
4800
4646
7988
7809
4069
548
3930
1567
1098
1295
7160
3367
6352
5526
2030
9277
6731
2778
1988
9998
7279
7502
5787
1227
375
6704
8193
4577
4690
338
9155
8609
5102
4596
8852
5010
2997
191
6231
8025
1726
1728
3059
4841
2554
24
7755
9849
1026
8284
7012
3483
2817
6675
2713
8910
3353
8237
6104
6198
9853
2423
904
4656
4715
7951
4634
3253
6511
8869
7821
6886
9966
3089
4376
3230
7507
5310
827
2855
5373
5334
3946
1941
4601
2854
6804
7206
6806
7285
7158
2001
9011
1143
5193
6085
997
318
8667
5930
7161
4711
1607
786
2109
3228
7018
1175
9945
9227
6918
6292
8173
3848
1110
1683
1533
5411
1681
5186
326
7430
3010
4850
7038
9584
2809
9443
6966
3471
6636
1583
5436
1637
6921
395
3850
9999
3186
1106
9027
658
3752
3863
9371
7272
6582
8468
1077
5879
3529
9466
3652
9974
5351
4561
5964
6005
1560
1059
109
1598
6613
7662
8693
380
6632
4049
54
5680
5325
3613
1457
564
4859
1431
4250
211
2254
3304
9160
4304
5034
8302
8450
5465
1129
2899
2017
5098
4513
4837
6618
7741
7576
2550
5116
7551
839
7113
8008
8624
406
1127
7801
9990
7214
5581
2428
2801
5516
9757
7273
9773
6214
8587
243
4701
5238
9825
1092
7547
9106
4196
293
3198
8945
2591
3476
4411
2194
5908
1625
9128
7250
920
9741
7908
366
9784
6945
3967
1720
4977
7566
4633
5095
1902
8453
2724
6836
5123
8103
6535
4138
1252
7118
6858
4615
6132
8588
5479
8460
8820
9276
7014
9193
6108
1357
4753
8889
8100
9796
6885
8809
3519
9271
9555
3764
4273
3626
5722
5998
6470
457
1375
5053
8338
2851
1191
3896
2643
19
8257
1369
3079
5233
2251
39
3750
1287
2043
6809
7305
4133
8483
8628
236
809
2575
822
6959
1779
3968
6503
9471
6627
1308
7768
1860
2281
8795
6721
1790
8516
4541
9612
2261
8673
9414
3316
6834
5924
4718
2430
1648
6811
991
4374
4241
7287
3933
2976
9943
8253
6823
2457
4645
710
8108
9311
7106
2184
8043
4488
6770
4699
2113
25
7295
7190
709
5837
6954
6120
6065
6446
5648
6830
8211
2937
1527
3026
911
7622
1615
4884
5337
1796
7021
3295
719
6461
2244
7240
2220
161
8425
2806
8313
2265
2213
4489
5461
9940
3953
8484
7268
9117
9889
9465
9683
9542
115
7787
7037
9491
6358
6384
5938
2999
3219
6156
8980
2424
8859
9177
3262
7565
9264
7179
3730
961
6919
7907
7403
1816
8997
1806
800
9671
5469
7270
8407
8152
9449
3956
9970
9599
8862
7808
9727
699
848
5149
9771
8982
9820
5437
3628
9176
4298
8757
7339
2335
2065
602
7913
5668
556
7376
1749
8832
4265
5495
8522
3620
4663
5137
4717
423
7078
7102
9713
8430
2105
4958
4765
7107
2040
2664
9548
6424
434
1378
8323
7894
8143
355
4597
808
7771
6590
5076
9158
6003
5991
7443
5841
9309
3733
6175
4790
513
4934
4769
1995
6251
5716
9406
7223
1543
6506
696
1433
2620
7813
6154
9674
1046
8615
8377
5736
8998
4142
913
4120
2398
5232
7703
676
4506
5439
8529
5254
7341
7643
260
1936
9813
4548
6210
9750
927
5695
4882
2495
5670
526
9673
8379
5550
7325
1729
2146
3579
8995
108
2209
4410
8229
3233
4148
7209
502
4228
7153
890
797
4999
6803
9039
8853
4987
4869
3396
4006
3009
5685
2249
3375
4670
4381
9071
4728
5889
7420
9609
1657
16
4105
5659
6109
7255
2843
3305
2451
3453
6385
8311
6366
5594
2174
9827
8567
3970
6655
300
3392
6193
6162
6205
7249
9478
9455
5518
345
9001
9137
7660
9745
593
5037
8052
4959
2449
7540
7130
1141
111
3769
3925
3664
9953
8081
7035
7949
8660
7004
4943
2834
1649
5622
9434
7259
5442
2166
8583
5792
2099
9467
6876
3759
8301
6209
7334
5561
4689
7220
5019
9408
5272
1024
1762
8074
8467
7138
6442
6497
3472
8937
1480
4795
3181
5105
6307
9077
8576
5605
3829
766
9721
7455
4867
863
857
4013
4712
6413
7561
1785
4025
2618
7871
1467
1094
5972
8602
5822
2189
5679
8212
9210
3117
1558
5155
2829
2470
5114
349
8958
1863
7085
1439
7323
9084
9019
2155
1109
2615
2861
1118
3686
2177
3193
8286
5203
734
8082
6284
9816
8469
2130
8104
7156
8230
4931
2827
6501
5007
4549
8178
677
304
6963
9887
1132
3495
4237
3088
6687
3162
1450
1030
2774
2358
2069
6784
5936
5048
4891
6571
9251
8487
3469
1307
6727
2589
6747
7363
5800
8881
1757
2417
7286
2148
6925
9127
9831
7344
3605
2203
4969
5911
9480
9103
1376
6660
7756
9929
8635
8597
1090
4501
7061
7123
1604
7461
3672
3136
4203
3874
6462
8101
1183
8357
3575
6718
4155
1925
8145
1594
3761
5693
3858
9688
8548
6265
5023
6291
5632
5187
3955
5379
9623
4167
428
329
7400
7126
1606
4657
8003
2154
1553
6595
8833
9473
9600
5649
4967
2673
2454
8746
9118
895
1747
7843
9278
1218
9180
4269
7309
5472
8132
7142
2279
1271
1916
143
8435
5512
4210
312
2952
6890
8676
9356
3139
9099
5756
1185
8401
8906
2549
1152
3049
1630
6499
9454
2527
470
6354
2940
3573
9148
7829
7143
5818
87
1298
5169
8748
781
868
5749
9253
4569
8755
9376
2439
6737
8737
7627
7527
4266
9997
4835
4834
1045
1134
6912
350
21
8776
660
4746
458
5319
4091
3062
8837
169
8801
5107
5033
2721
7150
642
494
6244
8305
3499
4840
1445
1541
6502
8747
1742
0
7125
5586
2467
7796
5880
6394
7083
351
8605
7265
97
682
1917
4647
9435
9681
2877
4344
9315
2290
7300
9012
1608
8406
9508
7611
3682
5688
3122
4802
2697
2103
9324
7803
8961
5737
7729
9263
2193
6698
9195
1407
2450
3978
1727
6089
8914
3592
3969
310
5471
8828
608
2187
3738
7092
7678
970
2234
3012
2240
3742
6999
3345
4981
2139
742
8372
1768
7464
3989
4602
7203
9925
5887
9254
7648
2642
3619
785
311
4471
8954
8110
2547
6573
1677
6922
7238
2067
3811
8704
7025
2794
1975
1204
5402
7629
83
9723
8922
517
9417
6173
5849
1384
5511
2678
1670
5721
6996
4193
6557
817
303
245
1124
8955
5735
5056
4252
2219
460
8639
2696
4948
554
7187
7483
8209
3084
4668
101
5708
190
1668
2975
2345
7511
2624
759
4775
2871
6622
5017
2355
9495
3711
1291
6350
7316
1693
4337
4272
2676
7695
7034
2271
7781
2327
1214
516
5199
3221
7306
5070
3075
4311
5624
3957
9811
7567
1322
9415
3843
4077
9737
8459
2706
6185
8502
956
5863
3179
5343
888
620
1342
621
8004
7246
6449
1372
1519
7121
2010
902
4661
2730
5535
3240
9182
6206
3663
611
4110
2773
3317
6946
3314
261
5040
3047
1103
325
8749
9299
4226
5416
5357
4434
9661
7776
6406
7097
4949
5026
177
4768
7745
5777
7607
8694
2082
4407
3877
5572
3342
2410
6887
8962
1859
287
9635
9601
9463
2596
5125
6489
8948
7072
2772
7427
2640
9993
3791
5900
8873
2901
411
5021
1900
5063
7337
6949
8530
5684
5687
3217
9739
6480
1195
3175
4904
2569
6681
7055
5267
6525
5192
1294
4209
1949
371
1506
4537
1394
826
4277
9056
8541
2481
2297
5273
4930
419
1351
5697
389
2927
6600
7261
7564
6434
2416
8321
5263
4030
6439
404
5634
7062
8069
270
7330
4552
1038
8879
9676
5740
394
7646
4452
6745
1643
5446
8999
5592
6270
5739
7476
6397
595
5978
656
8770
6516
425
3277
6000
3417
764
6754
2996
2617
2058
7735
1868
7693
9129
5468
266
4975
4443
3580
9870
9594
7639
7026
3357
9153
1325
6202
7722
8187
504
188
5947
4054
2534
2009
7065
5031
9014
9428
1805
8784
7675
3371
1050
1881
3555
3540
8662
2127
1150
3145
9728
1596
508
9211
9716
214
6011
955
3488
3678
8760
9422
6645
3192
4292
636
1248
2230
6813
3766
7533
5036
8950
8888
7302
6644
90
6545
4379
4774
8599
5860
4889
1194
6345
7116
7642
9948
438
5768
6393
8687
430
3834
295
5165
3912
1116
1641
4308
6184
4189
8195
9795
2988
973
5417
9992
2393
750
5406
7370
8620
2175
6607
6753
6320
5212
2585
9675
5467
7931
226
3685
7177
2732
7812
1452
1312
4331
8056
412
907
3368
4464
3571
1674
9328
4772
4873
6144
5942
7842
6822
47
3597
644
6610
309
185
5532
9358
9703
3553
9658
4907
4291
5784
1193
6736
431
9095
5921
7626
4744
9625
8201
2468
269
5066
6125
9530
367
4658
8390
2943
2633
4974
2982
8897
1230
9115
8488
7848
9179
6706
9836
3431
8722
4325
9493
3229
9647
3835
1813
7717
7358
772
2426
5124
1186
8780
5381
253
9320
9893
3681
9078
3201
514
5536
2873
7942
7534
1566
8769
4784
3265
6759
7157
233
8920
6245
5507
5022
491
2657
9588
7674
4184
8971
9018
4466
5589
1837
8880
1020
2701
1876
2536
5806
7076
3504
1943
9547
7701
2687
9880
6047
6077
9655
4060
7349
2885
2686
5546
1613
384
5456
1427
672
2402
2723
4092
5236
2846
1716
8829
8619
7743
9715
6476
4758
7596
2746
8581
5513
7109
7637
1919
6555
4892
4125
240
4607
4358
435
6676
7560
8300
856
3154
9730
3823
173
4686
7866
3188
7664
9708
1667
9502
2013
9048
2231
6589
5423
6883
5078
7968
3358
9326
4190
4045
8787
4088
6145
4616
5785
7732
4643
7872
1379
9665
2840
4118
4065
8395
9742
3051
4572
3168
1767
744
3372
372
7432
4232
4106
4465
2947
5563
9302
1940
8259
6146
8692
1400
4318
6693
2041
6351
1504
8370
176
2725
1977
5333
6492
9450
1631
6087
4832
6788
8359
9081
4430
1569
6122
1873
2293
3964
2785
9641
2726
5305
6325
8279
7531
7081
4681
6927
7
9593
1515
7649
5190
2637
2507
1041
263
6387
5431
5181
2791
9942
7119
3959
3115
5560
650
2727
3512
2275
443
3926
3728
7074
3383
1507
9265
4401
6709
4355
4258
6986
7840
4997
6225
4599
2729
399
7671
5981
7222
9384
5899
9527
4819
4666
1266
1518
7003
1571
2663
7422
945
5274
2047
8616
9823
165
2267
5331
6598
7340
4353
8698
8263
8027
9097
1675
9053
6504
5857
210
2325
7462
239
4773
9105
8963
9431
2421
4354
8550
29
7760
2157
3903
2056
9957
8475
7348
3184
8376
1471
9768
9350
4571
335
1284
555
7834
202
8563
4287
1760
7315
7148
2853
1824
2420
2679
4849
1017
3595
9392
3932
1561
4440
6190
693
4972
3541
205
3153
6186
6674
2744
4710
8437
8073
2386
9479
9488
2442
2977
8383
5404
4086
7042
2998
8723
8835
8432
6336
509
1058
1261
7449
2919
4047
852
9928
7435
2376
2366
6889
9485
2242
2288
276
1348
3702
8327
2375
3771
6404
3361
1492
3762
1324
5558
768
3137
630
7555
1532
7591
2269
6295
1952
7996
6417
4984
8032
7910
3418
2225
8744
1288
1614
6638
8669
9780
7448
6950
9173
2567
2658
5917
2634
9539
3232
8654
6337
7881
7202
519
1275
5318
5579
5907
1207
4409
2489
4906
5976
7397
7439
2342
5805
3765
3551
3343
8332
476
2349
9735
6498
194
4735
1447
1520
6290
4776
3260
1031
4363
5934
1676
2287
4813
6040
3205
584
3936
9235
8142
8904
478
9567
7301
4829
8797
4810
8987
6457
7297
1158
4798
6167
2561
6717
4016
2980
1498
8026
6448
6318
1048
7977
974
1844
3301
4097
8691
3980
1946
9297
8926
6710
8364
8680
9366
8410
6668
7934
2896
7428
7708
6328
1220
2483
4782
9607
256
1502
6984
5059
281
6207
9575
9167
711
3841
5489
3448
527
5809
2765
7211
2543
7882
1006
3660
1385
125
1872
3081
2270
4628
8308
5990
4147
4747
2667
5108
9649
3802
3851
716
7500
5041
9416
3987
6316
2286
9222
975
4035
166
8718
5450
6661
9208
6001
3675
9802
6036
4703
1327
2630
500
4858
9152
7467
3522
3394
6847
9782
9720
5898
5231
8020
2182
779
7788
5028
2452
2357
7528
5548
6743
6239
5487
9696
4885
3867
8351
661
7548
4913
1591
6147
865
3756
8235
5356
8847
7493
3249
2836
4726
5519
2910
453
9401
5399
4263
3717
2644
2039
78
9639
6228
5482
6349
6064
6652
3931
2518
9500
1912
7585
7995
183
1205
2081
4770
9026
1025
3420
2354
3684
8636
2823
1074
2950
922
4111
6891
2887
3222
2460
1807
5361
9334
1299
8254
8714
1412
6972
694
6619
5328
4050
6431
3406
6257
2968
4082
9871
3593
5794
5229
2890
2263
2206
5363
382
2649
3352
2532
2343
9287
5451
2050
7864
8499
5903
3741
8498
6143
2239
2641
4905
8083
175
4322
9947
5159
8258
3537
3744
5850
5494
6302
8732
3033
2371
8854
9201
3622
7899
8223
9492
581
7407
4557
818
8183
3061
3489
7769
1477
7932
8808
7218
2128
6204
3440
7691
5157
9765
8790
9857
9426
1990
4793
9468
1510
6415
4339
9172
7707
5962
3794
6169
1576
7985
4128
7095
4933
1304
3278
6080
1536
1358
455
1632
4392
4130
8645
9528
2368
398
8912
3470
5657
6435
4159
9927
3441
9055
8222
9779
3479
9252
959
8653
4141
1482
8697
2414
116
144
3567
7108
1853
6916
3053
5425
3458
6849
1960
9218
2322
3416
9196
7852
1405
5407
8996
6390
4910
3535
149
1392
2771
6895
5918
1451
5458
320
437
9991
4573
6859
566
6090
4560
370
2444
7458
3031
2955
6168
3563
9536
3000
2728
760
8736
3515
7247
94
2084
7049
8765
7831
8295
4222
5413
9022
6321
1217
2790
5861
8994
6630
7837
8116
7070
6037
8334
3594
8595
126
4124
8685
5838
2316
3973
7367
5932
8113
7710
6159
6124
5172
9353
4225
7702
4971
9897
7980
8627
2814
1958
4405
5923
4743
3793
2733
1172
9882
1423
1909
5620
7562
5515
9094
9412
2574
7651
8791
2282
5570
8742
6429
8519
9790
7410
3666
7924
8497
2364
4909
231
4310
2397
8964
3629
5024
2367
2029
5941
3346
6531
6730
1639
7164
9585
1011
9388
7718
9483
1421
1336
2925
8168
1523
2093
5347
7797
4285
9087
4455
1734
7167
7577
5152
7517
6992
5895
7411
2820
3415
5182
9572
4482
5082
2573
9749
8523
6508
5353
2076
8510
619
3976
2474
3073
535
8427
4662
353
4688
2486
1875
8324
2510
5213
6267
8224
3086
5133
5618
8215
634
8806
1274
9090
9494
2689
1289
7677
3585
6699
38
3152
1771
1223
5723
4853
7884
6451
7916
666
8159
1247
1267
1122
3071
1004
3954
3581
6991
273
6926
7839
352
1182
4865
5445
6113
9573
1121
8543
9370
8205
9146
1695
4626
6039
7068
8346
2246
1871
7005
8456
152
6411
871
6196
7060
550
5292
9937
1446
506
6155
159
9798
1146
6565
4736
6217
5414
5796
3200
7374
4075
5621
4000
8800
157
4994
1921
916
1897
1016
1416
8388
2369
207
5170
7329
2995
3275
4654
841
3111
568
6513
1383
3565
1590
560
4921
2858
6332
8508
2832
520
283
6472
6528
8466
7198
732
5424
1850
5132
9810
8182
767
4610
148
4131
6056
2666
2606
8617
6958
8431
9592
3056
3977
3180
3518
8350
3943
9557
8646
7716
9669
2361
7395
4495
4683
8565
468
9854
2847
3214
947
5939
6793
3384
5279
1750
6882
5797
7981
3792
3583
7603
2522
2477
3455
3414
4009
5643
8642
9659
3281
4807
6004
5580
1359
4294
9958
8109
5396
3539
11
5158
896
2437
6781
1414
2312
3194
1640
3257
9878
4157
5129
2581
749
6930
1691
925
8822
4554
1251
7144
5166
1895
6860
3443
5588
9122
6551
2212
6199
139
1180
4072
8465
6046
8099
7368
5054
9684
819
7750
9961
1501
9731
2475
98
4479
9516
6256
8180
5099
4098
7425
6962
2804
649
5389
6182
1575
9989
6136
4321
8318
2111
9220
1905
8492
8185
4200
8712
3176
9044
6612
5874
3008
9740
673
758
7186
3754
3464
396
6987
2857
410
8643
8735
2505
5239
5640
9664
5164
7532
8626
9043
426
4528
6662
8750
4562
8470
3456
1776
3254
1367
4937
3944
4808
5259
5483
6877
3121
1339
4627
5210
3328
1003
3287
6044
8320
5773
5307
1188
6275
8031
2835
7798
3918
3355
4249
5452
4914
1584
9852
3080
2797
9551
7409
3341
4245
498
7486
3514
4677
8013
6135
4796
8297
5960
2014
8703
2994
7000
6976
6201
9844
4081
5008
5184
9339
2932
3408
1894
4094
9189
9503
5754
8604
7039
7656
9224
3774
7371
497
4085
6343
8938
9702
9909
9934
9199
9021
2083
9304
4639
7849
2621
9832
2066
1472
6432
2407
2306
2185
7963
6381
507
6634
880
5973
3039
8887
7635
4848
2116
2622
8741
5085
9397
1176
7352
5916
5789
2539
4494
7471
6082
5878
9082
6102
1645
3362
3052
704
1788
3334
8575
1060
4756
3677
4316
5369
6711
7730
3272
7488
424
2480
8014
7234
5759
1174
7943
347
1764
1173
4901
3524
6409
4916
4028
5245
7590
8884
9383
8812
1009
2389
5427
3066
7610
7045
3948
7033
1436
2484
117
1364
5349
725
2893
5804
8133
7957
7086
7446
8369
966
1245
3286
1573
4953
36
5671
164
4705
733
8876
5376
2798
5257
7251
9425
23
2387
9975
2905
5293
8661
1043
8841
8943
8933
5342
4259
8156
6107
7789
7827
9876
1892
3608
7276
2296
8561
8444
1617
6273
5678
603
4875
4595
6844
6178
6708
6303
5937
9778
2115
6221
9257
1879
1125
2734
6165
8345
7445
6544
3134
5709
1253
8495
7569
9628
1793
8012
3223
4535
2196
9038
5412
5729
403
7031
5358
192
8557
9489
9643
6938
33
8659
4290
2051
5391
7508
4632
3676
7394
2822
499
2537
5209
1119
4194
9052
3796
4330
373
7361
4429
6042
5527
9308
2205
8339
1969
9232
847
2499
824
1337
9123
49
7398
1899
3902
2872
7777
8547
5306
7378
2353
8839
4640
307
1588
8365
2780
2401
686
3381
8398
4586
8389
775
4463
4993
3607
9855
2757
195
9283
3611
8507
9035
6220
1211
8967
1836
7136
8785
9746
9835
2668
8679
7815
7549
8478
26
8872
7002
2461
718
1086
2320
7362
6054
3348
9822
3199
1745
9540
3718
1078
9654
4973
2236
6444
6419
461
4988
2096
6826
2180
3695
6587
2587
3027
9923
9618
3273
3783
705
76
9772
3577
3511
1815
5858
9663
3706
6964
4139
8076
8580
5795
193
1113
5346
5992
3655
4480
1051
4498
8981
5757
3782
1105
5001
1592
2031
75
4014
7023
3158
5904
8823
3557
2867
1441
6331
5029
5106
8671
3382
4593
8036
3207
1723
8956
5256
6588
4946
3266
5242
2683
6114
4274
3132
8086
1203
1167
4346
9323
2786
9652
1388
9458
2259
4827
3108
7887
7166
3028
4038
887
8106
339
9295
3737
1153
7851
3307
3259
2613
6340
8949
1650
8198
4600
4613
3434
537
2496
8414
1302
4475
3360
6183
5322
2821
2973
7598
2882
3549
6989
4289
8891
6641
5135
2228
7805
2472
573
4831
4515
9595
5355
7515
8244
7811
7984
4960
4990
2936
5336
1073
2743
3707
1577
5766
3432
6259
3210
3133
9615
3582
4348
2735
3538
7027
4621
3951
1356
6900
7067
267
6187
6282
4727
5077
3940
9349
1582
8374
1100
7820
3320
6985
4805
3849
898
6517
7624
5449
418
2597
1627
7614
2390
4375
5309
4550
7847
4256
1443
7814
1209
7165
6846
7022
2485
4771
6839
463
2248
5781
2035
3560
8375
5405
1521
6961
5177
5506
3753
1238
7294
133
1551
3487
8641
4900
6869
1819
4231
1724
9736
6669
8929
2425
1545
2372
777
1682
9550
2163
7112
6833
501
587
665
8818
79
6051
9243
9368
8146
472
4579
73
5564
4204
6157
1259
4605
7481
6591
8611
5120
525
492
7089
4472
3100
4530
2068
4438
3267
884
1093
6058
1845
6939
7318
6790
4052
4625
6909
56
7474
5824
4539
7321
308
4244
4522
1968
755
9221
2329
10
3058
9079
7976
2533
5486
43
8093
7855
9710
9781
6792
8385
6031
3119
1999
4721
6106
7543
1782
982
6679
4201
2459
2394
8772
2168
4544
4590
8463
2063
8216
591
9598
7608
5997
1524
5692
9017
3570
162
8638
4843
9777
4362
9041
590
1329
1084
9209
8091
862
7399
1341
5068
9474
3288
1243
3721
9801
3971
8894
2204
8902
8578
3683
6850
7772
8566
746
6395
7404
2311
6211
2710
3015
6389
8898
8985
5951
3076
9926
6774
6871
170
4567
2582
7008
1849
8850
2875
2052
8130
3808
9192
454
2985
5633
523
3082
420
6272
1924
9281
3282
7282
1021
3952
5330
7602
3123
225
4033
6924
5222
8838
3185
9706
7056
9329
9312
8344
8063
8817
9569
7200
7739
2782
7712
1464
2566
9985
9086
2080
1140
4211
3482
1403
3002
5127
5247
8716
2237
8684
7281
7554
1454
4171
8865
91
4156
7207
7459
9073
1437
8870
1080
1704
2252
8433
1107
3589
8493
780
9651
1279
4893
9964
635
558
6022
8314
274
2167
4275
1297
2652
18
4936
6346
9814
1061
246
6814
1326
5202
1812
4786
3103
1985
3127
106
1801
8711
6720
4617
2819
8057
3520
763
8117
3979
624
3430
9793
3832
5738
3225
3747
1971
8177
8127
9459
9840
2126
8322
3799
6552
1468
9657
4719
6523
3630
9895
3298
6805
1755
3208
1408
1959
2935
95
4961
563
2559
8021
5912
489
5645
2731
3161
4578
3647
9648
4192
6671
1509
3191
4040
5607
5352
8569
7308
7874
1396
1638
6639
1085
3400
9570
2162
7473
2492
4504
617
9049
5311
6575
6494
7416
5443
1953
1979
8239
365
9938
4364
8422
7638
6739
1473
5569
2383
3726
3024
2914
5344
8686
7719
8102
1746
2520
4652
576
8849
4860
8668
5727
7757
4326
1254
3790
7917
4437
3006
1470
5539
9151
9807
9775
138
5615
481
9069
8139
112
2671
4108
5359
1684
8590
2331
8005
6816
1966
7079
8277
3319
5088
5995
5395
5724
451
2310
886
8656
4777
5392
2922
2034
2012
9305
6017
442
1846
6024
5783
4490
4282
5520
249
4817
8447
9400
854
4132
5285
1623
2695
7304
5302
3248
627
6161
3544
471
3501
9178
3369
9390
1402
9956
6304
7885
7248
2149
7606
6055
6067
3820
9088
5161
8236
9031
391
6665
9244
2756
5675
4947
2964
6020
3037
6407
2006
7239
9045
44
4221
2529
5982
8629
4385
361
4347
6631
154
1432
6468
4112
5428
8439
861
2802
9436
1411
8307
7818
3324
7654
2524
807
9605
5979
8429
7536
3699
1929
7734
8677
4592
9805
512
4352
5913
3404
9866
3494
3992
3040
5665
7779
8214
9729
2171
9509
5776
3720
4956
58
799
5100
4631
4512
9233
7868
3177
8911
9285
6620
5324
8303
9398
2362
9931
9229
4122
5555
1415
5786
7557
5315
1703
5421
5945
4787
2607
753
910
5366
3636
9174
6425
932
3370
2690
3468
4007
3905
3021
6750
8496
2027
5660
5955
3693
7770
7024
9008
5901
3645
1814
5340
8939
6533
3182
7359
610
919
4919
8860
6616
7900
3868
114
198
8347
6540
8035
2370
2788
5811
8813
616
5601
5715
401
8028
8520
578
1572
963
2186
7953
4336
3526
1798
96
2183
1458
6740
5148
8147
6371
1087
4587
652
9626
5816
5284
3218
1619
6626
7332
1878
7711
1874
6066
3224
1083
3327
415
3919
8826
6903
4351
5877
5703
8424
5134
4741
6728
5463
3991
965
2018
1023
5762
6864
8188
4335
6515
2654
344
3587
3170
3735
6940
986
1601
8930
2989
7460
1891
9987
6368
657
6519
3411
1270
337
156
1634
6093
8845
1994
1660
1428
7514
3962
1381
4922
941
2090
4253
1869
6400
3534
8381
2256
4004
3922
6901
4389
8084
4312
8220
2850
4427
796
6980
6569
8903
3885
7838
2021
3147
358
3095
1717
9013
2324
6778
2648
3055
6052
8724
5171
4388
5168
6894
4833
6904
5314
8476
5092
9059
3821
2221
3715
228
3990
3916
3149
7346
9385
4944
683
2233
4151
3215
1597
6541
15
7390
2277
8658
3313
8129
6785
4366
1706
9125
7824
3994
7575
5071
5571
3668
4895
2685
9446
4134
6677
6771
3914
1166
2740
8556
2957
1123
3904
6223
174
8335
1079
9712
9726
8485
8421
7631
5243
6426
8426
4653
6344
7810
958
5848
9004
6685
5856
9162
3446
5401
85
3814
7950
9898
5390
5767
5956
7944
6274
7216
5514
4534
7497
7452
3364
5475
407
1581
262
776
668
2612
3017
8330
7990
4233
9850
8640
4624
7761
8039
6403
7215
3449
4143
6724
2523
6898
9215
8148
7994
5839
8136
9824
4459
6410
8354
6902
354
2141
7862
7652
9419
2229
4553
2280
6888
4172
5650
2255
1690
3566
3857
4454
7141
7288
9610
6222
4783
993
5870
2560
2538
1903
9256
1311
2511
5859
9965
6071
4818
623
2490
6848
770
8473
754
6283
4957
5854
70
8356
8266
7314
1765
8678
4268
1763
5705
9774
3745
5303
9722
2003
8336
8114
9699
7188
7630
1273
6241
2061
8298
7401
4309
5529
2487
9437
9075
357
5812
6313
7015
4383
2250
3562
2978
3109
5378
6481
5289
1493
3805
8333
2498
8600
4301
9537
1028
8666
7876
9067
4161
820
6512
8481
4267
7621
2608
7093
2665
9525
2808
1189
3701
7185
9638
5004
1574
1756
5300
6673
6799
1714
1340
8993
5481
6441
605
6974
7009
1820
6983
6978
3098
8803
9903
1652
134
5986
3409
915
4896
7104
9819
5047
8851
5403
7518
8890
9051
3780
7947
7903
1333
4146
4187
6855
4217
6521
2991
6608
6324
2294
3183
7863
5195
3722
5866
8397
7859
1112
9686
5492
4404
8762
6907
2305
1199
3340
6153
834
4034
524
6475
748
7418
9058
7632
8361
9591
5691
2446
9389
7618
7921
9006
2326
7303
8977
9821
1072
2471
6536
9797
8681
3292
6342
8267
9429
6672
8623
7094
7053
224
6789
9441
9110
7356
3241
912
741
9029
3708
8434
3391
8526
264
3478
9690
7667
6247
1334
5944
8613
7574
8585
6306
2011
9124
2611
5966
3627
131
9930
3709
5178
1505
9291
5069
7744
9259
221
3638
3727
1485
8713
9881
1565
4780
9753
6459
1586
4532
7289
1512
331
9497
8907
5604
4162
4100
6181
7846
6430
7728
6580
4874
9373
9865
6012
3789
6915
9361
8773
8071
5927
5871
9522
416
1338
934
1317
4675
4257
7697
9519
795
6179
6365
2241
1014
8037
7873
4680
8973
1269
9578
3866
8875
8064
2562
3196
8804
5658
7785
336
9000
9098
2464
3005
5970
9337
1852
8720
2273
118
7489
908
8111
5435
8553
9521
3427
574
3045
6226
8094
71
1552
6948
8445
9883
6776
4137
9469
1731
8011
5426
8885
9357
6369
3243
9072
4300
4043
4317
4468
2948
757
7505
5599
7653
7040
8353
8202
4197
2913
876
1669
9786
6482
2211
787
405
1659
6800
7317
3104
9634
8048
6063
5126
1792
4071
3831
8789
2138
482
4384
9862
2907
7658
9760
2984
5097
2831
8443
6043
1956
4032
5644
2900
5111
7775
1961
1587
5655
995
5631
6769
6061
9907
3279
4763
2411
7524
3606
7625
7582
5498
4104
3588
1662
4441
7224
9217
639
290
7263
575
552
9829
2395
3819
7713
7778
3900
2107
7105
1015
5595
1255
1054
6594
7225
551
7327
1654
381
3090
259
4650
891
3252
7438
5606
8699
88
647
628
4180
7686
4083
9978
7495
4439
9950
4220
5547
4314
8831
5081
7925
4062
2466
3639
2951
1599
364
1360
3785
2783
9028
1713
6878
9164
432
6738
8683
8966
510
2218
2748
5974
2661
7661
3700
4872
3393
9134
6377
417
7817
5408
2330
5348
1616
3703
7685
7482
7140
3777
801
313
4918
4888
5582
2479
6821
7650
3410
1715
4036
7613
7159
5455
2405
7998
3072
8089
1236
6941
92
7322
2199
6897
9856
1787
897
9951
1658
1689
9168
1754
4417
2071
596
6314
7584
8921
9920
1770
6174
6200
3546
1628
703
4733
1235
4059
6931
4357
7593
875
346
447
8080
4678
6863
8899
1240
8923
2046
9138
7196
9040
1795
980
3083
4830
2513
8394
2101
5950
2057
7541
4116
949
1578
5230
689
2911
4101
6326
1386
9407
4394
8979
5975
6062
2176
1147
5400
2266
1661
6875
8759
6299
3698
2880
7556
580
3429
9286
6038
9523
7100
8739
9202
8299
6700
1435
9971
6538
4996
9846
2545
4998
5819
2755
8358
7673
392
3960
7886
8560
2670
13
3276
6615
8796
4679
4792
3881
5617
6045
6386
2929
223
4483
2592
7920
7149
9941
1453
1965
4877
3755
1301
1070
9050
3491
1970
737
7487
1349
6684
2576
5457
7937
7727
9627
5294
4924
8348
5626
55
2669
7032
8811
9325
6227
5214
7181
1130
806
2993
258
4391
439
7526
9637
5946
726
1438
7587
1748
3596
7260
943
1678
2158
145
378
42
1422
4517
6705
8866
5278
1139
6398
9922
6266
4135
5474
7171
3917
8175
5653
180
8947
5585
9738
272
4672
113
3293
957
5928
1063
480
6465
5556
6840
9973
8273
8272
2833
7478
6755
4637
7230
8650
5690
8128
1460
5460
1323
1761
5522
1095
6696
7311
4902
5061
724
3460
362
2373
2863
6287
4070
4037
7405
8208
4751
972
6583
265
9679
9560
1285
5598
4693
9200
3869
8440
9546
815
8919
5086
3891
20
4400
2441
1803
7499
3543
885
4503
7366
137
850
5454
5625
7075
3640
8384
8983
5686
1934
8715
1904
1664
2150
2580
297
1365
3289
8029
7573
9983
1033
842
5146
2036
5497
7284
4478
2530
9080
2639
6081
2332
7939
9794
6110
3064
8151
3325
8978
6483
2453
6568
8341
577
2601
6297
8166
2396
7243
167
8169
9025
5371
5139
4164
1002
3749
3855
589
6756
4700
5566
8122
4584
2526
2708
3485
4017
5258
8040
271
5524
2059
1672
7793
2038
4327
8537
3022
3853
5374
6138
6084
6258
2599
2516
7657
9885
413
4448
5772
3984
8892
6092
9890
3138
7645
2232
2473
4127
6973
3530
2463
8969
8241
3462
6649
9707
2868
445
4851
2992
9558
4845
4713
5700
3732
1332
4114
3536
8070
940
3118
9517
5096
9980
9800
7860
6008
5717
3461
8228
6899
6195
9279
6576
2577
3124
8342
3102
3474
529
8199
2736
9030
8941
1789
3349
9102
7724
6865
8726
3710
8843
2328
3781
314
8786
1290
8077
7132
9020
1998
4836
1839
2044
1821
4423
9837
1688
4862
3419
6942
3942
3402
8582
333
1483
8916
6458
374
923
8319
8745
6363
629
7835
9762
5961
8441
3283
2558
3213
6757
6802
5002
2722
7226
7580
3332
6376
4042
3586
4084
8002
9842
4477
1210
1370
1117
8418
8317
2535
220
7245
3321
9677
2632
5755
328
9261
100
2298
1535
5009
8819
7929
7682
2042
1355
9484
8255
8752
1644
7539
1226
3604
4424
8928
9515
7832
7447
5276
8419
2902
9859
6977
7537
1102
9653
5058
5577
1957
8293
9274
5533
2217
440
3380
2753
7277
2208
9355
5420
4126
5896
1362
9725
9833
5728
8518
7513
27
6194
2339
14
1914
8281
53
6893
7522
1225
8944
7324
6495
6006
7120
3450
2074
7498
3817
8802
6944
4144
7423
3251
4580
3025
4935
3773
5240
2292
130
6702
3106
6263
8296
9066
7579
626
2672
7568
1542
1076
4745
6604
3125
6453
8731
2862
2340
8672
2807
57
3641
5741
9363
6030
2759
3827
81
8719
1538
3736
1224
2752
1442
5150
6486
3734
6033
8574
5350
4235
8821
5317
400
6688
3697
82
3975
5890
2381
762
1350
9860
7088
1475
1838
5922
8652
4420
3144
3085
2133
5275
7935
3444
5590
5977
4493
1496
6796
8946
4806
8552
5534
8970
5234
9590
953
715
1831
9933
4293
8158
3270
8480
9858
4983
9905
5206
3135
9566
2610
5073
6234
6339
9266
5025
3105
1610
5750
522
3373
6112
1013
8018
1198
5682
3245
5016
2121
153
3983
9873
7856
900
2008
9439
6479
1842
2876
7290
1066
7795
4674
9064
8368
4170
1920
5237
2680
894
6139
2962
5032
5888
8150
9685
5282
4369
341
3403
5636
1514
1413
4041
962
7210
1318
3615
232
8825
5568
1424
5742
5610
2178
8051
8019
5119
9788
2004
1736
5225
9452
8544
4491
833
9142
229
9559
2930
8457
4878
7087
4223
8023
244
7802
9119
2092
6103
8149
2482
1474
2595
4525
2675
8400
6375
7256
4185
8050
2674
5215
9213
3336
4213
4536
5144
2418
6091
2245
5131
7001
6969
1922
7354
7791
7880
7212
3077
5136
291
2541
3898
4698
1832
9718
8276
4764
8536
690
4365
929
1908
7914
5886
7970
3326
8405
9682
6357
663
4240
3739
4145
2143
8924
8864
2427
1753
3770
2677
6029
8535
9501
9622
59
8568
3665
5666
8411
5654
2377
6317
7736
360
653
1309
9911
1410
3247
3871
7670
2638
2291
8171
8355
6539
4604
3246
6188
7979
5827
6815
2917
6163
1611
7616
9331
6777
9133
6621
7861
7918
521
7162
2347
828
569
3035
9461
4752
1494
8262
7257
6651
7388
7197
2007
5521
1148
9787
9092
3574
1530
4952
334
5823
8448
2600
6151
7688
3899
7434
1064
5143
8901
5943
8710
6896
4246
5101
8392
4676
778
2399
5616
8781
8940
6035
1393
8140
723
613
2918
388
8572
7922
2605
5752
8936
8783
2891
924
5664
2338
1440
2864
3351
618
9089
3797
585
1791
3014
6433
6269
8634
7509
9068
41
235
7720
9296
4446
7986
8060
6048
7328
4332
4811
6534
8174
2716
3291
8055
4481
5162
4941
8618
599
1893
421
3335
252
4031
3599
4870
4496
5673
6361
5996
7617
5549
52
5639
3982
3294
316
4248
6563
6469
8988
9582
9165
393
103
2856
7417
3146
8494
5828
7424
8858
6456
2223
5027
1456
62
6373
7227
1387
5538
6070
570
5115
5830
9424
452
4264
6658
1019
625
3359
3810
4564
9032
1314
3633
4158
7312
645
3167
2754
9896
9108
5771
1799
6034
8138
2971
5985
2384
1982
4051
4505
5057
8665
698
9806
9319
5365
7117
864
5219
9562
4651
1548
549
5867
640
3935
3202
1840
3909
2432
881
5551
2934
7888
8310
4029
9490
1633
9755
6097
3696
877
1488
6920
2434
8555
288
8454
5575
6549
483
4659
5553
700
6960
1222
6857
8573
4759
2970
7490
5725
4238
1858
9121
9062
2313
4380
5459
5711
7599
4484
3255
227
5012
5266
6766
1228
2122
4450
1568
3120
1752
4932
51
6664
9198
6653
3274
942
4638
2629
4619
3890
1096
8282
9298
9120
4230
3559
6362
5415
3237
6130
3801
2956
3388
6382
2953
9475
4229
7048
2688
4066
2540
6041
3568
999
2214
7530
6917
874
1049
6852
4702
7946
150
3712
4208
9636
1777
6240
1444
4911
1429
9214
3378
903
6215
2317
9611
3657
8840
8066
1418
6547
1497
3602
1052
1065
7897
872
237
9767
2161
4027
9387
5778
989
7350
9580
6819
5770
8562
5573
3459
7640
6440
561
6807
5208
4174
2593
2334
1809
9023
1655
289
7077
3778
9093
7763
5387
5651
2870
2883
1570
8539
1740
2616
2781
1699
7375
1128
7714
7310
3374
2224
2102
3929
3892
230
7595
4149
8044
5084
1377
7429
4219
3614
6141
3065
9538
2906
7962
9666
6637
3069
6100
6854
3296
4609
2429
9962
9603
6666
5897
7347
3826
2651
1398
9912
5865
7071
1932
981
7258
7830
9418
7512
6229
5030
4123
6635
5269
7221
8688
8490
9185
9411
9597
7841
4406
8675
5200
7948
5064
8767
2160
280
7360
5020
5260
6723
4117
5853
6955
9395
8700
2235
6118
4492
6364
4109
3561
9544
2054
3674
2108
4078
1219
6911
8442
4390
172
3046
7453
3743
3828
9205
8957
6650
792
3963
4846
9275
4531
4378
9359
2504
4372
9054
3937
952
5384
5603
1114
1057
2892
7877
7129
7450
3714
32
6527
4978
4779
127
5954
6624
356
242
1830
8288
6177
2210
3398
2700
6908
8260
729
1710
7408
86
9131
5596
2682
1239
6025
6794
7669
7529
851
8647
1056
6242
9280
771
7806
3250
3220
8579
5175
2707
3401
4618
6956
5676
5669
6380
8570
6191
3680
648
987
8649
8408
7396
4449
6294
9057
701
9959
2337
7898
9237
6979
6428
7696
5362
5448
1499
5410
9743
9505
7927
6464
6437
597
4186
5476
5540
1835
1029
8179
4785
1292
5345
2556
832
6994
5434
1463
1647
8197
2190
1303
8934
3842
3074
5780
4296
8491
6116
1626
4980
1773
7372
3366
6943
7051
9910
3879
9543
7252
5971
6779
4328
5501
553
3784
9633
1184
3481
2647
5485
740
1562
3187
6053
2908
6581
2889
5326
9061
2895
5852
3339
8399
8287
5478
3833
3436
7845
3985
6870
9409
6603
3965
6765
1593
3050
9225
5864
9354
2796
8525
1278
2264
1138
6007
2124
1135
2097
9126
2839
6095
5782
5765
6838
46
7192
9410
8836
5241
8120
6606
3845
9343
853
6436
984
6880
4474
2079
3126
9614
546
1296
9362
215
9364
5462
6427
6379
7687
8909
3271
4815
7647
2979
4102
3617
3513
9150
9642
2609
4214
7124
4061
6741
6218
978
1540
1696
515
2967
3815
2703
2087
8190
5130
5744
7110
4173
6072
8337
7099
1711
28
3806
4048
6491
1280
5574
2045
9033
8054
6967
8932
5117
4003
2579
7280
5248
5432
5380
5847
8217
646
4099
7381
7659
4039
1373
8096
5477
6578
9290
9812
3852
1810
538
6421
7725
4614
6490
2321
429
6554
8974
7619
1157
6485
5433
6791
4169
3886
9545
2315
1719
2614
1698
7017
5969
8959
9815
146
9109
8289
1944
928
3386
3601
680
8972
2318
9917
2391
7869
8506
4431
6474
4239
3477
7636
7504
5089
8165
2073
9514
323
7264
4333
7601
637
66
2625
348
9602
9169
1241
299
8203
2304
8218
899
7333
6319
1
3166
2787
3882
1550
3939
7941
9761
9869
3825
8285
2019
4538
3635
3159
7127
4178
9375
9660
4181
63
2075
2779
6935
3309
8271
7313
8455
4418
9170
2986
2260
9830
6460
1928
2134
8249
4761
4594
2114
5038
1786
4582
7291
2497
3618
2800
8126
5914
469
659
6149
2106
5732
2508
7563
4436
5191
9101
8571
837
3928
1947
7999
3533
7915
5018
464
9504
6682
7457
6520
5802
7050
6752
3610
6286
9691
1115
4992
9345
2419
4191
319
6488
813
2226
5993
609
1390
7581
7213
3030
7854
6566
17
9470
7426
2346
6997
5734
8621
9085
6654
6405
6970
359
3656
8702
1702
2598
147
2447
4271
6914
667
4603
6152
4982
8598
2319
383
3258
6308
7987
5799
8046
7684
2631
1511
4015
1067
5484
2465
6454
1331
9630
9963
3883
9301
3550
9009
142
1687
4608
3151
3439
1237
317
7546
1200
6355
6360
3338
9932
6505
1665
3018
2188
5440
5503
8329
3669
163
6572
7299
7154
9003
4323
3809
7926
2037
8696
1489
9640
664
4447
8085
5600
669
2088
6529
4019
1007
9462
7715
5968
4708
1479
3303
7748
671
3101
168
2758
4585
7326
5075
9240
4894
8068
6121
1651
6905
9698
2705
3466
3211
5188
7414
3484
739
8446
1104
6670
3915
633
811
1948
8268
3174
1923
6867
1517
4063
6862
7054
821
3552
674
3344
6083
2445
296
9496
8771
6562
3500
8992
1780
1430
4224
3927
9346
2792
3329
4456
2125
397
3290
6311
3836
9464
7392
2201
3804
9879
8968
6330
9204
4415
1980
3337
6416
4844
7879
2191
6732
9891
2341
7991
8009
473
4313
3318
6758
588
64
2799
3603
2525
6246
6808
8614
8489
1942
7978
3426
2946
5138
3623
8558
536
1930
201
2866
197
6059
8164
6068
3442
2958
8396
4533
2571
5377
1256
6873
8827
3107
216
4742
8482
793
6238
7912
5999
9894
9553
4176
4527
4218
2159
802
2137
3649
9693
9074
8153
9995
4215
7336
4823
6
4408
4279
9293
4426
3428
3331
5647
5920
2812
4136
1833
9342
2928
2830
2745
387
3463
277
8340
9921
136
933
5593
4021
8213
2089
6086
8763
4547
6445
7705
37
9529
2060
3729
6310
5409
804
456
3995
8586
8807
3236
3091
5419
1841
8079
9680
8078
5304
2803
8251
545
5265
5528
1741
9318
5948
7525
140
4315
1781
6128
4473
3862
7391
866
6131
9083
3498
735
4150
4801
1234
8663
6249
9996
158
9219
4825
322
3433
1155
6028
8119
1075
4199
7975
6388
1817
3269
330
8360
8047
6216
4093
6378
9902
9791
7749
6015
6773
6680
2552
1258
250
6837
9568
7406
7870
9453
8706
4166
1993
4828
7668
2645
2153
5473
3646
2379
6484
1034
6333
8316
9104
4965
1449
4511
3001
4886
9448
8952
4056
302
9270
298
1169
3347
4395
1462
9843
773
1420
6467
5109
7765
6609
9113
3591
4665
2400
8058
9186
4262
1516
1161
1612
8231
7612
6812
4368
7387
7145
831
1866
104
2739
1974
6553
7816
7173
9994
7189
8513
557
5810
9024
9868
1865
2987
8207
8625
9803
9586
1718
2147
6032
7823
3643
9135
6271
2693
7828
810
3300
6663
7853
1276
6542
1088
9695
678
7115
3786
6623
7469
6694
1700
459
2586
5803
6780
6526
2181
5910
7307
3493
3822
2086
5872
5438
7570
6392
8874
4280
6347
1434
6129
2954
1330
9619
5704
5672
5122
8733
6764
858
1898
1825
1192
4340
9076
2025
2709
9689
7101
8402
601
4499
7377
4177
9828
9792
2941
9864
731
3399
4740
8738
936
712
8651
6296
3036
9292
2440
8878
6142
7628
9096
2960
5080
2627
7933
728
5060
4748
99
3913
7232
8352
7345
4588
6558
846
4306
533
9175
632
4508
960
7558
8657
631
3
1983
8554
9524
77
8538
3949
8245
9336
6546
4334
5987
4883
3895
1605
6726
61
1490
1187
6646
255
3888
2222
5868
5281
9608
4182
5747
9456
9313
3830
5677
1313
3110
9939
9507
2458
8607
4188
4939
2837
1101
5884
7822
5530
1697
9620
6678
9404
6586
2818
5988
4068
4903
6232
1950
2909
9526
6334
5807
6422
6455
1171
3306
2944
4970
7096
3423
3264
6115
4570
3116
72
5480
1544
1262
5953
9034
9457
2049
422
1829
4509
5790
8428
8509
8264
6013
1459
7421
285
592
8815
9481
9841
9785
5718
3993
4673
4754
8834
6691
3667
60
3924
5198
2085
8248
2268
7679
4542
9002
2164
7807
7343
5726
3435
9839
1503
1315
5211
2770
6742
8105
5296
1534
8464
9783
1705
5312
3503
9949
3632
5905
1987
5268
9751
9906
4824
9499
9776
5151
1448
3350
1178
6466
7084
1268
4281
5496
8991
5323
5508
3516
8975
1179
208
5689
8810
5196
324
7475
305
9982
8306
745
6264
9624
2965
5609
9769
495
3688
4581
4964
3576
2000
6602
3452
8589
4373
4444
4397
3157
7451
7331
8751
6697
7266
7559
7764
926
462
7007
9960
9571
5375
4018
1246
9360
8861
2842
5185
4462
5814
5542
3569
6835
5544
2494
3507
3572
7385
3812
6338
1911
1306
1044
8622
3263
4055
5227
4371
2904
3421
7320
2769
3502
1265
990
160
6500
8170
8728
3690
1391
756
1680
9565
5121
2921
2660
5466
2243
5011
3997
7938
7954
120
4940
2064
3206
50
6686
8362
5224
3256
5370
6050
8701
2563
983
9498
3941
6285
5698
7747
5637
6075
5713
8131
1335
3670
5587
7011
488
4738
4945
4195
5335
284
1656
9863
6010
7170
2681
3007
7503
3661
2983
1694
7782
2412
7139
7043
7184
6647
2308
4276
315
5835
8176
7752
7047
784
4635
6412
4968
5295
692
1996
1197
8527
7383
485
1732
6990
1361
948
4540
8115
206
8486
7706
4558
9166
2169
2515
4058
1196
9161
5958
1202
1476
8844
3412
2826
4864
1642
3172
7193
128
1537
1177
6556
343
9826
4724
9477
6088
4154
7357
5044
7583
1826
3600
5509
9764
3311
641
5500
7892
2314
6133
4302
6734
3816
3689
5394
6094
7338
9613
6420
6881
7147
2285
3385
9391
9238
6463
7956
8121
9447
2415
8160
998
5612
7906
1775
1967
539
8908
1701
1037
5251
6692
9114
48
9561
9972
6014
7895
2655
2443
714
9111
6119
241
4568
9511
3020
8172
9065
6614
7878
790
6237
6690
9159
2216
8246
1622
8501
6101
4707
823
9246
9748
9405
3760
5883
5332
706
3945
1481
2436
1465
2845
1216
3212
921
4486
6936
9581
3662
8232
6171
8144
4361
9139
129
212
622
3164
5006
879
1888
3528
4648
670
2514
7364
5145
9234
5156
4868
8893
7090
2897
2469
5103
2363
1555
1071
8325
1992
8633
5641
6203
7731
4606
655
2136
7889
3299
1653
8382
1843
3621
8674
7463
4251
200
7857
5627
5775
9372
8596
6715
8234
3140
3492
8274
3333
6278
5821
3634
7836
8416
332
7550
9322
4731
4445
8
1032
8517
3165
3302
1937
9112
2156
8412
8436
4342
8606
1539
3775
2032
8438
2704
9955
6892
2653
4664
2659
6820
8953
3837
1346
5831
9063
4278
1229
4612
722
1915
3554
9583
7274
6719
4611
4521
441
5751
8717
282
8265
121
4671
2684
1797
2348
1190
7172
5523
994
8472
2841
7195
1692
2262
2198
4206
9374
3506
8243
4103
1212
4766
736
248
8107
8053
8792
1646
2816
5042
2431
1264
5074
4076
6219
4402
5714
2715
6367
8793
5250
6359
7111
9396
35
2110
1774
8782
6260
1409
2767
5163
7020
3004
3807
3238
7783
4307
7442
7700
5779
2112
1945
6510
7180
5694
6786
5933
4559
5189
4163
9874
8644
9335
6817
3097
6567
8022
3637
1882
1397
3173
5447
6078
9554
2374
9423
6148
5881
278
1918
9935
218
4207
4497
2691
9413
80
5072
3016
9506
2519
4435
466
5218
1478
6301
8065
1804
1293
721
2144
7122
3648
4242
3209
7672
449
9758
6923
9867
3818
8001
3998
7296
5891
2737
5418
4714
4183
4341
1528
9367
1208
1595
1221
9047
3531
5
8270
2874
6861
9848
1685
7893
8594
3598
9924
9944
3659
1099
1547
4283
2170
8118
7982
9306
2939
6293
84
9579
9194
3141
1722
7896
8591
6009
5926
6414
5844
1321
9241
8848
1744
9332
1310
2546
8134
7365
2435
6561
7784
7013
7704
1963
4644
7964
5578
6584
4927
8798
6096
6853
8766
9258
3451
6707
5264
1260
5176
7419
8500
4020
2805
1857
8017
870
3268
234
8059
7666
1933
7477
4546
6514
6762
7683
2179
6842
4847
1425
6391
3768
385
4451
708
3041
8292
3087
257
6735
7380
7319
2635
4022
8194
5769
12
7544
5846
3673
5763
1137
1951
6937
6605
4566
2751
9512
5113
9977
1802
531
3387
2002
7790
5013
306
4682
1981
4529
8154
7983
8423
5836
6843
7958
1352
4175
9250
5591
7762
5223
9239
4995
8087
9226
5320
9535
4857
3242
3772
8373
9988
5663
6597
1347
860
8533
3023
490
7992
3422
2762
9724
1743
7036
1978
6884
8067
1848
6628
2272
4502
5244
5290
5949
5646
1884
4419
4985
4750
187
4762
6277
2360
7191
8546
3527
9913
9171
931
4425
5179
2719
3800
849
9617
7586
1018
3160
530
939
7740
1564
1725
7753
3547
3480
2702
1404
7492
1579
2303
9248
7754
9531
6667
5720
4691
5246
4089
6402
8000
2117
5429
1811
5774
8777
6564
132
4636
7773
3692
3887
6744
774
7029
123
5608
1707
1366
6763
251
2257
9851
3011
8927
9719
1679
2555
1053
8219
7058
1487
9247
6611
7217
9421
4966
7589
3096
7901
8503
2933
5055
4925
769
7578
607
6596
2815
6383
4467
9482
3870
8794
8196
8415
2385
1935
9440
5537
268
6252
5270
3878
4026
3190
9915
9732
7930
4866
487
4299
845
6329
9294
390
34
8090
8386
5488
4861
9010
7967
3719
1126
3510
3876
3234
9157
7833
6374
8030
4709
9646
5545
6824
6828
867
2848
9310
3725
8584
3934
2503
9268
4739
3705
9644
6832
8925
2238
2509
7538
6643
379
5746
883
8729
6625
7019
363
1406
1531
5197
5813
2488
8534
292
6473
7041
9300
9183
3803
8387
9
9756
6577
727
5906
3093
2152
7759
1419
8200
3616
6767
6751
8592
2594
8034
747
2718
4804
7030
2931
4008
1549
7663
3189
3379
3716
6289
3650
1426
5833
448
9156
433
436
8846
4247
9206
7351
783
1554
7386
6570
6872
8816
3284
9289
9670
7278
1277
6725
9817
6305
3724
7236
2142
7208
614
8521
8275
3395
9149
1233
4871
3920
1012
825
6965
1371
5277
2258
9321
9510
4461
5490
9587
9369
4814
9352
2104
788
1907
4856
4641
3972
9393
3447
2741
4460
8690
6255
2860
4295
7758
7444
3824
1039
8449
6150
1621
782
9365
7774
5430
3044
9381
752
5499
6418
6197
4576
5706
3921
1382
8505
2016
1800
5153
4360
6250
6722
1282
2565
4024
751
9875
2392
582
6060
5249
2963
3813
2501
8049
8984
3787
93
6856
8551
9884
1495
6748
1867
9288
182
8062
4270
2844
1778
3590
3323
5753
594
8857
7689
3226
6689
6659
5228
2916
9036
7520
5014
9979
6599
2026
4064
5531
4942
3505
9877
2132
1466
5207
2789
5287
2098
2024
3060
8976
4001
2276
5441
2352
5504
7721
3864
4011
1231
5965
1151
4697
4669
6192
294
6509
8061
5919
3473
3032
8842
5035
4574
30
7623
9107
1861
6117
4510
8123
9380
4168
1557
1144
275
4725
6348
9460
4890
4923
8540
2584
5110
4500
6126
8283
1469
9314
2824
6947
572
9432
3150
3532
9692
8371
9190
5597
6248
1201
9316
654
6574
4954
5364
8951
8206
2118
3390
2307
477
3938
5817
6913
286
7698
8015
4863
6993
2023
6957
6073
4720
4140
7738
1328
2295
893
3901
5758
6140
840
9216
5385
562
1484
4469
5329
2462
9255
3911
2478
65
2048
5983
6548
7993
3578
5748
2603
2578
5894
8420
7080
6683
2712
878
532
765
5397
9576
1600
4386
4095
4416
5045
7780
7858
4044
5398
3861
9472
40
8931
2145
1931
1316
479
4113
707
4881
4073
3860
8512
3244
7867
9763
7600
9564
3986
6057
1344
8935
1133
6906
8577
5935
7501
7634
5562
6910
6327
2448
3092
6798
901
5201
6450
6262
4096
3437
8189
8157
2531
2898
4198
7229
1666
838
8033
9145
3114
6279
151
5840
5611
4630
2300
565
8326
9007
505
2903
5940
6522
6749
3155
1580
1808
8896
8192
7275
7456
3048
7152
4338
3966
3171
4359
5559
6729
869
8630
8204
7465
5052
7437
8689
9952
8824
1759
2766
3356
2140
9734
1823
2945
9348
3788
2784
4687
7064
7974
6797
3906
446
1164
2959
2356
7494
3486
1556
1283
9645
5760
1926
9687
1910
684
2491
7592
1962
3838
3521
9711
1156
67
8088
9984
730
8564
2711
7571
7204
976
8754
4422
3280
9181
9154
6532
4115
7909
3758
6537
7484
8664
5502
6701
4074
8799
5321
6934
5160
5046
938
3704
8705
209
2852
6477
6076
1877
8856
829
5793
45
7825
6049
9656
2301
651
3445
9267
1257
8709
4453
8721
4938
1529
4255
5470
5875
5271
7844
935
7751
5039
2227
5980
5491
6281
7850
5832
184
2692
3847
6496
3947
8882
2912
9303
6982
7960
3094
5554
105
5696
1758
4822
7972
5367
6851
4696
4623
3631
4261
409
1111
3178
4821
5194
110
3129
7194
3078
1883
1250
4757
5368
8378
9344
9861
882
4729
5308
7174
6018
5299
2714
9809
5050
3950
9556
2129
5733
2077
4324
1737
3981
2990
1149
2521
135
2284
6585
7479
7373
1040
7594
2151
2020
4926
4487
7615
1522
544
2091
4879
2583
4412
3612
4457
9272
9899
5235
9533
5683
3407
7440
6288
1673
6180
5493
7369
3425
8269
5614
3203
8112
2750
2404
2333
7480
9668
4820
9451
7237
2544
6134
4507
6787
1395
992
7199
5339
6309
6703
5112
5297
8404
3465
1486
843
5707
5043
9269
6733
7073
9015
5147
4396
5902
6166
2197
7254
5220
805
9799
4305
7353
8233
8753
8989
4842
944
8124
1991
6825
8210
3908
6176
789
7955
3063
6746
2628
3457
7875
7516
8458
7342
6399
6019
4382
9184
5869
1042
4723
3312
6172
1263
7355
4329
8867
5843
8886
6099
8549
2413
9438
2165
8181
2202
2923
3658
69
3034
5855
7676
2699
2005
5652
217
8462
7491
5128
1784
7133
8247
8242
6559
9486
1160
2433
7692
9705
9187
5067
2119
6353
3961
9144
7470
6370
6629
6601
612
967
3779
2476
3875
8367
6298
7114
2192
3894
1663
5882
2720
3988
4620
6841
717
6423
3389
7799
4655
2551
327
4067
6158
8391
301
1927
1739
3642
1526
444
9838
3644
7800
7665
3651
3099
1455
3363
9282
6002
4165
8545
4458
8695
5731
7699
89
2656
4803
7098
5393
9986
6617
5761
1735
7655
1008
1629
5154
9399
1001
6452
1635
5288
9532
4470
7233
2777
2135
9672
3996
4005
9132
4297
8331
7244
6243
6443
8743
3564
2879
720
3556
9394
8474
7940
4880
794
5255
7433
6560
7928
1708
1636
7389
3846
7905
1215
3687
7506
6023
3873
4583
7415
9552
5316
6164
9379
8601
3497
6137
662
7402
8868
7945
2972
8648
579
6127
528
2336
1559
914
1165
4667
2662
2493
4119
4755
2309
1286
2865
2590
6593
4767
5931
4303
4556
4046
7293
9330
2053
2623
4345
6507
8363
1730
7201
6335
1163
22
9340
4367
9070
5576
3545
2095
4852
2274
835
9307
7082
2512
6975
8221
6866
6026
4986
7175
6170
3029
6981
186
9141
1168
31
9818
3070
7959
4854
2764
475
7572
7989
4179
2
3872
5674
2602
2825
5090
196
6795
6235
7553
4428
3148
8682
6932
2636
7298
3261
9207
1380
5702
9163
7219
2920
3038
5829
3751
6953
1363
3694
4563
7969
9596
3467
179
5701
2763
3197
5630
8670
3798
4962
1281
681
969
814
9260
5791
3057
9317
2568
3889
3525
2072
6772
6236
7767
3839
2969
4876
8092
1954
181
2120
9143
5667
9476
9091
9981
4526
4760
3067
3542
6471
9667
222
9037
6079
1618
2869
9197
9662
3330
9487
4286
6716
8240
4393
5091
7726
9770
2502
9231
9147
8038
4951
5788
3713
8461
8161
5252
6268
4915
8915
8725
1709
4685
2403
3746
493
971
1142
9378
8764
6160
9919
7923
6280
6189
6208
604
1319
7292
3740
3454
6768
2078
8010
1249
3054
9976
6323
3322
586
7609
4543
8918
918
5851
3691
7176
8631
7997
6879
2646
9804
4920
5341
3884
3757
1864
6021
3130
5280
9549
7680
3227
2055
8184
5167
2380
1022
2344
9914
7890
2123
7128
2215
9968
5730
3517
1097
1345
5083
3748
8515
7883
9420
3844
3509
1686
3731
4524
4010
3131
5142
5845
171
2548
8761
937
8261
2094
5743
7131
9273
6447
8393
8252
3840
5383
3204
9327
7069
9629
7269
8877
7826
8186
2365
9632
8514
2926
1886
3239
213
2924
2382
9916
5510
7382
3880
6530
979
5862
4989
7588
7690
6253
414
7733
9351
4343
5557
5808
3003
6928
5543
7961
5217
1320
2942
204
1964
6801
8155
8226
3767
368
5602
124
7965
4684
4778
7242
8708
5815
1055
4797
8778
2553
5642
4413
5382
9872
2747
4591
9386
9936
2961
3013
6254
1913
6105
8805
1989
5444
6929
8007
950
1602
7006
7794
2173
6322
3625
8417
1136
2388
3508
6713
2760
2033
7737
9212
9904
5180
1091
1986
8191
1827
9402
5584
9433
4695
889
1131
9709
342
8895
2528
247
2456
4955
7804
8095
547
8707
5104
8238
1783
340
5834
598
9444
3653
9621
5541
7723
687
8814
1772
7952
3195
4950
9442
5226
534
6933
4350
8986
2172
2408
4929
219
4622
6401
8125
5087
830
6968
2570
4838
951
6761
688
1145
1417
2588
4087
7262
122
7183
5628
7151
4816
5205
2811
5826
4737
4789
583
2949
5204
9042
6123
5253
1170
5915
9518
4722
9228
3654
9060
4898
1794
1047
9967
7545
9249
5842
2768
2604
946
4023
4227
1089
7620
9245
1035
7468
4090
5876
7786
4349
1354
7066
8024
3142
6592
6695
988
3112
4794
1973
5065
9714
7235
8779
4730
685
4057
1461
4812
199
7431
5959
8608
8632
8559
906
691
9262
2886
9834
496
4202
9918
2694
3354
4432
5801
5552
6951
2422
6783
4912
7010
2698
2028
5141
4284
