954
5433
133
7674
8545
6582
6071
3144
3499
5768
2987
172
5475
3329
7517
6748
2540
8250
2872
640
6812
3115
2060
9036
3459
9380
1970
7443
9071
7917
2386
6774
366
2051
6385
895
7014
579
3603
6721
7855
3402
3347
8795
8355
7032
2560
3965
8175
2063
7252
3407
4930
1188
3251
8010
1029
412
5606
8330
4396
621
2938
4965
601
2727
4774
9171
8402
6673
4949
3797
7000
848
7224
496
6060
7574
8516
1414
5518
9959
6756
3823
4364
4283
5202
7709
9801
4079
8294
7860
2486
8699
6690
6903
7190
8519
8259
5197
2391
4959
3871
6799
9438
7177
3040
5540
311
1385
2868
2733
8659
8925
1642
3319
7515
5326
9837
4040
6931
1524
3615
6907
9661
3723
9513
1942
2747
8345
9294
2849
3634
313
1317
8242
7189
4336
6987
7479
6653
2282
9578
4987
9254
1098
9267
9859
5141
3617
7666
1190
2120
1570
7045
8806
5056
7872
8082
6508
5671
5260
9870
7623
4967
6299
9851
6918
3226
8471
329
398
5712
9512
6287
903
4958
9631
3524
819
1227
8438
7369
722
6828
4078
1627
5994
1547
476
7343
5013
7768
3540
1616
7092
9275
7955
4019
6968
2695
2602
9075
2374
9395
2858
7414
6078
3949
5476
4114
9545
6205
6277
2561
4652
4451
2281
3249
178
5337
7246
940
2454
5617
5907
2763
2851
7683
2224
6144
5451
4432
1478
5474
1381
9589
2443
4107
4386
9446
2687
129
3921
829
9015
7337
856
148
8405
5805
3467
8895
5020
8264
2936
9490
1757
8107
4025
3448
2135
812
9639
7712
8045
3964
679
1005
793
7729
4031
2307
3751
3442
3257
3155
1061
2949
8698
6476
6458
2182
369
6399
6651
7340
9217
7935
475
9439
1759
9456
4382
6547
5888
3643
5681
5406
7506
2702
5867
6722
7271
1034
3491
8606
4296
2340
3855
8814
161
9808
6600
2701
5344
239
7131
2740
5021
5702
7207
7638
4734
5564
8440
5165
1596
2276
5308
1498
5653
4007
5870
6285
670
4429
3000
5694
1424
1304
2175
7240
2085
774
9686
4706
2563
9991
7028
2005
6947
6536
6103
5041
7656
4181
9256
4491
3865
1690
2606
3433
1884
7183
322
2673
1401
5473
2409
7848
5073
4243
4532
3980
816
5569
8638
3213
4035
2250
7921
7397
1633
5962
2035
4013
751
4334
3269
997
6675
1605
8468
2194
4358
3170
6978
5014
3973
123
4933
8794
459
832
6462
4320
771
1763
8284
9663
8178
3238
8669
2887
1829
7869
7196
2780
6822
1267
7724
512
5229
6538
5923
4567
9114
4779
4472
7942
5247
6274
2001
4970
2274
5650
1468
202
4299
5108
1535
2325
8454
8522
9042
2801
9736
6406
2530
3542
5544
6202
225
4141
1975
7486
524
8572
5421
9435
9148
9595
6583
9271
4441
4550
3619
5737
1075
8674
6297
40
8533
1720
3818
1888
3148
3064
6127
1517
1346
2658
5314
1918
4184
2029
9534
3773
6477
8125
6174
7213
4794
6794
3599
9634
7495
4634
6811
3873
995
4287
742
715
5019
3744
2244
3265
4333
8591
9574
566
996
114
2290
8671
5203
3796
2961
7587
4059
6169
8808
4867
7901
2042
6986
5468
2129
1470
2266
5799
5366
9341
1728
1574
1473
8767
6919
685
5608
4014
7448
2087
8628
6216
2885
3307
7962
8241
7380
8247
3666
6430
8205
7423
461
9318
8793
3005
2304
3465
989
140
3125
1077
4960
9178
9564
2718
1443
5215
6464
9641
846
744
2734
3736
6917
3806
2155
4306
5426
9708
693
9183
4546
7801
9677
8193
7036
3248
5720
4745
1384
874
4465
6544
4507
5510
6023
2230
1609
6976
260
3654
7119
5913
7564
4303
3897
1710
8810
5093
6835
3789
2756
1453
6468
7449
6090
2824
3451
7079
508
147
458
8029
7853
1173
6805
7803
5924
1805
8929
5591
443
4922
3020
2238
5958
9694
9472
6409
1951
5306
8680
2457
569
6955
8037
1299
6920
9836
5984
2874
3820
254
3900
9946
5283
9962
9400
6025
3525
4052
1566
95
8192
464
4231
72
2232
6366
9496
6975
573
3893
7384
1767
9940
8257
4954
8959
1051
7749
7711
5227
6769
3325
6106
2189
2106
5772
7170
6789
4450
2900
3636
1344
4526
4285
4789
2199
5191
2309
2956
389
763
7744
6229
1871
1727
6074
4686
620
3052
8376
7371
5469
3456
5874
6568
5083
2153
6314
4157
8778
1125
1014
352
5006
3562
3263
7745
8614
2877
2003
1108
2659
8031
2233
9689
7522
3703
9608
2337
51
5828
8114
7236
9289
6743
4197
4204
2204
6965
7677
3316
624
9867
1093
7795
9001
4372
6674
32
8005
6535
2483
7540
8796
6457
7861
7200
8556
2320
3015
6858
7262
3762
1463
3151
8688
1492
323
5573
5500
6620
9769
7896
2427
4469
4818
623
9043
8215
7463
4170
8513
5430
1654
710
7064
6263
6795
5667
975
1145
4544
7895
8990
2263
3494
8677
8583
9312
5909
5472
5133
8249
5167
8661
4402
8872
8092
7445
5853
4505
3792
9521
7433
842
4913
6513
4050
6351
3354
6438
7793
3473
440
5176
3423
5549
9301
7459
2193
870
952
9101
4301
9292
1859
6693
7635
2272
7946
8030
7073
227
9422
2797
6435
2423
4082
3406
1053
8571
1787
718
2277
6353
708
5114
7033
1850
5561
2234
1584
8896
3669
3595
3152
4668
3169
1095
7055
413
5358
1435
250
5252
4024
5861
572
762
2355
6434
7502
6957
826
2518
6884
3737
721
188
8666
3840
4899
2787
2583
9718
603
8831
739
1218
9389
4152
8333
3218
4575
6566
9548
2532
1096
8619
7425
3048
6751
5312
7740
8597
4806
3961
6258
7140
252
7668
8176
3273
2197
4976
176
4666
3856
8616
1419
3688
4454
2084
9651
513
8576
6432
9011
5756
4424
9697
7626
4995
7629
879
7389
7499
891
1994
724
4578
551
1773
6282
7161
714
4884
9176
1583
4817
1795
7309
9385
424
6945
2394
5519
4004
9555
2679
811
5066
5034
5064
8418
6786
4637
1571
1962
3502
7233
7435
3538
7453
9209
281
3112
1128
9050
7973
5832
3620
1176
3613
578
6215
3217
6720
2210
8740
387
4639
7324
1091
5138
7096
3805
8580
2879
1592
3616
6780
4946
8453
1723
526
3876
110
7398
41
2221
5758
3641
470
7185
403
2813
4729
9993
4255
1444
8113
7906
2209
7286
8928
8607
4051
8484
8870
3375
5303
6333
5698
9796
6672
1523
9523
8776
8601
8787
9076
7833
7328
9642
5322
9853
5281
8425
4589
7016
6846
6702
7476
2027
6077
8098
7358
7012
1185
5248
6271
8325
2767
544
5934
5507
9734
4530
5139
5253
4393
2995
6238
884
5460
4220
6803
3110
4516
597
1252
1935
9394
3356
8350
1268
1328
3831
1266
5600
8862
5745
7593
3282
6195
9092
5071
8181
8464
2655
5494
4111
8149
1954
4440
1297
675
1974
7454
6166
8097
7713
6032
6067
4036
9616
7026
6744
8782
4478
5949
6163
6364
8726
5503
3724
3436
9710
2512
6010
1360
3903
6542
5988
4810
4765
5354
6483
9529
6886
4661
6857
1521
4998
3779
8713
8279
8058
497
5105
9586
1632
5234
0
2943
1216
4531
680
939
4563
4868
9912
1255
707
5574
4758
8221
4717
2715
648
7048
5916
9531
3437
2599
5128
8500
3139
473
6053
803
6715
2965
5373
9051
7484
1046
5415
9107
7550
7162
5046
785
5100
6564
1756
7201
410
359
9774
3655
7648
3359
700
3761
8853
3083
5419
8129
8316
1395
928
1640
9458
4883
9018
3795
1406
7651
7367
4257
1681
5821
6085
7093
4606
5279
5359
245
6552
8044
9779
8542
2522
6599
3680
9135
9934
2108
2863
9627
2541
2686
1963
6425
220
7496
6867
749
3245
1845
9603
4825
9196
8155
8917
4852
2827
4677
3526
2982
4568
391
833
8229
6424
2463
4335
3074
5029
9952
8389
9630
4927
5164
8235
5488
2437
5607
9839
8244
9248
6991
7301
2581
3042
1146
3167
9313
4145
1664
3573
1814
3942
1900
4339
757
7760
7871
1458
3591
2032
6401
6188
1139
3588
6217
4198
9553
3259
1305
3584
8243
2666
1713
7297
3086
6545
6618
9709
1810
1819
4786
9654
9855
2149
9125
1438
2542
9481
8151
6047
6069
4395
6256
5918
8336
9776
4347
1665
9142
4936
2213
6352
3023
5435
1331
711
6501
1279
5833
3101
3828
810
9932
840
4847
1563
5954
9791
9612
1688
698
128
5680
9894
6235
9138
5101
985
6656
770
9915
2521
8922
1325
3487
3350
8035
892
7458
8018
9102
3299
9996
9861
5940
2074
8911
3894
3884
6239
4381
8942
3785
6360
3194
559
6709
7877
265
87
684
3214
5621
8479
4216
7375
7567
8567
6632
2378
6880
1135
9705
1232
7312
1466
9326
5005
6131
6128
6431
8569
6316
2678
3071
7075
9391
7368
2223
3575
9403
7534
9899
5422
7101
9961
1260
741
1340
3332
4351
5665
6998
6571
5725
7606
3012
2927
7292
9378
6015
548
5078
2294
9251
4110
3814
8721
2342
1908
8436
4695
7932
634
1891
863
3266
6150
4735
1349
1495
6371
2980
2726
8617
8383
2553
6876
6752
1038
2442
4784
712
4142
8202
796
6754
8069
4931
6531
1373
9392
8520
7071
5044
7652
1526
9816
8128
649
8361
3302
9678
9824
5804
6521
7485
8285
1604
7549
4103
5131
3308
363
3327
8756
3474
1078
5393
5275
6312
9388
4564
7661
7053
5515
6684
9189
3438
8200
9319
8989
9224
6746
3376
1144
8201
3224
3477
3841
6447
1101
3466
4982
5351
2011
4326
4574
2117
9892
1883
6340
1359
386
79
4911
596
1513
7969
3686
6983
4733
7747
3469
6336
6560
5327
9875
2124
429
5432
5241
5552
659
7059
8700
5554
6178
6471
7031
233
5088
3503
8710
8255
1214
6390
6377
3733
3158
3493
9056
9315
1881
1081
9235
7526
1496
7076
7698
404
3851
5193
8825
2499
6555
6594
4367
6517
4084
8769
1221
9455
5175
3429
1195
6151
236
8357
258
9152
8755
1425
9304
9387
7124
1462
4865
8939
4442
8140
3853
6537
1618
7738
1307
1718
6304
3742
633
6592
8898
5080
1589
4963
1839
7676
3068
5777
3185
5206
6165
2433
1937
6450
7576
5592
1794
3715
4823
5728
7452
3399
760
1157
2206
9862
9554
3561
5686
4655
7250
5223
3392
9744
7679
4106
1177
8856
3692
1588
9434
1959
4416
426
3323
4237
5739
94
582
7604
9843
6190
6062
2466
6549
1258
9602
2550
8582
4068
7001
7105
4874
7580
4837
4525
7258
7552
7492
4600
726
7424
8455
6873
3047
5521
7553
6253
2634
2187
7563
8486
1065
6800
1957
1840
8647
2306
1966
6225
5264
5532
4435
7657
5388
6495
3644
1287
4258
838
5183
1750
168
4849
4196
9623
3600
6396
6092
9585
3521
6863
2010
1202
7542
5947
3632
3916
4088
9290
8124
6470
3711
2299
3320
4371
7321
5977
4971
9809
1638
931
6043
3179
2830
5570
5531
3569
2939
5887
8657
500
5998
1439
5596
1917
671
1367
4664
9930
730
6168
4511
81
6966
186
5928
4146
5538
6677
2140
7705
8224
3239
411
4209
7636
434
4081
3906
9537
944
6485
590
7986
7081
5186
8048
3035
3010
9988
1467
3593
6389
7842
6228
9726
1740
5908
3570
1475
6807
9854
2645
6736
7306
2754
5198
6139
3976
6832
1719
2585
6417
8817
2336
6940
1967
1550
5943
1516
298
3200
9620
9888
7613
6979
9265
8474
376
8707
5837
1418
8417
1181
2040
9501
3418
2549
5868
300
3694
6374
1996
5483
6698
2185
6315
2422
9556
4514
397
7249
7069
3986
7546
8724
1714
10
2898
9007
4428
5817
2772
1110
3799
2026
4752
3927
2226
7087
8359
2696
8640
2235
1998
3904
8019
9284
5981
1752
5703
65
992
2094
7752
1857
5389
1701
2535
6992
6527
4161
3439
5920
7429
6567
4984
3410
2242
9754
6443
9206
9264
7283
5623
7573
6830
6970
3537
7637
4046
1793
4474
4215
8141
7351
1732
4587
6016
7305
1546
6024
5173
5277
1982
3363
4288
1286
5397
1501
4559
6081
9159
4185
4826
5396
218
1321
6729
7217
8598
5039
2584
2501
4519
7434
9000
1415
9985
9637
8094
8600
8549
1056
4439
5355
7625
7528
7809
5218
8860
4968
4782
6784
5452
2471
6909
6813
8254
6331
1020
6292
703
1808
6347
9357
9766
6860
8505
729
262
2822
244
9333
4597
7963
8459
7289
8554
7263
5724
4411
6612
6199
9524
8448
9002
8986
2945
2628
4488
23
435
3342
3232
2856
7395
325
9802
5609
4562
4727
9819
8470
14
5010
1211
8835
3164
9828
9925
9971
3800
702
885
7582
7489
8106
3923
9936
6101
9606
2759
830
3533
4755
2919
6850
8262
4824
1771
4337
2525
8691
6646
3911
3882
5272
1060
7699
317
5157
9849
5786
3117
6763
3311
4354
3275
3803
127
1514
9502
5641
6446
320
5738
3276
2126
539
1926
4279
8540
8859
8882
2249
9457
9587
7273
8910
6637
2052
3957
8834
3076
6061
7109
6606
9590
2775
3141
3547
4085
6107
6575
7243
3977
735
4244
9046
4778
6160
1866
5579
2022
2379
2110
934
3312
4462
6949
8838
315
9054
6027
235
7583
9568
9783
1927
4385
6872
6345
7227
8894
8722
1374
2018
6172
699
4018
6559
7594
308
6132
2639
1047
6146
4481
6045
4651
7937
6031
2257
8469
8488
7067
7491
6838
4772
3445
8627
9910
644
5695
5860
7664
2382
5370
8075
27
1623
251
7350
5871
5759
2279
6603
4681
3166
9444
1327
4162
9593
2297
5255
2211
1355
8095
5845
9672
7293
9549
7600
577
9618
2894
984
9325
6381
7575
4375
5038
2220
7085
420
2444
6826
1118
5369
1233
7174
3731
4321
4323
3355
4137
1621
3775
6726
3981
1322
3663
9208
3105
5645
162
9276
4551
1775
3210
3188
9541
2103
9407
9650
4764
5208
695
2312
448
3150
5534
5553
8340
9194
1461
3095
8712
3668
2916
9047
1851
3025
1870
9038
7290
9965
5642
2724
9225
9550
4720
9350
3431
5590
8588
8213
6198
5646
6732
769
5362
6962
9645
5414
8530
8962
2114
1717
3767
5147
1163
9592
6034
2246
880
2350
4169
7646
6587
6541
5102
2253
8477
9489
373
7418
9614
2485
7538
4200
4991
7091
7442
3310
4908
5195
5560
518
7706
8445
9151
3968
52
6220
7060
4133
7539
1278
7354
6184
8575
2690
5963
6509
319
9262
646
7721
6548
9186
3999
4943
2328
7934
4498
5384
7841
8889
5869
8000
3953
1938
5394
2426
8566
4842
9728
3555
3947
7082
4636
2097
331
9214
8658
4642
2326
6008
580
2656
5127
5194
878
9957
4434
2523
9558
1003
7878
1198
1243
933
5624
175
4126
8851
8711
9415
1610
894
5511
2219
5523
792
6802
9822
8801
4297
9376
2455
7288
4459
4654
283
6791
655
593
6413
7383
3691
4501
1318
1447
9205
1219
1630
7925
1782
5199
6136
3189
3954
4889
217
9895
6000
756
8382
7344
6611
4828
7373
5429
2681
5631
7633
3184
3994
4058
6448
8687
3075
1672
4919
9475
6518
1551
8290
7544
9310
8890
9607
4918
824
5576
4866
9664
8822
3955
8320
1835
4679
1705
3910
5448
1472
5455
1916
9615
6581
8797
2546
180
3087
96
8587
5174
3460
209
850
4920
6320
6324
104
1282
4224
7214
4314
8999
5586
7490
8877
9644
7832
8169
642
5548
9793
415
8287
3560
4193
3587
5385
6490
7487
6977
6629
3298
8222
3288
9706
6442
2703
4213
7783
1407
7275
8238
5470
6378
5335
8857
1724
6120
3534
270
3769
2587
9153
8277
3608
9429
5829
5377
2698
7456
9335
149
9212
7173
4804
7400
8682
4494
1032
1761
4942
2489
9699
2308
2004
1333
1039
8980
9845
9452
9016
9108
3614
7736
2056
6664
4751
3062
3006
7788
3960
962
4063
3899
9864
7125
5894
1772
6349
7116
8182
6649
6597
5047
8662
4329
224
8167
2133
9084
2799
9126
4370
6695
1528
2119
274
2099
1726
5931
1880
356
4075
977
3187
1090
9799
6833
2802
8736
4067
3777
7727
7020
3774
3186
2357
4477
5529
1289
4003
7798
6783
2672
677
8803
8525
7194
3120
7978
7731
2838
2023
2842
9772
2398
7943
3747
7812
5717
9765
3199
4005
3914
9797
451
6494
4077
4671
7129
1153
1140
6657
9704
377
9299
4290
835
5771
3781
8449
9506
6837
7792
3857
1130
5895
9745
481
5289
4731
8424
9005
5884
7672
2188
942
111
2555
1062
2574
6640
9576
5944
3572
3956
4083
5993
2430
2363
6707
6175
967
5212
5644
3060
3944
8292
4614
2926
923
6240
1049
7561
3063
5304
6420
1778
3798
1123
3114
1972
5546
6734
8059
1011
7043
1063
455
6899
5762
7904
248
5447
2314
6654
4160
124
1780
4281
379
4560
15
7562
662
7581
5219
8177
8789
8565
3381
7725
6607
9516
9621
3050
6871
5535
3760
6038
1042
1725
1807
9401
1026
2788
4415
4711
1437
8840
6960
7401
5420
2571
9807
54
4950
6011
5629
271
9269
7691
2429
6619
5348
7308
8363
5244
4833
7754
6397
1057
5151
8559
5787
6291
1459
9097
4202
22
8791
4238
5953
3462
6687
3552
4010
1471
7410
312
5340
4653
4863
7027
1518
9659
3630
9288
8234
9013
5163
1170
552
1291
7622
6642
4674
1097
431
8827
4070
8703
3551
3605
493
1072
1102
5691
5341
9279
4499
6266
5391
8656
4535
2380
9360
8978
4486
7256
1776
2247
5604
6635
888
8143
1388
1396
3807
8063
6712
6022
6923
2944
9825
5727
8291
1631
4605
2161
557
7881
798
56
4203
7147
1121
910
5830
8379
907
7665
3303
6516
1191
9546
3842
5530
9173
9091
9485
2469
330
2054
5401
5192
1770
5746
807
3971
1639
2
7802
8054
608
7589
9442
8419
4592
3014
8968
4294
3543
3297
8273
2963
6984
9818
7336
5797
3891
2545
7269
7018
4173
690
2065
1696
2019
1527
7394
3281
6735
8901
7858
7940
1797
6182
4360
2090
4471
6525
4827
9127
3529
8961
5827
9367
8391
902
9730
689
4090
4061
6194
3712
1599
4914
7054
6878
7912
652
3353
8833
8076
3847
7013
9368
5129
3136
9742
4594
9493
4708
535
1168
7556
4719
7508
4746
3051
7750
4254
5966
9846
6969
6661
6898
8047
4790
122
422
4796
3168
7291
7460
7047
7957
2966
2020
2607
1983
5467
2338
6196
761
5125
468
328
1968
9696
4718
900
868
1364
5050
7287
2804
663
6913
9131
7080
3557
777
2940
7058
5160
8609
5061
1225
3315
4632
1561
4420
6036
3137
8692
4292
8433
4163
5743
7559
8399
5506
1161
5001
604
3678
1680
7992
9347
2641
9909
2710
1296
994
8371
7166
2095
7694
2752
9609
2191
2881
3607
6526
5313
6697
8975
2440
6584
3328
1254
1890
339
3975
1601
2693
8813
5660
521
1698
2866
5810
1655
2862
3094
1856
5661
279
1619
8261
2832
2068
3727
3306
7467
7167
8788
9154
4783
7790
7413
8805
9881
609
5072
5819
6119
295
7737
5180
6334
6289
6051
3567
1306
4670
6704
4452
1275
8570
8918
9158
8252
4966
7441
6563
9293
9941
5383
8308
6247
337
6387
4265
8013
6155
6626
402
7352
7601
5598
9311
6785
3127
2625
1099
5589
1624
7826
3358
8809
5184
6714
9834
8507
7163
6739
7951
3764
4509
7136
3371
8763
4458
4087
7890
1598
8883
5119
5603
8844
6627
7216
732
6851
7175
385
5658
7911
6590
4703
2653
2405
4869
2914
5697
3574
1338
4682
502
4910
3875
8189
4690
5487
8296
8356
194
8327
7070
1836
2446
7267
9901
9473
4172
7412
9168
9675
920
7909
3135
2732
5437
5778
5850
4408
1964
9440
4659
7148
1707
3685
5701
8123
2460
9989
1721
6816
1931
7968
7339
4483
1538
3207
4990
3380
5690
733
3645
9673
9413
5558
9037
2160
8949
2871
4978
9958
4493
8367
6116
4558
4207
2036
3140
2915
5878
3625
1160
8608
1389
3011
371
8555
3929
2924
9136
9345
3629
1343
7361
6012
6506
4508
1986
877
4217
6233
5926
5109
4357
2212
1687
5775
5087
2777
7077
2614
7521
6341
4226
6143
5400
138
5321
4545
4201
515
8804
2164
4714
489
9813
1905
8190
2240
5588
3578
4328
5930
9536
9216
4399
1382
2709
8924
7701
3778
7359
7171
132
6260
2589
9842
4273
1882
7864
8002
6781
9539
6272
1826
9648
875
9219
9903
4104
9470
7531
5424
8926
964
2475
9328
1858
2750
7338
2815
1106
645
6305
8996
8341
1700
8322
4581
7084
4463
1844
6641
8267
3294
9902
2736
5972
3523
9077
5030
78
4846
8394
1508
1031
3970
9068
3898
3918
7631
3972
2176
3817
5479
1044
1626
7037
9906
7471
5484
2431
8009
9041
8581
8310
1247
5390
3313
836
8352
5015
343
9298
8052
3661
6973
3403
5265
9667
8016
3700
1070
2647
4761
185
2611
8011
6883
9297
8927
8560
9520
2596
4997
1376
7905
1564
8074
8432
6956
7700
1864
8370
2373
9656
8212
2745
3104
7112
4388
1658
266
6311
8744
2660
5485
5865
5368
5118
2976
197
2888
2746
2524
29
4387
5922
2222
7885
8573
2833
8906
3235
4235
9495
7983
5595
5891
9722
5237
2364
2632
3517
7010
336
4898
1421
4831
3478
9562
6410
7118
8739
8502
9847
6964
1429
121
5693
4468
6308
8775
6638
2163
4047
656
8304
2613
2922
7420
4272
8482
253
2519
3771
6363
3134
3513
8653
5443
980
1842
2088
8283
8409
2704
5921
8944
1755
1358
2601
167
344
4246
3837
1365
3409
2543
6104
1949
2169
5171
505
6624
4009
6149
1017
7385
1448
6514
2318
3013
6210
8800
2344
6041
3483
1913
2101
8673
1263
9184
484
4496
4663
1155
1543
2470
782
7808
6942
8197
3505
2369
2588
9305
7796
1016
1901
3754
9565
3486
4183
1877
5567
7813
9752
2100
797
9396
8147
8976
3458
7682
2789
151
7759
6003
7230
7005
5318
7415
7205
3394
2180
1080
3528
7123
6589
3247
8547
3498
2248
2275
3147
7421
9617
6338
2604
401
6408
922
6771
6895
9222
4401
686
1762
4685
4383
2157
7886
2330
676
3835
108
2548
9370
226
4749
6056
1533
4264
1312
349
4598
2991
5330
5710
6284
1987
4310
2002
9155
2529
4214
4276
968
6281
9749
4206
4271
1228
309
109
4985
7406
4699
9949
5425
4327
4700
3611
9055
370
2511
4738
5892
9624
9426
5226
1351
438
7687
998
7285
9838
5242
6749
4795
6961
2256
5398
9869
9059
635
7717
8738
1790
6359
9872
9882
8964
358
4092
8276
8020
1076
2508
2978
4740
9950
7513
6249
2331
1830
2360
1786
4612
5976
1777
3642
7192
3191
8256
1183
1342
7251
6133
2418
241
1816
6059
2575
5213
9306
9973
9266
516
3846
5315
3446
606
6454
2332
2861
4489
6844
6472
8
3640
4506
2178
7509
7982
7316
2048
629
9632
5464
4590
9784
3237
8142
9674
5158
2462
1298
9811
7436
1404
5798
3038
9200
8099
6327
1662
2057
9120
6208
6072
5904
8475
2971
8196
326
9920
3716
1920
8372
9449
9939
898
7900
7322
4028
839
3690
6033
80
7659
3003
6478
6342
1798
5911
3790
4630
546
5196
2159
4704
2860
2082
4245
1608
1735
9263
486
9643
3757
8871
9777
7933
4572
5238
2353
5917
5290
8998
3866
2173
3009
6296
3848
6428
7023
5233
8994
7311
2404
8041
7944
2534
3739
7516
8403
6650
1273
7390
7845
6346
1903
5382
2458
1678
5952
5676
4467
8311
3665
1171
7770
7272
4858
2190
4512
7828
6418
9905
5317
88
4609
1585
1413
5559
6797
4602
219
5729
4495
310
9257
7107
2921
616
498
3398
6330
5300
1595
7807
3808
5718
8105
9339
5849
7776
9110
3750
4808
5025
7852
2479
289
3193
7839
1201
8741
4716
2179
4981
2335
5699
3322
7794
7104
872
6742
3072
9032
610
9467
9625
9953
261
2264
2831
1131
2516
5310
6154
7889
1143
2654
7523
6429
9798
7274
6866
8156
6402
24
2150
7617
1079
7210
4912
5715
3576
8709
7964
9856
4956
2091
3336
9150
2640
125
4571
4400
3753
993
5446
8783
841
6669
5032
4542
963
5612
9412
1567
8550
7894
4154
4362
9635
7025
9866
2766
6064
2371
1316
8127
2925
4673
7938
5663
2098
7153
4821
5178
8435
2883
2528
8602
3317
511
8021
8321
1811
4346
3832
8953
788
8718
9384
13
3393
6891
5436
8434
9198
9921
6276
725
7726
39
8611
9177
8689
8328
9260
4174
9613
6481
6710
58
6355
5685
6236
3301
2920
2047
1502
8952
3674
4073
5270
5084
2882
1636
2165
1272
8847
673
4924
8112
3222
307
6328
7387
12
8120
1629
2154
9031
1324
2731
8843
2009
7764
2152
494
805
7182
9375
4247
915
3649
6414
8309
6054
2951
2629
8528
6221
5785
4312
3657
6214
5757
3335
2322
102
4641
2080
5847
7355
2998
7432
3432
97
523
8347
8846
8079
974
8714
1984
6875
3344
9702
3001
8203
9732
2950
8589
2817
8672
1914
4363
3016
7150
5331
1944
8584
1544
3318
5461
6668
5459
321
3589
525
4054
1117
3590
7578
2214
1758
5541
7527
9030
1947
8240
7888
5374
4
5052
4427
6070
8286
3070
823
9174
3241
9500
8493
7345
779
8132
3492
2289
5413
2935
9364
7469
532
1594
4625
3401
6294
2089
2784
6574
6030
9891
6861
7341
2425
2203
6441
3289
6370
5987
674
427
5525
6705
5856
8496
3490
4588
6137
2478
6050
7315
2738
1235
5580
9270
2960
3007
6473
8297
6775
374
482
4298
4252
3652
6267
5854
8467
7996
5969
738
2298
5951
9286
8514
4392
660
1397
8180
3133
9695
7431
3749
4923
6325
4455
3725
2283
8735
1332
7232
1779
8462
6670
4861
6510
831
2762
5808
7152
5863
4834
7817
1184
5249
395
1657
7464
1377
1179
7742
4293
5705
1651
1932
2973
64
6075
8089
5700
5593
1989
8375
1675
3209
4316
210
5288
6941
5495
9782
806
8866
1907
1653
4631
3546
1709
3449
2592
9039
5831
2112
8937
2582
4190
9045
6609
5937
8957
3220
2416
9386
3888
9711
4584
6498
881
943
7997
8446
6988
3858
2713
5796
904
7931
418
3520
3532
4709
5673
6723
882
2055
1712
5124
1189
6804
7348
9149
7830
5716
7362
5345
8665
2846
3531
1230
1541
6532
9089
288
7457
886
8599
3933
5628
9023
6929
7714
9397
8501
7822
5379
3610
6745
7735
1066
7349
7766
47
7426
7377
8152
1769
2396
827
3412
537
1215
6307
8210
9917
1204
9503
5744
3417
2498
5098
5818
4926
4166
8773
8429
6557
351
5409
8842
2544
598
7461
7003
9402
7899
2268
1831
9747
6652
9519
9399
1577
6701
5027
4262
5305
7670
2717
9757
7317
2323
5081
7376
618
4368
8055
8618
5110
33
8592
4799
3896
2676
5293
1236
1420
6621
6422
7228
4549
9913
460
4788
7612
9086
6662
1308
6207
1035
2151
553
229
9026
4576
7743
3221
7505
4801
2236
3822
4390
5210
2421
9575
9878
4270
5522
269
8931
6005
5711
86
1689
2677
7979
6465
1686
4445
6453
9972
6562
1136
978
7220
5076
6275
3907
6197
4528
7998
1738
4447
9860
5170
7127
3121
9133
6192
5668
8102
6496
1226
1086
2216
8958
453
2435
9833
764
3967
7609
5708
7723
7203
228
6848
8170
9229
8154
7532
9477
6339
622
4069
2125
7222
8416
2436
2826
9408
8940
8101
8747
4487
7303
3334
3677
6836
4348
8869
5094
4115
1302
2526
1969
5841
4376
3924
1669
1824
1739
6427
495
2062
3146
7907
4380
8590
2370
5103
8684
5365
9067
1801
3428
2162
7615
5736
7769
7959
1482
1336
7814
2795
8161
5000
2368
2400
3109
3106
9533
5852
2016
2358
4736
5201
1048
8218
5825
8498
6224
8515
6928
5781
6303
7649
2102
8253
2008
554
1802
21
7535
1149
9010
6135
7815
5905
8544
6187
4645
8594
9610
5760
4897
8685
3049
6730
7570
6459
906
1457
1889
6706
6248
786
6302
7643
4610
534
1013
1050
3877
9751
17
5791
9918
4117
2262
3598
2955
5273
9064
2387
9885
8104
4012
1694
347
9563
131
4577
6237
8393
7785
6444
118
7605
6157
636
584
4748
5550
802
945
6222
3556
9179
5973
6280
3283
6550
3496
7050
5801
3635
5978
4436
5566
3452
4793
7918
1906
9410
98
1886
5070
9573
8529
6840
3802
2675
4449
921
5823
7218
7585
5067
2255
2579
6300
5262
9871
7365
4554
6926
4417
8001
5493
5967
5363
9579
9419
789
3734
6362
5079
9931
1326
7965
6018
7294
9947
5995
5925
4692
3004
372
9505
8886
3738
9139
3236
2985
1474
6996
6382
3270
8339
5620
4377
959
896
9211
6921
2401
1088
2145
159
7654
2852
5002
7030
843
2669
7115
8861
2896
9281
314
9019
9572
9291
6997
8727
2291
5392
2144
8532
2638
4171
35
4638
4422
1515
3349
999
7875
7947
9303
5144
6440
7920
7667
7967
208
4138
9226
9398
2025
8298
9113
2260
5403
3836
9980
1995
4352
6426
1667
5490
855
2514
8551
2890
6893
3660
8186
5732
4473
4895
1652
4423
7767
6375
2952
5216
5086
177
8245
8109
8017
5431
2122
4811
2774
897
5879
8065
4470
3936
8451
4921
9491
7334
4143
7483
6372
3080
1660
4071
8845
9282
7751
8541
7865
3113
4168
6636
821
4759
1691
5294
9437
3755
406
791
1319
4665
2141
3450
6173
1212
4776
6461
8064
2131
4456
249
501
8483
2359
7422
9982
6469
2348
8963
5634
5880
6259
5763
2623
37
2697
8070
2539
3271
1311
7364
8916
5851
2321
4195
7941
8087
1092
4132
8745
6088
9768
2630
2146
8307
5009
8694
9877
9096
4521
381
4763
6792
2115
9487
3501
1715
5948
7276
5357
6042
6520
3662
3138
5062
2533
3291
8366
1064
9823
8258
7009
9343
1337
717
8369
9817
5812
9203
3122
3028
1703
2808
1370
1432
6533
5640
7988
5297
2201
2270
68
9081
1958
9983
1820
8548
6369
1162
3026
1909
1251
2492
5565
7259
4935
958
799
9880
9588
8946
3518
1002
4603
8683
1217
6234
6451
8275
1746
3718
324
7939
5883
3811
7902
2477
9633
4236
5633
2109
6193
6379
9507
9525
981
6100
7049
631
1825
5769
1992
5200
5440
293
44
4144
105
3008
9658
462
9024
9145
5276
3216
6398
951
9868
1854
488
1876
4136
1904
6605
49
2305
2554
8331
2480
9344
8209
3054
8085
2202
8903
5901
5232
2694
3623
6226
8932
8489
2821
5364
1499
9852
5381
6608
8239
8122
3559
9788
8792
615
6829
4308
198
4002
5055
7261
3922
7206
4901
2959
2484
626
3794
4340
9762
7806
2975
3580
7211
5003
9109
5143
4841
3027
6924
4932
8033
8772
935
2127
6985
4397
4547
11
3675
2439
5169
8233
986
1412
8629
6916
7044
4369
6936
8478
3869
1431
5655
5256
8563
6932
3455
8494
8444
1105
8081
7039
3544
2626
1409
2577
2166
4538
3234
6658
6887
6500
499
2954
3541
4480
9900
6437
7191
9848
7154
8819
1788
1620
571
5302
6753
4777
8443
5063
63
8965
2028
9542
9992
7304
8386
409
911
9234
3033
7970
972
9034
1649
5399
9220
8881
7019
5375
828
5477
8759
6809
1928
8183
1924
2200
4890
7184
5562
1557
1
9611
8954
7645
8771
1809
7800
267
7264
4657
9707
2316
9544
4972
2073
9172
7558
6852
1581
6645
8742
7762
9883
6952
5106
5622
2310
7971
5505
7690
6760
6908
9065
207
6579
9381
6890
4992
6586
6232
3091
9421
203
421
425
7891
2706
1223
2497
973
4112
1976
119
5900
4723
8781
605
2834
549
5914
4125
2884
3177
5555
6407
3447
1357
5230
9170
6854
9383
5224
7120
5581
4647
1222
107
4097
5936
9361
3612
99
4484
2432
860
9405
3919
3946
2820
2215
5259
1748
8527
1288
4624
7296
8360
2070
7644
527
2415
5444
4148
7999
3850
5751
5615
1833
8116
8818
3870
6109
7299
540
8164
2798
9522
9821
7597
3231
3979
3889
9227
8568
8612
3364
1082
299
3991
2637
5209
1239
9763
7603
1539
4444
4259
1497
6534
9213
4769
3963
1993
3989
3305
7543
3268
625
2556
3172
783
5602
970
6512
1450
1489
9193
9570
6777
3759
4158
3385
3752
9748
7419
1353
9459
4813
3287
7686
2812
5792
1875
8452
7363
166
3292
4688
3261
1022
423
9601
4038
8337
9334
9995
2300
5096
3097
4374
8349
7072
7873
2258
277
231
6147
7602
7134
9332
3128
5287
9532
4543
7465
837
1552
9362
1602
117
3159
5336
5643
2039
3041
6306
211
3233
9379
8865
2685
4885
4313
1878
5204
9033
6367
5145
8655
2181
5329
2878
3300
7319
6570
7710
5236
7141
2742
1745
5610
4757
1625
399
6179
4864
6717
5932
3368
5008
893
2891
9228
7640
4941
2228
5441
2761
7099
9581
1760
5675
1210
3411
8893
2835
4601
6660
9998
3701
4365
2974
3934
7143
5996
5120
9687
3415
8885
7804
4135
4130
7179
6503
6738
946
9850
282
5696
3352
9987
8966
3077
2361
800
8830
3695
8761
9929
5556
7541
8518
8876
7004
1129
8622
316
6123
6522
2453
3426
4844
5085
8753
8306
941
3036
8251
4760
817
1220
5630
6647
1744
6388
1083
1832
7229
8295
1537
2218
8873
4536
6628
6063
2893
955
2730
6283
6724
5092
6912
3508
7936
1103
4109
8807
255
9207
7017
45
804
8777
6204
4176
2078
7566
9979
4008
8274
3098
5221
8025
3741
4476
9844
8188
8077
8067
8733
5597
8342
3181
6
3943
7011
8497
1569
3664
9984
1674
6491
5498
4343
589
1487
6617
1785
1897
6140
9352
4929
1731
8595
3782
7221
1271
4057
2805
7786
1929
2452
2897
240
182
4407
5427
5704
2665
6497
6373
2825
1784
4159
7056
2402
3372
9441
3331
2737
378
1264
8362
7260
1894
7386
6158
8852
1504
5652
678
5148
9928
7689
3250
6821
6511
2633
3656
6770
6455
9147
6768
7090
6691
201
7493
4964
3565
9302
8231
2531
7831
8984
3475
4694
8644
9427
3604
2573
2392
6914
5049
3710
7874
1641
8214
5342
9236
937
3585
6935
971
4608
7497
82
3554
5802
8415
1009
8874
5800
6790
6856
6680
9486
9646
5454
7199
3386
1361
9460
9003
297
4854
2764
7618
1386
4026
8159
2667
9681
3039
755
7703
5146
9727
4835
9057
6082
3046
1990
9104
9966
7662
4907
3722
1341
1402
1141
6727
8633
8323
7106
4617
3481
2345
4098
9840
2286
7280
809
4973
9596
8675
2865
4753
4962
658
9526
1152
7588
4939
2481
2892
4199
6622
2449
4341
8779
1281
1815
1084
1579
1863
8664
6212
4803
4443
3079
9935
7924
5840
2739
1846
5033
6683
134
9685
9230
8490
1469
5747
509
1280
4291
9715
5122
7405
5749
6171
5065
2123
1853
5881
9166
2406
2631
4809
637
1094
5656
1768
4032
1488
5278
9956
7302
4591
7720
4324
4977
2661
8056
286
9511
3852
2735
7914
6934
1650
6937
6002
1200
6066
2265
2302
6170
1293
6708
9665
6879
6313
1058
887
1676
3103
669
8625
9433
9510
4728
1699
3414
5182
9977
1666
273
1800
7128
380
9199
6014
1874
7083
852
7849
8166
8266
5438
1119
7501
1400
9758
6943
7577
1961
130
9098
4147
2644
6758
7819
8270
7327
4520
9204
9079
7188
2116
7565
8758
9771
1646
9169
445
4045
3296
5172
691
8199
4938
9128
6713
6699
3673
1973
7111
2184
8027
7836
8049
5504
4792
9795
7158
8974
437
327
8645
9085
5497
9759
6384
3651
2045
1611
5537
3950
5733
6400
7995
5761
6039
8621
7500
9773
5156
6546
3360
1405
4165
3860
169
8034
2979
2989
6264
6181
2174
5099
3647
6246
1522
5968
1562
8868
1838
4696
6009
69
1862
9025
1165
3637
9571
4934
9978
5150
278
7346
7475
7619
8985
165
4446
7915
1369
3594
4072
9181
3717
4533
4502
5997
3078
8904
1532
6874
9336
7620
34
8878
6268
8148
1208
8907
1012
4089
3153
1142
5651
6321
5770
6344
2937
3242
1565
3252
5352
142
3912
9515
1481
9182
4894
7834
3156
6499
4295
3143
3624
6788
3839
9006
7198
3845
1393
4940
2296
3034
5258
4482
4129
6855
4156
5367
687
237
5889
2619
2352
6167
9471
5295
7975
9660
7893
3628
7961
6761
6901
4780
4210
6772
9874
2424
7771
2241
2803
5946
2237
1109
520
905
6176
6492
9004
9243
5491
5190
7715
2227
545
3118
4406
9164
2093
1503
778
8053
4879
5434
5048
9308
4384
2986
7510
1553
8701
9668
8195
6776
1540
9021
9420
8762
3391
4457
3037
3223
5773
5372
4419
9693
5257
4741
5872
6580
1107
5410
2615
638
9960
4211
4722
5571
1167
2600
5045
8062
8060
4541
6767
9479
3698
276
7903
1426
9143
1460
5416
6134
5843
9605
7335
2576
6834
7138
7253
3726
3941
857
6111
8816
3772
8315
2779
5585
9247
2142
5734
4687
89
2461
4278
1347
1334
6553
4011
865
8888
9295
851
8768
5155
4221
1818
8875
4791
5627
7498
8144
7518
3088
3679
183
8997
3304
4242
2720
9090
7396
7948
8652
7734
3500
8163
9805
8119
8080
9591
7277
9740
449
7281
9072
8511
6994
6191
9986
7608
1378
7854
3093
6097
8319
6524
1730
9826
3783
5135
5353
5267
4349
4648
8764
2134
7212
1383
5813
8506
1948
2413
586
469
3838
8649
5130
5509
2383
85
8072
152
4580
6925
3243
136
1628
8531
2790
7716
834
6615
5057
2642
8111
137
4715
8225
8036
3925
8007
2071
6065
9082
7545
3671
1213
3345
4953
3162
6839
5961
740
3420
5982
5386
556
7784
7331
1398
2932
214
2962
2293
4413
483
1813
8943
5417
2313
9794
1100
1885
653
4280
7719
6433
4816
242
5228
8407
4881
4770
2192
9161
6859
925
9162
7859
3988
3709
4356
1028
4269
8038
1300
6845
5132
6639
3229
8535
7160
3880
7897
2285
1923
1663
6185
3384
6572
4091
2207
5349
6243
5985
4585
3602
4342
7295
8373
1848
8879
1737
1250
2716
3254
4131
2983
7241
4309
2905
8909
7755
1643
2765
9464
8237
1930
9416
9756
4030
7529
9366
184
6596
2408
1953
7950
1196
1679
8427
4438
5672
2104
7074
3435
517
2859
7318
3280
294
390
8441
342
6737
7065
4904
8826
5740
7172
1234
8206
4302
3017
9359
2729
4187
2743
4167
3932
2791
8708
5587
594
5024
4120
9557
1199
417
7930
916
4151
3277
7142
6278
3082
3057
531
9670
5945
5457
2128
3404
3859
6270
3116
7237
9239
4683
5543
4705
2538
5205
5873
5986
9369
5578
9163
5815
1120
8820
5902
1530
2572
3142
8312
6750
871
7525
1148
153
2624
9060
18
9671
1868
3196
7533
8346
6666
3670
5140
558
9119
3362
5942
8641
4263
5636
9999
2800
9355
7474
290
4961
8543
83
1603
2420
5959
3863
5678
6329
8908
9750
5166
5405
9390
7984
3022
9417
3843
3145
3571
4240
9954
1410
5097
5117
6343
7586
6129
8096
4643
9329
8811
8103
3821
820
7223
7614
2969
957
2913
7598
4662
5261
5004
5896
5897
8365
7378
4955
5299
2488
2195
9887
6213
3682
976
4989
4124
216
6337
2075
7960
5547
50
8693
5735
2605
1137
6946
6643
4969
8646
8046
3021
4461
9372
7046
7945
6421
3180
7450
3997
8305
5599
4646
3793
7607
1861
1606
8930
8091
1037
5877
2167
4100
9926
2886
2496
3405
3861
7144
1486
5159
1352
3770
2707
2269
2836
1126
8558
4500
7993
7137
6655
6930
8988
4418
1634
5662
9622
2527
7732
7360
9338
592
3966
5333
7927
4988
2617
5783
2627
2903
5706
1283
3100
3618
1806
9242
2156
5323
3581
1111
6086
8790
4583
2684
8398
2231
4893
4099
9261
5053
2714
1314
1150
4043
8324
5026
8480
4175
6121
6585
2857
4218
9111
8227
4029
1749
1615
6361
1229
465
6613
4232
5647
7366
9724
2158
8660
2768
5814
6902
6405
4613
4359
8626
6869
4762
6700
9963
8083
7702
5956
2889
9190
4062
2441
7805
199
1399
6486
2254
5040
1747
5187
1310
2688
4712
6954
139
9746
6614
8084
3577
1071
2490
284
9017
507
5776
8400
3441
7180
8537
7282
7021
2079
9640
4855
3763
8437
4268
7314
3854
4191
7209
8344
8955
9683
1542
1366
866
8760
7181
6904
7692
5112
6310
8858
2333
3958
5692
7041
212
5714
9103
9330
3829
3197
4975
8923
3084
287
1711
2389
9990
8226
1572
1371
9393
6711
5291
5838
7781
5688
7051
4848
7571
1411
5481
8040
2445
2850
1172
5309
4667
4267
5722
8815
7884
1822
7254
8623
5774
2559
4909
8073
585
2748
8117
6870
2773
7739
5104
7097
522
2997
6255
7481
2649
5445
4622
5346
7632
1560
4877
4615
7130
2785
2376
5616
6694
6250
2067
5074
3497
9566
5060
9411
576
1648
1554
9053
2854
6484
2111
8919
7818
6950
853
9922
4900
4839
8933
2814
3809
4627
5189
9008
6055
1133
3719
6241
8329
3348
333
2610
7876
3378
4426
8945
3470
9778
7040
7279
341
6778
3346
8374
2315
4773
3935
5428
4891
6958
4775
4756
8892
7789
3740
2551
7673
3658
6254
8024
8561
8905
2037
8812
9322
3119
2347
3917
6648
2076
2301
9105
5935
8850
1695
7187
5950
1510
3563
5639
5439
7695
6847
9073
9468
7681
1451
6474
6206
4379
9323
4832
1021
7851
8596
7816
4633
9753
4322
7095
4039
1743
7551
4409
5296
2847
2292
8499
4649
1180
5857
987
7114
6849
487
7821
3872
632
5866
5239
4684
213
3131
3536
3485
3527
9723
1946
5316
9951
5927
9201
3495
7108
7103
9095
48
5912
1803
6569
3945
365
2957
6762
4937
568
7088
692
6141
9428
3516
5016
8450
1277
1534
1186
9676
5971
1925
9970
8802
5456
7470
4701
6383
9116
602
8160
7977
5301
4017
4586
416
9324
1597
7956
591
8420
9140
1329
9690
8348
5037
9567
9300
5689
5893
3606
4410
5068
7758
7379
6368
7825
2977
8695
7440
2229
1952
8517
9832
8706
4331
6980
6142
472
3708
8184
4016
2365
6825
9351
263
6634
9561
9088
9806
7478
3044
801
7926
8920
4876
6623
2061
650
5803
4737
1292
8579
8841
4275
3648
7782
4620
1464
9908
6376
961
9058
899
7235
8620
5091
3341
463
7823
2414
8993
8854
3089
9955
8301
9167
8300
1852
5669
3824
1238
8681
3519
5028
5820
2880
7799
6755
120
9465
3464
8884
8281
4850
775
3377
6279
8353
8388
4843
1052
8335
5601
3387
914
581
6972
3646
1879
1036
8935
2744
9094
6209
7329
696
3982
8648
8539
9404
4540
8887
3253
4080
2412
8670
681
3388
2354
9626
6824
3157
5551
1363
8902
6161
3913
2899
8380
1500
9337
8864
4721
1449
1933
6456
7787
8194
716
1902
3885
2136
3031
890
9454
8318
7102
4001
9830
654
7151
8481
6252
6332
9431
574
5286
9409
3568
4658
2537
6556
5614
6540
6094
4208
1507
2807
9743
7270
2782
196
6026
924
5885
9450
2456
4304
2712
3408
5211
4118
1290
2674
2468
5051
2205
983
9074
6719
6257
350
8950
5721
8970
8354
1847
8770
2349
5730
4177
8936
116
5605
825
7219
6554
84
2725
2721
6971
966
643
628
9129
8302
2177
1174
7145
8650
7850
1007
8510
3454
3326
4515
2650
5188
93
3539
3732
2895
6725
7015
4403
7756
9755
3059
1971
6394
5682
6095
8524
776
4414
1354
60
3583
6419
3092
9619
3507
5311
752
7381
3901
8495
909
2616
5162
9425
1708
2612
20
1635
9277
158
5765
8578
5449
9307
2648
5263
8088
3930
4629
607
9156
4566
7685
6938
3030
7126
2558
5512
2377
9346
5395
2509
4979
304
1224
9278
6827
2419
7029
5285
4582
383
7680
3834
1479
3881
1423
2072
2046
9185
611
43
1023
8562
6227
8705
8061
3621
3370
4256
3264
3333
988
9099
2467
4219
3506
2844
3928
773
3776
1812
4744
9252
9731
2994
8821
7777
3205
6740
2643
9488
8766
6326
2564
849
723
595
5319
6049
1494
42
1804
6896
456
7595
4330
1442
9863
9137
2818
1348
9210
1921
6933
9652
979
4902
8326
9237
450
256
2598
3878
7838
4121
7837
7568
8487
7761
2053
388
3176
9904
3713
6692
2941
8022
3696
8586
2646
3553
1549
8552
5111
5161
6576
3434
2356
2507
3413
3338
3480
1237
4044
6910
4485
2043
7797
8832
7353
246
7042
4593
8216
3535
5568
3422
5408
1834
8368
6164
6006
3390
3985
8146
5731
7555
5250
2472
3978
4518
7372
5741
8332
9463
2138
2208
8717
2876
2034
1545
2410
5536
1025
9195
9231
1693
5492
4064
428
514
2096
917
4027
4553
8343
2683
3683
7696
4872
1872
6319
7226
8351
2929
8179
7234
2515
181
5387
8824
8232
8223
3730
2981
268
1122
3810
9897
1132
8248
927
8938
7746
7139
7061
3765
5955
748
1114
9504
5983
2000
2953
8465
9253
7494
4095
6200
1590
4724
6853
2069
5545
3132
2411
5859
8751
7347
4697
1309
8014
4318
2928
6688
694
2923
8897
8456
6598
4431
9009
9349
5919
7169
4698
8421
7393
1159
467
2755
8715
4188
7590
4412
3173
4800
7954
720
3479
2597
6539
9733
6993
4619
7569
5779
4892
7658
7284
338
6728
3225
4361
4513
3400
3206
1000
301
1274
7772
737
9080
5649
8137
5090
7231
9436
7110
2171
4537
6037
6102
1433
5031
731
1068
1555
8466
9494
858
5095
3129
948
170
3653
1656
9889
8401
384
7596
303
3002
447
5637
1138
8171
1977
5142
150
7052
2113
6831
5320
272
4096
4739
4680
2493
9598
4475
6108
1764
5618
9804
2810
4860
6990
8967
8723
9858
4178
7135
9577
4223
8634
9517
2168
5862
6230
7439
9218
2278
5789
3566
2843
7592
6900
9886
6595
1104
9040
587
4225
1670
8472
6087
528
2038
5168
7639
3055
103
4669
8358
9314
1865
9373
7392
7520
6412
3461
6035
7178
1209
8410
4906
1704
9087
9924
7820
6113
6686
4539
8913
2217
6493
6842
187
2465
1978
1004
3702
113
1085
355
5754
7482
1941
340
361
5679
4020
2482
1041
529
1791
6098
6806
8914
4102
9786
7202
3993
1873
6126
9309
5809
3984
4569
5328
9316
6959
7022
8414
5463
8130
4871
1792
3272
2753
3175
9365
6261
9997
6864
780
8686
160
6604
8282
8408
2251
9474
9884
5508
5407
6796
2593
3427
7765
1001
8299
8639
8457
6488
9320
5726
5240
232
3228
5179
4101
4344
3468
2288
70
3509
7511
5750
2566
1261
222
4925
5269
3826
5361
1734
6411
16
4517
5471
6682
4556
1182
1294
1919
1127
7155
8066
9937
8492
30
1301
6679
4094
362
3444
6273
8268
8133
3983
2783
7728
7215
2397
9049
543
275
9938
9737
2840
3579
1573
441
6897
6906
9
5325
8732
8839
5266
8377
767
8642
5915
6989
405
4180
8042
6881
7892
7733
5929
6084
9688
1043
3768
787
215
3357
9738
2591
6122
2823
5153
8158
3951
6391
6793
348
8784
9584
9272
5864
3424
6318
7867
3609
5154
1018
9424
1943
4253
1445
7610
7298
765
7462
2786
1379
3633
2668
1206
7438
536
926
1350
466
9898
719
4691
6125
2024
5136
7416
1783
1736
9134
3704
5527
2594
3361
91
706
9273
2567
2958
2988
3085
6452
7504
6244
1519
7078
7477
9498
5980
2771
6358
5
7038
2839
364
6286
7599
2671
146
4851
6203
2569
1985
1685
318
5054
8564
9829
7536
5059
9538
1045
1315
3309
5666
5222
5974
143
9790
9943
9698
7247
9700
876
2708
7730
9483
2147
3476
4150
9285
8725
9406
4730
3330
2438
4305
4222
3192
3161
8837
8338
9669
6076
1203
8230
758
2689
4212
5423
5742
1956
7621
1175
3504
7660
3748
2271
7382
5489
2118
3108
7856
4391
7653
4134
66
847
3279
6953
555
666
4042
8947
1960
3564
2464
5185
6028
8538
8110
7472
6610
4448
8934
4915
9063
9259
2934
4239
3638
4006
4710
3902
8003
7225
7094
1617
5855
9543
9712
8134
9647
3813
8604
4430
4048
506
4037
9721
6665
1531
9482
5453
2459
3721
1008
7208
2143
949
7981
7688
8765
3019
9100
3667
3258
7863
1087
5575
7991
7403
965
3627
6186
4830
8447
1339
6467
8006
7195
7650
790
1285
8168
9484
9580
1245
1828
9810
1408
938
1827
2077
5214
7503
869
560
5613
5533
9974
5371
6558
7611
474
2487
345
6152
705
7006
8941
8973
8422
8730
8863
7157
7908
9701
8057
7882
1536
9461
4060
2399
9106
9356
6663
9535
8228
8100
1860
2984
1991
7408
5583
8512
6013
4464
9719
9022
1416
4000
1187
8153
665
408
1789
2931
9331
982
3996
6591
3974
1934
5563
7446
4394
2520
5632
8557
5719
1706
382
6130
1394
5082
3868
6460
4504
1799
627
5989
4888
6843
7164
4093
8145
3684
8754
259
1246
5764
6322
562
5324
8667
3766
6079
6815
5723
583
599
5482
5839
5011
5520
3672
1345
3024
2474
5378
7514
9447
4742
3746
3314
932
4127
7827
2510
5517
36
2505
221
5376
9594
919
754
7466
4421
6685
883
6818
5970
1841
7678
4676
3067
2267
8737
1033
9340
4903
31
1417
9223
3240
4635
5412
8293
9716
9761
3255
291
6105
5360
600
1702
9232
6096
3219
3124
4192
1253
2806
2362
3484
3149
3065
1754
490
4041
8430
6156
818
3650
4490
223
141
8187
7579
9720
1164
3697
8023
7242
3530
1295
9713
2451
9967
7641
6519
8139
6269
4076
4034
2287
4319
25
7133
7197
5058
3735
1476
3463
7989
1380
8969
174
3285
2261
772
7307
4595
2500
164
5659
3201
9981
2778
7697
4065
3791
9948
6487
4086
1112
1256
2284
3351
1910
8696
6502
3522
3756
2494
1576
4534
9012
2186
9020
9893
9890
2366
1390
6593
3260
5347
1074
452
9451
9820
6211
6731
2901
5858
77
766
2012
3202
1893
4604
2845
53
157
9157
8823
8799
2873
1965
813
2329
3512
9130
3786
936
3366
7132
5496
6551
7919
1154
7100
257
9448
1446
6820
541
7238
5528
1981
8757
9944
4644
6114
7846
9653
5557
4983
3626
5220
6040
2021
2375
8208
1529
736
5116
6001
392
2243
5654
9268
9945
2303
2502
1751
7829
4527
2869
3681
3601
4398
4153
5225
4108
2855
2757
3130
864
7428
7323
6463
7098
4479
8039
8172
7811
8900
8702
7399
3198
1124
7913
1303
5788
19
6354
4565
7
9317
6703
3163
1040
1356
5875
1511
2758
8948
6927
6885
2990
5231
8162
4119
8090
7310
5835
8828
6578
1683
171
1548
3787
238
2105
7455
1823
8630
6265
8364
4274
3707
1193
2033
9691
1244
9729
9787
1257
2609
5017
4845
6057
8423
5035
8610
929
8785
6573
567
7707
1896
8314
9445
7063
5822
67
1169
4994
5842
3340
8624
5755
3801
6765
1895
8439
547
1677
7086
630
1939
3182
4261
750
4882
2547
814
9048
2728
1454
6489
4227
8750
6631
8636
7616
1869
2796
8412
2013
8663
9638
61
9028
613
2749
5979
335
7447
9583
1716
2692
2699
8174
4139
6757
6865
3844
5784
3699
8246
101
7034
7810
1276
5910
7342
9044
5007
2993
5271
8991
3321
26
7024
8546
8503
1607
6180
4260
781
7780
1205
7928
8236
6676
2132
8476
7507
1578
901
8679
6020
4859
7402
8392
6659
6323
5282
661
230
6317
9215
873
6068
9274
8135
5626
6911
7313
9559
3952
8136
8690
2083
3396
7149
9764
9684
3937
4812
3379
6245
7879
6515
2393
1512
1156
7560
4640
6004
3032
672
9741
564
1766
5235
2947
2107
1436
4113
5149
9160
8523
5181
7404
8951
8982
2828
3337
859
8509
5499
1485
1059
3482
3096
5664
2770
5619
7663
5332
5343
3758
7704
6696
7159
1613
3926
956
5999
8043
8288
4325
9432
746
4579
8746
4840
533
8504
9061
4548
1134
9933
9770
9146
1659
5516
9296
1483
5404
1372
145
9070
2044
7684
6892
3631
9093
7634
2680
1313
243
5876
1661
3215
3058
4820
6877
7987
4373
3895
3987
8605
430
4194
6689
1684
2041
1391
8008
563
5217
8150
9240
5137
2172
4277
7530
8880
9527
9132
8577
2017
2933
6083
7300
4785
305
7972
9814
7089
8220
8118
918
6052
8131
1027
2319
3290
561
432
477
7168
9188
4248
3931
4425
6798
8536
5334
1671
9569
4836
7473
7113
8995
9476
8534
8635
7990
8317
8204
6602
2670
5846
5882
8404
991
5152
7887
1582
4947
8704
9552
7547
446
5478
8012
4707
7741
1796
4503
2996
5245
4049
6678
8289
5115
2183
436
2700
6177
1922
6889
334
912
4618
815
9803
5022
7176
2741
3174
9180
2853
4781
8217
1178
5638
4993
2450
2595
9649
3883
8463
6529
7265
5684
5933
7554
9942
7791
4282
1491
7255
4754
5402
3720
854
4307
1622
953
1015
808
5465
5284
2917
6565
439
9244
4155
6439
8977
9453
2536
4573
9662
190
6386
4389
9923
9800
3990
9418
2327
6335
7193
713
3230
5113
2324
8697
2946
7512
3915
8313
2568
2578
4350
8115
8780
5089
9192
5992
8390
6048
570
28
6787
4251
1465
5780
5123
4819
4286
1147
2428
1979
5611
5826
3892
6530
3948
1067
5707
2948
9327
6080
5635
6523
3472
4660
4405
8979
9027
206
3369
4807
4055
8867
8068
4164
5767
6764
396
1387
5268
1441
9911
4497
9815
4886
2906
6403
76
5042
3514
5903
7718
8719
4862
4999
9739
9221
4916
1753
3267
2635
5794
55
688
4768
3515
1269
9551
5542
4702
4626
7868
2809
1265
292
6148
3208
1575
3489
1362
8992
4887
4529
5965
9249
8485
1456
1249
100
360
6356
2341
753
6841
1089
9121
7068
8334
2252
4802
1898
7898
7268
2385
4453
4266
1600
7427
3940
619
7451
8051
2148
1614
126
7278
6479
6808
5991
3962
6759
6782
9509
2381
7437
7628
2448
444
1692
565
8981
4555
7974
2751
614
3212
795
1115
2504
1556
7774
542
7985
7557
1817
3246
6415
5069
8278
5677
3382
5795
9499
419
2992
697
3745
8260
3416
6223
92
9679
9117
193
7669
9078
4433
639
3061
9841
908
3425
5418
8157
8987
1645
3126
8219
2904
3693
4311
4033
822
8458
9927
9115
5380
1073
2092
9354
4229
1997
8086
6153
90
7007
491
682
6145
930
7248
3879
4233
4123
1375
8207
9914
6251
7062
5753
7417
2586
9358
4616
530
747
6982
7333
2636
7002
3622
2139
7370
1262
9478
8632
4829
5243
2495
8603
664
704
617
4732
2792
6995
7519
5246
6944
6218
6293
5941
4766
3284
2875
9994
9175
8461
4105
2580
3788
59
3165
1955
9374
8743
4460
4853
8026
7844
106
357
4857
743
4378
7748
8728
9014
4596
550
4234
6507
8491
1030
6882
6862
8473
9414
4974
8716
2867
296
5752
6058
6894
8280
3053
7976
3339
8921
7835
2170
5806
9197
867
3992
3324
247
7693
9876
135
6395
7444
1320
1950
3183
204
9250
3862
3274
8972
5584
1915
5975
3471
5524
4917
400
641
3998
4404
9066
9775
8749
4315
5782
9680
8899
8108
2908
2819
1284
5356
9342
1166
3102
1427
9348
3959
191
2351
8960
1151
3995
1912
7922
4621
2059
306
3430
9831
6601
8729
5657
454
1158
1430
6449
4611
667
2372
1428
4149
2848
861
2473
9879
3069
4743
7584
7066
2086
8593
4880
7949
6633
4437
950
2570
2608
6021
9792
9287
3784
1568
8185
5939
4875
4856
8637
9258
354
4332
6974
4945
4797
7880
1323
3066
9508
9530
5886
6948
3389
4607
2942
5964
3195
1892
9636
7326
5807
3687
5298
5338
2722
3886
7642
3419
7117
9827
7468
5207
4928
2769
8915
9462
7407
8631
4628
7627
1936
6219
6201
5625
2273
9735
3639
2513
9666
6007
1668
6667
8553
7916
2829
2407
7655
9975
2864
4599
6183
5906
6445
3421
657
8191
5793
6528
9035
8668
5687
6019
9714
8015
7480
8426
9029
5594
9443
1612
1116
9597
2014
784
6814
5670
1765
8774
3045
471
3659
6823
8442
264
3488
8384
3029
9187
4996
6093
1024
519
8983
6242
8303
6436
179
5442
9857
4021
7857
7391
4787
2007
1644
5036
9760
7994
3816
1637
6162
5466
7121
7763
2837
2050
8431
5834
8848
3825
5280
6588
4838
7330
588
7374
6480
195
302
8849
2910
7647
768
9118
8395
1477
9144
4570
1682
8032
7008
9547
2781
478
1580
8121
5134
4905
2058
4074
368
9528
5513
479
4522
3227
4623
5480
1509
3714
1591
2049
3867
8508
9780
2565
1945
3278
794
6029
9582
1197
2384
7239
7146
1899
4466
3073
1330
5018
8651
2121
9141
9969
492
9492
6967
3373
1069
3830
4750
6392
6951
3597
1452
7773
3920
2967
7630
3090
1729
5177
4870
1248
3443
5766
9785
1741
71
9767
3548
8748
6309
9238
6416
6801
4952
4957
4289
3510
4186
8381
7537
7775
6817
3549
5572
7165
9964
9052
4693
2794
6044
3545
2760
7675
3729
1455
8397
8613
2506
6138
9968
2999
9518
9789
5957
5898
7966
189
8615
4366
1055
7388
5254
5077
2841
1887
6779
745
3056
9873
3383
2552
947
1240
2562
3099
2811
2970
2719
5577
7430
9255
3293
4896
7325
7883
6110
393
4814
4557
3592
5350
4805
62
2870
2691
5411
5307
3582
8198
8654
3939
1520
2622
8734
4056
7204
285
3689
7671
7843
9069
4023
3833
3107
6504
7122
6423
4140
8396
4205
3211
7952
3203
2793
4015
1440
3558
457
510
612
6671
3374
3908
2239
2912
414
6124
5043
3890
7953
1403
4986
5539
2972
1722
2705
7847
3676
7332
7722
5075
4815
38
6404
6644
3864
7862
1733
3511
74
192
8269
4822
8413
990
8165
9692
8678
9283
1821
2907
1010
3812
2137
4726
734
1849
2339
5674
234
3440
8526
1940
9062
6741
115
7958
6905
1259
2651
5251
7779
2295
1673
2911
1392
2317
889
4022
3780
9245
969
2557
5458
504
3190
960
3295
4492
8428
6099
9628
759
2434
1006
6091
3457
2403
480
1207
5960
156
4951
9241
7257
4878
9717
2130
4317
4189
3111
2245
1484
6773
6380
9202
2621
6357
442
6716
9165
485
1113
4338
8385
8836
4241
3123
7035
6819
367
1837
2346
7156
9514
8521
8643
2390
683
7186
1422
2902
5790
4672
3596
8956
3706
173
3874
6046
6393
5748
4944
709
6630
5844
3286
6681
844
6365
2064
6073
913
9480
2395
1241
2476
2503
2343
2417
75
1774
9377
2225
8574
6350
332
2968
2030
3081
3204
2662
701
5836
9497
154
9560
4249
728
4179
3586
9600
3256
5107
8050
5899
6915
1506
4873
3804
4524
3815
9353
4713
8028
4230
6231
7624
3550
8211
6262
5683
8912
4552
1525
9382
8411
6981
394
5274
4767
9321
6112
155
8585
7824
2652
1192
3367
1911
5648
8173
2620
5526
2682
1647
6922
4284
2964
1593
7929
6718
4747
3018
5824
8078
3728
7866
6466
668
7356
6117
9246
9703
6561
2259
4675
1231
375
6482
5023
4510
2015
1368
3819
4182
5012
7266
2447
6290
7753
1505
9629
7757
1988
5514
8272
1490
7411
5816
8387
7409
727
3397
7980
9599
7245
8406
6733
8263
2280
8126
9124
9540
9083
1558
3244
7778
4678
6999
7320
7870
651
2723
9280
8676
4771
407
4523
6189
4345
6543
4689
7548
3365
2711
6288
2367
3178
4650
3849
1019
5292
503
4250
4228
2517
1980
9976
8460
6625
7244
2006
6115
7488
2918
9233
9835
1559
862
57
1054
5990
7910
2066
5502
9371
9916
8752
9363
8720
3887
1587
4066
2603
9812
2618
7357
9469
2491
1742
3171
5811
4128
9430
6963
4561
1855
3262
2930
1194
6577
4656
3
1434
1999
6766
9604
2657
1270
1867
3343
144
2388
3969
9781
1843
9682
2198
8138
3154
845
4355
353
7057
5709
2334
9657
1480
6475
2663
4116
1493
5501
9655
9112
8378
8271
6298
8855
6505
5486
2664
8798
2590
4122
538
3395
2909
1697
7524
6939
200
9191
2196
8786
5890
5450
3160
8829
9907
2081
8971
1781
5462
9423
7591
6810
3909
6089
8071
205
8891
3453
1335
2816
7708
280
46
6301
3905
5938
8265
4798
2776
3043
6888
575
4300
112
9896
6295
433
7840
3705
9122
8093
4948
9466
2031
5848
4353
4980
163
9725
7572
6118
647
6159
3743
5126
6616
4725
5713
8731
1586
73
9123
3938
4053
6747
5339
6348
9919
8004
3827
9865
6868
2311
1242
5582
346
7923
5121
6017
