8142
8370
505
8508
5354
6065
7398
3482
2869
8254
360
4305
744
1607
5389
816
1391
7778
9715
7110
934
2549
130
5612
5259
4951
4457
1254
5624
2389
4670
3360
7989
4319
4728
4372
6525
7026
6196
2620
6636
3920
4477
4063
6782
4323
5012
9801
9325
1359
1678
2932
626
8690
4593
3485
2177
6556
2374
6681
2474
8074
1893
8704
1846
7715
6022
6942
5034
1239
1194
4917
3081
7891
9257
2024
6072
3910
6588
1617
4151
1760
481
2225
9788
4060
2353
2576
4518
3115
4463
8424
2735
3978
2733
455
7055
3230
7881
2993
2471
1443
3144
9358
1863
4117
9463
5056
6360
8647
250
701
8635
4929
6147
2196
4456
5707
7697
3
8461
5072
5882
3167
2683
5503
8938
4386
611
8756
7785
1520
4842
3107
2798
991
4975
1212
3609
3446
6762
7824
3942
8559
4726
6315
8621
5535
2408
906
7226
738
8358
423
1673
7936
1468
7523
3289
6540
7880
4234
2345
1834
1774
6696
6685
1605
3573
6817
6257
2875
133
3652
2725
8076
5192
1448
562
5124
9436
3804
4353
8399
2289
9659
5451
6187
1471
6203
4565
7325
8265
2846
5215
1428
5569
5798
4012
2624
923
8167
9472
7380
4453
9497
7611
880
5646
2631
1020
5896
579
935
521
3069
501
2069
7264
1276
5956
1160
1365
3090
9781
4443
1995
4870
4167
7001
5021
9596
9565
3603
2599
9862
7625
3601
276
4567
3717
122
1691
1371
8226
5145
4849
4961
5186
9330
3878
368
9331
3415
4107
355
6307
3855
1446
9147
1111
6449
5136
7248
5912
5625
9776
5439
8992
9104
9447
2083
9922
1044
8090
7432
3881
7156
4112
1877
2303
3120
7943
1203
5181
79
9977
2531
5125
4988
3753
7772
6054
2087
153
303
6354
2279
4622
7903
5487
1878
4937
7807
2697
6672
4452
328
9243
6005
9916
7720
4971
283
6732
2032
610
980
1963
5851
8923
6235
6957
6896
6807
3661
3372
239
8386
139
7799
1890
4890
3155
8107
273
8808
1192
1131
4894
227
8453
1037
9495
3742
7510
2892
3639
6421
6215
5499
6427
1712
6346
1563
8963
322
9574
9136
4765
1763
3242
6140
29
6080
2785
4920
9800
9797
2942
868
1518
5871
5405
7919
4163
743
1904
5576
7633
1644
730
1284
6698
8239
1997
4136
5295
1367
2022
926
2756
7800
9215
9743
8920
6395
9131
5842
8638
9375
5092
8847
7867
2390
8688
2976
1034
4152
6209
4392
3058
6721
1913
6312
5399
3406
9498
8227
4900
7701
1269
1358
651
7102
2977
7267
7871
6013
375
1706
6590
3818
7499
7310
7435
2274
7833
9222
3070
3957
8477
6436
1073
2662
2878
1463
3037
2332
7147
5271
7721
5673
1458
8186
8503
1646
5671
4207
2905
6208
40
2462
5894
6697
8563
8589
4730
2447
7681
8145
7960
5908
6719
6367
5688
94
3799
3809
1372
951
5207
5757
9511
9244
6289
4979
3984
5043
2999
8789
4015
6668
916
3991
1507
4068
1089
9585
3553
5977
3623
2183
9693
5471
7066
6265
4049
6570
8933
1002
9208
9094
7112
6856
4229
5878
8398
158
9291
3731
6382
3156
8955
5847
3748
2403
4139
2012
143
9964
5745
5900
9731
3752
2521
9097
5495
7555
1079
2644
7862
7003
973
6305
6948
4014
4029
6900
9769
193
4343
1186
7896
7259
6439
4795
3061
2887
1013
5164
7743
8330
1711
2155
5985
3664
3085
6183
5437
6218
4771
1591
7255
3859
5356
4081
3175
8717
2400
5313
5059
3888
2245
5806
4018
7577
7396
8675
8577
4138
944
7543
851
7549
5089
5095
8633
3918
4789
7301
600
5596
443
4938
8101
5787
1820
3253
1486
2318
4128
4237
5906
1154
7814
5177
8547
800
2911
9816
2507
2938
6739
2259
9845
9603
5430
4007
9419
6759
3509
5603
8542
4780
5083
2154
5327
5004
2467
7819
3046
1747
8471
6040
2433
3566
9342
4312
3654
7951
3909
6464
2348
9307
8595
8871
349
1425
1609
5618
7975
5276
3787
4964
7111
3882
367
3088
4440
5054
6788
1345
9637
6796
8746
5848
3272
1409
3872
2354
3113
4408
625
6909
4873
6313
6121
5310
1858
2016
560
2786
4396
8944
6288
4450
2481
403
212
9385
1347
8611
7996
4858
6290
3846
9108
7568
7092
3466
6794
9315
9720
8722
9605
2205
2053
9216
2294
9338
1156
3129
4004
4047
9022
7931
2232
6417
8855
1768
953
1887
8899
903
1406
9502
1296
395
5677
1759
7335
1888
925
3131
5138
1530
6441
4631
3705
6478
952
3015
4257
7654
7371
6046
3532
7732
8459
6435
7439
5345
2030
4273
294
235
909
4488
1119
3677
5829
7453
2847
8610
3491
8052
8450
2430
802
3832
1499
3315
9848
3857
782
4432
4265
5375
7415
9224
6212
1217
3296
8987
8760
1016
7837
7870
7815
6881
8998
8534
9251
3795
3912
5197
2297
950
5353
4327
5230
4067
7136
1962
5947
7724
1398
1097
8754
2617
6155
4131
2616
6128
5279
3759
8569
5666
6515
9089
4084
4577
7388
8075
1991
289
145
2379
7556
9612
7064
9343
1012
4972
8041
7976
516
329
5272
1951
5376
2548
9813
2995
8605
6031
4690
4041
9726
2611
7193
8429
900
4693
8272
2159
4947
3354
7217
2652
6404
2344
4764
2636
4350
9488
7441
1482
191
2544
188
654
9195
3709
3543
7589
2944
967
1356
6908
2896
3126
525
101
3907
111
5250
6339
2485
4680
2863
1911
2249
5967
155
4225
7639
226
3904
7651
2489
4297
7956
9517
8007
1875
6110
2808
5548
7722
7985
2393
8320
1719
8392
6134
1190
5142
3028
5515
9184
598
1920
1069
2442
6366
4669
1696
9935
8201
4571
8807
5850
7695
6776
8678
8495
6707
6839
5941
1573
2653
3977
5490
84
7830
8098
5658
6323
5254
7182
8926
3267
3191
8643
3277
6076
3438
5846
999
2525
5466
2499
7122
6744
982
5681
5629
5409
3117
7521
1511
3719
6932
1571
4407
8474
8009
3501
5365
4644
1091
772
6581
4307
4318
4794
4704
48
6769
9154
7004
5227
8695
4664
1616
2777
3118
6133
8869
1410
1919
7299
3937
5446
4192
4200
719
8024
3312
6410
1064
4966
291
8812
4148
1556
3850
9253
3522
8042
4147
1450
8420
4628
5524
1492
7710
7379
2609
8511
7982
4437
8135
9547
8689
5183
4114
9553
9365
6150
7393
7978
4696
9688
2834
3284
859
2500
7857
2378
5919
3813
4286
575
1178
9181
2336
1943
5909
6611
7206
8116
699
2352
1017
1752
252
4683
9899
8328
8928
5039
1299
4777
5436
9601
7727
7946
5090
7368
6210
6190
7244
2018
4513
6907
7337
2496
2459
2954
3217
8409
4194
895
9202
4639
7845
1968
4839
6603
7529
728
3908
3557
1549
3211
8195
3419
1467
4126
4414
5759
4121
7726
8549
8762
4541
4725
3551
6320
5046
7459
5984
6806
4882
6352
9337
1338
5109
705
110
5470
2649
7442
498
3593
9431
9446
4944
5839
5837
6132
6107
316
1933
729
5991
4876
3306
4264
9777
3237
3132
8727
6172
2661
1485
3699
7712
9699
7373
1936
1629
1495
5591
3958
3316
6309
5564
6024
4865
4423
6835
754
4570
2495
5922
8193
246
5831
2885
5013
5431
2299
4076
5472
2361
1594
304
940
6976
3259
833
7438
7294
4740
854
9609
8993
8687
9361
5104
7334
2042
2262
2614
6684
2758
7803
3114
344
8874
8125
2099
6262
2789
3041
5191
2868
1881
6063
9344
5763
8256
9882
9043
4517
6167
2615
7539
8496
9963
6175
6749
9756
6818
5440
2864
2996
202
6790
1529
9238
1426
8260
421
9747
2659
6050
1873
454
9923
310
228
8434
5916
9364
357
6844
391
7120
8479
8478
296
1829
1059
2839
7077
2688
771
1449
467
5261
9063
8912
4375
5547
4397
14
5419
8340
4591
5452
6314
841
9062
9588
4544
4857
1183
5683
4169
3673
393
2107
8585
4682
5218
8990
2915
7258
645
8794
2618
6682
9993
8572
3196
5855
5154
137
1028
2298
745
2533
5992
3854
2473
6513
9151
6225
6097
4281
7658
7375
6274
3444
3939
3437
2530
5545
8857
2278
6958
5668
22
7702
752
6662
9817
8659
8128
1567
3825
2131
9192
7278
9282
1686
4978
7538
4552
6299
1267
3283
3424
3128
7145
2574
1493
4508
6821
8828
1871
8615
5865
1740
2101
7009
7713
5600
9674
8949
3527
3865
8658
8444
1166
6349
5872
7203
6440
3404
7798
7095
1907
8279
5723
6189
7940
1237
7365
5169
8252
2912
2172
7309
4467
8981
144
126
197
8001
8214
8263
9718
3441
8914
5061
6834
8374
6792
5403
3049
4342
9044
2872
5076
5084
7868
2044
1514
9159
2307
8376
8917
4835
7531
1720
526
646
2161
2276
4604
8219
1377
6820
1287
6654
2779
2760
8797
8636
4262
9478
9349
6624
5060
4391
6963
2579
929
2630
8427
8242
9236
5672
9438
1602
6535
5708
9554
8620
2098
7366
589
5086
5760
8414
4724
1466
4206
907
1324
5081
2313
400
9690
2339
6275
8137
4275
5413
4799
5371
1698
9366
1496
9579
9936
673
7984
1259
6374
756
9976
528
8703
4181
931
2397
6573
5128
2171
6306
2056
6967
6206
2149
9689
731
6293
1847
9717
9024
3771
1981
7888
8293
5722
4166
5687
4955
4300
2498
2080
8204
534
2559
893
3924
5933
746
1657
4070
4376
1167
7295
9970
9256
7044
511
7922
4483
4314
2704
3180
1325
2258
8854
3010
5636
6799
4998
1460
2698
1477
4133
9650
4134
5199
2738
3982
2562
3331
574
266
8639
2608
7637
557
984
1967
8105
4404
6546
8415
3943
2043
8220
9992
2990
948
5910
6201
6333
9158
639
6803
7043
3368
8668
1938
7162
3885
9989
593
8747
8698
8159
39
3298
272
1327
2815
4540
9405
6042
7923
486
4854
4844
5285
7293
9853
4498
8778
2773
8771
1115
1564
9898
6516
7333
9140
2076
696
9055
6925
5377
9949
9408
2230
5980
1084
9649
9211
6214
5252
8911
1312
9050
887
1427
5453
3975
9129
8558
7407
2477
6109
9714
9590
1422
9873
3282
7491
9012
5818
345
8192
8517
2802
8306
5543
2838
2985
8368
8712
62
1488
8104
8255
9347
6518
2287
1392
7827
5030
7103
167
2610
2031
3559
5492
6078
995
425
8837
736
7200
6706
3510
9758
2565
1049
9725
7498
3065
7354
3235
4150
788
3377
9860
862
5643
220
2130
7834
385
4051
4159
278
7554
3145
8652
4298
9228
1122
6247
7357
2557
721
1206
5394
9940
8197
6051
2217
9580
3398
4685
4601
870
5805
9115
6538
3202
6712
8380
7020
1826
8452
2331
4086
5973
331
9377
8458
9839
9082
7676
3864
1612
1611
1133
5448
5369
3917
8977
2422
6797
4393
2512
4236
4503
6618
8507
25
8590
1804
8777
7430
687
7728
9357
5388
248
2956
4371
6700
2237
8725
4520
1381
2861
3213
3434
4379
8484
2803
1328
5383
3867
6321
3676
3333
2570
3575
1954
989
2346
4843
3520
2755
263
9067
2517
3970
449
5944
1216
6574
5143
838
9526
5248
9567
8243
2456
7356
2648
9735
3626
5762
2228
3300
807
2882
9535
3105
3658
3642
9198
7527
9346
6543
7223
3173
6895
305
7536
8047
3499
5577
4476
9046
7214
5584
408
4995
3473
7492
3183
132
9394
9829
6108
4619
3834
9074
966
698
8945
9712
8200
3021
9821
325
9820
5213
65
8447
9189
885
3763
6713
5718
5523
6854
4493
8617
9957
1293
7133
8763
1780
1762
3562
644
5493
561
7892
5880
6864
405
8352
1972
762
7316
2851
949
9847
1336
8834
7419
6545
8868
5139
285
340
4034
4914
8641
3421
4891
109
4521
1243
1915
861
7150
1337
7971
4648
6135
3086
2519
2085
2528
844
5825
3714
210
5589
8661
576
5705
2797
5427
2494
1638
3779
6481
1659
6872
4384
7810
1855
6157
1253
3102
6302
1070
767
6428
735
3322
4074
5965
8512
919
672
9493
6027
6736
6592
6016
4655
7518
4430
694
3024
4279
3079
5065
4020
8126
427
8969
1006
9339
3919
7501
7087
5208
1716
7297
2191
2187
6296
3843
2818
4389
9034
2792
76
978
7659
7660
8958
7450
5424
7197
7170
8504
52
4287
7229
2190
7955
4190
3968
9870
7471
4906
9716
3749
7165
2667
9263
4502
4291
7653
3375
1062
8759
1354
9355
89
1753
4104
4711
5200
207
9068
1736
4678
2814
9351
3861
1619
8608
7522
8738
3138
4427
7641
4590
3707
7821
7835
9802
369
7789
5778
194
9119
6008
7808
6272
710
5289
2158
1613
3177
1394
9120
3264
1660
5334
8360
7039
2957
2714
2428
3687
2005
4505
3516
8066
3691
8574
8385
7148
8480
7509
7113
3357
7687
9762
6129
1850
1266
8540
1224
1026
8582
4230
2486
4469
7595
8801
2743
5955
6361
850
4852
2509
5907
2106
3873
1512
755
8064
5079
3370
4146
2350
2014
5614
9589
100
2893
3334
709
6991
4510
7983
3479
4113
6940
3704
8973
3519
7849
199
7771
8487
2402
9404
6683
7576
2577
6541
1067
6514
9449
6056
9051
4742
8194
5359
2238
8737
8032
6283
3486
1640
8744
5558
7873
4952
293
812
8433
4598
4325
4266
1175
59
382
1144
2605
6226
6383
5253
4193
6158
8921
1456
5794
17
1209
9399
7768
6607
3607
3148
4026
9864
4344
3474
638
1442
1922
317
9811
1148
635
8819
9808
5121
8188
9894
3168
4176
7929
6387
2812
390
5697
4033
2178
3169
2253
9925
8203
7747
4617
6661
8846
3410
4826
5214
9838
5604
7233
7619
9406
3409
7129
2723
765
6350
7302
2796
3815
5961
5785
9324
7769
1295
4431
2019
3571
9327
7579
9231
846
9169
3210
221
821
9462
2824
2335
7163
7422
9264
2082
9823
3591
2891
1734
9070
2554
7082
6544
6897
4714
4918
2464
6722
7742
3263
4130
8097
6669
4756
8883
8734
4328
9843
6258
4632
292
1960
1676
5693
9983
7854
3221
9123
411
1761
9084
7050
195
6653
2879
1362
3025
9095
1786
9546
6186
6348
5883
5367
7725
5370
2365
19
6118
8435
2186
5902
8753
7563
9738
9469
2933
1727
9616
9168
6052
7385
749
6092
7275
9602
994
3094
6641
4913
8482
5602
6116
6234
7161
430
4782
8288
7998
1483
8767
837
1128
1744
1319
9739
2910
8875
4317
513
9745
2039
9663
4232
5713
4308
1270
2388
1057
2444
2452
7717
6705
6508
9398
258
4196
8664
5482
2260
1256
7959
73
8950
9827
2468
2817
7775
5443
1441
5623
1986
418
5721
3266
775
2194
8178
8929
6171
8724
5179
3216
1625
4164
8297
3954
3556
9628
6394
3456
1252
6461
9229
5701
3317
260
115
2310
8557
301
8502
6434
4642
1822
3108
7806
7505
3838
8329
8862
2306
251
7865
4088
5300
1624
415
5462
8525
2964
5244
3598
5650
3934
4091
7341
6679
7292
1281
164
7580
6795
2522
5152
3634
7115
8084
5241
4537
311
5730
2325
5485
8568
6595
5275
5893
9499
1539
8544
4805
4141
8556
2642
6104
3489
3430
8811
9285
1869
1848
3459
6177
5468
1015
5561
6650
8402
7811
1941
1009
3582
4460
6550
8347
146
4769
8229
4497
2961
9422
5542
1214
1788
435
6111
7890
4840
28
7614
3675
9294
4499
1555
7969
809
7823
4549
2109
3891
9453
979
954
1685
7351
9356
6507
2809
7168
8916
4877
2033
2740
8062
5017
5959
3099
3663
8984
4528
7268
7694
9300
6537
6485
2881
904
4539
7140
6730
6586
13
3274
4263
4016
2731
3637
3794
2886
8657
1423
5898
9314
4290
8974
4583
3335
6084
603
3998
5852
4638
3641
3619
9885
8404
9854
5355
6800
1983
4122
1989
7291
4385
372
8528
7060
7820
3496
2568
9386
2216
7574
9058
1515
2347
53
8694
2679
3569
9249
1414
9550
7670
6914
1470
8827
8905
2987
546
3212
6105
9917
5278
6926
9787
8234
6678
7855
4334
4688
8623
8872
2586
6899
6599
6390
7298
4285
615
343
6687
6465
6956
9156
4815
3518
6614
8283
8729
793
684
3736
9980
5116
1095
3994
3278
6432
6504
7832
7472
6035
6471
4005
6032
8221
5782
9635
4208
987
556
7421
6565
7116
9734
1302
4692
8464
3007
9479
8867
7738
2514
530
4259
7312
8939
4793
9292
2660
2281
2088
1137
8417
7416
1902
6023
7677
9698
7273
3887
5890
6185
5835
2865
3388
1627
6631
4422
9967
8311
711
9818
1974
8384
8991
2959
7829
9286
7853
7289
354
2960
7231
32
362
5638
4098
2206
9768
468
5071
5573
335
1543
4140
1220
271
8769
7802
7763
2023
6823
509
7454
1023
7270
5884
7277
4759
3133
5645
834
734
6472
3911
1150
4143
3738
8565
8486
8677
8296
5939
6787
627
208
5788
4360
4936
1793
8216
9350
80
135
7187
2197
9966
3657
2769
9538
9570
2984
1474
2086
2950
3638
6139
5382
270
2129
6066
5537
6254
196
2601
2095
4706
1572
5400
9653
2626
1510
339
5862
6106
4941
682
98
3683
5822
2137
4745
7990
5324
1501
2991
1765
3477
5981
1794
3324
8726
5888
4315
9661
8656
5983
2873
3839
4791
536
7272
2292
7467
465
8628
7174
1566
7575
2746
9415
179
9926
4884
8196
9767
3034
6710
4774
921
5066
7843
1116
9581
5931
5347
7605
20
4732
6887
7164
5404
7257
4416
5315
8390
2300
5467
5464
2855
9489
9671
8817
7345
7514
4368
6281
4486
9481
6985
5599
7400
7875
9694
2623
6012
5091
1384
120
8039
4011
4296
5057
60
444
6648
7047
8490
7288
6341
8791
8598
6943
1155
412
3588
7750
9732
223
4710
1923
1553
8645
9040
8183
4861
7838
3880
3525
5044
9272
7068
8614
7359
2513
383
1168
9137
9221
1126
4406
1234
6468
7105
7666
3992
6130
5590
9830
4943
5750
6912
632
2540
7766
83
7961
5006
5644
4564
3962
872
9971
1159
6666
5807
4614
4489
1635
2874
5206
5571
4633
4640
9956
7436
2866
9543
5212
6416
1634
141
5737
8798
8934
1516
5957
6812
4248
8240
6087
2729
4992
3340
6297
7330
3842
5025
7478
1681
2821
6174
4316
2823
3268
1857
6910
3964
9844
4999
9610
1580
832
3442
6370
377
6656
9881
4578
9889
5746
9269
5036
1060
956
3119
9825
8606
2305
6837
4293
7266
8332
5611
8302
2742
7225
8994
4096
6317
5480
4708
3503
8890
1554
8795
7027
147
668
3439
4116
7007
4421
7883
1382
7236
2078
9908
9127
3257
5022
8850
3665
1415
2252
9793
6833
9072
8627
4205
9770
3835
8954
9988
7466
6894
5579
7689
6587
2392
3225
8430
7535
4465
7916
7547
6244
1283
396
8092
93
8271
8103
3948
5824
4970
9834
7558
1841
346
5742
9167
9645
717
1961
6454
5033
319
3608
3042
8121
1971
8942
804
5808
3682
7508
6667
3650
2787
4993
2918
612
8902
9552
9173
9530
1654
9105
2724
1661
5528
2492
7355
3711
3214
6534
7012
9420
7392
5024
6036
5802
5994
5841
6455
5715
4990
2708
3064
3260
7144
5444
3921
9448
4153
8172
9775
6364
8395
3223
7109
262
2603
399
253
3304
8257
5122
7663
2843
532
943
5209
4484
5838
6385
8927
7897
8230
1796
5562
6216
3484
1745
2222
3674
5727
6326
117
5833
5926
6564
2429
8779
6737
6344
6871
1937
8925
1316
9175
8840
3840
8451
3696
5069
240
9445
2657
3960
7254
1077
3400
7065
8031
8591
2441
778
5203
803
5948
7926
6987
3187
5486
4103
5748
3898
3530
811
4171
1773
8036
2970
2979
4836
4562
321
5758
1990
8741
6143
7494
9460
7218
9673
8313
9896
2026
9196
1658
8947
4201
6151
9895
4006
9118
7973
9559
7427
3027
9313
1481
3139
6960
5749
8713
5732
24
7646
9766
6043
9290
2242
2940
8721
1756
1408
2904
6316
2852
570
4177
801
541
1447
5028
1587
7696
5753
6074
5875
9490
66
8936
3290
9685
3203
4624
566
5007
6124
7606
2071
6073
3251
3959
2856
8488
4989
3941
9619
8034
6645
7714
8937
5601
2772
6520
5158
663
2849
6644
1238
5674
0
1083
7280
7477
6412
3449
2213
6486
1801
6680
2102
1071
1883
7085
552
2898
3462
9299
8285
836
1724
6773
7397
5582
3814
5690
3848
4251
6857
1
1502
3036
5712
3546
2027
2727
9544
7418
3158
1910
3584
9723
4689
9284
623
4024
9826
5374
6424
1895
3987
5180
5332
805
7304
958
3632
6945
5615
68
6002
1975
6336
874
6750
5150
5204
7817
7428
718
5711
7559
3022
996
4089
5417
6658
6786
4094
5269
6026
5570
3103
3883
4254
5648
2547
8723
6077
259
9165
1040
2884
6974
6491
9531
279
1300
1581
3627
8155
9761
5014
6250
6217
2304
3358
8662
327
8609
5557
4401
7284
8980
318
2285
3204
9204
7886
4506
8716
7169
9218
8966
2458
3966
2686
3171
6880
8655
3685
3142
6222
3596
2293
3811
8823
2256
5288
1702
1322
2092
6251
3062
9703
1419
6632
9852
6319
3797
5937
3366
3159
524
8642
2091
523
4912
9668
9927
4874
4261
671
1199
7942
7190
7399
8841
8070
9205
5031
2329
2465
8836
8829
5627
5864
3806
6915
4473
7877
2822
8069
8800
9182
6594
4560
5796
5517
9560
6156
2730
7321
1825
8004
7409
8089
6625
964
7127
9798
374
1355
7967
9773
5682
1775
5560
9078
7735
8343
930
1667
8048
7930
8294
9209
2613
5352
6843
2643
8259
4746
6962
9907
1011
1500
9384
6422
1723
3577
3371
7353
4892
8879
3161
8232
5224
3513
4160
9092
3896
4921
8541
4718
8521
3165
520
422
4859
3162
2934
9340
4001
3185
3831
7848
1368
7083
1007
6699
6530
3572
1797
9475
8445
6392
3428
2941
2806
8218
2542
3694
4889
1632
3745
6113
3143
5194
8896
3286
7753
8408
407
5610
6717
5845
8885
7011
3405
3426
7260
438
8948
1599
9744
9287
7684
1536
7866
1606
8287
1462
5048
2302
5555
4403
1810
7668
6964
5166
7079
5729
2412
7620
1157
2125
6911
8149
4216
7167
6095
6840
2001
5995
3963
5292
3009
4615
8736
6613
5552
899
1389
4802
7585
9320
8361
2037
4468
6742
1860
4754
6249
3363
7533
7183
4811
9656
2445
6850
7622
1835
7703
1124
3631
5531
2207
9199
8799
9709
8282
681
3302
4183
5311
4178
6292
203
4039
8449
6237
5989
9207
4687
6965
9132
6601
9707
1047
9484
1812
6159
961
6828
7014
2501
9780
3564
7322
2338
5378
914
8576
2443
4186
307
4100
6162
491
9281
2103
4337
4984
2902
4864
7265
269
8268
4369
7015
9130
4449
8093
9911
1307
4057
440
9001
9227
3701
9187
8711
9113
3823
4144
4530
7588
6446
4280
7455
1055
7957
2687
1958
3359
2988
6655
2524
3059
1917
205
5307
7332
9057
2209
912
4620
5494
1818
9633
620
5622
3039
5513
8674
2981
4429
975
4125
1236
4557
8010
9879
5716
9080
751
2750
5914
8058
7094
3587
716
2752
8604
7215
7650
2712
4244
6115
9230
2221
2280
8122
3073
8607
2117
8475
7869
759
7204
4472
4821
7089
9765
7482
3989
888
4784
7338
30
8276
5928
2850
4665
4983
8014
127
8953
7376
6079
7616
6102
2198
5238
2068
8775
9945
6858
4032
3019
4556
6498
986
8853
7863
8509
4575
7615
7141
8029
204
5823
2992
3610
6824
941
4050
1068
182
3826
2355
3149
517
7932
7317
2555
7839
3837
1642
5450
4364
4733
2951
8383
9161
8351
7754
7647
373
6021
4968
690
7041
8050
6949
6433
1241
2585
9260
4707
162
8865
3926
9883
350
1940
6034
9318
9763
7974
5913
4807
1242
8622
8646
4367
1038
5368
6757
8821
1947
4862
5323
5565
1535
5660
4958
4424
537
6627
5074
2063
8406
7242
1544
8106
7311
9197
5686
8339
3713
9125
4189
9345
2235
8476
1491
4960
9217
441
6766
1935
5719
8554
5455
9088
4674
5772
5423
1868
1690
1701
3757
217
4806
3141
4743
198
2271
2897
2453
5514
5273
7100
5100
4031
1385
437
1592
6403
1772
6918
1800
7596
6793
4959
7433
9288
8028
7256
3824
6890
4073
4044
2421
6497
3361
6810
1230
4478
9863
9133
927
7051
8603
7391
3091
7739
4786
2761
9737
406
6888
8780
3870
2396
1930
6487
2266
1837
2341
1459
7219
6199
4524
3098
3023
2972
3192
8346
4435
5484
2832
6977
5407
7770
9362
4830
1993
4310
4222
7211
6615
3615
4299
7451
810
1819
7716
9968
2612
2243
5346
3773
659
3349
3791
7056
9728
5392
2736
1265
3554
6569
3420
607
7474
2029
3339
6610
9099
7519
9719
6138
2104
1420
1353
8864
7621
7902
7328
2604
5982
5691
1597
9379
6182
2674
1165
4444
2121
4197
6842
2506
9998
6968
7002
6865
8157
1380
7282
5971
4803
7893
4355
4712
7188
3729
3288
2536
2551
426
8538
864
8602
2132
9727
6600
6125
5131
5491
1589
8989
4868
9273
6841
7178
4069
774
3892
9759
5595
6039
7489
8997
249
3396
9924
7374
4504
5291
6955
9466
206
8843
1045
9888
1916
3692
3720
6488
5735
8592
15
6906
7460
2770
8350
8731
4855
1263
666
1024
4525
2446
8367
3052
9157
8454
4048
7992
5260
3552
7852
10
3074
8545
6211
1932
892
5380
8648
4301
5546
3222
7532
8394
2968
6657
8134
3895
3935
6873
3326
3723
9722
1291
6263
4332
282
9210
7812
3807
1435
6585
2580
1948
9280
5167
2747
4895
9079
5082
2427
4419
5512
6259
7913
787
7997
7864
9995
8397
2097
1451
7469
2673
640
7534
8168
9558
5161
3802
6268
6874
8061
5628
3651
2504
7403
4035
1714
3455
1653
1870
2064
9748
9
7655
87
4512
2539
1781
8017
8710
2096
4382
6136
9868
1227
419
8080
4986
4253
315
6902
2038
8520
267
2780
2955
6328
265
359
6384
3550
8119
8481
9856
106
432
4820
1988
9054
261
9434
5175
7958
9592
5779
173
7781
4027
8006
2641
2372
4911
1457
8612
1550
9403
6982
2833
6621
7286
8133
5738
9741
1132
6727
3189
2201
1955
3362
2437
236
4801
5613
5539
448
7142
4736
8349
5309
4758
9855
504
4374
5320
5201
8316
4413
4059
7263
7232
6901
9878
6376
4213
4907
6563
2045
9683
347
5647
6200
9812
9729
8158
1102
7486
3785
470
578
27
8174
8654
9206
2167
5188
2041
5051
529
2066
1876
9795
8803
5797
5159
3448
1352
6884
6489
2854
6578
9240
9397
9020
6811
2254
8922
4949
9954
9019
8317
8210
2384
5501
302
4626
4099
1153
6243
148
3684
5117
584
254
6830
2721
7271
2264
2766
3386
8356
8903
7879
1894
1250
4814
1249
6353
4362
5335
5764
3875
5123
6271
4800
4481
7154
2118
7751
4841
7748
2239
4383
159
3956
8962
1832
1025
4470
6660
7526
4772
5406
4766
3038
2140
8327
9112
7314
726
3505
2529
5489
3497
9467
8463
5287
8377
1213
9932
4569
7528
8045
777
3031
453
3852
8961
8665
3822
1693
1618
7774
7035
8714
1048
9334
7572
580
9086
1546
7030
3827
6470
7350
6536
5132
6778
3297
178
5077
8304
6529
9692
2668
4651
974
2356
2136
2073
4810
7000
3234
5940
6425
8596
5246
4214
9069
6993
2594
9871
1141
4093
23
6630
9984
3418
3766
1574
8091
1898
4433
9459
4507
2491
7762
8839
3101
1568
5530
9696
5664
5280
7137
9402
4550
2424
12
3541
462
6180
8037
6995
7516
9865
7901
609
6552
5118
1603
9241
7406
7185
8213
6047
8211
789
764
9814
9639
857
4127
9840
796
9106
7320
2867
3407
3245
4075
8975
9541
4818
8033
6751
5556
7395
275
5189
4289
2418
108
2084
6517
3646
136
3679
6659
2571
1746
5267
3561
4698
5892
6019
6380
410
5134
7146
3445
8468
5103
2047
1637
2685
4767
2835
7431
215
4212
8884
9794
6557
5460
2825
9007
8630
4109
6898
6462
7037
9145
496
3548
181
5506
7424
9254
9903
4268
7175
8154
5336
9520
7426
2420
4333
4838
7582
7208
5245
1610
6393
338
5040
3067
7196
7367
3938
8244
5706
3494
2316
244
8625
7541
8179
439
2675
3805
3387
9454
5792
7629
3125
6473
1189
5978
8112
1042
4563
4378
1737
2693
4785
9381
7627
4997
6179
7042
6745
1187
6255
7947
1489
4184
5151
3163
2965
9000
5775
5689
8170
8983
2330
6219
5813
4962
7227
9750
4684
3084
5173
1939
6954
1631
7688
662
637
5761
9791
8831
3095
1204
6144
2582
5102
5257
5235
5220
7239
6998
9172
2629
7034
9509
6270
380
9566
5163
1434
5348
1795
3645
9309
6523
1600
9393
4946
4361
9655
5780
6598
6623
4115
2419
4267
5857
8529
3057
9015
9255
1994
1791
2432
3931
7944
5675
4335
9233
4573
1879
1472
519
8141
7610
9933
7172
1308
1452
2116
8065
7793
7609
9494
9651
664
896
3254
9458
992
843
9532
1537
1787
5020
2502
5249
8960
9986
8198
8073
9807
6223
8441
8972
2052
2323
1664
1323
2451
542
5395
5314
2410
6459
4847
2308
5047
8707
5886
1490
5929
5946
2588
5536
2701
6831
8266
2017
8012
3660
8407
1413
2647
7635
8322
7846
3767
5521
9872
9630
2997
3969
3379
6103
6089
3514
2478
5904
5234
7363
5986
683
6389
2627
9483
8924
7061
6990
6879
3134
5868
634
494
1748
5554
8215
3716
6310
1211
1235
7213
4209
2664
1297
5130
6804
4231
9464
4485
4331
3152
8882
6748
827
9944
9380
4471
1814
2848
75
3269
2497
4061
2463
1066
5741
3781
5568
2360
1964
2908
1117
5041
2067
1092
6549
5398
6004
1542
9691
6690
9790
3715
1285
8140
4828
5585
970
3443
7098
6584
5231
1726
1790
3678
1836
5899
1578
1176
4657
1396
2229
9658
3790
216
232
4792
8321
1976
7251
4321
3612
6866
7757
9373
852
855
3758
2164
6062
5504
6755
2853
7073
8530
1982
1400
9654
9942
7988
4594
138
5790
732
2342
3690
9705
7511
8015
6090
4980
4105
3450
5268
2820
7057
915
4445
2000
7340
4108
4085
5932
247
366
9597
71
3965
1143
8136
9629
4111
4546
9662
8844
878
1343
8671
1233
1035
1784
6419
2448
8802
4447
8513
6101
1942
2982
4446
2795
4511
1905
2385
2925
1346
6916
7192
5322
7631
8442
595
6726
3774
2590
7972
3244
1444
4523
7212
8550
971
6409
2597
5607
4603
5258
6753
5649
601
8277
5265
6236
8111
9162
9304
26
9053
2669
5953
5385
9974
9555
9912
8632
9149
6651
2170
9109
2110
7828
4106
8338
4245
6014
4529
9126
1228
8770
1596
4845
7581
332
2255
4901
2895
47
495
6058
9329
6917
806
4656
8063
1770
3681
8833
8822
7076
8364
7052
6930
9887
4395
6814
9961
1461
90
8405
5972
4351
4224
5704
8743
8375
8626
4204
9429
7234
9701
6643
2926
1191
7413
2569
3215
6280
9028
9451
3026
8616
783
9593
2108
2703
4729
3194
4359
8082
9268
4270
9030
6411
5397
8618
6889
6041
8053
2202
6069
7698
4747
8278
1465
3798
9279
606
9625
794
4475
3032
6191
3080
8021
2036
2837
2123
5731
6238
2233
2556
7151
7447
7623
3649
3648
2284
4320
5414
463
1039
6937
2184
7155
5110
2943
2273
7481
2680
8381
7851
2767
2917
5325
4283
1027
5435
4662
6622
1142
3980
5256
2401
1652
6673
8146
5479
9600
7461
5924
955
5149
6802
2706
7858
5442
487
3033
7788
3071
5185
686
3836
3160
6161
3347
8323
3630
2382
7462
1626
1541
2717
9667
8182
5927
1697
4233
4042
4744
8870
7861
795
4436
9972
3845
3841
3755
485
1171
608
1595
5869
1552
7159
4271
6260
190
1195
2745
9684
121
8684
4227
4606
3467
9176
8518
1029
7468
4930
4927
7123
8348
3109
6568
2682
2650
308
9441
2199
6426
5832
3853
643
1896
299
6777
4607
2877
9568
7176
4700
6308
5344
4905
6318
613
7443
708
5023
3197
5665
4908
3905
2060
856
8913
9075
4808
6495
7661
8764
5096
4538
655
6619
2268
9824
4000
5478
1867
2114
7096
5559
7592
5298
6847
7249
2526
4641
4757
2523
3463
6554
8790
6838
3915
3769
6845
8773
56
8765
8013
1525
5714
7181
2602
1503
5567
8355
7497
3226
8895
9617
54
2244
365
9753
123
9326
7925
7013
9135
6142
6474
1527
5255
1670
813
1018
2311
9213
8357
4341
1244
2455
3851
853
5396
389
8578
9819
8751
7362
6711
3613
1885
8524
939
2359
2414
3436
1348
7746
1188
6886
5286
2417
9482
9669
7166
7517
8720
4612
1764
386
5038
9622
6127
1565
2010
5630
8035
7962
2920
9563
7281
6980
2913
5172
6927
55
2816
8319
8696
9369
4288
5463
4352
3356
6903
573
2192
2939
2710
290
1729
7198
9803
9584
7546
4823
9504
8813
2146
9506
9928
4195
2699
7542
4247
7088
8650
1479
8274
5476
1675
2966
1721
9071
4019
5236
7318
2457
6827
7382
8181
9636
8387
5529
6576
74
1614
8341
3314
6526
3899
7915
5930
3353
3476
1318
3819
5766
8552
8363
8670
1118
3524
8295
6852
6577
6591
5475
5003
7977
8439
9496
219
116
3833
7186
105
8499
6883
3005
4751
8251
8848
518
9539
2645
4672
6521
6647
4654
9203
2081
7813
6278
7856
8169
5616
255
9090
3930
724
4709
3112
1110
6604
7300
9492
9858
3796
8886
9831
6652
2105
160
4028
6822
9247
2888
5710
5951
9702
2986
2581
9996
7222
3001
7387
5754
3478
8016
1289
3402
7179
6780
8956
4853
932
7675
9303
7705
1509
7228
3423
1924
3680
7593
1272
6626
5290
4760
2503
3993
475
1742
2776
7933
6038
234
1277
588
652
7339
5146
1262
3782
4798
358
535
5144
4120
3140
3258
9851
6351
9500
7744
9428
9258
4909
5222
7022
5073
306
8644
9522
166
6997
6363
9322
669
8410
2862
7448
9312
8705
1965
4110
9321
653
4738
865
5015
7939
7570
6875
2651
9627
5360
91
5834
882
9122
641
5055
5507
7648
670
2978
9237
1208
7917
933
2034
4770
3999
209
2220
8411
5178
2077
1219
3740
2510
4623
8531
478
9410
8068
5433
7782
1181
5881
2508
7617
9111
6876
4885
3068
9943
85
3412
9549
8212
7195
819
6331
5897
2334
3894
1052
4373
4867
8114
5341
8785
1692
9455
1669
4686
2386
8275
8431
2788
3810
3793
3647
1680
9016
5304
8673
8849
7128
9620
7456
8300
5386
5474
7224
4872
5226
2665
5609
7560
9352
387
597
7490
3889
8237
1349
7657
8359
1054
4357
6616
7719
8637
3454
3523
6267
397
7760
9695
7139
5137
4217
5229
4671
1918
7965
5990
8456
9892
2469
2791
3310
8519
7078
1298
1379
457
7440
8852
2538
5809
3778
4553
1151
8224
1301
3414
3801
7484
8832
1703
8701
9785
753
5952
7021
1833
1856
416
6970
5670
9076
7097
1851
7966
2283
8467
6197
9188
4302
572
6878
4935
8281
3614
2890
95
4976
3082
9259
7241
5329
869
3087
3560
2592
590
7106
9302
6609
4832
7240
6689
1880
8951
2025
4991
6783
6863
3869
6815
2694
3299
1782
4545
2826
5773
4340
6448
9778
288
2827
947
6560
7756
8206
4158
2394
1043
527
7634
5626
6720
1699
8959
264
2351
2003
8117
4677
3743
4455
7914
2819
6018
8500
2805
3050
3847
3568
9041
3164
8897
2135
7086
3578
4863
5162
2327
531
7062
3411
1418
8571
8978
6743
3435
2241
3488
4095
9742
2210
1540
9183
4294
2753
5819
5165
1223
183
9792
7795
968
2112
7591
414
6628
5112
7063
667
7752
7067
582
1668
8333
1317
5923
9293
6503
2156
3078
7108
6929
1014
9849
8907
4596
5901
3053
1311
758
5282
309
6053
3953
4977
7121
3346
1777
7153
8631
4645
8077
8494
5520
1891
376
5101
8483
4705
8564
4313
7882
9239
2035
5050
5767
5781
1022
845
5873
1508
5925
1021
6369
6071
2811
7850
4438
170
3378
157
8207
6848
6674
4277
8685
8904
7783
8027
8830
8393
3726
551
312
5339
8222
3526
8909
886
3947
5002
742
6555
750
1135
3693
7525
9396
1586
8187
7
7040
1977
6728
3589
3318
5936
326
8228
5319
9289
3458
8269
2677
3858
3786
9672
7968
6286
2656
9480
9525
7994
8733
826
8403
848
3344
9514
985
7953
7690
6402
9978
3751
9102
9091
9920
908
152
3261
6969
824
8579
9283
7386
4720
8312
6966
4822
7740
1260
7672
7586
5411
3232
9470
5791
4694
474
4880
8740
6332
9613
665
9178
5027
2126
7290
7010
6947
4904
2174
7364
4479
7920
3413
6640
21
1560
9782
539
2100
4595
2094
3281
3659
6502
8371
3186
370
4454
8262
6801
38
8786
8081
617
2049
3597
4676
4102
9363
192
5416
1601
6490
1647
6922
9037
3332
8584
5294
5000
1803
4119
5663
8151
8583
6357
9524
3154
4954
723
7114
7874
2935
1927
5223
2757
6418
9877
9116
2449
8600
4356
4723
8253
5042
5874
2936
660
883
1292
6816
1656
6298
5820
3465
4926
7708
7008
8309
5483
9578
8957
8115
5814
6527
4516
2870
6718
6045
5739
657
4311
2963
5566
4017
6153
4713
31
1700
6931
2946
8148
163
1438
2020
8820
4221
7237
5438
983
9866
2810
4775
9874
8906
7787
7640
9267
1088
484
8539
3747
1101
8548
3549
8022
5962
1944
1533
7584
847
3342
1838
6671
3104
1366
9142
4928
2749
8988
8715
4824
2748
4608
9599
7597
479
2231
2929
9749
5216
2317
1050
4923
4551
1179
5391
8514
818
4661
3100
1001
3146
1900
4663
7457
3451
8354
1106
9724
18
6869
8018
5358
6512
7107
5247
4451
7693
6548
7669
1329
7230
3640
9832
8535
6224
6001
5583
8682
169
2672
7565
6371
3936
7745
7500
9675
7503
799
553
7384
417
2416
779
9583
8131
7470
7948
4500
583
5473
1494
9919
3130
8660
9643
1899
1996
8423
7479
5330
9277
4428
2493
7981
4400
7749
3389
3495
6466
6791
4985
8113
6855
2695
4038
34
6325
4080
8680
4731
4235
9784
7729
1226
8497
1959
5541
6094
2654
9973
1334
8071
9515
213
9395
237
5651
6059
993
5821
363
5127
7731
2894
1741
8401
2858
8156
3256
9328
1411
3209
497
506
1705
2741
3605
5709
61
8345
9435
2193
1393
2051
1087
2398
7674
4501
1098
9310
924
4735
6867
2074
5326
7245
6583
353
5784
1231
5696
9594
3563
4045
3594
5877
1513
1258
8132
9586
6686
9101
5593
224
4491
3893
5676
4058
9121
6358
6086
3006
8706
7562
5432
2373
9473
3040
4388
2744
180
189
9232
7420
1813
6437
3018
3764
737
1339
6398
9382
4790
6007
4124
9223
1769
1439
6010
5477
6882
4697
6301
128
9958
5752
5945
4358
2472
3547
8537
7906
6194
9914
2829
2267
8510
1815
5075
7686
5196
8292
8816
1709
5299
3967
9029
8023
9746
5770
6100
314
6388
8915
7463
5654
7361
1085
2055
41
543
9537
2587
3110
998
1526
5777
3490
3821
3135
2836
4629
9008
9065
3884
4156
1351
9353
5465
9038
6284
3500
5184
9048
6676
8072
3373
3241
7607
1177
714
5005
7157
7247
7504
7571
3066
9582
7342
4589
257
7900
7736
324
6480
3702
3176
5661
3914
5598
6057
5106
5387
8416
9757
4185
6953
9110
4658
6501
2261
8366
6230
5678
7872
1003
2142
1198
8391
9681
3590
7734
5312
8088
7405
6294
7995
8165
5343
1138
3369
3536
4409
3137
7887
1305
9545
8225
1005
7894
7680
2600
3932
1473
2880
9061
6853
4753
4082
1828
7935
8460
4202
5434
5316
3997
1257
1621
5274
1906
5237
4534
6829
6408
9806
3812
242
691
773
1075
7093
7963
8999
538
890
8818
6355
6269
119
8624
3401
6646
5974
5426
6064
9640
7081
7417
336
64
5653
5469
1114
798
37
9955
7070
873
4142
3955
8570
4773
274
3229
1386
9348
2633
8898
8388
6692
7049
6519
6126
8087
268
4434
2765
7934
6493
8258
1628
1134
378
4030
2546
1326
6075
8005
1161
6381
2841
154
2947
97
8742
2180
5903
9890
2007
840
3703
7608
3004
6924
1559
488
2534
2914
3512
2309
4056
9909
8730
6207
8815
4514
8588
4515
9700
2505
2312
5263
7970
901
9804
1582
510
8573
5009
8686
3240
8863
5975
6994
889
3453
6253
697
6746
284
211
9305
2584
1575
8952
7274
5148
5533
6330
3292
9951
3725
8305
3617
8755
9319
877
8299
9100
1432
4349
9604
8428
9295
6694
7797
7485
9096
3313
7784
3515
9875
631
1739
7411
5695
7132
9389
6522
112
5867
4348
5717
957
2545
5968
8587
4576
2376
9990
9556
7791
8176
7253
5337
1232
2291
4924
1865
1946
4459
6028
8489
6482
3172
2782
413
177
5264
5205
7777
8002
5114
9930
1639
1210
515
9786
125
6781
8437
6509
9276
6173
9965
46
3416
5011
9424
9134
649
9837
4637
333
1722
3233
3644
4776
6300
1163
2153
6447
3890
9083
5441
1245
6311
540
7152
5456
6345
1429
6551
6123
9835
6605
2409
9023
6342
9948
5550
8851
2575
9969
51
1576
9414
3193
6986
8465
2120
7904
7950
9623
4734
7404
1395
82
9261
1430
8369
9476
4346
3174
7937
4939
9634
2011
4933
1806
1478
1247
4218
6451
4370
3043
8697
508
5225
9904
477
1684
5895
6067
3390
6232
2593
8472
3604
7327
6492
6044
8284
3319
9999
4717
3686
4170
2775
9191
6414
3470
977
8025
7006
4741
5408
8362
1303
3320
2211
4649
6761
2057
3933
4916
1521
4022
2200
6070
4837
3772
460
1041
3985
473
8859
3708
9170
233
7180
2720
820
4816
9981
7645
8593
2564
6221
2739
1952
9021
7898
4592
2288
1096
8413
7918
7005
8177
781
3929
1112
6442
8083
1464
1785
1375
558
3710
5631
4896
2163
4013
2028
1032
6734
4274
3508
6096
8469
1583
7964
9905
9465
3622
3051
9752
6665
9910
9624
2002
2440
3542
2778
5182
8562
5402
5153
4284
2901
5393
1350
1979
2690
8150
1754
9270
4829
9706
149
7564
8315
6714
8038
1147
5863
2794
5420
7805
1484
2860
5525
2168
2702
6120
4078
472
7452
2831
1623
7308
3397
769
1688
8809
5511
7048
8835
9143
9618
6861
8649
8692
1953
9644
6638
4092
1407
9534
9638
9595
5942
7383
748
9378
9528
8634
7184
7360
6213
3279
4667
9011
3595
2801
3275
5635
1436
4817
3502
8516
1046
2165
6049
3147
3928
7412
4411
7235
4673
9491
8527
8147
2119
7221
4963
3581
5667
6524
6413
4925
3741
3901
7104
2381
3672
4199
9501
5725
633
3981
3106
7618
6025
9960
8466
2716
1019
8551
6582
3856
7119
6443
2315
9708
7761
7343
8679
3592
1792
3012
5849
2113
4474
9298
4381
4228
5497
7921
6765
4157
3761
2290
480
8130
1665
8561
3558
7483
6606
7598
4458
3054
7344
9468
7999
5563
577
1687
86
8353
8233
6164
676
6634
9503
1751
3734
4191
2560
1695
512
6277
7636
4155
2621
1100
629
6528
4602
715
2476
3469
7032
9242
9815
3153
2134
3800
8120
1286
8804
3200
4145
7583
4118
1279
2764
9897
587
6715
4198
8425
544
5384
6475
7644
4897
1416
1360
6677
5283
6029
4223
1036
628
7090
9400
6764
936
1304
8419
1966
8860
3013
2488
5155
8522
2369
4165
9721
3902
4752
1152
1830
2535
3403
4956
4679
9201
6913
1506
4240
9440
2380
9676
2483
8946
7091
5879
5740
1998
5783
5516
6693
6114
7269
176
2111
3337
4046
9913
5694
5551
1008
1778
6733
6724
1383
5680
1051
1261
5190
8307
113
9360
5362
102
4426
6708
1205
5669
592
6220
8457
9146
8164
9891
3688
9783
8901
2411
648
1882
7709
9442
2152
3343
7945
4755
8876
6337
3712
5744
7307
4613
476
1845
4040
3611
2364
4526
5828
1123
2269
969
8718
2561
456
3355
9771
619
9947
5979
7704
4675
6178
1704
7836
6731
3545
2622
1551
4494
7352
2705
45
6580
6675
5210
616
9621
9950
6596
5801
7346
6877
5098
5827
5428
4490
1225
2719
8580
6747
9682
4846
1874
1361
3643
6758
2813
5795
2377
4365
849
222
7602
8792
6572
6245
4509
1162
2314
7841
7878
9026
5170
656
3900
8438
2089
2646
5578
6989
9740
6011
1065
2219
4568
8030
692
5498
6152
8199
2857
5366
976
6740
9608
4558
6951
605
9266
2871
1146
6923
434
9997
1455
2250
4066
1000
142
7758
3280
8000
9193
8342
9274
2793
5328
2689
185
7530
7054
392
3744
1648
1839
6928
514
5217
2639
981
2367
3903
2900
3460
7171
624
2
4527
6941
3830
9045
7018
6202
3351
2162
4052
2515
9200
9902
3111
5026
4487
1074
1240
2322
6542
4238
379
9508
1823
2763
1344
4903
8676
5067
9301
1056
8246
3208
3440
1274
2461
2438
3265
8100
3816
6904
3000
8806
7573
1290
6891
5340
7445
4336
342
3303
9751
9359
9163
7548
4162
5918
4072
5976
5915
1816
9316
9354
6754
8594
7780
8601
3986
4398
1093
1824
1309
238
341
7767
1798
2969
429
1843
5935
5211
946
3866
5239
503
2768
6663
8970
3803
6767
16
3255
5789
6176
450
2423
8273
6256
1547
8666
3056
8067
8995
165
8887
9002
507
4981
9333
9937
5221
1864
871
725
7449
433
2634
4064
4866
4079
9836
4532
6391
6163
5308
9368
630
1889
8728
2141
3976
1523
243
679
8129
4306
1370
7790
1164
7520
9416
4304
6377
3983
7809
4819
6984
1207
300
7216
4797
4461
3511
4097
6093
5703
8814
280
4239
9409
823
5621
3311
2143
1497
493
8526
7075
1378
6375
5774
3820
7512
4781
1579
1679
3327
3072
4574
2368
8436
8781
8555
9994
9262
5243
3205
4329
3305
1853
3276
1776
6642
2709
8667
9626
6553
3228
9938
3780
4871
6252
2204
9413
910
2124
499
9915
4902
876
151
5364
6944
7149
7134
229
6826
1766
5619
5338
2321
7074
4535
6499
1264
1811
6936
2040
2828
2700
8543
3408
7319
4647
586
962
43
9425
3534
7730
7031
8669
7202
963
1985
489
8810
6723
757
7826
5662
9711
2937
1728
1104
9670
7287
107
6972
8162
4579
1999
352
7860
3756
3121
7410
922
5755
8735
42
7711
2366
5534
8996
6935
6396
5921
5331
559
7905
1031
9077
8310
6362
5522
8127
3600
6399
9033
7733
9842
1783
7818
3116
4243
545
860
9390
2482
7779
2139
4701
8153
5572
5045
9679
2842
5080
5505
7465
4934
4276
5776
2319
3762
8440
9219
920
8152
4492
1170
1149
8672
7692
3602
4825
6379
3735
905
5949
402
8739
7205
5958
2195
1103
4585
7638
7189
8086
3599
4132
6959
7553
7306
677
2598
4702
3971
11
4173
2924
1531
8581
1588
2595
7507
1288
4412
5111
8270
1120
1749
1082
3700
9064
1440
5306
8745
3182
902
5053
5700
1058
9190
4630
5496
4739
2722
1184
404
5187
5793
7126
5540
9014
5702
7952
1080
7506
785
9124
4804
2596
7551
3760
4394
6981
8894
4588
4659
2781
9114
8772
8
9880
9059
8749
7664
5876
4083
6181
9426
2711
4345
6531
2845
9486
1717
4996
6479
9861
1424
96
6264
5425
938
4090
3849
3949
1957
4448
3487
9946
3048
7402
4211
8231
6691
7220
214
2606
5135
1173
2876
547
9591
2328
3055
3348
2251
4390
5720
9177
7336
5063
6450
2790
3089
596
6169
3586
9234
763
4869
6149
5277
7737
7537
1771
4330
7261
959
8930
4260
5361
9774
3860
8238
9141
4763
7847
4888
2953
6784
5415
1949
5195
4
6365
642
4967
7347
2762
5284
3844
2903
9194
3047
8191
9411
1861
770
442
6825
8824
4899
104
7987
685
7628
277
7885
4003
5751
1076
6849
4464
6510
4021
3457
1125
7792
5724
7246
1255
4879
6983
2215
3662
1641
2771
1402
2844
3916
6893
6429
6119
7401
9657
7502
6738
9529
5605
361
8046
2070
768
7991
6978
5518
7569
6971
7599
7124
9166
8108
702
4987
3250
5856
7979
2188
5656
4417
9518
6500
7488
790
7201
1682
6148
1674
4174
1200
1585
6170
6233
7262
3381
1743
5617
9456
1480
1992
9450
8161
797
7025
1921
3540
5457
6805
828
6885
8560
6279
5445
733
647
3754
1827
9471
4737
1431
972
7776
3724
1519
9432
1604
9461
9117
1730
7928
8783
3783
5500
9474
3730
1278
7023
9036
5960
6836
4586
5950
9027
2009
3886
7642
8766
7552
5018
815
3188
1273
4519
99
1650
4123
5699
3364
8056
875
8941
2859
2282
9647
4215
1332
7158
6188
7652
2160
8059
1901
2115
9265
4809
2144
6184
5087
3238
3014
2930
5157
3020
2550
8185
7378
5911
9710
5032
5119
2830
1570
6779
5608
6547
3341
8782
6227
6406
2681
458
7118
7513
3528
5580
3927
5321
8249
5297
8290
1401
3670
3151
3952
5029
3950
9252
8057
4495
5544
1622
1672
8248
2527
4252
6037
4441
6368
9886
6193
3555
9562
1271
8878
4812
4762
9952
5078
6946
3538
1545
6819
5429
1755
7210
6729
9226
5296
8379
5068
3940
5815
7524
9533
2008
7131
9540
5943
3480
1928
3906
4053
5747
8826
4250
9372
3877
7072
6868
9376
6359
7755
5019
4875
7954
9152
351
9487
6081
7895
6088
2151
6633
6015
3633
3706
9665
6030
2948
4898
7117
5449
1528
281
3506
1310
4611
4860
1584
1445
3653
8143
8118
171
2635
8011
3395
2980
1094
3391
9846
2460
9018
1397
6347
8776
2715
2511
9686
4168
1061
7358
3365
4878
5998
2684
7125
4616
8968
3270
5094
1136
9571
1840
6444
8891
1799
175
3262
4543
7759
4634
2520
2975
9418
4255
563
5632
6248
5097
693
5357
5037
1320
4466
3338
3606
218
2734
8825
2450
4272
2065
6920
4554
8932
3083
747
8245
3775
658
3788
9336
3961
8566
2301
3492
7475
5659
3425
3017
4666
1950
8881
9614
2169
297
2800
2516
8184
1364
689
9103
9017
3399
2075
9138
6919
1388
881
4695
2176
3944
118
9297
4180
3871
1145
7691
6789
4179
1280
6934
3828
186
3308
9575
1248
33
9308
695
388
8412
3309
6701
3096
3874
6562
9039
5240
6060
4531
5318
8455
1532
4850
2543
4727
5351
6992
3737
9632
2921
6112
6505
5891
4077
8532
2759
7437
2224
8173
1758
4653
1608
8008
9859
3635
9598
5684
5251
6467
1593
8336
1390
2751
6400
1314
650
5966
9569
4241
1373
4750
4945
7840
898
3565
4848
9512
4037
565
937
3384
6933
4226
7243
9646
1113
5592
500
3629
2181
187
722
9577
9648
2658
7765
3789
3995
1169
6453
7993
7476
5481
1908
3190
58
9439
2227
8523
6952
9666
7656
5266
8291
9687
9929
700
8308
8856
9212
6851
8180
554
2487
4210
7673
3792
8700
446
3273
8629
9987
1180
5887
5156
2971
4643
6649
8691
9245
5685
5342
5459
2363
8099
1934
5333
8533
1081
5303
9248
9370
35
4887
9828
791
7908
6438
7389
131
8396
3618
9833
6261
1086
3776
63
6291
1030
428
8861
9052
4203
2371
6205
2435
7683
9374
2212
7414
5597
680
1859
5133
1196
2566
8324
1268
9073
5113
1487
8866
8365
7786
8160
9918
2272
8003
8985
8418
92
2218
3336
4338
1417
720
2058
2974
6329
1405
5147
9391
9921
9477
4834
6099
7685
8261
3576
2983
1078
8079
2466
1683
3722
5553
452
6637
9025
7678
5016
3136
9003
2537
618
295
3207
3321
9754
2387
4065
2558
6131
4023
3199
9513
8787
3464
4783
4982
313
5836
3178
2563
9452
2234
7624
913
9085
5363
2434
2619
9457
4137
6973
3996
4761
7444
5594
8462
9536
6372
8318
4788
3287
8748
1903
9606
2889
4722
6752
2431
3746
3784
7630
1421
3461
9335
2945
2663
965
4420
1294
6539
6420
8326
6511
4182
1884
6231
8784
7349
1831
2399
8378
6589
7348
9430
5885
9876
7194
5920
8982
4347
4043
9760
7496
1453
1140
5099
2395
2133
3770
4256
2426
7143
1892
3127
1335
4635
1643
7381
522
9081
9959
2054
9042
7394
6635
7723
4827
2625
9250
3472
6938
5052
2572
7276
7252
6303
7909
5510
2214
7587
7804
7033
3974
8432
8389
2916
3184
8250
4580
5262
5176
6702
5934
9631
727
4950
9225
1842
3689
6602
9561
6098
3097
1577
688
1475
9900
6809
9049
5574
7515
9557
1663
7662
2691
6327
6808
4496
1369
792
7059
4246
3195
7632
8190
5349
5454
6695
7080
6246
5381
6083
1973
8536
3227
2909
3507
2807
9174
2638
3567
3329
9164
2150
2265
2240
7912
3666
5317
2324
2015
5401
4572
5350
7101
3656
483
1218
6276
7173
1914
9850
7842
3206
7876
4719
1802
2062
6760
9180
3179
469
4366
2425
4062
5461
7601
2484
9805
7613
7794
3521
9306
7099
6559
2223
78
678
8202
2406
6813
2203
1969
1649
2138
9139
7718
1063
6785
2013
5811
585
4625
3201
6939
8372
6285
4610
2079
9107
9652
1341
5843
1504
320
8217
2454
3011
5870
6397
9388
2728
356
591
4749
1562
5120
3325
6999
50
2726
5193
9185
9516
9332
9186
7017
599
4480
8986
8838
7682
6048
7036
4377
337
2263
5302
8426
161
7326
3218
8337
6961
3243
2439
9235
4187
6617
863
8044
3003
5963
6273
9013
4969
712
2333
8651
4402
7473
4054
8247
6338
817
2479
3922
5390
5698
4220
555
4462
3765
4326
928
4703
5606
9901
459
2128
8877
5549
9576
3249
5854
3030
3667
9341
1620
7369
8586
3447
9278
9934
6593
9171
8575
9869
4418
2391
8043
5281
2090
8971
6304
2257
8964
7557
780
8880
5905
1121
6334
7370
9906
5372
3583
1139
2578
8943
1357
3655
1107
1561
911
6145
1809
9841
7046
741
1158
5987
1750
5640
8919
8019
6204
3517
5816
70
4087
5422
2949
4008
1437
3239
3271
3531
8139
6457
9383
9764
1476
7390
9421
1849
3620
1713
6921
1708
1767
4278
57
6756
3721
5853
225
8567
568
674
3671
9939
9810
4002
7822
5301
3732
3539
409
5620
9551
4831
3330
9444
7941
8683
8054
3427
2774
2998
897
471
6
4609
5519
6506
3246
5586
49
6688
7329
8123
3669
8171
1505
140
6476
424
2973
5070
9392
5969
7816
3076
7160
7135
5768
4025
3247
1433
4425
4582
371
3198
3345
7679
7045
2928
7285
9680
1725
9941
8793
7480
3537
8553
9423
3307
3294
2655
6407
9660
401
5993
5108
7884
384
8845
6141
445
4175
8373
1182
3829
7323
1387
2405
9573
3429
3382
1929
1689
1130
5840
9607
4893
784
5418
6452
8940
4380
2927
6430
7296
3123
3718
5107
5964
6798
6242
2059
6068
9005
3301
8761
3295
1229
8796
1412
7425
5115
9519
8613
1340
7986
1633
5861
6988
5728
6228
8900
1844
2670
3481
8505
567
6763
3376
6423
8473
2591
9523
8752
6483
6082
4779
334
5233
9642
1808
5447
4101
7626
8888
6774
5062
2906
1010
3092
2048
4716
69
4010
8264
4405
6356
1980
8708
740
8965
7764
492
7423
7464
1321
1945
323
3393
1694
2475
550
5639
9730
3122
2607
9155
2277
3181
884
6770
9417
3383
8040
4533
2413
1738
6494
4536
3621
5830
917
766
3946
2552
2470
7313
9867
7303
5502
6571
5826
9962
2907
3392
5800
1557
6198
3533
814
256
2343
4833
8485
1970
4324
2173
1072
5736
9317
6017
5140
4646
5305
5844
4219
9323
174
4715
394
7084
3219
3093
7324
7550
6460
8768
2666
2179
1374
3008
9931
7899
1956
6496
9736
1404
760
8805
1331
4129
3570
9311
1757
7910
2046
7429
6469
2127
6033
1931
1313
9246
822
4660
4915
7493
2166
398
77
9371
6533
3380
7138
621
5866
4587
200
8702
6137
1897
1731
7567
3422
1129
6709
67
3727
1522
5803
451
4354
5734
7859
6055
5889
1732
5160
1376
2370
3432
6558
9098
9572
1926
3044
9799
7545
7907
1718
8241
4548
3990
298
2718
2175
604
2004
4883
8325
8443
8719
4957
6061
8873
4309
4778
1108
6240
8732
5817
1805
8051
5743
6335
3236
4910
2375
6165
2362
7741
1817
7446
5860
2518
1333
150
8918
8223
3923
2006
2899
4071
866
918
2541
2567
1789
6415
5126
8493
6295
7331
7038
2226
3498
4415
2922
8094
8750
3150
2415
8931
6322
3616
1399
1886
8446
7667
3768
8144
4618
2340
5970
3733
8599
5508
2320
9664
7561
6154
1645
6670
1185
9485
5373
703
4410
1105
4547
8166
9047
8334
6195
3863
2804
1222
4768
1710
776
4161
7305
2295
6146
2958
8236
1403
36
988
9979
2286
9433
3493
8422
330
661
8020
6703
3075
4258
8976
1677
9401
5938
7949
2270
9412
997
5228
9772
4292
241
2357
8331
7279
9150
5129
7796
3170
3029
5532
894
2275
8967
134
1715
1821
9704
156
9128
3750
3668
8189
9893
2157
7604
3979
6229
1363
9160
6003
825
7671
1109
2952
3293
7649
8138
3535
891
5035
1275
5652
3394
6575
6239
2967
4600
5756
245
6192
8842
3951
7578
4597
3045
9505
8078
5001
2148
4796
6567
5105
4652
571
2145
1779
4055
3385
103
3220
8110
5198
8889
5581
81
3636
3913
8653
3166
7191
6160
8640
7028
2236
9991
6725
879
1330
1866
436
5270
7315
7069
6282
6168
5588
6456
6950
9296
1202
3739
3077
8979
6846
9677
4813
8893
9220
3988
8163
9755
8448
4942
4699
4948
466
2208
1569
9953
8757
867
5171
6639
6117
1053
3475
1342
7911
9527
2072
4172
9010
7773
4566
3157
1197
5058
9809
9093
6020
1909
675
1033
9035
3124
4295
6401
942
3868
4748
9214
2061
1251
5509
7377
8892
7831
1090
5799
5174
1127
7434
2185
4965
6905
9857
4787
6597
1912
831
8289
9087
3697
533
364
9179
3544
2296
3002
9437
1498
5010
2707
5202
230
4559
8124
8619
3808
5527
2919
3580
7600
2989
490
6405
5575
8175
2678
9789
4681
9521
5692
2589
5769
4242
5219
9678
9271
9144
8498
1221
829
1538
6266
5293
88
8858
2436
7495
3624
6091
9056
9733
8910
4522
8267
5633
7665
548
286
5458
3529
5812
1984
8788
7029
6735
1004
7209
8908
4599
1925
3585
4932
8280
3323
4581
2337
6009
8055
172
8699
9985
5008
4269
2404
5587
990
7844
3897
3352
1807
3695
3972
830
3350
4555
842
8085
7238
8597
9032
5488
5726
5088
2147
7458
1735
1655
6775
9031
3433
8492
6860
1651
9060
3817
8208
1282
184
7130
2326
9542
3285
4994
4303
1707
7071
3777
2189
2182
9713
564
502
6892
2553
8935
287
461
1636
1174
6343
2962
2737
5997
9066
8335
5
1315
4974
569
2122
9510
1558
482
4627
6620
7053
2490
4249
8060
2093
6612
1201
5655
4636
3698
129
9407
1215
8546
2676
3224
9387
9611
6241
4856
8344
420
9641
8314
2754
4584
6386
9006
2732
7487
7699
9004
7707
3945
8298
3468
8049
594
381
2573
1671
8205
6378
201
9982
2696
2784
8709
6979
3452
2883
5641
4650
9367
3876
6122
8774
7566
3431
464
839
1548
8663
5804
7199
6768
1246
2248
3374
8235
2583
431
3016
3728
2840
6445
6996
6458
2407
6166
6532
858
3625
5141
6566
1534
9009
2713
5232
6862
6704
4188
3879
2692
2628
8421
1172
8286
7019
4668
1615
348
3628
3367
6771
6484
2931
7372
9779
1469
2640
3973
7938
9153
168
6085
7544
6561
3252
231
3035
7927
5988
7540
1666
5858
9564
7706
3471
124
9615
5637
4881
3248
7207
2799
6287
1454
7643
8109
707
7594
3328
5954
7024
4282
5168
5999
6629
808
761
739
1630
6579
2637
3291
9427
9275
6340
8095
4940
6870
4851
5538
8506
9548
2349
6431
5810
1852
1193
114
2671
2358
7058
1872
447
7612
9884
7825
6859
945
8096
5765
1524
1517
8102
6000
6664
8026
2383
5093
6463
2532
7250
9587
7889
5412
6006
5421
5379
7980
6373
44
2923
6772
602
4605
8470
3063
4561
9443
4399
2021
7283
4387
4886
5634
2783
704
4542
1662
3925
4953
5064
5679
5996
5786
72
5917
5771
4973
4154
1598
1306
7590
9148
713
1987
1590
786
706
4919
4149
7700
1978
8515
6608
4036
4442
6975
1733
4922
7801
636
7924
4931
3862
3417
5859
2050
6832
5733
3060
3574
8681
8491
3483
6716
1854
4322
960
614
9507
4439
8501
622
4009
9822
3504
4339
1862
835
8382
9975
5049
5657
5526
4135
7016
3579
581
8693
7177
5085
8301
8758
4363
2632
5410
2480
4721
8303
8400
7603
5642
6324
4621
5242
8209
1099
9796
3231
6477
7408
2247
2994
4691
549
2246
6741
4482
9697
