9923
1394
5695
3791
2184
1633
6417
922
7331
4566
2984
296
1389
3938
8622
3855
4068
32
6974
733
3085
1760
2329
9440
9884
7470
5415
1639
3055
3205
1946
3931
123
2127
8417
2398
5428
6621
6718
1859
3302
6736
3376
6713
7684
4292
1475
8193
6183
7996
3671
8636
4240
7419
4686
6536
6043
5776
7600
751
707
3815
5741
5799
6382
616
7516
4534
5316
4196
8053
2152
3137
7835
6935
4948
6093
1158
4626
8559
1914
3769
1903
5218
6690
9474
1619
7606
671
6079
5417
5174
7475
8640
3945
7421
4358
921
3091
3187
2250
3774
6587
3049
990
3969
1064
4255
2101
6627
1040
2141
4333
2616
7587
3817
3719
3713
2206
3813
9315
217
7566
5101
7048
2145
610
2922
9044
2904
3622
6827
987
1494
1352
2139
3999
3366
3335
9518
6470
4023
8925
9202
476
1155
2743
7969
6471
7752
7644
1812
2713
6603
4646
2841
5620
4815
8849
1033
4872
2647
458
4919
6965
2812
9966
4176
5254
9712
2190
4550
361
422
7166
8596
6036
8733
2618
4538
1826
3807
9621
6741
4632
6327
6929
4366
6599
9810
6355
114
5938
867
7699
2712
9124
9851
5952
8676
8778
6867
367
7171
4
4621
82
3806
6294
1761
7806
8813
3954
6656
1080
5083
4871
8492
1967
6753
1587
8981
3274
9127
1848
3670
5737
706
9716
2053
9314
2032
4527
247
6788
8705
1573
2956
2268
5532
4829
3141
3005
3239
3362
4074
5324
4864
1839
5140
8599
3392
7202
3620
5201
3505
2131
5953
1450
5365
8675
6596
4545
2778
7553
4091
429
6291
7637
5367
6461
2750
3099
1463
6214
9947
6065
2444
1340
6328
2602
1881
9328
6916
8009
2071
5563
9944
2177
1772
6224
5054
3089
350
5498
3675
1401
6178
8475
7807
5072
9515
2592
1124
8135
8325
5070
8452
7146
6991
2453
8941
585
8855
69
8819
1685
734
226
5606
1601
4394
962
844
9793
6362
2998
2420
847
5592
1363
9114
457
739
1474
1640
6265
208
9185
3933
8835
4775
6992
3207
7219
8463
6919
9900
6422
5669
4551
4020
9894
2114
7989
3082
3480
5534
2625
4960
1530
6299
1326
1509
7084
2981
3396
411
9685
5526
3570
2587
314
1360
2039
8948
6331
7172
8289
8756
1420
4226
1552
1870
6571
3150
390
9709
7096
6732
3882
6496
2462
6424
8879
5978
2036
3819
7490
6512
7042
816
7234
2418
8443
5579
9588
1650
721
5736
3338
2293
7657
4051
524
4432
9189
5051
1655
7036
4445
3966
8722
5713
2663
1996
6962
9650
4774
9322
3084
3957
7270
9405
8044
7106
3616
6396
5017
5403
6543
6490
8160
5429
5874
6379
2273
5371
8989
6112
7847
5922
2551
2257
996
5682
8642
6516
4031
7510
6200
8178
2896
5074
6633
5697
403
8618
8804
274
8431
8841
3436
7688
4511
5177
5641
2818
630
6749
7947
6309
659
5356
1101
8070
5832
7418
6383
7381
923
1646
2292
4812
6321
352
7712
9334
965
7357
9528
3013
5787
974
412
7671
142
7442
5935
7936
6681
4128
2383
8021
3064
4880
9825
8922
1334
303
8239
1631
1758
6774
6185
7039
835
9919
2125
9902
7955
7682
3350
7395
8716
2368
1471
3430
6519
3281
9847
9558
4950
7921
4169
6908
3858
3252
4856
6174
2309
6694
7403
3880
2894
7393
6332
3955
4459
4580
8985
8092
4559
6870
9956
4717
5569
3024
5486
7791
1937
6247
6801
8354
189
101
1228
8750
7626
2469
9216
3246
8767
6148
5093
2540
6786
2788
4737
9340
9149
4967
8372
7634
9670
6340
5308
7156
7899
5159
7228
9692
5693
5341
4939
8898
1581
6652
6585
8163
3647
2305
309
2749
1010
9380
4402
4855
417
2732
8355
4845
2366
3687
6998
747
4136
6777
3497
6090
8620
5882
276
761
9200
8381
3593
7778
5442
4188
1361
4481
1443
4695
6229
89
4873
6425
7008
4335
1802
6176
6712
5013
9158
6592
8583
9883
3595
9358
1262
2378
7863
9777
9481
5240
6906
8265
7318
4252
8996
2225
4869
4024
5894
1358
2170
2148
3058
1057
9990
742
2015
9205
3786
9387
5730
2529
3053
672
6686
3120
7244
1595
7822
6677
1566
9728
8647
4793
9212
9541
9327
9510
1795
115
2009
409
4849
6932
3668
985
6000
700
542
3726
7720
5711
6752
1656
1386
2237
38
7296
1021
4368
4046
5558
7541
4245
4932
4010
7532
8758
9313
2900
6076
3596
5743
3827
8186
6914
9270
2990
9998
4409
5807
6506
8176
6973
1630
164
9668
6837
8094
166
1856
2235
2389
232
7075
8956
8148
7300
3638
2296
2312
6580
2675
5747
1204
9283
9385
2914
9527
8615
215
2057
5612
5825
107
4496
6411
7567
3060
291
9218
2031
2504
3182
8073
1090
2876
5389
5566
237
5777
3942
2574
3730
9250
9724
1743
9501
3410
7136
1202
1596
3571
5334
193
5406
4069
9116
4928
7351
5385
4430
8072
5169
3236
4117
6868
9943
9133
509
8270
2791
2897
5951
9863
6026
3825
3686
4371
9720
944
440
4406
4266
662
1173
4866
3374
8306
282
2455
6807
4751
7882
3718
4615
288
2259
4217
2879
3186
9269
6320
1042
9462
5949
9281
6333
1384
6072
898
790
1834
583
5128
8791
5553
3737
6318
1162
380
1424
6084
3963
2880
7676
4637
514
9983
7414
5753
4093
8425
4100
7497
4692
6604
8366
9409
5192
1236
3673
171
3009
6861
2202
9571
7266
6310
7967
5963
26
5351
3201
857
1357
448
3637
2808
5449
7243
2790
2030
3925
2579
7741
1398
3965
9498
1208
5870
2369
2554
7483
2775
2219
3744
876
9899
2921
5255
9887
665
8607
1625
795
3101
2903
5483
9761
6267
7314
3313
1615
7169
1817
2255
870
7102
8964
7143
6292
9266
8243
3710
7636
4663
1977
410
7193
2792
1644
3131
6692
563
3192
709
8664
893
7362
492
916
9651
3777
3416
8451
9191
1056
1989
8548
4165
8233
6020
2256
1549
5908
7223
7337
3652
7023
7549
5038
5721
6250
2021
6563
9729
7309
9641
3877
4694
7572
3191
6724
5834
2325
4273
1164
8117
695
2622
8564
9698
8499
627
5375
3688
5422
5941
2727
1664
1238
8682
2864
1634
4623
1324
5285
1607
1024
4605
3857
103
882
6838
5252
1893
534
7092
4258
7059
3068
3014
4167
3461
4878
8234
2
1201
260
9428
3151
9043
2023
9603
4858
7929
805
4319
9439
8686
9800
8263
2004
6511
4518
70
8249
7794
544
9352
8662
6392
6439
216
5440
2019
7570
4635
3283
9601
9066
7385
1840
8257
1593
4408
3929
1623
859
8633
183
5458
5765
7957
8260
2072
7257
7205
4200
8349
2701
8269
4601
1469
52
779
2335
1860
5497
7350
1806
660
6778
7428
2550
6031
7078
7370
3003
3874
5281
5119
2094
3287
522
4974
3322
9227
9285
5991
6761
3336
1728
4821
200
3589
771
2111
9421
7479
6038
1440
5125
2586
472
4435
1114
3442
3012
424
2553
9399
7552
2301
9456
4219
7135
6671
7661
8998
6431
7461
2604
1368
3621
958
3548
6695
533
6725
1668
2213
2681
3054
2710
846
5195
8928
8503
6123
681
9949
1915
699
8402
9077
8563
735
8516
7991
2846
6955
829
8763
3028
571
9156
6631
9224
4911
3578
351
732
1600
6525
3728
7565
9226
1252
8573
8696
8299
8476
5855
2374
7629
196
7496
9759
9818
339
7938
2992
2565
6648
3346
4498
8120
2796
2646
179
281
3294
5468
9953
2510
8926
5598
8229
3039
8648
7502
2260
8683
9222
6835
4593
6891
5559
148
6710
6398
5165
6426
7589
2928
8884
8280
1396
5619
2530
7076
4888
1537
4315
6054
1715
5344
6264
63
2091
1657
2443
2047
1
8747
5784
558
1140
9132
8224
9533
2655
3441
1159
879
1990
5488
9857
673
2239
6700
3030
2327
2353
7951
9625
1614
5703
4163
459
7218
4704
8235
8061
5097
2229
173
134
9032
3174
2612
3288
8945
4021
7249
6372
8689
5350
8149
8227
2658
158
8217
346
4535
1784
3488
828
1037
2006
9471
235
632
104
1572
7190
2590
3545
2877
4554
8773
2279
6547
4983
5867
4754
6435
8496
7154
7627
9611
9647
6029
8281
8505
6155
7939
5514
5295
2794
4457
6546
1192
7276
4771
3742
3361
1497
6350
6893
5748
3599
4874
9861
688
3148
5962
9376
8391
2262
1796
5594
9697
2881
8379
4411
5984
2805
8296
8594
1704
1157
6414
3318
4265
1174
317
1771
404
2088
4512
17
9766
5096
5080
4140
241
8093
2748
5384
2979
7046
836
566
609
6129
7818
8916
176
5431
7740
3626
9020
7248
3752
5437
6750
1740
9679
3165
8721
7877
8184
9422
7766
5368
765
7924
1517
2993
9119
6199
7949
1910
9356
4003
9784
4041
8590
9288
1451
7317
6195
3415
3077
949
7578
7693
8639
9640
7678
5505
860
1745
5361
8720
9037
3095
7763
6888
4272
2533
4362
1845
7705
1166
93
7043
8489
386
4120
8228
5044
3076
7212
7925
3563
8352
4178
9860
2724
9888
947
4760
6493
7846
7890
7373
6440
9309
4220
8929
8076
4480
7810
9934
9619
7432
1890
7440
4080
3356
8560
6254
4944
478
9881
6540
2358
4748
5846
4965
8759
9633
1483
1092
9688
7211
5822
1734
913
7427
1277
4442
9267
4221
6905
7125
3692
6489
3125
6466
3249
3935
3886
9089
7745
7992
6242
150
9913
8746
4130
8703
9348
7081
8659
5056
197
6485
2719
6114
677
6950
4732
3096
1706
6173
9299
4661
4750
5491
3962
2294
7573
3196
1719
3115
1272
796
3561
5402
5065
2095
5182
4817
535
4186
4444
1243
6111
8653
6968
1514
2501
5584
275
5388
7094
9273
928
8033
2509
4156
8215
3684
307
5671
9722
3606
8818
5903
2129
1492
6275
3841
6005
4417
1824
7539
1847
9129
9105
2488
304
5521
2764
7776
5970
231
6381
6059
5170
7950
5416
7324
2287
4407
7185
3643
4696
1727
8158
7117
3106
6137
9168
55
676
3213
9100
2027
1127
2458
6675
8740
2490
9938
4492
7777
8939
7147
1926
8997
7716
2783
230
7782
9154
8369
4477
3324
2946
6854
3145
1569
9583
5828
1413
3496
1641
9236
4997
6901
1505
3232
1304
9658
8330
3512
1678
9130
3299
2968
2230
7811
6731
5544
1145
6716
4262
8650
9361
1380
4808
192
3701
8311
4339
9961
950
9321
7149
3223
4135
7595
7140
3740
2948
4650
9165
184
3663
7457
7402
6759
945
3884
9564
8174
5531
4325
1767
615
9595
4467
892
9177
4259
2020
2895
6353
334
2887
2531
1404
6889
1592
1008
7507
3907
3198
4489
4711
8435
6456
6699
2076
8113
7769
321
3720
163
2532
2165
9849
3888
1330
526
1425
675
1868
2212
1688
8768
220
2762
4688
6687
1959
8691
1820
4779
6136
9370
6154
1764
9324
2971
5623
9699
8672
1617
4151
5441
2033
8794
2054
3241
2408
400
5841
8572
1627
9882
7932
5364
8954
4836
19
1232
7118
2799
2691
9339
9345
9628
9536
1329
1612
3776
7057
590
9567
4374
3856
3892
7808
1031
1841
7956
455
6269
3812
8742
6708
6163
5586
6503
9553
6128
1297
3354
4907
3021
3850
9854
1006
6625
6719
3026
4586
2079
3649
2160
8383
872
255
7001
9526
8970
7100
5352
8658
7719
9333
2954
7611
9618
2797
7831
5809
1904
7330
6410
6704
7998
529
8403
5132
7501
6933
1126
8603
7407
1259
1886
4532
108
6284
2405
96
7651
6614
9241
2863
6925
8812
4857
7013
8924
5519
5447
4909
2319
9879
7738
3279
5608
8371
3875
3930
7174
3533
2888
9700
6307
5238
5998
3779
2365
3690
960
3662
9873
7653
2363
2738
637
1838
5438
3821
3784
7316
4199
8530
8377
1121
4652
3782
5593
172
3389
9522
2463
4799
7307
240
7559
4146
2343
1346
8161
3709
6529
8494
7838
6081
9063
4490
6049
8899
5719
3511
8900
7469
1693
4669
502
2393
2424
6770
6921
6610
1643
845
366
1759
7686
6887
8498
7263
5557
4700
8613
866
110
2832
1098
9787
9935
6927
4072
9490
6012
329
3852
10
4890
2291
551
2449
7884
8987
7359
7291
6007
1546
6657
5167
8861
5215
6073
9454
9083
5270
2527
1945
6822
4590
3428
3301
7680
8671
3699
6841
3105
8308
2933
7224
972
3796
6504
2774
8479
3995
9363
5770
341
0
5027
4636
9586
9057
2959
4780
5653
128
1850
1349
612
8317
2483
6058
3408
4826
1965
5049
784
3245
6305
2673
4567
4346
8230
1354
3804
3906
265
6151
4835
1366
9615
1855
5792
2494
1125
5999
5791
8122
984
8015
9171
3161
3772
4542
2978
2038
1975
379
8216
4756
4434
546
1417
3993
8810
5977
5632
398
5410
9732
6494
5920
4506
2016
9291
4081
5812
5482
3707
2522
5708
1212
4843
830
9354
6836
4225
284
8793
311
9188
6481
3639
7658
3391
5325
587
1703
5485
1709
520
2332
6548
692
8137
2425
3042
8501
5555
7237
6130
1545
2313
8630
1927
4655
6357
4611
6131
4036
370
3456
7196
3901
3542
6865
9140
4681
3537
1182
5932
6053
25
5769
9143
3944
6847
3865
4659
5078
6617
5372
8086
6010
4288
3229
1916
8098
7564
9179
4784
7445
6593
776
3705
9497
1682
8562
6824
4159
8138
7209
811
6419
4328
8409
2717
9292
4777
2102
4617
2567
485
2653
7304
6844
4347
6421
3035
2115
7958
2804
7441
5004
4524
7869
774
3235
640
7341
4592
4214
175
4938
9001
4701
851
9939
2599
4987
9739
9167
5086
8914
112
9403
9271
7361
2777
3123
2337
3128
6434
7267
1254
9743
1794
7543
4009
2603
4606
7917
3326
5419
5700
2994
4425
2100
3585
3509
9967
246
7101
8394
1731
7548
1712
4427
1350
7918
7761
7207
7625
8999
4935
1598
2316
2117
1427
2893
9431
8450
6056
9540
554
2029
5751
1770
6347
71
2261
2800
5122
9801
5342
4958
9015
7346
1918
7717
9556
3383
252
5144
9534
6289
8593
7666
2228
666
1083
9308
968
8182
2801
285
3397
61
5462
3257
8108
9152
8237
5353
4742
4213
2011
8342
8595
4896
4305
6670
9758
9344
2611
8459
2112
4336
3630
646
6256
6403
3108
8465
8862
7160
5187
7433
9812
7910
7907
4330
7103
7405
2460
8336
4070
2017
7520
4764
9587
1522
4892
5756
8565
8305
5246
6500
6705
5115
1039
3538
2304
5954
1073
7279
9113
3449
1153
6122
6606
5928
7896
8951
6850
9193
9677
4925
4004
7285
1669
4781
3463
5707
2005
4968
3180
6763
8885
45
4685
767
8307
9802
8466
6764
2448
2484
4215
1695
5886
1534
8034
9373
5993
833
5507
33
5358
4723
5885
1061
813
9065
8406
7726
2233
598
8091
4993
7662
8128
2970
588
5961
8384
280
6463
7577
9589
6302
8385
9457
5774
5744
3129
5677
9517
9110
468
7450
7074
9834
5319
2746
106
9052
413
1753
6994
9838
7908
5370
647
6189
3377
8799
7040
9864
2500
7673
3569
3250
7941
5831
7926
4844
495
8522
7707
2703
2409
9367
8346
4964
4966
2093
8895
6944
1690
3269
7545
7796
8517
7727
2377
4515
9911
4420
1805
188
2621
6943
5395
4380
4552
9468
9135
7254
6545
6531
9090
5782
5696
2878
4158
1017
6502
6266
5861
9005
1265
9742
6876
4008
907
1925
519
4851
1317
4294
1790
5091
1749
2503
5781
2670
1936
6696
654
6008
6281
445
7123
4426
3978
1122
606
1486
567
5250
1527
1589
105
668
5084
5905
7857
9095
8806
2367
1115
597
405
3787
2240
3743
7159
6597
59
3467
4484
6360
3627
3440
8627
6942
7298
631
5806
3566
5724
7021
2434
9634
9026
5722
2380
1882
5931
4418
9797
9908
9675
1861
5911
4962
5933
5570
358
2759
1892
8390
4439
4456
503
6859
4429
6661
8808
1428
5337
224
9735
9290
1376
8211
971
8946
9962
3385
8617
6624
4044
4618
7746
6498
7743
6393
6142
9357
8012
3838
698
4327
8152
8685
7768
9652
8156
6756
1319
4320
942
4318
4210
4164
8090
6018
1844
2412
5759
1177
1677
5373
3087
3967
7085
4604
4340
9047
3860
6689
9846
9824
8165
8732
886
8724
7844
5657
6257
1217
1974
5108
1780
832
2495
5291
9661
852
2568
5426
7825
316
279
1299
214
365
204
3381
8551
7396
6412
3200
4478
1059
7245
5320
2354
1478
3261
8921
1348
1642
4107
7471
1621
4387
5934
1130
7977
6211
43
7387
966
37
6187
57
5284
355
2814
2452
8743
3805
4811
6550
4369
1082
7417
327
5204
3051
5095
2507
5430
1941
3002
6124
7242
7054
9359
6834
7632
8585
7783
8180
890
8547
3050
1874
2682
3976
6766
8495
7262
2874
5088
5432
954
3032
5059
1654
7531
3353
243
9303
9954
3402
6862
9480
4324
4472
7540
6109
5282
982
4487
1439
3291
6051
363
1711
5972
4261
6303
8473
798
2633
9298
9737
2334
5585
9384
2428
1898
4403
7335
5249
8587
1606
5805
6348
7265
9833
7213
4570
2084
4028
8535
9155
5718
8313
5742
5801
6499
27
5480
6230
1209
7062
4016
7353
9608
1091
7199
7867
9369
2289
7937
4825
1686
1430
3926
8013
5500
9546
2345
5535
9099
2585
4860
1865
481
3717
9413
2324
3844
3729
5716
9433
9279
6227
8458
3034
537
1750
4132
9946
8039
5955
4249
463
2372
9323
6682
1351
881
7819
5948
4379
1919
3178
3530
6375
7528
257
2857
5660
1676
165
2396
8278
5796
2924
8883
5275
8947
4364
763
951
7788
406
946
1247
1801
6116
3826
1907
2081
5279
381
5672
1998
9573
4144
6482
4032
7194
9275
8000
3974
8006
9592
3921
1410
8717
6701
2917
2385
4917
320
8297
8643
6402
9183
1051
228
7536
3828
2303
7592
50
95
2938
4415
3388
9082
6507
1943
9711
7544
4209
2519
1261
5525
2082
1481
948
619
6826
3171
911
9059
2320
2246
299
7515
9017
1789
378
1894
2242
7239
1774
7893
6910
6351
1242
4991
7208
7512
4766
4381
6941
4306
185
8892
4520
7982
6207
375
4598
4658
8834
2549
7742
8170
841
1215
3785
8979
8175
5305
3592
4697
2238
4706
3468
318
7082
4693
3242
8624
8670
7339
5906
8657
7894
294
7709
2143
3357
5391
218
2674
4949
1106
5227
6208
9751
2643
4282
3008
7313
1333
8059
3564
5466
5412
333
7177
2758
8104
5244
8536
7009
2447
3485
2187
126
7873
4879
4988
7787
1372
249
8376
540
1067
121
2272
7200
5398
1139
6078
4709
5879
6983
9460
6765
6442
491
5576
7378
2641
7188
2105
2949
7972
3793
8991
8400
7845
2594
402
883
5469
5689
3959
8244
2355
8303
7465
5639
1696
5172
7872
3588
6438
4798
7963
4334
5622
1295
5601
594
5685
387
7886
3912
1312
190
49
9763
9643
9986
8557
8923
7582
8055
738
1757
7278
3244
6697
758
5772
6706
9027
2745
8601
5465
251
9945
2357
1168
5735
5401
1286
620
2733
1698
6135
5425
6467
7037
1815
8345
2634
1018
7736
3682
4298
6319
486
207
4299
2265
4383
2286
9294
2407
2736
4838
2204
8486
593
8275
6931
9260
769
3486
374
9147
9091
5484
6740
6797
4295
9674
880
7367
9771
5547
5492
5857
1473
4238
9925
9513
743
4284
2486
1264
9366
1253
1842
4897
9805
7622
3991
3339
5637
894
5039
3306
1066
1687
8614
3344
4166
5286
1724
5520
2635
256
3694
2073
3697
8017
4413
1994
4954
151
474
8578
5229
5564
7615
9756
1244
2475
6141
462
1843
5504
8774
6263
3220
3001
964
6780
3758
885
7973
3553
8780
7292
4124
2045
31
6988
13
9401
4877
8891
4854
6231
9330
3195
2950
1785
9602
1554
1976
5921
7834
3866
2474
9680
4639
2037
4476
452
4782
8803
205
1763
6491
2302
3492
3080
199
1730
2059
7679
3029
2209
5003
6702
6608
8049
4103
9123
2283
4572
7668
4557
460
5924
4702
1038
2390
5407
4589
3618
9175
1532
8876
4211
2414
4649
5085
3464
1489
3928
2668
2977
6643
1307
4171
7004
4924
2561
4852
1441
7153
2806
2721
3333
4037
2572
8673
9762
5621
5679
8888
9655
4820
5893
549
1323
7345
2851
5960
7530
2698
3138
9708
4424
8454
6428
5605
1819
5996
3560
6460
6984
5261
818
9686
3399
6484
3124
223
1584
1169
9725
6003
4923
7168
5976
7091
9485
1457
2203
1338
5516
4722
4645
7329
3594
7588
3755
9721
3159
783
1827
7047
8258
5788
1972
8738
3527
2626
3795
9207
1754
1197
4503
6811
9364
242
2795
2520
3617
2606
992
4882
1309
9585
5790
6105
1949
6742
8126
2307
9225
8334
67
9804
494
6418
9162
20
8893
8666
584
2873
4571
2886
6676
3199
4227
8529
4237
5904
6885
3634
850
1364
4802
1074
5858
7754
3632
2134
8367
8419
6808
3292
6202
7631
4129
2936
8387
4088
5800
4600
6856
4553
505
62
9458
5120
4789
7455
6972
1179
2915
1180
2194
7897
2465
2188
3556
4033
122
7183
5873
4378
2205
7747
1736
1752
3264
1422
9779
4840
9198
5820
8886
2991
3460
8784
6107
7325
973
1373
8136
1490
3304
4804
6863
9996
4525
83
4356
7574
793
9472
9932
5124
2885
7050
4585
2608
9638
7706
2471
9723
5424
7690
6115
8485
1951
2218
4039
4823
4610
3800
3490
6714
5758
5111
8106
4867
146
8286
9415
8567
3343
3149
5947
8983
4040
744
3775
3714
5616
9817
7789
9019
5178
6441
1094
6077
8125
5552
1833
428
2967
4475
9220
5456
5203
969
5712
4244
6620
9069
9435
8080
4052
7613
499
8037
1948
315
9892
7612
4846
4773
2338
6924
3476
1246
1964
4066
4452
5916
7022
4092
2470
7246
930
2545
8937
7948
238
3979
2087
161
7862
7030
9371
9524
7683
2113
6637
4126
394
8574
3
4187
8066
6977
2058
3980
6430
9014
1282
1102
8909
7664
1957
4905
2340
536
6140
2889
3749
6928
9377
7264
335
4263
1144
1524
3669
8853
5164
289
6473
1787
9617
4667
3727
1737
9280
8726
4042
1007
2274
1035
3320
8333
356
3837
5567
4012
8524
2882
8363
9656
8616
2046
144
5082
6304
1887
4908
4831
4546
8588
6356
4048
9895
9776
9094
3167
4786
8436
1684
6762
7522
8511
5210
4446
508
7889
9623
9909
8723
5467
6028
4816
9239
4153
7772
9434
7508
8798
4510
7404
6922
5668
1891
7759
9254
1863
7892
2208
9336
2619
8133
7486
2200
6730
5513
6920
3183
4027
8569
7018
5332
1814
9676
5439
2932
6849
5959
6537
6737
5021
8357
8173
6820
1104
7010
8079
6934
8415
1504
8965
8407
8302
8678
9036
8040
6880
3132
5459
3539
843
9041
47
2404
2285
6517
2417
4980
943
4768
2630
4454
8430
3360
6729
5490
4079
6060
4612
268
7887
2613
9180
8386
1147
7086
2070
5869
2499
6645
689
1432
5087
9187
2563
389
9390
4713
8071
9993
506
9084
827
2477
8036
395
5876
5815
3547
1872
2330
8656
715
2155
1849
8295
8863
5501
7056
2201
293
9572
2468
2199
9516
6126
3329
2937
4986
726
1665
7715
6609
2116
6349
941
2686
6125
5126
7126
466
6575
5624
4405
5636
4915
5539
6252
8365
5288
8674
2263
2295
6963
9206
6087
3104
3555
9221
4431
5476
7310
4885
1738
3862
5666
6251
2166
8151
9512
4301
6842
3093
8097
9011
8043
789
1111
9977
5982
8831
8745
693
330
7217
621
3712
2704
6311
8663
5729
1541
6246
5474
396
8144
7052
977
9453
7965
48
3341
1332
9425
1414
8065
5067
7452
9843
3753
8191
3164
863
4106
3375
7250
2581
425
1347
6241
760
2028
5297
3924
3289
496
9820
7843
6873
416
3628
8918
1818
8047
3448
9746
4474
305
7049
4651
6238
3214
5007
7413
3282
2843
3531
6181
8894
9704
3305
9593
2546
3703
3126
6595
5147
7792
4803
7241
7660
3445
3576
1446
7206
6497
9304
909
994
5118
1962
2002
3417
2639
8115
1591
7189
531
5875
1461
6113
682
623
7976
6554
812
1864
773
3846
7774
1673
4516
4528
848
3411
8141
669
8958
203
723
1455
7338
7960
3454
2831
8680
5508
4133
1933
6312
4312
7420
1154
1335
2075
2785
8665
9013
803
97
6215
1516
2254
4859
4276
6040
4181
3704
9487
5189
5745
7669
9997
729
1611
9989
1636
2066
6986
2652
7616
800
3987
8146
1365
6634
4145
9809
1701
1762
9486
1604
7820
840
8905
2677
7389
6405
6784
2288
9868
5923
7824
3390
6158
2492
6711
7214
7287
9828
6510
6027
6985
1968
1293
1044
1984
8581
2150
9840
6684
4787
9856
8279
6958
8488
6946
9829
2441
253
8024
7692
2648
4998
7184
1638
7538
7437
4321
2695
858
1702
2151
3885
9002
9948
6052
8875
644
2525
4386
1392
2729
5536
6612
8871
7372
3783
1800
596
9305
4739
4595
538
2740
9772
5073
6066
9979
787
4291
2119
3363
9765
7139
6255
9815
4809
498
1799
5310
5746
3446
9942
9897
372
6166
1305
3706
5626
500
5740
1533
2769
2754
136
3465
6616
2493
5495
3062
7485
2960
7614
9024
8287
177
3633
664
903
4499
143
4762
2077
2227
6717
4625
5989
9101
7488
6904
3466
8124
618
4834
1048
4482
2317
8860
5958
2573
5986
4906
8638
7737
5840
162
6799
9555
4205
7975
5075
1810
9386
3916
7142
864
5709
9978
3661
4833
586
4616
5068
3700
1433
8375
2825
708
5829
8177
7506
556
6907
1298
2702
7911
6898
5345
6514
8973
9678
7203
9780
855
7087
3832
212
8283
7215
8031
9287
3631
2321
1495
2723
9707
153
6815
4102
4059
3604
2766
1897
7529
1670
1952
5036
7970
2361
9176
4596
4060
868
6794
6639
9214
5725
1531
6573
2744
1746
2167
3660
865
210
5591
9010
9355
454
5112
4441
1498
1374
515
1291
4290
7800
8198
9702
1148
473
5749
8609
8571
4073
6912
2128
1717
4212
5309
6975
3098
5974
8518
1969
4471
8549
3432
7554
6909
8771
5546
2429
1694
5222
5214
2108
3358
9891
2502
3899
415
3398
6239
2013
611
5871
5383
768
1045
4654
2660
8100
4150
3645
7060
4309
5810
4082
1653
181
8915
264
7067
225
998
7628
9531
3575
2597
4343
2868
4373
7848
9316
9543
4926
8206
5987
2197
1917
3221
7945
9204
9482
8528
4665
6061
3472
2685
3041
8240
6001
5055
211
3814
1672
9645
901
3540
2388
914
1385
5542
2524
1700
1407
1134
7923
6153
9258
1183
168
5477
2159
9694
9577
2328
658
7197
3797
7375
1529
7718
9473
7024
1151
219
4338
1178
7733
1503
4098
3636
1000
4790
8867
84
213
1609
1877
7444
9307
7145
4759
9999
5667
5681
2548
8058
9374
2401
3867
2973
3018
4691
823
464
8866
5901
7609
9960
2217
4569
6853
7751
5457
8706
244
670
9995
1452
1095
9107
7814
8586
2454
7829
4030
2980
3065
753
6857
269
8801
3908
6067
718
4770
5528
6298
9581
3920
2965
5015
5890
3364
952
4101
3732
1879
9034
9748
3027
3147
704
7453
1175
2834
6551
648
2929
1716
7505
4376
9432
2189
8843
6728
360
9862
1538
73
1448
5005
6896
5328
1751
5648
3144
6449
8988
8101
8337
9213
2248
9910
7400
2595
3166
8787
3745
1290
7326
7289
1720
3748
4969
3312
5461
8919
8800
4247
2423
9078
8192
9778
3275
7916
4783
8331
8008
5427
4207
4549
2708
7753
272
9228
9562
5294
3602
5755
1362
2436
2813
3071
1141
4241
7850
7537
9667
7876
5464
902
2106
9600
7888
3234
7431
8023
8272
5673
1629
4115
5686
5026
1999
8020
9463
7812
5234
541
3760
6646
7273
3331
9484
3247
6367
2232
202
1652
7652
7511
1467
7390
8077
4416
5604
8927
3584
1369
3992
4560
9906
2735
250
1906
5099
7090
5208
2344
7871
7436
9476
9718
8556
5665
8393
1449
9570
5523
3937
2498
81
6641
1078
7635
7297
6521
9332
4824
5550
6959
2384
6866
1562
6840
4818
4170
5380
7006
2705
2591
8189
8205
4300
5842
408
4956
5862
4293
5634
287
8420
8416
9137
2844
9312
2935
259
3022
399
7384
6413
9163
8340
8967
3657
9885
6219
301
9904
7593
74
7439
8397
7238
6839
8164
8880
5197
9141
3295
8990
5493
4733
9054
6951
8401
9695
1211
7638
8896
7590
4984
3347
2761
7546
8326
775
4437
9569
2137
6897
3872
7608
1902
6858
6014
154
6800
7601
6134
6995
5733
7152
7498
3526
7687
7430
7928
782
6693
2132
6564
2065
3276
875
9444
8725
7064
7620
3513
4317
3278
2856
6602
7723
6982
3489
3067
9520
2557
8075
4791
7354
3407
5864
5413
3502
5881
2406
9890
2299
9350
650
8829
2570
2109
1049
1342
194
7771
4279
8634
702
497
6557
2810
7758
8612
5069
1001
7025
3184
3004
6851
8218
2870
9128
7725
6210
2505
7438
5199
4842
3431
7946
2650
2715
8057
373
9958
8626
5827
9508
7115
9048
326
1003
9796
808
877
7133
1229
7836
6193
78
1043
9627
5568
9744
1216
5877
5628
4006
5130
9752
9182
9217
6423
580
5100
5654
3609
233
9867
6954
8204
5627
5399
4243
6082
3558
7069
7368
8291
4972
8994
2186
8795
3314
3238
2359
7542
4740
4304
2382
9672
7560
4638
9696
8259
1203
1105
6459
5452
4280
2975
9343
5517
8255
5034
7968
5662
3233
8908
2269
1692
2802
635
8714
7832
263
1660
3614
5830
5041
6582
6152
8264
4297
5129
5645
7514
4428
87
2853
4813
9430
6629
3870
5572
9459
4792
9835
6879
8698
4951
6009
1120
4401
7734
3203
7815
5473
9529
7397
9819
2823
7072
1321
6268
23
5573
4680
155
2282
8579
3922
4832
5950
7222
8221
6329
7463
6188
6343
4253
1288
1934
684
896
5863
8368
3444
5683
7286
2607
8890
4730
4594
5541
7386
9918
180
4007
8856
9201
8971
9449
7221
7364
931
8770
4256
8851
9470
2944
3702
1336
1081
5114
626
4308
7984
756
4561
7527
5053
1543
5631
6664
6427
4450
3501
1418
2270
1086
614
1331
2755
397
6454
4912
2657
124
2154
3387
4497
2147
9112
7360
6359
2907
4443
2571
5366
5092
4025
4449
8943
5139
4902
4660
9495
6918
1388
4712
9478
8845
2138
9580
6746
5194
9538
1185
182
8718
4672
1462
8256
5687
9774
5856
993
3494
3568
6577
3317
88
439
7358
1029
2140
6833
4529
8701
433
8274
837
6308
9980
4232
3889
6121
7141
8802
407
1047
9806
9393
3419
9783
3114
7617
3479
1267
794
9521
8872
2662
4778
3215
1005
9976
5714
2737
511
2837
58
8353
5971
4642
6775
4999
2930
4357
8877
1402
1341
5292
3499
9268
4149
2696
7866
2392
8422
8870
5031
2953
2566
3985
8623
6884
8201
7294
1885
4084
4699
8405
6961
4390
5220
2753
740
1971
30
7347
9391
3296
4127
8651
1454
5257
5633
8482
1491
3452
5336
209
4125
1938
5423
2281
1739
4184
5851
1835
6388
1408
3222
9511
1022
2683
3025
490
3231
3426
3943
7412
7173
6098
1167
1518
9642
5029
4521
7728
8786
2308
3765
2497
7131
3400
7703
8719
6791
2996
656
2174
5158
337
504
1069
5704
5917
8978
2122
8938
1046
3251
5764
7099
6588
1983
5470
8776
9351
6809
9505
85
4148
4541
7220
1966
7116
4724
9689
382
2346
6416
1339
1714
8655
6345
5216
5757
622
2126
1405
7986
9068
7618
7083
9368
5957
4752
8399
8388
8238
3156
418
2415
3869
3423
929
5045
3219
420
2422
4608
7274
1485
7558
2916
8709
8284
9545
2772
3340
7187
4202
5030
8857
3750
5775
7240
2598
3960
633
7340
6448
1493
2656
1622
4354
9963
6182
581
9120
4668
4018
9253
2397
3523
8457
1273
9639
1276
2726
2640
6956
5211
6033
5878
2433
8684
8730
853
8301
5575
6464
273
2828
4883
4230
9717
6720
1355
9045
4731
778
5102
5153
9088
6324
1540
9257
1624
1383
4698
4067
480
4796
8711
7642
7525
7721
4065
9903
5739
9006
7071
2110
1797
9713
8109
3549
5274
1873
1479
1648
3092
9211
2085
1718
6825
6600
7840
8832
2768
6035
2742
8661
1557
6967
239
3780
815
4662
2130
4451
724
9660
5339
3721
1186
1942
5789
6745
1575
5630
8827
5786
3918
3802
1586
4519
3840
4147
5511
7730
2793
9775
8312
7144
6615
7334
5808
75
9646
2158
6819
7988
5052
2098
8842
9727
915
8414
1809
1188
552
4847
1548
5349
222
7610
3903
2537
2430
3217
6806
6926
7708
8248
7333
2195
3163
6816
6104
6276
8541
5024
7739
7551
5506
6810
4281
5597
2481
2411
9126
1544
3842
6667
713
9624
4203
749
5202
7128
8974
6074
5690
1116
4412
3898
8310
7114
3788
4342
576
6709
5945
8515
799
5343
3168
7391
4350
1152
1359
9560
8484
3834
1315
4994
7906
8917
4174
195
8469
6979
5588
5794
5151
7556
4801
9636
1459
3447
6538
7585
9412
6415
1308
6662
8610
3693
9920
9184
755
3066
7868
1412
5293
41
8968
3380
1854
2716
6518
4800
3861
7748
5304
8728
9898
4022
6830
6102
2976
9445
7765
5157
4175
5081
7282
5302
3483
1577
1071
7089
9502
4045
4326
1132
9807
3624
1096
3177
831
3478
8242
2168
3258
6947
7959
9814
3081
9622
5123
591
2827
9693
3455
1378
3823
4479
2024
1748
4865
9584
3113
4464
5499
2884
6433
5327
4679
2464
4414
7070
1480
2135
7790
2421
1260
1500
5919
435
3936
117
9106
35
7853
5994
4501
7767
5990
4469
1954
4555
2615
834
1804
9549
1257
2511
5000
2582
9563
1756
5574
4720
8456
8123
2459
7017
4105
741
589
4440
2589
7476
9096
4194
4578
1393
7271
442
4995
2518
1250
9286
9242
9282
3503
8695
9145
6672
2728
2099
7280
8700
3722
328
4493
7944
3036
3766
3799
9734
1113
8442
2629
2069
3685
727
3820
1553
2062
2803
2667
8542
2266
1791
9682
2183
6274
9231
8096
7231
2539
6989
5186
2560
6253
9284
9028
8338
5012
8212
4236
8589
4264
6478
8935
8575
1198
5212
5964
4137
9161
1436
8681
3958
7492
5726
4794
4097
8411
342
9842
7799
7063
6272
9614
6890
5290
1912
1343
899
1289
80
1055
6039
2982
4047
6803
6085
1776
4494
6212
2651
7027
1603
9174
6157
8828
3863
5607
9392
919
5155
925
6785
1207
9839
3298
4083
5235
6523
3262
1199
6790
6488
6455
8319
5732
3000
9653
7033
9249
2215
6194
9075
926
7051
2153
5843
7
8950
1058
3487
8439
9097
2226
9326
1496
9320
7122
7579
539
3514
7809
940
1876
6586
8045
6829
8172
9436
2535
5269
206
2022
2089
8930
9957
6654
9372
6474
1027
4180
8555
7226
8837
2214
4341
3605
3932
8339
9795
728
3078
6138
9663
2543
6722
5016
2848
5937
135
2410
9255
6562
2014
5650
2636
4976
745
2824
2847
4755
8404
7859
2654
8194
6913
6558
8428
6297
1249
90
8953
152
2538
9926
1310
6075
5750
119
5859
5761
483
9278
5103
7269
5496
5602
2865
5175
3016
6055
2267
7399
7134
9301
9548
8769
9111
2899
7088
3516
2446
7157
1399
6404
9230
5450
5198
6316
4090
9821
9928
6420
4206
4973
2326
7388
8374
111
1030
5723
5378
5035
5032
3911
8316
6771
3370
5264
4614
6723
4727
2632
3810
3136
3534
1076
2118
5377
6150
6101
8356
7129
9306
7749
5445
3300
8245
6779
3893
1313
1547
9144
5109
6397
5907
645
2221
5335
4868
5228
5142
5162
7842
9654
9635
9826
6903
3378
2773
3515
7698
7491
6024
6409
1379
1884
7803
7460
6872
9209
1099
2577
9150
3119
4900
6262
3853
6287
4005
5803
1947
9195
1597
6217
7828
4744
1337
2007
7365
7903
557
4807
2450
2623
1909
1020
3052
4886
4410
3654
7962
4523
6534
11
7964
3372
7272
5011
1097
5811
3112
8154
9936
348
2473
6278
8285
2552
1602
9985
5193
8323
9265
1409
4314
1466
8082
2055
9893
7191
1944
5209
8972
953
3160
2666
8226
6638
8821
421
54
3130
7874
5556
7983
3731
809
2819
8467
5661
2472
8982
2989
9629
64
1689
2090
8960
1240
1523
2243
8611
9613
1993
2476
6450
8508
2679
3573
4139
8822
438
1292
2236
262
2883
2547
5135
5180
4391
2025
9297
1807
9671
7151
1895
2580
5277
674
8348
8483
8820
2275
1616
1019
3736
2478
8444
6064
5475
3457
3321
6691
6665
3047
2121
5705
2482
8261
9519
8949
5318
7940
9210
5262
3500
6636
6048
5503
6334
7456
8993
9749
5307
1930
2379
2216
4814
4122
3458
6279
1053
3854
1911
6370
7493
2939
3517
6447
484
4563
3816
5813
91
9049
7704
4049
167
1119
9397
8836
1986
3265
7132
9446
1779
2461
4664
7363
5221
3656
8309
1574
3664
1107
5860
2491
1899
6017
8380
575
736
3033
1710
8830
4677
8764
68
8739
7816
2051
8083
9148
6882
7411
4453
7785
7518
5618
5338
3481
8063
6817
1468
8521
5171
8944
6915
7895
5768
8254
1345
3770
8693
5272
719
6739
8143
8010
9930
9483
7105
5200
873
1041
4193
8427
8847
6883
9964
528
8478
3897
4736
9637
3757
8293
9381
2356
979
6845
9274
450
3905
8028
4643
431
7259
6301
6139
1444
639
7885
604
2512
4331
2913
2645
7098
7568
3311
8062
8704
5600
3063
7379
5727
5651
7821
9754
9325
5113
4351
5694
1921
7804
6162
8398
9076
2049
4057
4573
4735
730
1453
7045
6260
4507
7891
1525
6069
3206
9441
3359
2809
4495
2815
6589
7383
986
3986
4121
3355
5362
2437
1225
4785
5656
3735
8188
9051
4389
8447
1234
2297
3394
4189
1306
762
2859
9509
140
6462
5912
4448
7374
5560
7255
8052
1822
4690
9565
6149
7942
9760
9491
1284
1858
3611
3169
2280
9786
523
2596
1741
4946
3202
3116
8566
3831
7236
2986
8790
2241
2892
3808
4099
8081
5817
8298
9055
1016
2731
4029
9414
8865
5883
8389
1149
8423
8777
4743
999
3601
652
1465
9710
3227
2628
8477
6542
8119
5551
2706
6647
9383
2593
3031
3270
4239
599
3371
3768
8576
820
5453
5760
9831
5251
354
3046
4296
2898
4447
6408
970
8438
1576
137
6480
8300
9007
6683
5160
6930
77
2026
4556
7352
8440
493
60
7459
1397
6574
1929
7607
3651
6581
1659
3133
555
7735
574
1502
6630
6479
7714
2083
1131
5317
1456
5691
7012
1009
601
3811
449
2945
4229
3574
5836
6570
9789
6565
7195
2362
9021
3437
9276
1579
306
9192
8413
1775
9252
2926
4745
6532
7315
9841
6649
4937
8103
2858
8064
1050
667
641
3946
4684
8544
2763
573
7534
3739
8207
2351
5062
5421
5909
308
2231
8600
750
3451
2767
5321
2569
3172
8424
2661
4131
5393
1922
545
6209
5674
2700
5678
3142
780
72
414
3927
292
7192
3443
801
1270
8584
4095
1561
8032
2541
8001
887
5381
3859
120
6658
3528
3829
3368
8445
5595
3153
8621
1026
5340
4588
2371
7422
1511
3152
5230
393
3830
4460
2617
388
3079
7981
6505
1200
6823
6465
1218
2669
8358
9493
8509
8688
8525
1318
9896
655
3482
7870
8507
5710
9203
2284
5767
4861
9719
8328
5434
4544
2526
9164
371
39
4828
384
5392
3019
3367
5094
7535
1367
6220
5478
6659
9794
5929
7005
4392
8625
9362
7864
7732
1344
1985
8089
2211
3308
9951
9170
302
2867
7408
4155
6476
4185
7478
8751
7322
4302
8833
8276
6733
6013
1206
1995
8200
5298
4323
9994
1963
7227
7922
5313
4218
1726
7598
777
8002
9753
6236
9429
6556
4746
3956
1781
6386
3070
1089
1280
6900
9215
160
9232
3781
5898
9648
9865
1792
1303
6168
8957
9832
4034
5872
1172
5247
7839
6050
6698
2835
7827
6655
1773
6248
7343
6016
9169
4989
271
8792
4192
9844
3109
4827
5512
2310
3917
3613
788
9850
6628
939
6120
6401
7933
9
766
4705
8736
5561
3582
5110
9234
1920
2074
5545
4311
1778
7150
8859
8018
3998
1960
6117
9469
8069
3666
1765
2528
1014
1707
7605
2223
2107
7833
7879
4540
9889
5414
7311
6
2157
6451
7155
6957
653
2849
3792
3961
663
5394
6939
1950
3658
441
8121
7344
4647
7038
1123
3824
8668
3953
3117
6805
7826
7111
4141
561
1521
8840
3348
3017
2958
2040
7165
8382
227
6225
9388
4367
368
6164
1958
5839
1982
3608
1375
9915
7813
1387
4772
4671
5047
7494
6453
4977
5060
145
9039
891
1869
3518
6233
5635
4063
8811
4251
2178
6559
3716
791
3425
8030
3330
9974
6960
8796
6787
9568
8131
436
9950
7670
4019
5183
6685
3260
5390
3473
7392
7068
1769
2060
5359
1828
7019
4064
4268
8460
3248
4707
8007
5138
5731
1512
3665
4505
99
8887
4641
6198
4089
4283
5168
7026
3086
8318
2052
3158
6346
4076
98
1411
6735
5046
1070
7580
934
7127
8844
9542
7912
4930
9349
1442
1110
4863
6062
1171
6486
5582
5615
1878
8130
8448
8669
8868
5946
4619
7163
4805
3934
4631
3763
613
3848
4747
7161
1661
9869
2770
5273
9264
9822
16
8203
8779
2687
4887
347
5121
7041
4568
2722
3890
2480
6165
7158
2427
8022
432
4054
3809
6552
2290
9770
1084
4609
4899
8288
8749
2172
7380
6103
7953
2544
7883
7328
8712
9792
8570
377
6623
5058
7764
6044
8434
3188
2003
5688
917
4172
3189
5802
2220
3535
5387
8056
5706
1279
9379
3307
592
8931
4231
5117
6180
978
9178
6568
9626
8462
5914
4584
258
6751
1146
8026
1088
8500
5454
5658
8523
9684
3290
2852
959
717
9342
3225
7394
3554
5133
7011
8262
8396
5455
4096
6384
3162
2207
6679
7472
4267
5444
5040
9659
1231
7204
8635
2862
3211
1381
3597
2244
9557
6377
8986
6288
7643
3337
8329
8142
9503
2162
5649
2479
6296
7650
465
157
3878
9464
6063
9506
3988
1729
2419
102
3983
138
2961
1004
2919
3121
9062
8003
6344
6374
8453
2575
7594
6190
7878
36
7805
1087
7268
159
547
4531
6342
6161
607
6169
4895
2997
3915
1880
109
694
7473
4466
9504
2642
6399
3273
3351
8019
5888
991
4286
2934
9029
2689
5762
8980
2807
2699
3122
9952
6607
1118
9768
4275
1788
7148
2911
8785
9525
9341
8035
4013
4710
4728
3587
2370
3773
2041
9263
7015
7434
7689
1390
125
8304
1143
5617
8753
6669
7851
3761
9061
8602
4154
6363
1447
686
1223
3498
5699
3790
451
6566
1138
8197
7299
4633
9823
65
5420
8472
2610
525
725
3756
419
9492
9042
7180
900
1205
967
1431
5048
6999
3904
4465
1100
1219
7711
53
5554
7710
3090
521
7020
113
6831
8797
9582
4216
6544
5965
7120
8005
5629
7645
5896
8167
1852
2348
7856
1311
7201
2386
6159
4285
9208
9151
6271
3474
7855
3253
5981
2342
5330
7562
9452
1476
8902
8649
3794
4644
7677
7672
3711
1103
5966
920
9240
9630
6743
861
7376
489
9233
5587
2435
1560
5196
3984
6598
9146
7985
1470
2322
7646
4970
4111
685
983
5001
2001
7865
5243
9329
4157
7569
8807
7247
6781
1978
5763
8470
7198
9262
7073
1230
9277
5701
5190
338
5163
3450
7702
9907
6354
4395
6976
267
2817
132
924
7233
6864
9539
7077
8087
6539
6549
9353
3209
9121
8004
6339
8755
8864
1274
3176
2078
5460
5143
6280
8116
1991
1419
3847
7993
5237
3421
6045
3023
4933
8667
691
2845
7750
7301
1065
1539
8322
8273
797
995
7966
9331
1266
8976
582
7167
3603
2875
8426
792
1836
2995
4278
1400
5930
4634
3550
643
8710
6177
3506
2969
3762
7458
2323
8493
5715
8199
3325
963
7406
7178
2752
9933
7176
9056
8078
3097
1275
7633
906
7477
6034
564
9086
4945
6527
5154
7336
3475
9072
6338
1251
8920
543
6406
3107
2247
1263
8441
2253
9238
2120
9081
5329
6832
5880
9968
9683
8550
8741
9418
4904
961
6083
7446
7253
4597
9811
7080
8418
4942
8253
6070
4648
9858
5752
2709
5176
8490
3845
2820
5463
8660
6899
7786
3536
9590
7055
1555
5804
9442
8761
3412
570
8195
6814
8816
3879
4197
5106
4359
8114
9731
5778
6650
7990
9620
2298
9040
332
9929
1567
7852
3914
5913
3044
5150
198
8252
976
804
1580
2485
8546
7230
4682
2765
2830
8378
6186
3655
7581
6232
2909
2680
9848
8580
8582
7915
518
7978
5435
313
1733
4562
854
824
4850
8231
7034
7519
9703
7281
2489
92
6996
5287
7756
7487
6261
1416
8699
4375
2180
5936
9808
9982
4468
9394
6768
2942
7823
9730
4254
5603
469
9109
3210
2999
7881
7659
3175
4607
2987
8282
7648
3975
9033
7108
4797
1328
4398
9917
5581
3379
6037
1421
678
8512
9941
3600
9690
3011
2234
7913
3284
7308
7377
9969
9319
6601
649
5510
2224
6144
7210
7681
7663
2300
1645
9080
7713
6110
5009
9657
697
512
7121
6192
9916
4071
3427
5818
1294
5530
2311
8373
4162
8913
8729
2609
7685
4971
3653
7971
86
9859
6583
2164
7164
7061
2776
5826
1210
6196
1226
5647
5988
66
9138
3751
9424
5239
2445
2008
9852
2350
6277
4841
1556
7499
8540
3833
4399
6306
4910
4620
8350
3384
4955
810
6221
9053
1283
2387
5134
2559
8051
5149
8654
5161
1269
4161
3562
8166
9293
7571
9197
8897
9837
6119
8266
7113
4015
6668
3950
1568
6249
4055
453
9552
3266
3607
2144
5451
4628
6213
1747
6368
1370
5533
3734
6361
6273
1391
6469
1588
4582
1135
6175
6391
3849
1732
8364
9016
7974
4853
821
3413
7449
7500
6458
8046
7290
8506
6156
4936
5267
4673
3543
4191
1150
9750
8468
4920
1853
532
169
4142
9959
3414
1011
5509
2173
5354
634
8183
5386
4577
2782
7481
391
127
4257
4332
3256
1032
6282
3439
6080
131
9714
1128
9467
2542
3559
9407
2347
6526
9243
1708
4725
44
4622
9665
3267
6004
530
5644
42
1434
1889
9681
2940
5773
9093
1222
1666
5785
4061
8538
9799
3190
229
6613
1571
8553
1296
7095
8631
5314
3557
8050
4741
3386
7521
9248
600
7398
3835
3319
8520
3185
7561
4889
4246
3254
4277
8817
932
6184
3640
331
2431
6938
6106
1519
6206
4929
141
4385
8016
9272
4313
4565
6088
9764
5848
9302
4274
94
6468
4624
7557
6443
5910
1939
1170
905
6970
7575
3519
9173
7604
427
6783
1662
5565
2050
4564
9666
5847
9988
2176
1768
6673
1193
298
9455
4195
4388
1353
1488
4485
3075
7288
5331
6371
5638
6002
9924
1526
5925
1558
5915
3619
3648
4689
300
2515
5494
4053
8250
2734
2136
2142
8027
5265
608
1482
5369
1608
9311
5188
1997
156
7447
6990
4011
1241
6387
133
6997
6244
51
2399
4228
3894
8961
3433
2588
9466
636
1093
4981
1542
3395
9060
8315
8360
4056
3462
6726
1458
7079
1961
9406
8788
3061
6358
8474
8815
1325
3529
2908
6524
989
4473
1136
9008
2341
5515
7550
5018
4177
3194
1697
248
9827
9420
3271
5076
5577
8038
1224
2988
1235
6108
5625
4087
3240
5436
4222
2963
147
7980
3923
1940
9604
2757
8552
3429
3007
9940
4344
6902
1866
510
8487
2931
6330
4271
7252
6936
2146
2010
6875
4985
4921
9477
1255
6283
278
5889
7979
9365
6653
4393
3625
7002
8539
8641
1699
2103
3551
9259
1133
3887
3868
9612
7474
1973
5479
8731
4914
1680
6663
4382
6444
642
9125
4160
1510
1403
2910
9973
1072
9705
8608
3083
5891
5152
9631
4715
9398
9561
9404
261
2403
2331
1675
7332
918
9664
277
501
1955
4078
6369
5798
8882
7504
7697
9769
2906
2952
8412
2697
5259
9741
8605
3143
8752
661
517
975
4110
9419
3895
856
9018
5173
3650
2690
3997
8781
7901
4666
6325
981
8132
3546
5969
1871
624
9465
4201
7919
4916
1651
7179
3438
7665
5089
1227
8734
9991
3964
1034
46
5797
4116
1320
3103
8159
3532
8344
937
4749
3947
4674
8433
6172
5408
5613
4422
6133
1012
1036
3680
7305
430
7293
1052
2506
9669
4583
5944
9108
8527
1239
3672
4123
6871
2080
4548
5502
7691
6132
5217
5837
8748
5283
7175
7035
3401
4718
8984
4513
786
5610
9251
3342
8852
9594
7382
2044
6378
5692
7526
3204
322
5850
7480
2693
8598
3216
5141
4714
6522
2684
9067
6949
4223
9578
6572
9632
2964
7170
6337
5670
6852
3909
357
8591
1460
7701
2442
3910
5795
1484
7429
1811
9423
3406
9738
6390
1195
638
927
7261
1829
3896
9736
3286
5684
6964
6245
2517
6594
1302
4952
6094
8335
9574
4959
1935
9447
712
4337
9479
7555
4085
2556
6576
5676
1851
1023
5524
5599
7182
3303
2983
4734
8099
9547
3725
711
6204
1438
8737
1691
9845
1857
5537
8839
8213
8341
3968
4134
4353
5583
4345
8408
3580
2395
7694
9855
9836
1663
1777
7356
5853
4233
9244
4591
8084
2564
4738
5845
7464
9378
3146
2096
2438
4138
7722
9402
2402
7755
1196
871
8048
2962
6240
2264
9122
1395
3334
3583
2786
4075
4788
3524
6626
6483
9071
5278
8934
8619
8805
3883
4848
2426
8343
6446
6561
9886
3072
8014
4587
7065
312
807
6632
9496
4400
7830
5892
349
720
4183
6666
1165
9375
7109
3208
3173
595
116
4891
2861
6678
4581
7757
4094
2866
9104
6642
6203
8645
9606
4397
9229
3212
5590
8955
3255
5376
2364
9981
4404
7623
6100
29
7513
6734
3088
1507
7639
6234
9535
1647
7930
323
6097
5348
9607
5333
8223
4757
6400
9790
2063
6892
9523
3646
5899
7999
7849
9927
3127
3579
3510
7997
8271
6969
2018
7523
8814
7119
9247
4536
683
488
7462
5184
8324
7320
8526
7355
7058
8644
3134
2620
6530
4687
5010
9338
2665
7837
8074
9172
5253
7695
9757
3263
7880
7762
8809
7451
9166
2252
359
3973
1268
2451
1287
2314
174
3913
1744
4112
5405
5098
6068
5002
3015
6046
8196
5698
6635
5646
290
1578
1551
4035
1117
266
2516
2955
9347
8169
1508
7647
3565
3801
2836
9318
5225
8963
5077
6789
3477
3020
1626
9914
2156
3949
578
889
477
6127
7327
6855
6091
9605
5181
8054
5780
8145
5614
9965
737
895
3332
1988
6874
3771
988
3598
2277
2352
8446
4455
8480
6555
5835
2694
7583
5306
9554
4719
1559
6940
4352
1846
6792
6818
814
5728
4819
1137
34
2578
2508
8904
4002
6380
1837
2779
9494
3674
6457
3327
3919
444
9092
3280
8105
8772
8846
8933
2676
957
8134
4522
2012
4602
7130
482
6688
5213
7028
1063
6322
8992
4758
1437
2000
3733
602
9085
2816
9798
1932
8
3951
9715
7302
2466
6373
869
9073
842
3629
2923
5033
4514
9514
9816
2562
1705
1327
8392
6293
2821
9691
6776
1161
1618
7415
2601
1520
4372
7667
2149
5548
4307
9437
6487
245
2739
7424
679
2068
731
8754
3469
8362
3155
40
5956
3981
2584
7801
802
7124
7349
3738
5980
2513
8646
4483
4683
904
79
2855
8246
7112
2925
2725
3851
6095
7858
7961
8942
7927
369
3591
5844
8068
7860
4961
7423
4603
4992
5643
7731
6495
1300
3676
1987
3572
3759
9160
8568
5232
6323
3316
6445
6881
2811
4204
5231
2644
9246
3369
3056
9878
4348
4502
9740
139
3972
5276
7875
1613
1002
8320
6216
2034
9575
560
7700
4884
7934
527
7229
4289
7654
5382
8727
9475
295
2185
2985
8652
4940
3237
9074
826
757
3102
5280
8247
8959
849
9219
1233
1637
130
752
1599
8410
1679
716
690
7104
4576
6533
5326
3226
5022
1862
4270
3139
2496
1301
5968
6953
8697
1742
4423
7181
7995
9223
754
4729
4436
3723
9022
617
4198
4670
9781
8168
7029
2092
9803
628
5580
8592
568
9136
1931
9870
4830
1723
7724
4109
6772
5659
3057
2333
6727
286
3586
3970
6389
3891
7401
5131
7448
3741
6796
2730
8910
1054
6452
770
8214
3683
5127
3544
1129
201
6376
2336
6147
7841
2707
7591
3230
2718
6567
376
3681
878
3695
9931
3818
8327
3382
6315
7369
8977
3541
8332
2860
513
3902
625
5680
8225
4721
8268
9530
7624
2822
9310
9139
5145
4486
3420
5256
1564
6394
5487
5824
4918
1901
1913
4947
1628
9609
5865
8449
8491
8632
2375
6205
5322
7775
1632
6235
4761
8707
4574
6395
7426
5897
3679
3310
1766
1245
1832
6869
3504
9261
629
8095
8962
6758
7563
2161
9245
3484
8514
1213
4114
5268
2789
2210
6895
8577
1079
6477
9532
7410
5854
4533
8140
5311
3259
5396
2558
2171
7275
4179
806
3871
7943
344
6748
825
1077
4360
4941
470
703
6520
4190
7097
3691
7898
8824
3615
5363
7760
4599
3435
1506
2891
2957
4996
9579
343
1013
4329
2097
3698
9190
3747
4000
8112
5717
8107
5008
5995
22
4361
7603
6086
3715
5271
4530
2193
8513
8219
1108
8277
4182
2536
6528
2555
3405
8854
3493
2086
3525
1798
3470
4875
5090
6757
4303
4104
4077
7902
5379
1783
2664
1435
340
4260
6243
149
3864
7495
9030
6432
6099
4934
862
6515
7138
1176
5360
5258
3434
4461
8936
4113
819
1160
4508
8421
1528
1248
447
6167
4152
5766
4322
4726
9199
3941
4396
1721
6590
1786
7656
7443
5481
1713
3989
5868
1429
2349
2927
8102
3982
8940
6877
2902
9417
4355
9876
9687
4927
6019
4118
2905
8437
5900
4377
15
2258
8782
3422
3040
4675
8208
3373
6993
6680
2974
1875
1109
5043
507
3181
1793
5260
2869
4839
746
997
5702
4462
4370
8190
7225
3268
9346
3696
9597
8118
1583
6971
6802
7576
7784
822
9566
8687
7003
9360
8129
1142
651
4316
5409
748
4504
2124
4953
2692
7466
7649
4629
5301
6314
1191
6071
178
4234
8432
3612
1605
7797
6364
912
4753
4893
8236
5527
5263
7619
7517
336
1015
5146
3365
118
4876
7032
8155
2872
9079
8025
423
5887
7802
1371
9064
1755
8359
2840
933
4537
6237
8232
6821
5315
2439
5104
5019
8171
1025
3043
3345
345
4676
9747
5105
4235
6118
6715
6258
6501
8519
5063
2659
2614
1782
8874
100
3990
1062
6828
8502
6952
8534
9087
3839
364
6472
4978
8975
6171
1187
5236
6644
9237
426
3418
6769
8907
9035
2756
6021
2966
7312
1163
5400
1156
5852
8241
9791
4678
9443
6622
2638
5064
3157
7640
8765
4769
76
6042
7770
7409
8504
5838
9649
9159
4310
6945
5918
8911
3328
1382
4558
548
696
2487
7489
6760
6812
9644
4269
705
8850
6032
714
6022
4979
6436
3309
6553
1900
3876
9596
2920
4365
4242
7744
562
5967
6651
7773
9616
3764
9186
1501
1565
6923
5655
1681
3977
2056
8858
6843
9004
6228
9599
2306
6006
9610
3393
3521
1513
5223
2179
5300
2829
7306
6569
2276
7235
7435
7905
8127
5357
4640
1928
8715
5983
8110
9295
4903
7586
3038
2413
3581
9544
1322
9972
2741
8067
6937
2271
3746
1658
7861
186
4627
392
764
7107
4901
2163
3170
2918
487
5940
3659
1970
9701
4433
6508
9046
6605
8209
1979
5884
4653
1570
6987
2678
7817
4630
559
5973
4014
1472
5066
4579
8041
7186
9871
8210
297
9576
6335
9131
5346
884
9296
3409
3100
7348
9912
5522
2467
6981
2339
908
2249
9901
8558
9395
7467
7994
6747
5107
4898
1184
2850
5518
9317
8533
8060
8789
2251
5179
6146
577
1594
6475
5266
1214
4168
5611
935
3048
8429
9550
4922
3508
3610
9853
8969
3059
6492
1590
385
6317
5448
2182
9426
9411
5071
2890
7093
5902
4062
2839
6030
6948
8347
9117
2784
7007
1535
7952
4058
6782
4470
8042
5037
8637
6703
1813
680
5185
3293
9489
5
5472
7779
1808
1610
56
6793
9507
2951
9023
5289
9396
6618
7256
7596
9289
5589
6755
4173
817
5562
7371
9922
8966
3724
9733
9875
2583
3073
2360
572
3994
2394
5050
8554
7319
5166
936
6754
9115
437
8294
4881
8597
7031
3708
9971
4543
6201
1823
7484
6336
1905
1314
1220
5224
2780
7987
28
6011
1406
4776
5664
4913
9410
1028
3197
8531
4963
6218
446
236
324
7674
12
1674
4026
1237
3689
5821
4363
8775
1620
955
8744
362
2943
7584
401
3778
6160
5814
2627
3552
9000
3140
7425
2838
319
9461
6911
3228
1415
4491
3971
5943
6313
9300
7533
5783
3836
9662
5866
3767
3224
9070
5020
516
1426
9025
5248
2457
603
3471
3315
475
5205
8150
9335
6365
7053
9499
8111
4539
1956
4931
4765
1649
434
7323
9038
2514
3667
9755
1075
1285
3135
5538
2318
6270
759
8464
2061
4224
5942
5028
9813
4086
9745
6795
6894
129
781
4703
3798
8267
7597
9134
2381
7509
8881
7482
4894
9921
7795
4250
4716
9153
5418
8314
3074
1867
9012
8995
5549
8139
2222
5997
2400
1825
6738
7284
8561
325
7162
9118
2169
5926
8826
2048
4613
5816
3154
7904
9975
6179
772
8088
6341
7321
2912
5975
5299
6707
8692
8543
4143
3179
6057
9880
701
1487
6326
1464
4982
8783
283
6385
6798
2833
9194
1953
1883
1190
8179
5895
3111
2624
6619
8147
8903
5397
6143
4038
4463
6560
8702
1281
6366
170
6300
14
5057
1981
2432
7454
8766
5543
2456
6513
6429
3642
6041
2947
443
5116
1189
7260
7914
5025
456
6660
4990
5819
1377
3590
5596
6674
7675
1316
5242
7655
1722
5771
2523
980
9450
8869
4001
2123
6259
5404
1896
7630
234
4458
8162
5233
9157
2416
9830
8481
8932
471
3453
1536
1256
3404
2198
3754
8187
2315
3939
2826
8823
6611
9102
1356
9382
7696
9438
6285
7137
8762
2035
6813
3352
2720
7303
3045
2440
3520
7524
7016
9235
5754
9337
3623
1258
6096
897
2376
4419
4526
9009
9874
383
9673
5245
6878
5779
4517
6767
2245
1550
8153
5207
4050
254
7729
6191
3243
1923
9598
6773
6226
550
5489
3069
8677
1194
3577
710
5663
1816
8532
5833
8694
5148
1908
4657
8497
6407
3118
3803
2649
4795
6978
270
5411
8461
5927
6640
3218
7931
7602
1683
2637
8825
2842
5471
6015
6025
2854
938
9785
569
4975
24
2534
1112
3507
5985
6860
2175
4043
2042
9706
1671
4488
8471
3873
9181
4500
1423
6584
8321
4287
5793
9408
5720
5347
3641
4763
5137
5571
6170
5226
4870
3567
6295
4017
5312
9537
9142
2521
5296
4421
2605
3285
2104
5061
479
5675
3644
785
8604
9866
2901
5191
8889
3277
3491
5079
5652
9448
8679
8292
7935
9782
1992
7342
7014
3037
7920
4575
191
6579
6721
8455
8185
8251
9500
1980
3110
7044
5734
9103
8906
2751
5323
467
5433
3459
8901
9003
874
4509
6286
2688
9788
7798
9031
1821
3495
4837
579
553
5023
6092
2181
7503
5849
5609
9098
6509
1667
3522
8952
2373
5206
9937
2196
5042
1499
7468
6047
8351
8708
4943
5578
9726
3822
1585
7258
5642
9877
4806
5823
2798
7277
8290
2781
6886
7416
6591
2714
9773
7283
2631
9050
3900
8878
6848
8220
1725
4384
9551
8713
1060
6535
2760
4119
8029
5219
8011
4708
7251
3006
6290
9256
2787
4108
7547
3635
5136
1068
565
2192
8202
6980
8848
221
6541
2871
8760
5446
3678
8361
6145
7599
3094
1445
910
9955
9970
9591
8606
4248
7295
657
2043
6578
2064
838
9416
6437
7000
2576
888
9427
6089
3789
7780
6966
6744
3193
21
2600
1582
6223
3948
1563
8912
9451
8838
5006
5540
2771
4547
3323
2671
2067
8395
2941
7110
7232
1831
353
8181
839
5992
7954
2711
8537
9767
5241
310
7066
3843
1803
9987
5156
3297
8628
9389
8510
4810
1888
3881
8085
1221
5640
5979
5738
6222
9905
3424
5374
4767
3010
3952
2191
4349
8690
6846
8222
3940
7366
7781
9400
8545
2391
605
687
1181
3403
9992
5355
6804
7900
7641
2672
2972
5014
9984
6023
1271
8735
956
4438
1735
1635
7216
8370
8629
1924
3996
5529
8157
4656
9872
8757
4208
1830
7854
1085
187
8873
18
5303
5443
722
4957
9559
4822
7621
3272
7909
2133
4862
1477
2278
2747
9488
6917
1515
9058
7793
461
3349
6197
3677
5939
9196
6352
1278
