7108
7921
3737
849
3268
7984
9338
5677
3277
8065
7764
5797
8799
9572
1650
9967
5326
4836
4621
2984
5708
8778
6258
7935
3463
3556
9740
1218
5961
413
3676
653
7290
5224
6714
7318
7043
1868
3752
7155
1597
2837
2797
4361
3173
6449
8582
3759
3302
7998
9784
7152
7578
6744
3377
1192
9641
8009
4324
9177
9892
2830
3574
5180
749
829
5469
9489
1069
9613
8879
5600
4972
8854
4861
8808
1467
2071
503
1882
2477
5938
4422
3476
8601
1926
8594
3649
6754
556
2061
8970
5051
3657
2673
4376
7610
5939
2831
8230
440
2187
9657
1743
3857
4950
6585
5489
9142
2098
7094
9409
2079
5964
3972
4684
9376
2535
1974
1996
2693
9327
548
5163
8688
109
5569
9708
8613
608
4612
3120
3259
4568
8227
1708
8520
4404
5403
1037
3378
6176
9803
8507
367
7554
8075
3033
968
4001
4894
759
351
5257
1826
1678
1171
2441
8387
2682
8231
3029
3239
8839
4405
3113
8457
2835
6992
8801
2534
9949
9474
6154
7732
7951
6604
9371
1057
4219
1114
6421
2801
1741
7156
910
7857
8361
1402
9758
2925
6868
4672
3609
644
774
7463
2110
636
5805
9061
5519
8427
1863
7041
2703
9813
1025
2508
9576
5846
7971
5138
576
154
5199
7771
1809
466
3784
7992
2252
6463
5732
4150
6045
8725
8732
5260
8516
4409
9954
195
3068
8849
4571
2043
4934
6570
3619
1234
9735
6857
3971
4516
1081
4679
4752
6191
7461
5634
2417
9748
5760
110
2818
4206
8136
7614
9848
1593
146
2650
3806
6959
6435
9191
1473
7242
4333
6792
1971
4577
1397
8129
8761
7426
8680
7223
3891
6518
8655
5843
3151
480
7800
6299
8545
8984
8046
5406
9880
6427
3591
9284
9056
2422
2773
4783
7617
2353
9611
9317
130
8367
5331
7201
2602
2735
9347
7496
83
3326
2226
6846
8800
127
5543
2689
8699
475
1485
717
5375
7306
9597
2605
9135
7903
6912
8272
1610
8522
4842
6197
7523
2507
7831
9268
5108
662
1784
318
288
2809
1313
1844
416
3555
2539
9562
7626
5027
5187
566
1014
787
5366
8784
3435
9029
4832
4410
1420
6496
5685
1765
7447
5428
1198
4271
324
3612
2969
4117
7389
395
9367
2148
3256
2304
2597
6461
8278
7068
2882
9212
950
2392
3116
2118
2235
5664
5276
4746
1699
5749
4343
7188
3201
6392
5620
8481
429
7075
6865
8362
7893
9014
7288
2335
4655
326
9410
5750
7878
5009
9055
214
2409
180
5358
5429
6648
4893
2713
4138
5229
2021
8366
9136
3957
7376
2825
7238
5300
5657
1462
5397
4712
2733
7649
2170
3921
4340
284
8239
3192
9894
3787
1370
978
4676
1815
3523
6632
1394
8549
1872
1673
1911
2267
5212
1062
1355
9726
4766
3496
9175
2775
2339
6723
5523
7493
4416
9468
5223
3483
3746
8323
6141
2828
4564
3826
3947
9336
289
7561
9060
1035
8743
3634
640
4816
4055
8008
9002
5450
4581
272
5771
7876
9887
7914
1893
3078
3087
2006
4759
9702
7009
6833
9835
5946
8965
5665
3848
3527
8147
4878
4319
8332
803
3854
1698
1723
9251
123
1987
3045
8023
17
3412
2752
2960
9415
1250
8326
159
9197
1647
1214
9022
5438
8576
2342
7225
246
7473
1032
9599
4307
1015
3341
9089
6078
2301
6812
2035
1361
5436
9034
698
6481
3917
5379
9469
8817
7904
1657
1275
2271
6060
738
8911
6663
8875
494
8726
8795
1740
6162
2451
1918
6995
5908
2961
3629
8189
2111
3451
1152
453
1289
2167
5867
4296
468
9871
1870
7532
8943
3770
6715
1419
9079
9840
9534
1009
8003
1615
5038
2107
1241
9126
7139
3135
8973
3032
8137
4320
6567
1298
837
5752
940
9454
7485
2728
4772
6111
4519
101
9388
1891
8264
6677
2090
8031
3640
2361
7607
3963
3603
4966
3812
9461
156
5061
5269
3384
348
3761
2859
8666
5126
9896
3691
6793
8330
3234
7319
7884
3391
8258
2275
3694
1137
3796
5182
8891
7393
164
8280
4914
7206
7514
9861
206
4225
2615
9564
5430
2050
5146
6774
4870
9494
3907
4473
6890
4132
4855
2204
514
1912
3665
5509
4767
8999
3866
8035
7715
2617
6094
1670
305
5775
3220
85
6699
9893
9470
5166
8573
4158
9048
7259
7710
9024
2225
9129
5885
9337
5707
4879
4462
3255
7860
6049
8148
7233
972
4359
5145
1956
9932
2375
616
2769
7295
5361
3915
4788
2288
6146
7478
3778
8627
946
306
3153
3203
1314
3150
8014
2986
7457
1991
5820
649
2355
1598
4545
5060
551
2880
7227
6169
7260
6946
188
6429
7581
3133
7881
7727
6180
3487
7272
5932
2785
9944
7042
8371
5521
7926
170
6934
8115
2583
7020
4293
8210
7177
5638
976
9799
8069
8641
7466
4565
3571
816
8714
4139
1130
577
6725
244
2594
6575
3817
6104
1304
7059
8192
1716
3540
2551
457
5131
9353
5392
1638
6248
4804
587
6817
872
3416
3526
8162
7226
6426
114
4646
5245
2812
260
7334
5407
8885
2660
3275
8779
2995
7404
414
263
6102
6361
3815
9305
6659
6827
7694
1392
3707
6013
7725
7791
1975
3000
1452
7932
2416
603
8756
7786
7970
5127
1722
6706
1845
8460
6462
4317
4840
6467
9806
790
5912
4710
4883
1955
1215
1797
3484
3886
1892
6423
6350
9357
8000
3035
2093
95
9593
5889
6527
7933
2573
1319
8538
6267
1827
9369
497
8453
7995
7153
8299
866
8515
3466
5417
880
8768
1561
1654
5937
3638
7597
1061
3454
3878
4448
2510
3080
1110
118
7200
6797
5017
4362
2779
7289
6210
9072
4690
1456
9525
8593
7251
6301
5887
4542
5583
2220
8727
2124
3381
8091
5962
8870
9592
1432
9530
8749
3443
7677
5739
4131
6935
9281
2694
402
1668
9076
5315
1757
5565
3105
4580
9765
7101
9786
826
638
4445
5121
7442
1008
8878
9584
8059
7604
3732
552
1867
2808
6108
8914
409
467
3140
6133
7252
7606
590
3642
4736
5420
4163
6448
8054
1300
9110
7545
5122
7991
4777
422
8006
4596
2205
2499
7870
3628
4234
9447
4360
6964
9926
9161
4819
3034
2368
4338
1393
8750
167
2222
7877
1323
12
1068
8149
6482
3906
2493
1039
3129
2452
6584
3321
1527
3951
2744
3356
5563
4485
8250
8751
361
1194
8161
6382
1340
961
5974
3405
7480
1980
2505
2962
692
3242
9797
9624
177
1694
4243
9902
2586
699
3504
6165
6198
7507
2183
881
291
4318
2358
7431
3632
6325
5844
4284
4253
3572
8079
3709
2768
1879
7284
9787
2501
1696
303
7202
5624
8570
5248
9370
5926
8691
5705
5285
7633
281
4009
7098
768
6661
7709
5107
8974
5515
1759
4525
2974
4191
8642
6053
389
4781
2135
1339
896
8381
1400
2847
520
4425
6628
1026
9168
2553
3749
9111
3257
1906
2489
6196
4039
6610
2449
8575
7234
2959
1346
88
3270
660
186
5819
1040
6870
531
8921
3810
2646
9455
3005
9678
8018
3981
3478
329
6100
6594
8555
3851
3274
3845
3414
4572
6242
5258
1965
1183
3804
9237
2890
4920
9825
8540
593
6238
3003
2218
941
2376
5942
9133
4921
9515
4677
1170
7337
340
6711
19
9700
8180
1240
5078
2866
4034
9167
9490
9879
9120
8995
2879
3027
4063
3055
3742
5507
1075
2585
2109
4802
7273
2546
2804
7770
222
8814
6848
3458
93
1477
3267
1540
6881
5301
8944
5813
9021
9086
719
4634
1411
1977
4097
7396
6095
6685
8527
578
2524
117
1744
4815
9947
3374
5330
6943
433
985
2278
2282
5989
2438
2030
4651
3766
7798
3493
6700
5689
9920
2513
951
6072
4064
122
4432
5954
5527
4490
9156
4106
4664
3271
1442
825
2979
4222
2894
9946
7847
8292
4010
6187
5225
7816
9045
6262
432
1539
2340
1541
6698
847
9556
7702
9210
1203
9171
8919
1816
8978
8755
8212
1016
2116
463
4160
4022
9160
5914
6511
641
6083
6126
4029
7892
8536
622
2272
4435
6420
9054
1961
3648
6043
2049
6878
8343
4699
8584
43
5931
1288
8499
4109
2070
5836
4013
7402
2722
2929
988
8154
929
5670
3048
7618
9147
3779
1099
3263
2217
7360
8867
4303
7539
2556
549
5010
7872
2657
5650
9914
3924
9365
300
953
6263
9829
2928
2259
102
6371
3147
5298
8267
4208
1849
6798
2589
523
4829
4489
7135
2439
9211
4926
4195
2491
2651
6716
45
9097
2161
2795
1356
1924
2014
9480
6541
6627
6909
8284
8339
3835
3798
9714
2582
1052
1958
7516
8834
4603
592
3072
788
9164
4530
5239
3874
464
7007
7367
7632
3680
4198
9754
6807
7191
2851
3952
5268
5020
3096
9257
3006
8214
3103
4348
540
758
6906
7335
2347
9241
5312
6206
5216
1382
3289
4193
9201
5132
7071
4897
509
2920
6696
3338
5493
3488
3011
5373
7291
3235
32
6081
4691
5154
6540
1264
9481
2621
3339
8043
5631
1886
373
4611
9311
6386
9543
838
5336
9208
251
7973
3063
6255
2511
7980
6782
1703
6077
7835
4543
6517
1972
9566
7577
652
6972
1312
8833
8772
8508
3223
1253
6218
4527
5639
5340
4291
4024
8397
6063
5783
703
3053
2629
4882
3174
2036
8850
6614
1631
6818
3311
4830
5935
8406
381
2408
4440
9184
6740
3720
3530
1869
8082
8560
5118
3102
148
5113
1860
9051
2600
5994
7123
9672
6755
1229
1960
162
4558
1444
7230
9853
8632
947
2241
3788
7958
3296
3697
1458
3165
1385
3097
6595
599
5636
663
8275
7416
1878
2026
4939
6695
6477
6415
9093
1252
1479
7203
5941
9117
4133
5911
6703
6359
1205
3131
6619
8380
5888
2911
354
9158
4647
5795
5005
3136
3471
5812
7927
2033
4065
8104
8625
2992
4560
9776
7246
2988
7167
7382
5213
7968
5015
6756
1333
8740
7087
3246
1513
6662
6969
5826
2755
3941
4556
4476
8534
6982
2566
4503
8409
80
996
6598
4857
3553
2954
1223
2626
8827
7685
630
4314
5922
2983
4615
2418
5456
3977
9432
298
8671
2537
183
2526
773
9730
4732
6784
4025
1580
6924
4363
815
1303
6845
5855
3398
1676
3717
2514
3801
6256
4958
1407
6864
1929
5453
6840
5295
9637
4828
8937
9627
3226
2696
5996
8886
5470
2019
8905
5076
623
3855
1942
7672
1434
28
9815
6520
1798
7535
6480
6894
1526
3177
3479
3335
8145
690
8423
7851
1518
3303
7943
8841
4114
6582
5626
939
3313
2073
8384
5953
4916
349
2213
2290
6400
1936
1783
5160
3194
7343
7347
7871
1626
5206
1416
9452
6221
4302
2734
4054
2333
3137
6501
4740
171
3735
8253
1384
5769
5133
57
905
9302
4636
137
3064
5098
3914
2045
7385
6026
7573
6245
835
4805
1242
5410
6991
9805
9020
3621
6292
1453
6471
4599
6799
7144
8838
1362
1786
6538
250
4853
4520
9373
854
2908
112
3062
7584
7124
852
7889
2996
5494
1272
9750
7996
1363
7498
4657
5303
8597
6773
3793
3751
438
2330
4427
7681
4617
147
8723
4597
9521
8328
9325
9934
8962
4093
6676
4315
5384
5547
2697
2155
3184
1006
6930
3211
6372
1875
8929
2564
6148
5104
4232
334
3827
1917
3729
2567
3180
1547
4703
3376
6143
8946
1251
6145
6374
9119
5988
3925
2444
2371
5149
8628
723
3417
9895
4559
9282
5444
1651
6278
4298
9015
3014
399
7326
5741
9594
6005
7827
1898
1894
9091
365
7247
2639
6977
9514
6410
208
8037
5413
9496
5393
9132
2580
2303
5618
7464
1581
1410
9709
1278
2792
1283
5904
7074
3858
4181
7724
9041
909
6260
4888
8767
2662
3898
9972
7686
5369
9348
74
8608
2091
3187
78
4341
2440
1652
477
6649
3930
1059
7615
436
6701
7549
1389
5381
5219
258
9036
9912
2931
1204
1655
4047
8191
4835
7263
8826
187
1940
5577
8432
8957
907
7528
4627
332
902
3689
4850
8781
9692
2140
2994
1476
1914
2509
5992
7205
4027
5057
7481
3897
7128
6955
6190
3251
6130
4606
1848
145
4956
2918
1011
9680
8986
7841
6135
202
8504
2618
3316
4550
6497
1417
7391
5468
6606
3051
1070
9928
9919
4624
878
8235
9383
7095
4372
7024
643
142
5971
3366
2025
133
9324
4650
9733
2178
6951
2412
1952
3892
4268
8074
3420
2985
7356
8738
1837
4453
3162
8245
658
3875
1861
8177
3968
9128
484
8096
1876
9766
2432
8552
5658
7796
4122
8528
1146
9660
7028
6355
3407
6580
396
9194
8794
2790
8845
6588
5374
5161
8451
9387
4741
1994
377
4630
962
3354
5259
3602
6750
7109
6550
178
4551
2726
1349
5046
3328
1608
4789
7804
4335
9707
8158
5973
3539
4455
5023
3067
2426
7437
651
2431
8525
16
794
5719
9476
9810
7861
7250
9577
6252
3705
6803
4461
3161
1080
4169
345
7622
9057
734
4812
9050
4549
4323
8566
7169
2973
4037
4223
6551
9792
2944
9391
2147
6405
8447
4090
4020
1719
6184
9314
1780
8027
6702
7149
3534
5278
2593
954
6007
4602
353
2519
5682
8635
3546
9721
6058
5943
1554
1843
3881
330
6059
4371
8209
560
7484
4288
844
3499
7887
419
9927
672
4954
4502
9827
1086
1768
3721
2778
3543
216
3469
823
6377
2401
7058
3280
8610
2130
7699
3678
7281
8222
7047
6116
7054
5873
4601
4382
9938
9710
9294
1119
2870
5125
1269
1877
2229
3459
8360
7444
596
1767
8477
3669
4369
1169
9183
5483
5380
4141
8871
2309
5256
8391
2402
4696
7341
8376
25
6009
4583
4846
5884
8422
9617
9743
9321
99
5758
2590
7862
9207
9475
6783
5221
139
5756
7060
2616
693
4787
817
2756
6034
4270
4240
2654
9771
9818
4884
9386
7173
1801
2367
5139
8052
4960
1083
4778
876
1294
1302
2276
7838
379
9512
669
5532
8707
4793
2939
6432
3750
4186
1159
5570
8001
3563
4213
9921
8994
5898
4791
2436
9137
9085
8933
259
7756
4460
2058
1468
2561
5907
4067
8142
4478
337
6412
3922
4868
2171
9983
8811
5039
3212
7558
3671
4113
6602
1771
7103
5763
3588
4784
9579
9808
3943
5102
5918
989
3860
3193
3736
9145
6022
8352
2635
8243
5205
3373
546
9456
4451
5853
1157
1415
1128
3856
2901
869
3445
3422
2202
5940
2017
6431
4955
1165
3446
9834
9713
5533
8355
7726
3700
4913
1850
2971
4675
5401
6528
6484
6369
2349
5037
6895
3936
286
3030
7525
2876
1763
5408
6164
7282
8277
3288
7228
374
9286
1051
502
686
938
4003
7017
9396
9725
8895
8581
6300
6475
5035
6240
9435
1010
558
5376
4042
6057
3979
3399
2821
9199
7713
4962
7254
1659
55
1646
8336
476
3227
789
3985
2638
4374
3990
179
9287
8030
6498
1656
6039
2659
7417
2173
3149
8485
3260
1168
5460
8790
5347
8281
5802
4018
6189
8556
5991
923
4326
6312
9159
8550
447
8344
7018
442
7828
1590
5317
7176
470
7465
547
6920
9986
7104
1873
3587
4463
277
740
6479
1903
5737
8498
8038
9139
225
8788
4750
9676
1752
567
6208
1148
1648
5185
3984
2273
3594
3121
9239
6553
8665
1475
7163
3473
33
9981
4210
2174
8917
1621
9531
2146
9200
6441
1087
3025
1379
9663
7975
5422
9939
1614
1105
1238
7401
4765
5485
8353
6642
5610
6334
1776
6356
7044
8760
5053
4898
9999
5284
2334
1371
7886
9701
9585
6836
633
5693
4931
998
9890
5757
804
2965
5270
199
5603
3345
873
6631
6336
8228
2421
9
8105
6646
2591
2077
4977
2478
9440
8797
1395
220
944
2185
5253
1907
5663
2224
174
5335
9552
7032
7519
7950
120
8466
4813
3440
1613
9009
1293
7513
1330
5580
2720
443
3639
3903
6307
23
1804
5571
1139
391
309
2067
861
4909
5709
6853
6670
9395
9263
8241
5832
2366
2048
7942
8741
1855
8184
6780
9400
6791
3441
1447
991
1116
8519
3522
1430
3550
4671
6564
9695
70
5164
3188
7125
4279
2940
5421
8960
4743
1949
1642
6419
5503
9259
435
8595
8927
4400
8617
5550
3681
2256
8882
1216
7947
1457
2883
8578
903
390
3839
7407
3207
6079
449
9203
891
7531
5394
839
9004
7057
4640
6055
9936
7630
7774
1210
3297
8370
4334
4130
5712
4316
36
8335
5230
5807
321
8201
3520
1551
9255
5250
3394
3411
7566
8544
5849
5294
639
9232
6876
3967
3706
8512
5915
4845
2832
9924
2529
5477
6012
6320
4582
5308
3723
729
9570
2914
7888
7915
806
4553
8496
6346
8131
6472
7571
4901
7027
5479
1516
9404
4922
618
9675
9571
2921
5534
5984
8873
8993
5135
9952
3393
2669
3486
739
5787
3953
6114
4214
5615
9169
3513
2714
7670
7364
2642
4927
960
9340
1728
1200
772
155
90
6232
7240
8098
3876
1073
58
2559
5249
2314
6266
4233
5562
5490
4380
6887
9304
2386
3514
6834
2317
2840
3031
2598
6280
9605
2528
3330
9219
6211
5395
1606
8822
6020
6186
4272
6381
629
4306
8151
3725
6434
843
2152
2849
559
1821
9833
1662
9413
5579
8783
1564
8609
3507
456
8374
7255
7186
2457
9557
9589
8066
6962
213
8612
9868
3935
6505
1574
7091
7820
2453
5007
1640
9545
9814
9290
4866
6364
8431
9595
2686
934
2970
9628
6264
7303
2313
6029
9889
8217
8505
3237
601
4747
9105
5690
3797
9931
862
2069
394
3598
9774
9560
1524
4477
3353
5073
7154
9068
5157
8312
4354
9335
9270
6769
4723
3962
5391
392
5339
292
4486
786
3400
6949
1624
2227
2952
8064
574
6674
3252
7515
3958
1576
4082
8717
796
3662
5415
4216
6637
5033
2993
7248
3911
8548
5452
733
8369
9444
1281
9575
2399
646
4099
4421
6863
3552
6122
8996
8809
2603
4043
8178
3675
918
3369
5227
5666
9996
7351
7801
8464
9213
7790
2395
1
8780
4987
7673
6579
8047
931
8196
595
8002
59
7147
570
5923
8650
9508
431
9964
3789
1908
4357
920
6770
6303
6436
1353
8157
4851
784
3730
143
240
9308
8708
3358
2913
6746
7264
8677
7821
7822
2004
2384
7317
3117
8417
8675
5177
2437
3301
7051
6227
8062
8664
331
1504
7953
1123
7769
5893
1672
8495
5647
5350
2344
5871
3731
5976
8
6679
5266
2443
8491
4144
15
6251
5021
3340
8661
8702
5
8282
7386
2741
5286
2810
1004
6397
2223
5837
8843
5124
9580
4457
1829
6259
4585
7866
9322
4373
1471
2915
9976
4447
1766
8420
8656
7749
9247
7945
7158
3114
8953
6940
3108
7784
9330
7077
2500
1480
3800
775
6519
7271
6573
5272
6178
5252
2751
3245
9149
2588
9442
8045
925
9049
6121
3021
5412
1489
7269
473
2251
410
8301
3056
4224
1519
8176
401
2385
5538
612
3782
3166
5801
4399
4250
9345
1441
3741
1883
280
6399
489
5721
8233
5702
9261
1957
6101
176
5817
9419
3834
9278
1711
9131
3154
8143
8128
9433
5646
3181
4667
8071
9761
256
1822
7460
4508
8579
9248
1274
3517
5921
8155
3428
5304
4975
5831
158
5398
417
836
2555
7979
7988
6092
7268
1616
3342
9907
1602
2243
7398
4912
2357
7690
2630
1905
223
7110
5644
3959
6090
8124
1607
8959
1584
5497
3
3222
9011
4145
6046
735
4274
2671
6495
1866
7300
4035
4033
9214
1981
9240
8012
7627
7825
3948
9172
1209
9573
7879
8404
8004
7775
5710
7869
8219
5106
2103
7410
5198
7184
6353
8604
7752
3158
821
8329
8651
7937
9727
7419
3355
5255
802
3518
9503
192
5985
8964
5062
3084
4616
5630
4028
5675
4249
7612
3869
924
7313
6849
1573
5905
992
7635
9342
5423
3593
8539
705
1933
7111
5782
2141
4716
5835
407
6742
1368
4006
7695
6272
634
9785
9959
4387
4098
7003
2149
6990
8204
2604
671
5788
1587
7476
9303
6748
831
2476
1005
1499
9542
3160
7329
1772
9245
4060
6120
9154
1842
1134
5928
3190
9753
4795
271
6139
9351
5128
4127
848
6047
5105
9548
441
9202
3711
9953
6199
5818
714
2377
7739
5316
7033
4226
9368
5207
1781
6451
6623
8449
1201
3931
9621
6664
7145
9990
4535
2771
8686
2701
2039
6734
1982
8070
6446
2558
4007
3843
3419
9989
5059
8658
1794
7072
3020
1076
8439
3016
279
6132
4389
1154
1244
2938
9882
6686
9104
6376
8118
7959
2423
2976
2396
3172
2691
2156
5913
5114
2777
7964
4614
5744
8057
1047
7593
9478
7638
2247
914
254
8654
8463
9408
8925
5688
369
6470
5522
6971
3562
6656
9165
8306
4702
3920
5432
2978
6014
1620
4062
5704
7348
9987
5637
3645
6810
8276
2286
9843
2266
8256
8746
748
7214
2692
4418
3945
3070
7850
5643
606
722
1328
2704
3684
6030
3579
5086
5716
3802
6552
9826
87
5613
3123
9625
400
2937
3928
8383
2687
1808
3346
7197
4069
3956
5876
3519
5859
269
8931
3204
2786
8322
1966
1950
983
6459
9703
5683
5263
7006
452
8117
5806
4688
357
4971
4228
1418
2175
5048
2627
5604
6568
1132
5969
1329
7609
5351
4468
4011
9426
6694
5129
4071
2372
4666
7428
2848
2281
1553
830
7939
8469
6821
7809
1474
5568
9951
5852
904
7130
7030
233
1999
8820
8454
3755
5625
1211
3836
1686
8247
3890
2677
8673
6182
5134
1871
557
8674
958
3148
8171
647
8662
1189
2608
3949
7682
6418
6778
1184
4057
3004
8114
1727
5612
9876
6704
8313
2503
7793
6814
7196
2987
8100
9821
6439
3710
7065
8399
1422
9666
922
6635
6630
5549
3500
598
7454
119
6315
9114
67
8372
9448
3933
3647
8440
372
8745
5531
771
5872
7232
6363
9217
1437
9446
8899
7278
7512
5692
4413
1098
2345
2391
1334
4415
9823
4911
4469
5767
7119
9715
711
1529
76
9252
6161
9769
4391
584
6819
6751
9978
1496
9007
7582
3410
3036
56
1536
4807
5784
5343
8321
779
2934
8752
4146
9491
8955
482
1427
7436
9563
317
425
9985
4110
3864
701
3926
2411
9028
7084
4085
3427
4328
3781
8722
4344
8567
1482
4367
2803
9307
2613
8509
8928
8757
2838
7172
532
7325
6177
241
8291
3208
3774
6816
1506
2889
7397
5094
1127
6510
2839
9087
5679
2552
8966
885
3532
9242
9380
5573
5753
1306
6561
7468
9196
7490
9588
491
7010
5551
541
274
1247
4406
9681
6028
1847
4040
5861
4046
2023
9712
6069
7911
3888
6036
1611
1745
5762
707
2649
720
550
6883
3548
8681
9856
6794
4061
8297
5733
1406
3191
2127
2569
4608
7179
3794
846
9582
4294
957
2791
1151
2538
2520
7373
4510
1428
2283
5168
3762
9013
1682
5524
3099
2680
7217
1443
6668
4070
5080
4708
149
2887
6044
4426
1028
4808
4026
2685
704
5838
6327
1511
9616
2958
6042
3012
8893
9716
5454
6608
9122
9831
4441
513
781
7182
3125
2990
7599
5581
6445
5575
3225
1219
6321
6547
2869
3436
2857
564
3236
47
2469
9916
7863
2746
5827
813
257
1700
8881
7479
2128
5153
7358
3244
4015
742
966
3489
4724
5400
1707
2055
3575
4280
4730
2289
7452
6118
8411
7384
4948
7833
3819
2845
2872
3415
6025
9046
6225
7258
4102
8324
8753
4534
2198
1455
2648
9047
4780
6515
5614
1605
5897
2798
6839
8058
6283
3993
1919
7738
8461
6790
5084
7215
3975
3560
9822
7421
3636
7418
6618
9483
868
5103
1133
3805
2029
2446
5321
856
765
5370
2641
2132
1753
5439
2672
8032
8482
6626
5087
4682
2062
913
7588
2951
3168
2829
7813
7563
9299
8467
5155
1721
2796
7136
3585
8868
7661
5003
2010
6403
4235
2834
3240
4619
270
2137
1630
5892
754
3206
5546
7538
4858
6337
3969
3290
8711
7354
8908
1609
224
1501
2794
8034
9434
7083
8130
7646
2699
3157
665
1790
8982
8470
5001
6348
7701
4436
5179
8918
6052
4443
2919
5095
1750
3323
9019
235
2142
4554
9382
9583
7707
5854
5999
1830
6117
6067
7062
6726
6687
6850
6928
1459
9254
5241
4287
8543
4407
2903
5191
5542
9732
7488
9226
1023
9698
9528
8015
857
6331
3359
462
9018
632
8421
7810
6996
2644
519
4073
6112
7265
664
661
7117
879
4059
637
6936
3728
2502
3209
9328
1097
9606
4135
8890
8818
1787
7505
1811
4105
4687
5189
9901
5617
5333
7689
7572
7923
7729
7014
791
8602
4609
9505
4776
5949
7864
4002
1802
1054
3429
4590
8733
6879
2997
747
3660
210
9731
8487
8078
2739
7190
2633
2351
7740
7320
5181
6901
1653
7714
5200
5608
4984
6813
3727
1825
5778
3544
2032
4539
2946
7467
2088
9429
5696
3608
4297
6522
1277
7755
7748
7564
8248
4417
9224
6624
1530
1373
2188
4290
3986
9225
8341
1125
5553
9074
4734
3929
304
2497
5761
8930
1920
8333
7640
8181
8690
7983
1599
5233
6869
261
6035
3189
7080
8373
4381
8718
7046
9186
6820
2208
8803
1007
3024
5362
4593
2154
2341
1705
7972
8303
141
3825
1939
8402
7413
7193
8657
7924
7432
8232
5632
9777
8238
6265
2895
2807
5217
4375
3576
9897
1909
6986
5528
7594
6667
2977
2425
427
9717
9418
3509
1724
2855
6366
5151
2400
8622
9344
5296
6634
4496
4968
9401
3115
4151
3757
39
8981
8394
7037
8138
1916
1173
7963
6076
1760
393
8200
544
65
6914
1212
6226
5215
7587
9479
7067
5147
128
3813
9500
138
4745
9811
4218
8279
6113
990
8616
9492
5548
948
3978
1376
4209
8185
3905
6379
4967
383
9422
7309
4573
6082
4438
8936
7333
1429
239
5726
5449
9043
1508
6543
315
8229
1126
9377
1352
2430
4854
4507
555
9969
1142
205
507
1515
285
8861
3690
8112
5963
3605
4423
478
3139
6021
7086
3627
613
5196
5390
9466
1528
7093
8011
6867
5440
6777
5695
3320
6205
8924
9569
5162
3908
4938
4467
6444
8961
8771
9083
1089
3310
4124
9755
6217
7524
5123
2390
3687
4798
9759
4653
9495
7078
7826
1566
5883
5472
8187
4889
3693
770
7910
977
6483
3418
5628
2732
7815
311
3281
6110
7592
4803
5830
7898
7038
2863
6855
8392
1814
8988
4848
1396
8592
9652
597
9723
7846
4031
6621
3228
184
4905
979
1066
7138
4472
8713
6989
1812
9162
4257
9397
7506
6503
3773
346
5152
2253
2975
7744
4799
7459
105
6006
8979
7285
6093
7403
2360
5011
3722
1962
9898
2063
1063
371
1992
6442
8199
7001
956
5703
572
2612
1488
6175
9941
1145
2789
4806
1178
2407
7844
9428
4518
2216
6854
2080
1758
2329
4865
9359
6616
4739
7990
4769
8051
6144
5236
4715
336
1380
1207
5669
3169
1332
1739
3485
5554
2912
4728
9065
5435
2348
2888
7392
8728
8350
4488
4847
6340
1224
801
4663
7767
3315
782
2875
6712
3919
3909
6966
7530
8077
4637
2523
4797
4523
945
4004
6684
3879
5016
3677
116
4874
2631
9501
882
4990
1550
7858
4989
2254
3054
9870
9473
2727
792
6766
7938
9648
4339
8883
6968
4810
4705
8524
5728
7239
1520
9629
1899
6683
8744
1260
8652
6625
3643
3654
6261
5092
4092
6380
4129
8102
8785
2094
4420
24
295
3506
3337
4638
7383
5309
6826
2197
1408
8080
2541
8351
8307
9260
9691
4277
4899
5040
3457
2897
8590
538
2532
7529
3379
2429
4128
278
3679
657
7537
2480
897
5776
2159
1182
6384
362
2279
5526
5377
1460
96
5445
9417
2027
5495
7708
3065
7229
1717
5660
3229
8629
4408
7236
9027
1202
2815
3447
6829
6017
9736
9860
3661
5641
490
3545
6247
3093
6152
3199
2445
2664
4584
6192
5283
7758
2068
1320
8327
1643
8346
9857
9644
8706
231
7772
8859
2470
8314
1639
7212
4618
8120
5864
9988
3069
7181
9679
3336
5378
7458
104
2350
9794
8898
5425
9997
9266
3887
9958
3913
7688
2066
9696
4594
8568
9789
8295
2016
4628
1022
9930
1161
5824
8378
4230
3630
126
3205
9222
8090
9741
3334
2325
7665
9209
4260
3837
6153
4345
2632
418
1498
1687
2166
3319
2302
4276
7370
7277
461
1077
5629
8215
4207
3196
8262
4952
5032
9658
448
8076
7993
8704
3472
9904
4648
2065
4246
4119
6056
4943
5089
4254
3646
2082
1147
9948
4398
7375
2766
9424
1695
9277
1505
9795
4996
8630
325
9565
9256
1071
2873
9070
8390
8989
7207
7628
5186
9984
819
8825
6555
6529
515
7916
1490
6279
5014
7501
5800
1017
2991
9130
4301
5100
4790
2896
2047
5047
6537
9649
7883
4786
935
5793
4665
2
9204
2723
1164
1326
7301
294
8042
1592
6070
9179
6455
1828
6228
871
8693
7089
4397
4982
5781
9297
3128
4998
8414
2745
7905
3430
6393
4711
7121
3718
8776
8254
760
4941
4626
6207
5774
8123
893
8089
4167
1461
3882
9000
7753
9394
9276
675
888
9393
3590
8644
6290
9279
1570
7344
9058
1141
807
6861
3734
7096
3015
9463
9650
6357
1286
6645
2705
9933
7802
2234
3635
8433
6430
7976
600
3623
3325
9316
3726
5588
2932
8529
4547
2106
6903
7040
3304
6273
2338
3501
9778
5886
4021
7105
3467
898
5338
716
3331
9449
9053
8553
6147
9445
6220
5348
7925
6738
40
7322
9513
5552
9180
5798
767
4811
7438
8535
9134
7978
6767
1552
4552
3424
5516
5535
7357
6710
9668
7336
3279
6898
1310
2670
7922
757
2268
1268
7280
4683
8679
152
3350
8836
8724
3408
3182
3474
9665
9796
2081
9231
2763
4649
4973
7439
4528
6
2242
458
397
4331
5192
4390
7495
3650
3049
182
2076
9874
201
8901
5823
310
7843
2203
4856
7192
2545
4961
6202
7754
8586
883
4346
1839
2212
8430
855
3861
9238
7002
8182
9285
5978
2972
8206
6942
2095
219
4180
6643
9670
4771
8837
8226
7981
8331
5208
1163
7696
2274
7874
9482
6465
9112
680
2099
1366
6885
4744
1993
49
9968
2678
316
3362
2576
7199
6535
1153
8438
5803
1115
2074
832
2967
1450
5171
8493
9118
1904
4757
9504
3294
9323
1497
777
9992
7189
8049
3057
9816
9728
411
7434
9343
755
6985
4706
5099
952
3715
275
8773
793
8916
9851
3791
645
2949
4589
5360
7803
7555
3849
7409
6825
7244
2935
3081
1747
7907
1199
5056
7734
9090
3347
1884
8450
6200
2655
5987
3696
6653
1729
5529
4992
9699
3100
865
1746
3007
7340
5065
2787
2492
200
3558
6156
8969
7361
121
528
5237
9631
3077
6054
8676
6274
7703
2707
4089
650
7541
6666
6786
5764
1559
77
1043
5621
8133
620
6464
9554
1156
594
6311
2527
7178
4500
7216
9189
3106
6939
6125
8561
3107
8024
7711
3348
5459
5740
2570
4742
9762
4988
2656
7721
7168
5792
1208
7684
1637
3846
7664
9403
3653
1258
4822
189
7378
677
8763
4377
6181
2998
9078
3980
3777
6224
2362
7482
1284
2264
6103
5243
8971
1454
2764
6074
5491
9609
3616
5746
9077
5786
1472
6313
1117
1948
4143
4458
6275
4622
6127
1270
8107
9227
3126
7605
5851
5799
3195
4401
335
7115
6871
834
3010
9518
8122
3464
5933
3002
5607
8434
1001
3780
1688
7510
9578
7116
8719
6454
1841
7643
1715
1840
7745
7274
8589
8614
9385
1082
725
6557
8257
2663
3214
7731
5082
8721
9273
327
4429
6317
6913
5320
607
853
5745
8194
2064
1925
6354
1149
2433
4698
8762
4875
6533
6170
9693
4623
6249
6796
4434
5136
3966
11
267
5956
4869
469
9431
446
7508
2609
5671
6106
5589
9551
4970
8692
1603
266
7500
5780
5063
8992
5279
8308
268
6938
8342
5840
1095
6490
6131
8813
3998
585
3060
3828
4386
4101
6137
3266
3262
6889
7557
9465
1263
2688
1562
1846
4953
9062
516
6204
9153
4801
4949
1093
3397
3747
4313
8195
8631
2625
8796
3569
3744
5599
7650
1600
1122
5111
1663
1514
984
2454
495
6024
6884
124
3510
4112
4995
1684
9915
6119
8202
8647
8488
2637
4749
8288
7253
5541
7757
5480
2413
9274
6048
2343
1968
7316
7652
7551
9198
1922
2040
7353
9033
5567
3179
8473
2757
8094
7517
7330
9381
4217
2607
715
9498
5891
1503
5467
5386
1487
4974
8710
3964
3733
8887
9042
1107
2854
1596
6502
3388
4439
7164
2464
7956
554
5731
9084
2306
4115
7842
5346
9619
6450
2467
1806
1085
2899
4450
2668
1795
2158
4587
7761
6647
3040
7663
3713
9003
4693
1664
7194
9109
746
4825
1555
7039
6099
7502
3013
1921
5794
8564
1665
4506
6166
2619
3758
2059
5986
8298
6872
3633
2037
7536
2759
61
3224
797
6413
5952
3439
3018
9669
5427
343
7853
1910
8558
6988
8465
7948
7811
814
9339
6956
2736
6253
8119
8620
666
6213
1791
4008
8782
8786
3383
8428
2542
642
8913
8063
1378
4959
1439
6136
2948
8424
7855
51
472
6893
9942
9102
4871
9437
9673
6961
6858
8828
7451
5900
3492
3852
8316
8603
5714
7195
9450
479
9620
4908
3282
6367
6787
1195
624
3365
2370
3238
3142
6931
8283
1271
6512
706
6800
562
8645
4532
9008
302
5981
4166
6852
5816
1065
2435
6888
4388
9005
4430
1588
5730
8010
4251
2964
7719
4862
7369
6593
9980
5555
3329
3792
7331
4642
6229
9684
7174
2684
4121
7052
4567
2191
7824
3667
8832
8963
5093
5214
2674
2245
9499
8173
2667
6733
338
9141
9618
460
2487
2393
8093
3512
3026
4891
4720
4080
7218
5645
6665
1813
9355
6897
752
3156
4189
9966
4900
6923
7641
3577
9867
7355
7986
7808
5539
4770
3390
2475
4531
3082
6188
1737
2250
7092
9852
3803
2485
9598
7548
3132
3344
9757
7126
6824
2308
4256
9995
6609
7005
4578
8484
9166
4265
6953
6487
3664
563
2404
6344
5402
4183
2136
4178
8687
9044
6841
6375
3859
6815
2192
4731
6391
8565
7435
4120
9909
262
2131
4263
5383
5382
8234
1679
9467
7445
7129
5159
135
2195
9460
4656
5058
9544
7414
434
877
6513
1773
4620
9296
2196
1988
5967
932
6286
5220
3118
8348
1761
8932
2572
2265
3822
1887
7487
8403
376
6806
5544
2827
6107
727
2504
8618
7716
2836
8319
7570
6526
2057
8418
9037
5649
6900
4986
6402
5008
6801
9519
3497
5042
1055
7999
2893
1044
245
1259
3912
2172
1509
1150
4179
7161
1365
6360
9737
8840
5724
5815
6944
712
4116
5850
3748
1543
5930
2816
8951
2806
9309
1619
2565
6929
66
5673
5517
619
5768
9262
8523
4366
6976
7141
9791
6680
1531
1243
9012
4044
35
8386
5735
2233
1585
6926
6378
3444
5231
2715
9719
4074
1571
8220
9638
7362
5896
5052
2862
4199
3767
1108
5184
778
5466
1038
7794
2574
7031
8412
9163
3183
673
5929
6157
8252
8055
7012
763
5332
493
8113
2299
3745
2902
6212
2096
2822
9800
2089
3923
4273
8640
4935
9830
7611
4136
1967
5399
1935
30
6289
5881
1297
3516
9152
37
6086
5779
3809
845
4482
299
7789
4299
7669
1045
8419
1517
7292
1466
307
2486
6469
5566
7730
8084
6507
9646
4347
14
1118
9059
700
4509
7929
6015
455
8945
9533
2162
4229
5055
6809
3508
6050
5025
8715
3332
7735
2085
8294
8902
4570
3870
9639
9866
7636
8480
5083
5211
6979
3385
2034
2517
4412
9960
1021
9234
3364
9742
8513
1824
9082
7165
4286
8490
5418
308
4886
196
2013
8824
4629
8150
5785
1973
9096
4903
71
7120
6215
3371
5619
8777
8300
207
6370
8815
7596
4574
6098
4515
4833
5419
6572
7198
8703
8987
6365
2933
255
9414
5734
1492
3624
1228
5323
571
9906
4834
2053
9746
5013
9384
8791
1671
247
6599
2557
5950
525
6173
5072
5694
157
3807
9265
859
6539
8211
683
1544
6880
488
3450
5648
4957
3564
3764
2981
9764
6842
8286
8821
6158
1666
5290
290
2695
459
9144
7029
1399
9250
573
6713
2737
2046
7782
4446
7424
5927
7497
9155
3241
6295
8605
5501
5088
1889
9228
7994
6831
8787
1568
7644
1301
7069
5277
5463
8789
4595
2898
6345
5860
5433
5880
9844
5591
8358
8083
2442
3261
1261
850
4512
8844
4714
1102
3847
1305
5120
9991
915
125
1633
129
7350
160
2194
6727
505
1645
9333
63
2864
5355
906
3404
421
3719
1954
6351
2332
5101
3528
5029
7298
6671
4242
4860
1309
1226
1100
1732
5426
282
9040
1775
4976
2022
5848
7261
681
8689
3610
3651
7381
2199
253
7107
8734
670
6652
3511
5264
4103
328
9553
5574
3823
9509
6556
2323
6601
1510
2051
9405
4182
8537
3146
6672
1557
7521
1180
9940
9798
4176
7449
8716
4733
9656
1858
1217
2853
8866
6873
8517
9950
1438
8005
4384
4393
2255
2356
73
1235
9223
8205
3058
9793
4048
9067
537
8315
2150
4529
5958
2611
2414
8365
5069
6523
7008
6589
3940
8915
1742
8379
2115
6545
4356
6974
6239
7090
1523
3465
115
4185
1738
6965
6963
5862
2601
5311
2780
4197
8325
1864
1036
8819
709
3505
4575
8190
942
7623
7768
5325
4768
5437
975
805
1167
9295
8207
2860
4
1276
426
4364
9527
6984
9402
9614
7066
3155
7880
7475
1177
5722
9636
7598
7781
6708
2843
6458
8382
980
1401
6257
6305
2378
6409
892
5556
8835
4200
7342
3349
7208
7509
1881
5972
5018
4239
4673
2628
6338
2706
1660
9280
6335
6284
930
7779
1799
8643
9362
7013
4881
5194
3625
7704
8577
4694
5545
5041
824
617
1106
5606
2550
8600
445
7600
4211
7372
4184
6485
5698
6003
1782
7133
4038
8912
7262
908
6075
2700
53
895
2665
5601
3219
5804
4327
9994
10
6016
3124
6993
2522
8106
9471
9973
248
2482
7601
6802
4402
6904
2490
9622
9561
9182
4821
7366
5443
964
243
3863
166
131
5292
3916
4088
7446
3775
5357
8920
6065
5218
4449
969
5457
7448
656
5875
4497
4965
2495
6509
4579
7595
2307
4175
6788
3743
7131
9291
9472
1335
7450
8285
8213
1533
8606
6398
9150
927
8036
5747
875
4540
6921
8900
2900
1567
769
9718
5748
7969
9416
7955
4161
4645
1222
7540
3666
6041
9600
1230
8922
8050
4052
9820
6830
6236
7967
5112
8127
654
9802
6691
5329
2788
9819
2379
8588
726
1880
2471
9654
2364
1249
1374
6019
4729
7961
5736
2262
874
2730
8865
2856
4236
8175
8889
8950
8021
5654
9350
5324
8874
9364
7742
9971
2784
4017
3853
9607
1548
2833
185
3387
2052
8764
8700
994
9100
9538
4499
7737
1512
7321
4600
7654
3343
5906
6678
1522
7213
6617
6729
31
7034
5096
6947
2123
5464
4325
3549
5081
5667
2521
4849
487
3573
4084
9099
3324
1681
6447
7936
9790
5869
5821
144
6332
1751
2867
6581
9363
6452
5246
6233
9360
1623
7982
5289
9881
9862
3754
2028
981
3708
1113
5770
8221
9603
8910
2102
4904
6967
9523
3287
3600
7224
6388
1669
728
8805
7415
5176
6193
3433
9739
1094
4876
8938
5481
1575
3938
6764
355
9269
6563
1193
6407
8359
8939
7433
6440
4172
6521
1560
3152
7763
4261
403
3109
3438
6916
4924
5674
5858
7048
3248
583
8269
9539
1079
999
5310
886
611
6492
1120
1793
9375
2263
6243
4312
4118
8125
9030
2232
398
6163
3039
1357
153
9610
9246
745
6720
2284
9275
820
5117
1018
9390
9779
1287
7908
4940
4735
3582
3396
1764
6611
420
1470
6037
4751
5209
5841
6167
1629
8934
3210
4049
8559
7082
408
6603
8026
5322
5306
2292
5165
5773
9052
795
8774
5564
86
2448
8092
4713
963
5281
687
8511
4942
4221
2799
2168
2419
8334
5595
2842
7974
9151
3637
2841
5890
610
5431
6394
6287
7275
7559
8736
5560
1232
4014
4487
1558
1236
4266
333
9315
64
9121
688
5416
1029
5925
7049
1433
973
5193
818
8583
2189
7620
3197
4203
6605
7359
2456
4474
8646
132
6530
3760
8028
6765
7787
5273
9293
5455
3901
936
5496
8892
3437
4969
4126
635
3899
8863
5364
7667
2624
1233
2119
9877
2702
344
7542
5486
6138
1644
382
5070
3230
3402
2717
2916
3475
4036
9170
8798
9487
6808
3668
3896
7106
6957
4351
8585
9855
543
526
4342
510
3883
296
2157
7656
8476
4548
9098
1525
3559
5659
3850
7151
4658
7499
79
8542
762
7562
3386
5759
7642
8739
8033
9193
4094
2861
6753
9331
3041
4915
1174
7674
8302
4493
5354
8775
9744
6655
8068
4159
4091
7349
8095
6456
1386
6425
4336
5210
9945
6658
6270
2219
5609
5681
9685
1641
3551
9459
4930
3232
8165
62
4685
5414
7081
2750
6235
2498
5717
41
2104
3599
7807
4370
7314
1836
5627
341
5518
1542
2494
2719
1296
2725
8853
8273
9356
811
2549
955
4238
2606
4844
3272
7651
6650
2420
4707
4709
679
7210
9541
8073
1084
5662
6411
7583
4983
3317
2463
8998
6941
375
2012
3185
4075
9352
7209
6066
9334
1003
4053
6499
937
605
4170
8531
204
5990
5349
2871
4662
7004
1970
2151
6362
8237
2679
517
2577
9181
3927
685
4483
2455
6899
6983
1803
4511
1345
8526
7491
5251
2450
9722
3831
6401
9349
2814
2186
9069
4980
6732
5195
2087
9923
384
2729
5424
1131
4267
1166
9507
21
4837
8263
7891
3217
238
8271
7533
1604
9157
9453
8016
4442
1862
4465
5396
8551
4255
4452
4695
9875
5661
2767
7668
2575
6506
5653
7780
9233
615
1731
1675
2084
6237
7965
5995
3818
3997
7231
3946
2248
6638
7483
6328
5388
1888
100
9148
485
3023
2947
6918
4951
18
7812
2015
4394
4533
6583
9264
6468
4544
2210
7602
659
7127
5980
7657
529
3786
9596
7675
3601
1129
6776
5158
3059
5651
5993
9925
6032
9229
8435
3641
2721
6549
6443
783
6428
5845
1348
3470
2287
1538
9772
5691
3283
3448
3871
3814
7527
4355
6739
3231
6728
9993
5071
1990
4761
7949
6231
8876
6457
9288
1322
6324
3357
9081
3686
6736
4329
9427
6288
3880
7332
9687
6823
5006
5288
5228
7546
111
6486
6084
1042
7543
1720
1046
7443
7511
8458
1754
6203
539
3658
710
2000
8888
3771
1978
5474
8310
8980
8648
5727
9705
2622
7308
1852
527
5137
4262
8109
8557
8167
7550
252
2675
9612
9632
2936
3138
8765
6291
4392
175
5917
4245
3704
9929
2230
2711
4125
4023
1762
9125
2753
7954
4907
530
4818
1451
3309
9326
2645
3937
5839
3783
5847
8541
9206
7388
7569
8375
6089
3756
971
7890
8694
4444
3561
3088
798
4633
6768
4177
1187
7053
4076
8670
98
2117
2488
9271
2813
1464
7918
4283
2643
2105
7422
8633
7747
6342
3885
4758
3360
2200
3265
5190
1290
3682
6558
4481
1143
8941
5261
5043
7494
1901
3022
9655
2878
9221
5143
756
1273
1736
3073
4259
8041
9847
5204
9849
3999
1478
9677
2324
6675
1351
8997
7660
2758
568
1257
1002
841
8169
8255
4330
6531
2512
1636
6613
9858
9236
20
3841
4910
2473
4978
7762
2765
4652
7797
3535
631
6349
1072
5079
9216
3480
7637
2458
8685
5772
3763
9488
2388
4864
9738
9918
5049
366
8877
7073
5291
7157
5582
6600
1409
1144
4285
8812
1440
8669
9039
4072
8040
7025
4433
3868
5598
2496
6216
3820
7568
4517
9854
6389
8897
1854
2365
3066
3942
2968
1998
9524
591
7909
2957
9205
3982
2578
7676
7692
4991
2698
1789
6775
3318
6155
3583
1088
5715
1405
3695
9354
8135
2800
1181
1341
8864
4201
319
2291
8506
8448
8408
1358
1390
3292
2926
8947
6693
9662
6892
5856
1248
2653
1445
4598
3838
9615
2280
363
6874
6385
6326
1735
1831
3960
4321
8471
9095
5344
5622
2571
7792
7946
6460
3367
1179
1136
5352
4661
8532
8216
3950
4173
4639
5540
3656
7776
1160
3243
2547
9329
2315
1689
8494
4867
2943
2018
4863
6306
2544
2906
7146
1563
5183
6080
7586
3089
5652
6747
6856
8903
9883
2474
3674
6316
234
50
5966
496
6323
5878
7977
7814
6795
1186
2554
7873
614
6690
7518
7865
6422
264
9567
7286
1983
113
68
3597
1627
626
7902
38
5901
4726
1387
6542
4764
2206
7160
2712
1932
6040
1377
9645
6254
5504
7100
203
625
8748
1601
3996
48
1674
4946
776
2373
2742
3515
628
9411
314
5318
581
1367
4464
2122
967
9310
9292
2683
9623
7616
766
3247
949
3050
3052
6882
2239
8338
5492
6038
471
97
5235
4281
4000
7453
1710
9006
265
7985
2772
9438
1534
1810
5960
8393
7856
9671
8497
7113
7015
2346
982
2020
5576
9103
2312
1667
6997
5868
2634
5293
7840
9872
7099
7960
508
586
2479
3083
6586
5738
249
9943
237
5389
5367
6068
8456
9319
8500
828
6293
721
1020
5411
1285
1730
5865
6636
404
9602
6309
5572
6387
2748
8518
5899
8975
4918
3824
3460
1265
8587
8754
6669
8615
4820
2383
474
5140
1372
5012
6644
9341
6741
7553
9146
2249
4841
858
5067
5044
7900
822
5074
8251
4311
9124
6142
6525
9549
387
1291
1058
9965
2817
6414
7170
3989
5434
9767
1266
1049
9689
5156
993
6891
4719
6612
9751
3395
211
9092
4775
8894
8492
5484
1484
8712
8562
9982
2054
3495
3900
5561
4678
5387
2844
7371
3164
609
9016
3536
9312
8163
3884
9905
2525
582
6018
9529
6620
4613
2214
8293
8848
1317
7560
4322
4305
6234
8807
1928
7016
8446
7952
7305
3250
5385
5729
9642
8289
6489
2285
5090
44
6010
1944
5328
1414
3269
5828
9846
6752
5530
1915
6269
6697
276
542
4896
8660
4546
4877
4147
8569
8574
1819
6308
1221
3994
9185
9063
2907
833
7070
8385
8244
5997
7045
5473
7705
695
5240
6276
4196
1748
342
2658
9540
5796
2298
1628
4563
5150
8019
808
5587
6763
3094
2461
9522
6707
22
2760
7323
2326
209
4107
1267
1521
9190
454
887
9094
228
6219
518
7783
9511
8663
6544
6958
8580
8985
3832
9192
2885
2181
3202
1391
3482
8501
4241
5882
5262
1931
1494
3079
7706
1823
4944
9747
2823
7311
4887
4928
6789
1565
7023
2874
6954
6688
4697
9486
6027
5345
3144
94
4668
9071
9536
3873
9962
1412
4081
7097
7832
7279
6576
5275
761
4754
8156
8290
5026
5559
4831
3090
4148
8364
561
165
785
974
8354
4936
7022
7019
4755
9804
5959
3765
8829
5441
8626
8110
6023
9626
2169
4171
8242
3491
5513
2406
301
7875
9809
4104
7666
9026
3249
3613
2003
8017
6223
6000
444
1431
8514
2294
221
5077
2101
358
5590
4686
7064
7930
1885
7591
926
7185
3655
6194
2724
4258
4155
5965
1749
1426
3361
1213
9497
1692
3840
2563
928
4873
2238
2652
8770
4607
2447
8146
6952
9783
6948
3976
4187
4480
684
4522
3631
7653
9752
916
9379
386
6310
283
8810
7267
5244
2405
232
8636
6597
5075
4537
2009
5720
8816
3688
7760
6281
4933
2002
3808
1124
2824
5701
1632
3626
4800
2516
406
521
1779
4964
5446
7245
2060
7683
3442
4162
8990
103
4269
1338
9975
6268
2244
173
3895
9249
7997
9412
9462
3215
1770
997
4300
9267
7917
2126
6745
7534
2100
6096
8846
6592
8653
8956
2381
7589
7712
230
34
1502
7140
8172
8164
6640
2160
3611
7547
5036
4244
4068
9763
8410
2484
1343
7327
1225
1231
3421
9017
4817
3652
27
3566
5342
6910
3426
9318
4484
4295
4859
5998
5500
6705
2394
5751
1067
4635
3494
4809
1398
1140
4215
6500
4212
430
5789
3314
2121
3095
2666
3830
1941
627
4929
3889
3844
8668
5594
8152
2886
7659
4494
8906
1714
9630
6843
6629
7608
780
5238
1702
7662
6179
1344
9706
9230
9101
8395
3816
1034
1586
6002
3910
4505
6933
6123
8236
1262
4945
42
6641
1308
986
7590
3739
5810
7799
504
864
6811
424
7026
1448
4760
5068
3452
7575
7175
360
5506
6596
2640
4610
2145
9961
9683
1617
7679
655
9073
3867
4654
4773
5116
9423
7166
8347
9187
5341
3738
1206
4993
5475
1337
6296
4660
2318
1092
3618
7440
8305
9724
5909
674
7148
5895
4087
3061
4826
2044
1979
6064
6534
7989
6201
7580
1185
3772
3074
2610
3692
6562
9407
4396
8183
8179
8357
6847
1245
1463
492
2007
8806
4194
1053
6438
7885
3769
6987
4385
1078
1859
2782
8747
7477
5814
6352
4252
676
1897
9690
8462
840
580
6140
7567
3673
2415
9535
7315
4717
7270
1495
7235
9686
8260
4137
5557
3001
511
9659
8452
2180
5282
5584
6061
8983
8311
8405
9143
190
2369
1701
3894
5686
7425
5951
694
5232
9839
6294
9956
6062
9773
8977
6343
2380
1953
5711
4725
4937
8170
4231
7722
8111
1176
3592
2953
163
8345
4205
7785
5754
2382
9587
1191
7221
3955
8025
1902
9828
4491
8709
2581
3233
7079
6932
678
84
4774
4190
9243
4459
1342
4632
2005
4670
8426
9885
3327
7698
2257
8159
2781
7000
3974
6828
4880
1030
901
7895
4994
1693
8296
8085
7920
5642
1048
5000
1327
4202
827
8571
7720
6474
8356
1019
8407
5054
764
8444
6559
8851
368
3672
6859
1486
4383
3171
7931
7408
7848
4823
7987
2398
6051
842
5405
8510
1857
4498
1279
8398
3670
8698
912
4077
7
5478
4282
6504
4852
3799
501
4727
5537
7011
9306
3403
5172
6622
5178
7297
7377
5605
4248
5947
4892
7456
9374
737
3521
3578
4264
6718
6566
8696
5314
506
4561
1709
6762
9547
7565
9115
7276
4466
3685
1733
6322
9113
1853
3372
7469
894
6514
1835
8967
6615
7718
3306
3163
8634
2236
352
1101
8948
3934
1556
3502
691
8132
5910
8793
4492
2139
6277
1697
2941
8274
6073
8168
5822
9922
9506
7526
1041
197
919
7639
6285
5022
9697
6771
6785
6673
5592
9935
7940
9516
6737
3186
2397
6297
3200
9775
1796
753
1612
8029
8862
970
5476
9635
7036
8223
4827
9558
1425
3538
3293
2892
965
8623
2297
1423
3141
287
6453
8486
7365
293
731
3008
451
5365
242
161
4824
7928
1712
7746
9817
2086
3258
8479
2681
1874
3295
2506
4032
2269
3714
3570
500
3768
4796
4738
5983
370
4100
1135
3987
3939
2374
7050
7906
2387
2296
8907
3291
3110
8729
5002
3712
7629
5085
9661
9378
1951
350
26
3468
1895
2108
2277
4495
6149
4748
4674
3047
1969
2460
1677
1074
1718
215
2802
6508
1254
4153
8198
5924
6404
9586
1109
5957
9485
7374
9064
7823
6980
5585
5508
1856
3037
1685
3176
6781
2709
91
498
7574
6408
6692
1404
3944
713
7061
8441
4050
2246
4762
5699
3541
8598
8240
8968
6091
2910
8695
5482
1946
7777
6927
4872
7913
1947
6911
6172
8872
6358
4083
751
3683
4947
741
800
3581
6835
1256
5979
8188
82
1725
8007
3333
5536
8847
9873
4592
3389
810
7678
4310
812
3071
8737
8140
1800
7741
5955
3580
7658
9010
6978
6532
7765
2240
8099
7859
8225
9913
5170
9688
3567
2428
1818
4681
2293
6925
5945
7150
1934
8619
3622
4424
7648
6536
5372
8972
6390
1807
9756
1838
8475
7619
648
6844
5201
6171
9253
3537
1359
8087
809
6578
6183
6246
9837
3221
1582
2258
8530
4247
9389
5109
1549
5811
2176
5511
9032
9888
7697
7556
9493
9865
3699
1683
7687
7219
6244
7962
2820
4005
2980
1435
2690
6033
1865
4557
2231
8368
8363
4308
2783
4513
3833
6097
4411
1316
3363
8304
6937
9674
4142
1027
8682
4680
3554
8086
9863
7766
1315
1545
3178
69
9023
6862
9899
730
3614
5975
8013
2024
5866
5916
2805
81
9464
481
3044
437
5809
7882
6159
140
6758
5313
1964
9346
1311
7837
9178
7399
860
1833
4278
7143
736
9634
9406
6383
7287
2322
5148
3213
3568
5066
8218
5174
3821
7806
7312
9998
5706
3216
3918
2747
4902
8060
9066
4890
1535
8160
1706
7474
3663
5353
6760
8126
6721
899
6088
4504
3596
9937
1618
1292
1572
6493
5267
8758
2177
9559
3607
1635
2530
9781
575
2031
4168
987
5242
5050
1388
6151
405
2120
1307
169
168
4718
5640
744
1197
6919
7819
322
3547
7912
8101
1658
7328
8317
1834
4149
2427
9441
8572
8730
4140
5203
2352
5222
5031
4041
6476
7310
5948
5297
9174
7736
1491
522
4794
3432
2300
415
8349
4058
9788
718
3042
7634
3380
181
8396
1336
4979
7830
5874
2989
7387
2950
8949
9546
4641
621
7603
2877
9970
4066
2846
7750
8547
1282
4368
1446
3104
8683
1890
9443
4722
4456
4379
2311
2310
7430
6651
6330
6998
8261
3043
4111
8056
4289
1155
6724
9608
7966
5510
890
5115
1112
4475
1050
9510
2587
2215
5368
8804
4365
2354
3305
359
2614
7492
2363
3434
9218
8389
3932
4352
7395
5404
191
9770
9878
7142
8442
198
3902
3716
3253
4275
743
7655
579
9734
3425
1945
2858
2305
1507
1350
2540
7868
2337
1959
9917
2620
6134
3586
3046
3368
689
8259
8684
46
5505
4785
8320
483
911
6875
6591
3455
724
7941
3595
7579
8638
6960
3795
4700
7241
3702
2410
3701
4779
2164
6922
1589
5287
6907
5307
5611
1594
7462
2138
4604
7624
7390
7613
9372
1900
1984
2819
9517
7894
4524
9420
3872
9430
8020
1436
3970
6195
8208
1369
5019
4659
4586
2163
2201
2661
1162
9502
9664
1930
7363
212
1820
7728
2001
1188
1938
9911
3490
588
3086
4428
9704
1121
7088
8563
8720
8400
8649
6396
7379
5842
194
6577
136
1000
9457
2942
2134
4332
6709
7700
5857
9957
867
1237
2403
565
4838
5700
8097
750
2359
1138
7063
3992
3456
4395
995
697
3498
5684
1469
5337
7693
3276
9031
2909
5829
4470
2865
5514
870
3431
1324
8991
7339
2207
8802
8858
4204
8637
6657
7818
7243
8081
7304
2041
6999
5488
3565
5833
8884
218
5226
7733
7294
6805
3167
2754
6761
6250
7114
6433
2483
7759
2776
8942
9550
9590
9176
2536
8769
3477
5766
1347
6271
4753
6722
5777
9272
6105
9955
1937
2434
7805
732
6908
9366
4078
6004
5970
6488
2316
6214
7211
2623
8672
1158
6302
7085
6749
9320
4925
2125
6565
6339
6822
9025
2481
4157
9298
217
5808
4174
9977
1989
8860
5024
3254
1817
3273
2295
1383
9188
8742
1649
5920
9647
2966
5498
1172
9903
6368
2560
7795
5713
2075
2182
4045
4471
1913
3382
4692
8705
8048
604
9842
8521
3218
8940
5863
1985
3449
7723
6494
5202
2153
2321
4895
6571
5254
2465
7137
6973
486
7897
8459
1190
6779
7076
2209
9436
8134
3392
9458
8533
4437
3092
5934
8067
2056
6128
4521
7296
1096
8607
3698
2826
7788
8425
3300
6866
2072
8856
6304
412
4999
8857
6877
13
3175
3198
8072
4981
5045
7134
6560
7237
2184
7829
1691
536
7159
9836
1104
8678
1578
1680
5825
2592
8103
7919
7423
8474
5142
5635
6298
7647
5578
2165
7625
3352
2579
512
439
1792
6717
6524
4188
5302
2468
1227
6554
6682
2761
3462
8489
2562
3453
7204
7368
2228
3285
172
7743
5672
9682
5271
3991
6917
6341
4192
2922
7400
8478
2811
5299
4569
7132
3904
8224
1280
7222
6129
569
1056
2008
7522
5678
3111
2884
5743
339
3524
7839
1103
6406
7118
7817
2221
499
134
8923
313
6735
3644
4079
7471
1481
7621
5512
5028
6241
2738
7345
2389
4016
227
8830
8855
1299
7249
2331
3406
8141
3790
8443
2881
2740
3620
3413
3877
4737
4154
4056
4134
1354
5593
9425
1493
1421
3076
2133
3409
2319
9884
7021
5676
4643
6837
2518
9001
4227
7504
4917
9108
3703
7405
2515
3659
2472
1595
8455
8144
7645
8976
4919
7691
534
9235
7352
9780
889
884
3307
8766
5175
9974
1569
8852
5097
3604
6333
4625
1033
5359
7901
4378
3481
2749
1465
2261
1295
3893
9979
8416
6031
3298
8088
2190
6902
7836
5596
3299
8611
1175
8061
465
7957
1091
9869
1024
6945
5791
151
9824
7576
3375
3862
2927
8472
6574
2905
1995
6416
2963
7849
9220
6222
5687
6124
3829
1220
9900
9301
8831
1321
6757
3988
8554
6804
5356
2774
9812
1381
2179
5447
4782
9088
8309
6832
3965
8842
8246
6209
5265
3615
1579
5668
4479
6994
1591
3423
1851
3017
1060
1832
7324
8437
4349
323
8377
6230
2097
364
5173
6282
8044
4605
4756
1239
9591
9215
5448
5280
6981
423
7102
6478
5034
2270
9532
5499
7220
3995
3038
5487
8265
9801
4839
6314
8952
8193
72
3009
6654
3865
2260
9581
6115
7406
8039
5755
5879
2924
4350
4156
7293
1255
6950
5091
4501
2543
5723
1403
1690
5655
9173
4538
5623
1364
5558
89
2112
7441
226
9421
1375
9574
107
8958
2548
6174
7896
5188
9720
6970
8249
1943
3776
2793
6011
8197
1986
3584
9398
7834
7183
2083
4997
5903
60
6318
6772
7056
9653
4906
4526
2114
8667
4030
8121
3075
2328
1196
9864
8401
5982
6905
6587
6569
799
9768
2595
7171
5718
5141
273
9782
2743
7486
8287
1360
3401
667
8413
4431
3019
1963
5902
2531
9123
8546
9358
6466
8731
0
3143
8053
4237
682
1012
9399
229
8697
6008
8926
8415
7751
6607
1788
5442
7773
3091
3529
9910
9568
5409
8954
9451
5334
6071
5616
959
8166
29
4403
3028
4108
5633
7852
9667
2923
7472
8388
6185
108
5877
7845
8502
4536
6395
1726
5936
9760
6851
9439
3112
702
4165
9107
2011
4932
9313
9392
7631
1483
106
2462
92
4012
7899
6633
9140
5968
7680
7412
3101
9332
2868
9075
5586
8659
356
4086
3954
1449
4792
5870
4123
4096
8624
6896
5371
8436
8639
3542
5064
3589
5144
6915
900
6087
5944
7429
9832
2762
3286
8022
1625
3264
2237
8445
5458
9300
2636
6759
4576
4843
4763
4562
2320
5525
9361
6319
3557
8759
312
7299
4689
4419
6660
2327
1778
9841
297
4414
2930
3503
7122
6743
1318
2129
8266
2716
7266
7934
7867
3284
4358
6548
1896
4591
7180
1777
8153
4541
9127
8139
3130
2731
6886
8596
2113
6109
3122
7778
2042
8904
9845
1013
589
52
9195
5977
851
7302
1734
5327
5197
3159
320
4631
545
8483
9283
5110
4923
1661
4963
6491
7256
602
6329
9694
6838
450
428
9601
8203
5167
1997
2955
5834
9640
2193
708
388
1246
1976
6160
5520
5247
2092
3531
6860
9106
4644
54
8909
4019
3973
5319
7162
535
3753
2999
6731
9604
5602
3617
2038
5742
8186
347
8116
9555
2596
8599
8337
3785
933
9963
5502
8591
1704
1634
7035
5234
2584
4304
9749
5130
1325
7338
4985
7552
5119
7944
3312
6424
8621
3127
2211
1090
3170
4704
2647
9484
7585
8174
2144
8701
1577
236
3308
8792
1064
2956
7717
3842
696
5274
8735
3351
9643
4292
863
6473
2568
1713
9244
2850
3533
3740
1111
9116
8318
3278
1537
6168
6681
5462
7283
4514
4220
2078
2852
533
1805
1923
6546
1500
4164
3606
4353
150
6516
921
3098
9651
3983
2599
8935
8108
6975
385
9258
7503
7112
2945
7055
7420
1532
4555
7257
8823
6085
3370
4454
8880
1622
943
75
9838
5169
378
4152
5894
917
7307
9080
668
2770
5790
3134
3961
193
8340
5765
2424
2676
4337
5030
4566
1756
7380
5451
9526
3525
2459
9807
5597
6730
1785
7187
2708
1927
2891
5465
3724
8468
2466
1413
9859
2982
5919
6150
9477
8268
5656
1331
6437
5004
5725
2533
7346
9520
2143
5305
4701
7520
3461
4814
3322
9711
6373
5461
9038
3145
3119
1546
1755
2336
9537
1424
4885
9138
7470
7427
4051
6417
9729
8270
6001
6719
3085
9886
9908
8869
4095
6347
4309
380
5363
8896
7671
7489
2904
1583
2710
524
3811
4588
5697
2917
6689
9633
7455
9289
1774
5471
7394
9850
1031
4721
7854
8429
9035
1769
553
4669
9745
2718
7411
8503
7544
9891
6590
5680
6639
