5099
7997
1775
4225
7730
9250
1057
7931
9955
7368
4833
1326
1211
9897
6926
9803
1325
9671
6637
656
4626
3452
7603
4271
5961
1159
3287
6751
3440
7308
3023
5364
3190
9194
9156
2226
3269
4815
6288
1062
4480
433
527
2103
9240
4936
9001
9037
2204
5942
5695
3740
4488
4252
9932
4332
4741
7880
8783
2744
8188
5728
2032
3369
7433
5150
274
4517
9329
7599
9104
4869
1154
8479
696
9221
874
9608
8249
7330
77
6230
3719
8223
8908
5684
1569
6869
4089
4831
7845
7452
9246
8117
6232
3335
5423
5794
6084
9919
1319
1840
1625
984
5355
2095
7661
9819
5079
881
5864
5597
5872
3430
5374
4953
2225
3008
5285
983
7021
3459
873
3006
7890
8992
9922
1852
4906
3419
6966
3885
3210
6453
4498
2940
7660
2739
7555
4982
7901
5983
1009
9398
4738
4713
5080
9868
8739
7755
5022
4207
8077
3438
3524
8253
9813
6934
3692
3993
5592
6755
9399
8266
8855
8762
6764
7955
7605
5990
6639
4813
6679
3928
7816
8526
9091
390
9368
250
7403
7638
3513
8299
8340
7548
5632
8157
2529
721
7505
4855
7886
8753
1304
7213
906
7939
3304
5972
4475
9547
1357
2121
4637
9518
5006
952
4388
1898
4888
2175
8068
826
5504
9425
4929
346
5633
7544
4316
9327
4040
995
9222
6839
7801
1450
5322
7506
1517
987
6040
177
483
2009
6938
3627
1318
4706
9294
2048
6505
8793
482
4330
5037
5206
2423
4131
5289
2652
2395
6262
6995
5085
8718
7414
8044
2019
8790
8786
358
4564
7854
912
9893
8788
2347
8470
5951
7846
6903
2919
2315
8590
9821
3630
4278
4055
9529
7838
2040
446
6350
1270
9983
9568
2000
8474
5261
6606
9426
6591
1655
477
8142
7784
1033
9881
9574
9182
1794
9132
5112
3180
8841
8358
9814
341
1382
680
3755
5563
9358
4889
119
7268
4335
7444
8916
7091
3254
2597
4691
5710
8515
2956
5232
4737
6921
6078
6901
4743
6848
4105
222
839
4887
9733
6977
8995
8740
2899
5955
7974
790
4604
5361
3101
2405
3416
5520
2536
8000
9982
3294
7969
3065
2866
350
3288
293
9452
7192
5383
4180
4627
1871
9903
9247
4911
5526
7825
7808
8089
5532
3140
8296
1529
6146
5291
8626
4479
9649
9998
8645
6813
3795
6450
8795
5397
2401
6277
2112
9592
3115
6175
1545
4232
1950
7286
2210
1301
9749
1707
9421
1828
9540
7926
3557
7388
8707
7944
7787
4699
3442
2997
2715
8646
1866
9721
8423
5428
6618
6431
794
8202
7759
6321
4280
4150
191
3944
438
3809
8359
7271
9166
8982
6322
3988
7058
582
1292
5143
4310
2224
3437
3164
8880
4958
8039
9917
1530
2578
7010
8961
9361
5525
3106
2586
8629
4679
5745
4854
6358
5296
6154
3476
3263
1514
4583
759
6239
5753
394
538
4762
408
8430
5438
8050
1973
6661
8845
5050
2020
6412
8279
676
9674
4444
5454
9190
1809
1628
8180
5345
5174
7229
3588
2740
3091
779
7572
3759
7185
1912
3188
1287
7252
135
2776
3227
2892
5088
6951
9451
3497
9344
1827
1354
8989
8083
181
7486
9912
8123
3036
5595
7161
837
7105
6552
9930
3866
2758
4294
5725
2809
2857
3918
1896
46
2419
6895
5465
5505
1754
1671
4829
2302
6886
5008
9013
5069
3996
8469
5868
5538
1237
6130
7449
7797
7630
9678
928
6178
1222
5386
9945
632
4090
5448
1540
2850
3433
7542
8547
251
413
9737
4891
4015
9567
9233
6831
6478
766
1977
770
7798
7188
1256
5340
2059
2890
2811
1716
5234
3826
2147
7718
230
8151
8819
6594
2455
2061
3751
9614
7876
1693
8649
7815
5447
669
4700
8195
7857
9260
7145
4667
3406
7366
6081
8703
7035
944
1451
4463
7353
4540
3956
8524
1395
7428
9408
126
2862
2946
6024
4650
3361
7615
9965
977
4325
7056
8672
5429
1257
2110
5437
1642
9740
3541
8870
9206
2513
915
4039
9753
9295
5181
1835
6129
2653
3129
1248
7996
2794
6438
5928
7139
5881
1983
1414
4874
1399
1842
7526
9939
8887
5335
3055
4636
8729
2909
8160
6006
6143
4419
8546
53
1311
9232
5202
8208
3838
9199
4718
3650
1177
9322
1726
1247
2567
8231
9810
8031
9773
508
2136
4571
2836
683
7458
4130
5098
8104
6408
9357
9066
5638
5687
6349
7340
4178
7264
6689
7860
4262
5825
2478
8119
5845
6580
4867
6320
3638
6061
2504
1543
4791
9972
8
3031
136
6250
6589
1570
5927
3323
6592
6677
7777
7104
8380
407
52
1546
9586
2244
1402
2551
2091
7136
3848
3807
3486
956
6610
3766
7123
7036
7623
1197
2099
7852
4998
2339
7216
3540
9886
1460
83
8872
134
7159
663
4171
6643
494
7063
6872
3581
5498
3694
1052
535
5533
5484
622
1860
8481
4892
9525
6736
3563
706
2722
3489
7483
9071
3268
7871
3395
6481
8844
7009
9511
4382
4087
4607
6188
4932
9662
4993
2118
417
4573
9711
33
8047
3912
7659
7523
8680
7436
6548
299
4538
7034
6614
8962
7195
4799
8333
3914
6500
3326
9892
3211
4068
7724
3734
6890
1856
8308
6943
577
366
5756
8702
4721
7180
2765
9439
4128
7138
1631
9245
5896
3299
7248
4311
3614
4733
6652
6937
868
6775
3770
5059
5766
113
739
5401
4045
2957
3477
7592
5511
6947
1499
6047
9187
4065
5194
3975
256
3021
6359
4716
5573
1902
1608
4083
3414
6051
9680
4638
3553
5133
2760
8731
765
2471
1340
6705
9279
1104
3963
8519
2135
7726
5626
8971
3265
5622
5929
9700
6524
9386
5516
2343
3881
9243
8539
6713
7471
5063
1534
941
8040
5957
3165
5422
3343
1065
7697
9376
3858
8437
4361
6002
8685
9870
8570
8537
6491
5662
9105
7451
4562
3902
1576
4975
5219
1026
6329
7561
1865
8211
1872
4146
7728
8641
327
4940
6706
5203
5888
8791
3559
3611
786
610
2533
5457
8797
4206
9589
3526
9484
8097
4763
5921
4487
4257
4818
9188
693
5941
3715
237
7719
6893
1867
7491
9659
398
6308
2535
4751
3485
9488
2267
8461
753
6667
9496
809
9225
9142
8248
7673
8246
2416
4240
9089
2675
7227
7489
9300
5724
691
8823
9716
8484
7379
4013
5320
9731
2046
5542
1250
7293
4948
1672
7531
6000
7758
3804
5527
664
9413
101
3397
8327
2500
6991
7700
9779
8069
4773
7937
7474
5773
5300
5054
2818
6237
9666
2399
2833
6184
8560
9687
3737
4707
30
5456
1350
8996
1899
2774
3618
1922
6855
9610
329
4279
5503
9756
4781
2682
2696
6036
5848
513
8857
8667
9839
1653
2754
2947
3320
7365
9837
9686
4872
4370
4499
6236
9533
6216
4553
6378
2880
5019
6767
2494
785
3726
3001
9088
2951
6162
7016
7551
2709
7546
2277
359
9580
6290
6319
570
6802
6797
1050
2834
3213
9823
7504
5417
7735
903
6772
6096
1907
4400
226
6581
4779
7346
783
2580
4780
5820
7434
3186
3649
7342
4456
8371
1656
2047
4437
8505
6724
9316
1294
5791
1829
2201
9535
2222
1035
9143
6295
4194
8555
3615
1891
1000
3293
9717
264
7553
4787
5646
7616
5709
3208
5672
4354
1349
1915
5464
2236
8005
164
4601
5886
1944
3303
7812
3209
4530
6477
6294
3837
6566
4449
5734
4616
8295
3420
8237
5996
2978
318
3652
2945
4973
6622
4258
4179
5944
8416
6511
4764
1302
5067
6106
6471
2666
7360
3875
4460
162
3679
4673
951
8004
4605
5900
1627
5302
5702
5346
1224
6167
8132
1044
4649
2576
6080
8067
3741
991
7763
6079
7335
6623
3909
4757
1158
4509
2650
7790
3179
3505
6829
6307
606
749
9512
707
3935
6213
8622
8897
5877
8743
127
1281
108
1440
4786
4750
1255
8138
3
5648
7350
9940
219
9801
476
5559
1157
3076
2449
2261
6634
1394
1225
300
879
9646
9005
1729
5076
5755
2082
8098
2060
3633
7978
5579
4338
9349
9416
2605
4236
8994
3947
3816
1115
4391
2486
6344
8418
2859
3704
1702
3104
2677
4464
2164
3574
6741
7783
6027
7488
4912
8366
7197
361
611
4123
3677
6989
6858
6791
9521
5127
8867
1612
2901
1561
3212
6425
1553
1995
70
5101
2512
2336
7966
2873
1670
798
26
4073
2514
8847
2501
8013
5494
6747
4537
5025
5893
6633
2131
5436
9146
4670
4324
4217
8687
9154
8241
2692
5989
7315
9615
5778
7986
6970
3564
8145
2676
478
8512
5351
1694
6883
2192
4551
588
8053
9636
210
1674
2407
9901
5240
8178
3270
8307
8764
581
7915
5155
1884
575
4686
7285
1498
453
8238
1748
1652
9834
3019
1961
3137
3731
2185
7652
4067
3711
3835
8831
4047
9382
815
4450
4747
1673
1473
8516
4196
6670
9238
2298
3085
1111
4927
5342
769
1189
2495
1242
3527
1677
5020
6296
3851
6499
1253
800
40
4144
3011
132
1048
2826
8009
5362
9704
5828
363
8582
5215
6345
2475
3234
3318
6716
2138
5583
2820
4253
1492
429
6526
5238
6734
636
6533
4997
3017
8194
2107
1493
3194
8656
3568
6199
4288
3798
5378
4665
9235
4884
6774
2480
9390
7696
452
6908
4668
5250
8256
2921
9775
7962
6474
9561
2524
5096
2208
9632
2286
1743
4094
7245
211
9031
54
6314
411
4333
6853
116
8181
6396
2460
9476
114
9815
7525
5470
4043
972
6242
4384
1974
7665
981
2925
3607
5660
8483
9028
9304
2619
8033
6151
8419
505
5817
8726
9394
2030
7242
2246
921
2644
8634
7405
4360
6863
1573
1090
8891
6969
4268
3074
580
852
3612
9178
1767
3624
835
9099
6383
7888
98
3328
1624
1790
6615
1284
5315
9110
9012
9805
2699
7276
6281
1240
4261
7903
8888
1313
6665
7628
227
4585
665
9792
6465
6708
1929
6455
2985
7019
9780
8990
8842
4408
9979
6003
9527
8784
751
4231
5995
3244
1472
6631
4728
4794
8529
939
7299
6812
3169
6338
8281
6352
6204
3777
2425
1791
3356
8640
6424
6432
4939
8609
1582
2124
110
5628
9960
7328
884
3300
5930
803
6535
1643
4761
1345
2844
7947
3653
4534
8478
942
6127
682
1793
2897
1772
6828
9471
4810
5737
1355
3930
2839
7078
1495
5187
8943
4454
2671
4768
8715
1965
6053
4502
3758
19
1484
2989
8835
6878
7613
4490
442
342
6587
4685
2070
5173
9220
5711
9987
7446
3309
6810
8689
4466
8903
6537
2119
2609
1381
8588
2693
8951
4830
6403
5272
9560
73
8438
1764
18
3317
7178
2646
2510
1207
2539
7279
7084
2874
8364
6004
9297
5369
5466
3133
8733
1753
6916
1478
7437
9767
5860
2467
336
2262
1059
5986
5267
5489
224
7762
3570
3948
4687
7201
9927
4336
8833
347
1365
1447
1697
8551
554
4903
6553
6419
2831
7482
2375
1200
2743
406
5999
1927
7999
7099
9147
9445
6364
8345
4937
1515
2516
6783
4613
6885
2322
7881
9788
151
2037
8696
1330
8165
3873
876
6064
2338
1551
851
3044
8432
8798
6520
2447
7849
9275
9502
7739
2383
2257
625
732
7499
7244
2840
1435
152
1511
2305
4396
3869
5918
7047
5714
4355
7897
2661
7085
5389
4735
4339
4405
1988
8234
3495
6683
2250
6837
4028
9395
2179
7274
3402
2088
5200
5908
323
503
7406
7051
3984
7549
3502
7312
9373
1689
4438
2159
1128
4567
2541
2917
5905
1235
6185
7049
9460
8682
2104
4501
5901
2162
8309
2307
9941
9850
8767
1420
4009
7246
1201
9491
118
8977
8814
6551
2558
3273
7113
8892
9877
4470
8877
8832
8948
9273
3849
9170
9420
8201
7151
2481
7344
8623
5493
4374
8824
8015
2852
2649
1134
9504
5248
3960
720
600
9708
6324
461
6784
6136
3823
174
8869
7261
5635
4283
3114
6973
9537
8617
5129
5235
6857
539
3966
7818
2672
3821
7822
4632
3797
6496
4063
9432
9545
7832
3370
6400
8328
2233
355
8220
9391
2014
6616
4970
9943
7934
161
2641
631
9185
5827
2493
8636
3980
4521
1185
8394
805
131
6248
6649
1018
5726
820
8774
6773
5490
6928
7018
6401
4372
9231
7493
1994
1535
7569
9364
2303
4185
9763
5677
8103
2482
5310
2555
1039
1213
1601
3791
8695
8839
4942
2965
3347
6010
214
2349
1592
4286
2276
3037
3775
5154
7957
1550
9189
2126
8972
1353
3925
551
7680
9354
8240
2235
7090
2662
7635
3197
8530
1876
9693
8422
5347
6583
5148
9302
3404
115
1217
8812
4898
6801
7723
6221
9920
1877
3539
7883
5992
7089
3799
6430
89
8038
773
705
2630
9951
6176
2681
6949
1941
186
1798
4287
2076
590
6905
4880
7305
3426
99
5997
8657
1566
4915
1480
4118
3518
7750
7865
8800
8192
7131
598
1409
5087
2863
3408
4943
1903
9195
4732
4617
5499
2473
5529
3686
8574
1118
3367
6568
3382
79
3676
5700
4256
6399
9152
760
2065
8911
9435
9582
3155
5450
1277
2377
3238
3464
7375
3579
2954
3601
6597
728
778
6442
3754
7169
2559
9150
8607
4202
223
5515
5024
9564
5136
487
1823
3248
4154
2764
8603
2924
6449
1695
6110
6807
1750
7952
43
2948
4654
9849
694
1810
8738
17
5607
9049
816
4724
2907
8284
4826
5225
4552
6707
5380
9548
504
3279
730
1811
3105
9741
5705
6009
5771
1465
5715
4696
1796
2075
8116
4784
9520
8701
3334
2893
6193
450
9172
9463
4248
7584
7554
7843
3850
2180
7960
6931
1494
3376
7220
8271
1306
7032
6421
5411
4532
1952
6095
3381
6357
3813
6730
9726
7977
3820
7198
1719
2526
5681
7394
8966
2171
7539
8110
566
5205
354
2842
3482
1949
5004
2450
11
5139
6304
5624
5569
8766
3242
4443
6147
596
6102
3716
1114
8838
8021
6942
8016
731
9467
3707
8741
4572
2161
4114
918
7057
5937
532
3954
5578
4044
8086
2437
367
7432
1909
314
1760
7317
6672
9271
5933
867
5522
2768
3015
6684
9599
1126
3803
7311
9472
9100
3166
7924
1634
8161
3744
8136
5138
8549
979
3636
4961
2916
9197
7896
138
8274
5924
4365
5600
7400
830
9744
7473
7632
6048
4744
4560
6817
824
3046
1562
3739
4837
5741
4482
5481
726
6919
2994
4172
4655
9551
4610
6497
3926
5441
7653
3428
8329
1397
4297
4618
3965
8216
3204
7338
5040
3720
5664
6685
7622
9754
2130
5055
1086
4788
639
8898
9549
4086
5634
9606
3484
8851
9278
5131
1202
2570
8297
5324
9023
2240
9039
8404
5010
9165
3853
1112
6316
5764
550
1400
3530
9046
6034
8017
3400
9038
9976
5027
7265
6687
4957
9968
2027
4166
1300
140
4145
9045
234
3352
3793
7529
4808
8586
6397
7662
8087
2142
1502
617
9314
6887
2293
3569
4519
7066
6629
2139
8456
5652
199
4101
9706
9181
6456
3906
5968
870
5111
9612
2464
491
7490
378
6823
5731
4188
8691
3735
914
9661
3427
9786
7670
5038
1007
7923
5058
9715
3874
4380
597
8751
2678
5555
7516
8901
7167
4864
8121
5751
9672
3788
3231
9929
1482
121
742
3619
4674
6619
8794
633
4497
9387
8663
1351
3275
5184
8226
9116
7170
8320
5829
5485
4900
9276
8693
7814
8704
466
4274
3461
165
7968
7005
32
8442
4789
1948
6642
84
3927
9115
9055
2680
4169
6101
4914
3974
3385
2428
8580
3480
9213
4155
7948
9215
3864
7376
8153
9321
3764
6177
4827
2366
7343
9894
8773
3141
2278
6301
8342
8554
6126
5780
2769
8467
5480
6273
3972
1274
5017
1278
777
5706
2367
5363
735
2033
5478
854
2421
511
8882
9211
1997
7163
9111
619
7744
7393
3466
1883
2005
3922
7115
9414
7568
6804
7348
7117
6091
6918
3224
2707
1913
5975
432
5891
5244
1688
2116
5391
8403
7230
1405
486
5618
4440
8439
2959
6372
1230
4163
6647
369
6788
2077
8665
1679
4575
2927
5866
862
5153
7075
9762
6443
3176
2629
4167
2308
675
8495
1692
2628
5299
7361
5208
2822
8056
6673
3424
3659
34
2219
5508
744
3844
5980
7528
1814
2345
7595
1966
6920
7460
194
3829
5405
1479
2258
5518
8019
1955
945
2547
8711
3805
7538
2920
5770
1804
6244
7646
498
5547
1926
9078
5739
5394
1836
5384
4918
6532
8553
3962
3175
6697
56
7979
6897
4981
7805
9288
1928
9214
7975
1975
7958
4107
8756
3095
92
8712
9058
7785
3130
1676
5904
2655
9925
5297
8789
2492
6914
2209
3192
8254
7135
7567
9962
1757
8939
2067
6994
6508
6330
4883
2683
704
4960
6326
2155
2031
3595
6538
2330
7961
5159
1654
2904
8450
2694
4484
866
5350
2855
7294
1616
2451
7932
6997
648
3507
9921
2763
6282
5994
4201
6936
7709
67
1422
9270
4811
4701
6515
3167
5353
1574
3183
6362
4731
7695
1578
2812
9269
4838
207
2815
840
5373
2574
231
3042
1162
6759
1004
448
8801
893
8289
4767
7029
3610
1462
1179
6033
4690
5305
7902
9363
4199
908
3407
7536
650
8356
9624
8239
4574
7863
5502
9489
1611
5199
9832
3247
589
6309
2177
1424
2456
5811
578
2282
4347
421
7833
1998
4410
930
4704
8561
6488
3160
5188
8853
8868
2996
7301
528
261
571
6510
2871
3096
1931
3441
4963
3977
239
8369
2534
3810
2068
9490
2007
2369
9682
1061
9650
2750
5416
1613
2960
9085
8975
6726
1431
814
5249
5170
3599
3050
1979
8035
4108
1858
7061
2934
4834
1083
3422
2388
2847
193
6305
9635
404
5367
144
1806
8775
845
4378
5679
7597
6347
6386
6075
4920
7000
3119
9080
9060
8176
8095
7447
5239
7831
6899
2461
1815
3987
158
3060
2727
5295
496
3078
1868
3219
1298
8348
4634
9067
1923
9309
7487
8204
9315
6072
3865
9936
5528
5145
5390
6651
3348
5987
9604
9906
2717
9644
1047
2549
10
1107
3587
3351
4493
3733
2572
5514
3353
5419
9696
1699
2238
762
4052
5452
3859
4017
3640
897
6560
5161
4990
1584
1513
8399
2274
4057
6195
5907
5075
4096
4877
5723
6240
7667
7593
9573
9565
4988
5443
6815
262
7045
5403
9997
9252
6229
3870
1600
2575
3723
6093
9882
2637
1629
2314
6190
8510
8821
7773
6659
7861
5066
6825
3819
9180
4531
3717
2465
2223
9503
857
184
646
5182
2532
3103
9409
5541
5000
4260
936
6962
8813
4524
1150
2174
7943
3337
6183
559
9186
6073
9224
9497
9742
6925
47
276
7389
9528
236
515
1853
5236
922
522
8361
7872
6909
7475
2902
8417
9697
7873
5636
2087
5696
2723
6231
9428
2331
1496
4340
4007
3362
1427
943
6704
2232
6165
4102
7781
5455
3613
1510
9437
6413
4496
9563
9550
4398
360
2667
7304
1745
8781
8406
93
9623
8653
2704
2028
3763
5039
3014
1028
1742
8065
7829
1002
7173
6559
5204
8445
9272
5258
9539
7128
5352
7714
8228
1067
688
8799
1725
4246
8543
1155
6310
980
5294
6483
8042
9915
173
733
686
6312
5550
4633
9129
5762
2814
793
9285
353
9371
9617
1403
2702
434
6148
9464
1485
7378
3479
2807
2783
572
6695
8388
5915
7238
1774
1148
5596
9137
3806
9572
6746
6699
2761
8062
4599
7154
2869
6838
1920
6174
1404
244
7562
3562
7068
344
9506
4230
7033
2459
8354
1990
4149
7752
6150
6272
3894
7844
3696
7527
5193
724
5840
4582
1486
5177
7904
100
9986
8944
2799
8761
8601
3172
9014
4285
7427
9714
8697
8215
1967
9784
2999
7323
7221
5546
774
4079
3249
5748
2577
5118
447
4103
950
6598
6789
1051
1904
4445
1617
7556
1557
2622
6818
7746
7463
1526
1269
2412
3373
1960
1590
905
6641
2001
808
795
1752
9346
1935
8270
3258
9668
9125
9155
3496
4836
552
5446
516
6142
3687
5241
9667
2398
1527
216
1084
5395
8448
1733
1476
2435
6717
9843
3018
5222
3109
8357
7524
3743
6415
5371
6563
2470
2993
5906
2266
2867
2311
160
2643
7990
1854
7438
5013
4126
8522
333
5414
5107
1310
3002
3261
900
1081
3039
4489
9888
3069
9869
3880
6077
561
9519
6233
5149
9424
608
3455
9516
997
3508
163
9852
5125
3483
7677
6814
931
3790
1120
3088
548
6865
1940
6468
2184
4928
2169
9397
9954
4161
8589
9430
9335
2163
290
1076
1946
5610
6192
4409
4074
5760
2109
6922
4542
747
4259
4620
6617
5874
283
493
842
2403
7114
391
2057
989
8251
9205
5160
9328
4036
4226
2181
5242
8932
5156
3529
7129
3469
7514
492
66
6417
7510
6975
7196
5768
4192
334
5897
5842
6043
7545
5483
9664
4672
4062
49
2304
846
405
8953
9515
9905
105
3456
3560
1765
1638
1072
5292
7215
5325
6795
7756
1374
1036
6519
2936
7500
9793
2573
312
710
4753
1108
5775
9113
9308
9336
768
6215
2592
5071
5124
6780
7125
932
39
4886
169
3185
4832
1221
1963
8088
7774
5459
6958
6999
3905
7015
5051
1266
7026
5420
6131
4602
4029
1978
6573
4977
2039
2337
2757
1532
3700
2582
913
1932
657
7341
6441
3907
9268
5217
5536
6082
8534
9883
4221
8294
1841
2248
1216
9863
890
7225
8614
3045
3953
8840
962
1888
3932
6066
1193
3661
8424
3597
547
5587
9643
7004
9128
8991
910
9689
2690
2726
3536
948
4842
1180
8272
8919
5387
1263
5316
9006
9033
4133
5781
3099
3392
154
8154
6957
8252
3126
3284
9684
2980
3730
2615
7426
4645
1633
80
8339
7
1324
3878
9255
9621
3622
3545
5221
4322
9124
9798
4416
628
7518
743
6337
467
3377
6760
7280
7481
441
6149
3845
1074
1704
844
736
6915
4802
8322
7877
4069
7130
168
1458
3386
6278
7959
4343
5189
3573
6841
2454
5186
6530
8980
4642
7601
5790
6549
3609
4219
4783
2064
9350
6565
4003
8032
1982
6180
2738
2886
8737
8148
6166
9237
9591
2975
7203
1870
6482
2281
9642
9713
8124
5449
6156
692
6627
4866
4276
3893
7467
8365
6186
9669
4971
292
6198
315
3443
3181
3108
1433
6765
2101
2562
9108
8209
9096
2800
810
5658
6809
6576
4858
5269
1603
587
1088
5647
2479
1011
5873
5605
5727
2583
3311
4100
4935
1063
4807
1356
2299
780
5531
1555
6389
3375
6313
6085
282
5591
213
1987
3131
4417
9441
9079
3111
6297
8405
4344
9326
9003
6778
652
6856
5043
7848
7511
7320
4158
4803
7689
2688
5122
3828
8954
3274
6267
2488
8425
7772
243
3685
109
1375
4897
4439
757
6395
4025
3657
8174
9355
5097
5379
8662
6935
3646
3669
2295
2408
7927
6418
4213
3451
8060
4397
8619
8489
3784
8854
1205
1412
4765
2589
7576
3024
1953
1741
1740
1908
197
9118
4933
3153
9781
7796
3725
6219
1101
3368
8150
7760
3756
9538
4483
3951
7742
9248
1996
5070
9338
2496
970
3709
2168
7654
4843
9059
6123
6980
3061
6522
5408
4865
6333
1429
8565
2804
6671
827
2668
2803
4635
3054
7690
629
7793
2553
3742
4273
4211
2424
804
1869
2300
6826
7277
7608
8803
1055
5806
8602
4529
5799
3643
4385
8278
3836
1964
4447
3781
755
6158
1945
51
1770
5641
8453
8533
4878
901
6022
4031
5247
1366
4214
537
7992
5304
5675
8651
2981
8595
3547
7006
6554
9552
9191
5270
4459
4018
2724
8719
4549
4578
3398
4367
2018
1027
8315
6336
4468
4548
9324
1577
6782
2443
8498
6545
6954
9249
6816
9759
3817
9620
3702
3171
8545
6466
2670
5451
249
6428
1544
6012
6001
2356
3203
4298
3193
8699
2938
3522
3393
8886
9974
3895
8675
7703
4554
2943
5318
279
6306
2705
2178
309
195
1970
4695
5495
3488
553
6107
8864
8964
1632
9510
7116
5410
3555
5103
5517
8400
8572
3917
8509
2865
7291
1722
3138
2319
7044
9462
5210
484
9517
5104
658
2468
9008
9724
6155
3048
5251
4999
4893
1468
3016
3949
7333
2239
6070
6341
3943
5507
189
2228
938
6300
139
1100
6173
7729
2417
6340
3468
2243
8242
2350
8496
859
9107
6927
260
2054
2806
864
6118
6502
455
35
9330
3554
8550
3379
3683
4945
2590
5808
8286
5969
9942
9675
9042
9492
2390
6334
3020
9546
838
2029
2265
4862
6214
7971
2253
5557
8564
6224
645
9908
858
5971
8615
5545
5334
8681
3070
9002
8952
3388
8593
5412
2964
2418
200
3187
5283
3191
6701
8928
7054
1874
2787
2049
9581
507
5512
2363
5521
8576
7900
2910
7811
9791
5500
5314
7761
5284
8420
2969
6105
831
5319
5366
5654
5978
3312
9447
684
7384
3899
6750
672
9047
1968
9978
6779
9351
6005
6821
2410
1232
6620
203
9557
5034
8175
1895
4950
7648
7352
1560
1342
9073
2150
3626
470
5934
4002
1768
9204
8080
2439
9904
2329
4772
9175
4513
558
2568
1152
3415
6703
3475
1428
3815
3637
3861
1218
1783
4157
8096
1837
2357
4710
7748
5253
4895
5393
4284
3989
5813
4545
5686
3255
3796
8859
3457
642
9898
2767
9499
1826
1751
1864
5358
4586
7721
712
2868
4841
8710
2990
9776
6787
4527
4342
9479
4363
9845
2540
2884
7715
6132
7507
7964
7464
5032
449
7851
2887
6917
6464
5265
3147
9455
1700
5185
892
5666
2640
1843
1398
9688
7347
3302
7494
7477
9626
9975
887
9106
2829
4844
6985
2805
5180
7669
1170
8280
5056
4255
6436
7769
4425
7407
28
2157
8785
5589
9933
7410
7617
5861
9077
7415
3467
2429
3235
3877
2176
1387
9969
1749
8965
2566
5035
9637
9121
6469
4377
9648
1678
7079
711
4269
2189
5570
1882
791
8058
592
340
8184
899
499
6585
8749
1337
8508
9532
8379
4319
7107
3222
7684
9264
4239
2134
3931
5041
1986
1552
6978
4244
3959
4020
9900
9200
6933
301
2552
2108
1800
3338
2631
2878
4959
8748
3832
6228
7055
2234
2749
756
888
111
4465
7766
7164
3189
5488
4825
4132
7386
1691
2846
1034
9153
3561
1454
3144
5105
2283
1322
3214
3955
2145
3004
9562
3267
5337
8051
2602
2599
4198
3240
8755
7024
7316
3216
5356
9298
7639
8979
3703
7321
3339
1032
2056
7885
294
2252
7175
985
5458
4495
117
3580
8518
4457
2963
9705
7620
3867
4821
2365
6777
861
8221
9577
9902
7390
1417
576
4411
5880
1099
3298
424
7297
4272
8390
4110
2290
9957
3431
5564
9161
8922
2012
1432
3531
1781
8113
1663
7547
9388
12
8705
2632
4434
1747
1379
9481
2490
2593
7574
2316
1286
4625
7626
4289
3846
3847
8873
7651
9993
9730
5932
5967
6379
7596
6790
7392
3143
3501
4005
9076
1141
2094
8066
247
8311
5981
5754
9022
8587
6473
4651
2483
6382
8264
2051
1863
8744
9348
9030
5721
829
8700
6762
2202
5277
2611
4778
6731
1227
5223
5931
8973
4624
1121
5501
9
2626
6654
4526
1565
8414
6974
9523
9785
3256
1911
8934
6577
1075
9412
289
5157
6203
6733
964
176
6055
468
1531
2477
1714
2380
4134
6197
7281
7250
8486
836
23
3843
3722
4177
4222
6377
4677
678
245
3360
4473
4702
1359
6891
217
7038
6041
302
4195
2197
2115
7453
9918
9728
8141
85
6987
9169
4254
8457
8776
2042
2247
9989
1563
322
4917
8780
5665
1172
9418
5673
6875
3842
7824
6144
2689
5273
9431
6757
7191
5973
9541
31
9799
3005
5847
1106
2987
4476
4387
5237
8771
3236
5747
2587
3999
3251
4334
1416
7101
4769
9325
7920
2015
3532
2701
4925
988
8910
1024
5577
3771
1453
6259
6140
3340
7747
9174
880
9043
5343
7155
3628
1019
660
8451
9794
6189
3535
907
8606
202
1393
7182
5917
3225
4168
7146
103
865
5190
8169
6700
5142
5916
9867
7031
2639
2206
9710
1873
8993
3682
4375
557
5444
573
9419
1648
2132
6698
1071
431
1646
4533
9068
9176
4140
1192
6059
427
533
6238
9454
5213
6827
7396
9061
963
6181
638
3941
3374
7705
1105
5889
8852
4034
7373
7251
7624
4359
3608
6604
3217
1186
4376
1930
5102
9063
8335
1731
7181
7478
5650
2838
7575
6409
8122
3220
7786
1014
3163
8921
270
6650
6284
1373
2218
3423
6269
2950
5657
2856
5081
9842
1171
9655
4871
3462
5009
8772
3336
9223
5349
7070
9806
149
8293
137
8073
5030
298
5317
4458
3549
5920
5923
8109
3283
2098
8658
509
6318
1831
2606
5130
7065
8250
5209
5691
6014
102
7404
3030
740
9443
8408
9449
832
6025
2788
5011
9171
971
3000
506
1234
4506
9018
196
8244
9554
9524
9196
86
1739
24
6099
9924
4189
1415
9681
8807
5867
9787
4125
9973
7612
6393
1801
6089
4766
9820
3589
4165
8491
5198
1777
8490
5278
1992
7149
789
1332
3674
8052
3118
4717
8732
3366
5885
9947
97
7530
2634
2058
8120
1763
8924
3357
2679
7543
356
1008
5800
9758
3800
6226
280
2370
242
3041
4847
2503
7629
2105
3812
6531
1959
875
5309
6159
278
5312
4683
2393
5029
5402
8709
8319
75
9311
2196
2086
992
2613
6575
5732
1
523
9366
3149
1176
2387
5257
2995
4485
5802
6630
4508
7710
2659
9138
670
7204
7310
5831
4944
3752
8081
2381
5576
1073
1333
106
7120
5128
560
9377
9052
5712
8343
7731
9081
7711
1528
9359
9384
5914
6152
8105
2546
1259
377
63
9860
607
7290
1797
687
5462
1957
4805
4328
7502
57
9770
4941
4910
7743
21
1191
4868
2970
2792
6593
1721
1143
4395
8376
715
6963
7172
9783
801
3346
3934
9736
8612
7354
9025
4249
8460
1025
3435
7606
4275
7140
8100
5899
1184
782
465
6739
1249
8884
7799
5982
8070
4383
4974
8713
6414
6752
7503
8828
6492
3259
4608
5421
1327
4352
6742
5137
5015
104
8082
4926
4742
8809
2737
2183
6285
7858
4224
7905
4402
601
2297
2188
2594
3432
4678
4828
2216
9609
1391
7425
4151
5832
6440
6956
3889
935
2251
8382
1818
1167
7441
4024
4446
5348
8960
4587
6696
2414
3662
722
8538
5644
1389
5935
7012
9149
7442
7564
620
9473
8126
2080
7892
8521
8871
3296
4770
7094
1334
1947
7967
4589
5196
1095
3990
157
95
8860
3727
445
6323
5492
8262
891
2898
3621
1924
38
1135
2933
2926
9645
5823
9228
8401
6235
3782
6222
3834
3498
6940
9782
8613
514
9889
2647
9857
2214
7618
8074
488
8395
4922
5255
9141
1542
6840
9847
9160
7691
8722
4233
1647
2143
6648
2237
3712
6445
8190
4546
2084
4535
7258
6850
501
1012
7522
5264
6243
5134
719
7951
8876
1766
9229
6981
7367
254
2591
4227
7121
2146
961
3969
8115
7417
331
1918
9876
1117
3681
7668
4873
2808
2669
8900
4112
3678
68
4790
2508
2796
1505
1711
6207
7657
2133
8061
8300
9797
4164
6653
9887
3120
1605
2982
7914
9227
727
6058
1377
124
6245
6217
8912
6504
1761
7609
96
2889
6793
2658
6255
6786
8536
9242
7157
5824
7391
4863
5293
4156
1370
4984
9374
8723
6911
1799
5582
9764
9981
2078
8325
3446
3142
1558
7087
3043
6426
13
2802
8904
8472
8913
4218
7243
6950
4392
8236
6852
2685
7273
170
5216
5572
1139
3668
7440
9861
2309
3514
6656
7254
8261
9482
4930
166
9342
2775
6161
2988
6728
926
8958
3389
662
4148
6007
7912
3444
1879
8435
8836
2733
1411
1969
4071
1347
5183
8412
920
3765
1190
324
9735
2554
1572
5991
7577
7519
2642
1461
9256
2368
9393
325
5809
1078
3500
6275
4314
4081
6286
8428
2687
8006
9345
6572
1182
9590
6044
6459
268
5132
6388
6054
4032
7878
8804
2396
3387
5554
9914
8133
3032
9959
8643
1079
5962
5113
187
7132
4059
1921
37
4705
7445
7645
9825
4190
2530
9647
5661
8523
8386
1803
2895
8317
1650
1388
55
5230
5598
4093
7298
934
5344
7806
1459
2149
4597
6803
6134
3596
9312
2612
2353
5883
8747
9258
6898
7988
1102
512
3992
6115
65
1089
4985
685
4592
9112
2941
6117
2912
6289
7306
1668
238
3792
2469
2771
7106
4129
9266
9480
5280
2213
481
3282
8326
7625
6849
3354
9069
6888
6996
3767
1471
9950
7027
60
6039
6870
9848
6046
7521
9487
2507
1984
2983
4641
8137
7257
9184
4931
5227
1820
8059
8581
6196
8730
4708
6015
9478
5849
8915
403
647
8678
8415
1701
7073
9090
609
9880
9576
4432
8987
1993
1161
4137
4181
6088
2915
7179
6092
5789
8817
1093
1780
3913
7537
627
3315
1937
6518
579
9583
1595
7083
1848
2518
1596
2432
6561
5100
2342
8156
5643
3516
1593
141
860
1283
2272
3746
2384
973
3491
8633
5370
9164
9168
5953
6512
2220
1579
2751
2564
1802
7855
2415
5126
3995
3113
5946
1718
3666
4379
1658
3007
2843
8652
287
2385
8941
5171
5330
146
9353
3506
802
1626
352
6864
7566
1369
2824
462
8591
328
9148
8258
8937
3010
9310
9103
9009
8043
1212
7650
2205
6806
6663
4327
2123
6738
6534
9826
2074
2817
9323
1662
3063
1844
8007
7336
7819
9542
1303
7455
9769
9151
5977
1683
2522
1338
6346
9126
4913
2497
630
4758
7916
8010
1196
8260
2961
8318
8185
1598
4809
7017
4431
8568
3026
9287
6640
1215
1669
5121
6227
3009
2502
9752
569
9403
4580
3548
7137
3929
8085
5226
8269
1153
4839
7699
5003
1942
1583
3412
7745
5368
6900
7267
5857
7364
1173
4247
3355
2436
2841
6406
9633
7030
6944
2285
8393
8232
8189
5042
1030
6029
9594
6205
3313
201
2674
1475
5603
7533
2790
2411
1361
9082
7540
1271
1442
8462
5192
2288
1972
7355
1166
6624
5613
5674
6882
5858
2810
2861
4329
1317
6819
4557
2944
1438
9625
6020
6135
6315
5568
8344
4078
9234
7448
5716
9446
4894
5409
822
4305
7600
9862
1607
396
7995
4349
5268
1444
8411
5909
3417
7919
4543
1246
965
904
4293
7469
7868
76
7688
1509
9844
9795
5151
7965
4565
9627
1005
6761
1630
7875
4969
3371
8355
9422
8918
2835
3473
3900
7982
5653
9303
3257
3871
266
4850
1341
2341
4823
1312
8592
5163
2313
8822
8090
2870
9486
7300
2446
885
2623
1254
7334
7749
4955
4174
4304
8476
568
1962
9811
6369
8182
8128
1289
5152
2102
9292
2614
9727
8666
643
8947
7889
7722
8207
8620
6960
8808
267
797
1490
6292
8504
3693
3983
6564
1244
7683
7789
644
8283
426
9732
7081
1181
3644
4115
4861
4403
7716
7053
4722
6737
8976
3594
4857
9036
1344
1070
9267
9259
3855
5803
5047
5697
2542
4730
871
3121
5812
5750
3876
659
3003
5117
8183
4660
7339
9812
9833
3301
7581
6452
7557
5197
9016
8314
3102
5919
9241
1939
7559
5228
6896
8894
7583
2011
8862
8378
4420
8596
6749
9087
5119
2326
8167
5147
7443
2203
8362
8585
8527
2581
2928
198
9995
8843
4027
8714
9634
8130
3511
6880
3363
4030
7189
738
6090
6264
9477
4507
2864
7208
1455
8984
520
9367
27
2949
1164
668
1660
9956
5262
1031
0
2745
9534
8093
5116
7456
9658
8758
5021
8212
6458
1549
9015
5855
4680
9092
3359
6666
5567
8698
4428
714
536
9440
3779
585
4050
2100
2069
4267
9333
9011
2085
8907
3872
5601
326
4353
651
6068
2911
8288
7092
2452
5372
1736
9095
7853
6984
9899
7866
4435
5524
8802
6660
3145
2823
6681
7740
6339
3584
8171
2207
7698
3660
3364
7465
5442
2913
3772
975
9396
8471
2434
5620
4147
1466
7174
9703
3465
436
3528
3237
3921
3228
4426
4503
6187
8567
524
3616
5744
8502
7998
6528
3695
1378
7402
4629
8967
9885
3134
1637
6691
8112
7288
6475
4692
9938
6846
2537
6932
6798
3585
5433
1094
5207
7836
6283
7003
1588
4951
7736
1622
1042
3499
4016
3915
4579
9854
7377
9057
6433
9859
4628
1846
2137
4243
919
2092
4176
2487
5026
4594
8198
4474
1606
7856
6098
9639
9084
5625
4896
2413
2728
9410
3892
8275
6692
3198
5246
7086
393
2711
7419
5064
7692
7322
212
8673
3738
6119
7991
3295
8861
2714
495
471
4734
6743
3920
5998
7727
7484
6702
5476
5053
7972
9257
4675
5879
3747
3079
7640
6824
8011
4307
9702
5474
3602
9738
7794
8028
4152
9630
5795
6843
9789
6609
6879
6523
2273
3205
8513
3862
1914
1713
5608
5078
9508
2348
7663
8024
8905
1219
4421
9958
3316
9495
2784
9966
8323
3546
4111
1020
8099
5959
4568
3064
5655
8407
6402
4362
6867
3071
8488
1282
3490
2182
112
7418
8660
817
8384
7177
1029
959
7262
1392
3182
618
9944
7422
6941
6723
1664
7303
8193
9600
6668
6114
4793
5698
7200
1080
1500
2706
9514
5108
7401
8573
6069
6602
8600
667
5966
5329
1204
4060
7345
5321
1367
4014
3938
856
7802
2894
7780
415
3195
2275
5639
758
8624
395
8255
1849
4630
9831
14
6844
7318
1069
8337
4756
5619
1068
2620
4389
5699
2955
8906
5023
5936
5288
2877
3852
3051
9017
8347
9254
5176
9378
9566
5424
894
3802
4949
6398
7395
8463
6353
7050
409
2255
8544
6065
8054
6163
5615
7643
1045
1822
2263
3786
8782
6016
7255
7895
5763
4979
5467
7706
2264
1755
2444
9406
7987
1887
3979
8569
752
2691
6116
521
2294
8503
929
3598
8306
7097
7655
2231
9381
3291
7156
2073
679
167
4323
7076
2016
3308
4504
5396
178
4924
2756
1602
6946
7768
9777
3604
2394
1262
2565
1156
7925
6586
7110
5560
9130
7552
5599
7633
4598
998
3897
7534
7679
6744
3708
9020
1523
8381
1113
130
2731
3161
1619
3344
2521
6121
188
7637
3753
8542
6258
3642
2742
8933
4739
8177
8909
5074
2079
3148
185
3232
8084
2323
2660
4058
3372
7980
9598
8172
8037
7329
2351
1696
6139
8458
9301
6191
6266
2908
3241
3824
847
6019
3919
9719
6912
7165
9004
5843
2217
9607
8487
2918
7520
6067
422
1708
2333
2325
5690
1861
796
2279
2021
4042
9748
5816
5084
2821
5788
3123
1434
6588
3958
1268
4648
6753
1735
1133
4205
4106
1838
7909
8865
2896
7981
221
8455
1264
8055
7013
8118
3833
3285
7754
8735
1594
1886
8935
3879
8648
3664
1862
3243
3590
4229
8351
4541
7835
4098
6861
586
2190
48
7636
1705
50
5830
1604
5685
9679
5680
8360
2793
5245
8267
2550
6200
3429
285
4899
4064
1916
1013
5002
8998
2151
7702
5707
2621
1419
3075
3305
8265
4204
8166
2673
2860
8091
9757
8815
698
4046
3936
1504
3401
4041
2090
5611
7399
8247
7558
8219
4265
7821
3773
5940
8170
6501
9263
1971
5783
1615
925
4113
3383
3971
3888
5963
2725
6211
2426
6929
4277
120
4369
911
5201
4987
9470
7205
8139
6686
1151
6462
215
7610
5279
641
6293
3223
5060
3405
3550
246
6763
5616
4902
5275
2466
4760
320
3697
8276
2096
3040
6145
2974
1571
1364
180
9771
2741
821
811
4486
5427
2406
9746
443
8981
3648
2291
9380
8102
3973
3515
5964
4882
1521
7356
1010
4364
1297
2321
4684
5692
4223
9157
1226
3670
4453
2991
7232
225
2736
4127
2195
3732
555
423
8556
3854
3575
1109
4296
1636
7112
591
6087
1464
594
9817
3474
4197
1448
6141
9602
1130
272
4849
9884
4084
5786
6157
3226
125
1539
4822
8765
7658
1413
2332
2618
4748
5617
6253
7187
3177
3159
2355
9835
208
2327
909
9296
8858
8003
5580
2663
3891
9007
1017
767
8959
1548
5540
4591
8396
7309
5954
3390
5385
4076
7380
3946
1675
3721
428
460
5985
2515
9694
1732
9800
5678
3890
8571
8927
1178
263
5440
5430
61
7275
7571
8305
8370
1446
8630
9988
2254
7363
1649
723
543
4373
3887
5565
3310
7864
7589
2656
9928
6521
8930
763
4919
6758
8575
1066
9053
2491
9010
4237
718
545
2158
1834
7206
6722
4251
4647
540
1900
2747
8605
4035
2506
8506
3714
4412
4023
9203
1436
479
8866
3883
7497
9219
613
5875
637
9628
5254
4996
9638
1138
8525
2779
2026
5028
7459
392
8187
8075
9468
689
4136
3623
3533
6032
5031
1001
4656
7237
2519
474
7817
5949
993
8321
2463
9698
8639
1525
4139
9331
8604
9846
8616
3266
7283
8108
1064
9747
2971
9578
7954
8402
8584
7429
5534
3814
635
2358
2720
3745
284
5435
9984
2976
4413
128
6208
6740
9027
3097
7466
3068
4510
4840
5388
8978
9971
3066
4812
9365
7253
616
2191
9952
3923
9337
3605
143
6571
7582
9558
1188
4001
8532
6913
3230
863
8324
5072
8298
3658
2066
7383
697
519
5178
7993
5649
5784
7720
8302
7627
565
7713
6785
4212
6254
6657
1371
6876
1581
2837
5092
4749
480
8094
5109
1183
295
8883
6873
3470
2122
2527
6756
792
9836
5772
7222
8012
4021
9127
8114
7840
7775
3453
1833
6709
3591
5581
6628
9417
6542
9493
3081
7963
7891
6023
5005
8222
9673
1320
7387
1667
9281
2569
2664
90
9251
2212
1901
4238
8179
5169
8936
9584
206
9729
4511
5082
7879
9179
6363
3567
1423
4505
7887
8557
614
8465
1390
8896
1599
3684
2845
1040
9145
7894
5602
5365
8346
7913
1092
6056
6355
1758
8837
7100
7675
4186
5719
2045
1795
9159
2270
8213
5630
4792
5252
974
7184
7095
253
8334
969
8454
4331
4566
5785
1734
1087
9765
3543
7292
2785
7830
8806
7910
5308
5718
2773
2249
7945
4091
2324
1194
5777
3961
8671
2607
5869
1497
8520
7515
699
6881
4451
5263
2872
3583
5398
9595
661
2778
4187
2242
4777
9570
371
4901
7565
5669
7150
8111
5708
621
1174
2505
819
2848
3504
1785
6625
5135
5382
3882
8482
9498
7042
9657
1720
3656
8583
7674
5057
8146
9569
3168
5404
3641
1487
6768
7917
1685
5463
3378
2718
3215
978
6367
4661
9475
7102
549
702
4471
9858
379
9840
2152
3822
7332
8063
6182
7313
6169
1703
6276
7122
357
1999
2485
776
5947
6845
5439
4859
8531
7708
5539
9760
3333
9809
9290
7263
4806
4441
5046
1258
9556
3831
9370
2484
9402
71
6907
4759
7287
2786
3577
5418
2427
8071
3083
4452
3277
1198
1474
1890
469
4124
6138
2795
6694
2544
6948
8200
9372
7671
2072
6137
4303
2144
7767
6986
3280
2013
3780
2830
5166
5290
6611
2440
9026
3566
695
3033
9299
3038
2509
8745
7776
6265
9878
296
4516
4433
8929
5912
7062
8694
6558
5551
9994
2156
4715
6822
7067
6719
4390
4966
1881
6662
4095
4681
9034
7327
9051
6906
4609
4972
6028
5913
9670
7325
1445
4556
1082
4740
305
7828
813
2093
7060
2825
3537
3458
5307
8245
8825
310
8229
4049
7236
7001
5910
8375
6122
5722
5736
7133
5838
59
1782
2932
8041
6030
5256
883
9098
6420
2819
4281
7435
3748
1559
7621
5359
3332
7707
1043
5045
7508
8387
6351
7642
4662
6781
9207
6645
2127
5979
9911
380
7207
4121
8829
677
916
6612
1060
7604
6062
3494
5472
9173
8466
2922
4315
3124
1807
1641
2111
6356
8292
4652
788
5007
5301
7059
330
7409
1372
9133
2003
9209
7791
7685
5548
8398
1976
2125
4182
5738
5083
3329
6049
6361
7103
5475
9362
2442
2719
8792
8196
5841
4011
8955
4299
4615
9895
9021
5884
7296
6331
1053
7619
2438
5413
497
3634
4241
2798
9555
1784
4072
7424
5676
9864
5614
2608
2268
1046
2386
4085
5482
9448
6952
9923
1681
5306
2141
4590
1346
6153
4054
1851
8769
4595
8957
8173
8107
3776
6805
567
3092
9411
159
8578
5853
9177
9383
5286
8162
3787
4709
5018
5073
16
8818
5479
3413
3025
419
5656
1125
8514
7307
6771
2041
2984
2992
7994
8429
5461
5510
6179
3964
5793
4478
6516
9874
7374
2140
1022
9050
2382
5195
5671
9442
2698
5432
1123
5399
2025
6422
3672
2777
1728
7398
649
6884
1585
9048
5950
9588
9501
6536
7431
2055
1279
3774
9808
3289
3207
653
7470
3013
7810
3827
4785
6543
5882
9707
9871
4461
6360
5902
8464
1280
3576
2942
9992
3493
8878
7859
1788
2402
5637
8778
9660
4427
4006
1715
8997
7127
7372
388
7496
2389
5544
1665
745
5089
1936
6076
9816
9469
122
6252
5844
737
5735
9109
7028
7194
3933
7411
8706
3671
1520
9444
2636
1085
241
1160
957
4539
7862
8558
8950
2624
9790
9513
8421
3985
1724
4536
6664
3620
8946
6394
1522
4326
615
2400
4801
7269
7578
1614
133
3250
8217
8497
889
2958
9990
6578
5400
7457
4104
7933
1635
7983
9340
5938
5012
9375
6832
4250
3705
6348
3324
7532
5890
8628
232
6291
1508
6094
8268
5282
2730
8708
6847
1380
2129
6851
8410
9685
6626
6860
4200
4908
7984
458
7119
4436
6050
976
927
4671
8433
6579
4890
7186
8409
9054
7918
2596
6489
3150
8131
7040
2352
9029
6202
6495
6514
8349
2271
1687
9198
4666
6447
7331
5141
8969
6298
7513
8092
5266
2931
3998
534
3158
9144
1203
8816
3860
368
5095
2280
7560
923
7041
5144
7211
9526
6601
5179
850
3631
420
5357
8106
924
5431
8197
3571
5970
1275
4292
8168
2317
5826
2648
1824
9306
2328
1243
2610
4619
7098
717
5574
877
9575
8330
2713
6859
2445
7219
5894
2585
960
1273
7607
7800
3089
9926
6632
1023
9712
2560
6164
7337
5958
3100
7841
1124
958
9102
2081
5667
220
7587
4120
4066
4664
9509
9653
5407
9597
3128
3818
8441
252
2986
4184
8879
2827
9485
2929
4852
9701
3396
1564
4694
7239
2906
8230
6732
7869
1985
4350
2616
2457
1056
2312
5846
725
3035
6448
4415
5743
4138
4956
855
6799
4870
4584
485
544
3939
3080
8101
4596
9651
9040
9356
4606
9755
4853
9910
1956
6299
8611
7512
1144
7850
5259
8285
8440
6550
1483
6547
2052
5765
3260
7223
8968
3252
1127
5276
4000
2362
3673
308
4301
5926
5757
3968
2472
4442
4603
7358
6317
8890
1368
9585
5165
3132
6327
8686
4909
5871
5331
4968
8770
8072
5453
1208
4183
4746
402
8647
5231
6636
3492
3760
5214
7686
3578
5323
6234
4346
1958
6392
3029
7882
454
3087
7771
8717
7803
8291
1805
3629
8372
966
1737
3403
416
953
5629
2193
6097
5593
7884
7585
7649
7284
1386
6862
2392
6210
8899
3218
7039
3151
6270
9474
8140
5543
2371
6983
6031
7037
1131
4559
5965
2106
5774
2930
902
3808
4290
949
7064
6086
78
4228
6939
2973
3663
1547
9360
8760
7008
7930
9935
4776
7741
2023
6375
7704
2604
3327
1830
5212
1991
1239
4954
9980
9946
1149
8594
7152
4308
5642
5839
2211
2617
8374
5876
5733
6472
6376
9056
9293
8020
7732
2712
9201
7498
6342
8902
7369
5506
6384
6225
6444
9044
6546
2600
2780
6052
4518
8164
4348
2888
3319
5260
6711
384
6435
1518
9135
8535
2748
4555
9796
3057
2301
4588
3290
3084
5062
4162
7949
1541
5487
2979
1316
7043
4593
273
5354
7450
4947
6998
3898
5815
634
967
1410
9691
8377
7956
4122
1954
9429
2200
6540
6404
4923
7430
3487
3425
2409
1690
2903
7495
7228
7183
7594
4755
595
4860
6201
2008
9890
525
7359
3460
2296
5821
4703
4845
8926
7827
5659
6100
2645
248
3785
882
5804
6674
204
5233
6953
8235
2462
1680
3994
4525
3691
192
708
4522
6676
9032
2120
2772
8147
3331
2635
457
4907
7614
8644
6057
9217
2364
2441
6457
4430
8885
123
5530
2114
3710
7011
7893
6529
4088
6834
2563
4358
4116
1880
6894
9587
6365
4341
3012
9530
7573
5497
9347
5549
6835
7071
8473
9436
556
386
1506
8350
8528
5375
6484
8480
107
5044
6498
240
5090
7272
9802
8608
9611
7644
3957
4318
1639
2024
5925
1698
1469
9761
3981
3246
1919
8413
1771
3418
1037
4631
2344
1267
6892
5609
5988
1129
349
5445
7126
3940
9415
311
3146
376
218
1199
8563
6675
5767
2346
5114
9828
2584
7737
4295
4563
9916
2998
4423
5110
414
8679
8676
9404
2229
9613
1335
5948
8881
2905
6279
3761
6976
3107
8692
8434
5892
3509
8493
542
3647
94
155
1817
258
7324
4771
9392
4406
8459
175
8684
4477
9967
2781
563
4008
3384
5001
6008
4399
6125
8353
1016
7408
8206
4512
9494
5052
7162
5787
5769
5243
2543
1321
9937
1385
3675
3794
4736
3110
4291
4056
3749
9083
4312
4051
5585
150
3718
6562
190
1821
4302
1951
8655
3463
9456
9407
6476
8917
401
6467
4576
5993
3447
1339
4142
6017
6256
4462
7906
1142
9723
3481
4581
1934
3942
1272
7598
8777
3728
9434
2372
5976
3632
6374
999
1620
9739
3253
982
87
8427
4819
1187
7048
5281
8026
6811
5801
281
8218
4885
2186
7976
209
4481
3478
2359
4782
8674
546
4345
3297
3077
4282
5471
6490
5115
1503
8875
3552
8725
2035
806
4135
7479
7485
530
2520
1323
3801
6109
373
8754
5167
1682
6325
3122
1449
5571
8477
4881
9830
42
6335
5513
2053
5425
2746
834
2245
5392
4215
7591
4946
9284
9652
7218
7158
9385
2665
8023
2849
1536
1489
2752
1905
1343
3617
8273
129
2269
5338
2050
1241
502
3976
6493
1537
8443
4371
8642
1058
2287
1299
7941
4514
4414
6160
475
4991
3178
8057
3950
7588
6439
6968
841
7602
3600
5313
5377
7256
2
145
8008
3701
9379
3586
9804
9218
8942
7942
3449
6427
7921
8728
3736
3073
3991
741
674
5036
1015
9579
9183
2708
6720
2498
3156
7804
437
8191
7656
4962
1452
8426
7839
6725
8768
5740
8938
4796
5670
8149
2373
7908
9427
6854
4117
5746
5120
1709
8225
1684
6071
7241
5158
7233
3345
8661
4266
3439
3825
6721
3202
7282
7666
8796
7370
1309
6541
6103
9616
3997
4577
3174
3690
6018
7938
9683
5327
6833
3062
332
6607
4905
9253
9459
4800
9750
7590
5
5274
6042
7077
7224
418
4965
2791
6302
3544
4520
6486
9745
9318
8030
3556
8152
1329
8392
2703
3278
205
58
529
8014
1894
8677
6871
6391
9964
1610
7586
4424
6924
3970
8449
7929
9283
2062
6693
8018
2977
3436
1623
3321
4469
3699
8863
6405
8599
7217
6796
6792
2595
1556
2489
8810
2306
5172
6120
1488
1759
1362
9123
3157
5460
6608
5810
7834
1897
7046
4848
5376
1756
4191
2789
7725
8631
3769
2194
1331
4817
3884
9305
4234
8227
7580
6074
4455
5303
9999
8507
8233
7682
9162
4012
7093
1589
4995
229
3112
8336
1245
9401
255
1425
4210
8552
1567
4351
9339
6280
6766
7985
9244
8963
1285
2528
5717
7096
3896
6287
3841
1437
1712
7940
1597
1290
4401
7837
4856
6480
9772
4048
4622
2579
5339
1384
5663
425
400
2883
3520
872
1769
5651
6241
1501
4270
4528
4153
6011
1110
7168
370
8787
771
7171
489
716
6830
8650
7142
2335
2851
7349
6366
4846
8158
4964
3706
2476
7681
6800
179
5943
5537
7052
7266
9313
605
5271
9070
5381
2816
8830
5162
2891
2556
2022
3052
1091
5606
8049
4300
3635
9631
8048
8742
4492
4611
343
6437
6972
389
7249
2036
9829
574
6429
1293
2002
3654
5878
385
6569
362
7226
4676
8144
5854
7371
5091
4659
9596
8155
5093
6599
1906
3603
5761
364
3434
4061
5956
6959
6613
8983
9277
9656
4980
6407
8985
2968
4934
2153
1816
6108
9289
1885
5834
5704
1077
1463
8736
1779
5862
6171
8494
3639
4921
7082
9163
4621
3523
1943
3856
9961
4092
7231
5519
7362
337
7144
3341
4797
7295
4816
9676
7634
4209
2006
4077
1260
6506
5584
4515
6745
5835
6557
9866
8199
4644
1443
9433
7202
6111
4193
8316
5939
9622
6494
5341
4967
2782
8669
2625
7270
9280
7199
2499
1252
5553
6517
8597
947
8659
2404
2759
2603
4795
4879
5287
1808
996
8368
9405
2881
1439
6246
823
7733
8956
5960
2885
3450
9665
1568
4381
2854
1778
1738
6961
8893
9274
7517
1383
3868
4022
6218
7509
1832
4916
1336
5798
9035
4366
3525
3196
233
4544
6979
8627
6260
6261
6470
7461
7795
5833
1889
171
9458
7823
69
5496
1407
4080
1261
2071
5730
4904
6971
7074
2215
7212
2360
8257
7907
9824
6902
9931
8850
1507
9873
1812
257
4404
8610
5945
734
7108
6194
6133
2657
382
7416
5836
2430
2937
7153
9766
6035
2684
9722
9226
9654
4875
3713
1401
2732
1116
3967
9718
6
7421
3510
1165
6380
8383
3394
1554
2735
3857
9544
4242
1644
2858
3606
1163
1049
3937
9948
277
2525
807
6644
3206
4646
8076
9062
456
2170
4653
7413
1786
2939
5621
3411
5434
9216
4698
7701
7397
9872
7631
5332
3067
4010
5164
4407
8579
2453
7935
4561
4393
2097
1097
472
4109
5922
9743
22
8301
3233
2716
9663
9692
1850
88
64
4523
4175
8999
3034
8029
5575
1981
410
517
8849
6485
5469
8974
4337
2700
4663
4688
8668
2695
1206
9019
8635
7492
3503
7385
7672
8036
4820
8920
1773
5627
6479
4723
8025
5406
8259
8475
6172
3409
5486
584
4851
5898
4643
4429
7134
464
4159
6251
4026
6712
1686
7946
8287
8444
9909
7712
8436
291
4467
772
2557
5016
7813
5326
304
7351
7842
9208
6513
9320
2038
7563
2879
1587
3667
1406
8834
833
4814
9841
5974
9134
2882
8727
3840
1651
825
2876
7319
3342
8312
6678
6220
849
8914
3135
275
2697
7807
5863
1847
2113
2770
82
2433
321
9453
2340
3053
4317
9593
271
5558
1723
1730
7289
1591
4422
6600
9465
3689
5175
4720
2588
1132
6223
7193
7788
2318
7357
1746
5014
7381
3592
6525
5588
9934
681
1348
6836
9991
7809
3221
5298
9483
6209
319
4682
1575
1315
8210
459
1098
5776
9601
8001
313
4558
8022
2241
3593
8511
8385
3162
2686
7020
8625
4203
5851
2766
4263
2154
5586
8303
6113
6690
1717
8485
3170
955
172
8670
9851
6748
764
9913
4306
6868
8352
9114
7247
623
5590
5683
2654
6808
5837
8763
5535
1481
7911
4245
2310
9629
6387
9193
9075
6754
1980
7423
5720
8548
6596
2952
7678
2448
2089
4418
3542
9074
1925
2914
8757
9140
3445
5561
6715
2173
6729
7240
2010
8638
4658
1892
6104
3380
1657
2063
5870
1789
8811
3886
2374
269
6527
1291
1214
4208
3200
372
8135
9725
8134
9778
1229
6982
4983
1524
3471
2004
599
1146
5895
9640
4082
8143
3027
5759
3286
6168
3094
9720
1859
2172
2762
4689
1122
6083
8367
5333
1328
7143
348
8598
3022
4313
1456
6555
1145
7314
593
6060
81
6206
9167
8779
1296
7641
5814
5523
383
306
5645
8945
7764
1855
9690
3582
228
6274
666
3750
5336
6507
8734
9522
5729
5688
1727
3058
6247
6877
1618
6646
7541
5689
1003
3173
3521
9352
8683
9695
5640
8129
5123
1580
4472
1533
9317
6332
671
898
5311
775
8716
4235
5911
954
9286
2160
6503
9734
288
5048
6371
156
4173
5805
3365
2422
781
9000
1875
3201
5094
6727
9086
6370
6354
5887
3049
604
2165
9097
3399
463
8391
6990
1231
2797
7867
4697
2548
1933
1238
387
6509
5146
2967
2198
399
375
9953
7989
3665
626
7420
1195
7022
1295
5742
9343
8027
1210
3688
8243
8988
3047
6945
4569
7454
2633
4669
1430
5984
6923
828
4726
9855
9571
3410
265
1041
761
1512
5852
365
9619
3762
6993
9282
339
6570
4368
9699
5694
4824
8304
3125
2334
1857
5509
5865
3572
541
9024
6454
6930
2083
7579
148
7148
3072
3152
5796
2128
4
3184
72
3472
9457
8431
612
6460
2431
3082
1363
5850
3086
3264
3272
1209
5703
1467
9896
1441
7922
9856
8566
1477
9618
9709
435
6037
8540
2511
6718
7023
7468
3059
9838
9117
2289
4992
5556
2259
3262
603
500
3986
7302
1457
1408
624
812
235
5562
9139
3090
5594
9466
3908
2813
2801
6680
6904
9369
8447
6955
4500
4639
2900
917
7874
3724
4752
843
8632
9985
2044
451
968
3276
2627
1308
5077
8970
6605
9438
9751
6368
7973
44
2832
8002
7765
2227
2517
307
4004
6257
5033
7278
4600
2598
9536
8889
3239
397
8690
9064
2148
1251
1659
2729
4119
6385
6910
2187
6714
5792
5797
2721
5468
8363
5807
8517
8637
713
1787
4494
8282
4774
3551
5491
8856
9553
7209
1621
3768
7770
7166
754
183
9065
5782
7782
7687
6574
853
4989
444
6544
3325
5224
886
7124
9605
8332
4835
946
3116
8373
3454
729
8224
345
7072
7476
4547
994
1470
1491
6635
6249
7826
4952
6776
6866
4711
2755
7007
8820
5086
9603
1314
6112
7160
7002
1519
6655
7928
2260
7235
4037
1421
746
9677
5749
5211
3307
7753
3517
2972
2734
3448
6124
673
4712
8203
7953
1096
5191
654
6021
518
7734
7792
6688
5856
4160
8064
9970
6343
7480
7779
6416
8499
412
8621
473
9963
2221
9865
4356
5218
5328
4099
6434
6212
5623
6595
5758
3139
3322
4612
9500
8338
259
2420
9400
526
6423
7738
4386
1586
1893
2966
703
6013
147
335
6889
6590
7751
4357
6967
8492
29
7234
8310
1376
8397
4714
6410
1845
4614
8331
41
7080
1220
4938
2710
9122
1776
6328
5220
1878
7694
8277
3757
5903
6992
9450
1038
3358
3924
6621
7147
1938
3199
6381
7210
2923
8313
510
9093
3910
9559
45
9192
6303
6603
5668
5552
3778
316
5415
1819
5779
3330
6820
8618
2284
4019
8949
6658
2017
490
3783
7936
6964
3655
4033
701
4550
74
748
4448
7014
440
4216
9505
8759
7898
6710
6842
6063
1228
3811
6446
8720
3350
9136
1136
6311
1352
6584
2256
9261
3117
3136
4978
5612
4220
5818
1021
297
3271
1169
2753
9827
4038
7778
4309
3056
15
9041
7412
5752
8263
9319
2166
3789
8389
5819
3698
6582
6638
5822
2953
1265
9094
7382
4394
9341
6988
9334
3901
3978
9131
5693
5360
4321
7260
7214
9230
25
5477
9389
7259
6682
3982
2474
1140
8163
1358
2376
3028
6556
1645
8500
3245
3558
6769
9543
6567
2523
5061
4798
1307
2601
6411
3512
7069
1054
7326
9332
3839
7550
2397
9768
3421
9423
7611
2320
1825
5701
1360
8205
799
6263
2545
2379
7535
8688
7970
1813
8805
5473
7820
8452
6965
564
848
6770
7757
2638
3093
8986
9641
374
6390
9949
9307
5168
1305
4657
1910
3680
1666
8046
381
8577
6874
5049
8874
937
2935
9879
7176
3830
3281
338
4775
4976
3904
2034
9239
784
3729
869
9210
1538
5604
9101
2378
430
1119
896
9807
1147
62
1168
5106
4804
700
562
2117
7472
2538
9236
20
142
5229
9212
531
8940
317
3306
2391
2571
8721
6128
2828
439
3538
9977
9507
2875
6271
2561
3916
4143
351
8826
6463
9774
4097
8127
6461
1792
7664
878
1426
1418
3519
8541
7025
7647
3292
4053
1762
1661
8724
7118
6669
8341
5631
2531
4320
153
1640
3314
36
1137
1609
6735
7676
9822
4725
940
8746
8290
2230
182
1175
690
6487
6038
7088
8159
2292
4745
8045
9291
8752
8079
9072
8925
8654
7899
4141
4570
3154
583
1233
2199
6268
2361
8125
3903
1223
818
6539
1103
3645
8034
9853
3534
5713
9818
5566
303
8468
1710
4994
9461
5140
1288
91
4491
3391
3229
4876
5065
7141
4986
3098
8895
1989
640
4719
1276
286
1839
9119
8078
4727
895
4170
8923
7190
7109
1516
7717
4729
5859
6170
6045
9262
8562
933
750
5682
8846
986
5068
4075
602
3651
4264
8501
8559
990
9907
6373
3127
709
9120
5952
3863
1236
1006
7111
7462
2458
3625
1706
2043
3565
8214
4640
8931
8186
7501
8750
9531
8848
4693
6026
2354
1917
3945
2962
4623
3349
2853
4754
9158
7950
1744
787
8664
9202
6794
9265
7870
6451
1396
7847
655
9891
8446
5426
7570
9875
2167
9996
4070
2651
8827
3911
7693
7439
3952
