9314
4969
7428
2195
190
5989
6116
215
644
3366
4287
348
4779
8490
1732
6739
1055
2956
2186
3614
4118
4377
8800
1077
8733
98
8196
588
5491
3950
4502
4806
8920
1931
7001
9110
7920
3117
9326
8565
6483
3613
8913
1263
2104
645
8003
3159
3602
190
6774
7720
4567
5574
8798
3301
5673
6994
3890
1164
945
8393
5970
9865
324
2972
8976
8244
6089
8302
6810
2573
1916
5723
3837
4021
6368
1840
7180
9970
2030
3955
7691
6598
9530
6489
9900
5203
3484
3791
6367
4429
2184
2338
4295
2508
5311
3271
753
1400
1574
7563
3974
3490
3286
7811
7512
9655
9651
4692
9626
1682
8648
7317
8280
8178
3806
8181
3381
7290
1972
9749
1720
4156
2088
6015
6664
7399
9287
7418
8800
862
4981
2774
4353
8268
585
1865
7923
237
6558
7549
1919
5206
4866
200
3384
8673
8381
6765
5963
354
6515
7684
4510
8603
3700
1175
6002
2987
8593
4802
3850
3575
7577
8203
1843
8162
68
9766
8400
6626
7316
319
1832
2182
520
5216
856
8902
1982
6820
9256
8497
4504
3766
7101
8204
4942
3104
1192
3536
7906
5042
7111
5483
3245
8954
3646
3314
8720
2046
9941
6036
2366
1773
8219
2887
6990
9075
1789
8973
5896
1046
7471
400
4813
4572
8604
9755
7676
9797
3291
5583
4839
403
1067
8085
9357
4714
1400
8078
6761
1341
4115
9128
3115
2335
2015
106
1411
3805
9080
7307
4852
6551
7707
9665
1124
6312
9421
8801
6109
2713
4385
949
3116
5452
9035
2473
167
436
552
6928
1778
4667
6056
4893
7002
8072
5000
8413
1878
4080
5720
6730
632
3428
6396
1757
9740
5818
558
5850
8531
4944
6800
1647
397
5835
4121
564
6272
4674
7493
8050
9341
3550
2943
6344
1622
7944
4757
3501
2024
478
232
2657
3906
6629
4414
3647
2447
4972
9497
978
9916
6297
2626
313
2133
6748
878
8405
1422
8371
6455
764
1921
9399
7108
3544
7343
1865
7045
9368
2344
7278
2025
6250
3907
6439
9897
6354
1412
9395
7333
1329
5693
9960
1643
7827
6708
2521
6233
8131
892
2689
8895
2813
2088
6003
6357
9432
7869
3403
8801
213
681
827
6463
4589
7267
6361
943
8679
5757
8277
9
1451
8237
1652
9278
4946
4173
5511
3077
5065
8200
1973
7879
289
7976
4236
9722
5845
7640
8524
6058
8321
9351
2522
2910
6618
8884
3854
5298
4642
2132
5307
6093
369
6959
5371
5316
1132
883
8394
6198
9083
367
4077
9373
8343
8314
9096
4189
5954
7620
248
4276
6971
2771
7186
3590
1655
1041
8889
6298
3173
4196
2391
3543
1156
7763
8860
2289
8646
7254
8487
7730
7621
2565
7103
5965
879
6199
154
6833
3819
402
1109
791
3173
8296
4382
4829
9338
3271
1127
2511
7468
3519
6055
8624
1282
4915
913
9928
2169
9401
7658
9791
1966
4762
5756
2845
962
5910
9679
4782
6313
789
5574
9487
9085
9956
4317
8423
3228
5445
935
696
8964
6991
9321
246
1906
234
175
4076
9636
7834
3867
1602
2597
9623
4448
3559
5534
4128
8341
1848
4917
3916
1336
4003
3872
5653
2427
7100
1099
3362
7797
63
354
7118
310
2260
7352
486
6337
6989
8320
205
8591
918
9828
3040
4477
5363
7168
2819
7212
2085
6735
8548
6088
608
4201
8515
7708
5301
1878
5506
5364
2232
2624
5675
4493
9977
6161
831
6966
4482
1036
5558
5400
865
8598
9878
6229
5767
2698
3441
7852
9433
1989
3941
42
6191
2457
7751
1492
4336
3257
6857
6569
5881
2532
1063
5858
8694
1894
2824
3176
2931
8383
8577
3796
6981
8456
25
2748
1154
3466
601
588
5456
4543
630
1648
7001
8381
3140
1338
1638
9997
7908
7520
2530
8971
3378
1224
866
6203
4401
3797
4586
2979
7594
1568
1435
7619
4317
2589
1086
4919
3178
6543
9462
3808
8191
6464
2190
1332
7802
3828
1329
5710
1349
3860
4682
4728
5085
5548
931
9486
9346
5518
2466
6940
7087
3901
4560
1404
6491
5647
6324
9669
2191
5786
3478
382
2251
5668
1714
54
9497
3044
5765
846
6905
447
5575
1990
5996
6507
1477
5343
2025
3943
2284
9113
7845
6845
518
4337
2493
6842
4006
4684
2629
7485
5066
4880
3153
6781
4934
2651
9826
700
3498
6731
1148
9073
8722
7144
5580
199
2488
7605
4142
4772
6719
1988
1617
7237
6325
4110
4079
332
8795
6708
7817
3862
1589
971
643
6523
3622
470
7224
7120
7202
8372
6193
5924
5516
1773
6123
8005
9379
266
2777
6098
2254
4395
3336
8579
8506
7415
8911
7301
4124
6729
1164
5713
7700
1808
2237
1322
2278
9461
8442
9480
7833
4636
5404
3350
6410
1528
1356
5789
1794
4133
1888
4049
8529
5225
2629
7036
2641
1541
4338
6765
8270
5502
2479
5970
7310
4716
7292
9588
4178
5735
9069
2012
372
4474
5363
6782
6002
6719
2572
7797
853
4461
1847
9382
9686
4476
6419
2327
6017
757
9092
4287
6259
1572
258
3569
6289
7550
3158
467
3286
2228
2480
3659
6703
7843
441
2706
4562
3013
503
5415
7475
2351
4798
7161
6827
1217
9488
2845
1974
8581
7133
8234
153
7391
1804
6442
4942
4963
6910
8228
7191
9390
1887
3894
7233
2329
6600
1795
5343
7104
7211
2818
9456
2009
9979
6283
3227
9468
9129
5202
8049
6262
3436
8203
3653
5241
4645
8595
204
1556
6824
7396
946
8712
1291
8179
1041
7892
9975
6385
4997
7187
9203
4453
9197
9183
737
2424
8651
9866
7627
6701
6128
1064
4904
9781
6305
9550
8376
6510
1106
5200
3907
2053
3912
5198
232
4954
3091
208
1339
8088
7395
543
2541
6592
9726
3278
9017
8378
3144
6644
5080
9273
7709
9985
9054
4014
9535
7431
525
642
2631
4432
2695
6544
9631
2928
1498
2722
3136
2838
810
532
3381
3352
7125
3108
6631
6143
1487
9775
2788
6567
9048
497
6552
8103
4512
6088
5534
5037
6731
8166
9469
9426
4710
9100
2354
6209
1822
5491
9047
2633
6024
2429
5985
3149
5538
2616
9292
7025
2392
2080
3593
1441
2578
146
9545
7090
6235
5079
2127
2966
3246
1597
2393
7956
697
4748
4166
2520
239
3214
5154
6263
5643
1139
9413
1182
3756
8705
8208
6149
786
1801
7591
3364
1948
7137
454
8183
2216
2582
1150
5463
4179
3543
3419
4877
8291
7586
7397
8531
800
2551
4794
6444
3691
4208
7626
7448
2913
5834
3598
3700
7636
1190
7065
9584
8327
7520
7768
544
102
8919
6007
4282
2462
9427
9159
754
7013
6556
9285
7813
9108
4080
4258
2799
8288
1885
248
1202
7719
3846
4903
5356
5036
1968
4941
3363
9488
2709
3907
9591
1628
9915
3873
4091
9342
3032
4845
6355
9589
4131
4169
8697
8211
8427
1497
6500
312
1746
7702
8032
5592
2605
3388
629
4574
8329
3993
4063
1039
7901
3654
2668
7816
7528
6759
7158
561
1605
3514
150
5736
7683
8848
3948
6111
345
448
6424
2092
8151
4456
7685
757
7845
8314
5331
6175
2308
9394
7214
210
3049
9883
8026
578
6643
5185
1139
8248
8700
1290
3985
6384
138
7934
2495
484
8383
8919
2576
6534
3376
261
7291
1222
8576
2623
7397
884
2018
4612
1095
5067
4495
9122
5646
1138
4307
6785
9387
3008
8075
3373
9392
8214
1307
1887
8698
9690
807
1275
6225
4184
1537
3517
5406
113
6140
2804
998
8158
7416
2093
3226
1912
1215
8872
3051
5523
5658
2438
8531
3734
5811
7924
1948
7119
9812
647
6810
619
1923
3036
4804
3460
6553
211
3574
2694
3016
4572
852
433
6666
4079
2345
7881
2951
5396
3405
8610
7835
1937
2344
3647
9861
4293
767
9673
4940
7577
293
6863
614
5098
324
7167
5309
3898
9862
8325
8471
714
8758
5137
4793
1104
3019
7745
6501
6424
6355
4336
8362
8700
7984
8223
2993
8751
7897
7933
6329
8190
4797
6943
3288
5122
4111
8598
9020
3973
6923
7492
4688
5682
2629
9482
6787
5649
7227
3288
2074
3583
7625
436
2283
5609
8659
5277
4361
6556
3211
690
4747
8009
7633
8035
3131
1745
6633
2152
5718
3557
9644
406
9240
2273
9889
6027
7922
7117
9316
9997
701
6942
433
2985
2552
9093
8262
6913
5649
1473
7603
397
9482
5237
8432
2613
6982
5066
4765
2701
8624
4410
3108
7864
6684
2997
3892
4607
114
3209
4604
815
152
5037
3800
2704
4130
2062
9617
9780
3536
7220
177
3018
2458
8610
5632
9440
3677
398
2142
2301
4808
5250
166
1492
8247
4059
6099
8362
7268
704
9178
7420
5741
2979
124
9871
5042
9742
9652
8578
6963
9830
1597
9421
8440
7229
8862
2118
7628
1004
4419
2436
6255
4586
3929
4503
8645
29
2865
5913
733
2044
3334
6475
5023
3459
6347
65
3202
5999
8644
165
5829
241
9587
4270
7471
8449
6388
5099
9454
808
7536
5709
5394
1465
213
4040
1495
3078
9954
2228
5123
3288
8703
146
6748
5050
212
9950
1050
8856
116
6880
9097
9703
1150
6568
8153
7539
1667
7607
8348
9203
3317
3743
669
3530
7783
2164
6609
7737
4393
1733
1026
3097
1879
7774
8148
2092
7725
9198
948
7841
6079
46
7545
7229
6615
5698
4769
8283
3306
3117
7487
6623
6860
8156
154
4644
321
6764
2381
4715
8497
3408
7813
377
1182
5961
2469
8908
5160
3418
6750
1239
3465
4295
8469
80
9993
3238
8364
3299
6356
5851
9923
3217
4008
78
7861
4330
6843
242
9045
5340
3650
6858
5718
4833
2820
8188
3742
7980
1607
492
9220
5072
4787
7689
5153
4781
927
3517
8081
7284
9369
8004
501
3377
8083
8362
7707
4926
8605
6753
267
2256
3612
5986
7089
6432
4174
832
4413
5781
1324
3633
854
6112
1323
6008
893
2251
9525
8974
9535
8894
6979
36
2272
5063
8398
9980
9989
7003
6733
257
9259
346
6243
6349
6779
418
7181
1192
6199
8506
4826
7054
4618
6149
3062
5512
8400
2588
4487
7935
1482
1467
7972
3755
6530
6371
3735
6520
3374
468
6778
2634
815
3021
8984
7594
3439
6166
8786
9639
4673
3613
6694
9291
9762
9757
4804
8163
2345
9291
6099
3828
759
4071
7583
7290
442
1318
3810
3817
1787
588
6452
2602
3610
5437
196
7050
1604
8983
6690
6277
2596
3384
5569
2359
3141
373
523
5486
9665
6623
9315
424
694
6898
7714
1137
8217
1525
4955
4
2114
1408
2607
5725
6846
2804
2775
8450
1788
9465
4728
4385
2850
297
6745
5991
671
7268
1478
337
3891
793
761
4586
7692
8476
5724
5909
2
680
5914
2117
2088
8521
7842
8935
1326
617
7386
3114
83
2114
7499
2934
2412
4244
8925
3083
1513
404
3420
5404
1198
4182
9991
8890
2659
5715
4799
2661
6396
713
4778
8485
9235
2621
7420
561
3239
4806
3675
3323
6921
1174
6257
9333
5419
5182
2416
6932
5587
5836
2336
6785
19
2328
5675
2678
8044
474
5340
4440
1188
119
2925
423
2740
345
984
5979
5152
4659
9302
2073
5834
5559
1406
1253
742
3823
8185
6329
9660
522
3115
9679
2850
8790
2358
895
9265
7698
5335
454
7817
8260
877
557
8606
1861
6537
3758
6521
5840
5832
2355
1400
7238
3609
2142
1062
1795
8472
722
2317
1588
401
5168
378
2759
6063
9644
458
1399
98
8275
9659
975
8833
8265
2837
5371
2024
9359
1211
7856
1714
2611
5095
5324
4754
6157
7119
3227
6879
9437
4815
7281
4606
5194
41
670
4838
499
2069
4937
8775
1728
5913
7609
9994
8751
2980
2019
8110
4191
9875
9825
6803
4971
5149
1557
1128
2268
4784
8008
1706
9599
5290
6312
4793
5332
6983
9632
5832
9052
4569
4608
781
482
2217
776
9233
5197
2795
7344
9389
2671
7169
6192
7642
2318
7749
8771
4587
2533
6780
6293
2133
2071
2606
6926
7403
9589
6559
3236
8642
1128
7844
9423
1611
61
199
845
5258
2995
8189
4647
5666
5358
840
3308
7677
8589
2080
2264
1123
8860
8558
3256
931
1164
183
8335
754
6743
1571
9396
7871
9415
8820
9483
9476
9020
328
4735
2015
8517
9383
7682
3876
223
991
1553
8812
3071
3817
9936
1932
2376
3193
2863
3541
3377
1199
4295
120
2770
3692
7992
2185
2513
7475
1662
1533
7803
6397
3549
6321
5780
1231
198
6004
2222
1751
4817
5294
5569
4753
7226
7946
7946
90
1487
1324
1289
5783
1444
4059
9476
9436
6245
1989
6911
7907
3523
4715
4305
7073
1037
86
8304
1235
6090
527
2987
907
5821
8557
5660
3048
6503
3607
3138
7990
4931
4427
3774
6375
8487
3250
5812
4732
5239
2724
2639
8763
7439
6945
5836
8477
7031
4141
9712
3121
4668
2700
4028
490
1257
9689
3539
7761
3297
6677
5751
8228
1105
9525
4604
9592
2776
417
4325
8016
3141
6965
6779
581
3910
2615
9058
941
6757
8771
4063
1425
1471
8092
1916
2729
7781
5455
490
1078
2133
6241
9307
3238
5767
3912
2831
8544
4329
7157
6560
7471
4122
3339
8052
8032
5955
7110
8974
2712
5881
3037
4138
7352
1129
6055
81
8910
1510
571
9989
3644
6813
9297
6883
2581
3210
9715
1125
7540
6872
7685
5011
994
1025
3063
9026
6981
173
8001
9693
6055
1038
3832
3408
2167
9887
3490
1078
1398
4062
1068
5042
876
366
1926
3457
3576
1641
4583
1116
8513
2269
6127
9508
3295
9191
8535
276
9365
6536
9970
5420
7574
3802
8829
9742
3690
2319
820
5088
6381
1889
131
7257
2255
2058
715
5831
3699
5298
6948
2213
7568
3076
1721
863
2268
256
1139
1633
6792
1110
7054
4366
4912
5883
4108
8602
8202
4929
3691
4584
6818
3823
1841
9073
5881
2557
4905
9580
7856
1854
1793
5424
4931
3515
6288
7199
3771
7428
8833
563
8538
5887
4930
3450
1770
9039
2053
9973
3969
5744
4557
787
9567
6399
9861
5448
8956
4767
5029
6813
6622
6823
2237
1553
338
8525
8752
4109
5953
7586
4673
4491
3473
9604
7942
5244
8643
9995
5217
2613
5740
9775
3401
5308
6175
3262
757
5132
8030
5786
1945
4652
2609
4182
6206
2947
2708
4959
7057
8662
2545
1730
3154
6018
1334
1097
1262
9978
1092
6480
2592
6833
6256
5993
2141
2431
9256
2899
7564
7286
8685
9509
1939
1295
3692
8145
4242
6400
3104
1300
5063
5649
3030
8217
1667
4365
9314
2930
4344
407
9411
6936
7241
5667
2930
9383
8099
2186
2282
5663
9472
967
5172
1411
2262
8865
9556
6505
5265
2661
7805
328
8310
836
8546
9978
5202
7861
2909
9547
8269
2320
6484
5510
7988
9414
4893
6088
1600
7175
1752
1072
8143
6925
2484
406
5790
2041
6912
1055
4702
4718
1384
3012
5555
9931
2991
757
7792
5900
305
6061
8221
6789
1572
6209
6203
6465
2298
7803
3641
4050
8876
1785
975
1361
2191
6765
3402
9104
7820
8104
3822
9205
1117
9377
9136
4108
135
6929
9
440
2990
8230
7229
4563
4439
3433
1028
6737
1237
4670
788
113
6455
1763
1475
8647
8528
4877
7751
6349
2982
1574
5554
4099
951
4691
8208
1086
1620
8217
1527
4611
6447
8757
9174
887
2190
203
7625
3428
4874
8413
3542
1330
176
5017
9977
8704
9894
7729
5053
2876
9303
608
6976
255
5300
5184
1342
6920
3401
2870
1532
9849
1627
707
736
3818
911
8361
7246
5785
6775
788
7115
6951
5805
7093
5656
5699
4822
710
8576
4126
1318
5552
4382
6619
737
5724
3540
4138
8594
5072
3988
222
5780
4724
4040
6691
3086
1286
2476
9861
2074
9592
6812
7880
6685
2469
3580
1507
3179
2156
5634
4498
7709
16
1117
8446
5741
4657
2585
4336
9729
6573
4558
5510
1298
8598
2201
4384
9885
4678
4246
1960
4270
1059
9840
955
3528
3420
2463
6707
5577
8097
1205
3287
8114
2322
1734
3856
6979
4319
8192
6709
893
2751
2219
2191
1349
4421
6576
1235
9099
823
3195
3369
1882
3036
4324
5411
6456
6788
2118
2034
4886
3324
5321
3000
5647
7055
6857
2627
1375
5049
9336
2269
7800
1556
4461
9150
5977
1037
385
5076
1861
3581
8445
3743
6617
2770
9155
3074
9558
1273
5108
4445
4598
430
7445
245
7486
4302
2872
8861
9352
2209
1130
7153
3765
5592
6303
9742
6629
6689
4819
8491
271
3265
2235
6888
6035
1390
9962
5594
2663
5071
39
7262
5502
7485
7507
2988
1788
380
1850
1140
2589
2981
8294
6354
8573
4597
6096
5203
1287
916
3694
1558
4181
5929
8447
216
7320
8410
5811
9983
3481
5851
7246
8984
3337
4753
1972
5125
5133
3823
6266
7723
6804
4560
4077
5378
9158
174
581
445
1090
4276
2004
5271
206
451
5488
7526
8861
1300
7510
2343
7151
4756
1328
488
9510
3300
5614
4644
7124
1881
2367
3928
6441
6445
9307
5600
6619
9889
6045
7710
4165
8050
2982
4372
8502
8470
1899
7364
9770
9410
9708
6922
4167
1036
7411
3677
4336
3026
8322
1460
4907
690
5389
1348
7135
4697
6949
3755
4586
2995
1466
8752
1045
4448
3124
9547
2918
5024
6911
2689
4434
6620
9612
8601
7656
7023
2279
1992
49
601
3453
4956
1292
8843
6305
8428
3540
3254
2183
8126
6250
3650
6879
7295
8098
3
6843
1017
5028
3755
3707
9462
375
3319
8064
8031
343
343
24
392
945
3478
5349
2237
2321
1655
666
5862
4910
2850
3989
1160
6500
868
8456
4598
872
5299
5616
5900
9054
9323
5363
9430
2642
3427
7461
2986
3771
7485
3378
4716
964
8728
6954
3285
384
7620
9148
5294
470
3137
6455
6971
4006
4911
1569
4879
210
7186
779
9265
6509
6143
8695
9152
9570
6157
2138
3342
3643
5517
8058
4607
4246
5013
7893
4630
2634
7041
9925
3105
179
6380
76
4185
1291
1646
9065
1502
8832
9844
768
5342
5988
9463
4495
5559
5621
6634
8901
9264
2152
6960
3871
6398
1973
1764
1029
4607
8806
954
7713
8985
7334
7789
3171
8626
9436
2236
128
8268
2081
896
3611
8069
360
8106
3629
5981
4741
2530
5246
6893
9490
9117
3292
1464
882
4321
6072
9688
5275
3785
8673
2610
1574
1845
1236
1011
4081
1365
9279
6163
2262
2891
4232
2623
998
7861
8605
5739
392
3851
2633
9882
2968
5925
1346
3850
246
7418
3538
5522
1203
2212
8132
2778
4057
9369
3789
8139
735
3069
4302
2997
5961
8534
5620
6959
6396
4225
2699
6789
8077
5332
6671
1045
1257
8018
4896
1504
5437
8435
7027
6641
647
5160
9420
4705
4530
3209
2844
5265
6279
7146
8263
2240
5681
3883
9200
2078
8109
1899
8867
6187
7231
5538
7232
8489
3557
2129
9994
8994
564
7022
5635
1212
2182
5055
5917
6712
8265
8761
1978
4545
5908
241
6786
1589
4125
5986
3667
2235
7885
2534
8422
5117
8073
5654
3606
1630
7784
3601
625
8348
623
6260
9560
2806
1316
5478
9518
9581
4240
1496
4126
148
1738
912
1738
5863
6899
5405
8098
4784
7940
6520
9901
6014
2175
3508
7644
9959
7110
8270
8307
7733
4530
7868
539
5847
3347
58
5428
7587
1555
9555
7735
3293
468
9473
9156
7367
4879
7254
2152
2820
3775
2054
8834
5950
5563
6479
5909
2673
4749
4216
407
9280
2085
946
5127
5432
1005
555
3020
2560
111
755
5854
579
229
5011
7946
5109
2265
98
7929
6040
2153
6763
1990
7716
3242
7900
389
7991
2116
796
7271
4202
1743
2398
9635
2748
2954
2655
5309
3065
3411
1163
3645
3640
6174
1592
8750
8440
1691
6679
4481
3844
3443
6472
1560
6685
4372
1949
4677
6489
2746
1949
691
4489
4348
326
7238
7303
2982
2547
368
6393
3711
4014
33
9886
5606
8784
8327
7297
5463
2808
1141
8906
9281
2701
5592
3653
4651
269
143
7397
2219
835
1887
6567
1162
9125
3870
4144
1672
4239
537
5384
8253
571
5270
3860
9355
3597
1157
4819
6406
2299
3725
5687
5001
9318
9341
9652
9587
9485
7050
1806
320
8937
8374
1482
8062
2244
5626
9735
6483
6163
5119
4737
6734
390
8597
6090
3988
9755
909
394
2054
4635
6082
7055
3953
5424
6708
3541
4909
3759
5347
5230
2696
3721
6712
759
5966
2338
494
2450
8502
5614
7187
5237
6004
5785
1327
9992
5540
2237
387
7594
6872
6470
4650
825
1895
1358
4366
6805
5117
9714
2035
7814
3436
8747
8573
9403
1086
9068
1853
9588
4682
9041
4826
687
4826
6153
679
366
8391
1067
7961
5263
7538
2611
6089
9433
3970
456
6238
9087
170
8273
6902
3607
7021
5475
3010
8107
4543
4864
7696
9226
3905
2522
9913
8731
8676
593
9098
7067
1660
7059
2331
9199
9671
8421
8632
3641
8877
4871
2729
9048
3145
9631
2656
166
5106
5666
8274
9650
530
5970
8876
4435
8493
8789
3167
7170
9383
2265
4237
1043
9325
6569
243
8997
4990
8875
2638
3868
3747
5367
2916
6892
4999
5572
7059
106
1239
5334
9756
1769
1305
8633
6205
9798
7423
9373
6968
6806
1639
1206
7850
964
7775
8093
9961
2766
6969
2600
6634
716
7968
9550
7609
2967
5123
4668
3073
6362
3
2829
8132
1308
1463
4338
1106
8886
3711
8075
5693
5350
9281
3543
6315
7057
1637
6277
9824
8606
8877
6458
9322
6845
6009
6932
9812
1132
1601
2886
7495
1604
5716
5627
2912
7179
9965
4019
6066
3677
2095
1759
9027
1377
5302
5342
8434
6940
1619
8259
5546
497
4717
4869
7342
727
1801
7155
1859
3403
41
9355
5007
5757
4983
7920
2937
4949
1939
9003
8626
4035
762
7653
5412
6065
2996
3847
3005
4615
2106
8551
5112
6823
3421
2455
7550
5223
9611
9410
8626
9652
8766
3633
5410
3749
1553
8347
8698
3493
7351
7324
7528
8113
4978
2941
4178
7974
6788
7184
2590
8894
5736
7703
5718
9157
158
3269
4380
9769
2679
3006
9422
1446
6640
4833
5195
8194
3181
3894
1688
532
1219
9217
8646
6197
2158
2825
4172
8946
9
6762
7840
5745
4465
3558
4903
4624
6827
9283
4393
9507
2290
3816
953
8930
8650
6149
7124
1831
43
8813
2364
1262
8030
1010
7460
188
3835
1632
9134
3845
8395
6975
9591
2860
534
4494
7484
7361
3778
1878
6869
6068
5695
7823
4999
4345
3973
2124
6176
4016
937
8541
5279
8967
9551
2740
9155
3387
4372
8290
7233
2767
5265
6824
5628
5799
1319
3113
3161
5097
4991
31
1165
686
7854
6164
5032
1827
8289
1208
5844
9226
9750
1124
8193
9302
3864
7349
2690
8237
5639
9923
1005
905
6748
6633
6704
8067
9746
9865
3164
4738
9896
4330
5424
7751
495
456
9578
8784
1665
5423
8010
1415
6547
6204
718
411
3553
3408
8648
9193
3332
9653
98
80
6287
6803
8147
6033
6668
1312
772
6565
5643
6196
4317
6139
6653
3896
4923
8319
9319
2934
9735
5866
9139
453
6278
2693
3861
4927
1886
7193
4581
1985
7274
868
8788
5422
6902
5457
6735
7674
2023
2378
3871
6340
8517
525
236
3441
8844
9556
6376
8579
5423
5516
9032
1701
8209
2894
6629
96
88
1210
2082
7362
2079
870
2785
8982
6328
9520
6657
8351
1898
528
4692
416
1053
4929
3858
9898
4485
235
8477
9908
5751
7510
1610
3961
405
8240
4057
494
9450
6139
7857
1530
7010
642
512
3338
162
7169
1689
2061
7698
6381
2478
8752
1310
6336
8650
5796
6571
7128
5705
2323
4639
7316
6284
5045
5556
342
5539
5006
6481
3396
6537
3492
4038
7049
6830
4201
4219
8520
6262
1918
4902
8740
670
6213
5077
9321
2009
1649
6450
7714
3972
1090
5030
256
6135
587
599
1675
5594
7081
5071
2131
573
9110
9181
7403
3311
3400
5924
9573
5318
826
8314
5989
7039
3391
5311
9048
5040
1762
6763
9012
2852
1794
9269
8988
2381
9868
663
7976
6950
5735
107
7523
4845
9288
4927
8156
2689
851
7730
8007
1677
6044
3997
8716
9436
9308
7765
4476
1071
4529
3489
3923
6324
2759
2912
8705
2628
3575
6681
9578
9310
6789
7101
4155
6077
2028
2312
8766
2880
43
6774
4557
6088
771
3274
5524
80
1040
1
1152
5569
3490
5075
1893
6249
7988
599
8877
1563
7281
8456
874
4070
5557
5030
148
7586
7343
8914
466
7386
5689
5024
3475
6461
8298
8999
6542
9339
9001
7694
4908
2491
2770
6802
8741
758
7402
7619
2322
4683
6075
3196
8754
1633
8226
8902
9219
5569
7817
9686
2956
3506
4710
6431
9968
3009
5431
6510
2348
4432
4204
7257
6923
6975
4060
5665
7733
1462
3284
55
6146
9360
3251
4900
993
1478
3803
213
7048
1620
9899
4
5127
4610
6435
5096
7619
1866
1606
9968
6298
5811
7226
3222
2786
1286
8887
519
2749
2172
575
8895
1532
3827
3796
2526
5305
7599
2739
2353
9220
2638
2357
4348
7249
8793
9444
4869
660
1051
4838
6959
6862
2064
182
9649
3351
9070
169
6101
1242
744
4997
2775
4571
8793
5301
9877
6393
8040
2230
5614
679
4588
9963
7928
3382
9408
2798
4042
459
7636
1001
7322
9700
1183
6971
3052
254
7140
9153
1496
7885
4150
4271
2456
2944
9573
2333
9338
7613
4564
4952
8293
9152
4915
6222
2535
4323
9020
6577
4783
6656
7579
2106
6357
8763
9077
9410
9017
6218
8564
514
4103
2715
4786
6560
5659
4359
8893
4997
1973
3458
9950
266
2611
4866
6489
5146
9190
5509
1723
3973
2166
9303
6079
8524
8066
5157
7934
7084
1375
6498
7598
5479
9213
2384
2039
4873
6743
933
9871
8716
4391
9821
8983
7002
4688
5472
2148
3878
982
3872
7851
3148
3176
3931
1672
1242
9089
9606
8327
464
6105
5925
5944
5318
8309
7983
191
5053
8917
62
3770
3308
9884
2753
311
4572
8226
2460
8450
9208
6333
6302
2356
9509
234
4029
752
9323
3635
9079
9788
9741
5004
5732
5059
3314
3716
5251
8367
2634
5314
2137
5942
5199
4891
6254
9771
3117
8714
8222
2325
5047
4525
4682
4556
4759
8711
5308
4083
2347
4388
3871
2088
9392
9604
7148
2707
3321
2399
1075
5955
7714
3213
1898
2913
8104
8152
2685
1222
6866
907
3548
1914
5432
8230
6471
192
6942
1780
4275
9290
6168
8147
1379
5561
7751
8527
8268
1073
927
9343
7028
8642
2556
8926
1555
661
7079
4240
1883
3946
5148
5431
5860
581
3662
2331
773
605
4112
5049
9895
280
3196
1274
5842
948
9802
4110
2021
730
3454
9049
9372
6011
7976
927
6672
5055
5168
8556
9001
316
3988
4862
897
7651
7194
1671
8256
1306
6720
8152
1587
9917
9427
7429
866
9230
1540
2887
9960
4995
1937
9332
1006
9914
260
7679
4970
5429
6236
3971
5745
225
8834
6643
7876
6028
8315
6133
7335
5036
4285
8922
4953
3713
6352
5819
2943
7892
8707
2903
2887
645
2236
3894
559
2497
1574
5530
7926
7810
9501
3672
8035
8336
316
5911
4364
8631
2045
1699
3667
6330
622
8620
44
6974
4440
2987
4867
3148
5891
7754
3794
8128
1649
4354
626
3223
9884
8552
1033
9386
2225
9069
7722
2541
4980
2086
1172
7025
3786
4839
3356
4408
3460
3401
1383
7900
6388
6250
1049
2280
4005
4843
409
5654
9197
1035
8878
9081
9587
9911
8468
1813
8980
6190
4354
3961
8276
5526
987
2063
365
4344
6472
3825
7745
7855
1726
4134
4106
2776
6415
8111
7619
6824
3766
6817
7859
2644
5899
7447
2556
4367
9260
1537
557
3614
5499
8834
9141
6487
897
9506
832
7369
3332
8577
5225
5059
2712
9331
7835
9127
7443
5455
5951
1210
2272
3810
3855
8172
1258
6412
2539
518
7950
3097
4132
3449
1931
3273
9937
2829
2780
769
199
6113
9347
5424
1172
2059
4756
9008
1186
2200
4463
7137
3411
6736
948
7266
4909
2206
3678
7448
2725
1628
546
6858
5078
2477
132
5015
5307
2912
5785
5506
9026
5132
931
199
7191
5688
9207
8378
7888
3671
5516
1299
408
6464
8566
5317
8671
2245
2766
1396
3873
3312
8254
8952
5790
8387
3968
1097
1299
9753
6604
326
4885
7535
525
2077
3223
9733
455
1112
3404
5971
2412
3813
2436
979
9131
1108
3224
1897
2505
7098
5210
760
6050
1000
9147
19
2098
447
9772
8702
773
4658
6237
1299
6736
9461
1032
7192
574
4437
3164
2986
8250
5600
3965
7381
6709
7190
9279
9214
4288
4489
9974
338
5490
9121
358
7588
9569
130
6290
342
4789
2528
1641
1525
1989
2673
8717
2563
7111
1881
5550
5361
7482
9516
2743
4192
6706
2022
3406
994
6512
3381
1333
2002
2503
1691
9591
2072
1822
5882
2414
6611
8410
4056
8137
400
6730
6855
2964
3841
8737
8514
9203
6220
8031
1946
412
4737
3969
3818
5732
482
7199
7066
2485
9702
8758
2076
1775
581
7958
4189
7193
6368
8246
5330
6768
4976
2186
9733
8817
923
8247
8020
7143
6279
9967
7556
1016
3937
1374
6749
4419
8574
3816
6904
8277
2574
8981
52
3155
6939
4242
348
3308
2488
5679
77
7464
7865
9810
6282
8789
8058
4303
5933
4337
4270
3489
5354
8207
4864
2103
2627
3438
5920
9531
1716
8494
8512
1769
1650
5452
6011
1999
8760
8500
7679
8838
5965
5545
8648
2247
4334
6706
6551
268
1044
822
3757
6398
9030
8621
8502
1657
2060
4422
1189
3776
2917
9701
5546
4567
5154
1557
6567
3914
58
4247
2753
6023
9792
1401
8271
4127
8108
4822
4395
9152
5644
8153
5550
4674
6774
4052
6332
8834
8475
7521
2611
1392
7223
8157
5960
2377
9715
2527
6292
9773
6774
9045
5797
6567
446
4068
695
8555
8891
5090
7708
4536
3243
3259
9211
18
7312
5544
8852
5787
3065
1464
7179
288
9621
3139
2665
9337
5667
8958
9111
2442
8003
4908
9009
8450
8977
9704
7005
7869
4795
4714
2406
8039
7973
1617
8057
5285
7161
6910
1073
227
8375
8252
515
7997
1391
3181
7334
7059
2139
6445
9501
142
1354
8511
8593
332
8215
5598
8201
3011
313
607
1051
8286
2225
9109
3572
9387
6019
4645
9614
4395
2897
130
2392
4289
3311
9726
1349
5451
6172
850
5594
7526
9361
4187
7859
7577
9786
6060
588
99
6668
1640
8386
8894
749
1958
8281
6769
6603
7896
1164
9501
8026
3556
3791
1338
3283
5140
6789
9455
5991
2384
6982
5352
6572
4841
2930
6358
902
3519
6457
7570
5159
4844
6464
5908
6802
4746
2677
3406
2642
3841
2908
668
7398
6699
2007
681
1840
8797
136
7832
1181
7119
3184
7753
1960
6115
4111
2862
9634
569
433
4793
5413
6898
702
2216
1644
3379
5622
4286
7221
8530
4955
4620
5230
6962
5301
7071
5759
5438
4903
6941
2557
8088
4694
4517
4203
8806
7380
3837
9376
7814
8631
4790
4712
9333
7007
6357
2713
2629
644
9935
1160
5599
4555
6391
2562
9856
3463
8322
5295
8366
5263
7852
6455
9957
2370
659
8764
9751
4497
8141
7565
3128
2931
2277
2462
9938
8634
5175
2568
9278
5110
3729
4878
9666
120
7441
9523
3583
5763
4818
1950
1026
2670
8406
984
5041
9065
9748
4792
3562
7889
2357
6690
821
4635
9153
760
3270
4328
3328
2549
9439
7058
7427
9105
7179
4868
8628
763
631
3447
2713
1658
6117
1120
2642
1158
185
2390
5950
3748
280
8308
438
1101
2943
9592
1861
6213
3920
5190
8762
3360
2249
6190
2465
9428
1059
1094
191
1691
4541
2905
3349
659
4025
5991
1818
4211
8382
7769
7959
8662
6077
8398
9763
9021
7990
1625
5234
1911
6816
3997
5271
9065
188
7736
8493
1247
8831
8685
2939
3373
1590
6288
4032
5616
2279
5850
9827
661
3619
7787
9324
9696
6185
9087
8717
4175
713
3952
6086
7530
7950
1357
6595
8138
9094
5089
9386
7926
3774
2325
1299
5365
8613
5331
981
893
1182
809
1555
4801
8596
879
4498
4782
9967
3216
8958
681
7169
5045
8211
5119
6403
4807
3257
5497
9896
2644
3424
3671
4969
4723
9036
3583
55
18
4477
1237
827
6033
6039
9424
6913
537
4207
6880
3753
3165
7562
922
8210
5774
6042
4613
581
9300
111
477
1944
3535
4148
6914
8258
3185
497
8313
3203
4975
9551
4031
1008
5590
3456
7921
6127
7663
4802
9881
828
2364
804
9038
8138
6846
3651
8720
6146
3762
9197
8091
7298
3346
5005
5556
6531
5502
3870
9735
477
3422
3766
1486
9012
7222
9407
5140
4886
4209
5022
5714
6574
5826
4752
4713
2673
8404
3433
8820
2167
2631
6911
9465
5978
1916
5022
2510
7419
8893
2245
7897
2315
6012
9383
1327
3235
8791
6468
8121
3000
1490
3835
9575
7316
8588
4288
9990
6993
7722
8810
9161
353
5722
8626
6332
7639
3649
8842
5058
2542
1087
2956
4857
7099
2340
6185
335
1131
2653
8456
4132
4143
2292
3707
1460
881
7996
1450
7874
5718
261
7035
6072
5983
5662
2404
3622
9311
1246
8681
1854
2334
1637
6711
9434
3977
2897
9769
5109
5551
8226
9241
9694
518
2948
1155
1400
945
2606
9275
6663
2867
6311
2736
8851
1973
5141
2473
1285
6387
1155
3139
8721
2792
9851
8156
6770
2749
7925
1879
8300
6151
1121
7995
6670
4070
9150
8071
5015
1757
7346
1679
4624
3657
4415
3476
5631
9556
5950
6916
5944
7105
56
4666
9898
9908
2822
6669
2657
748
8549
958
6900
9670
8953
3570
3740
8104
1642
8756
9861
8988
435
4486
2645
4851
7962
8277
4408
3913
5194
352
1018
5250
5019
916
5159
7841
7586
7816
8590
6135
8774
5490
5805
7728
9061
9546
5832
703
8302
5694
9691
8737
181
2337
3589
8143
614
7997
2057
5808
8350
3075
1059
3369
3992
6218
1211
1578
4035
9801
7713
2810
5291
3519
538
4352
3066
6371
5055
1368
2065
4747
106
2246
7085
3695
390
7699
1693
2447
3508
43
5523
4567
3413
9516
786
4624
1094
4821
4426
8808
7632
9717
2328
8170
4070
5394
4542
9126
6763
6607
3873
6869
8854
958
565
9245
8658
2258
1693
2167
2302
7217
6735
5716
6733
7521
341
7828
2343
4767
6637
9975
4485
8965
8146
8555
4360
2688
7682
1123
9296
1556
7992
8151
2515
8558
7396
1174
817
9090
3341
3119
6307
76
8835
3041
7598
9176
869
9942
3944
7507
9917
8429
6472
8064
6985
832
752
4668
1955
48
6224
9948
8199
8739
8506
5596
9914
9323
4687
3255
2443
995
3332
1279
4036
931
456
4906
873
4400
2413
791
2830
8886
8855
9815
9719
9607
4483
1674
9656
708
1623
7855
9448
129
3452
9362
9453
8139
2618
1897
9135
5950
3176
3171
6881
3632
8078
7754
8032
492
8546
863
9378
7401
678
9097
7008
5162
772
6665
5870
2395
4521
5319
2525
7973
4681
1979
6113
7299
3876
5248
3250
7052
8420
132
684
6498
7887
8717
6990
6433
9580
6369
3834
259
5466
843
5422
6238
7508
1293
8634
2029
6612
1159
3
1294
3138
6116
8593
7015
1364
1844
4067
9785
1976
4752
6283
9864
3470
3274
6297
3051
9643
131
3310
5109
975
8732
1348
8483
25
9982
513
6638
1142
516
7932
4281
6632
6526
1296
7997
8370
5364
7782
347
116
4066
211
3586
7341
6508
6637
6984
6640
9948
2094
7615
8681
3443
6099
8707
3425
6612
5345
4568
7128
3277
8850
3761
9803
146
1758
8173
5510
9541
8521
5627
3608
8732
9214
949
5241
5851
7933
1882
5800
28
9497
4481
3471
5597
3188
6897
2209
8533
1466
9337
1811
316
3099
1614
462
4857
9788
5973
4399
8309
1601
8007
7042
815
8957
2284
6667
6891
4166
2467
6919
3664
6949
391
9261
137
7288
1470
8671
8754
808
482
9071
3907
2097
9534
8765
1885
5507
3165
195
7109
1172
7238
7924
129
9522
4591
7021
3688
7058
3940
7352
4007
4331
6614
4145
1620
8084
2817
375
8893
3300
9446
2801
5398
8980
1567
7284
4488
4732
7479
1597
5905
4718
9522
6035
4241
4113
3056
7929
1172
6996
5282
5180
1328
1896
9326
2949
9981
2143
3324
8875
5444
2771
1676
842
1752
3243
8126
6241
7976
5606
7839
3881
325
7361
9916
4566
1474
2972
2496
2647
9969
7778
7827
1297
9675
7154
4246
9657
9298
7571
8533
4742
343
210
5585
2095
3454
3712
8336
1430
9319
6175
5311
9644
3536
5227
4210
5011
8199
6706
7659
8168
4485
5487
9466
4161
2641
3713
3819
1939
1285
2352
6682
1628
2563
2267
3723
6017
5980
2060
7447
5299
8235
2758
4943
1772
7986
9154
6784
6186
5861
4443
4355
347
9930
3822
4508
2572
7535
8328
4511
8820
681
1193
449
3244
3461
4172
9261
9441
6232
6708
4740
4468
9467
9684
6241
7454
8839
3025
3640
4700
7469
7995
5047
7400
1817
9556
9972
9353
7884
4484
8174
8565
5677
8623
1809
9138
2796
1070
8580
9029
7779
3321
3498
7247
3005
9739
4701
1844
2765
8342
6544
234
6337
1592
7635
8155
1148
7607
7509
9032
2091
5683
7598
7769
4307
9407
6908
7104
478
5488
6134
8258
8810
9632
5505
1815
9372
207
3660
2137
8549
205
2372
4887
1797
8
3042
2945
7615
552
1978
9707
6236
9576
7477
543
8984
4386
7648
9462
9875
3782
7721
8685
3415
3226
500
2787
3434
4161
4925
1983
4366
7298
6870
6164
7306
9913
9110
4922
465
1088
4630
6701
665
2107
7245
9649
6493
4893
9112
6369
8676
6834
5054
2091
61
5555
4879
3495
9716
9805
5478
4083
7103
2349
247
4410
2262
9357
9332
2727
446
3963
9429
1111
6070
6674
761
2564
1567
9874
8933
243
6708
3988
2335
6769
9543
7214
265
9259
7020
5743
3342
4123
8092
3590
8533
355
2947
7866
3083
3393
1829
2512
4505
7900
9186
5267
465
753
5141
9399
997
1850
3387
3333
8619
2930
548
8884
2190
7568
4628
5533
1691
2721
9123
225
3077
2071
8092
6160
5465
9921
8672
9970
7822
7858
5237
8287
8612
379
7687
9610
2229
1074
2943
849
4005
3491
9734
6196
1059
4363
1730
2751
7084
854
2976
161
2925
1068
6322
8391
990
4994
8362
8812
2852
3599
7100
1464
3979
4787
1075
6208
5862
4018
7058
9868
7509
6792
6064
8568
1155
7794
1319
8240
8649
4296
8402
1574
5365
4724
9966
6356
9718
8328
5169
2571
1928
2269
4036
5907
7057
5111
2116
2920
9129
9174
2788
6639
5966
8853
5208
7122
6648
6527
5362
5297
824
3765
6872
6189
8489
6838
2545
8208
5166
7715
780
7094
9984
4816
3002
7042
9927
5118
9962
9057
4292
2751
5696
259
1604
905
7381
8252
7432
2744
3549
8257
6509
421
4447
4999
7260
6993
3208
2427
4708
3988
9522
4693
8804
2524
1735
8732
7643
1698
7790
1935
4449
3487
2195
6054
4392
9577
4306
1825
2322
7856
82
8831
8278
4529
3831
5538
1523
7039
7966
6231
1027
7488
924
9832
12
2660
8564
7655
4359
6355
9591
8808
9842
1787
4863
4234
1364
9169
6059
3686
7026
6142
2518
5305
671
6350
843
2194
3389
8809
8426
4417
6297
9350
4249
6310
2011
2814
3965
6370
9169
3557
5179
9011
5344
42
3246
6709
9212
9305
395
6238
5448
2914
1543
6119
9264
2387
8314
2654
1197
6740
7072
7495
6091
1322
3806
8102
4136
7771
4472
3306
1329
9652
2318
6673
9694
5564
3382
8906
4870
3778
5145
318
6693
6688
6438
5957
9076
4753
8612
274
1494
5684
7769
7585
7007
1575
5688
1144
9347
161
4450
677
9813
6769
7351
9507
2334
733
8414
7205
4512
3559
7524
1205
248
3962
7163
9325
8716
5776
9599
210
1461
7369
7796
8468
8945
3485
9612
8293
3647
4062
8970
3460
832
6321
2968
3166
7055
1383
371
1568
4942
7895
2773
5191
1858
9937
4517
575
5713
4116
785
7174
1486
8582
5642
431
2067
5254
8725
5714
9317
7696
9175
150
4018
2144
3316
1073
3527
3688
2642
8470
1583
5415
3662
3442
5353
8179
4017
1066
2295
4803
8240
3782
3385
3883
4214
5453
9138
2939
1168
8456
635
344
8606
4653
2488
1923
5727
6015
5611
8369
4486
7195
3785
8148
637
9138
6327
4655
205
8623
9458
8445
2405
2844
2329
6619
8297
1467
9559
9466
9924
194
9810
8530
4848
2298
454
576
8314
6065
8946
2801
3260
2732
949
3898
1871
7277
8554
2076
5900
8012
522
8306
857
2851
4926
9154
4319
4485
8621
4244
4680
8431
2775
9529
730
3229
105
9045
9294
9052
1846
2555
1784
2796
6454
3656
73
5008
5732
5974
3020
6254
4280
3878
9106
9206
3033
3426
3692
1654
7670
8372
85
445
7901
816
3674
8007
9861
2969
7059
1707
5524
8844
4503
1979
2500
4576
6987
8233
551
8
4487
4831
3886
3594
4038
6919
7020
7730
8573
4690
6103
8659
5135
4004
9475
8810
2011
9336
1779
9071
1044
7304
7915
5547
9283
416
124
6270
8649
675
6279
3137
5507
165
6732
9546
7084
3752
7277
5658
8443
3380
4317
3579
7384
3793
2389
9396
3130
4169
8467
4174
1473
6382
9722
757
6799
9846
7028
5449
522
3307
8587
6030
3472
5319
5576
557
9071
2854
6215
7515
6234
533
1094
3619
4326
3483
3015
7456
7653
1482
1631
9126
7865
1353
9884
4664
1200
6912
114
1722
219
8701
7753
3692
4020
3330
4249
3092
6184
465
607
2418
998
1702
6038
5325
5185
9053
2782
2839
536
4413
1965
8401
5767
1850
3066
6967
8762
3180
8689
8982
1882
6442
2674
5903
9772
6924
8996
5957
7390
9603
8376
8389
1305
4414
3714
6491
3468
6497
9330
4004
910
1296
2406
6677
3147
5472
3645
1909
8653
2334
892
535
8777
3567
6439
8550
492
5435
4508
7882
5039
2884
6271
6345
7299
9986
2837
767
6483
2167
4771
7394
3464
7177
4071
6611
2650
7716
8521
1303
51
9414
1839
8829
2981
8279
7380
3474
3714
1888
1356
8753
4772
7628
5098
2072
7614
7935
2839
4097
103
7611
1491
3568
4788
5563
180
7439
3280
8702
8743
3332
8116
583
2161
1098
8862
9542
4572
2576
1431
5929
1330
6204
3557
6429
8276
1171
4365
1115
5269
4468
8726
6760
8037
3515
2324
8217
954
5604
6919
9697
8937
5036
280
1099
6134
9142
641
707
1719
2072
6637
3049
8276
194
9478
6552
1366
3844
7667
6635
8312
6394
3396
6350
9909
5720
4567
863
1325
1487
561
263
6523
841
1362
2658
9984
2003
3365
1704
4076
2
4753
2353
197
4232
8905
1564
8076
6573
8199
6389
2968
1596
2739
2877
7317
7307
3741
8643
8794
4302
8906
5318
5144
268
7976
5129
2272
1342
6833
6348
1345
1586
8702
1543
5819
7607
3107
3896
4181
1306
286
7149
2903
3026
27
220
333
3768
8863
9128
8070
7769
4446
3215
8037
2423
8344
310
3765
5177
6659
5111
6764
5361
6654
2584
2969
9762
6480
7151
1069
6767
4300
3972
9793
4328
4192
126
8096
3056
9255
6167
825
3701
9382
8863
6125
7727
9173
9891
2904
5832
5002
9668
1194
1657
2252
4163
1419
8733
1314
2488
5500
5615
6461
5294
9943
653
5421
8040
3709
4676
4207
4535
8378
3590
3399
4503
1317
2572
4394
4222
8405
9397
3890
9600
1055
6143
3763
2475
4877
5078
4964
378
693
1425
5672
637
2079
1093
8677
5789
5769
2885
324
4147
6475
3723
8651
7793
6296
3046
2015
4702
2443
5906
4302
3499
2050
8066
5974
6927
3144
938
7305
3838
2363
2978
4475
4442
4071
3153
231
9841
6038
556
3989
2514
4280
2640
308
576
5686
2324
5279
8130
8230
9582
1629
280
7648
7603
7208
793
8542
4514
4632
905
7492
9107
5348
1564
2261
5580
1405
8300
6136
5394
815
417
8034
1123
994
3721
3447
6273
1851
1678
5855
3480
1959
3504
1084
9167
4298
9626
3681
8930
532
1174
8037
5880
2738
299
1461
4143
8599
7597
9538
9414
8015
7572
538
9009
1293
3986
5282
3145
5665
1138
6625
7624
4643
7710
6792
8941
7336
473
7871
7868
1648
5909
3749
4386
6208
5210
8530
4808
2808
8068
4223
823
5641
4761
9832
6935
8748
5115
80
4413
6253
6706
2037
896
4416
8829
9837
1752
9303
7708
9621
952
3618
3370
5338
9826
8580
3869
4634
1388
1937
8857
2211
7579
3619
2044
4514
2367
7159
4594
6781
3412
1300
8818
4309
5716
7648
4147
7469
6952
1855
7090
7904
5473
460
3243
5300
9041
7112
9935
429
9050
8793
2641
6629
2412
4685
1143
4780
1845
5738
1561
5257
7038
380
9567
2755
8029
3714
224
4981
5570
7315
2886
1044
7776
6129
6344
6817
3242
6280
7247
2293
5073
9889
8922
7485
4575
66
2266
6420
5804
3828
1678
2843
4208
1245
5598
2237
4960
5823
7219
530
3138
105
1574
914
6235
7919
7732
9477
4199
4979
1771
9272
4869
693
6758
9444
760
9025
5864
6565
2853
7542
9408
7061
8788
5007
9299
3748
830
6519
4279
3969
6625
5853
4884
2860
3773
2617
2338
7973
7596
4109
7246
2466
4803
4005
1910
5563
3030
7775
2128
5883
5317
1537
2945
4106
6544
2244
7855
7375
8764
2134
1345
5389
7988
6229
8249
1761
8846
588
9734
6443
4697
6981
8909
9501
986
820
5064
4016
8595
7193
9899
3913
8731
2844
8019
5275
5089
5874
2651
3853
8008
3996
9242
5997
226
7492
7758
9072
8080
7493
5516
2778
4474
4426
2279
5460
5246
7344
9476
3841
4537
9375
7754
3269
2220
5774
8545
7309
1648
1196
1162
9657
5193
405
5654
5419
7897
3413
4491
5977
906
8
8756
5380
4434
1035
841
9681
8379
317
3522
2917
9693
1277
6186
1914
7051
4732
9223
8700
5928
386
8357
1121
791
4012
6540
8689
7426
1032
4667
8332
1041
3423
3713
5475
4459
4555
5157
2838
4872
8679
5756
4566
9956
1943
6480
7007
6675
5704
5707
2604
6090
4065
3725
6882
8078
266
5571
5504
1299
239
3837
2340
3662
7551
7816
8121
2106
2973
960
6979
1652
6717
1546
1609
8660
8027
8617
5336
3731
4324
7940
9822
8390
1666
6704
6469
1932
2276
1974
3231
2516
5812
5571
6178
3364
3387
4300
5471
6361
5261
2451
8013
1978
3997
9623
639
2024
8240
5976
5755
2565
3916
5578
955
5582
2282
7425
7515
4559
9399
746
7075
5212
6318
3254
8576
9706
7555
4047
6067
2816
6498
4081
4795
496
3704
5435
2520
1944
1411
8276
4509
5328
3854
5465
910
6137
2890
8426
696
2290
9173
7772
7502
5491
1026
6079
5198
8582
126
1265
1398
6625
5347
6194
7121
9051
1629
9642
996
3041
7918
5506
8369
1773
972
9280
7910
3862
7706
8607
6153
6879
6380
3656
2371
7407
9735
7569
5989
9862
8835
7388
6488
4182
3582
3610
3234
5212
3252
4230
8253
1171
9737
6622
2944
709
5902
855
4572
3609
9463
725
488
5843
4382
2859
3251
4118
428
9240
3981
9263
6628
469
3446
211
4079
6680
5423
7332
911
3677
8503
648
299
1448
1357
6202
2304
5930
9812
1767
6656
300
7611
1038
3160
862
5157
3589
103
9138
2853
6732
9608
6299
6943
3688
2979
2367
1020
3891
6044
9523
4539
6344
972
5897
2547
3276
1827
2359
5043
8483
2660
2655
9522
5820
3517
4679
9409
3621
3818
2262
353
3426
8561
7296
7114
1541
9663
8135
5432
5708
7658
9972
2052
8631
5869
4600
1907
7697
6959
6950
6181
9619
9606
5704
5440
3124
384
4849
6745
4202
7112
7098
7629
5674
4394
4743
7215
4058
2879
2648
9766
538
2620
1819
9169
8490
6420
1076
6188
3379
8027
2369
2999
7633
8073
8439
757
8457
3289
7502
2660
401
4600
289
6075
8995
5033
3291
3054
7912
5940
2821
8450
8560
4641
7619
7051
1061
8696
3239
4441
6723
5609
7440
4357
3683
5880
5114
2141
9170
2617
4801
9572
7218
5091
5648
6213
124
8939
9268
8037
4879
2089
6487
3440
6730
4107
492
7791
2803
3732
2232
9527
9341
9673
3884
3024
5554
8999
5166
4724
1617
9967
4296
8835
5058
9944
5049
5183
8884
4317
3220
3764
6406
9708
7205
3136
3816
7697
928
6620
1429
3161
6147
771
2835
32
3796
8389
9031
8962
3114
648
8930
7411
9484
3989
7355
4533
9172
6240
8851
2393
4
5257
2101
7210
8394
5917
4907
9323
2538
6337
2484
8685
7109
5319
8718
905
3709
7750
9867
6823
8399
8797
4234
7883
2786
1590
2417
1959
7830
1268
4352
7835
6526
6454
5045
4921
2371
9953
4244
4910
6291
6729
3595
3400
2048
2314
4305
5758
64
4173
2581
8463
2971
6816
6347
5758
8406
8764
7717
6237
33
2070
4072
6559
8524
9118
1480
896
9072
5724
5806
5364
2454
9402
8764
4502
1716
3070
261
1780
7244
2842
244
215
9658
6591
5974
8065
5356
3692
4302
5389
5762
8375
1948
4287
7493
3429
5183
6566
9154
990
1930
1608
392
695
6111
2108
3765
6372
3889
1009
9215
4134
1225
8874
725
7199
6939
6082
891
1241
1471
6654
9616
3420
941
7110
6850
6125
3676
6004
7115
5607
7613
7507
6302
3725
9616
67
97
3505
1077
9313
7639
2302
8187
8365
9502
5126
4447
394
6367
5919
7048
5983
9340
7990
3094
6190
4115
6770
2194
1230
2378
9808
8737
8680
3533
8353
8748
3631
1859
9826
2944
9499
2128
1131
7864
1631
6257
2312
2025
2624
8231
9073
8608
7571
7064
1702
3762
1179
8473
5957
2409
852
5765
1147
9532
9298
9501
8281
2929
1360
8107
5874
859
236
7005
8724
1867
3262
1037
3892
5887
9269
2966
4496
6841
30
6199
603
1210
4672
6560
3619
5525
2325
4766
5057
1624
4267
3338
4554
5628
1446
428
6488
1682
7433
5213
3549
696
6250
7442
6583
5519
409
1079
2360
440
7278
2963
1650
1951
9524
5270
7476
1849
36
2534
3474
4304
5873
8029
9932
7319
8458
6421
9002
5892
1634
2552
6588
7884
9994
3172
3404
404
4252
5765
844
1530
8729
2495
3482
8253
7765
959
103
7802
3494
3577
2106
9368
1607
2039
6687
65
8460
5690
5957
95
8242
2546
7980
8237
5718
1384
8641
9970
7150
9486
1501
5879
1981
4983
4132
9747
5943
4235
7549
9437
7813
9655
8805
9420
1695
5493
9485
156
1183
5443
251
9426
7989
8231
7663
3707
9616
6304
3678
6766
5791
5179
2646
7773
163
6778
7520
6106
1013
5069
5544
8827
4725
4350
8247
6420
9844
7733
6576
1028
3176
6827
454
1166
5059
8117
4873
4675
4422
8551
1442
214
3731
4088
7987
3894
867
5507
1
1881
576
5545
708
5301
9895
8956
1722
9739
6689
8298
768
9866
5125
1222
1032
185
9340
5906
4861
3763
4458
6304
3977
8189
392
1964
2083
1260
7472
2084
3141
8049
7630
3849
3350
7526
2805
5073
7265
9495
3371
8034
9361
8497
9256
394
8682
8596
6300
3543
2359
759
9848
6337
8948
240
8302
1032
1501
5774
3116
4642
3823
746
8491
7174
8272
1297
2247
5538
792
5618
3572
154
4116
2829
549
2798
1426
6850
6342
3785
7609
6190
123
6557
6431
8425
7589
7932
4199
706
2575
8023
1453
1067
5197
9725
2364
7444
5264
3157
3063
8837
3312
7179
1666
3861
9978
3092
711
6321
6878
8321
2512
7001
4879
8944
5427
2468
6877
9627
3175
9452
7650
4628
519
2848
4354
2884
293
9618
6042
3356
8456
9354
536
123
3216
515
3215
3928
6837
94
2249
9349
7096
7128
8294
2523
9597
5171
2151
2772
4624
9801
7400
5143
2649
1755
8028
2942
1374
4070
6299
9830
3424
6836
9953
6641
7351
3169
569
4188
3263
2819
3538
360
9947
1833
2884
9545
7004
5035
2317
1629
4836
9718
6772
7486
1473
4801
428
2848
8871
6728
2678
2296
3564
2632
8937
915
5801
9507
5104
9065
2326
8643
9425
2274
476
2310
1819
7481
7345
4137
9110
2182
3856
5883
9668
5330
684
97
8178
9556
6825
856
1852
389
3489
789
1305
9290
297
6410
8356
2623
5053
7782
4897
5530
92
6717
3012
7438
854
2122
9620
4710
8006
9289
40
8690
9386
8219
8246
6212
9076
99
6601
2565
889
7907
1856
1186
4317
213
3809
9371
7995
8707
4902
8088
5424
7914
5526
6278
37
5147
989
8043
4436
1030
6734
3823
9249
4981
35
8325
5080
6636
891
5969
4543
2747
7155
8861
2960
965
8233
956
9672
3135
9044
5096
1050
4571
1375
1087
9718
2364
9131
4155
3394
5865
7978
2644
847
8013
970
5927
4650
1861
1897
9194
4608
9053
8055
7569
19
6289
8525
9691
9424
7570
4788
474
2142
6163
1562
1861
8528
693
6016
1922
6559
3995
4567
7406
2008
5537
3334
6659
7398
5231
5853
2007
4285
3909
9576
4304
198
8102
3996
9623
5673
8784
98
7815
4947
1660
9677
3475
2354
5694
5398
8913
9689
9966
6320
1698
5503
9654
8357
2901
4886
4210
4909
9171
8119
4485
3476
8318
2588
7472
7941
8262
6256
8039
6078
1204
9700
5755
4680
2054
1449
79
968
1138
45
7288
2836
5548
6943
1194
8450
1829
5404
3359
1001
3524
7845
4478
1842
434
1950
9784
8696
8207
7823
4774
9411
7523
530
4092
9578
1979
4171
546
3118
4216
7834
5955
9765
4778
7149
8216
6607
2554
1575
7609
6079
9420
2087
7921
9855
4038
7705
8551
2245
5529
3326
1657
3053
3856
5749
2631
5836
9921
3177
8955
4138
1012
4911
3904
5790
2061
2120
2398
4615
3695
7
694
3116
2095
8616
2971
6133
6322
1523
8379
1852
4849
37
4905
8706
5786
7536
4543
5708
713
3498
9846
1725
8410
3750
7515
471
5870
9913
5086
9566
9921
5781
2683
2017
4398
5655
8151
720
7178
6530
2572
2028
6568
7477
735
2354
5013
5279
8063
5727
8777
7910
7453
7187
1660
4968
7658
7531
4882
2745
7098
4804
8527
9782
6821
2925
5437
4972
3645
2616
1503
6218
4645
8071
3696
5380
426
8710
659
8489
4437
9437
6399
1890
6625
8060
6859
4284
5592
1742
7030
2691
6546
5557
2473
3368
8482
7910
8341
2128
527
9844
8346
5172
7916
2042
552
8342
752
1212
6832
5190
650
3232
7080
7275
1293
3940
1560
6886
5682
8590
9577
2229
4148
2050
5598
2630
9961
3939
4758
488
3784
3105
5660
1700
5147
6213
43
5900
7426
6876
1090
8076
108
8171
5352
1402
2111
6913
8288
7794
5504
7866
24
9652
9917
5623
2282
9878
9562
7041
367
3347
146
6028
5047
5293
2242
5091
1193
9668
1967
2284
7745
2076
455
3098
3479
2567
11
1767
362
5515
9634
387
5167
9551
6010
7450
9430
5573
4491
9797
8920
4637
5826
3968
9931
8068
9060
1124
7736
1027
3409
5482
3104
3865
8580
6584
6432
8591
8352
6795
4107
7986
7182
9274
7537
3193
6724
6967
8766
1215
6765
7686
5853
2591
1655
5784
659
715
6909
8396
1743
318
3878
4848
4183
2459
1432
616
1050
9784
7411
5158
7770
4594
4432
5308
7787
1157
2275
6554
2373
9040
4241
8226
1632
5896
4011
2291
6612
920
687
8355
1239
4566
3204
5422
7025
4636
6039
8076
4421
3451
3234
2192
8046
7667
7500
5833
8824
9776
2388
1198
8817
6629
9424
449
2525
3436
2740
9137
4356
3428
7493
5595
7995
697
1018
5020
5334
7058
3097
9755
509
6331
1948
8556
3999
9448
4389
2823
9224
6777
4022
8041
3407
3447
8490
5932
6883
1231
5070
1239
4660
2564
6835
2655
3262
7854
7675
8597
4912
773
8353
5422
7105
301
3978
1104
9749
8367
3928
8974
5145
7950
7016
8553
1397
5506
4485
8281
6738
9556
9520
1398
2121
6356
4053
5383
4210
1729
3981
9122
2503
2334
4544
9608
2635
8522
713
2385
6890
4641
1359
2036
2592
8375
589
3990
3882
5075
2271
621
4632
1792
2019
6753
8148
6073
2137
2359
7803
6118
1482
306
8452
6026
9914
1088
4549
627
3473
1440
5269
4833
3476
7861
3209
4066
1851
7092
9142
4123
7713
3774
5915
9733
527
4064
5806
2664
6423
3610
8783
7905
3916
7236
3932
3830
8324
8482
4458
1798
9922
9727
6632
3399
7589
9841
7466
9441
6933
6608
3564
4647
382
9480
4380
910
3544
187
3575
9968
3797
2358
7874
7713
9594
1807
1544
7919
289
6003
9717
212
5730
6349
3611
3320
6191
1077
2761
3125
7685
6325
7772
8068
5805
2153
8978
9350
2340
2553
9318
6138
4912
7193
3852
4506
9000
5397
2425
9290
1400
2143
9502
7131
8493
3113
451
4684
4191
3213
7809
1877
9538
5581
9945
5344
7735
8924
4694
75
1477
4013
6214
6390
1207
67
896
208
5464
3322
9498
6865
5466
9001
3997
3959
2115
4449
8644
6306
7662
6453
8183
7201
2035
8129
2545
9770
7053
7240
9846
8531
1254
6060
4921
2462
6128
5818
2670
1592
9141
2169
8458
4608
1170
2455
8567
3285
6904
7212
9591
4566
3665
7775
1768
5701
5905
4314
5471
2959
1555
5317
1491
2809
1378
6413
5272
7506
2232
7942
9099
1373
112
7557
5981
1282
13
4549
4567
6917
1762
4159
1484
5427
1935
3253
1128
7841
7567
6600
800
9122
1917
2291
1932
3296
8705
7204
803
937
5147
9903
2310
5259
7461
8292
6541
7474
2842
1109
4392
4604
5269
5877
32
7204
9130
1161
5045
6697
7761
5846
5820
9679
8138
7752
2975
6843
4957
3779
7780
105
3683
91
5364
1144
8384
1906
8618
1227
3016
3011
5832
8285
8888
5864
5489
8018
7025
535
4716
4787
6381
536
4466
4519
8289
7442
1362
3247
1222
9143
3352
4905
9234
8716
6049
7619
623
4668
8846
3639
7679
4678
1924
6567
543
7414
4586
7569
7949
9303
2356
4331
9839
6822
8851
8129
4265
213
1376
5487
9357
4728
392
8591
3445
6442
6210
4068
1110
5057
7708
8790
9735
9633
5357
279
7047
9944
7848
4997
9247
204
9329
9087
7027
8180
7216
1293
8394
8593
6780
7751
3321
7173
6343
6767
3615
2553
835
4725
7611
8544
3515
7347
8177
8873
7626
5224
8818
5474
222
8066
5679
9551
7154
2707
7731
4371
4000
6125
2964
780
3877
6286
7954
220
3053
1569
2774
3888
6295
385
2432
9811
7732
609
8685
5358
5834
7503
833
6057
5570
6513
5609
2724
9220
3340
7095
3220
9466
59
4001
3343
6345
1955
3564
9398
3525
6338
3287
9820
6723
5720
9632
4455
6330
8317
9814
2165
5821
648
8222
1391
7161
3831
4115
6381
7172
1211
9602
6639
1270
3603
9983
7616
5559
3547
7015
9084
9885
303
8905
6609
6023
8537
1064
2354
6854
879
4519
2675
1528
2742
4067
8689
6573
8183
5071
3746
9394
4673
386
665
8277
369
8281
3837
3917
5297
2921
3803
5600
1826
412
1624
364
1477
3978
7218
2356
8498
9894
3884
1240
3962
2574
7814
2145
7645
1560
1539
2319
1947
2204
597
2317
486
4434
6234
5784
7356
37
1384
9182
450
3009
9547
1927
6987
6765
4284
5485
6660
8169
6726
622
743
4540
2767
8389
6101
4307
709
8048
6512
1306
365
6998
5741
6600
2783
3097
6638
4167
2280
7088
7177
1827
9015
4165
8593
3299
9651
5253
1468
6377
5876
2212
917
8644
602
7018
2952
1311
5066
9464
2618
5432
6463
8359
2032
9246
1456
8670
3414
3736
5759
591
5564
4774
4756
4157
8074
4407
9411
9543
784
5287
1755
1702
3932
2357
8720
6884
3669
3787
6348
6287
9219
2812
4647
1252
2058
6103
9922
5472
9840
5682
6064
5404
456
820
9562
8531
5228
8973
8074
6013
4261
9830
7715
8193
2188
6435
5078
5857
222
1427
2145
9442
4239
6792
694
6298
2896
617
1770
2737
6299
7835
8142
6756
8656
7704
5287
3884
6677
3362
9897
939
3192
7612
9133
5381
4048
4211
1239
4271
5639
3384
3713
9878
177
4407
6177
3074
5025
7948
5812
1324
5783
3954
8080
4439
1658
3368
8323
8336
