5233
6164
5684
7260
4795
3327
9473
907
210
5342
5558
3281
4543
6465
8166
4240
2352
1593
5540
150
3509
6010
9615
2351
5010
4678
1145
7428
9039
292
5705
4273
6456
1389
1533
1252
4716
1006
2160
4927
6349
7718
8209
893
4183
6375
5133
6536
7968
673
6686
1478
6683
6302
3830
1694
980
4975
9122
20
5267
4827
4293
1724
6216
5826
2976
933
6833
5136
5860
3182
2855
4069
4075
7039
444
9209
3575
8413
9883
261
9892
6567
6563
3722
8261
7544
8698
7384
7565
3965
2211
1858
5690
8428
7685
8666
9361
4519
3803
5221
7701
6659
9291
1777
3698
9736
987
7273
8150
870
7535
8042
7438
4099
1765
5699
1644
463
3083
9209
4429
5295
1068
119
3723
8754
8786
3084
3273
2589
8306
975
9249
7598
2753
2947
7335
3740
221
5485
4610
7757
3528
2049
1856
5293
7748
3500
5756
832
2710
185
6128
3778
305
9851
2532
9091
2936
5806
1681
1243
6781
930
8841
9534
3877
6176
3275
4099
1662
7886
1856
5190
9935
3712
483
7683
7213
6240
8516
9924
6426
4644
3703
6731
4496
6236
5822
7432
2042
7503
8675
8824
8434
7517
8359
2311
3694
1634
6410
5356
9520
8267
546
9455
1980
1029
7139
9194
7270
5655
9118
3696
300
2821
427
4796
9057
6250
2228
1100
3754
904
9924
2188
8421
8284
4500
2115
9918
910
7472
9438
9178
8018
8894
1158
9048
6033
352
6318
1688
9470
14
1988
2292
442
6784
1350
6692
9013
2451
446
9917
2376
2634
8339
660
7134
455
578
8045
7927
17
7223
5945
8911
8382
4994
4944
8734
1312
6633
8205
1327
8622
498
1769
5407
1848
8462
4420
4300
8908
4338
6676
1543
2677
7336
8678
3132
7914
6724
1060
7932
3948
7005
6843
2330
1999
1787
1065
3312
8421
9270
4639
7043
9769
6409
2450
1617
4871
6870
5917
3780
1209
2594
5324
3887
9930
4002
7020
7845
727
8080
5777
4676
5085
2621
7006
7085
4409
8072
397
2830
7342
5037
9873
7111
1446
2323
8729
6317
9194
4647
98
404
7242
5422
4291
7172
9424
1311
5018
152
9391
795
4828
4477
3417
1835
1562
7826
9907
1960
656
7250
6997
530
4362
8443
2854
3092
4761
2049
7740
4859
2453
4982
281
6744
2154
9706
8056
7173
9858
7447
7968
4687
1924
1386
6522
3487
9212
6430
5447
9869
3680
2444
400
8042
888
3254
1135
5649
5304
8875
508
7757
3857
790
4502
6012
496
2559
3185
355
6
1154
5043
1931
2540
1565
5418
1753
7995
866
1622
1676
3310
2022
9719
4198
5277
854
9848
581
9730
356
8338
3587
1147
2841
9600
1643
5400
2785
1999
5407
3940
7042
7338
6480
8608
2757
8234
6604
3623
9856
8280
6934
1879
8000
1133
7156
8854
981
7737
8585
1338
6076
2172
2485
8918
1773
4129
4318
4558
6129
9725
8499
3171
7064
4980
1780
9822
3214
8384
3446
3071
6665
381
4950
4665
1514
2106
3520
2495
9844
2105
3833
5920
4278
6319
4838
6051
448
9157
610
6577
8883
9110
9749
5948
4090
1529
5771
7305
9914
9217
376
6580
9599
5326
1245
1113
7433
4766
3609
7278
6872
7443
3198
1151
3762
8037
7203
4210
7195
7814
788
6079
6924
538
2027
1015
2067
7798
8320
1982
7016
8696
8562
6615
4023
9808
7729
1457
4575
1338
8735
1448
8781
1934
2599
2543
9972
9802
6754
7167
7617
7543
3246
4541
8081
5274
5557
149
3073
3877
2131
89
2574
694
6705
6597
502
4435
8054
5077
5773
6789
6526
4555
8723
9125
7098
8695
8928
3853
5863
6545
1397
9110
1087
9479
4384
6644
9628
7457
522
1760
7547
3096
2454
4253
9694
2957
8688
7748
8035
4462
4538
4561
9017
3262
3687
6116
1958
2615
9969
7821
9161
1367
6932
249
846
1316
6894
474
8774
7416
2235
6322
513
4690
575
207
7648
9264
7955
5683
3726
2494
245
2743
5756
3932
8859
7714
6548
8829
5536
5710
196
2468
5960
1042
3785
2854
1517
2559
270
3753
8881
784
8443
9457
991
6091
8721
8947
1775
2447
1441
2021
5190
7198
5954
4050
4912
2503
2879
449
8213
3075
2918
4173
4118
6703
7028
5636
9263
7299
9389
8144
8083
7833
7602
9074
3924
6323
8021
5700
8771
9462
7721
3961
6660
3676
8011
1573
6179
890
2023
4393
3966
4941
8566
8085
1644
5594
3721
907
2894
3111
9052
977
944
6654
51
4869
2978
8072
569
1749
7535
8291
5711
4196
1968
3722
5770
8147
4613
7793
2540
8580
2734
1107
6665
4379
6702
387
5287
9596
3498
4339
573
4442
994
624
9312
3972
8697
9881
5722
6233
8173
1433
430
141
5155
6200
8288
9769
3994
829
8350
6729
1936
5015
1108
8639
5403
6395
8235
8902
735
8808
3344
1729
9433
2656
5702
8131
2538
1424
4365
712
2858
4795
853
8014
996
9142
7783
4991
9972
6133
1720
1909
1149
2829
548
6553
9224
8783
5455
9960
7592
8800
1690
7026
1457
7392
5158
3996
8817
9523
4708
1676
4319
5562
9690
5316
4705
7473
307
4677
3607
2028
6587
4757
4857
7135
1310
4082
5919
6766
4042
3511
5566
5732
538
7023
3125
5696
1019
1943
5219
5727
3619
9539
1290
3309
4855
5995
783
5163
673
4391
7191
7260
9148
2048
4396
459
6130
315
7225
173
3827
2792
5905
4365
9815
9031
61
835
974
5281
6563
4594
4821
7853
7903
9676
3849
8687
4840
4522
3078
2031
1783
2227
4080
6179
2686
211
6494
9912
384
322
2704
6290
4687
2520
5321
4749
3355
6296
31
9918
890
4852
7772
8794
4529
1621
7481
9369
6143
559
1401
7927
2786
5481
4106
5473
5693
601
5386
6077
923
8090
2367
5610
611
7689
360
3966
3985
391
3885
4876
5243
1657
3670
9773
3278
1151
9142
9422
1711
543
7349
4497
6025
1456
9971
1718
2057
5357
7796
2980
3448
164
8591
4059
7853
8952
8025
1839
9343
1911
6715
4587
3568
385
4360
6847
1537
3503
6270
3248
4047
3620
7746
73
5076
7717
1791
7134
3074
9588
115
6523
9752
8707
582
7606
7659
8607
9445
7003
519
6160
1590
4087
6546
5951
934
8083
9454
7205
1331
3502
825
9077
3575
5902
6795
5367
3036
9869
4955
3152
6393
4707
1859
6975
2314
9518
5583
1759
6522
6102
7920
8113
189
4466
4064
1124
2549
3519
8330
3880
7022
9155
2958
597
5057
9753
5964
8094
9623
919
1246
6016
5627
3106
2991
7941
2625
8575
9700
9147
4677
7621
7260
4867
2087
1325
5992
4636
4845
4322
8517
1867
3478
1476
2464
8536
1229
8428
6630
852
9348
7877
6869
4976
983
9861
2917
3608
8436
2618
2755
3113
239
15
7981
2327
1341
3973
6963
6186
8296
5481
8053
1774
6957
518
310
8186
8947
6940
9039
8295
4817
5909
3272
5801
5770
6190
9409
4206
8809
2164
7320
9048
2180
5301
1376
3522
9275
8339
9708
7571
3821
7762
9346
778
8280
9656
8965
7227
6597
8005
5523
1415
3914
8796
7216
9684
4986
6625
3891
3795
8790
1211
2844
971
6513
4220
4493
5789
2560
4201
3360
6381
1964
2707
7160
244
2363
6125
7472
8960
4131
2996
376
8045
1792
7592
7730
6778
4218
1622
574
3009
2833
3418
3980
9347
7638
8473
5136
198
2675
8497
6580
4639
1205
3740
4884
3568
9866
2357
2529
3997
5354
2905
2043
7146
498
9774
3925
4717
1396
4500
7726
4230
7918
1706
3578
5556
180
8714
5755
2856
7212
2335
7496
8417
6075
2381
1986
5942
4738
4516
9939
92
7422
1983
7239
7920
1757
1165
2638
3153
5665
364
7384
3584
2071
962
9140
2252
9677
4896
5108
6890
7231
2605
5308
3307
4986
7294
9249
9724
1810
9189
9817
9232
1172
7057
7153
2930
8222
9791
6083
3888
156
3468
7472
2227
4430
6613
4479
4107
1509
9588
997
8741
2193
6305
2049
7179
3600
1299
6904
5411
488
6722
4643
1660
3779
1797
4590
2002
1588
674
5890
1744
4143
3363
3972
8573
9977
8452
2681
1487
8041
3678
228
234
9984
2278
7414
3584
3577
4319
8996
4065
1041
3639
5726
4820
5437
317
6822
7026
992
2713
8771
5135
6077
2743
3708
6054
1196
6389
7541
9237
68
7770
9472
53
48
6886
3638
3625
1205
2634
7691
2246
6274
3417
7067
1711
3735
3890
8738
4727
6604
7509
9862
2681
253
3571
8736
1449
9961
6278
687
30
4048
159
83
4096
7045
3721
7722
8251
6356
5414
498
2630
8832
7566
4342
2567
1456
3080
7294
8061
589
7157
743
842
729
9479
2292
691
5757
2979
721
9806
3138
804
3903
184
4526
1625
8436
882
7040
8934
3512
5872
6501
7855
8439
7957
935
5734
6019
1524
2892
6762
2367
3622
6242
4660
4313
2000
7639
5034
1806
778
5838
5709
963
365
7335
9399
1247
4375
8334
4760
247
4835
2615
8687
2793
3550
4421
8812
5075
7314
5574
7443
936
1817
2103
5249
3817
9743
283
5623
521
6122
1332
1485
6487
8668
884
7735
3043
9218
2496
3290
4053
5112
1977
6847
8663
6399
5659
3738
3714
1234
1182
4650
3051
3285
9899
6869
3029
183
2492
3551
6306
3825
5036
2794
2493
5920
529
5536
5139
3026
8827
9193
8138
805
6040
6802
7205
1699
540
919
2934
1723
5569
5985
5009
5469
2854
8038
5652
5347
1589
1958
9173
6625
4753
1666
2546
5282
7203
7686
8309
6030
6879
6448
6836
2919
3250
4041
4619
3791
4960
7553
5514
530
3539
523
5999
6394
8561
1652
1741
151
3611
915
6777
8364
2581
9324
3647
9785
7010
1956
5816
3889
8404
2652
6809
1655
6693
1428
5446
1654
8982
960
2184
2521
1484
8184
8915
46
9836
657
197
3448
1572
6975
1812
4154
6299
5459
3939
3309
7416
9755
7198
5821
2408
4008
7476
9102
5436
2922
756
4418
3883
2941
6939
5368
1125
5855
5414
962
6513
5612
4410
8086
2587
6223
2240
8886
1682
6180
2196
9099
5936
9395
4920
8344
3403
2397
7446
8839
5320
8203
3258
9203
1144
198
4571
2270
6054
9986
3232
2567
5598
7643
653
8185
3866
2894
7072
5548
9075
9269
4648
5011
8664
9568
3355
2068
1966
802
907
7286
9005
4166
6490
149
4364
1061
2419
419
1048
5652
2986
6646
3295
3640
4832
7161
6535
1905
2710
5610
1174
7358
621
9839
6927
3977
1907
8893
4780
2815
6179
3785
6981
2669
3934
1346
3731
6354
1766
4779
2006
4752
1426
5302
8393
6259
2463
4928
8164
5173
539
9339
2532
1161
9178
9459
5139
1086
8352
9919
3901
4531
3704
883
7200
7639
2230
932
3994
3996
5711
6001
8748
7138
1303
7142
3397
3767
2071
1561
8941
2610
901
1473
3772
79
932
8911
1165
9284
8830
5067
3816
2535
5950
1017
174
8180
1949
4168
2176
7661
170
925
4799
1473
8068
8196
5240
139
9758
4181
2750
659
5655
6522
739
6587
5433
1905
5872
4264
6972
9688
6799
2922
706
6973
1103
2655
1142
3280
317
1312
4206
5116
2786
2274
3313
8026
2414
3071
2208
5164
3731
7864
1687
4470
4451
7120
6375
324
1385
3347
13
8184
6270
719
5157
7374
3375
6300
654
3692
7612
4861
8809
399
7136
2122
8426
9550
5194
635
4715
8925
8499
6402
3396
2950
3523
9771
3275
4908
3119
3288
3092
9390
4007
8250
6764
7382
4550
7419
1075
2163
2280
9884
2562
9416
2006
988
8967
7201
1623
3682
6127
123
84
9523
3073
3607
9295
6349
8516
2415
9637
1608
1805
3645
9858
8570
1028
4409
5989
2103
6573
8270
1987
9136
7687
3994
124
6654
1195
1748
336
7323
1872
421
6846
4946
4029
6141
1295
2545
8556
932
4154
362
4577
4013
8932
5605
8422
4922
7709
4995
3192
9696
4131
879
3691
4256
7534
4887
6005
7870
2210
7877
8292
9056
2823
2321
5198
4118
4867
3755
5051
9021
4117
9629
3034
3050
5235
1457
7972
2944
6453
1165
2640
585
2045
6332
4841
9579
1219
847
7450
3429
8725
5743
2486
1549
8064
7684
5668
2932
1440
719
1953
5558
349
4988
8608
5584
6445
6581
8528
2898
7747
1169
3483
9793
7501
8325
9372
8720
9173
6823
2150
7898
2566
4636
9448
631
2321
5116
3564
3761
5836
5517
9319
6185
506
7928
1769
6952
4509
297
9850
2257
1467
3334
2050
8968
1660
1423
7689
833
8247
9840
8732
814
4476
8180
1446
6798
3296
5010
559
9132
528
9879
5318
1034
7807
7087
7986
2317
7385
7837
4574
8852
1172
6625
7821
2832
8048
5511
3666
6296
5351
2398
7110
9828
579
8556
6626
3876
3566
7186
3009
4095
7065
8327
5129
4873
5414
3116
7190
2800
954
1765
1652
2126
8390
9474
4958
6439
4985
8624
2735
337
1023
9846
165
1602
8402
6792
5479
1969
3979
8488
6065
1045
6815
1195
5918
2230
4311
3108
5031
5265
4874
6684
7391
3265
6158
2350
9704
1144
975
2440
1481
1998
2286
1647
3601
689
8440
9081
2659
2419
7569
8724
3464
4385
9919
9383
6616
4231
2491
1647
9497
7366
8331
6888
631
4490
9239
336
5634
214
2776
7116
2213
5063
8763
5815
5752
7204
4896
8412
9623
2466
7136
3088
6851
7056
2471
3468
1288
4963
5115
785
2329
3447
7673
2961
7938
6913
3297
3572
7127
6073
689
9341
1136
9453
5156
6889
6657
53
5301
6281
2519
2438
9370
9371
9495
1841
2839
783
6805
7954
1568
9135
1402
9242
2096
9340
6155
5394
2913
3283
1467
3602
2624
2604
3056
7781
9494
9713
7834
4795
5995
354
7234
5365
9725
6730
7207
2564
7513
4012
519
9082
3148
1921
8324
5245
1262
4480
639
4175
7763
2106
7778
388
4711
834
8169
4205
548
6004
9001
6544
6359
6236
1910
6084
2966
9117
8649
479
3130
9168
9561
6278
1090
7886
1523
2352
2366
2162
6528
130
4269
4307
518
8981
5142
8688
3187
5691
4693
2188
2235
1052
8424
4145
7137
1391
3262
5786
1870
6393
4955
1432
2672
6045
9319
4195
8398
1685
6358
4927
1816
628
9234
2334
9610
4376
1023
2797
67
5717
4985
2302
6770
3410
6448
3907
4801
9711
9693
6672
6104
4649
8105
8776
694
7424
2972
9092
9110
9331
4020
926
9960
3254
3261
9570
7630
4285
2367
7698
2
7353
1
6772
764
6449
680
5566
6160
374
2239
2265
5023
344
1042
5718
7768
4014
4811
6878
3346
8831
7805
3306
2085
1066
2877
9716
5351
5245
7415
5354
2599
7416
2127
3363
3866
2807
8930
27
3182
1169
2292
8205
1513
3334
3923
9282
7349
8735
6161
696
7566
3966
4002
9651
5033
6880
9368
384
2125
6783
5738
4725
4199
7866
8088
8066
673
7018
8093
3856
8188
386
2062
9701
3721
5985
8984
1071
4721
5145
1767
2287
9112
5770
1938
4145
2650
1307
4530
4776
8090
268
9501
2290
8135
7590
356
8808
4609
8450
2665
2797
8836
4727
2499
2557
713
1483
3628
5434
6629
5395
7721
5741
1166
9660
9886
3816
967
4416
8593
9058
4685
8095
1348
2820
5685
1705
1629
295
155
4295
3093
8992
9022
5592
1550
9735
7076
5178
5169
3705
574
2891
9447
1740
2551
9333
5557
3519
3750
4150
2577
8436
2246
3926
1257
7931
5632
2887
8227
5787
7182
1320
4780
6204
6913
6330
5940
3989
1508
1110
7695
2083
4001
7142
3824
6552
6476
9381
72
227
3532
2649
8664
5778
6576
9921
3710
2208
2809
1937
7995
9991
3258
2776
6196
172
9106
2137
4162
614
3247
1857
2698
7248
9000
6522
3801
5477
5904
3873
5705
9437
6523
4369
5216
3099
4291
8927
5307
7100
865
3303
7092
4123
6079
3289
4295
5185
5426
8457
5800
8674
315
8498
5922
9316
5021
9723
4794
926
3597
499
363
120
4868
5580
3220
9160
4507
8527
6261
5372
1831
3353
9495
7911
6643
3791
3096
2070
2249
8897
744
2565
7396
6666
1881
2418
6390
6675
3344
9988
7175
3708
108
2043
9288
3328
1204
3795
1856
7465
9168
3688
819
8664
1599
7462
2455
4696
9532
4705
3593
277
7270
990
6943
9152
3408
3334
5827
6752
3322
3003
461
3431
5046
9749
6760
6251
3545
8616
3716
2713
2305
4536
1377
3904
1998
3833
8601
1531
8539
2194
1808
5809
3185
8752
4962
6593
2086
790
3346
5409
3793
3807
8840
8840
3557
5600
5091
7103
4217
8808
9816
6522
3344
1194
427
5343
5028
9028
6875
3567
1223
8684
9377
4408
7436
4339
1002
9523
5129
4348
4933
8922
8156
3773
7762
1713
9374
2854
8816
3591
1662
8633
114
5006
9828
542
349
4856
9570
7224
8424
794
5908
7802
5203
3345
2141
6205
2869
7271
553
7802
6194
8709
1575
3957
423
950
6811
9239
4542
8474
7872
4657
3480
7701
5199
3830
2557
4770
1055
982
5564
6964
8784
767
309
926
6972
3178
8198
7526
981
4393
6236
2557
8350
6659
3507
5162
5899
8049
3636
3772
2706
7117
1473
7906
947
4031
2676
2002
5013
8241
8967
3798
9008
9276
4725
5981
2455
2924
3508
3436
7317
9744
5993
5668
6403
9501
830
2303
7550
4467
6075
257
1584
7548
8163
2532
1579
840
4535
6593
9081
3502
392
8089
2779
5117
4071
5234
8042
7579
8671
5359
7323
4665
1027
3727
4166
1858
6030
1717
6325
2105
1974
7909
9654
138
441
1234
978
4977
7827
60
8479
8220
8149
1258
3338
2221
6493
1380
9800
5164
6739
7124
9830
7767
851
3996
9625
6882
5714
5950
8988
7689
3860
8643
7827
4302
9877
8806
9279
7705
8866
7758
5925
7016
9017
9263
9238
5510
644
9038
675
7383
6162
505
5150
7014
4502
4776
3897
216
726
2885
7906
4586
1528
5734
8888
1406
4540
8168
9111
3407
5926
5036
424
4944
4300
9662
455
4944
8701
1130
2328
4864
1636
7479
1878
6139
2255
5776
6355
2982
8661
4261
7569
190
9996
6458
1596
4537
4626
708
7944
553
5745
8369
5497
45
8032
5952
4990
6733
7083
7319
1597
8719
4799
3476
4858
7054
9252
1214
37
7914
5476
7606
8104
5472
4064
9701
9
8690
409
7954
9244
6154
6324
4741
6200
4356
694
1191
1090
7777
8510
2688
6497
3309
6164
1355
364
5417
2570
402
3331
8046
8008
1436
3519
2073
1138
3528
764
1548
1483
8
7702
7807
4750
3903
2163
5444
5094
3253
3222
3605
5941
9719
6914
2106
1075
7279
7523
3645
7681
855
1692
5690
2292
5211
7763
3430
8740
8528
4978
223
8536
2681
8030
3287
6584
193
8731
1679
3447
1954
5284
9389
1674
2199
1495
2749
9478
9019
6395
7160
9874
8087
2850
2166
3299
613
5597
2039
9141
575
2262
7678
3257
293
965
9842
486
9697
1521
3934
1652
6806
3323
3326
9005
4818
6076
8484
3837
2471
5644
3712
559
8494
5879
3858
9108
1476
5898
8250
2052
8160
5929
5309
8453
6894
5151
8940
6592
6673
2874
8244
3479
6198
1570
2485
1017
7647
969
4855
118
6613
8567
677
5108
4446
4536
4216
5923
434
2467
7975
8595
8396
3285
7049
5290
8437
5989
1883
5110
8864
127
8590
5062
1698
1076
6079
9345
2045
934
9464
8658
9502
142
3767
3949
4678
7983
9872
5113
450
7848
3708
8846
1133
758
4137
9570
6747
6020
4681
5612
6148
3272
675
7847
4348
6755
7193
6393
7690
6657
5052
7192
6800
8819
1141
1479
6803
1014
6592
7254
8862
301
6100
9995
1059
238
9566
7807
6259
4247
3420
2407
7519
4095
255
1867
850
7448
8261
8540
4105
3313
5733
905
2133
6875
2384
8936
7889
8977
6190
6752
9279
2291
6747
338
2529
6313
8146
8788
560
1566
1196
8080
5662
1451
9947
6513
8899
8208
5054
3005
1522
787
3911
3655
7663
6296
2592
5552
5274
8782
2304
4553
1073
9052
4892
3603
5366
3039
2392
5927
4606
3589
4007
268
5040
3955
6782
3940
2164
1836
6946
3686
2623
858
7342
287
7155
9934
5839
2429
8716
8144
6983
9790
7197
1876
3394
2563
4915
5786
8490
9521
9375
2497
9790
4416
6453
6572
8357
8617
8408
5303
2303
1032
6162
9646
1319
3317
9580
7159
5747
8297
5303
2730
8088
2501
4606
1482
5064
9522
7268
3554
9043
6644
6052
8834
1061
2505
5406
9418
1122
3815
4721
3426
4847
884
3072
6167
4201
2653
3326
9949
950
8630
2680
9038
1131
7287
520
6195
6809
7789
9750
5853
4434
5802
4687
5495
8308
94
4913
9431
3909
9635
2857
8757
519
5930
4924
4721
8583
8251
4671
9534
6882
7351
8572
8014
4638
9093
4210
1448
6883
3960
7302
1317
9763
1989
6813
8071
2084
1727
7503
5993
1362
360
4751
1882
6291
9676
6604
4874
7927
1275
4409
4810
8627
2981
2824
3266
2075
7034
4714
8958
994
2017
276
758
4007
7090
8830
6091
8817
6333
2085
180
6694
6836
2063
2985
6513
8667
7860
4441
9943
2269
9251
8570
5251
2075
1837
7326
9110
6552
6285
104
8569
6562
863
2576
3652
9693
8667
2470
6027
752
2650
2721
7589
4713
5706
4102
3381
3566
8543
3324
5836
7795
1895
1087
9870
3732
8414
8980
284
4699
9085
8853
1262
9949
1430
4914
9642
97
7384
5669
850
35
8391
8440
4749
4097
2543
8130
7664
1087
1454
3500
8882
3350
4588
8753
7083
3002
7733
7367
7702
6819
6221
8964
6768
7651
3879
6411
7749
1264
2081
8600
1300
472
7040
6049
4570
9583
4179
2234
670
5634
5735
9553
8984
324
8306
6068
3327
6040
3435
1029
2859
9657
9994
9628
7309
3874
6040
5058
5138
8121
3659
6438
8594
699
2487
3164
283
6667
5399
954
2301
1135
507
1286
1459
8813
7354
4786
4854
790
5816
7713
447
5810
7342
7757
9684
3382
2815
4823
1504
6475
1261
98
7174
3749
3263
7458
416
8663
8412
2718
9798
8920
4005
1257
7734
1359
6044
2588
2150
1860
302
2598
7671
7644
355
7356
1027
3171
2179
2531
9646
3441
2630
6821
7191
5893
4279
7608
4556
2692
327
4355
1613
4332
5613
9348
5692
1657
1936
7842
3518
2239
441
1190
9884
796
8546
911
3967
726
3443
3614
4168
6073
435
1360
1967
4715
8968
6524
7408
9296
879
9021
3628
6492
8369
9320
8149
306
7163
1668
2545
7604
2858
2429
8401
1404
3341
2369
2131
6784
5983
6300
2857
6419
7660
4824
1135
6629
1349
8543
5925
2228
7564
9553
8721
5934
8874
6871
6240
6038
8539
8786
3643
1397
1216
2045
2802
4557
4414
4934
1341
398
1234
4199
6818
8895
9024
7953
5524
373
6496
1449
2602
4061
1003
1323
9995
9878
8194
6235
5917
6734
5022
9560
8132
6238
1605
935
795
6020
5869
2137
6418
7104
6336
3236
5999
5360
1190
1524
5734
7686
2974
8336
1747
3977
9659
1742
3856
7854
7978
9773
4588
3000
9334
2720
9239
940
3656
35
6960
9525
2172
3379
6630
8509
6615
2629
3870
7805
4153
9604
5492
7127
7941
7239
1105
7600
8982
4961
5455
6960
4735
44
9961
4069
2765
9201
5009
6421
9236
1970
5947
1408
5349
2577
9918
1965
5206
3788
9771
9360
3393
5263
6488
1334
2503
7594
8934
1485
2556
4390
8446
7291
4434
8408
1361
7200
7609
6371
3621
6845
8341
9568
8254
3690
2145
8172
5656
7352
1961
5427
6713
5354
690
3201
6688
3193
796
5623
4679
3352
14
3125
644
4448
1534
2006
1648
9143
8377
5270
5989
6719
4838
4243
410
6984
2416
6066
4336
4378
1493
1049
9732
2184
4251
6421
5378
5047
2044
57
8400
2059
3183
9044
6507
4717
1050
8156
3860
9428
3426
9849
6147
8265
4093
6558
5249
6509
2624
9586
887
4118
635
620
6302
4887
7041
1680
9935
9086
1737
8335
1145
4921
7380
7653
9638
8431
5810
3498
7859
9237
3348
4007
7502
7441
565
2752
3951
3190
2338
4839
7308
2974
5459
3611
7861
2501
5292
7797
1588
7029
6132
2734
1950
3513
388
1589
1944
6198
5087
9804
5435
8435
3811
2938
5877
4377
5691
9828
7568
8030
4667
4876
1004
126
8488
8866
2628
3780
6663
4216
810
2796
6950
2761
6309
7339
4350
8254
3537
9438
8058
8973
7873
1870
1912
3750
6248
7603
3579
3816
5633
8246
8693
6638
8373
7181
5504
1001
962
2168
5218
1772
4965
2169
4533
1275
9508
8884
9529
3045
8322
7588
2019
6196
9458
3931
9946
5706
1535
3526
9523
7169
1772
8216
3807
145
5398
9312
1146
6360
1481
6364
8132
6446
8533
2666
7721
8041
1550
7251
1087
9872
4839
3106
6068
4297
7038
6015
4
8573
9541
9527
5743
1313
7744
9550
1459
3142
8863
2606
9502
344
8971
7634
6791
7505
301
4512
5546
1851
1764
6634
1724
6603
9741
7792
901
6779
3808
906
5353
3350
433
1096
4664
8177
647
6123
1319
9510
8729
822
9854
7700
8456
6646
5205
8757
1159
752
609
2923
7387
2333
9527
7128
126
428
3908
3935
1334
9262
7285
1768
358
1949
9946
1005
8073
1266
516
6802
2088
370
4503
545
7017
9709
9303
8176
462
9912
1099
7850
2246
626
4979
2372
1055
8887
6307
2390
8149
3592
4158
8508
5542
4105
9513
3615
5371
29
418
7460
400
4922
8005
7417
4632
7308
5594
5094
7221
6693
2945
9467
7320
7924
1840
8375
6811
8147
765
4961
1740
4924
3469
7282
9029
2983
898
4400
3013
1316
1861
3414
6238
9866
832
870
7175
6426
5965
4397
3120
8910
3864
440
6834
5704
8815
3646
3852
9581
8608
5592
4505
2078
2875
3534
5062
3773
7935
8075
5090
9796
1490
1329
9663
2323
2199
6839
8750
8165
1236
1870
7075
5100
2310
3910
805
1126
7556
4657
707
6165
250
5213
8243
3126
8747
3305
6899
6683
1381
1990
6480
2872
3319
6144
5195
5519
2983
3945
3684
4219
5816
760
9320
8126
4670
126
9253
2227
4783
9961
8392
5034
5174
6636
8160
3922
9941
5060
606
1323
7050
7086
4195
370
3230
9391
5889
6213
3337
9573
433
9153
334
9754
7279
5004
9880
6533
7232
4664
6494
5625
9698
1669
2261
7858
5592
2203
2919
6198
3527
9970
3285
7722
340
6515
7114
6229
2729
451
5803
3163
9604
6137
2917
6884
1142
2797
3417
8375
7461
9912
4000
7160
1582
6262
5019
7175
8465
7938
3373
1992
7908
6658
9715
8249
3174
6830
4479
5903
7281
283
9067
6885
6421
1984
3770
7564
4782
7188
5939
2244
7101
9940
9404
8683
6202
4423
5858
4668
2362
9232
6661
271
5891
6376
8520
9065
3206
3000
4969
488
3283
4036
7374
9704
6021
1144
7268
803
8332
3208
3048
5434
3148
2452
4118
9350
6876
9976
4019
9238
9209
680
9510
5100
7057
8031
4165
263
1031
9134
752
4315
3171
8126
4020
9192
9270
1289
9995
7603
4497
3043
3037
7645
5496
7156
6996
2373
7132
1015
1612
6342
1695
1122
1442
8753
9153
5608
9017
185
4743
9769
4500
7914
7895
8521
7106
7166
9810
7102
4770
4307
146
7808
1953
5642
4964
8950
8016
2097
9966
9628
8439
1662
750
9882
415
9904
5491
9432
90
234
9201
4590
8148
7097
3111
5255
4263
2922
2357
9034
7229
2504
6842
9183
8147
1807
8134
6163
3904
8100
5791
2344
9762
6542
2227
177
6446
7718
9609
6536
7952
8811
1127
6101
5908
4239
1356
172
7161
3714
9207
4391
6218
6050
3575
4365
7857
1709
528
1762
9809
6320
4107
9572
2862
6334
9749
9308
4053
9359
5845
2006
8171
6972
8108
4079
1212
9465
4252
8374
3179
3459
2765
9398
9509
6340
3764
7367
8050
4292
9129
7859
613
3237
7431
3475
9572
7181
2784
3625
6541
8629
5632
4712
5602
3740
8792
6814
3205
3044
5188
6384
6504
7954
5783
6013
4295
9547
3380
2345
3840
2510
205
4453
5747
7637
7928
5319
4819
713
8945
1360
9342
4577
6072
4945
8317
4865
1759
1522
7909
6948
7907
4413
4903
3690
427
9198
3238
3808
1544
7078
6318
1749
1531
2066
9386
9460
7385
4206
173
6331
5566
9516
908
1639
4461
9225
6504
6221
748
4414
3170
8656
8828
8073
2347
9255
7272
5585
3063
8816
2663
9382
566
4195
1448
9953
3656
8834
4159
3830
5165
9725
3346
6073
1365
7808
5299
7870
4029
6048
2284
7200
4704
1113
5274
7052
368
2546
2637
3432
1363
5300
2815
1929
9496
4263
1882
3152
3097
6041
6982
8263
5767
329
4337
7133
8137
9637
5003
2167
5685
7287
9367
390
8400
4641
7442
8769
7188
80
2202
8551
5380
5017
481
4877
9280
2363
8029
2378
8405
5012
642
4173
5341
4979
1306
3478
4616
6309
5645
302
3597
5013
693
1998
9655
8136
767
6843
8216
2969
5395
3597
7987
5876
8474
7267
8240
6504
9646
6646
1516
288
819
6857
5268
2125
336
9884
8435
5982
187
2032
995
880
4030
651
9016
4798
7495
7233
7767
2890
830
5755
8767
9305
3022
7008
5809
2669
3654
7325
2958
4473
4183
8226
6599
4519
8111
5034
501
8298
7066
1496
9179
1097
2148
8196
5895
9643
5429
3663
2533
6260
9418
1301
5565
2441
8309
1375
5110
1963
8700
8069
6437
2883
6295
3036
7403
4407
8070
7904
2706
5137
9401
1885
6234
1549
82
2129
1192
5512
5792
3726
1772
5211
5027
7338
7652
3337
8713
2763
5300
7414
832
1737
298
7127
4774
7701
1535
2844
5605
4241
7981
5007
6126
4215
6556
6209
6345
7749
1721
2138
1475
3494
7349
6503
832
5001
9840
9546
7764
5141
6961
8596
6879
7259
5724
1653
4960
7259
4498
566
1501
2479
5574
7627
6695
2130
3836
3041
9880
5558
5179
1355
9052
2529
7858
9885
7530
7699
9432
5295
2841
6393
3892
9720
3653
9617
1374
8614
6877
5872
9181
8378
8352
4755
6006
5047
6886
9843
8089
6766
5401
3268
8121
4454
5797
5980
4340
3328
3680
3772
8624
6521
166
2516
6242
3819
2134
7617
2433
9011
3489
1614
7390
1842
6369
3396
6889
3255
3239
4978
21
8641
8247
8143
3095
4045
4123
7435
7373
7804
1208
5997
4325
1374
8514
568
5193
648
8185
7626
9660
1675
9240
7050
3517
5610
446
407
8865
3686
5386
8887
2327
3633
7030
5423
7678
1154
2859
5052
8958
4067
1050
3284
5441
9564
3852
635
213
2038
8261
9873
3713
7502
6924
7230
3113
7370
7637
1979
1057
3023
866
3385
6657
7897
8808
4336
9051
1668
9388
8010
5735
439
1295
1177
3
5147
1812
217
7186
74
90
899
7577
7015
8130
691
4386
5767
2670
5443
8791
3536
8828
5449
1434
7637
9785
486
9305
9174
8496
5041
9613
9791
6219
9617
4939
8032
9834
2126
8107
9925
3025
5684
6940
1156
6375
1326
6923
9046
6769
5715
2582
5598
1164
4016
3236
950
4502
2542
124
2999
7584
9738
2791
3803
9355
7731
1835
9189
9857
9942
9115
2883
5627
6055
4039
2003
7381
963
1049
4151
6678
3632
9750
7843
7649
2986
8794
2152
5529
8919
5151
3113
8657
7943
6916
8013
5674
8752
7202
5532
8694
6317
8415
4322
2373
2454
6326
9755
3417
7375
3906
96
1008
3656
7940
8657
6643
6734
809
2173
5654
5961
5286
4311
3904
2202
2324
9579
954
9527
5111
9649
5845
3526
3972
8218
5981
298
7973
9399
7674
1880
9495
8682
5537
7436
7340
2181
4171
8149
4354
9825
4111
9640
4137
8015
1843
6462
7595
2798
5989
2706
2447
1835
6232
6420
54
2214
6718
8028
1613
4392
9908
1109
3075
5446
8546
415
7627
2717
8565
1981
2543
2676
1622
6681
692
3465
3143
8287
6263
9133
993
8711
968
7226
5132
1022
9440
1850
9051
1054
6243
8959
2163
9318
4405
709
9734
2032
3427
8299
4014
5971
976
5636
2652
1668
9102
5795
9956
5366
4928
949
4077
5897
8176
9209
6920
7617
1060
5971
8672
7304
4930
835
6622
9336
1545
6357
1369
4973
4656
5384
944
5633
1020
3596
7301
123
9391
7258
5489
4320
8207
9567
218
6384
8777
7138
4002
9837
3109
2674
7141
8040
3510
3764
7377
5055
122
8747
29
4779
4131
973
412
5152
4569
7714
5275
3961
4972
764
8282
3179
332
8500
9564
9109
5639
3567
8947
8749
6241
6089
6789
9751
9854
4167
4807
9976
2914
4837
4755
7045
5810
5167
2197
380
2881
7473
4342
7853
8238
2624
1033
8570
1125
598
7680
6764
4165
6627
5513
407
2717
2303
158
2572
6470
4966
2548
9385
9803
7304
6430
5614
2472
8628
5994
5354
6101
336
3207
4339
2961
4241
2910
4087
4840
590
851
9005
7218
6365
9412
9935
8669
9571
2508
5140
4538
5056
4525
4341
2361
956
9956
4833
9584
5950
187
5685
6287
3395
25
9249
7637
2935
3336
2477
3525
4188
1483
744
554
896
680
9223
467
3188
4363
5006
8245
8889
9347
606
9845
9303
5439
9429
5254
5627
5115
1541
9022
5141
791
6659
8076
4127
9137
1602
8315
620
2346
8870
1516
3027
8093
1984
6215
2457
6990
4460
1346
6338
5066
1191
5642
506
620
896
6134
5736
2438
5156
877
3229
1816
8954
7357
953
556
5673
1574
2903
4543
3091
5930
2637
5075
2146
5094
2065
6606
6440
8404
1673
7631
4046
2180
8252
4943
8314
3989
7381
3471
4866
611
5288
3820
7969
6241
4377
3642
7816
7281
8186
907
3211
823
5982
5358
5917
8048
1965
2358
6452
3638
9990
498
5819
8242
5441
4133
2231
2823
7604
7098
3435
2892
919
1405
9134
5296
5048
6951
2577
3234
7858
5789
4058
3841
1147
9976
1890
3112
2335
8342
6751
2325
8841
2570
568
4283
6704
2800
7107
4309
9898
543
7202
817
1948
6337
6114
6997
3288
8692
232
1147
4481
4291
4989
5629
4267
6879
8742
6602
5222
5494
8928
4063
8064
9496
8347
4769
2296
5455
9078
2195
5998
6280
3013
7947
2617
9127
4945
5906
7819
5177
7053
2301
9468
2043
7930
3736
8922
6673
339
4144
2167
9267
8208
232
8763
6556
5001
1060
2011
4080
3255
8010
360
6268
5958
2978
5395
903
8885
3215
6080
5939
5516
5549
7982
3447
9285
6905
121
9624
1049
2288
8891
9258
2521
7655
5815
7522
8715
7826
1602
1970
5836
1963
8239
1794
4942
3635
2698
3827
6850
8778
9767
2367
4327
7749
5814
3612
4654
5936
3237
5704
8224
2128
4963
746
9783
778
8269
8498
8604
9871
469
4441
1835
8708
6236
6778
2343
8934
606
9194
7713
373
1561
2041
8123
7376
5654
2777
3312
8891
8482
1537
1020
3445
2283
803
4224
552
9302
2828
424
9772
7270
2260
8480
3507
9038
824
2442
9645
18
156
18
1579
2197
8142
8955
7851
920
2268
6742
9402
3805
7762
2848
6089
8566
7072
6641
7869
9901
7066
7641
7172
9326
6121
680
8365
6946
3122
8011
6964
3278
8030
8543
5476
6172
7499
3327
7092
9767
70
6495
3573
7833
9343
9662
6400
6415
6304
4269
6317
3370
1911
3489
2697
8033
4169
1063
4979
7292
9074
1943
571
7104
487
6047
3276
7986
9375
369
7754
9446
6864
1327
7280
6207
989
3680
2623
7294
7950
8941
665
9862
2430
3362
7895
6600
4426
2875
3892
3500
4818
4463
605
5306
511
3881
3292
9886
4251
1047
9333
1115
2374
6613
7323
3364
294
9946
658
8245
8887
1323
8107
1318
4686
6003
7918
9112
8878
1811
2613
3697
6275
3218
9003
6786
7100
2296
6673
1351
3343
6006
2466
5717
2620
9790
9082
2915
9736
9741
1160
8624
1065
9268
9943
5752
5271
7862
4865
4150
9673
7478
7847
5948
696
6850
2735
7797
9146
9408
9148
2489
5415
1615
8207
8036
1405
7290
951
1142
7032
2112
9767
8097
1380
9710
3850
6652
7572
8715
802
7246
6193
8649
3194
6890
5500
5930
4687
4646
5338
3836
7136
754
5452
5344
8790
6858
2635
9742
8000
9667
1854
7768
7765
3235
7478
1615
9887
5051
330
690
2297
6524
9340
5492
3414
4840
1422
8102
9487
6761
1939
6624
7516
7391
1969
6306
4249
4604
6049
2250
4271
7903
18
2036
1139
7497
3652
1026
2549
3982
1717
4847
506
1057
339
3921
5898
1762
2024
5386
8524
3963
2010
6040
1354
3979
2347
5604
8583
8396
7854
2855
6300
7872
4892
7439
5369
8544
8466
7918
2527
183
2765
3034
1241
3105
6955
7139
4868
8979
2525
3392
2943
4536
9433
4298
8516
1780
9902
7100
177
7756
9955
6477
5629
4847
3916
999
3392
2383
8918
5919
2567
1684
8953
3808
4789
5908
948
9658
4888
3474
3051
7832
8010
2484
2130
6526
4264
2032
3626
4441
9789
3582
919
5418
8430
4836
6417
1822
7219
5335
7741
9786
7019
6695
3594
1809
2604
4543
1467
7492
8017
4519
5325
6028
7003
7455
2555
1268
9487
6182
5710
9276
9764
6629
4695
8195
1466
1112
17
8685
6448
7759
8471
3467
4454
2066
5277
7058
6610
6745
4551
4627
1264
9876
655
8267
7331
3211
9536
6819
9393
5246
6096
9157
1876
791
7352
3342
1904
7370
2028
8352
5130
500
1820
9584
2567
7097
6643
9177
3843
1194
3805
5107
1071
4461
3375
8403
7672
2911
5223
7065
8158
1319
6223
35
2111
3576
3378
4016
946
5406
2368
6076
5906
4189
5661
8474
1287
2304
7651
5130
3499
1456
237
4571
5917
3613
2974
3590
6524
8197
655
4683
9517
6878
4718
1629
455
8096
5645
1401
3503
8014
7478
9409
2204
3140
7883
3491
5445
5535
8621
8945
6992
8859
3516
2909
2472
6491
6500
8997
4688
7155
3680
4206
4034
8398
5836
4489
6495
1481
5891
9998
9496
3370
9408
1700
6510
7292
5192
1956
2828
3813
901
9820
2673
4417
2730
5145
908
9230
4142
5597
6385
7823
9804
420
6222
5640
4909
2718
7122
800
2716
6618
4170
2125
8319
681
9418
3511
2637
2246
7325
3538
2066
9998
7956
4797
5144
8865
4027
9287
4463
413
7110
4267
833
3333
9907
5742
6051
7029
6543
8767
3648
714
893
1967
1395
311
5479
4032
2558
2804
7571
4625
2803
5528
9422
7947
4393
3449
7235
8856
3862
4346
3123
4696
7679
3031
439
3730
61
6982
2498
3709
7696
3391
5677
9092
3703
1156
3125
6261
3961
696
886
6764
6224
309
4712
618
3758
1947
9474
7621
6293
2598
2317
3973
5629
2757
7703
5690
9739
201
9400
7436
3592
5077
6529
7296
6233
9654
3558
194
351
4444
6959
6576
4754
1671
7194
8512
3619
6668
6134
9913
9267
8452
3886
4896
1209
1590
587
949
1791
9987
8385
5384
5065
4914
2680
1298
4569
6238
1493
4920
683
8453
1496
5437
124
8690
3950
3744
5359
85
3658
4626
8537
7545
9523
9746
9135
111
696
926
99
9081
6311
5164
3996
8991
6463
8565
5230
7956
3486
5913
6409
4982
1351
6534
3672
5301
279
9032
5386
3937
3659
3924
1483
3182
3671
618
3294
4367
1545
3393
3449
7857
8557
7446
6848
5020
6011
2078
2977
9497
7992
9386
4480
9343
5921
8153
4645
6201
7185
32
139
844
3957
1622
4027
7628
2241
7321
1996
3787
714
5445
1644
9272
2891
8493
4292
8903
572
7270
8401
8564
6657
2881
7908
2578
1034
2553
8779
8219
2586
8918
9064
6543
541
3091
4172
2782
413
6168
6570
1128
1613
8214
400
4505
6707
4693
3409
7280
1963
1810
5844
8620
4691
3753
1199
5725
6307
9979
3945
8893
8898
3010
5437
9439
6101
9609
2222
6515
5777
8792
7643
7391
7006
8044
1897
3714
2737
5306
994
4701
7116
6839
3322
1808
592
4521
7534
6900
4501
1479
5793
3399
4489
1230
2839
591
840
5061
7107
6617
3853
4750
4009
860
2794
5906
4575
5532
1212
5569
233
8328
2409
3555
136
3002
8077
7670
9902
2579
9150
5696
5978
3640
6926
8817
4232
7767
3879
1339
4384
7732
6090
8394
8593
8885
4300
3168
4417
5512
8737
4650
3841
1147
8206
3978
4149
6284
1649
4051
8863
800
9747
4842
4441
6674
3660
8673
4442
7539
13
8827
5271
6103
7221
3864
4988
1521
7032
9406
7034
5770
4056
876
6918
2263
4855
1067
8547
6505
5119
7411
7305
4867
2253
1747
1542
5913
420
5984
3452
434
4811
8724
6538
2032
2589
1526
3554
9622
932
589
5393
4989
1465
2311
7253
6321
3379
5801
2826
8498
3212
132
3366
5466
1879
4908
1380
2299
892
4832
2734
5704
3557
9272
7737
6147
799
1291
5769
1732
1880
1163
6722
3346
3474
3975
9667
6854
9776
2493
5353
2989
2626
8719
8456
4505
3627
9836
6805
4520
4669
9539
225
8226
8811
7962
4373
9611
9253
143
1343
1134
1307
8065
4480
4782
2040
4148
1636
1817
6642
6989
4807
9268
5708
3263
3773
9336
3099
579
3857
7768
118
4082
5995
8930
2044
369
8541
1297
513
9885
2432
1820
7950
6913
6602
9991
1061
8239
1809
7704
5228
6616
6973
937
9880
746
273
2980
1326
4131
749
1444
8213
6745
375
257
7114
8917
1555
7628
8802
3987
9448
6752
901
6051
6744
1962
4290
8553
9667
9519
5170
6640
456
5051
7387
730
8032
8713
4861
8781
158
3074
5527
533
3332
2642
9450
4887
270
8252
8875
9718
5005
9776
5770
1750
1739
60
304
1406
9580
5474
8047
36
526
5434
767
8558
4147
5629
7340
4305
8703
2867
4839
2035
5509
4289
6923
5779
2542
5798
5498
7548
5575
1268
9298
7314
1329
9602
8721
909
5077
6768
946
5604
2202
1714
4162
6350
7343
1503
656
6046
4371
5495
8082
9880
9785
5006
5660
2328
805
1159
9877
6380
2428
9176
3694
3757
8779
2416
4667
3857
9184
5614
9461
1387
7328
3624
7738
4671
5127
8394
718
9498
3890
8801
9379
3676
3807
5039
6005
4613
6198
5882
993
8627
5058
4688
2384
3838
7104
7052
7695
6289
2667
7156
7676
9995
780
5414
4667
5907
3809
5385
5406
7699
4186
4785
1376
7994
9825
7381
2607
6024
3264
3601
4651
8322
8289
7036
2161
5394
4088
9856
1683
6755
7012
9359
6751
7793
4774
1418
3701
8583
6804
9107
6283
991
3893
7660
8985
3718
5041
1593
9742
8305
5194
4393
6628
3484
1429
8789
8878
5518
8646
561
2274
5659
9921
9025
3452
4696
444
7153
3280
7248
6261
9563
8239
155
7224
7224
3873
2265
8818
3616
571
4012
8009
7200
7497
9439
5989
6375
4957
4636
6936
7231
295
6858
6257
3747
1554
6701
901
4834
3949
7163
4398
2189
7318
1622
9414
1192
3888
8232
4808
4459
2245
2817
1659
9742
2256
7649
6117
7214
2285
3054
4445
2580
9913
703
6328
1467
7404
7230
6302
1354
4393
700
3543
1712
2323
2957
2904
6211
1189
7712
670
3435
530
2330
3177
2787
9979
9295
1
2265
2350
4447
4845
2264
5150
1173
3731
2555
8403
34
3909
2797
735
7453
4509
3058
410
7413
9269
1600
5126
9940
5035
5656
2270
8213
8443
2250
7509
8445
4515
9860
2892
9361
2124
8043
534
5856
598
8938
5890
4508
1736
6625
1961
6246
9683
2371
3659
8953
3972
8786
8894
9008
4443
1164
7221
2886
3414
4731
1332
7930
4591
4224
7291
6715
2267
7826
2572
2866
6765
8462
7374
8501
5088
9335
4747
4772
1707
8407
3725
5680
7194
2619
4688
1637
3784
1910
4524
7199
6641
5856
5129
1233
81
2421
7949
2349
247
521
5215
7012
8983
2590
5514
4071
1926
261
8843
3634
8669
2569
9314
5863
5189
4002
7500
8973
5912
2024
6173
2554
7881
1302
3787
7962
3723
1736
311
3971
2257
5527
983
1241
8117
6497
5313
44
6759
4156
3678
5428
6726
2992
1292
1915
6995
8792
889
2908
817
7062
5463
8699
8365
9250
6661
2088
987
6973
6059
3245
2501
7043
4486
619
3541
9800
663
300
3957
4341
5729
683
7334
7021
2599
4330
5814
3488
7238
6632
550
2702
5331
8915
1953
1993
1004
2940
8967
7064
6186
1468
4108
673
2088
7649
473
2751
7949
4430
7093
3679
5113
4428
700
7713
8758
6515
1201
5997
3147
1752
8700
8479
668
653
473
1673
3593
9440
8738
9780
909
2846
453
2997
495
927
5749
8445
5357
2843
2124
471
7271
2825
8184
6030
9340
9386
2028
2488
1138
728
967
1807
1382
1440
3480
4976
881
2218
4756
1790
5065
5210
4788
5560
6137
538
4006
1494
3381
6131
1966
653
8956
151
6684
8297
9537
8713
785
676
9442
1752
2483
824
3193
5964
5800
4074
8182
556
5865
3247
5766
653
8808
1903
1192
2815
3398
4573
8946
5364
5227
7903
5515
1911
6200
5053
625
6985
5729
67
8738
8212
891
1931
4177
6691
6005
2359
7247
1870
5607
3014
2524
4416
4918
3716
7231
8316
8290
6178
3681
3517
4081
9197
5429
282
4250
6054
7267
9980
6122
6005
8193
7013
7936
2370
3705
3942
4730
952
5812
337
3967
8337
4754
8885
2053
1986
7202
343
8164
883
3861
2246
81
9291
2528
4331
5346
9796
4311
1468
5802
2504
8482
3739
4875
2187
7681
9605
3140
3494
9942
7107
1831
4697
5993
3884
6683
3195
4228
4848
4079
8090
7094
4160
7381
9623
8492
2727
9419
2803
4196
5221
5308
2678
8961
184
4865
6642
9789
8005
137
9732
5112
1968
4429
1105
5853
1112
4301
82
5960
8380
8172
3055
2540
5553
2678
1032
8281
2098
3836
2477
7320
9145
5155
6281
9329
21
2924
9118
8026
3061
8851
3138
5030
3280
4244
884
4393
8545
966
353
6926
9138
3409
9467
4692
6087
500
2974
8185
4336
5452
5505
3482
607
1787
2812
628
4711
1931
8655
7773
782
1794
2803
4062
6038
3687
8455
4584
4653
8809
1511
3792
2218
978
8485
8306
1478
1459
6491
5815
6911
1997
9298
7519
3785
2110
8148
8496
4041
6804
6270
4823
8598
9073
8886
4636
2761
7342
9221
7415
6151
732
1208
8369
1711
9693
6676
3190
1153
3167
9005
8065
5165
8304
5585
8951
414
3734
7448
4456
538
3718
9280
9136
2792
8167
3773
5553
5509
2994
2969
1660
3727
4177
30
5438
3871
6706
8628
5024
9874
7634
3090
5040
5939
8676
3991
6354
2410
1439
810
2949
5158
91
2085
7950
8258
5859
3504
3767
8854
6473
5428
2581
651
5459
8020
4522
2165
6649
9547
2040
4283
2637
7080
222
1314
1072
6576
3724
2512
7387
6674
7670
7479
8759
5621
5737
4619
9125
9505
3473
5599
4934
6054
6250
393
4075
772
2558
724
319
4599
5007
2957
1680
5230
4271
2752
1807
7996
5264
9194
4670
2935
6673
3430
8556
2411
8049
7682
1917
1522
3281
6851
7577
9531
7244
1652
304
9803
2376
623
4403
7384
3581
6083
2614
7853
8835
4422
5849
4100
3617
520
7036
291
3950
5593
2702
2000
3275
4620
3523
6556
1471
1100
6088
8716
2753
6392
8520
5129
7016
2924
2514
597
9007
5129
8451
7843
9551
4301
1944
3168
4821
8980
3459
8772
4573
6162
773
7849
782
4296
4406
2254
5397
494
971
8150
6887
9492
3280
3903
2416
5794
4501
1423
923
2953
9266
474
7254
1211
3643
2076
191
7102
848
4765
3264
1622
2615
4046
5918
7021
6301
1315
7516
7272
9466
4403
6764
2746
8307
9180
8541
2809
603
9465
5762
9870
9939
3016
1081
3582
5093
1273
685
5942
6039
3949
7564
8654
7996
3483
5676
4297
4799
3192
1570
4265
7596
8334
7012
5904
7515
5554
8713
8119
5019
4476
7989
4959
7493
9071
8542
2586
345
9227
8528
6384
3177
6093
5039
1173
9576
715
5471
4375
3908
7041
8640
1505
5376
5653
7410
2891
1207
6123
1010
6226
600
9000
1185
8093
8071
9727
680
8417
8955
9209
4801
2132
5302
9840
3306
4878
556
8777
9254
4465
5819
7894
5970
1195
3548
3380
4087
4755
9504
5097
982
105
4098
2167
8198
2170
1895
8879
587
851
8089
5388
2983
3391
5229
6290
8270
5786
5067
7524
251
887
5419
6221
2083
8968
9602
6170
3723
9106
1268
4705
9211
5366
6873
7410
7536
8769
6290
8123
9620
4379
3512
2604
7771
8742
8894
6041
4528
3962
3566
4779
4850
8986
1000
6933
7954
602
3103
1678
9709
4372
6384
8920
9738
3258
6331
7275
2027
2621
5398
1648
7000
8911
4253
4772
7653
3148
813
2181
7111
4380
6960
1961
3367
7961
8894
1321
8564
1998
3000
8273
6370
9384
7194
6109
2642
3526
3384
4670
6147
8783
6319
3148
7694
572
7920
5347
3721
8734
7529
832
3115
4490
2793
6482
2452
1688
7803
1016
3686
803
9290
57
188
6485
6166
2830
11
9550
7500
6158
8333
3819
9307
6027
4392
7227
1375
8113
5962
8905
8945
9077
3396
1739
5559
5848
3427
3363
6865
7114
4166
6155
7171
4354
2640
3337
7185
2652
2887
4686
8810
1221
8506
8118
7249
2898
5346
8624
1012
1308
7530
9958
385
926
1697
5944
6775
5125
9307
3640
2239
3474
9796
9411
7829
2437
2748
5015
5089
5636
9701
3900
6857
8207
2018
4106
1106
7364
2731
2118
8672
262
2076
9057
1188
3774
5002
7963
8900
4310
1604
1139
7785
1400
550
5615
3837
3299
630
8926
8935
331
2826
5793
8538
4844
9900
9644
2209
2632
1763
881
2894
3840
9939
4083
7614
4942
2047
6514
9253
3651
7654
7038
5051
8205
2653
8888
1504
3284
7815
440
3615
641
6234
2154
5486
6134
1799
7695
8766
3563
8577
1660
7403
8516
5744
5017
3459
7791
1532
2712
1442
9186
9750
6494
7391
2404
5383
8896
5688
3198
9337
9304
3840
5571
1458
9327
1705
3258
7023
472
6821
5600
2133
4224
4117
7877
9242
7576
5668
774
288
7111
9961
38
3605
7353
2443
8989
6249
8131
2188
5587
7435
6029
1158
8894
5356
2863
2152
2380
3335
8974
7980
5469
3198
2097
3346
2441
9674
9015
3215
9962
6126
3176
1
9732
530
2445
8722
6780
576
910
2367
8012
6939
3525
6906
2296
6389
9059
4676
9724
8034
2657
5193
1232
4755
8540
3673
4429
7555
6889
4392
3682
66
4394
3414
596
6839
2136
7376
7415
3047
9743
5428
9986
3268
2335
2283
9657
1394
6959
9382
9428
9617
4576
661
4372
3117
4335
8802
672
1224
3194
4354
1291
7589
7769
1887
4428
9905
9264
1844
2952
9007
7272
2939
2276
9607
5223
1934
1002
2183
1317
430
1800
5894
1092
6173
9011
5427
4975
9684
6652
8170
4039
7943
5759
1808
9831
187
1714
9095
2031
4667
8103
9304
7607
380
8911
2830
2314
9913
5013
3632
344
6813
9527
1437
2986
8538
6865
7962
8223
3517
6132
2262
1461
1892
4071
1292
2079
5786
388
4111
453
8491
3416
8060
8871
2327
891
1186
2241
5904
4819
2586
2718
4346
4023
5705
2885
889
3667
1108
4406
9800
3371
5868
1692
7442
7161
3772
3228
7550
7884
3682
6041
1300
1743
4913
3628
2634
6100
5870
8539
919
8457
1257
5265
2481
6962
8151
3370
629
9259
7777
429
2631
3645
2122
74
807
5894
3302
8357
3778
6985
4399
5079
8728
9312
8707
1363
5413
4578
9902
6333
3035
1159
1599
5516
8121
9750
8886
8751
9010
6663
9181
1641
309
1303
1715
1116
7198
5018
9473
977
2003
3873
6056
732
3186
4764
2095
8599
9343
1997
4932
2378
3157
6531
7894
1279
6282
6781
30
5292
3444
9212
6933
3754
516
8648
4870
7714
3667
4344
8691
5670
8217
4748
6403
1403
9513
8498
3
8856
496
4936
1234
3653
1467
9129
4932
7749
5911
4963
3042
9355
4175
9975
3110
4691
8624
7981
2406
2291
2326
1098
7962
543
5847
4365
1947
5360
2864
1951
4217
3361
6887
5452
7015
8355
4582
1948
6105
493
6912
9147
9849
1087
9122
2959
5779
7747
940
8186
38
3266
9284
8001
3810
5132
2367
5758
493
5232
7709
4710
8593
4597
162
5609
2952
4744
7557
9058
5238
4469
8205
5087
5557
7328
8046
1337
5075
8987
9524
5114
2253
8809
3116
6064
3941
5483
1823
4434
715
9532
9144
9309
4130
9307
4918
7083
4052
2476
6141
9290
6946
4347
4378
2503
1675
2424
3841
6751
1412
3365
1866
3665
2174
4982
9730
6116
465
1553
550
1180
1086
9695
490
5216
9002
5408
2300
3055
7885
8441
2345
4831
2788
6724
7334
4464
9148
1176
1215
560
4542
3081
4226
6717
8063
3957
2833
8529
5510
3383
9710
6597
3079
200
1814
2081
5609
4114
5137
3494
2555
7483
8325
5344
4207
5660
9808
3355
6836
1024
3916
1379
4105
8143
8096
2169
2100
929
698
7611
4313
408
4208
7392
609
6022
9474
6218
137
4611
9712
2692
2094
8037
8037
6301
3698
7845
9657
534
8869
3574
1913
2975
1718
10
5144
3819
939
5843
1430
5253
6251
5639
2645
6861
1662
2120
3079
1799
6731
2791
4492
8826
829
2529
5127
4527
375
4785
5062
9244
8360
6976
2220
78
6986
7365
3897
7925
3208
5327
3178
9460
967
5824
6321
2630
7944
9400
4430
4676
2192
8922
3502
3021
1452
8630
7549
1827
3416
2611
1072
1776
9587
3292
1854
6574
657
5751
4499
3866
1079
7678
3326
2046
3503
9647
4677
1448
9047
9107
6124
1240
8029
9627
4262
9482
8257
1811
1309
1673
4423
2382
3449
4011
5675
5303
585
6333
1055
5085
199
2134
2764
3525
4181
6267
3173
8858
7716
2220
7965
3840
3461
5995
3467
7723
5477
1725
9534
6787
3399
3957
9170
6848
7969
4845
2152
8554
1178
3207
3639
1377
5342
6404
4903
9523
2671
8076
8382
387
297
6347
4228
3758
2343
7696
1481
7821
9421
1016
4608
2820
4973
3778
9669
2943
8624
1822
1497
9802
5030
5137
1180
372
1541
6083
9896
4213
4160
8278
4601
4457
4625
8829
8216
6969
6525
9697
4790
5947
713
9398
8768
5687
3177
8437
8630
1801
260
128
1604
5290
5265
2784
5663
6807
8868
5559
1020
3028
3837
5621
7486
8463
4451
5702
5433
976
5400
223
6924
6113
9622
5692
1801
2799
4130
432
4601
4390
560
6205
9681
5826
8990
5344
2634
7859
904
3654
888
4741
9276
8374
3205
3727
4077
8638
4704
9477
8862
1628
5591
8484
7321
7393
1284
1451
7825
5885
5842
8386
2091
5523
4213
1082
867
6847
8942
1771
502
9830
6513
9778
8205
9719
3506
2282
8358
8210
1760
7220
9839
7351
5705
7160
4745
6989
8612
2570
2875
4454
957
4967
9977
5170
6050
845
2018
4992
2617
2520
4822
9130
2299
3028
8850
5805
5311
7208
4016
7071
4429
3856
4423
134
1017
9168
7124
9629
1739
9999
4084
2696
4967
4061
7867
1017
4907
9886
6010
7524
2406
833
6655
4706
3861
5505
511
9172
2714
4528
6244
7143
8384
667
7278
9401
9836
4403
9031
1575
4403
3115
4272
9370
7176
2140
388
2084
2026
6398
9608
4433
7232
6263
9139
1093
1769
9651
266
4483
4179
6510
1627
2564
7178
8906
1965
7014
3309
996
8590
7712
4111
2863
7083
1288
5004
7472
3372
7030
3870
2980
1464
1103
9244
604
2197
1013
255
2464
5496
4435
8974
7124
6999
6153
6030
8965
3168
9339
9962
1759
7052
4073
4623
4135
5362
9627
1607
8735
6658
5478
1715
8122
6582
960
8726
8779
1973
8982
1243
7470
3417
218
4594
417
6371
625
9382
9540
9964
9344
1300
7017
3418
5923
1153
8781
5550
2760
7516
2208
8239
9231
331
4821
192
9057
3600
2166
8040
4844
9636
1457
5062
4231
1875
1434
4857
1257
974
4822
602
2275
1839
4021
8198
2992
2802
3748
5753
318
5956
3992
9550
6287
8814
9742
5345
2415
1909
3385
7259
1545
4843
2321
5777
6718
3756
634
7976
4731
5456
8579
7006
7296
2600
5204
288
5403
8952
6042
5721
4909
35
5271
1197
8849
5014
6542
1264
6923
9928
8524
8469
4772
846
4247
1491
4602
4882
9467
9333
339
8047
6340
7635
648
1544
7924
6051
497
3966
1772
5406
4001
7044
6604
2851
2059
3147
4116
8982
3075
2640
7452
7848
3486
1699
9339
8088
6581
8807
7422
6920
6854
3762
4556
7502
5307
2480
3554
5804
6447
5326
1211
449
2371
7815
3300
4430
963
7416
3412
4038
56
865
1887
3543
2564
1226
1632
9146
33
9055
6067
6888
2817
623
4390
8125
3104
7944
3929
9552
3271
5141
1
5642
2957
3302
73
3920
718
3486
7959
775
4351
9846
4319
6916
1072
5951
6062
1106
5006
2129
7994
7824
2753
2385
5949
5858
330
9879
5410
3602
5020
5411
9245
7978
8714
9318
1898
9432
2804
9857
208
7156
9703
4527
4072
776
479
134
1883
5485
2264
9877
3309
5017
2263
9258
875
2594
9138
6286
6196
4159
1697
5441
2137
411
4759
4035
9844
7564
3892
53
4721
3596
4581
8793
4373
5060
8928
6257
545
1192
6135
3855
6210
8398
3114
7086
992
2252
3372
7188
6411
5070
2630
8548
5482
7390
2583
5326
4954
6476
5380
9676
73
9961
8469
4447
5021
7397
704
5567
8590
6839
9422
4800
5238
2536
1886
6230
4789
5258
3419
1200
328
6049
9749
5810
3439
2333
1137
8394
8810
6518
8070
8884
6479
6540
3331
1501
3938
4036
7069
2528
876
6492
7329
6114
9028
9215
2345
3818
4474
5764
5018
4803
1814
4768
614
5254
7101
1752
3649
5911
8270
1720
4795
4750
8260
8127
6252
2198
2163
3322
4727
3039
9814
2056
9154
8843
1272
1499
2661
5747
7263
7680
551
9078
2448
1165
4332
9549
2918
7981
5461
1189
9701
256
5940
7962
8383
2192
161
547
5515
4888
3587
5329
6945
2741
4172
8217
4240
6833
3965
1504
4513
4516
582
6962
5682
4914
6511
8600
2896
1972
9789
2598
2229
5729
560
613
7922
722
1160
3437
5610
4747
8766
2556
7488
2939
774
1729
9772
4739
3233
4286
9255
3815
1248
4937
8730
7760
3538
1626
9733
3327
4224
1962
9057
4785
2576
6979
5507
3736
417
1118
8484
9184
3674
5973
2123
4448
7702
1896
9188
935
6182
8443
4751
7431
3381
3481
5192
6919
5107
4925
246
9332
6888
9304
4117
9464
6284
9625
3201
6701
743
1686
5885
4418
7659
8008
8867
5362
9904
8055
6297
6087
6498
1048
3519
9880
4529
8711
6799
9637
3637
7046
8969
526
6350
3086
9991
2634
2712
3192
9336
3455
4878
5221
7874
2538
3230
6741
7900
3135
4796
4198
9222
1295
5247
2742
1175
9777
1454
7974
9414
5091
5021
8384
5618
1372
1471
5609
4006
4183
8802
3343
7639
3680
8564
5513
6219
1795
2254
4120
4930
7051
8318
4153
8346
3566
6896
9521
3343
8350
7496
2758
3442
2518
1142
9060
3890
2614
4670
7897
6797
3472
1240
4436
7153
9805
9949
3372
1600
2204
7492
6530
9255
5811
684
7601
9378
7580
7123
2722
5931
4620
5481
9373
7138
6624
8434
1029
9238
3104
8926
6035
6576
166
472
3729
9971
421
7101
1571
2626
4594
8102
1881
406
8787
9483
9785
6367
6607
2507
2299
1228
7988
1672
8367
4612
106
9396
3851
3211
8322
9886
9787
8488
358
3516
8459
780
618
31
3406
5213
8133
5288
5620
6921
4771
5405
3289
1379
7913
5588
2607
5902
7260
974
515
7367
370
4366
578
8692
4253
366
7181
4611
3883
5640
5392
4501
5672
8799
9715
3806
4087
5336
727
8858
742
4016
238
8655
9604
2845
4558
6865
3819
5073
4233
4190
9440
4812
2882
3693
5178
63
8305
9061
5704
3697
3563
1376
2496
3279
5182
6584
8615
5910
5443
9357
9926
5681
8013
9531
8526
2572
6397
2345
7645
630
6536
7085
5443
9418
779
621
9482
9084
9683
5187
2782
3247
6564
5278
6527
1747
1863
5142
7657
7306
4500
7584
2987
2514
7115
1513
5086
3512
3859
2732
4143
395
9818
9586
9814
597
208
9297
9681
9892
4485
2463
3140
1049
7742
9667
2796
9605
4810
454
6912
9310
8038
9899
1825
5154
1412
6911
8667
5272
9644
2810
5667
9462
2397
5482
59
2605
4779
9741
2498
9264
2205
5638
314
9947
5305
3111
9553
115
3565
6465
9426
1604
6365
1252
6759
7777
8164
5426
3049
7808
8237
8717
7270
634
4199
7330
3240
8979
7071
5738
8243
9276
1376
8557
