9406
2872
4254
1284
1109
2639
3018
4169
4336
2970
7944
1546
3265
1298
5360
9592
6039
9543
9638
8089
3778
5837
7854
2294
6776
1660
2726
1881
4315
4450
3131
3721
7322
7385
5006
8432
25
8025
2601
4362
995
545
5908
4261
1844
1269
3853
7883
813
3491
5972
4591
9329
3827
6886
6106
5487
9613
7987
9803
4064
1118
3525
1387
8504
8531
9819
8529
6557
2421
2891
7553
2966
8800
1814
4811
69
5667
2694
882
9159
8667
5474
8489
2495
2361
4595
7982
1975
2582
7785
6039
3701
1311
7426
2205
9842
7246
735
6400
9667
3626
3953
2634
2427
5767
7445
2496
1435
140
3379
595
8808
8854
9084
1303
1216
3679
9285
3191
6261
7071
9230
9962
8382
6657
2168
8225
3904
2903
4626
3572
6530
8579
6206
8957
4347
3652
1454
5783
3793
4834
6378
2601
3689
5462
3904
4905
9142
3190
8096
5403
262
7327
5366
8645
3984
7534
6871
7888
438
1497
1461
6968
77
7668
5926
4424
1321
7380
207
5114
2215
6586
7716
5904
2048
1621
809
1190
4812
8905
6594
5074
6232
1961
3720
217
9496
592
8106
9934
2089
9567
6903
2167
7235
2829
6592
8556
210
6799
3671
2425
3386
1387
8330
5435
3009
9139
6625
7821
8045
3220
2896
4278
5181
6616
4495
4678
7208
2602
4612
9298
2169
1515
1465
9405
4345
8057
7962
4555
4857
1633
6981
8244
3021
5311
3679
6030
4451
304
3852
2497
3525
6748
6775
8707
3364
1271
3385
573
3873
7998
9871
6043
9514
1337
5449
3859
9395
3411
8415
4253
5045
5397
2497
8067
709
6176
4098
5161
6481
7950
7658
6
4698
4434
8714
8062
5705
2099
8636
9579
98
8507
5623
9612
9845
1072
3472
9240
4484
1888
3494
9530
7285
5991
7597
7995
2167
1695
3156
8649
9646
815
8655
4344
5249
7370
2407
955
9469
1043
534
9568
9551
6158
9180
9396
7231
2653
8637
1715
4541
2132
1246
1827
8123
8844
9822
291
540
2979
8940
186
3794
7596
4530
9044
4966
6937
9999
4436
7980
534
4004
7532
6692
3185
6929
3923
5838
5567
5639
380
7699
6885
2207
5822
5729
2030
6114
6269
5009
5054
6455
8804
2651
986
7849
7617
7923
7848
2053
5904
8382
6058
3437
5075
9243
366
8998
5082
5933
4637
5462
3632
1523
7669
9455
7252
9699
5570
3522
4709
624
9977
3514
3276
964
1363
893
8887
9212
2947
4792
7595
9005
8229
2670
8249
8596
1668
3331
4529
6306
8794
8162
7829
6463
7618
5081
6163
3188
8604
873
3813
8582
4388
7089
9546
5751
7983
8434
4964
930
3226
2559
9936
1456
5229
8186
52
6898
1518
4582
3204
312
2744
1034
6776
363
6115
2940
3551
4719
3813
7364
3301
8202
4454
2848
3953
2437
1282
8918
3367
4508
1477
3304
5965
6707
1490
6018
3606
3008
600
6811
3320
3345
7845
97
3708
3960
3037
7259
8680
6851
4624
1982
5053
9078
4830
9007
1515
6112
7925
4883
621
9403
8187
6587
6111
9677
2605
9717
2685
3205
6528
6006
6551
4373
6104
259
8334
9141
7519
7015
5992
2143
8998
1046
1222
3828
53
2737
9941
7979
7621
563
7382
5808
7150
3493
5485
9756
3211
8171
2962
9739
4178
9513
4113
282
9772
2447
9424
7292
9463
5417
9436
8461
6463
658
2290
6516
3396
2231
4496
1017
2795
1878
6825
9946
5372
2311
9702
8583
483
2664
8323
4662
2178
2436
4944
1951
4884
4368
9243
4348
9786
8679
2809
6249
9338
5099
2766
2734
7331
7262
3752
127
9141
578
73
4513
2889
9776
3097
3373
2441
1421
8035
4619
3858
2979
6571
8743
7348
5814
3091
7134
4494
5900
3384
3833
1000
6150
6567
8331
3413
320
8458
2554
898
8532
7068
3788
8308
166
7161
750
1587
5197
5369
5445
8177
1940
4189
5525
7755
7280
2660
2250
3181
6045
6083
4181
2195
2651
2512
5609
2971
971
8163
3870
9503
5232
7658
7811
5398
4820
8562
6986
17
3932
2432
8194
5872
6621
3720
3628
3901
6381
5878
7082
2426
1961
1263
4622
4612
3776
231
7584
4747
8395
1454
4251
3628
9113
2063
9026
3934
625
6012
3951
4557
8444
2146
430
5065
5866
4058
8967
2248
9937
6050
4674
1899
7314
9297
6512
1090
9529
4096
5838
7925
5551
89
1553
4664
2152
579
8598
2777
6592
2550
7334
5036
4696
7764
102
563
1823
9070
2811
1761
5120
7486
3660
2434
6784
172
3525
6313
4269
9363
4238
9820
9453
5791
4485
1605
6371
3084
4383
2963
5634
1718
8000
331
9483
8103
894
1307
7173
3706
3068
2293
1193
6728
4728
7977
6901
8253
4290
1170
7617
8529
990
7070
4321
5475
8676
693
8559
3060
3656
4194
4779
1657
4525
4262
9760
5420
5569
6933
9127
8638
9227
320
5366
3955
8298
2267
2209
2589
3437
9826
1118
4428
6897
5440
9903
5574
6133
8463
8634
9789
2658
3413
1447
7184
7676
1208
2605
3246
8141
1732
1884
7369
2053
7250
1325
351
9518
3534
2940
2955
3361
4059
7384
259
9499
7288
5833
5632
5752
4468
5422
8410
7882
6869
5595
5558
8077
8200
8804
6219
9933
688
3589
1987
7939
4914
2339
7457
8449
5280
413
1810
9339
7797
2069
8839
5086
7903
4471
838
2371
9894
9248
253
6764
4843
5812
4842
3044
4617
1062
2977
5305
4651
4965
3245
9566
7304
703
8015
2584
1117
9826
1924
8915
1896
763
4001
9799
5235
4839
2171
5129
4088
2425
1893
8932
8237
6735
1976
2854
7797
4954
8160
2449
9919
1406
2015
7224
2109
31
9808
3226
9858
1732
2141
1754
2496
6143
1554
7731
982
3726
2860
5070
6151
4753
4002
4389
1489
5979
7244
9287
933
5404
1736
853
6810
3752
8077
8920
3784
7886
2147
3642
9618
4288
5397
2115
431
6952
9846
1414
678
2706
6485
6830
7460
488
1219
8949
6467
8464
8237
7401
3868
9973
8254
679
3726
6332
9600
7510
4218
1747
1152
3837
6036
6550
5952
6468
3502
5798
7882
4180
8504
4367
1011
5964
4855
2231
4914
1323
695
3151
8724
4564
3125
6979
5243
6852
3311
4844
4362
7529
6591
5515
1366
2627
2065
7318
9095
5568
3116
6978
9748
1621
1346
760
7586
6202
2991
2501
7525
3686
5652
6249
8250
8778
3229
3494
5630
6540
8338
9993
4069
4930
5508
5436
7557
7574
2754
6653
3142
5871
3631
2891
7492
4977
3651
5079
1179
6643
7580
8705
329
3233
4955
8580
2012
8184
2075
7642
4724
414
7636
8794
5344
3145
4230
2902
719
6985
9555
3862
2856
3187
6754
349
8165
405
5428
9345
7049
3009
8051
7379
6242
3006
5959
8254
1191
8034
5897
5915
8449
3533
4710
3793
6679
8940
6695
7398
5925
6251
1261
8782
9439
8015
9132
7605
8421
4560
6951
5470
7570
5002
2849
3812
8009
8809
2067
9200
6844
7964
5115
5293
1498
9826
9086
8177
8766
5782
5576
4692
2034
6838
3475
1473
4853
2607
9079
3275
7168
6030
8745
4738
1033
1595
8551
9042
404
618
8242
7249
8583
3358
2542
82
3184
1629
8260
1951
7411
3837
6644
9446
675
119
920
5529
2727
9999
8804
9895
6030
7550
4634
7063
9145
3185
6105
9550
3804
4347
6799
2388
7705
9342
2471
890
971
731
2841
8383
4569
9485
7829
5245
9604
8750
774
2331
8749
9579
2227
4780
7129
6861
1843
6275
47
7948
5826
3852
2296
2625
6241
2
1968
8712
892
2939
9444
3733
1323
4013
3219
9153
9259
2823
7903
34
5155
6653
9613
7383
1433
6743
4245
3277
3019
4293
1226
8845
8145
3522
1471
4387
3525
3439
3099
4417
6379
2543
8151
7702
6557
1370
6855
5816
4194
4759
5850
9350
1412
5464
6733
2845
2208
979
6122
5227
5272
7348
4072
3418
871
5544
7805
4396
8983
904
8814
5362
3448
6965
3065
6
8336
9920
5823
2530
4679
1674
1881
6092
7138
8615
8938
9346
9594
5061
4573
4866
2410
8646
8284
3281
4190
6090
7678
3174
6994
6492
8536
443
3458
1601
449
1794
1522
6272
4325
6202
7946
6207
2294
5085
4822
1233
4431
4416
6294
9005
9283
8704
7652
7568
1986
1843
3658
9664
5017
653
6157
3554
1096
9616
5156
1546
1411
6678
7819
5737
2881
5766
1944
5176
851
6766
6409
5283
1183
2703
4289
467
1407
1941
8036
3394
3784
1694
3058
8802
2348
9216
2356
3445
8832
7513
4991
244
4191
2810
5981
7073
8576
7925
2249
9428
4692
8659
4711
5876
1362
9001
6343
2770
942
4380
6164
4727
6075
9223
3529
8423
8440
5886
1868
7272
3399
6859
7517
7591
9670
3498
4664
8247
1423
6914
7676
6116
5573
2388
1992
6936
1389
8336
9706
2331
2716
5871
7059
8791
5094
589
7214
3535
6475
9083
807
9874
5943
8325
7466
5613
1823
2131
3861
3246
9046
1537
9363
4619
3925
1355
1556
5314
9691
1262
7646
2408
7134
4705
1199
2229
5294
8414
5764
1770
7497
6572
1645
3440
4897
9111
9054
6720
1243
2916
9967
289
4454
9330
4909
8380
686
6465
3695
377
7728
1341
2786
4862
6047
3985
7092
1342
2400
2856
3113
9897
9429
4758
3338
4326
3870
2393
1047
5113
5310
1014
5403
9764
345
312
8144
1031
6777
1840
1409
4506
3182
4195
9369
9230
8180
6461
572
580
9318
3686
478
8747
8444
3817
3073
2315
6210
4120
7429
1520
5135
2832
1285
5480
3145
9430
6512
9923
1270
7921
4429
4452
2116
3798
3682
297
259
4255
878
9578
7942
1357
8325
6387
5174
1398
8702
1385
5519
6132
2906
654
8964
4191
6135
2109
3622
2647
2032
4893
569
6462
9345
2685
260
3028
2983
520
7284
3861
98
5226
5219
8423
1614
393
9822
316
1779
5342
6448
4685
5997
5413
8877
2132
7523
2499
4780
9555
7393
5349
6017
6739
8035
6278
9767
1018
6799
7052
4880
6897
2279
99
5321
3893
493
5144
4210
2272
486
659
6957
6483
6072
5835
8616
3595
8335
3396
3151
5728
8746
9169
2467
6781
5447
2235
7799
2246
9288
2680
9144
1567
2779
4466
5461
3272
9610
9672
5545
96
331
2503
6580
6403
8338
5196
9999
6674
8593
3150
2402
7339
2319
4870
4120
7766
7105
1920
13
6393
4600
9158
7961
7380
3624
3423
653
3234
3095
6198
3331
3426
8702
9912
9830
7040
5108
9829
3715
3702
2979
6117
1041
5298
987
5162
3065
8093
7083
3079
4487
1684
2237
2449
9064
5861
5872
9718
9096
8968
5917
2427
2394
4619
2339
2224
1659
7448
2053
5375
1150
5033
1492
2192
332
2480
7355
3397
574
4438
6477
5061
6123
8714
7511
5187
4576
3383
4906
3672
2352
823
6100
4746
5442
8440
6971
7102
5889
9025
2477
7040
4058
3970
9232
4390
6450
6588
7788
7025
1027
4266
2087
7150
2980
9598
2338
7557
2982
7244
1230
5334
8067
7331
81
3510
5772
7052
612
1661
6077
3089
8701
136
7060
7934
4526
3511
4523
2315
536
5550
6581
2623
2700
9562
2222
5038
7119
5204
2283
8350
538
350
5681
620
3860
1453
7672
4473
3115
3749
7563
1817
3885
4623
9752
8412
8134
4275
728
8671
9825
7309
1294
2526
6871
3516
7565
3991
8721
9848
2341
9260
199
8022
9880
4060
9476
7552
8533
2591
1302
6097
4408
5188
720
4160
3601
8855
8435
4329
7526
8261
1638
8821
787
8510
2338
8352
2501
1059
8200
4843
319
8400
2865
200
2460
2342
7753
993
4933
9055
7090
9341
4244
7811
3501
7845
6667
1936
2175
4193
198
3814
3015
985
2324
5353
9338
4826
6413
7539
9670
6733
5939
2536
6933
8399
4878
4686
9393
9811
3742
6484
9152
7986
4295
2653
5832
962
4590
8007
5156
4788
1821
8172
5774
4146
3525
5112
8973
9939
2652
8643
6672
8591
1179
3605
6991
6057
8292
6384
5868
2034
2868
5021
21
7164
7675
5853
8127
2265
3861
3283
7054
5683
1456
2829
9830
4981
7941
8803
4921
594
7447
1593
9185
8627
5199
6176
4685
3491
2560
554
5526
5429
5575
5547
2593
3250
1401
720
5516
5262
4004
2571
946
5460
5400
776
442
3342
9580
5363
3936
7028
6957
3122
5655
2156
9298
340
5648
1859
895
1174
7289
6470
6721
9882
9721
8123
603
5237
3386
4607
7809
4332
68
3210
5109
511
6552
4690
5875
489
1718
2832
3611
7374
4988
2910
7715
637
4770
8610
1811
2059
5080
8533
1942
4802
6656
2545
40
42
7153
7849
4375
7221
1059
9484
7733
7612
4174
3608
8101
5893
6440
1713
3268
1429
4623
983
2066
9394
9593
3877
1453
4674
2411
3395
9476
9067
5941
9516
9110
3094
7366
3485
316
8426
2970
8049
6038
7145
1657
4140
3038
8098
5853
6306
9527
477
7290
1594
9871
6884
5472
1325
1558
7883
4721
1035
6951
662
552
6061
3757
7918
9547
4073
6345
2517
2123
2383
9663
3781
6523
2702
1879
2377
9009
1407
2855
6299
3001
2726
3183
8473
4052
4742
6357
8774
5777
3308
9436
6329
9370
3194
4248
8917
7268
593
1435
9391
2977
1098
3172
9501
3800
5052
1879
2809
6459
4734
9109
9461
7461
2292
7935
1513
7034
4293
288
2812
7601
9724
9142
6971
2919
3390
5889
187
3984
7324
9578
6962
8423
2751
6464
2223
7803
8343
5033
4263
3077
4143
3725
539
6435
1661
2053
3470
5954
2341
6283
3556
2065
5425
528
4984
8816
6417
5172
2800
3742
4750
9763
2165
7502
6227
4389
5305
4570
9423
9569
7648
3566
3295
8187
2
4956
240
3472
911
2581
9756
4467
4647
5181
4995
9632
3997
1413
4804
6798
5155
9554
6561
7321
7056
2789
1710
2362
7359
1133
1932
5008
4700
5227
3195
4702
184
3436
8175
1095
6017
7931
5563
664
3112
559
297
7110
1972
5101
3908
7127
4656
470
4448
1713
3259
6159
4076
619
7293
6008
5627
1993
1236
8822
6696
1421
2259
4872
2517
8276
2803
8080
8941
5916
8639
9238
3026
611
4340
6935
7739
8997
7405
2188
710
665
8347
4787
1284
5641
796
6912
7634
2032
5735
4331
3454
7994
9203
5971
6270
2007
4052
5212
7923
2691
4451
950
3303
8791
7886
1043
7788
5292
3231
8499
5957
1579
3286
7242
7220
4082
4154
4855
6115
9889
9186
9570
7883
8389
5541
4154
396
9593
9366
8320
2285
3818
9271
5588
2609
7157
6631
398
2449
9863
8898
8407
1442
2184
5649
8662
6267
9804
3518
2383
9693
2704
1954
7577
1094
7495
1732
1491
7089
1099
9812
9375
4917
9083
4963
7527
6241
1595
7925
8691
1459
6823
7098
2901
9008
2747
1564
5276
2552
5082
7660
2245
7787
9614
9823
8882
7110
1555
373
4200
2654
186
3575
7572
9269
8539
5099
5511
135
3025
4202
1594
9849
1300
4496
8857
4048
6060
4134
6600
1143
1795
8846
8931
1410
8670
7813
8520
225
8187
2720
2880
8373
6295
452
7643
4835
5551
3155
4970
8576
7357
6564
8425
8658
1060
7283
2707
7121
1418
9308
8265
3213
8154
7196
4623
6825
5010
3144
7050
3198
5865
9931
1572
2161
383
9216
6996
5935
2371
1966
4512
9729
8531
2938
8387
9591
222
1095
6713
1640
403
4978
4854
8558
2175
9478
5383
7186
2623
2434
384
8488
2365
1957
649
2749
1173
7646
8684
3545
9612
3197
3275
8143
6135
1663
7735
6358
2758
4448
7999
3161
9426
2853
1720
1602
2332
7103
8788
4956
9537
9173
3444
1903
1130
4094
4652
2304
1740
3337
5850
1353
6534
9125
9496
2670
788
7232
9028
3547
1680
7027
6709
1107
9881
8429
2709
2214
5533
1497
7170
5071
670
614
6974
1801
4709
1626
4105
6449
4963
9955
7803
1497
9081
7300
4168
9869
4532
3196
3416
6212
223
125
7320
105
8555
29
2319
4088
1526
9489
9159
2197
104
6133
3998
4814
7760
8103
1263
2723
8059
9066
4221
7140
6366
8389
7010
899
1586
427
7111
1810
553
4432
1915
9108
4461
4235
3197
5988
3724
2356
8185
3829
8490
2184
8643
6250
288
9907
8974
8347
8974
3196
5488
5341
1586
2499
6240
3172
2926
3352
4983
3479
7784
6898
2588
2246
1133
5785
8234
4858
8142
6419
8688
6632
8604
7332
2883
8892
7239
1858
7240
6214
5055
2728
1555
6641
5227
7796
9814
8154
1149
4797
1633
8934
1696
4222
1180
2830
7
9414
7688
8150
5834
6377
4783
4438
3709
7667
3330
949
9525
570
7163
4581
3299
8719
1223
8527
6516
1037
6681
7665
5835
8315
6599
7531
2537
7780
361
2545
7194
8050
695
3029
4427
5479
7467
8137
3146
798
9086
2672
1369
6250
7253
4668
4969
8476
3195
1486
9514
9876
9151
5349
8192
5751
2880
729
3532
3242
3275
726
1292
3971
3755
5720
9450
1223
3857
2596
2022
2944
5268
3391
9194
2522
8059
4163
998
1255
5650
512
1131
4801
5861
9323
553
8742
53
4085
1985
3328
4812
3278
7299
8568
8998
6750
9792
2856
9346
1814
5800
4615
5205
4994
7137
3265
9158
8136
4520
4808
8649
5651
9610
4511
4975
164
3254
5029
4250
5239
8357
9063
8517
5657
7632
7516
2408
7424
373
1755
9239
6174
6370
4444
1169
3508
7709
328
1645
2229
5137
294
7881
4747
4805
2857
4912
8059
7886
9163
3299
6244
8227
1817
1902
5859
9333
4310
3284
9707
6065
2523
5881
2436
6967
7050
5945
4677
7378
7590
6907
2515
7885
4789
7263
2691
7646
2176
751
5533
1339
4050
1778
9567
5867
3680
5426
5201
7991
8710
4908
4057
1233
789
6493
8201
7839
2439
2878
5218
29
9786
7733
7915
4575
4997
606
2222
7173
1357
7755
8513
5408
9533
8080
1275
3214
3506
6477
1205
2217
1385
5263
3451
2174
1756
1652
14
4195
4531
5233
4225
4317
2967
2141
8893
7964
2747
1115
5137
4105
8870
3650
9513
8404
1731
789
1619
5238
7266
2825
7455
8652
8088
906
826
9845
2559
841
4041
7090
6075
8266
1408
9042
408
301
7006
3155
1416
2144
7261
287
5794
6774
8692
7526
7564
311
2764
4831
3137
219
3483
1225
1126
4310
1070
3685
5152
5111
776
1227
3378
2184
269
3786
2485
7275
6942
3902
9419
4203
4189
5214
978
2882
2741
8543
3193
5505
3374
6331
5725
6857
7556
6851
1167
8626
537
6320
3738
1313
7547
7117
3497
7816
903
5983
5092
7846
9885
4512
2049
4075
9726
3028
6957
2468
1571
151
7973
4945
6482
3698
1803
4038
550
2971
2665
1087
9291
6404
2401
6838
3521
5898
4655
4425
1882
9747
2271
1767
4259
4321
5843
3986
7349
2800
6454
8920
2952
4428
3865
9434
8127
5669
3473
8677
8640
6139
9765
7931
2543
2166
4770
6065
8065
9425
490
9947
9173
2762
1715
3432
7083
7558
7419
4432
359
3874
3352
3311
8303
7218
2745
6430
2888
6219
5108
1528
2358
4873
9459
4902
7040
4229
968
5105
3655
1459
5053
2828
4221
6769
6261
1305
4328
3680
5737
4687
7555
9090
7999
5859
6309
744
2289
9197
6964
7397
725
9322
2271
185
4225
9311
4415
5193
4417
8070
6652
9471
898
874
6241
7159
2179
569
840
7917
5257
8396
7007
3256
4255
3317
4001
6545
2515
965
3943
3240
288
6214
3426
4513
5526
7841
9707
9944
5912
6359
9415
6810
7233
5657
3970
9412
6227
4810
7329
1484
3206
4337
4741
7462
7655
8742
4007
170
9708
7950
3411
9996
4165
6837
4510
9691
4679
4217
9635
591
576
9051
7402
7810
4708
1372
7223
935
6182
4553
2420
9389
8891
7161
6851
6546
5904
859
6716
5612
8810
127
5609
2975
6965
119
2667
1644
4336
2303
2236
4913
1355
9638
2724
6064
1010
9947
7000
7193
4501
9420
6583
3392
6582
3434
9938
2486
4294
6655
8099
3104
6782
3708
6080
3748
3828
8748
5392
8165
1051
7629
3078
2407
7267
5802
8471
8278
5750
5471
5472
251
4892
2055
3643
1474
5490
3582
3961
9784
237
2060
2889
7020
5769
8969
768
9598
7718
6161
7763
8769
3790
841
1177
1058
6644
9648
9336
2394
5119
4809
2645
12
6864
6289
1486
2355
9871
5448
2139
108
7509
5029
7129
3278
3999
7897
2876
1717
4058
640
487
7849
1481
1664
8907
8125
1312
8244
520
6432
3053
3165
6444
9918
9454
7931
2273
9326
3379
4413
9434
888
9442
6563
4167
3442
4461
7044
5159
8520
7684
5646
6369
9165
7311
5276
7291
8623
3521
7812
5056
6574
977
1500
6493
432
9432
8766
9758
2811
3180
9193
3699
2623
5757
7866
6065
218
4910
1224
8738
2595
6871
5108
1761
4182
385
9052
2806
3906
6865
7862
481
7842
9363
6974
8275
8795
5741
8034
1607
8921
7227
5307
1544
2984
3173
7610
3203
8084
8834
1942
679
5706
7050
2440
9888
7435
1493
2694
1341
8358
557
1823
6201
9921
8797
4477
8717
4538
2511
324
3460
9739
5631
5005
2724
8805
2615
5927
6890
1449
7869
7570
7156
4920
11
7044
2356
1504
9739
3698
9863
297
5521
6065
218
4318
543
8936
8857
3054
9260
2318
2794
4892
7323
5518
3697
9938
1445
587
1388
9315
8158
8544
4236
8169
5589
6592
9673
5329
290
9537
5626
5811
5603
5845
130
6146
4781
8987
9201
4042
1305
1995
8934
8629
7513
2632
8567
8959
3220
9956
8275
1378
8500
2512
9547
4090
9104
9221
9420
9394
8759
5047
5206
4362
892
5336
509
5674
4324
9710
9717
5630
1706
8651
4259
9220
1283
2827
8180
4503
2783
6456
5881
1284
8968
5429
5374
8072
4650
4795
7467
3409
9842
2674
7772
735
8011
8281
6409
2335
7991
6126
7966
9698
4778
2225
8918
6062
5052
7098
565
7835
3554
6447
9120
2522
1876
4495
595
6527
9290
8063
9936
9132
737
7708
9867
8748
5990
6277
1084
3981
2404
9050
3680
7182
1275
2598
3244
6328
9697
3810
4164
3251
258
3284
5774
2134
7779
6370
8662
7070
4433
8599
6202
5170
6308
6070
3919
2298
2347
5003
6280
4751
4053
9960
1933
5329
2558
5178
1657
2256
8988
5822
5507
9246
9106
1282
1381
6886
7652
43
3956
2085
8643
159
7256
4951
6229
1175
7249
8577
6178
3530
3328
232
3490
5262
5561
6049
440
7219
8305
9428
3041
3813
8675
2148
5095
56
9035
2748
100
2992
4833
8744
3151
2090
3695
9381
3266
945
7958
9445
4475
1287
9677
7965
6549
5239
4015
6989
2459
2320
6418
5500
6133
5093
7649
1229
5150
6684
3977
5251
9676
8811
3995
2828
901
7691
2210
4167
8636
168
3612
3112
1455
3290
1078
8005
8529
5093
4994
988
7413
1412
6489
3547
6506
4138
4776
1657
823
8754
6909
499
7565
904
3328
8467
8596
5538
2635
7233
5706
6248
345
7162
9538
1423
5167
8068
6517
162
9057
3931
1575
5547
7478
8082
9686
2255
9739
509
1009
6648
1009
8575
7553
4337
7043
6150
9875
9678
3383
5582
5926
3729
2745
5465
5153
7913
3533
1670
8076
2591
5601
9651
8138
3080
7733
7824
5335
7473
8333
6345
4122
9342
4921
1676
3680
1964
7826
3555
1642
1209
9138
7569
4939
1884
3034
92
9797
6568
1762
7873
9159
7364
7525
7297
444
5259
5121
5779
2732
3455
2125
6854
2798
7046
8530
6478
9010
6357
34
653
7567
9173
8222
2506
1057
1257
2598
854
7825
4361
8728
6984
1725
6253
4281
2170
1512
9403
7950
4245
2859
75
1100
5657
7121
9630
2136
6132
5988
2170
6785
3555
1343
5008
6061
2401
6265
8660
3256
4090
3022
1984
1075
4748
8238
5357
6918
9751
4760
4868
3996
7619
4944
5096
3277
2065
4727
5413
8198
715
7583
4983
4270
8927
9991
332
1329
6257
8992
4585
347
2015
6569
1423
6763
4808
6780
3682
4559
1541
8550
8555
9160
3494
3652
2438
5560
8379
7851
3758
9094
5435
8742
3365
4363
8734
3697
5692
4991
2690
277
5339
4706
6847
6762
1469
1655
3543
5151
6215
5084
3702
4771
4244
7197
8423
6683
2758
6803
4534
6516
5898
9969
5259
9263
4332
3993
2961
25
8985
5652
302
4325
358
7149
1088
1828
8805
4631
6980
5020
9715
683
9791
3960
7880
8214
643
638
5017
5178
7155
915
5148
2415
179
9481
6409
3140
9506
5394
8793
9808
9720
9151
6958
808
979
5763
5440
7960
783
5156
8643
575
9116
6523
8790
9760
7162
3807
4938
4318
4723
86
6733
4903
9567
3142
8044
9074
8537
6837
8882
8258
5989
5840
9067
6969
1604
4507
4929
2388
9663
3572
2963
8780
95
1753
8540
7258
5561
3479
1576
285
3566
8310
5188
3134
1453
3233
2208
9991
70
1090
8249
6060
6931
7316
3029
8536
1824
7958
924
1488
1530
3887
268
1626
5641
8809
8885
1202
2288
462
1487
5854
8772
6676
8988
226
9909
1196
217
9980
2287
8467
6040
9219
5783
9069
7755
7608
7028
8679
9096
8558
2567
9364
185
8208
8173
9070
9410
462
9533
898
6316
8305
7574
5305
8531
7484
6501
8749
7464
8789
7216
3505
8008
3000
2574
5764
608
9603
4444
9704
8161
7011
9069
8347
5219
7242
7418
4630
7704
6951
5528
4021
5257
3103
9326
3789
587
5828
2538
8052
4617
9755
1557
2626
2755
4132
8390
3363
3735
2834
3068
1897
9846
2137
245
5066
9380
7663
9696
7085
4615
5225
1107
9872
8328
433
3661
8916
6262
6200
6969
879
5955
8526
3506
8710
2659
1897
2074
6394
4732
5142
8292
4578
7279
8537
9644
6660
6200
9341
3745
815
4566
4852
688
2895
5286
4349
1812
1548
549
8781
2428
6505
7308
5934
5215
9967
7832
7289
6362
2564
2431
4654
7143
9711
3191
6788
6371
9392
6129
117
207
696
4970
895
3591
256
5245
5403
1805
5795
4185
4233
2300
1493
168
7516
1460
8000
4805
7823
565
7237
2477
7708
6948
5668
4496
3320
5061
626
3438
5269
1322
8408
6164
4913
8665
1410
317
470
7205
4502
4703
9506
5995
4871
7022
7456
2872
1828
5279
3437
9065
7757
1146
6014
3426
5643
9335
8487
6269
2773
3756
7592
1182
9921
2505
9847
1331
2823
318
8537
7326
5022
8044
3322
9894
5066
778
2766
6894
6058
6204
5960
3815
7350
1974
7241
2993
1309
5728
9263
4083
9485
6855
5265
9406
9361
5113
738
2184
5431
9275
9511
453
7320
2833
347
2386
3611
3114
9281
9670
9318
5241
3486
6668
7216
727
9662
8525
6456
8925
2609
5941
5781
7874
5347
5142
2988
6086
7327
8420
5361
6838
8873
2681
9671
9221
5068
3283
2335
4349
2953
1654
9591
6439
8322
6807
7167
7985
5333
3624
6911
7942
9565
2692
5817
4913
7834
8805
999
5161
7225
6361
1999
6099
9043
1671
5321
4111
4954
7656
8461
7908
9310
8053
4348
7633
4860
1516
5618
194
5140
2530
8136
4706
5222
3954
9620
3056
2759
619
8218
9985
6981
218
6085
6025
1889
1406
136
6844
9063
8598
4753
8373
6652
9101
6007
1513
618
1626
1707
5758
4156
9844
465
9378
3798
85
2435
6558
705
653
6543
7686
871
2629
3711
2761
4035
3848
9605
3098
2447
4358
1472
9100
3460
7480
613
4079
9106
2321
9837
3263
2165
303
2641
5963
388
5076
2521
1093
5730
9065
8780
6602
1694
2492
9363
5730
6341
8969
8828
8789
3328
301
7889
6789
7781
8503
868
6887
824
706
150
2989
1009
2792
8953
1397
7869
1475
2491
3600
540
1272
202
2235
3765
9565
7965
107
8534
6794
8896
1862
7096
6786
8651
4877
5289
9519
1765
6114
225
1916
9104
1235
4709
8057
2633
2578
9532
5125
6178
73
6397
6380
2308
163
5946
274
270
4480
7069
9167
6343
4165
5954
4995
9043
1244
4515
809
7358
4741
2725
6462
5976
7435
4519
8609
13
4052
3734
6192
4125
132
2573
6434
295
8520
6709
566
3001
3779
9733
9344
7945
5687
4340
6988
6932
8855
7798
4290
3596
523
753
9573
7958
5273
8182
7972
9325
1917
4165
3451
2049
6739
9886
2345
5259
6596
2911
8260
375
2645
7605
8321
8333
1946
5309
5265
801
3108
9556
4398
3631
309
3971
1590
5582
2153
9563
4908
4070
3729
8360
6120
468
8246
8465
5728
4842
1376
3989
5218
4022
1595
3539
2355
3541
8849
7620
4343
1957
7177
8741
5589
7486
2712
7180
3069
4866
6744
7977
8937
473
6338
5057
942
4584
3523
6671
9427
4900
661
4646
8922
2256
8185
1277
5798
7035
8898
141
8992
6076
8883
4582
3562
1595
1762
6632
6462
8506
4610
5399
8980
948
457
9922
5532
3980
6594
4960
8880
7255
9606
7802
9511
7792
9080
5310
4827
7979
5451
3820
4055
4335
8402
7618
5930
165
4250
2393
8672
8860
7792
7653
9809
8249
7576
5342
2229
4170
302
1110
1425
9909
8913
937
7701
7994
6247
2529
5973
1699
6350
29
6034
4753
7648
1965
4918
1899
4358
3591
760
2151
1244
569
400
8820
5911
2630
2991
6213
3741
4416
6123
2654
5354
3825
648
1602
6354
6622
3301
2704
6651
9336
7458
4300
1302
2376
6199
5661
5968
6959
7812
7213
7529
8213
6033
3440
844
9024
9654
4585
3441
5777
7240
8795
9602
7888
397
5957
4510
3699
8662
1162
3036
6120
5463
4339
8497
1662
0
4465
8622
7813
1678
6151
6027
7712
9592
6872
6737
9246
1457
178
5024
8698
8974
4627
6586
9372
584
1097
3072
9247
2260
6108
5367
7723
448
3865
9385
449
8331
8008
8262
10
4160
4290
7722
3752
1162
4459
2999
2620
4638
8023
1318
3613
2650
7905
2985
3235
9002
6057
2483
1262
2166
7851
8986
2614
1716
8371
3063
47
6380
1326
57
540
5617
7780
4293
6780
2240
7292
9400
6879
5316
719
492
7967
8624
3478
1203
7627
9536
3686
8890
1702
1537
7876
4317
3254
6248
7381
3302
2629
8708
3360
3169
4325
1141
7463
1105
3381
4755
506
261
71
1225
753
8039
9850
4232
9242
7478
3768
2928
6368
5470
4466
4245
9788
7721
493
7169
1024
3122
5877
4384
6292
203
5525
3756
1309
8907
8511
1815
9168
8583
3041
9922
6622
2891
4154
5865
369
7922
8793
6738
3393
3260
983
3181
981
1477
351
2005
4600
6228
6390
893
6432
1916
4649
7741
823
3161
9556
9992
1745
2597
9914
8367
5489
4068
4232
5859
1991
3026
2597
5384
6287
3581
8565
7269
5059
8916
9275
9660
5145
5665
553
1578
7581
5203
9319
8405
8364
8876
8397
109
1474
8312
8477
6963
2380
2710
2823
4372
5737
5421
9756
2024
9003
8322
9293
4062
7239
8568
3723
2384
4234
4277
3963
1816
9480
3282
221
7845
2159
8619
7955
3633
6931
6433
597
9312
9144
3420
3684
4881
8841
3440
6906
7844
1762
6199
1907
9002
4768
5630
1387
9003
9907
5350
819
9388
8632
1041
7234
792
9660
5189
4425
6592
1623
5023
5904
767
8443
9588
5648
7285
3029
2555
5130
4792
8754
7037
3794
3523
2668
5181
2526
2575
531
3346
1964
9164
4387
9198
9956
4048
4388
4382
640
6011
9405
6544
6779
7849
6133
2428
5135
9162
4983
265
3954
3738
7303
7748
7261
9971
2930
9788
2547
3461
3135
4511
2626
7522
3710
2582
1570
8098
6965
2211
4110
6371
8755
889
4221
4888
3317
9356
4051
8300
9622
8005
2038
6925
5754
9300
6896
8684
9088
9443
2146
2224
3955
4772
9746
7665
7355
1317
5763
4320
3528
9873
692
2284
762
4914
7173
4079
4270
1224
2379
3893
9230
4418
818
4984
3718
7715
3669
2807
7158
5815
5031
1113
588
4778
8778
7943
6096
4542
2264
9624
4415
2957
1909
5177
7871
9083
9257
2142
307
1637
6035
9538
6055
6853
4523
9774
4568
8192
2581
1727
4008
7613
2841
4596
2391
1619
2540
8487
6161
4804
8112
577
7761
22
5755
5632
9105
5012
7774
9413
6650
3810
8951
2705
663
3474
2479
5232
1667
5061
6960
5676
2674
9801
272
5066
1421
2812
3554
7582
7617
1667
8160
5378
1689
3915
1011
794
8928
8786
208
5578
2596
9159
8284
3260
2634
763
8493
4302
5825
5454
9978
8500
5255
251
3567
6676
3064
7121
4259
681
8788
2419
6060
477
6334
7072
1272
5262
5859
1480
840
8456
640
9124
1717
3275
9888
210
7578
5714
5664
7556
4214
920
7808
7782
7596
872
4903
1855
1554
3692
4274
7614
4169
609
4686
5442
5871
545
6923
6712
9001
7563
5837
719
839
5726
929
8417
1440
6594
5974
5655
7514
3782
3438
5111
4655
8341
6967
6209
2033
1242
3823
6203
1851
8510
1645
7723
9056
8569
4436
8058
6132
273
8777
6972
6000
9707
5389
7441
6301
1364
3097
3816
5146
6535
8928
9801
4876
5895
6010
6910
7137
9834
3113
8988
8344
4759
6712
7401
3329
1148
5459
9461
1422
4236
6434
7422
3944
1823
4863
246
3187
7960
4062
8334
4495
2991
8136
9372
8886
4147
6282
6024
3981
9396
5012
2326
4156
1725
9727
7485
2873
5187
6947
4295
9424
3381
1718
3368
5205
6581
3614
8393
4542
7677
6728
9038
668
4864
8410
9555
9012
4693
5579
2993
4090
592
5320
8247
2317
5047
5733
5191
235
2680
9487
9659
6062
1205
3027
1268
7787
6642
9662
2329
4320
6390
1367
4988
1255
9778
4544
267
4472
124
3261
8563
716
8581
6810
3034
3629
2543
8225
3864
5224
7712
3524
1287
8918
6552
2555
6705
3194
2218
9034
7514
8609
402
2503
9864
181
7047
132
4654
7171
3393
3217
7888
1975
27
923
5604
2571
9148
9469
7796
6861
2993
9083
5779
9545
1639
2484
2740
3857
1519
255
2466
1922
2759
2331
2103
9807
2463
6757
6979
5856
9975
4867
7832
3
5790
3436
2574
4939
2906
370
1800
5899
9454
7580
5445
1093
64
8186
4950
1584
8442
7416
3506
1201
9747
5610
1008
2211
2367
7987
8068
2342
2854
5900
2346
8645
9337
4920
3584
2243
5291
5385
8143
4745
2965
3589
5838
3030
1775
789
4615
217
8206
8121
1418
7954
3731
2427
165
6099
414
8233
8442
3268
4133
788
1914
3470
5709
5499
5714
1000
884
3857
5745
3850
7447
1584
6881
9222
2373
1496
9440
579
9618
859
8534
3349
3286
8699
9449
3701
6932
7891
6969
1066
8679
8884
4537
4389
4383
251
5389
5267
4109
1135
9118
1556
2720
5999
779
5094
7496
220
5674
7114
1079
4208
464
4366
2907
9913
8067
9840
7804
5037
906
6484
3921
5443
873
8305
5695
6263
3573
9804
7399
2691
1360
119
8691
2140
5213
6187
2360
887
3302
3440
5095
3766
7806
8002
3679
5874
7842
1484
912
8749
7969
4834
4192
8843
3139
9888
5107
6712
9692
2506
9403
1053
2625
8094
3194
7838
4282
5554
8726
7584
8994
3821
1350
6801
1824
5030
2676
9667
6515
3588
8416
4485
8422
2609
3328
1562
2498
8435
8274
2190
942
7678
3244
3567
5773
6438
1406
55
1993
132
7640
987
3954
8991
7789
5779
4021
465
5446
537
4053
3863
5022
2476
6473
8351
4038
8971
6787
2313
1161
7729
9991
4406
1296
5764
845
2703
5819
2838
2835
3460
3826
6790
2451
1616
2569
6473
2081
8015
7010
6135
1878
2033
8612
8351
384
2651
7322
7171
4964
8484
4901
4955
2891
6197
719
3737
8900
6539
6576
1736
0
403
8526
2451
2019
1095
8924
4101
9111
5935
237
990
7968
8849
9341
8353
1500
6664
5525
6464
5149
426
1420
8041
6624
2140
1778
5525
8680
8355
7261
8680
8758
5788
1131
777
6884
55
4879
5995
5991
5116
6985
3959
3965
6327
2312
5465
2992
7838
1930
8141
8264
3350
6183
4889
5490
7962
414
4171
6317
7676
2851
5075
3464
3982
5853
348
4038
732
6344
29
5848
3329
3989
9814
9656
6302
5280
2648
4140
7210
790
2405
561
6974
7294
6052
4936
7708
223
1253
5384
3074
6328
8849
7057
2182
9198
1095
2914
5542
1124
8763
8872
5113
8577
8528
1415
3857
1177
5556
1067
1968
7961
1629
8942
5255
7681
3878
2964
7905
5131
8348
980
1460
7198
8037
3642
6397
9132
6557
1939
257
5320
811
5371
3897
9340
6786
7754
518
2343
8822
2487
304
451
1429
5559
8133
5308
8523
6039
440
6872
7019
1901
4071
5056
5544
468
4189
2101
2407
4446
7421
3219
9817
1318
2560
6604
9073
3078
8947
7895
5565
9251
8347
6995
4811
6481
2304
3335
2520
2745
207
9539
4646
4279
4596
190
4747
8785
2291
7155
3232
9713
374
3049
1032
2934
9654
105
6013
8602
8001
1579
7853
6349
8575
2665
2830
879
6000
5351
3625
6208
4891
8271
487
9487
8462
5234
8273
754
2389
1505
467
2764
4555
1499
5699
4210
1605
1713
2812
9607
3292
666
5957
1868
3331
8787
2748
9332
4138
6373
5540
9029
4644
6028
8517
3107
1263
6790
3861
3652
8296
4328
6417
2852
5828
2117
7062
7434
3830
9875
7042
7122
541
2999
8991
3873
1786
1739
3205
5925
8112
8746
4955
2757
4775
3472
5864
6038
263
9725
9691
8560
4054
6108
1413
9882
8225
8476
7317
2055
8351
4359
9178
8893
7358
8170
2766
9145
9909
5972
5070
8021
4719
26
779
9494
3498
6643
5532
3762
6369
5223
2323
423
1331
3736
306
9557
2212
7623
1613
564
1982
792
9457
9340
8962
2223
8486
8872
8196
3556
6894
2915
3582
7673
2409
7081
4317
7941
844
686
3164
3167
1110
4496
6904
1416
4054
9116
9039
5668
9680
1021
6460
9138
362
5423
1362
8848
4295
9558
2405
1189
2473
5988
8863
4883
3070
3180
2824
3914
3867
5989
7082
4977
486
3986
6393
4540
3102
5432
208
2783
6454
6669
1922
6817
2093
3284
5666
6388
2842
8071
7578
5316
4060
6442
199
7130
9622
3023
1045
3489
9013
8127
8467
9499
2113
4860
4040
5216
293
4249
7999
6747
919
9922
3564
3012
3206
9231
9401
6048
7303
6980
1365
1363
3422
1564
8494
3044
4588
9539
6534
3601
7666
5001
3101
9779
9862
7141
4995
155
1390
2995
6903
2310
2917
468
5322
6123
9699
4723
2172
7002
1703
3537
8365
5126
5101
6859
8170
9690
6398
4705
3291
4065
9707
6392
3844
9569
3534
8839
9724
4925
1834
6627
7235
4752
7095
2557
875
6795
7281
3047
3797
8985
6585
2163
4111
1687
9023
2282
1377
5422
6988
4669
9487
6695
1062
3331
6264
4596
2171
5989
9522
4005
2617
6757
8757
9713
9315
9633
6508
6596
2681
306
5582
9266
2469
9694
954
1492
1976
2331
6914
8964
7001
6401
5660
8063
9732
1925
2660
1904
7915
2182
5909
532
8939
4667
246
8254
4301
6755
4851
6982
7061
433
6249
9530
128
7203
1022
2104
9535
7937
1069
6536
4338
6730
4599
4071
8655
7259
5976
6570
9441
1885
7103
8381
6553
7349
6636
855
4104
1487
7837
1165
1921
4087
696
2049
1290
1719
4154
825
9656
5224
7362
3995
1954
1962
8067
610
9221
4043
7181
8663
5929
4284
7045
2483
1634
3681
3338
5739
5168
1176
6905
7090
5263
7601
9139
6554
9321
3294
7380
8977
8518
4742
2973
473
6704
1041
1084
5926
5085
8265
4590
1014
2549
1635
3498
4184
5316
6837
9923
485
8013
6828
7575
3276
4430
6715
9830
3751
9
7211
2729
8528
1953
5703
9002
8657
6745
86
4584
1830
8351
9174
2845
901
809
6343
5086
6126
3180
5009
6611
1194
1838
4187
4471
6269
902
4302
21
912
1513
2751
9440
3466
8454
8443
2124
5199
8529
6708
7030
6881
5883
9875
7782
6693
6219
2868
2819
9400
7878
9431
594
9717
3618
5065
5986
4520
9367
6007
5433
880
8758
4874
4347
7213
3317
6472
2413
1846
3181
9444
8727
9064
9319
6510
5757
5539
9379
8577
4939
7257
8008
5534
6974
1626
600
2961
6147
9968
8969
1581
849
7728
6455
5196
4942
9772
1669
7355
1619
4850
6799
347
3915
6119
6858
9673
1659
6237
8250
6598
3495
6258
2133
470
7885
2733
3431
4033
2701
2401
5614
3550
129
2070
8747
5071
1842
416
2427
3462
5266
9227
3809
9182
5347
667
8855
7006
6905
7105
3605
400
3364
5738
870
1250
8471
4302
5283
1173
6703
898
4723
6833
2969
3471
1904
4811
3887
4332
8274
9154
3560
2084
8336
8907
2751
7191
5913
9657
4297
9518
57
7661
5256
928
8911
3728
5230
4195
4901
1934
5094
9625
8767
8063
3096
672
2875
6984
5004
1149
6138
8565
3234
4475
7472
5985
1666
3386
5643
5963
2904
5700
3625
8161
6628
2536
1890
1859
6732
6792
3793
1827
6418
2560
9890
9515
3233
2766
6499
8237
3916
2638
6802
7150
7113
4275
3136
8779
7661
8779
4743
566
4480
8368
8727
1108
905
618
2968
7638
7410
6761
9465
3828
9322
9356
3343
2555
2122
9843
793
6039
2481
7596
3189
9594
1871
6326
8374
9532
5105
3117
98
9585
1485
8826
694
2391
9445
3662
29
6855
424
9494
684
9746
8851
4028
2302
974
3871
3095
7013
6352
691
203
5946
2563
6530
4321
2096
1635
7438
2195
1221
8924
1022
1916
1315
467
5579
1345
7322
6003
840
8007
5750
9691
2035
8053
666
5906
1149
7679
2259
1840
7883
8206
4404
4413
2527
6500
6049
9966
8695
7271
8890
9717
9187
206
184
4767
1551
7507
771
2391
5515
6522
2083
7550
4575
2749
3457
5724
429
5716
7565
8313
3923
1969
2726
6450
8470
8776
6417
7166
6047
5307
6883
5235
5513
7068
2
7065
4576
773
9456
91
7295
1540
7642
1870
4289
1099
7595
4719
6816
5160
3032
740
7130
5759
7191
5600
4535
3608
2766
583
8915
9650
5818
4429
6719
5820
1494
1296
6594
951
1387
3889
2491
9030
5760
6781
129
3355
1501
6946
8516
4533
7686
5647
293
4877
1248
4828
8485
4015
5412
7401
3666
1230
1830
385
7051
3324
1681
3645
4276
3069
7534
6768
2099
3294
3549
2229
6650
5051
9175
5167
9585
6862
814
9878
1739
2063
4707
225
6078
119
7626
9744
1349
9456
129
8400
2781
1811
2045
7057
4881
9580
3825
6981
2875
7375
9210
9525
2427
8386
4693
2012
5248
5507
1890
6987
7570
6597
7212
3649
6716
4839
3393
8066
4295
3523
6466
7077
5335
8512
4134
216
8092
7960
7197
967
5336
6408
493
7764
4794
5186
9776
42
694
1666
7030
8265
8264
4243
1914
4980
9082
5308
3047
3378
8831
9513
455
4167
8026
4590
4383
6118
2551
1581
7086
7888
7990
7579
5652
2784
2766
5428
2827
3460
7095
9857
1726
5359
4101
3640
340
3183
8948
3387
6561
7780
2901
7016
1947
927
1607
6331
7046
4158
7913
4133
2046
5903
1712
7698
8688
4479
3126
1516
7940
221
1374
9666
5581
5475
3306
5921
8658
2255
9308
5220
35
2209
2237
1983
3137
3844
8315
183
8002
6228
4317
48
2132
6030
7747
821
509
874
2337
8449
1095
3711
8115
6677
9186
1422
2598
7845
3677
1907
3066
3713
4116
5303
5697
7254
9148
4012
7438
7151
241
1755
7199
2373
7785
4947
3194
8294
5821
5532
6744
6917
9243
4859
3594
8430
6281
6192
6276
9959
8099
9342
3673
2216
4646
9370
9471
3794
3382
6909
945
3623
8664
8145
5997
6450
3092
9192
4745
8914
4724
1489
5831
3968
6348
9425
2399
2630
5618
8675
2590
3718
8018
6263
5935
2664
5633
5406
6459
9016
2316
7405
2639
980
5551
8637
7431
8644
7829
2176
7558
2554
3665
3389
6522
14
2814
8922
2644
8433
7597
5234
2151
5616
1497
8086
8280
7131
3493
4740
6147
5809
2145
8787
6790
7696
7424
4221
6340
5253
6397
3899
7807
63
7288
4330
77
103
3252
2721
8536
850
7956
687
6466
9454
8774
4747
6586
2267
9487
2733
8076
1633
1520
4866
9330
8944
9088
5671
4198
5485
9570
2006
5548
6859
6337
5626
6962
9590
8348
5498
440
6304
6185
6907
5759
4960
1655
2345
7227
1142
5078
5303
2776
6599
170
2107
5544
9258
7779
9742
4744
7349
1748
293
4209
8085
5919
1171
7675
4267
6669
8116
572
2855
5023
6331
7815
6678
8677
5042
7821
3756
346
598
355
517
2705
5900
9776
485
5642
4520
7835
7391
4814
2044
5476
733
3215
3152
5001
9884
1268
5573
2740
6292
1905
555
2971
583
5598
793
4339
5945
1392
4695
6463
4098
595
6239
4583
6238
759
2418
3629
5573
4462
9106
6307
7677
2258
1308
7562
3527
6882
303
9820
8787
858
2792
9371
6457
3585
3710
2403
4977
8406
8866
9076
9002
5105
3659
5240
5865
6077
8870
1439
540
7976
7747
8218
234
9055
5781
3762
5938
6084
3582
4726
6943
6374
4097
3401
9960
7808
5804
4938
6215
4670
4014
5217
9776
7673
458
5642
3751
9328
7082
4292
7304
4829
2510
7539
3885
8292
1301
9823
4376
4883
4549
1319
1257
8647
4720
1217
6455
525
6155
2670
5196
169
7888
4973
7843
8346
615
1595
7675
7697
5887
4979
2527
8398
2518
6412
6690
3819
6235
1066
8702
785
2386
9960
9433
7107
1178
5889
7633
7334
8560
2829
7504
6448
7802
5347
4795
8418
6942
2470
6116
2830
7449
8643
1228
9968
5055
7918
3787
1291
8985
2490
2077
1372
2451
1510
8480
3629
7399
6113
964
5959
8942
8468
2408
6745
3815
7203
5163
758
9673
1280
3589
7123
9923
4817
7092
4978
2736
879
6270
1722
3370
8347
3094
5822
9858
1574
9452
7258
7688
416
3218
6631
8884
5626
3376
2700
2829
8540
3459
2503
9820
7048
9627
9743
1866
6719
4722
4602
7599
993
6324
970
9340
9419
6792
9199
994
6244
6457
8682
6661
9675
5313
5545
5302
8690
8245
8132
7230
1705
635
7051
8753
263
6795
619
6982
1518
5222
4582
2511
1547
5552
1852
966
2345
1051
1961
8590
7509
643
5251
7184
5957
796
2487
4647
9042
619
1878
747
1255
8930
9500
1518
5725
120
8501
7244
5342
3084
9755
6889
8636
1608
7856
982
2659
9817
9572
168
460
4823
7353
6418
5620
9840
1065
4662
460
2944
5410
1715
1874
4911
3234
7600
5031
1735
4844
374
4819
4600
7263
3456
6208
5119
4439
8868
4937
4011
9037
5397
8835
6391
1816
4455
6232
2881
9118
6692
5826
4528
8407
7700
9440
1641
5301
4472
3377
146
4846
8197
4746
2110
1654
955
7230
6093
9824
2167
104
8861
7565
8940
5253
9381
3395
1485
2263
2514
8177
8089
7043
6585
5789
6483
8226
1091
955
1604
1237
5802
9801
5984
7913
1455
6940
5143
7549
6764
7310
7654
5626
4876
6594
879
4257
9990
2364
6520
2504
542
4610
9547
7127
400
6031
5354
1491
6987
6958
2728
2790
6760
8713
703
8216
5653
5846
5765
2417
3157
3420
8043
8033
14
8923
2291
5
1287
8812
2509
1830
3422
2057
8957
3822
8089
4312
5314
5076
1271
8043
7867
8031
6756
8570
6247
2409
4417
2013
4826
7574
5433
2870
5608
5448
1793
7899
5453
3081
6712
7963
4911
134
20
3869
3957
8110
8181
9271
3187
9452
7315
1054
7484
4071
9624
3732
6480
4041
5746
1306
1616
1179
4177
7224
6628
5970
5124
2081
9051
1836
45
3963
1971
65
7833
5929
8176
6014
5201
1363
5467
2516
2417
2952
6587
2042
6684
3067
6084
2430
4374
7700
3610
8551
4925
238
4522
50
2320
3574
1887
2365
7537
3859
2431
5370
9788
607
1385
4990
1971
6853
7506
4389
9805
4094
6431
6490
7162
2515
8921
1537
216
2532
88
5142
2771
4611
5192
5091
8185
7079
7457
5722
938
9889
1093
727
497
2479
5717
2468
9332
3224
6857
9138
7319
3289
5629
4481
5804
4550
6019
6021
7082
6108
1163
9853
719
6355
4945
8904
3435
2403
4627
4373
2292
5720
5101
2790
8199
818
5258
7532
4043
2116
6671
1362
5405
2300
5844
1210
6851
1863
7232
3934
7971
8395
3788
8690
4751
8734
7594
8186
1137
2221
2560
3430
7942
7662
6220
6142
8480
1479
3674
2524
3596
346
3886
9002
2647
9730
212
9498
1594
7445
3433
9565
5840
7222
8255
592
5956
5850
8779
7093
8072
1339
524
6014
9001
6744
2157
7482
8224
5831
7
1820
6178
3893
822
8825
3624
1035
8324
5219
8480
1758
4784
4321
8980
3040
4913
4936
8890
3693
2030
6963
5032
2554
2978
4034
9299
5135
1517
7523
967
1524
9344
7145
5418
167
5970
9043
1203
4295
4262
9683
6053
9047
4005
5033
2087
8919
9970
978
2612
2000
7941
7645
4554
919
1680
3853
6055
3197
1377
7022
4722
722
4167
141
889
138
9185
2092
4434
3447
1776
487
2495
5782
5521
4583
4701
5491
5561
7314
7491
3503
4959
2046
4423
6639
5900
478
9837
7277
7500
4560
7999
1668
4701
8889
1806
3886
981
6240
7334
2758
6728
9829
8540
2249
4412
3242
7741
9974
556
5232
3478
5516
7278
7901
2156
3178
8380
1993
456
5881
6554
8456
7549
1256
7345
9356
5142
8327
5597
2477
1086
2325
2307
9626
4575
6720
2869
2316
6694
3425
7549
173
8941
4828
8074
1097
8007
6455
3091
8464
2337
9646
6920
9886
902
4266
9243
6044
2594
4841
8522
3680
7166
829
3307
1742
7549
6176
4059
4244
9601
1609
4417
8543
6438
2492
9641
4445
8948
2733
2910
1285
2379
9830
1172
3281
4097
415
9326
6691
5256
7849
372
2423
8678
3679
4166
6228
9855
8226
472
9457
9835
4890
8001
6273
7382
7643
719
6330
376
3629
7616
2756
3460
8788
6038
7557
9203
5365
4249
4460
3214
4621
6884
1892
8301
1050
8121
8157
9276
8594
7614
9112
3484
5616
5385
867
3259
6105
7197
3635
9734
4813
6392
3194
3602
2430
752
2806
7795
5001
7266
1009
9623
4151
2902
7924
5202
1023
6082
4478
9617
3696
3591
3102
9313
8977
3969
2572
5082
1167
6208
4816
5980
2600
8011
9583
5031
8763
2389
2826
3765
9656
3836
3389
3807
6738
1313
9009
7762
7395
3488
7380
1092
7079
482
406
6056
4451
2978
1139
5618
9187
5956
1599
1788
3967
1182
6819
2731
3572
9646
6497
3228
3482
9886
7035
221
1199
6045
7984
8595
9533
5364
9688
6613
5846
94
2670
298
3073
3809
5917
2260
9765
7517
4049
3733
8700
868
6464
2272
515
2961
5500
3997
2847
2536
4219
4047
8581
2203
2643
8114
7568
2331
4728
3415
2426
7398
3713
5499
1208
9631
7760
973
7148
1809
4707
5848
2678
1172
8120
3193
4133
3621
7191
6981
6157
1411
1029
4738
3614
3672
2852
1182
6004
7580
4598
8431
4979
8311
3931
6187
7943
1692
7161
5091
3502
1868
939
6180
3040
9060
9374
7174
2681
6566
4156
8838
7977
5185
3576
1592
8858
6429
2775
4863
4010
7373
3295
8989
5685
7226
5177
3628
8919
2338
8719
2421
4207
9659
8602
7247
8719
7976
4422
1401
4543
8578
240
2520
3763
3816
4113
2622
246
6888
7485
4257
4261
781
3247
9946
8007
8424
3575
6926
763
2294
9348
4970
1953
7950
2218
673
5927
6640
2075
470
5218
2315
2991
8982
6132
7104
1604
6378
3993
9090
635
8254
9871
3882
8201
7879
2307
1776
4806
3070
4071
4154
8041
6025
2104
259
6699
8032
6899
8774
8502
2118
1090
1494
1100
7222
8598
2705
3600
2591
1796
4236
846
1667
8119
9048
9547
426
825
4354
3497
4897
8508
1538
923
613
1798
7622
8645
8697
6397
7148
815
7487
8642
1916
4709
7241
4622
8310
9833
6418
2547
680
8086
666
9728
7633
1093
554
1987
4591
5452
496
6129
6375
1110
7927
3997
9756
6625
394
6904
7441
7881
5546
9358
2591
2788
3980
901
2621
398
3448
3301
8484
4115
3029
6118
5209
3584
8106
9800
9036
8602
5929
5411
9713
3857
9409
9469
483
9804
6373
7924
7685
1920
7283
277
4708
1263
1179
7329
1661
4627
630
145
8743
3660
6264
3952
7245
4370
3752
6281
2972
9682
1693
2685
3540
1103
2155
4023
907
8528
1948
8593
448
9231
8870
5157
494
49
2486
2156
4677
3117
2301
3420
6777
8566
7373
4023
2936
1125
305
5909
808
1998
8595
4348
3101
750
8372
4008
9278
320
2602
9727
9551
1472
4885
46
1522
7371
2202
6199
489
4504
9620
7267
3070
6994
1290
6006
8120
1595
1915
8928
3594
511
3277
6696
1261
1649
705
540
1969
3307
267
1521
4779
5152
1567
6301
2524
3769
2501
3013
8274
2122
281
1344
9116
1571
7350
7236
3166
9266
6165
6761
9777
9442
3457
1039
1091
4162
1579
3061
7469
1847
4582
2249
6999
6149
8550
9524
9919
1052
2538
8193
3174
2819
9538
2291
4391
6889
9528
7558
6155
5693
4319
5933
5135
7776
6972
6227
1938
8551
9288
9408
398
3870
1657
7398
20
208
6923
9940
1260
9462
8133
4435
2281
7671
6727
6673
4560
6255
4231
716
1948
8550
6650
7084
6327
3622
3311
8266
2174
2600
7674
2573
6471
9331
9972
6491
9539
6895
6431
799
6358
4565
5235
8639
2237
1962
5313
6798
8218
9544
7515
166
8095
4165
7251
4422
7788
563
2688
9963
3163
362
2536
9634
9693
2509
6126
9233
9405
2558
33
5763
7123
5268
4403
9361
7231
9716
6159
5449
9260
3674
5616
7355
7840
2867
1777
5628
3431
4466
5591
6595
4828
8128
6230
4522
637
2356
3756
42
4915
3789
5805
2038
9057
208
1400
6289
9924
7559
1738
9184
1234
7354
6540
9074
222
8318
4703
3653
2784
294
249
7613
8422
6479
2136
9060
8836
5892
9102
3751
9681
4908
5790
8739
5116
7190
5028
5041
4750
6767
4226
5984
4121
766
5059
4343
9085
9762
7997
1869
56
8246
9482
8479
4726
1619
7539
3562
7511
6642
7314
7193
1550
3104
5933
6667
294
961
1708
5044
7728
5935
1029
1850
6701
6088
6194
5786
5850
4192
7656
5907
2439
7139
4387
7165
8758
1926
728
6270
8569
8042
3464
119
1146
9397
6787
1441
359
8495
6486
8088
4430
7515
9938
1132
3604
6133
6919
9455
325
4576
5362
2764
1715
9750
9929
474
1676
657
6745
246
8700
209
365
9847
9606
7152
1288
9965
5648
7775
8053
79
5291
7992
1212
8895
4125
8131
8351
4450
2708
3714
7215
4423
3464
7144
4898
5140
7802
1643
5387
6502
1852
5752
6349
1458
2905
7638
1424
8554
5413
9477
8633
704
7469
9845
9600
1595
7977
7951
6046
685
1665
3261
5109
5129
405
8
270
8208
1651
5657
4711
3504
1410
1061
4962
4316
8700
6387
2870
4113
5864
1503
4818
3334
1349
4419
4929
9326
2370
975
12
4036
4236
5121
9166
4642
5130
9437
2851
6781
5094
7563
285
6505
8624
5248
821
7324
1635
3691
1438
7500
5194
6257
834
6543
676
5764
5870
3047
6740
5882
7084
977
1004
6250
5620
6134
5687
8471
2916
782
6035
3201
7287
4659
8450
8108
1984
85
1800
3422
7585
6994
9680
8420
3538
356
4184
9409
3404
925
5291
488
1902
6296
6738
7523
2430
2426
5994
5347
3208
2029
8548
496
6689
6998
8605
8673
7084
405
2096
4670
7400
1776
3090
938
2133
7275
348
5537
8200
5639
6026
103
1936
2765
7626
4367
5191
3621
9714
8400
5651
8263
8896
2340
5262
7501
1014
2346
7907
3111
7016
5307
4888
106
6246
7021
7382
6594
2559
5582
2234
8585
5685
4170
1350
3311
8537
6542
6933
8252
4942
2584
6515
3839
4924
1777
1341
5939
4123
9248
9050
1140
4556
3939
1247
802
960
8629
7397
3520
4212
9631
2105
9897
3802
3456
3209
2339
9998
143
591
4941
2727
7107
8780
7652
8884
121
3591
3008
9370
2642
4148
3926
6581
5396
4729
7542
4025
2126
1062
8237
1757
3168
8135
5560
6625
1345
7899
6624
1488
8491
1565
4215
5598
345
1867
4483
467
5459
7491
9838
8102
1640
3765
4684
7036
8494
2227
1061
621
3290
9299
2379
6459
7434
7939
3084
8780
5838
9708
268
4330
1273
4484
9929
1619
6352
4412
2087
1812
1904
1926
9914
3544
5691
4599
580
4186
6826
1642
4807
116
941
7186
6575
8376
5125
9660
7156
964
9368
7425
5295
642
1909
5224
2262
8261
9637
4349
73
1541
6276
9988
5085
1967
4587
5666
6153
1414
7308
961
1531
8249
8147
8107
6625
3272
7767
3782
4237
7136
1207
9532
7779
3116
4757
41
1378
4394
4391
1452
5936
667
1440
1022
2635
6028
6688
8789
7443
3996
9750
8974
2246
7897
7082
8872
1170
4849
2654
5407
1986
3861
4940
9765
6978
9697
9806
8357
4091
4198
9809
28
4865
1250
1050
7501
7278
7738
6290
4722
1735
6040
3696
3981
3938
778
2853
5109
5628
5508
516
7614
9370
5457
7380
6349
5154
7187
4706
9246
1385
4515
9274
6251
5765
324
3752
3044
8063
43
7766
9798
6083
1463
3780
22
2241
6634
5131
7870
2143
5648
5485
1513
1105
2865
7862
6260
53
2569
5506
1438
7084
4781
7690
2850
5106
1443
5895
3169
1486
3662
2968
7570
5125
6749
7592
7367
3383
2724
5237
5526
8372
723
7040
9478
3588
4903
5738
3641
7472
1245
5080
4556
6026
2770
7407
1132
4214
3302
4302
5700
6964
7270
3271
2090
4020
864
9457
7403
3588
4695
2930
1961
5418
9971
1439
9007
4874
7178
2649
2346
8423
7729
6903
4450
500
4310
5583
4715
7613
9885
415
4578
7156
3687
6668
1176
4551
6126
8580
8140
822
1511
101
6240
1482
1541
5248
6356
8720
7897
8703
7144
5627
5606
1594
6128
9917
7177
843
7530
7062
1259
2109
4219
4947
8778
5395
9498
4904
3976
7638
5727
5487
7740
1968
6970
9282
7216
3327
8002
5114
2030
5146
742
7637
6740
6871
7554
3918
7715
5085
981
8975
7194
5200
3922
5973
596
3420
878
4572
1059
6605
60
8800
8573
7031
8082
5789
358
6084
904
2389
1230
1646
26
7971
8517
7581
1889
6232
2666
2870
5207
9861
8070
9129
5834
8667
2550
6712
3240
3610
3318
3301
2410
1891
332
493
7681
690
6577
8585
3080
7808
232
3106
5779
8750
687
7669
4982
3354
539
190
3216
8610
9320
9051
7278
1871
5763
518
5482
9082
3819
7893
973
4151
8386
8655
4842
4963
7240
7923
2772
7473
1029
8552
6223
1717
6221
1206
5072
6761
1396
8288
5372
717
7339
2650
2588
3103
3169
8070
2185
6989
5963
3159
1140
4349
1814
5983
9313
9055
3906
2086
6528
4936
638
2752
6654
6860
3958
1726
3622
5355
15
8995
6072
7354
1645
8660
458
4815
6731
2643
1804
2695
5803
2945
7045
7617
8929
6359
6672
2835
8445
3201
7772
9084
5953
4427
5945
9912
6153
9567
5267
6168
8562
1339
3523
208
0
3981
5024
6732
6625
6828
9427
2428
9774
6473
46
8703
2832
6719
1539
1278
9920
9311
362
5874
3738
6308
5787
9892
5875
1054
6061
4438
2394
9584
4647
2395
3566
9671
9127
192
6500
8555
2621
6274
5028
2667
4977
7860
9386
6516
9138
9307
5828
9501
5182
9566
5809
969
9459
1685
2024
5520
6124
4418
5105
771
6813
8672
443
5941
8864
6943
4496
1485
3218
9524
4153
8195
7385
3540
4711
6524
2847
539
6026
8030
106
1835
9000
9565
3521
1024
5085
9646
5443
191
417
2257
8863
861
8198
7728
7805
2695
9213
1023
2219
3367
9218
9605
6907
3930
6129
9755
4470
2155
7785
4576
3991
6786
4142
7513
7811
9228
7159
3255
9419
7577
5512
8283
8438
3711
6011
6244
6406
5225
7267
8626
8592
6485
8231
5499
416
4360
5255
4886
6516
3041
9463
507
9827
3606
8021
7639
2834
5180
894
2254
2758
6406
537
1197
117
6549
7441
6524
1774
4708
5150
366
1194
3381
5866
1610
7741
1122
6497
4258
4163
5960
4766
3991
9566
2787
1630
2401
7967
2524
4655
725
8931
5193
1922
9048
1742
9364
5572
3516
4072
722
3883
5266
4104
9750
6876
1846
872
3373
6104
5036
9334
870
9027
8901
3657
657
1302
1625
3181
5957
2351
2112
1150
4274
1161
2893
3638
6734
6409
7710
7457
293
2977
1561
43
9854
3407
916
3228
9511
5952
2562
381
4979
1463
4039
5637
2766
5664
8819
8723
8015
932
9874
2289
2093
2768
5928
8828
9177
3638
6285
9471
6615
7847
9515
6470
1254
431
9698
766
