6384
2260
1148
1364
3724
5188
7001
6490
852
5820
5214
8868
6753
5089
1158
8847
7857
7086
7675
7035
724
3961
6507
7340
1808
6022
3810
3063
6454
3508
3830
2838
5769
4979
4203
9494
167
1204
5985
1020
7025
1200
9888
3778
6289
1046
2625
4147
8132
301
1183
8857
4262
7690
6198
6071
3712
9
9135
167
3518
2966
3006
9287
7945
7209
8782
8113
8414
4767
9133
5440
5967
9021
9218
2257
68
1844
6404
8201
2145
7588
7058
6408
5278
3256
2480
8991
3265
1616
9158
6784
4582
2165
6071
2528
9374
4854
642
7789
9622
9775
3229
5589
8797
2447
7847
8865
4292
4252
7066
6438
1840
4125
2847
7118
7382
5327
6110
648
6943
5269
7432
1526
7434
3504
4055
6809
8358
4697
4598
7980
4473
7827
3570
3270
275
1417
2136
4567
5670
9203
1006
7510
3328
3853
4629
711
9180
739
1359
6124
6008
8791
7651
3443
2295
1706
252
654
6404
4850
8634
877
2677
2205
4148
2953
3623
6285
7520
9293
5488
8526
6803
8817
2379
1433
9528
1560
2172
887
7685
8181
9679
5336
1624
1974
7043
1877
2628
3447
6727
1263
4325
9405
3468
8473
2358
7091
4759
9879
6385
247
8406
3188
9065
786
4621
8593
2346
6794
9481
32
4976
9160
5368
6600
1135
2411
8478
3764
5859
5205
5027
184
4611
8496
8658
6970
5588
3417
6850
1973
3665
5256
5161
2730
6043
9783
1324
8390
6578
805
8422
1554
9966
3790
8155
1101
6202
6633
4866
2061
1839
9893
2246
6450
8390
905
3421
3978
4322
271
5951
7988
5528
1113
718
1571
897
2042
9961
7475
2848
8383
9030
2814
2174
7185
3916
8376
3818
8782
438
5658
8676
2684
2109
7066
3589
5530
1045
7912
5802
6996
5900
1330
8110
6619
2902
9008
8662
2863
6484
1510
1247
5514
4325
3421
2699
8241
1798
6518
7024
2237
2176
5700
4922
4285
2767
8512
9816
3812
6424
5618
809
2325
6949
8920
8945
9851
7928
7607
2714
4412
9118
3962
9926
3443
7384
2626
1685
9183
9145
8710
1420
1322
4410
6342
5608
7178
4854
5424
991
1279
1043
1800
3604
7992
721
2550
7843
8650
157
558
3062
9276
4521
2989
2720
1905
5616
4406
1088
4761
3116
2509
6084
7527
8851
1692
4705
3706
7116
5696
4985
8160
7497
8590
6153
8218
1140
3997
6868
1298
4555
9931
574
9077
2921
3294
982
8537
7701
2071
3299
817
4580
9383
8344
3432
1075
3049
7138
8192
8746
2123
6353
6243
714
2506
4462
1854
6503
1331
3152
1058
1263
3727
136
4184
7022
1119
2722
4723
3190
6021
5540
7771
5405
3884
1204
6481
6934
8342
4673
5680
466
1026
1924
1180
3532
6387
3035
35
7719
6187
1094
8982
9915
1231
3167
6937
2350
5889
1660
5541
1911
7201
3312
7316
1085
4516
3797
8020
2859
8471
3701
3326
9498
5626
4507
3031
2014
7542
3067
9733
3729
4162
8716
3644
5393
1883
582
7743
7773
2242
3284
9685
9443
6597
7002
529
1114
800
8550
3973
9271
2251
7300
8770
7878
1807
1801
9892
9349
4868
9625
3079
9030
8341
6724
4423
225
7306
2166
7999
9548
5451
7684
8992
2048
4686
9522
3162
5486
8072
7136
4758
324
4436
3528
8202
6243
5329
8094
5593
197
7720
8672
9228
6061
5396
3651
6287
2702
5818
4287
2251
1269
1971
1244
3318
6658
766
6480
2145
8839
3617
6903
9164
8053
432
7366
4297
5761
5461
9890
5959
3181
8563
5188
9243
3960
8840
5530
6663
4658
9818
8914
5928
1789
159
9247
8448
926
5727
593
9766
9345
7497
8930
7398
7929
6296
1696
3691
1757
1587
9651
4938
151
4840
4182
4111
3680
9712
774
8338
9530
9689
4267
1320
9848
3514
9769
774
9242
363
540
8587
7860
9471
5986
5790
5767
7682
9482
7525
9270
9134
2464
9421
3974
6646
3532
7654
6359
4306
5993
5890
3996
260
7211
3844
3775
6980
4619
3017
7343
5160
1604
5204
4631
7591
994
399
5273
477
7925
4544
9611
390
3965
3585
7037
7498
1239
3396
1805
7233
9287
5801
7493
6498
9645
1268
3479
4265
4286
822
9426
5891
6027
4058
3482
7021
4458
8756
7499
2383
3300
7110
2774
7266
696
9811
4764
1936
3208
6569
9169
2495
2370
6662
8994
2016
7931
2474
6282
2218
3297
5708
8109
9324
9766
1592
6346
4225
349
3845
6608
3649
955
9382
916
1652
9194
5680
3588
2402
2250
2757
4898
4620
9420
3892
6637
7351
6366
2919
9569
9663
8628
7679
8988
8395
9272
5334
2620
9621
9179
9229
3271
135
8612
4187
1787
7806
9868
5376
209
2118
8133
5107
6739
7553
9000
3377
4905
5367
6296
4475
5031
4925
2154
4019
3320
1426
9353
5941
1047
8533
5170
4318
8669
3782
8506
457
1589
8374
5833
1798
493
3967
6905
7232
1520
5906
610
6425
1273
6907
900
6304
1832
3055
324
5153
4482
9678
1094
5530
8211
6265
9848
6881
47
8355
7339
1637
6730
3172
3435
7223
7140
341
4456
8660
6247
5066
5086
7520
1973
5987
3825
3805
9042
4149
8959
3524
3827
54
9054
2039
6319
8903
8921
6367
7258
6260
8004
3989
9433
1439
1212
6573
1781
5668
5234
8028
735
320
5548
2708
6307
9373
6514
5349
3523
5474
8874
7350
5528
7929
9390
1847
6832
8311
8214
4091
4572
6219
8081
4005
7659
9293
578
9440
4962
5812
7468
5697
6133
3017
8406
2440
2390
4920
7790
5914
394
6664
3265
5922
4594
2655
7770
1427
967
5985
5519
5539
2204
3600
9544
9863
2893
123
9303
7856
5936
6772
3553
2069
9789
1959
4509
2180
6880
2300
8094
7275
8965
1359
3198
3559
4015
969
4986
4982
6954
505
522
9158
4106
66
9022
6999
190
8326
4856
6126
5098
8409
8196
4887
369
2706
7068
7250
5006
5162
4525
3971
6522
7724
7531
537
8693
2518
5520
5647
3024
6042
4806
7130
6109
3829
4130
6300
2155
8986
2426
7254
7395
623
2142
7765
3329
9210
5015
8336
4373
9541
2307
895
7265
9839
1433
5959
2357
6954
1606
5381
2997
6413
2511
9106
242
6642
5406
2398
5628
7833
9652
3024
8456
1795
789
1786
1005
5805
122
5379
5347
2430
6274
2612
2269
7708
8572
4627
4662
179
8
7659
6592
2520
6766
6835
9162
2173
9233
4791
6
8886
7815
8463
681
8605
249
1687
4410
372
7066
9757
2802
3341
2370
5072
1050
942
9699
5713
1121
9707
3373
7714
2228
139
4549
1390
2313
3783
6182
2320
2670
3997
783
3352
2602
1033
5040
7013
1406
2107
6771
4208
5449
9142
9280
6499
85
8979
2212
1206
8687
5586
8921
915
5726
3471
2306
8039
7255
8489
359
9925
2486
1143
3278
5089
2177
8318
2103
3583
425
8874
7791
5874
8016
7072
2374
8101
6052
4587
9308
4740
173
8230
5656
5899
1701
7963
3938
8956
6452
4297
8882
8938
5441
2160
4028
7618
478
6131
1201
904
5006
8993
6778
3023
6065
9152
1125
2118
3739
433
6858
3913
8664
2514
9812
365
478
3751
9322
6930
8049
8204
5869
3490
364
9897
1108
843
6029
2309
1747
1035
1302
8525
4058
7368
7678
5183
9487
1418
5617
6345
5331
4281
8860
5144
4646
9338
8895
3968
6269
6944
2173
2138
434
2537
2036
1543
3380
8065
3853
5127
9100
5156
3653
3158
2524
1332
8342
2011
2750
3959
8357
8082
8240
7218
3226
2887
6557
2121
6856
2826
9066
9029
4965
9501
1567
7002
1044
4948
5067
4898
75
4167
54
3729
7326
2579
5061
5668
4591
7811
9628
2948
5894
7868
167
9120
755
6724
1242
7612
9551
308
6641
4517
9810
8209
1519
854
3157
6586
5752
3232
754
5807
6962
8081
8386
2023
3750
2977
9835
3378
5926
5729
1246
6093
4850
2002
2818
6092
9615
2370
6401
6256
6887
6211
4465
8406
7065
7622
4993
2818
855
5748
8626
7817
3829
7012
9841
7580
9989
9677
958
5916
5406
2205
2009
257
4208
4828
6349
3823
7198
2750
80
4085
8961
4545
2492
6027
2168
7486
8846
3024
3234
7472
842
7063
4484
683
4643
4474
361
5602
390
5768
7807
2400
6025
2015
7228
2374
5839
4427
5125
5919
8512
4086
465
1005
114
2633
8491
8960
5658
1725
6432
6500
8789
917
7184
3433
5391
7545
9035
5782
3313
6843
8183
9339
8859
5411
1713
4698
9839
6839
617
8351
925
1083
9357
1040
3717
7848
0
9375
9574
6433
5876
8364
7350
3060
1797
2742
606
833
8525
3920
7677
6708
3259
6536
2119
4972
1235
1958
1811
1853
310
2737
2936
9668
3777
6653
7517
3778
6029
7092
212
1905
5456
7562
4965
7254
305
5572
8087
8830
9492
5765
5538
2751
2302
7658
7723
3537
9617
9535
5391
9928
2273
8327
9596
6051
4981
7114
9830
1010
4206
42
2915
9662
7605
7881
6916
7910
3453
5004
6741
2945
770
2279
5696
3072
9938
3420
6609
9555
2956
2000
9484
5229
328
9081
1281
5309
6195
1111
6320
401
1153
9236
64
8759
7117
6981
6669
571
1986
3410
3517
2756
5690
9213
5828
5628
2634
2438
5184
5590
4439
4668
820
4767
3749
2102
77
9945
3213
6398
346
4367
5634
411
3126
2752
7392
9796
3323
9378
3206
6840
2134
8897
6054
7963
4525
8689
401
9709
4279
4840
4378
5100
9608
8128
7202
9685
8073
416
6084
8419
4784
1718
8830
7911
4470
6223
7707
7794
5601
914
4635
7736
9811
690
5699
4337
9379
6100
4047
3659
941
8425
8759
550
6553
5962
236
4626
6379
6320
3046
1163
8038
1877
9075
2509
8100
6783
303
3701
7697
4939
1438
7509
5629
7137
1846
5008
3238
5893
8667
4180
4319
7427
4730
872
3389
4966
5499
9769
1286
8546
933
9325
423
8
1834
8524
6791
2138
2226
4489
7077
3664
1998
2706
801
3845
7715
4039
9739
6383
8219
4058
3810
2949
4931
7200
7916
431
6969
9202
8977
7902
8527
9401
7911
362
7925
4703
2500
151
9192
9577
3815
1191
2284
4617
5036
0
8657
4776
6383
6876
8834
193
9826
3766
7393
7743
4197
4363
6945
3175
2266
5473
2577
177
5835
502
4880
8336
654
4073
7914
4470
5264
198
9087
301
198
7744
5077
6581
4621
3912
6775
4448
7678
4169
2191
1876
8532
9137
5052
799
4611
7629
977
447
8132
5858
8783
8786
9931
6697
3256
5196
6896
2344
5497
7095
88
574
3677
4710
4487
452
9158
2165
4622
1350
4042
3154
487
9095
3954
5098
6724
4931
5545
4856
789
4329
3643
721
1026
6900
5917
7923
9244
1414
5018
9333
1989
8696
4043
6476
9148
3202
8642
3770
4552
2685
6925
5040
1780
880
138
8504
5811
5684
3361
6601
13
7005
7323
1040
3905
3240
8963
3150
4655
3982
2483
6644
2678
6527
3120
1827
9730
1763
5598
4282
4448
2524
9322
6228
3404
9461
4733
9216
5145
8095
5818
5159
5100
3141
6199
9006
6381
5163
2156
1036
9145
4640
7681
1824
1168
802
3651
898
2565
9250
5181
7013
1774
4504
3242
5179
3965
7975
4395
9111
6070
214
4270
1171
3355
470
177
9737
5633
2334
774
4779
6975
8455
6603
8143
9258
254
9042
1823
9504
4223
8837
1279
8727
2080
6458
2693
55
853
1804
6126
1067
6075
7297
4423
6545
7475
4160
2179
9809
4935
6958
6784
3390
3561
4928
2649
3816
3970
4472
3320
8194
3310
4600
6922
5390
1058
9616
5446
1912
1420
1573
2980
7496
8870
7403
4042
6346
1564
6221
6156
6499
3179
2940
9889
6741
7869
2538
557
1840
7011
3878
34
322
8478
6957
5713
9536
6573
1160
1448
7994
2733
4428
5490
1604
1832
9532
7950
3396
5754
4106
9895
8933
7047
9785
5675
4917
2324
6232
6757
9336
110
6791
9658
8588
3749
5372
8125
322
6532
9574
8316
9265
4002
3806
870
5835
3339
8821
9231
9093
2927
9126
8027
9975
8911
3702
4892
1235
9934
1650
571
45
8441
230
8634
2191
5602
6759
2513
2135
6333
829
1401
336
4636
2271
6171
7976
1092
5402
7070
4020
4529
5097
3996
3441
8800
8889
4677
8735
539
5249
8781
8981
5479
7415
1172
1082
4174
3686
3218
508
4515
4619
845
9152
6891
7016
7129
7983
2419
4199
2004
6949
9297
6001
390
8097
4890
5067
6833
5430
316
5614
4411
5796
3029
5584
6879
7204
9270
97
7713
3786
4717
8558
2938
1608
5575
67
9592
7995
4266
1596
4944
3564
7597
5335
1661
2488
403
8495
7918
720
4109
2330
6516
7139
7914
3396
4343
7184
3493
2056
970
8210
615
3909
9819
6190
3977
9411
4186
8244
1008
9130
1808
8605
4465
3470
1094
4868
1965
9013
5588
6074
1343
2105
3213
9258
5501
7557
6442
8995
9614
7413
7206
229
1323
7025
6420
5300
6436
606
3544
7444
9737
5352
6050
4203
8822
7145
9071
787
6158
4660
6862
7502
6766
76
6760
2268
7634
3203
1263
7248
617
8470
7478
1940
5496
3899
7240
1933
4505
784
9378
4243
6136
5429
8446
4959
2574
7518
5747
8733
2178
2610
6235
8945
2686
2996
1213
320
6199
2477
7569
6817
947
5047
8757
6444
8946
5997
8377
3452
6781
7755
7695
2918
3184
6141
7878
5759
3659
3625
4492
5838
6235
728
4783
8922
3725
5997
9243
9925
8474
6812
6742
9422
1860
5499
5866
806
1496
4243
4259
8278
1998
1955
1197
5183
8096
9075
942
1756
2701
5435
7595
8937
6164
2379
7860
9889
8376
7103
9814
6850
3915
6557
6273
5775
2056
2139
6582
3553
6383
842
1832
8382
2797
3029
3565
894
2105
4508
2651
4807
9943
246
3744
6108
2625
1604
5997
1001
8707
5812
7852
2623
2370
4125
8399
4426
6265
4982
7980
2648
5824
9812
1030
8621
2841
4595
9516
4947
9104
2167
9754
9048
2413
3499
5156
5038
5104
1154
6040
3812
6967
3893
6435
9337
8018
4834
3764
4283
9816
1744
6931
5641
1556
7962
4262
4398
2557
3779
9345
1661
5946
9100
709
8359
2599
5866
3398
7703
7020
9439
1515
3987
3332
7951
3325
1350
2786
7089
5634
2603
8833
2566
8244
390
528
2507
4788
3086
6286
4134
4747
2232
3234
5457
592
5833
1323
3990
3537
8344
3429
5052
2331
6761
3003
5657
8112
5790
2746
3747
8393
1580
6313
6637
1970
6842
9144
6759
9928
5431
893
4676
7663
4127
134
8255
9961
1457
2246
3499
9802
5676
8552
2134
2437
1556
7791
550
7346
537
4297
5739
2117
611
2376
4088
7453
1521
847
7382
6952
1740
2058
4616
5868
2192
2871
5830
3650
5118
9329
3452
794
7881
5587
3232
9437
3378
3783
6783
3916
8081
2523
6033
8692
4899
122
6146
6421
969
3528
3373
2710
5587
7989
8578
7779
861
4409
1430
5980
3739
4882
6774
1621
469
7
1058
3848
3790
7842
7764
1871
365
3798
564
5265
3920
6710
1686
4889
239
5060
7599
5826
3050
6178
3605
3912
588
5036
9892
4327
9918
6667
5948
388
6674
7007
4237
465
4850
2001
2336
5216
5799
2901
481
9719
9611
2168
4609
9851
7228
2209
5677
279
8388
9283
4191
8976
4319
4083
3304
4238
750
9253
4627
7425
6260
8864
7890
1111
865
227
6327
6665
3128
6809
6385
2740
8977
995
2591
6206
3204
8269
6485
1593
7552
677
570
1872
4760
3874
6111
5511
3128
738
2937
9388
9603
827
500
469
1055
6827
7134
4183
3637
3520
6923
2614
4515
9515
8821
7719
7784
5307
9312
5336
5985
9883
7209
746
3757
3320
6257
6886
4059
9195
6274
3662
22
6775
4132
1077
3602
1266
5261
7239
4786
2184
9854
9301
1699
8676
7021
9484
3984
6334
4821
9969
6217
2030
715
9975
5351
6973
6861
9410
6168
3136
3073
6191
9911
7205
7269
3514
8472
2531
754
3259
4715
609
2560
6415
9286
9582
5900
3270
5917
721
3240
2134
2751
3956
2110
8102
929
8972
7513
7098
2108
587
3290
2020
7792
560
5535
6265
3091
6289
9524
7807
6899
2085
4223
6185
1667
123
9456
7584
844
2697
9719
3596
6653
1829
1699
7583
801
9212
4682
2910
9799
7973
4930
7592
8533
466
3857
1624
6755
3381
9432
3655
5466
3655
9841
7134
3778
9298
4719
4623
1995
4438
8219
8649
6268
9918
6232
7069
9131
915
9980
8931
8888
4911
6523
7421
5377
381
9046
2133
3762
8478
5788
9229
2133
5629
6364
5912
4928
1083
536
6923
5522
8755
5572
1790
8673
1805
8860
7805
2720
8840
6736
1608
3752
3259
9030
9129
3640
8076
1262
7403
6554
7051
6633
8688
2681
2998
4601
7609
4082
5137
4533
9604
3893
105
1394
2567
1910
255
372
4631
9096
7108
6239
2848
368
5270
1978
4009
3346
3240
1413
9901
292
8047
8590
2973
1045
3191
583
5127
8329
5116
4731
2222
5222
6126
4789
7132
6382
5161
1764
5478
2270
8004
8327
2638
3274
305
6647
6620
3546
8060
6522
3838
6107
5112
6812
7153
8304
7395
2280
6633
2512
7012
8856
7734
3139
3645
4867
9522
8807
6631
5000
1078
4635
3328
3716
7910
3633
364
4531
7179
8425
1053
1018
4533
6165
7830
1686
4469
5226
3967
1103
7738
979
9959
5473
4119
3605
340
3641
2413
6972
8642
3491
1608
1970
7207
9518
5604
7572
4049
2784
5997
5102
3802
530
1268
1632
2216
5738
6859
6183
6841
4598
7163
6801
71
1283
407
412
4924
2820
7384
3567
6311
8992
5538
3519
8511
1142
1092
2560
3926
7089
7663
7728
7619
8931
9361
9836
4669
6221
6020
1511
819
3183
8312
890
4466
8720
1302
9391
1540
8687
2958
7852
7680
8496
1372
6191
9639
2464
8751
3565
9553
6414
1294
7173
5346
656
7010
15
6877
3030
1526
7697
6214
9839
8587
680
8560
9890
72
100
8578
3031
7953
6258
1528
9325
2449
1167
1789
1201
4733
1343
7615
6028
8517
2962
6685
5527
2977
3562
8557
4504
1259
4771
4344
9847
5452
2904
9738
5524
3005
8316
8556
958
4575
84
284
7025
1252
2074
8226
5986
3417
5842
2014
1934
8804
8699
7461
1781
2262
6018
6286
3522
790
631
3369
6242
3535
3108
1767
6541
1425
323
7499
6001
408
7783
3026
1660
9857
1252
7647
3275
7094
9661
5210
5899
8361
2671
7681
624
8690
3967
4146
9481
4599
7516
5723
8134
625
7491
4675
2050
7815
2175
8051
8223
9959
1077
9884
9817
2330
7531
3093
9425
7193
8303
5324
5555
974
3005
6179
9665
6973
326
9146
1572
7842
4870
9707
8467
2362
4383
518
177
6559
8569
8401
6518
9647
8286
6336
1978
5818
9429
1403
3011
7732
6728
8567
8707
9734
4747
8373
6707
5073
7520
8280
2915
2391
7988
1383
4753
2371
1901
4930
8930
471
3332
5449
119
1618
1786
2097
7436
1215
3501
448
8948
229
9015
7656
9963
3762
6029
6671
8836
3550
4951
1752
5941
2940
3135
694
5311
5037
5625
4242
5509
8957
9692
5629
575
1478
7727
8011
2694
1228
8459
1643
1457
7474
9299
1421
1237
5329
8092
73
8879
3044
1825
4820
5984
4961
5514
1296
9999
1139
5539
5508
97
5231
1137
672
6710
8864
8683
9404
93
7143
1048
1551
4618
347
2972
5855
5676
1065
5929
4555
4109
7755
9376
94
2716
4891
1390
2715
6030
6929
8224
6127
2161
9362
6800
8872
8226
5484
8276
8320
2627
9325
9871
7245
9672
2843
3101
5349
3909
9031
9904
8018
6786
9281
8113
9503
4172
9503
2218
203
6433
443
6331
8595
9805
3131
7467
8032
8615
5744
6352
1242
5069
6223
8488
4741
9067
1589
90
2976
620
9995
995
7407
9277
9108
6910
3449
8612
9129
3652
5046
9572
9983
3641
9377
3114
1108
7409
1730
6853
3761
2973
1922
9985
1461
6664
9053
3051
6755
2029
3672
6751
3024
1079
6028
2133
7989
9477
745
7118
3129
5791
6690
3113
9433
6068
6228
541
3477
7958
7394
7239
931
9317
7224
2393
5981
6277
5444
2736
8307
9116
9487
1332
196
5516
3465
8185
4993
4211
5304
8123
3
1994
1236
9436
8062
7464
9978
1540
5423
7373
8780
6355
6690
6004
8748
2672
2282
4193
5409
590
3310
4897
1922
3506
413
5388
1692
5406
9600
6996
3530
9603
8991
4766
9040
7054
2231
9019
8594
7655
6392
7374
4010
3083
3379
2759
5755
5662
6953
1164
6253
263
6061
8175
3770
6475
3564
5462
1881
3165
2458
5412
2769
1450
178
1809
8504
2410
829
7099
65
7221
4474
4075
304
7854
6835
6060
3517
3788
7225
9770
4051
3287
7946
7822
9762
1510
3284
1644
4676
5743
7056
7445
7193
7235
9255
5698
9645
84
2798
9710
7305
7272
3786
7610
5127
622
3671
8644
4410
896
8414
8462
4183
6360
6284
3945
7871
9569
5590
2547
5313
2646
9992
2507
9881
9247
8205
9527
9332
1003
9238
6637
8276
3025
4248
3403
3647
7919
2047
8058
8815
461
6520
2999
6822
2805
6945
4693
2375
2535
7240
7688
5181
7232
195
5063
6480
8401
4590
5812
9405
3828
2450
7681
6853
6699
1085
501
4618
3133
8559
3434
3595
5080
6434
417
7885
3379
5110
260
5914
2350
7949
1096
9583
8145
6160
6064
6546
750
1877
5951
4579
4327
3633
1433
1026
4719
1934
5645
7852
493
9080
1447
5574
5514
1864
3459
8893
6975
3720
4808
9325
1670
5905
8909
9815
2065
4973
6361
2815
6850
2313
7395
1178
5947
8828
2205
666
763
7851
8519
1257
6931
9966
6831
2446
1831
291
1339
8806
4011
6148
8132
5682
2053
7042
5497
4118
2016
1859
6934
8867
4173
4330
45
120
3159
2251
787
3922
102
9306
5179
7034
9273
2011
9480
1104
2302
820
9911
6314
6968
8043
1996
9022
5086
7494
3141
7102
9353
76
5969
3526
4406
6015
3647
7565
8266
4434
1488
8368
3741
6668
5402
3014
8679
4883
4119
981
5703
4031
7296
2671
2075
9292
1694
7161
6786
4835
4263
6140
4912
233
9667
9318
6248
3314
6884
4514
7749
8372
2883
1491
5040
8286
4506
3719
3169
8625
4701
8872
2657
1998
1544
4732
1291
3239
1893
8078
8074
6157
4218
2986
6390
3885
2305
2638
7200
9189
7153
4950
7562
36
6441
2602
8323
947
6322
1493
9573
1024
366
2230
3023
1910
6962
4314
5149
8856
2392
3224
5013
6610
6211
1403
496
8517
4041
7697
7707
1195
2647
5269
1231
9088
7872
9555
36
4195
1048
9609
5220
1414
1839
8243
3325
8802
2557
8475
7658
4950
1700
2671
1561
7912
4075
2058
6429
8117
9755
4137
9312
2402
9406
543
1491
7279
99
1527
1475
1147
1136
6696
2561
2976
4939
5887
1778
7497
4362
9437
2448
6062
2108
4009
3974
6184
6067
404
4301
5823
4541
3613
8225
3948
4157
9717
1228
4256
1245
2703
5403
2382
9399
7965
5358
4339
3852
7137
1837
8215
6574
4285
4277
8683
8295
8252
4867
4362
8656
9168
185
3198
2782
8411
7146
6939
8129
8374
1196
9374
1078
6599
1756
478
4565
7115
4818
8418
4252
6656
6633
827
942
911
9511
9237
9163
4378
3600
7820
3547
3786
1018
6330
2198
8165
3269
327
6540
4465
9701
7618
1065
1458
8097
5631
8573
2915
4049
2826
9571
683
3653
513
1594
3165
9751
758
7543
3351
8578
1091
7137
9597
7421
9336
7762
691
9663
4302
5157
9365
1921
6223
823
18
1855
9397
2934
5904
2223
2506
6588
5877
3019
8182
9043
2771
8940
6586
6122
7519
7678
3260
7117
5100
2596
4879
5792
2260
9182
950
1625
1104
7173
2449
1122
9029
1847
4057
4933
4071
6563
1521
9948
9583
9704
8991
2354
8645
5578
8476
6165
3257
1737
3282
8358
4333
8162
4150
6593
7344
5101
8219
8448
2275
669
9571
1304
2516
3628
6238
6587
191
7760
6536
9775
7464
5527
2129
6110
1106
606
2275
4364
2343
5557
2722
6677
3719
6873
3271
1064
1975
1490
9512
4250
2159
9084
5554
4675
2713
1793
1262
2905
9553
7798
2680
7017
3326
4809
3127
4433
5415
5403
8798
7758
960
1521
4435
4680
8394
7707
5744
370
9197
5257
4620
1357
4341
175
6033
7054
1968
7296
9959
1522
5094
2639
8539
8421
7449
1667
2855
2864
7070
1653
623
8031
3174
5059
2711
1569
2766
8456
1939
1964
3713
6560
3321
8055
6736
9355
5109
8705
6651
5069
227
1746
7709
8767
167
5158
434
3023
8023
7505
4677
8646
5537
7852
3706
8249
9421
6473
6705
1361
8437
419
7922
1759
8474
4659
1114
3583
3364
7765
8653
3591
9511
6362
2358
9679
1520
2793
2702
9543
299
7380
8190
5837
5232
1896
4086
4653
8370
792
6015
6807
1211
3938
8566
9685
8597
9681
3268
1961
7446
1922
5553
6958
8284
7912
6637
9804
706
9340
9348
1006
6720
7539
6843
1953
9436
929
6607
7806
1721
2622
4614
2932
6560
3181
2618
5158
2862
5887
7119
309
7809
2673
7267
6093
586
3905
5898
1292
3246
5247
2298
9967
2786
9141
1920
2222
71
8527
29
1793
1150
4643
4726
7711
7824
7344
2869
686
3231
9989
996
1040
2662
8263
7134
3248
2168
3032
4541
5415
8279
6839
5382
1066
5981
7302
3289
6053
5829
3318
7846
6980
7962
2573
4691
5786
9917
7560
6473
3149
7550
7469
4190
212
5733
1324
3461
7902
4356
8003
3317
2636
4843
8699
3703
824
6002
6992
6878
1832
311
4724
8812
8273
7297
3503
4060
7215
1064
534
364
8614
8004
4554
8827
3737
5878
2289
1639
235
292
4956
2872
5135
3656
6575
5960
9658
3568
2838
1490
3880
7563
302
2153
4861
3806
6214
2076
4870
6748
2441
3484
4752
6995
2311
8490
2874
4600
129
3110
4892
5086
5983
28
8742
2559
5988
8401
6127
8826
9892
7
6390
195
2161
1251
4001
8376
3327
8871
5124
5768
2355
9877
2764
4667
8367
5639
9267
8497
8749
4160
3583
4733
4188
2326
7292
177
728
3420
9004
620
3428
5394
815
5590
6645
4817
3966
9973
3688
9091
5742
6044
8969
8506
712
7337
4146
9979
5834
2896
4140
9418
7629
8329
1745
4922
8506
2473
8342
7511
3094
1770
2905
3910
7361
9551
8727
1327
9524
2416
418
5267
8460
9388
3773
9173
6725
7920
9153
2559
816
3293
1978
8446
1623
3723
3368
129
6197
1710
7641
9292
3481
546
3202
842
98
1930
2170
9622
4346
2589
4889
2807
1977
8663
1980
8702
6583
1133
1262
7400
4427
3240
5846
6050
6964
9214
6180
3162
925
3821
2454
4406
4367
5657
5249
4465
7587
7419
4088
1934
8
8978
4742
1986
7642
6722
688
4226
7856
1950
1626
2283
5191
7472
8334
2155
6687
4514
5317
7612
8335
7772
2018
2703
3429
7268
7169
1017
4688
1258
2951
4696
236
7693
6683
7879
4416
7371
2105
2273
9322
3731
4556
4514
1204
2891
6669
7891
7405
1987
5503
5741
9759
7522
8445
3189
4790
5614
4206
9478
6873
7158
4175
7109
4851
859
4989
9268
8230
7094
1541
7553
825
6098
2068
2029
8989
8737
9921
6395
725
5424
2136
485
2947
581
3674
7737
6196
7881
7216
3069
5039
1392
179
9890
2251
5168
9158
482
2262
700
8036
3088
6798
104
5118
5787
8842
5039
2182
9567
464
4319
53
3411
4901
3727
1149
1097
1608
8365
4167
6647
9758
4347
6538
2009
9515
5697
2492
1778
6397
528
4867
3195
632
9985
8982
9475
5025
1165
9042
5490
5485
9095
8901
386
2823
50
1484
4432
8416
5652
1079
8174
9999
7618
184
9515
3315
2676
1294
9712
3205
6161
2908
3838
6147
1890
3313
1173
3056
2356
6663
8541
1451
5564
8928
4275
5615
412
8707
4031
6064
9787
2206
6063
7405
2391
5579
721
5067
6873
434
8273
3035
3342
2111
9182
5233
5424
355
8289
7780
7019
6831
9232
2583
5759
3508
8199
6172
2216
2231
2236
2003
4437
8300
9409
6828
3879
131
1896
753
565
169
3788
3907
2281
2970
9140
7706
3326
7430
5487
345
4261
4720
2929
21
8228
1129
6193
444
3360
8429
2448
7798
6730
1858
4627
610
1989
6523
1363
2554
6693
5151
6462
8975
8122
5602
6681
1449
3032
2168
1795
7294
6888
4724
7315
5117
5854
3509
5562
9214
1939
8011
7012
8669
9869
1639
9279
1858
8163
643
4413
4857
5794
875
3832
3917
6478
513
5366
9511
2682
7161
6805
9571
1886
4121
4688
7740
7630
251
6955
9569
8262
3967
8239
8131
5607
7519
9990
3771
8162
4404
8628
3957
5280
2460
7874
1758
2974
3241
1269
5656
403
8075
5228
2289
2196
9916
30
9827
167
6985
9397
8430
953
7636
6561
6561
5156
6552
332
3319
956
8960
7276
6236
1421
5151
7994
4395
8392
9264
52
8796
7339
5280
1085
9536
5197
1115
9363
5365
8101
8760
3795
9054
6397
356
5616
1554
6909
5948
4873
7865
4908
2149
4102
6330
7301
2097
725
5693
1361
778
4489
8701
6058
5575
8237
1255
6691
7600
6620
4793
6361
416
3848
2759
773
9464
4313
7682
5412
9186
5548
321
1336
9650
6651
8637
1747
7376
4331
3109
8154
8821
1810
4213
4396
47
5469
1088
7648
2090
5881
4010
2506
9729
6769
3279
9193
1082
961
4606
269
6509
4927
1605
6159
1578
242
7907
8955
4573
1016
7110
3394
2827
1324
7791
2875
6793
8879
524
8883
4761
4534
1389
4491
1304
4668
3685
2387
5629
8291
2656
2139
3218
4261
8299
4797
4504
6206
3753
9078
7223
864
2472
51
2188
264
2926
8981
9144
3451
7865
3905
7986
9254
8397
9290
3923
2082
1677
9553
373
4334
1692
3592
8595
9991
8390
3100
6198
2143
2178
3422
3008
4651
3473
5196
4915
6400
4178
4060
9852
2043
7966
7838
1298
6363
7128
5222
8445
8805
4775
8819
3140
6468
2411
1735
6460
801
4836
2658
2945
7014
6081
5953
1666
9554
1150
6581
5955
5328
641
5807
7372
8607
3645
8671
4971
774
3893
3416
9580
8668
2236
2720
5137
4647
4456
1597
5449
9292
4256
8394
6307
337
4348
7973
9892
5498
4554
5848
826
5196
1655
8199
3804
5301
6870
8775
6075
763
2192
5656
9432
4428
8376
4569
9076
2832
6167
4525
2124
423
2920
8431
761
7268
6405
654
2767
960
6502
3594
6156
8158
1793
9961
3460
8664
8737
9536
9428
930
5192
8860
5358
3568
3430
4435
6400
9597
8960
8525
21
1881
6957
782
9150
3362
1437
1917
4322
7939
5512
479
6098
7305
440
9558
5970
9178
9094
5398
108
4286
4258
5467
7855
7689
9902
4255
7286
8863
2781
7308
744
9738
8091
9895
3100
9528
1813
7423
7468
7325
7902
3566
4630
8343
3125
600
7521
2219
5999
7630
6506
257
3097
4361
7947
3000
8617
5233
1863
1398
2542
2608
1137
633
2504
4237
161
4317
1661
7629
1642
9563
1196
6273
7907
4321
6874
5429
6541
2873
3059
3048
3131
6157
7410
1078
9157
6027
6312
1021
7426
8854
3630
8563
9487
6134
2801
9649
451
4462
7279
2093
4026
8476
8366
1933
2797
5240
7362
9339
8113
422
2387
1245
6580
9797
2323
5738
5825
8635
6759
3251
7490
389
1815
6977
6524
4617
6627
6975
9080
3907
9069
3106
2383
7435
5040
5180
2676
2403
4519
790
2825
6906
2035
9405
6704
4359
5143
2529
2994
1903
5781
484
2293
7597
7462
8817
2214
4090
5793
1294
7997
4862
4401
380
2298
9441
5561
4975
1844
80
5766
4670
6987
7802
4076
3692
2161
9220
6221
5155
1124
2003
5640
3417
9600
3103
2235
1815
7193
8029
3109
5190
2891
7511
5571
5190
6952
1132
166
8797
1212
5932
3468
8200
3734
7544
1892
5895
6765
8114
1051
7889
117
6692
1307
9717
9795
3542
1533
6989
1571
4643
2179
4463
2154
7750
9654
9107
8882
9820
7904
95
5752
1373
8296
9487
8917
188
5383
5683
8303
6434
3572
8420
3127
4879
8138
2922
8422
9671
9911
9994
4314
2091
4457
6469
9842
4111
5576
8725
3931
3481
8821
9684
4854
7117
9171
3772
7306
4554
9455
5609
989
3027
4030
4116
7907
2169
7039
6329
1840
6951
6324
6155
9043
781
2625
8885
4893
8201
7611
8825
1682
6432
8510
6536
3549
7681
308
855
2236
9763
6465
3226
2791
495
7343
699
2664
4383
7029
4505
1334
3353
661
378
4134
3286
9263
9028
1487
6874
7853
3170
3307
6363
9707
6856
4045
15
7712
6282
9779
4177
9508
2571
4673
6852
3270
7337
1235
299
1843
2570
3652
2505
2948
7787
5791
2212
6815
7279
9087
4669
450
2394
1032
157
9250
5078
172
6962
1360
9952
1140
869
2523
5813
7721
5793
3151
8957
6093
4994
1527
9746
7499
4475
7533
3291
6687
4349
570
5774
9018
1021
8169
51
1178
7419
5129
1351
4382
6490
1303
5522
7359
3826
1336
5081
9620
4487
4039
5714
9481
5566
5460
6981
42
2994
272
6730
7344
843
2504
6362
1864
673
6414
3043
8093
1544
4394
2476
8034
5697
7999
5394
9524
9335
476
9145
3822
4515
4859
3304
82
320
286
124
3314
559
6854
658
1402
9359
7021
3267
33
3436
6310
8126
4980
705
603
3015
6402
8602
8410
5926
7937
8886
5072
1760
3402
9931
5065
3484
251
5351
3608
3566
5910
462
4224
7313
9822
1245
581
9855
4681
6891
7982
9662
7596
8585
2677
3999
7187
1087
9926
5125
9974
4998
6885
3376
4930
1950
6860
5181
7302
469
8747
3212
932
2972
525
754
4218
1106
609
8900
7998
8592
8562
5595
7177
1240
9594
4364
2328
9521
9490
2302
4519
6375
5679
9449
8326
2540
4631
5628
3009
3379
8840
3941
6351
9366
4696
569
473
5305
9469
8472
3897
8032
4067
1075
9272
3662
5440
1601
3183
4930
3903
7703
1306
9582
7153
9632
2122
1784
5260
5132
5163
4101
9073
1515
3468
3770
2085
3942
9076
1555
2414
2973
9587
6481
4049
8860
144
9489
461
3327
4419
4365
1030
5725
3948
8183
5358
6070
9968
619
1203
5132
4721
277
6647
8189
4047
8732
2132
3123
287
4546
6097
9875
1028
146
8735
1172
9636
9197
4499
4055
3562
5530
9781
7510
3714
5140
3581
3683
5759
4785
8815
480
5062
5462
8670
9109
4195
802
2233
4483
5348
8330
4358
6376
8477
3094
7549
8113
2292
2048
2169
5854
7579
1951
3365
1294
7091
6947
4977
2850
1733
3792
3331
6795
9255
2002
5905
3451
2804
8139
7934
8153
6469
2293
4530
4947
5387
2079
3061
7679
4128
5231
3534
1708
7182
6900
3002
4274
3848
7980
7124
5581
1772
456
2377
1028
2458
8282
4480
5263
6421
2414
3416
2891
4708
7947
7839
95
27
900
7775
4155
6131
1310
5864
3313
8210
8866
7587
2059
6846
4712
7640
8619
5169
18
9648
7627
8300
4128
2891
4722
6543
6308
7614
1251
4255
5453
1347
4282
6353
9122
8438
2485
433
4302
5799
8644
3169
3387
703
16
8099
8344
8635
3269
8362
8284
897
6663
2412
3788
1385
8955
96
9000
207
4352
4453
1554
8635
807
677
7073
3292
1110
1376
9091
9754
4546
2478
457
4562
578
8802
3198
3848
7164
1482
4745
3828
3894
8533
5214
2850
8630
4214
3057
2982
8668
4611
1617
9475
5288
8691
2768
6398
67
1860
6153
4614
4338
6611
9176
4917
5413
2374
8765
2578
3856
3511
6406
7750
2045
1620
601
675
5835
3658
3657
4503
8270
5275
3979
3558
3966
6747
9957
4034
8607
6111
8648
2946
2722
7824
7864
8136
199
6630
714
4055
141
7121
1806
2186
8742
2407
2862
4577
6066
6520
9081
4336
1795
3061
7895
5761
9808
7852
9796
8416
3964
8444
1363
6686
6269
9228
4822
6468
5858
5537
524
6000
2658
2331
8187
1401
4739
1049
5979
805
7569
5060
5141
9365
8122
3036
5126
7930
889
4923
6347
4853
3367
7711
1540
9637
6940
6362
6106
2798
1900
6631
8799
4559
8962
6987
5960
3701
8037
1939
4506
5606
7000
9648
4972
5122
2685
98
3053
3575
5022
9401
8428
8389
7113
9969
8027
4053
6332
4133
6852
8232
765
5651
2791
9727
2639
8752
3429
676
692
7936
6283
7693
7584
1255
2816
270
1354
5870
3845
6376
5272
2274
4766
2385
2243
2793
6438
8575
6927
3290
6808
7692
8942
9600
7420
1582
8352
849
2258
9045
8785
8541
6738
6370
9796
9554
6640
1150
5424
486
7527
696
2760
2293
3082
5004
5087
9520
3580
2014
2811
388
9707
1754
9988
7128
3337
8341
7977
5595
7386
6763
4137
4124
3134
3933
3679
9775
5084
9104
261
2611
9801
3022
4905
2883
8026
9992
2404
1606
2007
5216
1995
1715
6971
1983
8843
308
325
6821
5903
7711
3585
41
1836
6719
3974
5515
6494
9059
4619
6756
1671
4420
9778
6576
7304
7805
6569
9708
9411
8576
4924
1406
292
1896
3390
9135
2204
3715
5956
8108
1427
9542
8149
3263
6261
2124
8778
2756
1184
3397
9512
2855
7818
9290
9432
5122
7095
6002
4830
6507
4578
9755
7914
4871
1651
1305
4006
3856
5020
9963
1964
6448
9505
113
9711
5767
2238
8489
8523
3422
1887
8036
6278
9705
7326
5710
4828
4422
1712
9659
930
6291
9414
8845
1162
1066
150
5169
4922
5171
5133
6887
1619
4638
7001
1330
406
9239
9819
8929
2661
1707
6965
8939
1413
4292
4650
6241
8715
6363
5900
9646
2655
5315
8491
3818
6382
8641
8987
1305
3812
4120
8192
5431
8759
5193
6762
9165
4432
6581
8095
7094
8289
5060
6033
9702
9353
684
5943
8068
7047
1844
7715
9702
7160
6206
3521
3542
4847
2508
4847
8660
6629
3039
4091
5389
8233
854
4554
2665
7435
2649
9759
5725
7710
5793
5427
7063
6477
1370
5132
3525
3215
2847
3228
375
9054
6749
3918
3901
9258
8765
2561
5888
1805
6653
1277
39
7507
5831
2704
4943
8481
2464
668
6192
8258
6095
3256
4736
7466
8389
8261
682
1236
1490
1057
291
8240
4976
4192
7498
3741
6754
3386
5547
3408
4664
5586
915
496
8291
5859
8977
756
6528
5169
9014
2623
8426
3750
90
6815
2012
773
8052
3502
1830
8343
1742
6806
2535
9241
548
9290
2628
6096
2698
7292
1683
3614
7788
9975
9473
6766
731
6001
1936
9746
8625
362
3496
8716
7177
5509
9489
5229
9012
1320
3572
755
8127
6108
9996
8675
5398
2624
4772
8096
9917
6456
1710
7705
6431
1184
4471
7163
7185
6407
6909
5810
6770
406
4526
3947
5915
4016
9176
4927
5336
2749
5682
3463
8857
5679
2139
4255
8304
6911
2352
8221
3368
4063
5926
9799
5247
398
6962
2433
6806
3871
8244
3576
4278
2771
7524
193
6787
6700
5121
2123
9449
803
5586
8307
6483
7725
2563
4787
4637
4916
3008
8005
8979
8935
7805
4227
9334
4767
6661
6141
8639
4905
9718
2917
7676
7242
3111
4463
3943
8232
6587
3393
9036
2173
1700
5519
9899
4263
306
4536
9180
3315
2541
8159
2250
347
2387
1585
5114
9048
7726
3754
3954
7444
6672
1630
4687
9783
6094
8630
8016
2681
2023
7053
4855
3724
2572
4754
7988
2879
9291
7168
6195
1832
5328
8446
2180
7716
31
7294
6765
7758
1049
719
5202
7722
2350
9889
7506
8445
8520
5522
1127
544
2575
5982
4268
5148
737
2256
8028
28
9425
4223
1861
4753
2669
4041
2469
2700
1336
9235
459
2385
9954
5661
107
2305
5551
7613
750
4072
3136
1877
4616
5712
7859
8885
860
8597
1142
8888
8625
567
3112
486
5321
5781
4527
7791
8482
5863
7026
8941
8249
6981
4603
8356
9286
155
5970
36
4227
9107
1913
8844
4819
9773
7729
5680
8370
8871
4569
6995
9438
7681
7482
4760
3463
2009
2551
1945
7873
9578
887
6122
6559
5491
4478
5845
5646
449
5881
9874
9556
7795
8718
4375
7569
6448
55
5940
5319
4625
2935
4758
2306
418
9519
5769
2427
2070
7715
300
1649
8603
6423
8208
4094
901
4053
9741
1351
9935
9616
907
7730
8335
5283
5300
4783
5339
1240
103
9964
4176
4862
2271
4594
4381
8040
7022
6452
5756
7322
8101
4359
3745
6309
8454
4647
363
8195
5999
298
7811
6907
8029
6147
2191
3329
930
7530
4570
1034
7495
8746
5896
9766
3340
277
7807
362
6730
3563
7685
4831
7923
1431
1141
6377
6079
1504
4572
2078
1803
2384
8985
9832
8531
1177
3162
9462
8707
7732
496
6203
6478
6392
5970
9819
6670
3777
181
3401
7341
7866
8232
5264
9298
9373
1642
5377
878
6214
7456
2681
8599
6441
2514
7131
7619
5677
6593
6327
3410
7089
2530
9888
3482
8501
9708
153
2278
9889
3554
9620
7756
1787
4885
7054
1161
6527
2432
2039
2742
9888
4721
1341
6330
7236
8472
3949
2913
5066
276
6323
2156
2807
6212
5638
1308
5920
5792
3587
5810
9347
3207
3566
1134
8093
621
2295
4620
3054
4335
7363
2942
9056
8704
9273
6293
7177
3222
9206
2243
3499
5530
4399
6306
1742
38
7614
7663
5831
1201
3473
5178
4409
7040
6312
2502
7662
8608
7123
717
2943
4486
3659
2000
3191
2932
8293
368
6155
7500
2612
9654
3030
7012
5960
4773
7050
3575
2437
2882
4776
5910
8060
9185
2951
4373
1688
614
2981
8811
1331
5925
3297
4991
7926
6488
7924
6220
6857
4079
3720
9470
3734
6751
6482
9695
1524
3532
3270
3962
6414
8047
9873
4475
7233
2824
8848
8921
3439
1830
7733
4770
7756
1031
9762
5682
7520
7686
1902
4377
1765
5622
3847
5500
2374
329
5195
3898
3862
8466
7860
277
6513
7733
4753
3746
558
3601
2668
3998
5432
401
8769
3188
1432
8531
8870
8952
6217
773
3330
7983
6396
7178
3483
8770
7508
8679
2669
1371
7145
529
1648
3659
8263
6402
7406
8822
3
74
2820
5436
476
1590
8624
1909
121
7495
862
6338
8268
4192
4322
4664
1371
7805
3434
8879
6485
6103
250
3630
6633
1899
7290
4897
8301
4696
3720
8305
4770
6541
3741
5246
8131
2366
7156
8252
9862
8018
4591
8130
2210
8913
2795
3582
6719
6230
2461
3204
2334
2712
6835
8968
4611
4125
3866
2913
8821
7586
1219
3592
4128
4960
8839
2260
7327
5995
513
7189
4013
5104
5320
6224
4018
8115
9806
737
4346
2268
3942
6680
4981
778
5649
9592
4904
9515
2506
3726
7102
3725
7319
1231
8686
6158
3491
6013
2154
4004
3203
6168
9109
8523
2392
3127
6639
2199
3865
985
4468
7808
7666
9449
8586
3316
9042
3491
2831
1548
7217
9934
5274
4536
1165
3960
695
4656
9974
2849
8661
3177
9017
7770
1701
1410
897
8340
3610
4763
9326
8079
2571
6993
7528
1157
309
6571
4649
3140
8120
1866
3074
3394
6403
4240
7354
7099
8897
7329
9949
7558
506
8967
5328
2207
378
6226
548
3988
989
9874
2067
3560
6867
9596
4718
7176
6167
9367
317
4288
1234
3392
7682
7638
7632
5037
4738
6529
2366
4687
4087
2873
3654
9416
5081
4032
5643
5629
8021
6632
5504
89
193
2372
9686
4912
9549
5854
4280
9866
142
5515
3258
7824
3154
891
2862
7892
7420
5228
2580
1508
8102
6234
925
3183
267
6568
8813
8289
3201
4318
8378
3394
6690
8065
8307
6239
3919
2588
6106
4061
8103
9365
1886
1257
256
4748
9150
7677
9977
1730
9186
8079
7965
111
1263
8233
6679
76
6522
9881
4394
4901
3275
1085
2966
1583
7325
6886
4171
3431
947
2275
2797
2834
3532
3054
7582
2683
732
7560
4413
9918
5639
2379
30
6902
612
6709
6979
7134
6590
1373
2036
9866
2459
5003
1450
9784
1889
5621
3216
2837
7896
6014
5671
1429
9068
3254
4112
9800
814
8526
9719
6453
905
9749
3356
1517
6459
335
8652
3050
1709
689
2917
4168
5692
4367
3953
7581
9989
7169
419
7886
3183
6090
9315
2252
9345
3428
2053
159
1955
1773
6613
2860
1522
9969
4378
7982
304
3031
1032
2013
3721
3950
6182
9413
8317
135
6995
8307
7305
7414
6193
489
3505
5509
2741
2850
8938
4795
3010
893
6568
9623
3754
8091
9593
8133
6073
9897
1165
7106
1911
4886
1056
8093
4299
9373
8229
1295
7681
5534
8710
3874
6023
2215
9384
8764
5066
8322
3560
8076
9216
128
7700
2971
8219
7293
1104
4292
7191
2269
1398
9102
7155
2454
7196
1455
1828
5426
2751
9510
960
1461
3384
6983
3676
2769
5748
8743
1092
9309
6819
308
9437
4519
3279
7657
1813
4384
1949
9004
6654
3348
8107
3810
5803
5304
5265
7632
730
8016
7142
1691
9478
527
8674
3155
3297
4423
1898
4389
3732
8717
4698
3170
3237
7978
827
5051
2362
2777
4055
9016
6126
2162
2827
1929
7467
8093
9562
8197
6110
6705
9888
5588
7232
8563
8743
529
2987
641
4919
6720
9359
9617
9890
2597
7595
718
7648
9958
3495
1703
8975
9621
3866
1802
1551
1333
9895
1113
9531
6005
7818
9420
1593
5051
7984
337
5581
971
978
500
7691
338
117
7582
2935
7712
8300
583
7671
1795
2287
6646
1417
6154
8448
2968
7487
8343
4081
7019
4349
1900
6439
5943
6951
4423
6280
2532
5395
7258
3032
3086
7596
3150
669
532
863
8969
1115
8534
765
3403
5180
2182
9557
3628
5151
7045
1972
9232
4064
6322
1133
504
2265
8085
4927
8545
617
322
5804
3650
3409
3400
6800
4078
3933
7663
3048
5049
6197
3814
8452
1377
5996
8010
5006
1147
5055
6979
380
9120
3301
1514
9624
5566
9599
4551
4112
216
4874
9916
3867
8283
3316
668
2362
7250
8331
5410
2299
4529
9224
751
5907
5221
8761
913
6369
3817
7893
6750
2937
1194
8264
2561
6761
7863
7113
873
8080
1987
789
1948
270
4106
2616
2632
1356
947
8043
3655
5477
7268
4407
1384
2489
3168
2298
8859
6986
191
5609
9923
1386
3874
2484
8148
1738
9597
9021
9818
1584
9811
1767
1855
3918
4383
4488
5274
5331
2532
8930
808
9800
3337
2192
2290
6506
4491
1149
3492
4683
6759
3416
6069
633
5901
4218
2371
5498
3239
2190
7083
3051
3957
8939
6969
8340
3428
2244
3671
5960
1174
4480
5760
4512
6672
8050
1019
1164
9200
4512
5847
5959
7928
1917
6593
3829
6135
8964
9328
9375
1155
6412
2426
5112
5351
9395
3453
8779
1640
7124
4739
2814
1604
500
7326
8277
8551
8346
9441
7751
2858
5289
3711
786
7206
304
4615
3342
9268
3944
2717
424
356
5143
5536
5707
4539
8989
4487
6179
6114
9227
8994
7719
9727
6321
5997
8278
4667
5439
6030
7525
728
9741
8312
7935
46
2928
1277
9315
6872
3994
9739
7228
9138
5275
2935
3678
4265
7423
9858
379
6650
8853
8099
6378
5174
4096
4656
9842
9536
687
7368
265
428
5680
8200
474
8608
9477
9790
5480
3472
9529
2708
2611
4804
5644
6289
9070
3067
6148
9449
9718
5001
7549
6096
176
1646
753
18
1182
1440
7386
1447
1869
3067
9648
2344
1675
9126
2134
7155
2598
1663
9864
5210
6468
5508
1500
5538
8576
7648
4988
8294
2650
2537
4391
2827
4184
5144
2845
5367
6584
232
6815
8454
3299
6463
798
4975
5589
2933
2130
8188
4597
1994
3398
1065
7503
4899
6603
6079
2548
1591
4374
5198
4129
8765
8025
8313
3909
871
3680
494
1104
495
8949
4404
6959
9747
9379
2549
2681
1510
738
7278
3504
4137
8343
1007
9036
4947
7086
1584
6539
1461
6782
668
226
4808
8982
4135
5680
2663
4630
6785
3159
3579
1189
119
3327
569
2668
6008
2079
3406
3287
5584
7543
1630
6591
6579
6578
3678
8164
3117
5139
4947
3786
5365
9755
2769
9501
5436
5432
4132
2222
8592
7711
3412
8711
1039
3981
1380
7048
6061
4786
335
1645
2330
1966
8236
8909
8545
1915
7073
1662
7054
2020
5448
2420
1776
8218
1922
7213
3650
6054
9435
2243
3766
2847
955
4806
6829
2335
1854
2890
7121
2190
4535
9452
4157
2772
8362
2702
4688
5436
4364
1743
7457
9813
4163
9233
8031
6086
6447
1682
2141
5883
3926
5908
8731
4881
714
5560
7216
2569
8451
4338
4759
2986
3790
8917
5759
2152
1619
447
7588
5984
2190
5046
5797
6354
4279
3829
2440
727
5512
4582
6610
9438
490
5341
4320
1205
902
1537
3774
9353
5875
8534
2340
9666
7451
8099
1819
9070
8547
9408
5054
738
4454
852
7092
8734
4682
9533
9461
195
4115
6072
9634
4606
1414
3954
5811
2316
5491
9586
1669
1367
8120
4010
1034
5571
2110
2853
4642
657
2262
9697
1395
6716
549
8488
5451
5232
8022
4913
5427
2138
985
5061
6744
2399
9016
2556
4716
4507
2142
6385
5875
262
396
6909
5834
2506
9763
476
3163
2025
173
4559
8742
723
3047
4193
5955
1070
9107
1383
3208
92
6444
9952
2492
5460
2508
7208
9968
4650
3594
5844
4913
3990
2753
747
6496
2516
1223
9660
4542
1397
4219
3284
2120
7267
7478
8076
8338
6585
9460
1546
6678
5904
1498
9171
1365
4007
6380
1334
8658
9974
7178
3571
3965
9932
4318
462
2449
5542
123
6991
6939
4343
276
9060
1611
7755
7136
9949
4341
6596
1495
1019
2501
2994
190
3867
7001
6570
5202
5660
6545
2381
9231
511
2313
3549
974
4763
9092
1097
1754
6031
5441
2031
5091
7052
9787
2228
7001
4128
8825
8496
5148
1327
1491
5339
5195
8493
1910
397
4153
8456
2778
3384
8967
5092
6934
9942
9855
6026
1040
1610
2058
6481
3642
7149
3533
3429
9378
534
7558
8203
9031
2706
9531
523
8045
4726
9016
9956
5123
3169
8412
7902
6554
7380
2994
3488
7322
2850
9515
8362
4460
1573
4843
8102
8723
8377
1532
8101
8912
9090
6305
7944
1797
5837
8467
9843
563
7483
9799
5687
652
8211
3589
7206
5591
6584
695
2913
9434
210
1276
3895
1784
6120
1998
507
4497
3531
8609
3409
2622
4915
1353
4419
752
9820
4262
1316
7304
4062
7003
7957
2273
593
5164
7865
7177
5859
779
6612
6070
2055
508
7855
8175
2507
8363
2673
6038
6972
6082
8660
1888
7436
3079
2640
7257
7342
3956
4561
1404
960
2518
3678
1553
7682
1543
8731
3542
2322
5344
9613
4378
5852
7468
2553
8360
5831
5226
4398
2804
1309
3058
4692
8745
6138
7333
6002
3481
1289
564
4886
2250
3083
8564
3803
765
108
2535
4308
2430
7879
3921
6808
3732
1389
9362
2092
7220
4589
6491
24
5898
9549
4716
4644
5688
2049
647
9170
3339
1211
4056
5590
4294
2620
9394
5060
2728
1929
9368
5159
9809
3289
1968
3541
4679
1331
5634
1899
5920
2125
1924
1819
1675
6641
6463
7364
8691
7111
6534
2031
8323
590
7621
2618
3211
7015
7678
5940
8945
7047
1099
8754
337
3068
2296
5016
4399
7930
6916
319
56
8840
2139
1732
5481
8603
9096
4173
5714
5631
6204
4037
6221
3826
6655
9433
841
4334
5373
9786
1381
6473
8541
1718
9541
837
6735
3941
8768
3651
4261
8825
2491
6400
557
7973
5003
9654
2146
718
5285
8351
4756
1507
2177
1412
940
3019
5746
6314
2806
7128
2787
1347
8847
2329
2185
5582
6271
953
9233
532
9779
1725
6933
336
9699
1936
9990
1846
2655
5275
197
7411
6782
2375
8823
7723
5394
4570
4037
8200
1698
6825
9547
546
9155
1733
6128
5426
2687
5362
5959
2466
7088
2892
2802
6787
4829
2793
8634
7484
8069
8832
4896
4852
1207
3720
2575
6601
8290
6613
4801
9989
3439
4349
535
2594
6082
6664
8021
8769
2026
3980
1235
9115
6872
4038
5903
1702
6831
4537
9186
4900
3369
4083
9753
4576
7803
2328
1177
6093
8942
5979
6082
2381
328
6618
4975
6411
3282
2997
5180
5308
6977
6416
4424
3850
454
327
5552
7286
4864
4739
2187
8234
8822
1940
2810
6626
4269
3988
2719
3211
9968
8802
5592
296
5420
568
6708
8702
3565
1888
4011
543
8305
8435
4393
8759
8762
9946
6046
3627
4686
8233
1861
3509
174
4672
135
4443
8661
2855
7655
8629
1658
3248
8926
7078
3817
5634
5781
7383
7523
9793
7926
5828
8229
2320
4588
6992
2266
634
620
6953
8868
2481
462
9042
7154
598
3486
5815
3453
1142
4444
5111
4391
3370
2190
8208
9005
7972
5591
6528
7765
3517
2356
5995
5838
6944
2988
8105
7579
3608
5058
6447
6089
5520
5490
3244
6118
8977
9059
9572
120
3504
4683
4511
6874
6873
2719
5879
4846
8310
2408
2612
1828
4764
8607
7667
1709
1595
5772
9289
5203
830
5737
1293
6351
1228
4538
2469
206
3597
2042
326
7101
6725
4837
3976
3599
7556
9856
8445
5867
2264
1058
7696
7029
9665
5363
8739
1261
1136
8029
6465
1966
3766
7759
8317
4994
2297
787
5200
5894
2829
5526
2996
9555
364
6973
3155
7920
6829
1601
3788
9094
2659
1485
6124
2324
6848
4863
3586
7984
2892
51
9951
6659
7810
8269
1653
108
9056
6854
6003
1886
2381
8999
1442
2745
5973
4597
666
2802
6198
4455
1896
8857
5940
8020
1182
2789
2884
4769
774
5777
4820
725
2436
2631
8994
4089
2740
8051
944
8743
9938
3325
7743
1380
6071
3716
5977
6737
6518
2176
1193
8415
1033
7133
6436
2216
9922
9321
6985
696
5098
1806
1421
7534
4437
416
1624
7177
8468
2568
5921
8406
5894
3664
9786
1966
7380
5764
8704
3899
7940
9897
2315
8973
7030
8752
1190
6952
8073
8175
7649
3171
9982
9071
706
4420
9487
2330
1598
7956
4899
7519
6362
794
1183
6148
2760
8564
1912
1465
2464
9853
1362
4779
8827
8393
3532
17
5346
1605
8193
2995
4777
8175
2066
5483
2595
1554
7814
4193
9510
2713
1713
5872
3508
2897
2021
6268
1461
3934
7734
3926
3787
9096
8706
2614
7489
2238
2632
2835
3843
825
5831
8620
9001
7897
4104
1597
9452
1918
5791
8962
4632
7504
4835
8140
401
6857
4409
1863
791
2143
5789
4579
1240
4495
7194
8730
6733
9826
1565
576
652
7396
9197
9653
5294
3302
1250
4746
5220
7041
3709
9853
4545
8545
7993
4947
5402
2403
6810
6194
4546
2599
774
5787
7094
7968
4517
3828
7794
6083
4404
8446
3480
3602
8100
8774
6904
9350
3521
2125
6392
7231
1978
938
5776
9972
5885
1179
2375
2695
7373
6922
5295
8147
2709
2390
6116
7226
6218
3910
3309
623
2357
6789
4225
457
5564
1130
9808
9086
3256
6200
6317
5235
7139
2094
5207
3024
3273
7583
5720
647
4505
1016
8795
7215
3406
4911
4441
9624
8822
7751
247
1179
4541
4473
1637
106
5604
1446
9192
8860
7647
5509
4095
4786
7604
9303
7811
877
6887
3531
1525
1392
4547
320
8608
7954
5232
3050
7578
4054
801
7826
5234
5343
2299
6872
5449
7903
8318
4641
6764
5965
151
860
751
7756
164
8562
8634
7051
2094
159
8444
6642
480
7052
4596
5712
102
2175
9767
904
1
5001
6248
2301
1873
1697
204
191
6339
6969
6156
6491
7829
6908
4247
7994
5470
2881
5045
7565
3041
3489
4207
3521
542
8803
9234
644
978
9001
1549
980
4002
7797
3281
5876
9495
3486
6067
5834
455
2224
2326
8285
9133
6573
6279
4603
9455
1325
2168
2496
4814
6376
6017
5357
5180
5251
6002
6159
4252
7551
7139
8255
5349
421
4131
4844
3907
199
679
4363
2424
3005
2649
1557
9579
8929
6161
9034
254
8330
1530
5069
4706
7548
426
9886
2800
6428
6045
7053
3979
3185
5309
9329
3606
9440
4173
7514
9640
4853
1877
2065
7858
4527
3622
7437
3456
9784
6472
3710
8115
8003
8779
2821
5552
9205
2708
8352
5634
8754
5406
9614
1940
715
8943
5546
156
3116
3060
9797
7969
4938
1862
5828
9465
5485
3266
2921
5269
9738
6632
3385
7742
5411
6206
3294
4617
8915
1647
252
7670
7053
9866
9610
7768
8809
5157
7924
1926
8218
7722
9895
3157
9584
5724
2623
5069
8990
5544
339
8729
2177
3724
6471
7589
9931
9766
2207
8847
1413
2459
6517
8466
2325
6128
6235
1134
1286
4160
3060
9504
1882
2956
2662
1466
8681
5285
6536
7672
830
6876
6401
3007
601
2873
596
532
2640
2803
9380
4053
5263
5898
2520
7588
2026
8755
8723
3313
2916
1784
2817
4798
4741
5480
6265
3422
765
2802
1094
1595
9678
7496
4602
279
369
5199
812
3010
8003
192
7063
3266
6090
9583
855
8117
8339
9578
1430
1255
1362
4248
6054
6103
9728
2320
9526
493
5122
620
2088
4800
8117
6691
5080
8486
1891
5892
1497
9894
6084
8560
3161
2174
8144
4016
291
6484
3595
1722
7740
4958
5970
3794
1062
5698
6114
588
6191
1237
1209
8280
6037
9326
4972
1118
7813
6864
7010
9310
6759
3094
7870
9920
5269
6015
3937
5561
2499
7532
7283
239
2491
3253
4034
3553
8952
149
4142
5144
1386
5351
3425
7424
4677
8398
8542
2490
5262
5553
1801
2021
8648
9672
1942
3917
5687
5879
9479
8187
3412
6763
8427
5904
17
2462
9457
8969
2611
3599
4113
3998
8951
7539
1423
3628
5937
9966
6119
1199
5519
7921
3221
4167
7593
5163
8085
3281
1043
7564
1468
4456
4328
9896
360
4345
2358
9818
3315
4969
3418
7428
8968
2369
4968
391
5998
905
357
2117
2104
5877
38
5325
44
7632
489
8130
913
1533
5695
2381
5989
23
2277
6350
4369
4635
6168
7684
9605
9586
5113
8574
1956
81
8966
7954
986
9323
72
3091
5201
111
8417
5246
7743
8906
3376
8656
439
9071
1038
6429
9095
3315
2779
3464
7951
8948
1148
7557
8535
6261
6132
491
6342
5098
8445
7328
4422
8518
420
9623
8629
8837
4869
6372
7744
8245
5028
8183
7317
6067
4612
6412
9383
7392
9876
7335
6340
1024
4892
4875
7285
1024
5367
3628
6122
3812
957
545
2331
1377
168
960
215
5038
7332
7959
3283
2361
6143
601
8428
755
7013
7812
8148
6889
5147
4488
7914
39
9364
5200
1064
4731
8828
7187
8544
9786
7732
875
1164
7901
1835
1379
2939
9168
9338
6223
1530
5481
6824
9959
6237
3837
7771
4385
727
2918
8874
8641
2958
8239
3842
4022
2971
2671
1210
1515
2457
8943
2391
3621
6844
4227
5001
9784
3395
4339
6007
4926
9820
2831
4885
6058
6668
2657
444
7396
5575
9318
6038
8534
7558
9880
2557
529
2551
3767
2044
5009
2711
4435
8631
9555
8662
3632
9339
2058
7971
5346
6985
7792
8178
1870
3851
4846
4527
4295
2243
103
3614
8281
8637
1172
8161
1194
1701
713
4962
3746
5722
7673
8182
4354
7229
6845
7986
6569
8903
5958
1915
5888
3751
93
7759
7602
4940
2287
1897
7184
2391
5511
5465
1029
6683
3626
2224
8385
4340
7186
2131
63
4860
313
4417
2089
7158
2404
8658
6062
8362
574
1950
2113
668
9710
9716
5609
1997
1613
2793
4389
7125
8258
5418
3809
1885
7642
2194
6226
4829
4325
6289
9689
4638
706
1778
1796
3110
437
7858
1473
1012
9809
3587
1680
9520
3303
7290
1518
4917
83
5907
2043
8342
1325
5852
228
8968
8046
6454
3797
2371
2743
3486
7010
3450
5265
8807
6561
5703
6666
8034
6715
6476
1621
8396
5996
4925
5686
7514
9843
5770
3421
1886
4112
4747
7738
4341
3716
5784
795
7513
8156
3539
1000
5167
6989
6265
3975
3550
1969
641
1584
8684
7117
3206
7080
3114
8132
2767
628
7975
8537
4050
9861
2650
8798
7599
6992
2514
3384
7787
27
1541
1326
1028
6709
8316
7293
684
1866
9262
1325
3451
7947
8443
6658
5028
1557
4790
7796
2186
2765
6334
6236
2627
8985
5035
227
5977
7550
3612
3764
7578
5153
5091
8606
1862
3407
5899
2547
5274
5162
3873
8725
3110
2316
5383
8138
3874
173
5934
6060
2939
2268
2297
5567
1253
7333
5794
7231
4883
9406
995
2461
4560
6087
1067
6423
9495
6967
8970
4769
2130
2843
3494
5240
5159
8877
3379
9034
9051
9314
5094
1991
1583
7392
7558
2837
4725
3353
68
9608
2759
1064
2069
7319
7151
3136
3742
6646
103
2713
1415
2233
5556
4910
7474
716
3788
853
9750
2840
167
4845
4831
