1055
7998
620
1551
4549
9226
287
3250
758
8824
9545
363
9036
3492
6880
1950
3758
8871
5419
3577
4264
5967
4714
4854
7392
5451
5529
2998
9700
8024
2035
756
6023
2656
2307
572
1882
2595
3823
2640
1420
3368
3003
456
6861
9884
2406
620
8755
7826
4197
3020
3793
8911
7874
1186
4363
3404
4184
4064
1429
6220
4820
7452
8876
7128
8025
758
9724
1848
3399
1145
5217
6402
1601
2078
6287
4008
2699
5043
1834
6896
8063
5628
5808
5938
6814
171
9342
999
4236
772
7220
9057
8224
6096
6186
6249
6855
5910
8098
254
7056
3315
6656
8657
5394
2944
2666
8093
7987
4501
4990
6050
129
798
1988
6944
970
1331
7944
5206
2103
5164
4264
328
1260
450
6578
8115
6361
4676
8369
3417
7991
5026
2075
3386
7971
4741
1479
5958
9242
6469
2009
9372
7268
3997
6317
8239
5329
4261
3446
7433
9425
7710
7761
686
8160
4339
8802
4521
9015
7172
7938
7007
2198
13
393
170
4755
1873
6128
3998
8343
8137
3370
5612
2135
9688
3851
7464
3949
7297
4897
3375
5008
2659
4062
3168
6998
2864
7690
6014
36
5629
3022
2235
5643
3416
2405
398
5289
8533
4396
3633
6671
7767
9245
8807
7455
3096
6271
1405
394
1169
4780
5402
3828
8842
8571
827
1706
6262
6841
1743
1891
9863
3978
7534
3279
6383
7933
8569
4917
2330
2202
1589
97
1447
396
7553
4544
6668
8958
4938
7837
3739
341
1666
2582
8913
2493
4289
5176
9334
6032
7067
9198
11
4602
2478
6395
2536
1047
1312
4866
3249
2902
4964
4697
3298
2517
9241
9967
1476
4180
7804
5215
4522
9470
7797
3436
1964
2086
8612
1298
8119
5680
497
8130
283
2975
4525
2819
4023
5838
7685
7273
8740
2649
1970
2039
5167
1212
2006
6643
5393
9811
1859
9916
9282
9656
3352
1246
1743
1965
2545
9863
7646
3042
7994
7929
6018
2519
749
41
8358
8435
7315
7098
1085
9286
9138
6252
498
1145
2896
5892
956
4755
5808
238
4412
9161
1484
6156
1127
4029
6019
8773
7072
4014
6703
3090
6533
7453
3132
4891
5888
447
1990
6973
9733
1129
3226
232
2274
6123
6125
3230
878
1934
3469
5291
1095
4954
1447
2223
8984
7467
997
6056
1481
7701
9147
8015
5154
2279
2907
1042
2727
4897
8016
2461
6026
1243
2694
8301
7366
8819
1531
8245
753
5001
3536
1849
9955
4984
4072
8939
2452
5070
4996
3934
2771
4143
1949
7925
6423
4857
8968
9151
9754
6985
1612
5781
8228
4306
4083
5595
3126
5615
3841
3879
616
7378
5729
571
2362
9801
9511
4815
4871
4507
8749
7643
8651
699
5568
5075
5556
4537
4226
5311
1522
5838
1093
9751
145
5176
5347
3271
791
9188
7151
1407
6566
2880
1979
8929
2682
1491
3744
7554
5999
2494
5197
4650
3193
766
9725
8750
5303
3952
4061
6825
9790
5154
6577
9936
331
1924
3208
1122
1113
359
2530
7679
3239
4510
6609
5922
6001
354
3476
2001
2848
8673
6652
6042
9439
6377
4792
4743
329
8854
1568
120
4008
8146
57
4340
70
3265
5462
1183
3624
7992
8863
6864
2503
5472
2786
8504
5827
6263
506
8675
4937
7158
4718
4376
3536
9510
9119
3865
8364
688
3986
2373
8834
4044
6713
8905
7309
2176
89
934
169
8952
7798
2672
4425
585
1177
252
6849
1683
8928
1786
8841
3646
6163
2377
3156
5283
6243
1521
5971
230
3895
4806
4274
609
3712
1583
2785
3801
2517
2954
2754
316
5627
7179
902
6805
7432
7751
8488
6360
9537
7330
7
5700
9708
3164
983
5951
4685
6955
6182
8581
1762
456
9190
5474
2040
1976
9276
4558
4931
2030
4875
558
9210
5777
7363
6642
3529
5852
3003
3067
3182
3010
8768
2890
6174
9752
8842
860
6708
5024
9442
8470
5481
8632
3945
7521
609
3221
2080
5540
5251
6955
6099
4462
2733
3463
1104
6263
9316
4108
9330
2498
7119
8099
5389
3294
7851
4232
4155
4559
9257
3597
3030
4738
2230
6975
2260
2839
197
4340
8380
5449
1295
4479
9911
4029
7943
1016
292
7259
5124
9623
9758
2243
7722
5148
5538
5573
9380
9693
133
8637
3290
3163
3376
5520
139
5636
8359
336
9976
6739
5785
1272
1219
5697
5302
9162
6713
5594
6421
1837
5217
6180
4081
2939
1328
9619
8513
709
9312
8646
9346
2603
1810
2722
8123
1950
8359
6483
2287
8335
3222
8073
9608
4442
3770
4910
3604
483
505
26
2320
5723
6207
6402
8662
7535
6021
7176
8244
5334
5823
7591
7937
7634
313
6061
9584
8673
2544
1871
7009
5767
9944
6617
209
3714
1528
3814
4198
2034
3841
6518
7757
48
2921
6420
7583
8943
3597
5828
4277
9420
3419
2215
7054
3733
8277
6638
2406
821
8510
9415
6589
8455
6033
6799
2170
7562
613
6368
9597
4454
2887
7354
4503
5808
3775
2087
4751
7372
7915
9029
6793
1334
1245
3847
5068
9522
486
7475
344
8997
6891
6934
7452
2924
3733
9622
487
4346
5991
84
8801
8878
7439
3304
4687
1215
5391
9439
8588
3307
8469
5381
4642
9714
9229
9710
9237
9715
7186
9582
8712
4077
6516
6165
7002
249
5787
7489
4596
1778
7574
3398
657
5013
6703
5344
6229
2094
4783
4817
5401
3252
198
44
2967
9427
9754
2205
9143
6940
1787
7855
1017
8304
4020
8019
8554
9808
5509
3151
1587
3083
6549
2245
8097
3252
7589
4326
5347
2373
9143
749
5626
9342
793
8594
8769
547
799
7912
7488
2587
5768
8506
892
9789
6526
9447
9597
2036
2598
1185
5119
9147
3430
3217
2400
1020
7544
7747
3394
6687
8496
9021
6029
9289
7616
4799
9837
8416
2711
7326
1003
8480
5833
1896
8269
2359
1343
7867
4396
3942
9052
9515
3089
2483
2733
5489
3504
277
3237
6899
6964
1733
5920
2994
1023
3536
7794
861
1953
506
8188
2957
8986
4021
4853
7255
6381
6197
5123
777
139
4175
293
3229
6659
3026
8719
164
3303
1956
7063
268
3690
2984
3263
4714
6521
1057
5575
8474
1563
3763
1431
550
7785
6285
7805
4166
2482
2928
4943
2622
7104
5236
5851
3764
8263
4570
3929
1566
6526
993
1835
217
3977
5098
4931
499
6156
507
8974
7720
4271
406
8270
2056
6691
6076
6222
9174
9005
1166
1796
6110
6403
7647
9875
4666
2218
3804
6233
8744
4797
8068
8962
8775
3167
3893
9274
9324
4400
8248
7045
8671
8655
5315
728
5346
1392
6950
4520
398
8117
6317
6508
4520
3965
6383
9187
6183
188
5420
4928
4985
3489
3890
3760
6657
7783
3035
5982
2184
1284
3027
856
9939
8342
1584
5286
9735
8535
9806
133
6652
6124
6642
1173
89
3026
360
6272
3214
5781
1200
8200
9270
5090
1960
5928
2874
4996
1910
5059
6280
4937
5916
6220
3280
7500
1506
3015
6036
1313
3149
2688
7437
9791
3862
7526
2818
4222
3799
6032
3
4999
4232
9274
90
6193
5202
2965
1190
7112
8025
7470
2049
3941
3690
5330
1442
5197
8345
7478
6510
1495
167
3947
1287
4029
1474
4105
8251
5273
138
8255
273
4371
7529
364
564
2731
3330
1755
9844
1355
9225
1894
5297
2916
7224
6739
8113
5570
4217
4624
7065
4385
8571
8353
8414
46
2458
6666
5320
2597
4921
5594
6968
2451
5958
7533
5183
9289
9288
5028
645
8514
6922
5942
1430
4146
2681
9544
9717
6899
4168
6783
1284
2740
5136
9698
2786
7595
6365
8106
193
1287
3701
7161
3738
9660
4694
8922
8949
3983
3950
9594
2497
872
5536
3928
5019
8218
3472
4736
5117
7641
1520
6401
382
6657
6100
3168
4252
2465
1275
4445
3752
4976
1607
7491
4637
6301
6413
3586
285
364
3181
2782
1236
8718
6710
6256
6936
183
993
2053
7825
2513
8455
8207
9170
4555
1376
3423
7021
2652
7869
774
7629
9476
8265
2266
5778
4679
5852
6063
5043
9034
8846
6280
7752
5556
2537
4688
5740
3530
6741
3566
6044
5197
1773
5214
9752
3150
8638
6773
5802
6507
7548
3431
5983
5813
5698
1762
493
1550
7825
5537
585
6671
1817
8337
2228
4354
3025
7969
7885
9767
1535
3929
4964
3309
9143
4717
6460
7782
1491
2263
4289
9039
5694
273
4852
1393
2035
5346
2943
9861
883
3529
6533
2701
1866
8762
7055
4891
6732
4941
4659
8268
8870
9624
1578
8014
4341
8038
5796
5832
301
86
4871
5996
359
9724
7389
2395
5071
333
2257
5954
3862
8790
8655
5728
7553
5711
620
4285
652
5280
2553
9523
4904
4132
7537
9245
2170
3334
5078
2472
3420
9950
8468
3780
9675
5857
6175
4746
6191
8433
700
53
7224
9356
5782
4777
5068
6403
9063
5721
1683
1617
5244
6588
5749
2782
5834
7919
6116
912
391
9537
862
8860
3317
537
4718
9493
5283
909
7926
5984
963
5150
5341
6745
9927
409
3149
8991
6130
4833
608
1375
1421
6357
4157
7255
4277
274
8167
4669
9811
9030
3529
3128
9568
8247
2621
4852
9157
547
836
120
5698
6177
6866
5625
6587
15
4616
2718
4848
5225
4093
6270
1582
8251
3525
5859
8525
1693
528
8336
723
4058
1464
291
2306
4086
5143
1463
4634
5980
1584
332
2158
8450
5958
8745
8466
575
1464
3315
5800
5557
9585
7383
3808
3111
3242
2334
4804
3771
670
5528
7830
2135
5819
136
6222
963
1599
856
6944
3184
1188
9103
1634
7147
7849
101
7722
9313
3417
3523
4870
3003
906
8679
6114
4148
1013
918
7920
1684
6446
5750
3820
2266
5886
42
3230
7486
898
175
670
2087
9278
2305
9234
7127
2407
6957
6441
5824
480
1311
8827
1386
9991
4941
5535
1005
5860
3455
2689
2307
9206
6509
4574
5093
6551
7804
2580
7450
7980
3251
9537
7258
5556
8772
4386
7963
5729
827
3788
6210
2139
2615
7596
2131
7557
3131
3136
3418
6587
5826
5725
5793
2336
300
887
8888
8105
3467
6338
6085
6718
5876
3344
2275
4649
7730
239
378
8558
4027
6588
698
6643
4185
2829
4201
7316
5965
7619
3904
1792
3345
9698
4128
3645
585
3017
1751
4053
9356
7836
772
5232
1181
3047
9881
8912
3286
260
7470
7314
6849
8168
3957
1034
997
8159
8351
6963
5778
2256
8755
9124
1954
2884
2770
2540
5901
4521
6593
5257
2357
7365
490
3538
413
372
2451
3700
632
9921
1014
7482
8090
4972
8517
9087
3131
6868
6051
8910
9124
4807
8034
1079
7691
804
3619
3593
5325
212
8850
7683
7578
9340
1222
7991
9713
3673
1692
345
3594
2706
7828
1685
7679
6345
773
810
3214
6824
9720
2339
1631
7755
3418
9323
8559
7037
2916
3885
7250
1766
1568
4829
1107
2790
2821
820
6463
4513
1166
58
7220
8994
1743
4899
5340
2517
5710
8554
9341
5431
893
973
3186
4311
296
1745
1349
3212
5631
8599
4978
7199
3429
6086
9990
6250
6907
6454
763
8073
6513
7983
7068
8257
2883
2408
774
8593
962
115
4024
1855
1088
7210
6167
1384
8956
7516
4596
4587
6116
9575
1787
9545
5662
1777
5796
2569
8231
6559
642
4744
4543
7711
3001
7426
119
3775
6020
1081
3891
44
2937
4980
7254
9104
6364
6211
6621
961
798
2737
537
2585
2283
6199
4363
8079
8769
2594
4639
9411
7339
9183
7122
341
6610
7242
4117
2630
8324
8008
2674
1261
2989
9929
366
9353
6140
6987
315
6939
9725
852
9525
2008
7052
3888
88
5821
6483
4727
5233
3822
3910
2356
4164
521
9598
8281
3151
7922
6290
5825
9184
9279
5754
9550
8633
1894
6538
8948
8834
6264
9801
8359
8273
6854
2247
8361
2675
8730
3089
7909
2553
7000
265
6717
7521
9864
4999
672
7786
1289
6498
6971
569
2252
6522
9202
4147
3060
8151
2981
9324
7952
1340
7597
4807
3588
5959
7482
2318
9048
5391
4871
6048
5657
1589
3570
5521
6588
4242
3308
7878
740
279
8447
2993
6801
7650
7141
9862
5801
122
9186
3754
1463
6784
8561
5051
2743
6044
7370
1792
1436
2242
7841
7093
3831
1411
2614
420
5654
5923
8298
6395
6202
6746
9388
3004
4396
6529
2866
198
6652
2053
3952
8115
8838
2514
3167
1582
8558
537
3374
9994
2779
1215
7088
6611
2627
9702
7031
8281
5626
5330
4677
1829
2076
4065
4833
6473
595
7700
6671
7247
9754
624
5363
8592
3138
8531
174
1697
9069
3549
1691
1848
4765
8779
8460
7393
8482
5491
5674
4108
822
352
5938
2899
4417
771
9372
5013
8472
6044
2261
8226
6668
7625
6819
9806
6156
6994
1503
5225
544
3195
7074
5309
1975
5534
2702
457
1026
8377
4566
1849
8729
504
4748
3147
1276
4120
8160
9749
165
421
7975
6833
8046
4795
6640
4203
1790
8144
9428
2334
1340
6503
7643
3315
2038
346
3773
3064
8724
8339
4914
7453
8844
9662
601
120
3783
8761
9870
3948
9183
7846
782
7230
2641
7422
1433
4431
5566
862
6765
6906
7365
4409
222
9403
4756
3995
2468
3480
2334
7382
934
1179
7045
1535
1300
828
297
1170
4777
9480
9016
5559
6711
1658
2981
8144
6089
8548
9006
2855
5455
6372
7265
5677
5775
2021
9672
8244
5501
2007
5626
6436
3186
2671
7971
4487
3500
8269
5657
8277
7750
4674
3837
4461
6332
6818
2605
2421
5367
1612
5277
822
7984
2542
6500
3760
4564
6172
2004
65
8180
7630
6501
1367
302
4473
5854
3803
2742
1512
2081
492
6186
5918
4954
2519
2737
7559
4941
8104
9172
218
8927
7156
2761
5427
916
7325
1600
2920
7391
9781
551
3893
1148
854
8366
7003
4657
1109
8515
6738
1601
4702
2656
6555
7222
5394
4115
2163
3498
3288
2381
2426
444
5142
7853
1361
2468
9454
4282
9859
9235
4834
3752
383
5688
2118
7387
346
3227
5903
7084
4829
605
9741
1385
7827
5135
5501
9990
8634
8789
2372
1060
9234
7515
8914
596
9983
8368
4879
9842
7604
9713
3594
7987
5402
5713
5374
5749
8941
1278
2834
3771
1883
2575
5157
9711
7711
659
9702
6346
9448
2075
7407
8683
9590
6321
9280
9574
4690
4159
9416
2294
3873
3011
282
9276
8724
5657
5025
7666
6935
7859
1437
8819
435
6594
8531
8147
7253
8234
4493
6702
309
1900
5386
9900
8222
4666
9474
2912
8826
8891
5207
2700
1902
5489
1977
627
1147
7002
8293
8082
4862
9731
6902
5298
6326
5433
3445
3580
3667
7939
282
3977
9840
5669
3877
8062
336
3352
975
9163
2243
6183
1863
4146
1672
3841
4773
2820
843
3067
902
5706
2798
7804
1004
9124
3238
4450
2704
6905
2389
2987
882
2230
8657
4760
292
8993
8112
1268
8156
356
7451
20
4502
9124
3861
9275
1944
4705
2342
2847
412
5141
652
1416
4265
3890
5867
6970
796
8256
9957
1678
487
8615
6439
779
7608
4551
2048
5765
4908
9500
5786
9410
8624
9648
8685
569
4353
1028
3416
4765
6169
4068
6182
435
7959
2049
7406
8755
306
7364
433
793
5979
6873
1573
3587
1425
3622
9353
6333
3122
5139
5743
1746
4788
4429
2315
9142
5458
5732
3908
1627
9801
90
2063
7760
2140
9469
6515
2447
6833
6949
3241
2813
3822
4815
6400
5247
8437
5754
1580
1560
894
7323
3306
5682
1753
5622
4824
7211
1355
8732
8839
1156
8823
902
8916
964
372
5432
3411
7206
2381
6653
19
6203
1469
6420
1450
9906
2174
3031
1466
3069
355
4773
8751
2108
396
3575
9319
1751
2308
8158
2908
1131
9061
1825
2095
9434
7257
5507
6640
9638
2161
6660
5841
3630
3081
7292
3537
5255
324
5003
8324
679
9777
7076
2788
174
652
2107
1925
2960
266
4834
4092
9328
6659
6188
8762
3916
1696
5403
3555
3857
2064
9397
7487
5145
6690
1024
401
7014
6028
8726
7694
5805
5802
482
5980
6455
2590
7906
9416
2857
2740
3508
2185
9400
9697
948
3317
1393
6352
6872
5250
8416
6269
2737
3561
2959
3762
3963
9974
9790
2689
7668
5596
8491
8151
1576
4947
741
9482
4363
3599
2223
7871
5784
1623
7568
6733
4940
8961
3085
1813
4212
1501
8082
6949
5063
1042
712
9026
1017
502
1716
8686
6099
208
6837
7676
5155
7579
7159
9518
1178
9382
7389
6963
1006
4958
3696
5946
3920
6781
7760
8132
8283
5842
5082
3347
6885
5794
2374
7903
6297
4090
6589
2397
4298
3426
73
9454
1006
7233
8972
2184
6615
6362
9147
7622
1320
2844
3569
5241
9625
1329
3373
7909
7172
8456
1257
4057
4250
3631
1960
548
7722
8550
2945
2021
1976
3019
1475
2983
252
447
5167
6868
6809
4315
4490
8130
7159
8060
3371
6785
9389
6745
4695
6561
5201
5952
619
9452
9583
2580
0
7306
1130
2946
9327
3107
5966
802
6090
6218
1250
1258
3087
8059
5573
7578
6190
2733
5638
9561
9518
5027
6307
4213
1589
1508
166
2208
960
9750
4788
961
7056
5919
3907
6383
9026
9873
7186
5116
6092
8437
6375
9180
6497
1948
6758
2687
4681
2397
2249
4200
7424
8556
8414
9013
64
8580
1222
1025
8330
6010
1986
5387
1930
5894
1771
956
5768
8958
6073
1861
7395
2448
1041
3892
4396
7800
6579
9078
197
8829
3279
7622
7385
1694
6636
7450
274
7858
8475
8605
3869
462
3992
5799
6357
5763
6756
2125
4722
2829
3986
2117
5277
5028
6009
9674
2828
2589
8753
3026
1419
2032
648
8804
3726
7284
6255
4001
5143
4731
2607
9012
5193
6600
4812
1550
2364
1568
3676
7086
4397
7663
9203
9675
2691
5213
9350
5520
7802
8103
8546
9221
136
9195
8026
3863
6480
4281
7865
1623
9013
472
636
4206
7072
5449
5757
9436
7017
9434
6522
1415
7097
5726
1091
9789
939
441
5310
8741
8544
3857
7963
8681
3052
5989
2544
9533
271
409
1156
9284
881
1793
3491
7954
7242
9249
7390
4260
8683
3913
5676
5781
9639
6768
5570
578
7209
880
9320
5754
4738
7284
4435
7790
3274
6980
7323
3545
7390
8480
2830
8272
274
6322
6226
7517
5571
3617
1778
4255
7531
7454
36
7170
4222
5607
7749
1432
6488
7070
7187
1226
4354
1623
9017
7628
8603
6341
1174
5993
4821
4005
4265
5095
327
492
2613
5899
4109
4391
154
1640
1845
191
8811
6068
5799
6560
7501
2288
3631
4688
3514
7985
6312
2532
5614
4915
8873
6788
909
3694
793
5175
8790
1121
5667
1403
7020
9776
5795
7175
1417
7641
7366
228
3710
3166
6789
1211
5454
420
5900
8969
8406
2212
1501
4020
7128
374
809
8037
4069
1603
3212
2860
2724
8880
4264
9744
8656
59
6919
74
7700
4286
303
1410
7453
7092
2622
2907
7513
8522
1876
5920
735
3378
9941
7863
3753
750
5901
7822
2353
9114
683
5077
7994
4947
4822
6651
5007
1741
6725
2707
6028
7029
4118
3481
4121
6740
6389
1635
5263
8266
7555
5999
1644
7496
3862
5397
8247
9764
3220
601
8879
3903
5679
6873
8850
501
3525
3858
2243
251
6565
8271
7280
684
1753
1402
7425
8142
3037
2688
6409
593
8687
8053
8090
2550
3451
6337
2315
6671
6938
1194
575
2617
8068
9426
3119
1593
3284
5362
1844
9850
3634
9125
534
5388
527
7959
3530
3564
648
9939
4157
9336
7993
2248
1886
1444
8585
4202
8116
5524
5396
8691
8142
3464
8117
1261
5058
1402
6624
6903
1252
258
6028
1786
5646
6555
9746
9177
119
394
9117
4277
9730
7111
6525
1617
8555
5111
5819
6672
636
1216
5364
8778
4681
3481
40
9739
4883
6665
6642
6136
6924
2671
7922
2571
9226
7668
1749
9346
8062
866
3624
7793
7977
150
9410
6533
5261
5230
3206
5898
6446
8570
4677
1128
2052
4718
868
6936
1383
7510
3072
8307
181
994
878
9408
8663
2627
8754
6725
3494
2379
4519
1472
2529
3929
8006
7791
9159
1212
3689
5606
9782
8366
6734
1834
3085
7602
8770
4468
5113
1842
2776
5295
2837
3654
4704
1500
6282
3458
8226
9777
5837
2745
1249
8367
6674
9255
6158
5834
467
9848
1441
250
8215
8176
2084
1300
5779
855
5768
892
2697
8544
6188
5535
2199
892
7035
8482
4351
5261
8259
189
8006
9509
8557
4681
8765
4715
516
9233
4563
1957
9483
2778
134
1568
4078
5913
2423
9847
6806
5121
8392
2995
656
591
3888
7692
9074
8240
2953
7334
8429
960
6843
6986
5642
5609
1702
6158
4842
6265
8116
4326
9044
8250
5895
3123
4164
8319
2970
970
3440
1362
3966
4097
1954
7854
1789
1028
6094
4743
8362
4524
5703
5206
1510
1345
815
3213
7504
5658
9479
5620
9985
8523
3871
5880
1646
8035
4199
4617
9006
7640
5979
2972
1737
7933
827
3527
8962
6921
8270
7324
1445
3974
2531
2956
5319
3347
6169
2823
9005
5648
8444
8991
4172
2315
4871
5818
351
9071
436
9357
6711
6415
2330
8449
4349
3157
1977
3311
79
247
636
1524
4222
3167
4481
9541
6515
650
2365
5521
6299
809
4512
471
3124
9384
6290
3476
8455
6726
2834
5167
3142
5164
3617
7491
8322
5594
803
8402
5842
1440
9926
64
4608
4407
9606
1123
5058
1971
6644
1357
2780
1156
1829
5905
540
8119
9381
8996
4846
2216
4163
7988
7381
7781
5480
5704
3375
6283
4106
9218
7723
4032
9283
2331
8440
8889
3455
3499
861
99
4857
3642
1255
6687
9548
1796
4806
8930
792
9653
1146
4956
7641
8527
2737
3121
4231
6113
9405
8337
5332
7129
2370
4615
9461
811
3505
2916
4310
4367
3015
9168
8009
4271
5855
7557
6067
662
6487
6860
315
7633
1816
7957
6161
4554
1079
392
667
484
8729
6000
7614
1100
615
7075
1911
4121
9992
6222
8488
3008
5390
6498
7280
1245
4056
3347
1908
543
208
2223
8177
2025
180
4338
6579
1259
4731
7247
1744
3461
3247
9358
4561
3863
6434
6472
7985
6427
2695
6473
9435
8085
2972
6715
9331
7028
63
1239
7572
272
3463
5749
2297
3643
88
8876
4903
4819
6124
6647
8280
9371
6006
2841
3235
2441
9314
1220
8868
2009
7694
8304
95
666
5019
9427
7695
5083
667
5267
5355
4130
1017
7652
7774
1105
6529
2677
5924
2653
9325
4205
2025
5332
7047
5260
7773
6361
6481
6642
8371
4175
4946
8467
4842
9965
7895
2537
5049
8562
7805
405
2692
8822
8057
467
9927
4587
3144
5852
7241
2470
57
9267
7803
7105
4528
5576
3467
1009
2218
1839
5185
7165
306
27
7131
8201
2565
2180
6764
370
2585
9456
9192
643
9923
9120
5231
3068
4973
2473
5539
5030
1740
3342
2136
6268
8919
5603
7278
1138
7442
2464
8303
7748
2492
5434
5950
5057
7614
2714
5428
200
2171
4621
843
2095
3741
6075
5163
8714
8548
703
3745
288
4045
5881
6557
2964
1485
3836
4103
8927
6300
2406
6676
8792
7841
2626
3850
5456
5341
9278
5656
7513
3899
6500
9608
7641
2575
4772
6355
1123
5475
101
1412
9520
5983
7970
2485
7468
1806
6589
6395
8107
8995
3071
6899
6836
5698
749
2292
1040
28
7949
8553
3927
4449
8161
1568
7025
2934
7924
8149
8409
8026
9562
7929
4009
7532
415
1478
9339
7004
7874
7446
6000
945
4346
2837
6644
5096
5130
7685
5124
3079
6238
9052
7529
4400
621
4554
7334
8545
2704
5744
6572
2266
3674
582
9799
4089
2060
9138
1094
9934
6585
7094
880
931
9932
7525
6028
5062
5210
1152
8141
1449
205
5671
5850
826
226
3185
9372
2930
8929
5944
5196
2603
6526
4995
6693
8587
4134
7787
8521
719
4882
9402
1650
4814
6927
7678
9876
2137
8831
8018
3587
9036
3689
9437
9863
3915
2623
9235
6846
1552
5180
2042
4156
1706
7038
849
294
1172
8636
8816
1891
3519
8218
3542
8333
5145
1221
8210
7283
52
6228
871
9089
9918
309
8952
3834
2932
8188
680
4484
3368
2722
8641
5075
9761
9490
5369
934
8127
4185
2825
1646
2404
6368
9979
7550
7589
8189
4834
7642
4418
5705
6732
4336
6014
5684
8170
8946
3873
8851
3431
7241
1574
2073
2316
1335
1563
7685
2269
9690
1871
5095
1337
4275
1463
1317
1825
9053
9506
6659
6696
3925
2365
3428
8262
8379
9113
6433
7326
2986
5284
758
228
6858
2831
2544
8194
4395
230
464
4086
2101
5559
5423
6377
7023
6740
8203
6077
6247
4863
2773
172
7228
6202
8435
5608
5316
4868
2935
8303
153
3693
8531
7011
6525
1075
5206
920
1305
5670
5006
3407
1229
430
9784
8253
7170
7988
4331
3418
2851
7104
3591
80
3307
2026
5688
8623
6894
8623
6926
7047
2317
5458
4059
8843
6533
9265
9764
7839
4935
4770
1246
6165
5201
1031
4419
2371
9019
8750
5790
1871
5855
9381
1951
9163
1407
7640
7786
8302
6264
4713
5350
8582
171
9410
7425
6705
8676
7189
4544
3612
1960
5791
9778
7161
6822
4197
9533
5842
2948
5323
7713
8803
4705
9665
7966
6112
7305
5753
4415
3569
467
9766
2151
639
9177
9577
7344
7853
6767
1889
1465
8727
7680
1243
5889
4502
5441
5422
345
8389
746
8059
7193
5451
7724
5160
1564
5030
914
5979
8600
1382
5746
752
2021
4923
329
9365
2776
7096
1254
4242
5824
8935
5486
1713
3438
927
7135
3783
9317
7881
1843
6511
3333
9567
1672
4897
4598
2587
876
3198
3969
6623
3951
5990
1546
4281
5356
4323
1378
6611
8565
7202
5546
4052
8915
8985
4980
6051
2768
4298
3933
4611
809
7266
4179
2482
2163
8778
5069
3040
1977
9039
9663
5928
5029
1210
209
386
5533
1587
6998
4099
8790
2545
8151
7706
1530
3131
3757
4298
7429
7691
8910
8239
4957
3090
721
7121
1868
5791
162
3846
4830
9825
9774
9860
1036
9984
247
6569
1572
7245
669
362
9790
8820
8068
1320
1952
1826
5619
9382
9517
4530
7621
4475
7621
8343
1597
9490
4135
1759
3336
8966
1585
3110
8826
2621
3095
9073
9191
4667
6319
9860
5030
6110
8681
3098
7430
633
4925
3050
16
4442
7581
7637
8918
5202
5981
515
4692
116
2275
8029
9082
3860
1140
7909
6482
4235
6983
5673
8903
3302
5534
3933
9412
4215
7032
6843
4849
1957
9894
4865
6399
7475
2503
5318
2678
8484
5833
7371
8600
8108
5400
7683
1969
6540
5592
8451
776
2575
4125
9679
5878
9659
3613
5290
3874
645
2134
8724
2602
2028
3589
9002
9504
6093
4320
2182
4577
154
9553
3178
8263
4954
861
232
1495
6454
8684
2271
9030
2809
1951
4908
2468
5564
199
6343
6210
2333
5068
8813
4362
8658
7815
3866
4751
2136
6049
9328
2291
5602
2506
555
557
3368
788
2052
9823
9472
4324
8853
2282
6275
3762
4751
1840
3962
1095
8050
6296
6163
6863
658
4821
4679
4525
9572
6816
574
8901
9108
6177
1408
9663
6734
4776
451
8787
4600
9924
3111
3453
2206
9386
7216
6957
1227
1178
8052
9277
7474
4216
6141
8133
9037
821
2658
8610
7637
3233
7511
6746
9410
8920
6409
6145
3696
6861
4932
8297
6785
8043
1751
8991
7430
8967
5949
8657
146
4002
7935
7621
8218
4076
5754
7255
4897
8413
5866
2535
1646
3377
9281
1057
2298
5691
7202
5994
2552
2134
4292
9337
177
6043
8329
7608
5010
4278
6265
5156
8280
4200
2777
6498
8277
8532
3754
3174
6946
9620
5710
8592
2998
4992
9650
5296
683
6852
1291
3235
8987
5584
2572
9165
1627
902
6773
6637
5180
3038
1794
3461
7239
4572
9960
5516
3105
3714
8691
51
3335
4401
8644
6334
9393
8294
1631
76
5146
2923
3312
4133
8507
5885
3298
134
6787
71
6772
1967
3110
8567
5429
349
3140
5389
5866
6245
9104
4557
6296
2440
8958
4940
8774
8352
3234
406
8429
8381
3329
1741
2515
1837
7626
5813
1971
4414
5885
8744
6381
8996
7311
1811
9346
451
7200
5212
6697
6304
9769
2993
8744
8728
7934
7519
7081
1169
7926
5510
9550
1255
7252
2065
3093
4879
7879
5064
9293
3765
3809
5675
2762
1121
7486
2108
1572
4686
7321
8270
991
7090
1264
9736
5818
9198
7256
2899
367
5182
8410
9918
6438
5662
1984
9531
542
9863
4596
9835
3629
8405
5511
6391
9527
2997
8500
1100
7684
5821
9370
8676
2912
634
8413
8731
9832
5669
1631
200
852
41
118
7291
5704
2102
6823
6246
1966
1419
6082
5596
9825
1593
1988
9352
4591
488
452
2275
6310
9822
952
9222
457
9365
7953
289
5035
9585
490
5888
9626
608
3179
5331
2711
2
1578
4678
1422
7660
274
1248
9254
2263
600
3845
2752
1053
6121
9062
876
7073
8285
1333
6439
6239
1623
1474
5824
2114
7363
5451
2723
542
782
5434
545
2360
113
1967
21
388
3215
9275
2651
3816
3121
5403
4869
9243
4466
5746
6317
2751
7080
2756
8990
8704
4231
4815
818
1594
266
3541
2137
1048
8975
2682
3409
9089
4649
3430
9477
7865
2706
2128
1681
5827
7531
6551
5070
1997
2298
1387
4749
9378
4144
3740
8082
8375
8555
8900
9970
8822
2441
2107
9870
1417
4790
3280
506
9439
6710
9983
7305
9416
2112
8986
5244
9643
5538
314
1641
7836
1702
6391
7214
5846
131
5296
4222
8687
4197
4193
7509
6638
6301
7380
8056
1091
660
8562
530
7370
8546
7835
6787
658
6822
2031
302
2360
2345
1944
196
4048
8335
7411
9895
8467
2708
4117
7154
6905
8311
4664
3544
4612
2044
1601
5703
2704
164
6234
75
8710
4070
6862
9369
892
8894
9672
3253
1240
1616
3450
5288
9952
861
5183
8420
3569
9301
5575
475
7612
239
4020
2224
2284
5621
7927
4989
5785
4162
5064
4496
8232
1927
3865
9125
821
3537
2378
2061
5154
5829
7350
5107
6690
2533
3528
260
1834
9103
736
9446
9342
4756
1671
1627
377
9599
6616
6163
3761
1680
659
1994
3608
4525
1119
4430
8062
3498
6492
3217
9327
3842
8325
6018
6375
1853
6278
8210
957
7015
7657
300
1771
9328
1927
2149
8927
8543
8313
2689
224
8972
4683
3832
3497
5802
8262
1560
9301
4754
4778
8628
8597
3103
4646
4972
4957
925
3182
5914
7940
840
6214
9712
168
8141
1862
9096
6684
175
1785
6909
9147
6469
741
2645
2272
9004
4205
1573
3759
8983
201
2356
2087
4848
7329
7044
5774
512
2959
3714
1352
9173
3427
1520
7315
5289
617
4000
5464
2403
909
4612
8872
1651
7257
1144
655
1463
2718
4415
446
2920
6772
2534
7768
4101
9579
3542
4613
2538
7257
5966
1712
684
7487
9027
5974
8104
3027
1438
507
3936
6051
9380
5588
3308
524
6244
4772
3243
659
5219
6163
7431
7753
3931
1533
7332
7474
6147
9871
4732
2113
1583
5417
9601
611
1391
7705
3638
2830
8213
7575
8881
7593
3163
2190
8118
9407
6962
1361
67
2181
7525
7499
9935
1457
9032
7268
8931
5180
7139
3664
7294
8723
9081
6895
9334
473
4601
2973
3304
2814
549
2186
408
3712
4377
8527
3120
1339
9889
3188
3521
7414
687
3457
8871
9720
725
7803
4900
7865
1467
2194
6588
549
9089
5923
1023
3691
8896
4327
6506
9445
6513
6914
3158
890
5442
6279
2230
5332
9467
5752
2747
155
9209
1619
9875
9934
9422
4775
7800
890
6970
4388
1440
6060
311
2463
9751
9207
6791
6257
8653
3305
3172
1812
4195
8615
8091
6426
3948
7559
2179
6695
7714
1388
8314
7589
1323
7737
2365
9123
8628
9336
3512
68
5396
3823
2532
5148
3031
9323
1406
1685
2628
4578
3497
6824
3194
1588
3251
7142
9148
5430
3837
6862
6819
2152
4452
8143
9889
6817
7267
8517
6154
779
8586
1550
4603
1118
6699
7635
442
8105
9321
3071
2684
2818
9896
5878
4407
3147
3020
3555
8578
6858
417
5398
9010
4870
3541
8900
1687
808
7418
7841
1588
6004
9392
6192
7123
6091
3828
7565
4197
3149
637
6881
5968
533
2759
376
3681
5780
3931
2259
2638
4349
7657
1649
9219
1199
550
907
2008
7968
8749
3597
3972
8141
9789
1096
4233
3618
8662
8430
6767
9299
5312
2736
9832
8071
3112
3514
3852
7044
5773
6491
1393
3431
8140
613
4630
8691
1521
6638
6659
270
235
632
8412
25
1728
2646
3643
390
1076
411
9690
6388
3147
9523
4460
6260
3037
8312
3304
8810
4804
4698
2242
2944
5311
6872
1636
6832
3511
8295
7103
3747
8927
5515
3773
656
8161
7417
1047
9238
7828
737
5627
976
260
88
7236
3297
8401
541
2108
3205
5239
4350
6150
551
1223
7786
7383
4735
6081
4487
8482
5009
2
2256
5666
8164
9673
6713
7402
7501
7451
3029
8478
7711
3118
5715
1009
1519
6256
3117
4724
1495
7468
874
2046
8691
8660
9430
3427
4742
3917
1910
9751
3919
4166
5417
2083
3839
2131
9486
1341
9582
2516
9819
7294
5634
5534
8303
7153
1790
1421
1877
3286
8889
2751
5332
7581
1412
4763
1008
6154
8680
2918
5905
2600
7084
1323
4683
924
3455
4170
2265
3037
6686
2085
331
2320
7620
8635
9473
9410
56
1351
2697
8945
4102
8030
6526
5515
2793
7535
1669
1473
453
7575
4073
7537
8899
8757
8462
2354
2928
727
5392
9614
2812
5723
1934
432
4359
1408
9843
4415
2759
2541
3360
6862
571
9887
2377
3364
7422
4046
4838
7875
1622
8912
5413
521
7670
3875
2875
598
4603
8267
212
7416
3991
2147
7849
8350
3556
7692
2765
6316
234
6126
3178
805
6014
5556
4170
3436
9603
9008
1312
1225
7921
6726
1746
5591
602
4622
6189
5206
2890
6402
2622
6881
8550
471
5232
2106
8164
7998
8423
8398
4125
1602
9204
139
7158
3374
3576
6762
2383
4888
7988
304
1615
9735
5896
2217
4357
2086
7423
7247
8489
46
4129
7039
517
9361
9146
8682
7360
7569
7081
1485
9172
6285
1624
6330
9660
5200
3093
2043
89
1081
2348
1705
816
8244
3922
5173
330
1346
2421
8820
1392
6550
5859
1910
5912
5006
593
3272
2576
7674
4757
1748
3959
6382
8079
3619
1583
1172
5663
1673
2253
8011
3378
3070
6256
7301
8243
6587
8647
665
5407
40
7215
1267
1951
3128
6273
2544
6400
8849
218
1158
598
4178
7541
8677
7797
9125
9849
3461
798
2103
1473
4176
5173
7729
1478
3417
4317
126
4082
9724
166
1298
992
2118
4426
7265
4662
827
6115
4880
1986
6713
9059
9527
5391
6857
8652
5240
318
9451
7344
1791
3628
2517
9521
5106
5935
3839
5232
17
3564
5399
1315
4556
7517
5742
1822
2180
6570
7937
7061
8556
4651
6120
8084
43
2977
6737
5284
3296
6188
2628
5087
9817
5146
4609
4923
1081
8448
156
1098
2012
5556
2414
6569
3074
8157
8391
5254
4727
6328
2316
3283
980
8436
1368
1023
1414
8105
6307
4710
4294
8936
9798
4111
4082
4408
9035
5163
2857
9191
6262
4869
4748
8677
1438
7822
6834
9829
3077
1561
6158
5394
4845
7139
3831
6213
8163
5245
4319
4471
9956
8613
3407
9754
2724
7490
4163
1759
2653
7020
951
8916
1890
5700
7593
3329
3523
4427
3159
6600
5989
9318
1994
835
6457
5825
7049
4620
1071
1368
9092
1027
9981
2499
782
2706
9989
4945
4466
2643
1966
5418
1559
3856
1118
9153
7185
4641
3581
344
1242
9570
9662
3237
405
6120
9063
7455
741
135
8823
9833
1162
8805
2333
1945
1512
2322
6891
5978
4966
8857
1397
6526
2713
2515
5679
9899
7157
9260
243
8399
8831
9906
1637
9237
6026
700
6692
6767
836
5516
6601
1998
4321
8934
3944
5833
1256
835
1812
6223
9692
3209
2749
2406
5725
8429
2305
2882
7690
2549
1282
6521
2455
2919
5759
8482
3620
2451
5250
4456
7968
1851
6455
2289
785
399
8123
2042
1235
9936
8265
928
3145
1015
3334
8871
9445
5640
1753
7135
8190
3035
3657
646
5955
9416
9128
9576
1868
4378
4032
9836
6230
488
2126
7015
888
250
9058
2123
186
7324
3051
3332
8339
6386
2203
7785
2026
3957
4920
216
6993
8577
862
2949
7993
9991
2525
9862
4370
6558
9698
600
7046
1825
7616
7934
2075
6674
58
2262
3998
3109
5595
2338
9495
7799
123
1522
1756
5044
1738
8750
3621
2601
1699
1615
2592
4225
1477
6963
783
1176
7563
7830
3002
5179
5765
5077
1854
5823
7340
5852
8932
2935
8191
8428
735
8315
9950
2492
3359
1689
1242
6981
4291
2942
8596
6883
7167
74
3846
7951
1251
1410
5782
4253
6590
1547
9331
8444
7370
6671
4297
6303
9607
2488
4732
342
804
4683
2835
4163
6372
4078
1145
663
7020
9741
7547
4188
9816
1394
2140
1067
2805
7922
5320
9395
9469
4651
7839
6840
1323
2136
3144
931
4625
7877
1274
5430
2560
4109
9594
8932
8187
739
9596
5208
480
7143
9397
296
8538
1537
1364
1343
9460
6684
738
8930
1336
8578
5770
2660
715
8915
3591
5340
6792
4865
771
9352
8974
365
8285
7162
1104
7881
2370
1585
5025
1767
1882
3563
3304
3246
4907
2765
9931
5645
1695
1268
4223
7466
3928
4938
6381
7519
279
3174
2384
1051
2527
1358
1416
812
8520
2520
8694
891
4106
3719
2658
5988
7283
5963
9235
2190
8728
9166
7836
423
434
2059
7890
4362
6998
4271
1881
7278
7446
4266
8329
9973
5625
9746
785
4146
2266
9480
5037
6373
3199
7696
2361
482
3659
1597
2673
2388
763
509
2812
1198
2569
702
5561
9567
4974
7443
6846
2420
1709
5176
2394
7334
4922
3180
1480
7189
2660
6517
3562
5859
4214
5924
6342
7874
7521
9015
262
8285
9524
3075
9483
2093
3778
5045
1661
8752
2488
8508
1173
4197
3684
3567
1531
8607
6747
3012
5796
9408
9530
9359
5267
3744
5283
1610
1618
2805
626
1881
1090
150
4957
574
2244
8735
5619
3906
7488
8108
2414
8662
2305
6099
2230
3837
4706
8977
6849
503
8385
6380
9862
3653
125
5146
5264
1743
7952
5890
3625
9042
6040
8582
9617
8285
7318
5237
2192
4806
3345
4606
3469
5651
706
5699
9488
5413
4677
6338
5916
3063
2719
5779
6716
2844
926
1980
4587
8878
7871
8213
7921
3912
6795
7538
2197
4114
2776
4389
8921
6122
8996
2390
1773
9703
8089
1261
5116
2766
7600
1033
5829
319
6813
2546
3163
7740
4527
7751
6618
2398
5964
4539
6310
2760
2078
8508
6874
4855
2898
5795
977
1895
8186
2750
1598
6275
4012
6715
9041
1613
7749
4871
1933
4563
7418
5096
2303
1945
2848
8921
4343
8813
3461
654
1574
5540
9163
8449
395
2061
4245
1372
3956
2431
4123
5555
8706
8136
2270
7748
9749
20
2620
1682
4583
38
6779
6886
1983
9628
5808
6327
8441
9269
6982
16
4809
6145
8465
5205
8206
2711
6578
2163
5142
701
7718
3849
8837
9989
1598
8586
9
4219
269
4592
4257
7048
1479
6241
6676
7287
2569
5118
6556
9552
5134
1366
5697
3600
6572
3904
6311
3150
6067
1454
3851
3786
5303
2689
3775
6902
1276
3784
1121
1545
8377
5378
8594
9856
1620
5271
7143
4189
389
3700
3741
5524
5067
9439
9125
1639
3344
5437
4789
9412
6891
8641
3198
2195
1330
6974
9097
2607
758
218
4153
9136
5597
2748
8992
7218
8019
6135
1408
8409
9836
5150
3934
4903
4589
3059
6542
7934
8496
1331
7346
5387
9972
544
7583
1303
7518
6680
3911
8277
6899
8065
7413
2497
813
6406
9715
8832
2542
1123
7242
2378
6274
1176
7281
863
4235
3823
8798
2732
5155
6144
8120
5128
6689
5703
6432
4208
2384
343
2486
9283
8408
9899
1780
9221
6306
1496
8054
8848
2620
5296
1226
8894
6472
8507
9758
708
2331
8556
3441
7486
4700
1561
2615
1389
7265
9047
5597
9649
9390
8083
8932
7799
7983
713
7021
4290
2210
5075
3138
4830
372
4364
3724
6845
2872
3482
7553
5204
2038
995
2691
6739
2556
5306
8129
9821
4353
3727
9471
3744
1811
8404
1543
9794
9117
8564
4084
1327
3640
7223
6158
4012
1587
9883
857
4460
3365
8411
9665
5404
9406
2356
2144
1963
7662
273
1785
2016
4000
1256
5760
5811
9660
7304
5605
8778
5868
9690
106
9508
6914
6264
3521
8502
6147
4378
2962
9513
2789
2627
4918
2196
4984
7062
4159
2647
7335
5944
4663
1335
7201
424
7146
6861
7728
2752
5640
3597
2443
5746
3106
9357
2011
6627
7859
8159
1005
822
7672
3795
3450
2590
5991
8434
9652
151
1081
6988
6096
5745
8323
3297
6169
5469
159
3897
8222
5799
7494
665
1546
601
23
3558
7228
7882
1717
8234
8705
9389
2029
2155
1980
8021
590
1633
8173
1671
8621
4269
7417
6945
7567
3586
2415
7727
7484
637
3526
4979
1303
5073
5580
1326
8631
2809
9209
348
1043
7914
9738
3073
70
1719
1095
660
3352
9268
2332
1974
3538
9749
8920
1105
3336
1335
8832
820
1973
2359
5800
3276
7433
1381
4603
6064
4190
3813
6413
5233
1727
6152
8306
1798
7871
9401
2458
1224
8670
4790
3198
2208
4540
2118
3313
7876
3454
2146
8697
5427
4506
4498
8704
1939
5879
3307
8004
69
7121
4417
5302
8848
569
3609
647
8441
3010
3105
9665
1681
7896
2864
3889
2436
4983
7203
313
8437
9349
9011
3865
3856
3509
2569
5795
9388
5877
3799
9457
2998
8217
4760
1847
8786
8369
2494
7227
1380
5599
6893
3061
3496
9757
6951
5932
4740
4154
6246
3177
3504
5257
7042
7360
8766
9612
3156
8155
5489
6955
7612
8487
5172
2373
335
3959
743
2829
1187
2124
8429
8080
5186
1925
7838
2137
7858
2578
6292
4104
5756
9796
9362
2798
7157
8128
2410
313
6283
7900
7269
3896
6388
2442
6270
6723
6401
7013
9553
7589
9138
7982
5670
4324
9908
3508
6462
7767
6087
2754
1872
1843
2551
1234
4642
9708
9363
7053
21
5647
4953
7291
9543
1342
9733
5814
8065
6135
2827
7619
3724
1965
5602
9395
6290
5510
2904
2752
3278
8991
5506
5150
835
8057
6384
5477
7766
5748
2531
7788
1395
7485
5079
939
8827
4812
6753
6893
947
9581
4512
4672
1547
114
4067
7838
5625
6972
590
8903
5964
6097
4053
6799
4155
438
2277
1921
6186
4808
9710
7582
2293
4789
8522
1121
9601
5275
8014
549
4857
2527
5221
6405
2641
9289
4243
8266
6261
4833
7170
2225
931
1223
9025
5086
1662
1302
7008
7849
6111
6718
5432
8404
1507
3954
9526
1109
9229
7541
1658
4087
68
6879
492
2709
6169
4735
976
2430
9569
8146
4656
500
9370
3681
5587
1032
4983
2595
8882
1094
9314
4314
9499
821
8268
9025
1931
7498
6566
3589
1585
6635
469
2078
9344
6639
6813
321
9069
6383
8468
3725
6883
7838
7406
2470
8871
2390
5065
7753
3485
4379
2068
2984
5201
337
2010
7133
7835
8577
723
9421
5212
1193
1500
4557
7832
8313
4878
6901
4696
3346
627
1580
1185
8034
4050
56
425
9116
7810
3910
3496
9879
6894
8698
216
8905
5831
8052
7482
6554
7473
2694
7747
8974
7251
5580
7288
2130
2481
1985
5477
3109
3565
6662
1144
7616
6719
1569
6732
4529
5479
229
4409
2373
8927
4625
1278
4759
2677
8761
1314
151
1455
9062
9125
8707
4642
6413
838
7124
8398
6315
233
1964
2978
1377
9580
9697
2946
6312
4227
8425
6542
8636
799
5470
3261
2078
229
5939
839
1543
6090
2294
606
5216
1002
5248
1629
1841
2372
28
8156
2606
1992
1134
3983
1572
831
6930
7885
5058
5356
4428
3694
6155
9898
6956
8233
127
2895
9072
1671
8986
1367
2277
4202
2370
7526
5832
4211
9898
5860
2367
2504
7853
3502
6488
9426
4334
3419
7311
9393
8775
1739
3088
4930
1638
44
3164
1765
2940
2237
3437
1926
3604
5715
6129
5974
3241
1961
185
3140
7822
2553
5645
5675
6056
2133
5101
390
5552
2413
9783
4327
4153
2871
9258
5791
2916
2423
7557
5856
4660
994
7783
8264
6710
3912
4239
9952
5874
4425
3092
3696
6979
8737
9372
3035
871
4473
3425
6424
6887
3209
752
1040
6081
11
6832
8997
2434
4389
4854
7094
5384
2638
5358
2094
6550
9598
2046
2424
4023
5139
6121
1002
3876
5493
4038
4748
9967
7463
1172
6854
673
1925
7895
6755
1936
4727
5753
4370
9116
607
1464
4500
3246
6823
6595
9796
6421
8642
2221
444
3781
8343
1447
7658
3836
5485
2406
3803
2949
3579
658
3623
5504
8553
378
7441
3281
6131
1811
2397
6739
3276
6898
9985
99
3494
9781
6520
2136
2003
6965
5917
346
8413
3576
4183
3898
5982
7987
6848
9562
8646
471
5067
7199
849
2508
481
6981
4320
2878
3720
7596
9777
3705
7696
3271
3487
4217
5408
5490
1183
1325
5837
9596
4901
21
3495
884
8008
344
447
6654
815
5515
3854
1665
8024
4335
8646
2344
7214
2366
9941
6992
6072
7638
264
9559
1855
5672
5050
3038
6998
887
2635
1900
909
6130
2785
8917
6474
3232
5572
7290
8748
9427
8956
6772
3763
7603
9117
978
9969
9059
7970
6042
6697
8235
5601
8552
3907
651
1591
905
1539
4226
2805
2448
357
5590
1366
6832
8823
6938
4123
7571
6366
3079
4343
129
682
3461
1108
652
2520
9079
6694
9217
7314
2295
7770
1221
2947
9362
2127
4486
3588
4932
6934
3946
523
8301
778
9347
5240
4901
6918
1606
7981
1262
1736
8663
4723
2844
9315
7243
1923
6009
6461
9238
8305
4232
459
1252
3594
2586
5739
7182
7519
2674
1129
8043
975
1908
7390
6215
6809
4309
7822
4790
5571
9558
3454
295
2403
2769
7539
4327
8779
4000
3565
7085
8233
4025
8338
1827
6612
4077
9010
4132
6751
139
2175
7727
2047
9566
3942
8857
3875
1765
3648
9447
1323
7102
9742
3727
9871
7282
8055
8651
1282
1621
5736
9515
5646
4075
1343
2259
8152
353
6391
4904
492
8567
2631
2540
8134
6574
1397
2009
8339
5045
1457
9663
2148
1199
3391
2019
8481
1446
671
9764
3068
6408
9280
8714
483
623
974
8636
977
7365
3541
1469
5933
6172
4010
4067
2747
5407
6077
1087
453
7534
751
2601
8734
4143
4621
7215
5590
5293
6980
8658
1701
6261
7373
2185
6885
8347
822
7862
5712
4363
9332
1646
536
3342
5713
3283
8749
1790
4371
9203
9324
5123
1805
8059
9266
6426
5274
4856
1720
2255
3514
3422
8517
887
5607
5402
9234
6429
3264
4947
793
2596
6594
1329
5938
2307
4613
4688
4098
8985
3892
3423
4108
5697
1482
3374
2124
6757
8231
3844
9013
1745
7266
7530
2633
2874
2932
1868
9304
6197
6816
97
8793
3410
1426
4732
5718
6040
9420
9817
5025
3313
3240
9133
9010
4723
2508
1134
1481
739
4979
494
2485
2245
8024
5118
5120
957
6987
4424
7154
3803
4521
5948
7214
5948
680
2932
1988
101
2749
7013
3414
5990
6147
2425
713
8655
3559
2194
9394
8539
2689
1879
785
713
6998
5905
1671
3986
329
8826
7790
4851
4774
5004
799
5455
7937
2788
5557
686
9801
8971
6677
5948
1396
7390
4603
4956
9585
3998
3495
2274
5878
4281
2988
2877
186
4660
6863
516
3486
4653
5367
8261
9657
6167
3717
7594
8955
9274
8281
8757
8246
4958
4706
9642
2349
9309
4599
1935
3308
8095
4209
9186
2376
7198
2063
2563
1858
8927
3079
5345
3580
8447
3607
3238
4614
7324
833
3569
6598
9115
2327
4844
4074
7033
4487
6424
6343
9087
8359
9651
7182
2569
8838
9559
9768
901
2122
1626
9829
5202
6972
3409
3649
579
6648
8263
7903
7481
1833
4502
6597
4161
9346
671
1194
3834
7095
7537
2921
5454
7189
103
8024
6027
9663
7792
6929
1785
9419
6758
6988
6391
168
637
6971
6816
8901
4874
4298
735
9376
895
4896
8723
1567
6090
2557
8662
3627
5479
4117
817
5582
2142
6844
5246
9934
3773
7032
9353
531
4020
5745
700
4657
2716
7516
3559
7591
1815
4294
6968
2711
9190
5691
4278
5281
8249
2941
8909
3728
7059
9726
9311
9201
6570
4557
9136
344
1590
8490
875
5610
4236
1576
268
6952
9092
3827
4544
907
8122
1512
3619
7312
7204
7897
2593
5454
838
1502
9183
7898
1229
8494
7100
7799
3052
6236
8143
4642
4727
9019
253
8963
595
521
5916
9688
4349
460
596
2471
1972
4215
9784
9177
2112
2377
4631
2951
3880
3814
850
5110
2309
7950
2909
5362
4186
1053
5
8914
72
258
7877
668
780
3793
356
5129
4253
953
7601
6226
5168
7385
5403
7281
9763
34
233
3644
3849
1083
8754
6158
9033
1663
1520
3220
2717
1525
2134
2790
1784
11
3458
2564
3805
3815
7694
8058
4769
5295
4284
9937
2680
9688
7219
2443
9722
7452
6087
3571
8535
4841
9730
7569
6505
1250
790
9222
2776
2924
2012
4561
2936
5471
7125
6742
9287
4819
4800
4056
115
9085
3994
2795
8774
1213
5239
8496
8665
1327
2068
7201
6169
1799
4771
2674
3050
5561
1897
5826
8486
3910
387
1423
9382
7513
8165
8669
2333
2966
2726
2448
2051
6720
5244
825
7933
484
9322
6599
1811
1391
3801
7981
3190
8572
655
6240
4134
2553
2067
2620
6464
2455
4043
5846
9969
2208
4516
2302
5174
7242
4751
7226
3962
9996
8052
1895
481
7375
8495
2292
8766
2296
273
1957
869
929
8198
5004
3483
266
7624
9947
2721
1668
5793
2691
3877
309
4993
9052
7551
9745
6278
1514
9742
4331
3410
223
1706
1905
2516
473
4202
2790
2431
5072
3720
630
76
7203
896
7700
7150
3618
9369
2944
6309
3246
3254
1303
2298
806
1049
8577
2320
791
2909
5730
1015
4616
7636
3531
5090
1838
6322
7522
6910
42
8152
6987
7245
9048
4688
4396
2667
4057
7341
8976
7304
595
280
9603
1401
1329
8181
3722
2121
1090
9452
3136
5707
7088
6668
798
8927
2990
8320
5838
3033
6472
2825
279
5521
7513
4676
8189
1571
2017
7165
8875
2613
7446
8479
4015
8776
6660
7737
897
7751
7189
4034
3459
4278
703
4257
3206
3693
2577
9044
6726
9050
1869
7006
4572
9383
1682
2761
955
3699
9927
9831
6312
7373
8310
328
6149
4971
8065
7047
2723
5255
1082
6182
9534
1785
440
2740
5479
3017
1784
2206
2068
3654
9212
6640
3038
894
9401
3993
4593
9328
3824
906
6701
2135
1234
2851
7107
9300
9899
9830
4555
981
6012
4089
2766
6452
6829
8245
9470
8614
452
1538
2268
9664
8179
5306
558
7580
9300
5152
6908
3125
6058
3610
5260
7293
6462
2367
6593
6361
2198
1149
7343
8211
5239
110
4663
2069
8355
4134
683
8807
5673
2952
8472
3852
8259
9030
1433
7559
4182
8342
684
241
1952
5945
7535
8415
8313
4129
4777
511
5279
2120
8722
518
2230
3386
2587
586
7521
3271
9394
3194
6223
7866
7047
4483
6897
8480
2042
1080
6822
2727
1321
8775
8673
8857
7190
6987
2986
1968
7498
8266
4089
6221
8784
6319
9608
1372
6906
7129
4644
6301
324
868
4167
7371
5351
1064
5851
7394
2144
2674
121
3466
1449
8795
2324
8640
5782
5311
608
3281
3577
4697
9502
2361
1017
9110
3734
7924
6239
8378
4225
6564
9247
8392
3935
4598
9457
9787
1992
1602
2461
2114
5069
3910
909
7393
2550
6691
2704
3159
9972
6281
7857
9475
8643
8874
8585
2378
6799
4825
757
1024
1389
4
9417
5325
4602
8875
5112
6594
477
7573
8708
5547
1483
9618
2941
4034
6309
5645
7194
6282
1927
5051
5757
571
3926
4343
2950
725
9168
3707
1749
558
3711
1166
5883
8314
42
995
4909
519
8569
3618
6067
53
3236
9008
4087
9546
4654
1281
5828
6581
6333
1586
7153
259
5929
103
984
5098
3811
2734
5656
7523
3901
1540
5837
3943
2536
747
4463
1105
4365
530
1158
7602
9539
5246
7148
4193
6528
2977
775
2861
4564
7928
3120
493
8032
4105
5592
1843
6839
1248
9366
741
2789
5204
4684
5325
5951
9147
6430
317
9678
7589
7919
9217
2835
5068
3410
9363
8046
4186
2225
2610
2115
5346
3104
147
9452
8696
1991
6292
9945
1357
7033
2734
6561
1717
8060
2513
864
4490
2830
542
2080
749
9759
4915
5818
3170
4279
3864
7356
6505
6474
9471
1851
9579
9619
1304
8276
1610
7596
8221
2967
4629
956
9529
6346
9016
2043
7211
3507
4873
7753
5587
5623
7513
503
1441
683
4782
5306
8040
1288
1781
7511
3140
1360
7130
4444
9636
8740
2040
7858
1708
6669
8814
1238
3015
7830
3281
226
1338
8155
7980
6925
3778
5494
7428
5220
6178
2211
526
4218
3499
2307
1730
6639
3668
8861
1083
3304
7602
3124
1162
9310
9793
9976
549
2809
7807
3831
3036
9146
1987
1016
6071
5766
6510
3500
986
2689
5712
1513
6907
9211
3821
8637
5851
7489
7498
6935
793
5101
59
1956
4411
9853
1933
4961
2662
9741
8793
5699
8887
780
6716
4958
6546
3227
8459
7532
5916
4171
9046
2823
3383
2867
1461
9235
356
8960
6171
1150
4061
6231
3106
8473
6084
5039
3434
8747
4780
2227
4446
3667
3008
1162
8626
9554
4389
7086
7087
305
1257
6133
3129
4640
9000
4590
3876
9357
3550
47
507
7611
6278
3613
6084
2363
8653
9519
1110
3434
1747
5557
7102
4755
6719
5729
4310
1109
2815
1397
1415
4072
7531
4544
8713
6531
9135
2589
5889
2685
2637
6396
297
8915
10
6382
1278
8664
5901
2389
2098
7649
7946
9201
2404
4666
4930
6714
5775
7745
8112
7191
1817
5643
1735
530
2175
870
3120
8064
3556
5757
4460
3853
4673
4471
235
5951
3135
6137
8340
5234
3786
6287
4435
6191
953
9365
2906
6729
7110
1018
3920
8928
6661
5656
9459
8836
6527
2579
6901
83
8337
1362
3937
3010
5833
4173
8962
8969
310
7303
4204
4096
3590
8640
287
4544
8005
3193
1273
5116
4212
5193
4045
873
850
3504
9710
7377
6084
6612
7460
4421
7974
1398
7432
3808
5571
6394
2778
5881
3697
6982
9978
7288
5622
265
1832
3628
3459
3106
8745
7672
8300
2790
8545
9150
6294
8256
6527
2378
4868
3988
6800
2843
5386
4232
6651
957
627
9429
6838
4325
6412
6817
1614
2035
7083
3446
5664
542
6552
4409
8214
4853
7199
6760
4003
3494
5017
531
5873
9886
4519
2674
2729
9905
6907
9381
863
7534
8811
7702
1860
5224
4519
3474
7259
1602
6921
2923
2145
3474
7333
360
8327
4533
7120
2330
8027
2138
2861
3901
2025
7381
6575
4755
7287
3482
4136
8150
1017
2948
5853
2877
8172
372
6352
5432
1975
3273
8355
4120
6748
5689
4480
5075
222
1601
7406
8249
3740
268
2150
5765
7649
8726
520
4937
2208
4657
3087
3225
7605
8941
6103
5778
9314
2455
1210
1289
5729
9566
5410
2477
5255
9891
7553
5477
1493
4959
3727
5233
5227
5878
998
2877
4604
1519
7814
6813
6176
902
39
3782
9844
6142
9560
9158
8598
771
447
4328
337
5858
6805
5593
5749
4358
1071
7243
9318
4799
2476
4546
677
3475
7423
5282
4995
5238
2095
1171
6141
2135
4953
5985
8278
4514
5143
6876
5285
5591
1204
5623
1450
8010
1217
7200
2369
2288
4443
1687
7087
6919
6233
7765
395
3657
3047
5390
8896
5143
6561
5037
7278
1515
1023
5557
6030
6166
2433
1315
1758
3638
6939
3208
1649
8156
408
4018
444
4852
5705
7532
1771
1939
5297
2166
5596
8345
7557
4493
3488
4119
9530
767
5634
553
6325
1665
6720
8759
2980
8479
2397
9919
1688
4047
8076
2097
8065
8520
6949
3771
6053
8720
5710
1350
887
1307
9695
8445
5800
3184
2564
5331
3952
8199
5885
277
9864
2605
9036
2845
1085
1434
2765
2773
5481
841
4870
3547
9362
1819
7318
5415
540
3028
6765
1428
4336
6461
9873
136
9646
2438
5468
3599
637
1353
3876
501
3959
2913
3346
5044
4348
6112
7817
9830
6953
2688
3377
6315
4508
695
1730
5049
3724
8496
6478
8060
4957
6351
8197
4604
8790
3665
8203
9427
5018
2080
9929
8977
4994
3276
4021
9342
9388
1839
9173
6341
4528
2550
2656
9036
3246
4387
4085
6970
2883
563
5031
7841
6915
3228
2446
5705
6893
649
5133
1912
2729
5062
890
7724
8338
4912
7066
7727
6751
6239
4068
1279
8790
6725
316
2036
1113
4401
9007
3997
4965
4039
1838
1881
7267
4285
7587
4161
4934
2720
6074
7664
7783
6964
5388
6122
1876
2455
3849
8628
8695
7918
9907
7485
4643
224
9522
5757
4626
8530
9754
9591
2569
1593
1473
9837
5878
9060
3998
812
1780
73
8477
9564
7037
3866
5686
8913
6321
9535
7541
5016
7453
7449
2502
2097
7674
2025
7854
2300
555
7609
1891
3125
9202
3365
2962
5080
2425
6961
5893
4206
7034
4371
3770
4071
8237
9456
2985
4558
8992
527
9575
6446
7977
2077
8544
5651
4103
6399
7951
4658
4008
9843
7784
3210
3209
746
8291
5634
7708
4184
9840
4742
8555
3611
8814
6792
3068
1800
1351
2061
2328
926
8507
306
3004
7052
5957
7107
3451
3909
1766
7459
3753
9550
670
6962
297
8961
2597
8006
3146
2438
2749
1702
6049
1564
8494
9118
3364
9846
1179
5693
772
9687
5999
3777
6740
1957
884
191
5867
2651
7651
9621
2202
8322
6583
2500
7283
9181
506
430
1619
3255
2132
7669
4819
627
6787
8184
473
7967
3878
1246
7654
9878
5023
4395
1835
5908
4586
7703
8560
2238
7324
762
560
3908
3262
7844
3089
3769
8274
4708
7025
407
2378
1845
1034
9165
29
1507
7133
3908
2754
4788
3786
7777
9183
5622
3686
3769
3325
2246
6008
650
3008
6568
4558
6271
4413
7648
41
2687
2356
7066
3094
4735
8911
4129
3900
8941
5636
1034
2849
8391
5822
6636
6168
5005
2258
9855
8775
5583
2101
4783
6234
5110
1351
792
1382
5764
8440
1423
8452
797
8489
1547
5532
7401
5676
9433
6342
1313
467
9192
9704
6290
5828
5873
1295
8086
5728
70
3670
7830
4853
9904
2941
6205
697
4324
1970
9137
5747
422
9935
4237
1970
5468
1638
7646
4902
7980
8959
5370
7172
8664
1660
3001
4538
2955
1087
267
3025
4758
8097
7879
4662
1039
4084
5359
5363
6054
4497
1111
6477
4433
5348
8447
9901
6987
6094
4803
4968
5054
174
2141
3718
1834
5142
8256
4789
6230
8524
7815
988
6622
5694
5651
7661
9779
1010
3025
5834
5508
4136
2312
9942
9485
759
9844
6473
6854
4648
1441
1908
4822
3583
5626
6656
8725
3883
1445
4955
2407
9261
5944
9030
4956
1595
6691
4735
2606
9717
570
8115
3853
2882
8057
3339
3642
7901
9813
496
2549
1254
2404
7371
4837
8031
4027
3563
1915
5473
8519
4323
4734
4463
3353
9690
6058
45
4426
8664
9762
4996
6779
3616
7879
4837
6955
1521
2738
6768
2018
5287
8023
4422
2659
2861
2454
6686
6425
4369
2159
4944
8693
6894
9407
2046
6585
5466
2091
1012
4131
1853
6009
911
5469
3888
5748
2425
5410
8486
9194
7428
3774
7218
1851
6433
79
4305
3120
6504
8675
5280
1449
7368
2174
857
9414
8760
6323
1506
9772
455
3359
5781
1366
8829
9669
7115
1255
5080
5601
449
2508
9376
7667
4359
5809
7747
8665
8929
4252
7340
4209
5701
4708
6384
6559
4122
5144
2883
5628
4916
3338
8988
698
4705
7818
368
1820
9073
5448
7422
9523
7956
6798
7191
2316
2608
4939
981
1538
9191
8322
5748
4893
3030
2132
1452
7153
7277
4336
2782
2194
7674
1771
2892
2380
9589
3260
4200
8662
8709
1623
8186
6665
8421
5377
8982
1030
316
9964
2568
9508
8286
8317
4401
1316
449
5854
8469
7727
190
1252
9921
7865
3023
2814
245
2612
6075
4446
1275
4784
6069
9461
1450
4491
4839
432
5521
5155
396
8090
4663
8683
6407
9065
