400
5741
1512
9505
1527
173
5136
5283
2419
4800
7453
9152
611
5771
3650
6453
5053
3183
1006
2176
3835
715
2890
2642
7383
5535
5822
9799
311
5477
5797
711
1219
7310
216
2746
7483
5352
8030
9903
153
5484
9055
765
1255
2705
7218
6308
5888
8225
8485
9724
8940
1375
2366
6324
6911
8189
6124
7222
3666
1921
7933
4886
9231
8150
7633
6714
3502
5663
6617
3656
1148
5673
4421
2403
8379
1640
8712
4268
9865
7198
3992
8806
8574
6359
5130
5485
4548
1254
2707
8215
3175
640
3102
2406
8790
735
9121
2293
6399
5738
5950
7547
1412
372
9951
9792
2012
8663
4060
1877
5862
8053
683
4436
4412
5814
9921
8961
7068
2628
7177
243
3269
279
2650
2060
1015
1771
4354
7414
7510
304
4962
8922
677
4913
8714
2689
3577
2775
4567
9439
828
5250
3875
5241
1064
3796
4203
8133
6425
1380
8377
9694
1660
1027
1755
2675
2798
6109
90
308
6414
5052
9231
7091
9966
7946
9780
3543
721
4347
2982
1550
9598
6858
6791
663
655
995
8796
7080
2376
7173
6775
4036
8201
8530
6712
999
4639
6803
1308
1053
1855
539
8145
1821
8485
7925
5365
9207
2273
8348
757
1872
5206
7549
2536
5861
8544
1332
2941
921
8506
9716
4957
6708
8247
1670
7707
2886
8473
9015
3940
329
9555
2086
2151
8040
11
7516
7248
2285
5865
8005
4158
1071
5555
6694
6932
4100
8027
9874
5021
6533
9591
9979
3242
7838
1649
949
725
123
9965
4666
453
9520
6752
2604
7561
6764
121
4809
9050
5986
2815
3208
7058
8370
9902
3991
2471
7929
3865
7492
4463
3457
7471
7705
1296
9121
8655
2022
9244
8620
6689
9697
8140
3442
2302
5702
207
2424
511
9257
8411
3327
2466
5469
1697
2369
9460
4169
299
3326
1661
4762
6784
9132
2468
8080
8254
1124
103
7498
9744
6792
7196
7885
235
9499
3587
442
1923
4099
9700
334
7426
2166
5804
9124
4536
5264
3293
4835
8591
4955
9598
5375
4087
2066
3455
2342
3190
3559
9841
2935
351
7037
821
586
6537
4409
1029
8461
8508
729
8796
5935
2896
4600
5060
7432
9865
8354
2268
8456
3309
1866
3831
7397
3933
7287
9739
7124
846
9580
59
1198
6618
881
1785
3155
5290
2814
1617
3799
3544
413
9735
6440
5014
4795
3873
4879
3149
6141
3336
6459
8007
7168
3856
1940
4455
3595
9065
5302
3176
9125
6501
9794
6
8286
2950
5296
1101
4568
9096
4645
4981
8831
1085
9995
3626
4959
4875
6776
1100
8211
3235
9108
5379
7091
1049
9835
687
114
5138
3864
9239
1640
3658
9245
9926
6609
4542
1028
1177
3639
5673
6159
2470
6759
6154
6097
1718
1030
2873
2819
9241
6109
1927
4621
3201
2976
4457
3888
3090
9595
7752
2330
1235
1411
1576
1162
8021
6119
2191
9198
9758
7864
5358
2228
4624
1513
8325
6343
2543
1199
9162
1785
7308
1089
6406
510
4065
864
4399
7156
460
2152
9487
1696
3563
1063
2859
1585
7182
5050
784
6941
2915
6142
9169
7539
7655
7495
3882
198
8695
3044
1983
6004
4134
8390
6514
8200
9255
913
5356
9715
3065
4843
1411
6629
5907
4270
8214
3090
9320
8998
31
2235
5140
9201
9775
2795
6697
3657
2994
5392
6702
4978
1396
836
3369
7911
9036
2624
8824
4393
2339
1890
9237
3750
8519
5144
8021
6734
8235
7342
5733
8266
9578
873
7468
9353
3669
4165
3011
6664
9557
9714
1642
954
551
5011
8865
9587
7635
7690
3981
9974
9580
3218
3725
8100
8363
1747
4834
6598
9090
567
4865
8668
1441
2333
8022
5111
6499
1034
1775
6057
749
3417
7012
1300
8429
5877
887
6064
3568
4868
6039
3148
8087
9765
1249
6450
1513
6083
3049
603
6651
7914
9272
8092
248
7295
3203
6748
8329
4979
2805
9078
8397
9817
378
6826
5695
1266
2891
9263
6135
8930
2412
4222
8696
3661
672
209
9745
3721
813
6396
1636
85
4489
1884
7381
7693
8632
5710
2672
1438
4789
1069
1256
5168
7895
6951
6434
786
6215
2570
9717
8628
6792
8414
2290
7465
8624
2035
1186
9437
8432
2823
9523
2921
4708
6904
614
3341
2615
3287
4779
7405
4356
6035
2573
2252
2987
9008
3039
9203
1578
2757
7831
8371
1171
121
5836
9795
2156
7023
9233
588
9846
8757
3510
4554
5662
4125
7895
8277
7412
2675
5683
1769
8711
8256
4021
1698
7265
7061
901
8844
9818
8733
7216
990
8854
3052
785
1011
76
19
1599
9922
8776
5110
4477
4439
9235
2373
2716
6647
5049
8400
8416
3760
6656
2438
5459
3922
9499
6361
2767
9318
5094
9983
308
3948
3036
1094
4959
3112
1113
6559
3035
9890
1670
7512
4329
905
9886
7046
7553
4936
5446
5969
8696
2103
8408
4156
6025
7907
517
8793
7225
5611
8776
7534
9560
1812
8628
4520
4925
9741
1080
7960
9632
2750
5473
3961
3656
5359
1008
1209
295
6454
7179
8992
8557
5587
3148
4583
3495
3666
3377
721
9278
2153
8255
8838
3966
6883
3359
8891
6625
4439
6851
6257
7190
2325
219
846
7684
1227
2056
7980
7681
9235
6973
6239
4823
122
823
8319
3788
4200
9040
3066
6354
7296
1905
321
4180
5264
9212
805
9704
6064
7063
6895
8389
7282
7742
6074
8510
9798
4055
6191
9034
1029
2431
3858
1151
3255
2177
4940
7455
1217
8007
3810
8514
9912
4131
2694
5177
3344
3499
4882
9409
562
1777
7798
7845
9519
3873
6355
9318
7929
2547
8352
8958
4979
2210
109
8234
4388
5050
5690
5606
3057
9500
4120
2970
3632
6814
8147
6976
314
3030
6385
877
4807
4184
8722
4327
8058
5078
3645
5987
7625
1998
4945
2604
4208
5055
839
8597
106
6529
4203
3163
6030
8323
6134
9663
5137
4282
6640
5451
7312
3026
6328
2119
7210
5051
6446
5269
129
91
1256
7755
2089
6202
359
6298
1258
1199
4895
1364
7729
9098
4528
3759
7422
662
3423
2559
4944
63
8011
2256
3089
4340
4376
300
9391
822
5569
9521
914
6826
7276
3004
3028
7636
9302
4287
8835
4198
5651
6565
3297
179
325
720
841
3748
3279
5786
3811
1291
8042
6901
5632
2418
7201
5023
3241
2771
4545
4155
9597
1821
7159
2626
9458
6462
6913
8294
661
2564
4859
3959
2743
5184
4679
3585
8932
7959
9372
2744
9251
7414
9645
4883
9833
6847
9907
3074
9618
4452
7230
9215
6274
4389
1841
5732
852
8754
4027
1514
1318
8886
5473
4062
4071
153
7648
3004
8112
7020
5748
7363
4435
5394
2246
4268
2241
2153
7343
1859
6606
4573
1075
2880
8962
2916
8613
9815
1671
2640
1329
2990
1527
6803
7053
5598
6956
4701
8602
5068
1722
4351
2432
6157
9745
4679
426
1987
6833
7769
3846
3440
2342
4922
6320
1305
7838
4934
1121
9509
7575
2450
2499
9103
9254
9552
4701
6210
4254
3304
1279
5977
7655
3712
2135
7401
8391
2561
9388
5225
331
3235
8665
2674
8157
4986
3980
5996
9920
5101
5505
7496
7552
8005
6599
6807
7558
1300
3017
1813
4605
4297
7790
2261
8009
9925
9662
6401
2487
9051
1626
2819
2286
291
5494
444
5277
9474
6440
5198
4576
1946
2694
2128
9952
9294
8935
7511
595
1953
9324
5200
6250
7115
7461
4260
7041
7124
661
9528
6175
2287
2348
8461
2579
7842
8906
7857
7316
5346
3056
1893
7293
5750
4021
7245
5045
2957
4756
5640
4911
4080
840
1162
1195
8302
5422
8237
5426
6083
7766
1601
8371
114
63
951
7956
8969
8808
5273
4316
1864
7166
1609
7615
1188
8854
2660
4146
3610
8300
9058
7691
9141
220
8887
7443
5643
7124
2869
1727
4890
4471
98
5005
4534
1050
2961
3504
9858
8235
7820
1723
5402
9429
9339
6591
8284
2000
737
1894
301
9795
9586
9442
16
8474
6886
5659
5598
9755
7386
489
4226
7485
5494
8761
8535
8456
2265
8394
6692
85
118
2094
9515
9457
8685
7799
1457
9423
9694
1758
9218
9280
1201
9235
7754
8087
4894
3353
7843
2280
3842
2070
9765
9337
831
8301
7794
3097
6695
4486
3182
6813
6580
2698
6270
5266
497
7728
4689
191
9487
3908
9472
689
3143
7227
8776
8037
581
6620
318
4424
8690
84
3761
9522
8385
1555
2619
5080
6041
5802
1894
2622
8501
8165
7889
8998
5893
2578
9190
5381
6486
8663
6070
9630
5890
4847
7668
6471
1468
7986
895
159
8071
4657
9681
6456
6213
2301
1537
2255
8104
3431
4877
6605
1597
2766
5604
7491
5345
4794
2872
1832
3457
8943
1462
9348
3791
9130
5820
5259
7117
6716
5419
5188
1373
5100
1645
7586
7402
3183
9841
5506
6615
4719
2112
8212
7486
7716
5703
2831
2510
8575
4663
5968
7519
6126
5317
1311
5257
1137
6571
2375
7853
1990
7564
9227
7090
9209
6813
4493
2392
6655
9999
9007
1374
2111
7220
8861
9827
2923
1692
2338
1499
6356
8307
9018
2483
3624
330
7740
4762
6901
115
2616
8891
7679
1843
5981
6889
8657
475
9282
5313
474
8290
6688
2586
5510
5549
2414
8434
7242
4753
9933
3598
3060
8952
6082
6685
9282
3823
1447
6183
3938
4064
5074
1618
5908
1056
8508
4565
1531
7790
9879
2005
6081
6567
4592
1592
2116
7006
26
9358
1759
9959
2957
4820
8911
9039
1505
8193
2862
2953
4376
6801
7018
9451
8420
2926
507
6928
7492
2038
4719
7371
4044
800
3938
8637
2392
6054
5643
2418
5413
7403
2378
8370
2223
1289
7409
3729
9483
272
6682
3860
7073
3700
3311
5494
6627
3819
2422
4119
5857
7142
1490
9902
7943
5428
8539
336
1483
4183
2754
6896
1586
5133
5267
3810
6423
2676
7539
5906
2949
4222
9766
23
7923
3078
5517
4551
6897
7940
8670
2755
5082
161
2658
3025
5589
1198
3361
7073
5381
6116
3970
6968
1249
9237
779
7672
1914
8319
3579
4863
2542
3346
4886
465
6424
403
5017
3322
8344
3687
6078
3426
3848
8737
6452
9438
9935
9813
6512
5316
5930
482
2285
7180
9719
3064
4853
1633
1383
8432
6496
3925
1778
1383
4391
8203
1787
9408
1526
131
3096
7605
3557
6944
6342
10
6383
6277
9823
2895
1594
5754
3378
3879
2934
3097
6943
7787
4731
8327
6220
1228
2252
7999
2611
6644
6202
4399
6052
7729
4530
9149
5334
8088
6094
1677
8098
2477
7954
7922
5373
9549
3676
8751
3428
6611
1849
372
4398
6580
8699
619
7808
952
8618
420
7596
4821
4819
3649
2550
9350
2798
7885
7438
8892
9562
5537
1370
7517
3459
6743
7066
7136
5495
495
3747
7345
867
8146
3925
9567
8765
1734
519
7383
2155
8116
2204
6975
1765
4755
6325
4563
2640
3764
3456
2203
9301
4826
9720
2761
1569
6787
9897
7065
7282
3645
4410
8150
1792
8336
7717
557
71
8236
7941
2226
6352
146
9202
8118
4901
5527
2682
7542
9291
6138
9745
8592
964
9466
1354
2534
6254
1252
9599
3537
4897
4010
1687
6690
2346
9404
7248
2418
7641
5189
4645
3994
5335
3847
2112
237
9374
4794
7779
8665
933
7525
7258
1897
6992
8613
4431
3246
9865
4031
6783
4763
8041
8471
1453
388
7875
8701
2806
5517
3891
7451
9511
9226
1298
1624
9464
672
6418
7244
9338
7351
4770
6597
9249
1762
5210
3680
5009
5076
7712
1793
9839
5753
264
1292
6141
8140
9994
8948
3657
3885
6399
3168
3112
7698
4792
2576
8371
1211
9821
7709
8563
4591
4307
7812
6354
9518
1493
1363
4594
9205
3157
4433
4959
3421
5726
1101
1561
5720
49
5219
9605
6448
8387
2717
4147
3180
5294
2518
4391
5115
228
2954
9707
4535
767
6061
4054
2261
7424
8648
1466
582
3082
6425
4003
8808
7527
5565
4529
7576
784
4135
4025
9172
6853
8172
2352
2147
690
6743
7263
918
9698
6970
5454
466
3031
9508
2727
456
8157
4193
1038
1239
619
5042
48
8146
608
4578
5723
1392
8713
9748
564
5566
7920
2916
7714
8611
9660
4978
9529
9359
1949
4984
9825
4980
4492
2553
5437
2649
6747
6476
3889
7367
1518
3937
5513
2126
8515
1237
3519
7228
985
4084
2795
8906
7000
510
7517
6661
5488
7047
6021
7437
2031
5846
2418
6524
8400
7856
9174
5147
4332
3063
2514
5851
7000
8028
7978
5516
9265
1498
2745
251
5582
5540
9157
2583
6051
6675
9245
1539
3723
5266
8977
5755
1113
1395
2279
9513
9252
1453
4660
3584
4517
7174
9436
1517
5202
7415
7034
4467
8913
9779
4718
4496
5319
3876
7079
1371
551
6324
2910
4275
1590
1887
30
2703
3283
2310
2216
2535
3763
6877
6120
8281
4051
5557
9798
9254
2973
6832
3721
1886
6612
8440
6383
1932
2317
3462
3303
2869
9787
6213
7144
1378
8101
7174
4081
1385
9484
6298
3921
3248
3175
42
1529
7227
5600
1328
6481
8573
8161
203
460
4773
8644
6843
6705
961
305
8
3830
93
6222
974
1471
4324
8148
5553
5710
7633
1851
9632
881
5027
9674
2411
2255
5274
3739
8736
3848
1900
8940
4308
6674
7584
1152
3379
8545
1458
3388
2376
1551
9611
3350
3022
3936
1499
8575
9646
9132
427
9278
14
5455
8953
2425
7710
4228
6165
6447
8076
8066
5388
2384
4740
2972
3537
8119
1518
4995
1508
3894
6546
1120
7245
9568
5056
8744
8144
4702
7877
8571
3981
7892
4026
2934
318
1737
7162
6483
8185
5238
4549
3573
7623
9289
6546
1160
7409
8064
6155
8918
1958
2702
38
9203
2270
5094
7948
414
9797
5825
8986
3778
3718
3013
6712
4036
4751
3875
519
2936
9114
5068
6510
6737
4358
3056
7898
1767
1120
4054
685
3079
6756
723
2283
9027
5818
232
9441
5615
6058
8428
9393
9776
1441
6106
3812
6192
9982
4331
9129
9096
9400
5639
5834
3758
8695
3732
5526
9816
7787
6212
2896
4543
6936
5179
3570
2754
5412
3012
8370
1470
1441
7764
1246
2882
3870
5058
9075
3853
9390
8205
2949
8790
3844
8783
2548
2540
2516
8075
2356
303
4287
5253
4847
1223
432
8418
3977
5845
1430
2347
7315
2872
111
8561
5755
3982
3619
4830
7835
3009
3035
785
1800
6880
9568
4349
9420
2084
2424
1777
2388
6711
7030
7235
7935
7463
5653
1913
3308
7084
4261
623
9956
4373
9185
5711
8355
2805
542
6191
5815
3578
6976
7615
458
6545
1964
9879
8629
4389
1657
1018
1101
8687
8253
9036
6151
3907
949
9460
991
5210
83
948
9583
9269
6660
7939
2074
7202
4131
7889
781
1108
5504
1239
7653
7469
1119
6283
1858
2776
7301
2959
1464
5555
1996
7615
9462
2945
7075
454
8156
7159
1402
7740
6428
8062
5680
8502
5265
9811
6391
6046
919
1896
7286
8573
9365
8405
4856
1223
1182
2158
4183
2646
7713
6179
261
7175
9125
7337
7629
7282
4496
9032
5022
924
7095
702
9426
2361
514
5818
8407
1434
7714
5694
7
7079
4099
4864
8303
5282
7023
2486
7928
4736
8666
8189
1912
7791
5526
9542
5073
23
8574
96
947
5670
799
374
8031
1313
6192
6439
2748
3907
2133
2756
987
6233
7621
9290
1515
4644
1777
9443
9380
444
7633
1292
8235
3160
835
3309
3183
9409
3406
4131
5080
4205
4505
3111
5519
698
9550
8267
4605
1683
1023
5593
7917
8644
4883
9432
3289
6661
8875
2669
7105
6509
3962
5341
9669
4797
8651
2853
4207
2057
6984
9287
6262
1489
2399
1782
2188
1949
49
6794
3633
1073
2387
1550
9718
7271
983
3007
3932
9859
5677
1037
6368
9640
6379
6038
4438
5030
8891
8645
7087
5875
7933
3350
7365
333
5132
9554
2283
5181
6348
5916
6255
8736
7467
5973
6007
8450
8981
9940
8309
4659
978
4678
4299
7357
716
8737
2387
9608
7383
9475
5483
5317
2825
2849
5650
7957
2404
7933
3139
8752
3850
9395
7489
1318
5369
3497
9769
4350
3437
8079
9009
4415
2757
3309
1773
3474
2046
4160
3082
9430
3636
8566
4747
6461
1416
398
4419
3820
8332
7559
2573
2182
6954
62
3501
2323
3559
3270
6674
6997
1349
5684
1413
4107
8993
3186
7581
1040
7347
664
470
983
9230
5217
7445
646
5615
1864
4467
3947
9424
7040
6130
6378
7102
9632
8702
662
2902
5376
7659
4252
1060
9073
8360
54
2259
5942
1094
9606
6606
1565
590
5837
6782
8035
6484
2398
9900
951
6346
9324
7991
2477
5703
5094
2109
4405
5757
5012
9782
3417
9265
843
2490
7626
897
4749
3568
1992
4356
175
3557
4946
6013
340
2982
2497
2739
2883
3449
9085
2207
1440
1563
7911
6535
3673
2317
2292
8686
2099
5709
7951
2942
8199
5578
3840
2949
9147
5832
7305
9322
9390
2252
5335
9730
5234
7833
2470
8117
1282
1556
325
2723
3119
8237
9259
6793
554
1551
5479
2653
7261
3431
5596
5461
9009
9437
8410
8156
5270
5716
7479
4660
7968
2814
4391
3203
648
6861
1320
1931
8417
1646
4654
1536
9884
3913
8330
438
5465
3809
3092
2727
7240
8689
8188
6250
8126
6599
4406
3396
2315
1885
8056
283
4700
2447
3486
5349
9309
4807
7280
7726
6454
1934
9263
6338
5848
7593
6777
1314
1402
9869
4041
8643
8558
2229
4893
6684
8828
9300
80
1143
1186
8137
1427
5886
585
4914
1236
9894
9722
8516
7621
6176
451
6884
2515
6300
4478
9292
7614
5881
9161
1655
4525
7720
3885
9418
4404
2713
8719
4485
3857
9905
2623
5285
5792
3208
199
7028
3103
9921
5544
724
6098
5996
7609
8613
2296
2088
7905
9910
7969
7067
1566
2494
4787
5451
1913
9192
8165
632
3678
2023
537
6301
7308
6329
9509
7508
3358
2613
7429
8903
3337
3527
4899
947
2141
7196
3035
46
7107
1005
7114
8673
3500
1901
4125
5413
1094
2291
6045
4772
4314
6583
1073
1623
2913
583
9131
6271
3197
6561
5174
6535
88
74
7482
2230
7270
518
2276
4377
1524
9390
3051
5024
1292
7177
437
2386
9468
6483
7159
3783
3066
8233
5406
5980
8817
4538
2252
2014
1099
7426
8549
1188
7501
6032
3418
4772
6551
5694
9149
8075
5085
2201
3099
6378
9378
3537
8765
8846
20
5924
2629
3087
4158
8036
9067
2975
2574
1319
4990
3673
8746
3540
4861
6248
9572
8280
1020
6124
3975
170
4199
9060
2371
7299
5439
1749
836
4204
596
856
129
3226
3944
4287
1262
3011
7262
3836
4331
2253
7510
3078
5793
2372
9326
5366
652
346
1490
4627
516
5690
3688
2887
2989
9127
4637
3825
3332
5233
4682
3461
8459
8626
7748
9722
1638
5011
3559
5969
7264
1069
9047
3058
3442
8374
8424
4094
8720
9915
8722
9237
5605
2411
2125
8595
1538
6762
2421
4871
1996
7103
8332
456
5730
6080
178
7368
1092
3737
3338
8356
4807
2386
1414
8249
760
9839
2344
9481
9754
1066
8718
5360
3477
843
3955
5016
7606
6376
9887
9602
3479
8220
58
9210
4300
236
6578
5392
3974
9916
3749
8781
2303
5164
7030
3063
5003
9374
2544
4758
441
1263
118
3919
2106
4073
8936
9713
449
8824
9315
3929
7044
9373
3139
1344
9610
9718
6737
3585
9635
487
2366
1938
5651
9397
5001
655
8772
7546
5414
9214
8810
5532
3133
916
9606
2069
630
55
893
9945
3985
7937
9319
7125
9282
8930
6843
6020
2515
6478
6507
4881
8416
2159
4279
3418
2815
3051
965
8229
2265
9775
3762
5399
692
3368
7469
1322
3424
8363
1267
7409
6301
587
4534
5583
9517
1378
1604
2032
7857
8112
6914
6273
272
1193
9692
3087
4245
658
1317
6511
433
5080
1910
1125
8448
9380
2448
1872
7743
3716
9282
4044
4303
3817
9628
3820
5195
1232
5853
3052
9344
2767
9326
9616
3961
9019
2704
8206
9677
4022
4718
110
9102
6629
1236
7550
6009
3685
9423
3752
7401
8705
7796
1704
2522
7425
5525
7717
8657
1378
770
8001
4145
96
7618
8107
9115
323
6314
8792
4345
1032
8903
3447
7661
140
998
3670
3825
421
7423
1226
9126
5220
2931
1648
2645
8456
9366
1302
9834
136
9304
3980
233
6923
2087
9348
7246
8402
8141
1591
9434
7044
5039
7095
7185
6037
766
1010
6459
8190
2236
5586
3410
5167
7235
6055
3624
6601
7358
3458
6738
6663
7439
6971
3586
9527
6320
832
7929
4461
2424
7363
1506
7464
4459
8691
3502
5226
9702
9961
3416
1938
5547
6826
7106
2782
2882
730
9384
240
4189
6123
6903
1629
3094
490
1156
9415
1323
9086
3876
3748
6450
5383
1212
910
4075
4715
6136
3777
4677
9552
5715
225
6379
2822
3008
9261
3553
2392
9502
7743
8515
6406
9372
1610
6896
529
1025
8219
9615
4902
1967
6066
285
3180
6976
4360
7895
3112
8138
2572
2665
3854
2798
9044
6676
5806
8306
230
8198
7809
7973
6714
4215
7345
8324
1112
7874
9350
9332
7490
4252
1300
3556
4538
4480
532
8899
2376
3645
7037
4949
6310
891
7747
5355
7568
3553
3662
7798
1752
1471
5771
8466
5687
3117
6791
6800
991
6142
6132
8482
394
7433
2038
4933
1913
2571
3832
4290
6216
869
9239
2527
1761
6987
7882
9329
540
1544
7128
2293
3016
2900
760
8704
6017
7551
5504
7009
3694
1637
5491
4089
9070
7530
9022
984
101
2854
5274
6317
3724
4514
8844
5485
1501
6727
4815
2042
8272
1943
4335
1289
4843
5095
9993
861
2647
5498
7870
6341
7136
3361
430
6206
891
9452
7191
992
2307
2465
7310
6031
6980
6155
1517
8482
2883
6332
524
1155
8276
4860
2445
3120
9955
2438
3981
2603
7937
1851
8945
5073
5213
9376
1280
6104
8828
8471
7097
1136
937
4408
7168
7918
564
8685
6400
3447
5018
6924
4602
3294
1784
7047
6414
1740
9486
396
4344
7424
2248
3289
2498
7461
2665
3778
3566
1494
2250
664
2630
3187
5072
9798
1105
5636
8484
7506
9084
3502
4430
3687
6796
6215
735
3211
7956
221
3608
2300
7646
5856
5589
144
3317
8255
3922
6884
9749
6173
7548
2379
9361
2621
2178
467
8258
662
7973
7342
4164
2403
1030
961
8619
1765
4172
6576
1987
7780
8876
9633
3637
4466
9777
6955
2721
3700
3839
2471
9873
1388
4850
9235
4010
7029
9702
2268
7692
7675
9611
1857
79
642
2818
8698
2407
6991
5275
4394
4772
4152
4027
8409
8618
3805
5364
1340
7506
9203
3811
7380
592
8662
6615
4602
5692
6317
6871
3384
3992
6483
5241
4071
7125
8059
2770
9532
5051
8045
3926
9823
2197
7954
8232
816
1760
3596
2157
9266
2800
5968
6647
3392
4631
3262
7994
323
9580
4865
3708
3572
1348
8949
7644
8473
7009
415
8006
2060
8461
1933
1883
659
9887
115
1475
1648
3712
3633
914
6512
9601
7562
9904
4233
824
7899
4556
404
2764
8264
3977
4113
7214
1622
2587
4223
2037
593
6284
498
2526
8167
1157
2414
8283
2633
4063
1995
6266
4978
8507
5868
2540
8412
102
3364
6311
4658
3769
9076
2923
7747
3189
138
9369
5777
4362
1407
6371
646
1906
8898
8813
3063
1312
7096
5697
5375
9092
1964
353
7599
7833
2894
6011
7935
6259
2323
2594
28
1399
5518
7776
4588
5656
7146
365
18
8554
6736
664
460
5634
9478
3524
6947
6575
9221
2323
5667
1186
2677
3267
9019
5571
9279
6954
1830
1602
9548
1859
3001
5066
9636
7590
722
6782
7955
741
5336
4692
1406
5797
327
884
9321
7275
7460
8543
9599
3127
9729
2276
6395
8748
7848
5674
5702
9678
7276
5251
1538
277
317
1174
7867
1040
7957
5823
1782
3294
516
3188
9091
844
4073
8412
8120
1533
6955
7719
4661
6684
9996
1056
5433
7844
6730
1136
7523
4007
6387
9061
4285
6705
236
2153
7745
8193
7976
9527
1487
8493
2716
579
9338
6789
8991
7458
8322
5947
5177
2983
2632
5173
4040
8065
3018
771
9201
541
4778
5589
9602
9064
2294
9838
1217
40
8032
9194
9568
9520
7687
2284
99
7026
9073
9090
4484
7396
5038
9662
380
7670
4836
4420
5735
7854
5192
4937
8395
9971
526
7998
9035
2821
7836
252
2861
5869
9446
2429
5389
7134
4714
5488
4160
3788
4579
8645
1185
9617
8307
1565
7287
3143
5986
3023
998
1179
7960
9393
1150
8486
7391
185
1307
5228
437
4169
1097
9884
6599
6487
7018
1314
1976
1179
5102
6555
9824
6288
6173
8132
7853
3461
1275
3840
6484
2273
5019
4445
1667
6169
2932
9059
6354
4240
4287
6792
8409
5385
6676
5009
1873
3694
6323
3849
4873
1426
405
4698
7714
6579
2830
5568
40
4106
9408
6525
6380
4428
970
8047
597
3903
7106
6952
8143
1394
3744
6553
6780
421
1562
8653
4115
7885
2502
8989
9312
2908
3688
7026
9487
6518
2594
9527
625
2003
6053
7005
6431
7023
5053
7029
926
2160
3981
9070
3554
7726
5623
334
8147
7185
8988
2263
5071
1490
1253
4383
4399
4941
1410
3886
1460
4004
3414
2086
6007
9467
9091
2438
6490
4145
9467
7417
6305
3449
6487
9860
1175
2111
194
9323
9297
9183
1587
4368
674
2840
8752
5073
7782
162
8959
9243
4167
2373
1329
175
1840
420
2614
8331
4565
2082
5749
871
5531
2237
731
6707
4348
926
6030
3645
109
7617
8014
783
458
6767
5857
8240
6929
4816
7484
1097
7190
8813
1272
9031
9234
3886
7363
3800
5968
3112
4671
1500
5350
5402
8207
9699
6329
4238
3344
6438
1856
1359
7222
2315
8126
3079
556
5056
7896
8040
6153
5086
6853
7426
4117
6087
1312
1481
9888
7281
4593
4559
8781
9944
9962
6989
9643
6291
1228
2988
2730
3084
4347
9952
5400
2474
3032
5956
7530
928
3996
3684
6014
850
1110
132
6938
2423
1613
6826
9704
6207
1385
8486
6151
1348
5476
5795
7640
6704
8783
370
9789
3131
323
5189
5605
3356
1145
3136
4284
5142
6820
299
5992
7930
432
2930
354
2045
9756
59
8253
1142
8545
4405
2491
4021
200
131
725
8983
502
515
2114
826
5704
7720
4182
6850
856
8467
1992
7676
8766
7985
5607
9199
916
5961
1244
672
6021
9498
1815
4566
3903
4307
8588
4103
4438
9314
3087
4941
9829
5202
5768
5534
2922
9951
2384
3779
8418
4377
1455
7185
2363
7063
6384
3279
3025
7629
3951
9046
7127
5767
3612
1031
74
2201
5135
4513
1515
8223
9455
1345
3425
5223
6879
6348
5174
9264
127
3593
3641
1583
779
6004
8646
7163
9283
1671
4793
3235
718
1921
9003
4330
2952
9077
6532
8088
3591
8047
6311
3046
9393
9737
8269
6272
6085
3444
5536
6213
7038
9178
7796
7817
5183
6443
4981
4467
8115
9774
7702
8833
1695
6706
3164
4648
5783
9696
2736
9375
7744
9048
2421
7137
8785
690
3410
4871
4135
8946
1085
1173
8124
8881
8990
3308
5325
3971
7775
3440
3746
5478
2273
5441
2184
5437
90
7968
5134
2827
7343
2878
1875
9764
16
661
455
3426
5532
4590
2372
6617
5764
497
5499
4755
3806
824
8727
1581
4265
2473
7059
6538
7915
9243
1976
8006
7212
7110
833
4555
9989
2708
4320
5
3369
4775
3432
8902
9366
5805
5520
5130
6303
1019
9886
109
1844
8613
1690
6109
1087
8750
2648
9003
7993
4625
7009
5206
1736
7842
9761
1725
551
4081
1731
3921
8857
5163
2823
8223
968
8344
3354
7271
9364
3240
7380
1209
1854
9071
7318
2942
7821
9967
1945
5815
4592
8955
1021
6328
6797
783
8054
7348
4864
9785
1270
3722
4949
4094
1945
5918
2438
5300
3190
1802
8541
570
3012
395
9642
330
3338
7463
298
5284
3279
4891
4239
4300
1219
1036
5083
9274
8385
9948
9060
9655
3671
4009
3749
5616
9927
6188
916
3117
7991
9458
3688
1003
9854
3330
1334
3192
794
1632
8476
4073
6523
2715
8374
7743
3752
3457
7018
2137
3406
6078
1793
7077
87
5543
2694
15
1731
3611
3133
9722
3069
6822
725
2923
152
2060
6115
947
3692
4592
5021
216
7307
3395
7960
1059
6853
4978
3197
260
1057
4990
7337
1145
533
32
1160
2265
3643
4294
1987
6713
1116
2713
9636
1269
4773
5752
2216
8466
345
7237
8683
7653
633
6644
8712
7486
1622
1910
7746
2680
6901
5084
3825
7435
5116
4985
9700
8760
9279
1688
5474
396
4402
5111
1665
9175
863
3882
7642
1209
1119
6325
8862
1753
2969
7575
9239
4592
9485
6985
7273
6386
2069
1098
3821
7186
6084
3522
5947
5364
5210
1421
5760
9612
6532
7425
8788
7396
1307
6431
8605
2427
2757
7467
4180
5727
5042
3420
319
4527
405
7592
914
2475
8691
4735
9662
4775
8257
5609
139
3468
7030
5899
3080
3562
3325
1869
958
4633
8300
9563
7061
1057
7030
1241
6784
2073
4662
7104
6600
5067
4697
7515
7543
3388
2251
7205
8164
508
2814
8303
3977
9844
4203
7058
3407
7529
8927
4365
2162
7228
3929
9223
8285
960
465
5070
3033
5128
2175
9634
195
6872
7149
7738
261
9400
4944
8425
9909
7758
6729
3886
7603
933
945
1010
8462
9872
5376
625
7101
9305
9849
5387
265
315
457
3299
5443
2633
2933
5639
9505
83
3378
9767
9483
8322
8193
9393
6080
4922
3280
3684
5856
4225
4694
4318
4098
70
4944
1199
9375
4793
6586
9641
5108
7044
2940
552
9677
5874
6191
9183
5957
9569
8951
5441
7891
7144
4834
3972
2067
8114
7656
7923
2340
2350
2241
6438
2421
7186
7638
1797
1979
4225
1438
7088
1270
4379
7640
948
253
3832
132
6211
3401
9083
1652
1293
6227
6487
5265
8294
4602
2922
6218
6942
5273
8460
3381
7694
5646
1019
9491
7625
5245
930
4714
6516
5310
2354
7464
5564
6187
7596
1775
9588
6679
3427
882
2907
9915
6147
1202
4517
9070
7420
1459
4343
5880
4840
2038
1526
5860
1530
9152
1106
2461
3866
7622
7771
6221
5087
3335
2408
2683
5110
1997
9363
8538
2879
2271
8453
9026
3473
2970
8097
893
4430
2440
6774
9271
4479
8300
5131
6009
7453
6238
8470
1319
3860
6242
7540
8948
9577
9949
1631
4688
1946
995
3226
4825
3266
1680
3852
6739
4651
1949
7633
9081
4390
4407
8352
8870
2708
3484
4879
161
9722
3350
1480
3583
9593
9021
2531
9170
8971
4163
3858
917
5158
7085
5743
8425
8765
9595
5164
3417
1545
2798
2498
5936
7206
850
4806
9914
4335
9686
76
4058
3037
1557
7642
2630
579
173
1800
9550
4337
5659
468
9496
2745
6211
7921
1511
5807
3086
4928
7352
5884
7426
3289
3091
8277
8095
3005
2613
7782
3082
6671
819
4639
4313
3450
5218
4487
5251
4768
8824
910
5237
8321
3656
1448
6242
5167
7255
9328
95
4608
5213
7522
7897
8304
5800
5993
1310
8413
3775
4392
5084
4595
9032
9398
8046
4250
3885
3297
9019
2710
4208
4256
1031
7864
5705
7274
3031
2960
6602
3127
7568
1816
650
5466
121
6450
1459
1431
4863
5235
5824
9948
9831
4856
9346
7877
9107
3232
1174
8126
5943
5383
2383
6974
3247
8088
4249
6279
1049
852
9406
8617
2668
57
4084
2789
6507
5544
4221
1371
779
46
1319
611
4902
666
8488
4009
3898
9663
2136
9841
5046
4520
6816
8293
2608
1065
4573
3657
1917
3980
2275
4586
4037
6359
7376
544
1904
1597
1915
2683
1644
3235
3295
6546
3901
1783
556
7800
1447
2693
7641
6493
7213
4458
4787
9822
5524
9361
3479
7442
3341
5755
2028
7378
2114
9404
7923
4018
1002
9839
6702
2646
3074
9997
9193
6976
1781
9750
4776
3228
2444
2418
9722
9657
6876
4510
9479
2401
3871
2959
9843
7212
8714
1872
4591
829
1276
2515
4848
2279
2354
1551
4926
5429
1549
4120
2405
3331
3870
7181
6560
6314
9599
6282
5972
6476
793
5452
8877
4664
8411
8721
1877
7126
593
6469
7955
1870
8984
2804
4150
1339
4355
9076
6768
5905
3196
9173
9236
7067
6355
5796
3382
5954
2079
9354
2431
2872
4806
1308
7536
3218
30
9414
344
623
5883
8300
2493
4867
1104
6643
6206
5460
5720
2974
1365
8917
2148
602
5984
8503
6399
9366
4458
8478
8721
6889
1350
3527
8198
8887
6745
8228
8302
7089
8851
4185
5390
1345
9053
6494
7989
5259
1955
3709
8234
3321
2626
383
3923
8611
8886
322
7978
3345
8800
6699
234
151
226
8432
9039
6972
6660
7341
4062
5512
1527
9452
6857
580
5947
4846
5840
7902
8556
4075
1223
1183
4458
5147
9795
3345
5469
7773
6691
4270
4472
6925
4422
4699
5357
3462
1672
2018
804
5734
7530
2331
5187
4387
2912
1134
9234
8753
9037
7791
2828
261
8974
7287
5408
8769
633
878
6543
7324
5148
1015
4249
9571
5715
9607
3033
7387
1625
3837
3122
9155
6169
8309
3543
9082
9444
2778
7835
8481
569
663
8742
9544
7951
4150
8314
8584
5028
4857
5909
177
5873
159
9748
1588
9766
2782
8976
1392
6620
2098
548
2790
407
4092
1872
9851
6870
9707
8333
7440
370
7075
6985
8322
1226
5299
6907
6255
157
2816
6433
6031
2975
6182
7619
2742
8964
6595
4135
5585
8694
4684
8375
9101
8776
247
8953
5647
9954
7286
3087
325
4362
72
8648
5589
5372
5555
1844
5530
8371
8277
1561
1347
4459
9181
4090
3424
5777
8226
9009
4471
2910
7385
3573
1686
7633
2526
7333
7588
9813
420
7913
4175
493
6562
9764
5866
2117
1609
1396
489
9887
2958
1837
4347
2140
5927
7772
7917
4153
6782
2389
7063
4167
5962
8750
1800
8488
6083
9388
8301
6504
7302
2477
6998
3864
2242
2864
5982
3851
4261
6471
3738
7220
8308
8086
9360
4236
5858
7278
8390
2640
9667
5454
6807
5630
4204
8608
4118
287
7996
2420
6792
5299
4898
3790
9163
7140
6655
5145
991
917
1617
4730
8138
9926
2816
7498
4162
8674
4777
2552
1315
4444
8006
8122
74
2210
6731
4193
2498
4727
6614
9291
27
1512
3082
9191
8652
9737
4337
9644
655
5954
4375
8793
5880
7192
6292
42
5866
1069
2595
7182
5514
602
5305
5589
2813
2036
9783
5311
6764
6397
4603
6791
7910
7685
5982
6563
7423
319
6208
8078
6274
583
6872
2154
7775
3165
2197
3642
4235
4793
824
9749
5395
6129
5339
8208
8166
5122
3520
4930
1520
8123
1722
9431
5809
7705
5994
3232
8024
2202
1310
4299
2785
8183
6454
561
1348
8651
4203
5584
3445
5027
5333
8841
1157
673
7049
9323
5796
570
4254
7316
8694
5976
6747
4503
3681
2742
7735
1706
4944
9046
6005
7730
7229
2459
8291
8578
1111
2494
4162
4556
7522
9496
3398
8680
170
448
8003
5966
1018
2257
3283
9713
8234
31
4216
1916
2773
1952
3622
7718
999
9628
5448
8229
2087
3740
6808
3199
6234
970
7756
3757
467
1154
2437
637
1602
441
6604
2621
2699
9887
2334
933
9918
6551
2849
2692
8504
6471
410
9503
6100
5859
7732
8187
9599
4540
1387
5833
5511
9143
9591
5979
297
2028
6616
1900
2469
3221
4521
5168
3108
6855
6102
3027
3407
8951
5719
1911
5423
6130
1415
1523
1989
9148
9711
1588
3689
1098
7422
9200
241
7013
5180
539
9042
1797
2439
1511
5018
6960
6680
8127
3816
2782
1154
7224
1733
6874
9135
7157
3004
551
8681
4993
9699
8392
6582
3388
9490
4004
2589
9732
1018
7769
271
60
9567
2711
1572
4585
9672
8252
2712
3488
1034
3866
712
2768
741
9848
9925
3745
400
8606
8739
99
6999
5321
3488
6489
9326
6078
6222
344
3848
6493
405
3415
9204
1977
8000
8876
229
713
2365
1264
4580
3078
4032
5321
2927
3958
9066
3327
2564
7806
3427
9564
3128
6915
6053
2454
2993
2275
2799
6841
8769
3204
256
7974
5181
8257
6851
5411
8970
9217
6675
3551
2295
707
8872
5223
4666
7939
8550
7231
5745
1977
6795
8873
8893
2849
1328
1886
5124
4127
8728
3894
7332
8985
1869
2513
7243
8721
7924
6214
7938
4600
9765
234
5308
8637
5457
9974
6576
4008
7205
2322
5986
4000
1196
4879
6849
2524
6765
1974
6652
5494
5869
3984
4479
7738
6497
1722
6459
4422
7936
4397
9023
7702
4632
4331
6339
89
4305
2916
4098
1510
5238
84
5511
6434
4963
2360
8958
1729
4334
5611
7223
203
9595
1703
7942
6093
3426
4401
515
1363
8799
9539
9065
3431
3870
5404
3521
8175
8320
7619
9686
3559
7704
5197
9993
2667
7557
8952
4396
1892
4563
1620
2096
4158
3324
38
251
6750
4440
767
8114
3240
306
7179
6671
4177
2584
193
2352
905
7813
2039
4464
5517
7236
4458
8185
4794
3411
2582
6687
7974
4203
8784
2133
7527
8822
2385
4277
3263
3153
2392
6503
3460
9571
3175
7637
2156
3368
9990
3061
1182
2029
7526
6700
9266
1984
4885
4061
5395
7468
749
3370
1671
9533
5504
9198
8355
7889
3476
1618
1042
5868
8121
4502
5440
1296
2139
7596
4665
2129
657
5848
4159
8184
2548
3425
168
7434
7487
5564
4902
8236
8935
6573
7769
4439
5771
6125
2328
9248
7743
3371
5116
5865
7874
556
7162
14
8152
1828
2143
8810
7676
6303
6994
225
9729
7163
7659
7216
2728
2561
5452
1663
9135
3222
6102
4907
9347
8431
4155
7090
1802
9271
2956
9676
9827
119
9690
7980
1947
1834
6791
9624
8137
3785
9849
7867
949
7508
5083
3677
70
536
5341
9206
3758
1443
4113
3105
9874
8268
196
1677
7539
3152
1353
7367
3271
1044
5348
5219
2879
2139
4843
1017
5924
4693
8884
6874
2202
3967
551
2272
4503
5893
1479
8262
7336
5592
1367
7211
3860
1563
8888
1399
4716
242
8767
7987
1287
4115
3207
4166
6254
8051
5183
2179
2744
4068
9053
4946
8035
9605
7219
2539
5498
8698
801
2835
4290
2169
46
8150
3732
8935
9550
8448
9178
8318
6436
465
2433
9644
4632
8688
7695
9815
867
439
3884
9921
5386
1919
9527
2605
4459
5025
1303
5261
7861
5594
7430
7907
3745
1163
6843
3295
9612
6021
1613
6049
6486
4047
5693
1118
2735
3389
934
3603
3828
4818
3524
9214
6738
3052
1820
1198
8077
3124
6459
5938
8718
3890
3846
2463
5054
689
5759
4666
6711
7373
716
3197
1420
6409
4316
4156
9799
5250
7760
3628
69
1285
2842
6807
4337
4663
8006
2415
7787
4465
8354
6506
8356
2200
8969
3410
2890
4729
8077
9601
2102
8793
2799
3523
5203
7115
7679
5002
2366
5439
8630
2436
6724
1473
9243
1062
6137
7249
3477
3924
1715
1831
430
72
4031
9400
3482
6922
4129
1560
6524
6231
353
9323
9754
5557
6439
7434
559
8806
2874
9190
1242
9599
664
486
661
6801
7736
4138
726
9451
5969
1156
9524
1
557
3006
6924
4687
4566
3448
918
4920
2772
673
477
9212
8108
1037
8018
983
228
9260
582
892
9746
1243
7694
7483
5382
8420
6935
1352
9577
6459
1354
134
9465
8278
4821
4032
1727
5740
8952
4499
6414
9430
3711
4523
467
1729
5506
695
990
6088
1588
737
7332
9282
8220
2715
7702
5155
4067
7280
1614
5421
7414
1080
3699
2236
5112
5427
7977
4065
9926
4392
3495
3638
8915
3963
5368
4422
4658
6359
510
6247
7096
7843
5529
5316
558
3232
472
4625
512
2087
47
7927
3167
3747
164
8280
9174
8142
2345
9101
2534
5841
2739
1450
9804
8108
5872
4463
4467
6383
710
1563
4226
6240
6880
4785
9473
7353
9411
9986
9440
9458
7913
2608
3205
8078
888
2380
6220
3234
1481
8754
9075
4221
205
8879
2329
6077
3343
6796
2460
4053
8360
6687
294
5240
1472
9767
2593
883
9754
2034
342
7668
4642
3548
5746
5530
5928
1967
8765
7410
722
7840
1631
927
6720
3960
7004
63
756
9464
4117
9116
6151
4412
4357
7624
4180
6951
8507
3934
8985
8850
1602
3627
2398
7348
9158
8327
9315
7923
5737
37
5764
7368
964
2484
1328
7969
2548
2085
7433
6666
1201
3585
1078
5558
1209
5258
2509
9717
9192
1495
8568
794
5123
966
8143
4282
9293
7458
2206
5031
7496
7970
2399
8461
455
3727
6430
3004
5812
3863
9670
7014
7449
748
2573
8659
6006
5083
8376
5199
6578
6944
5993
1702
7911
4137
5984
7205
1595
8190
2236
9092
6161
4636
7553
6617
8364
3983
9621
4177
7847
9291
1191
5296
39
3764
3955
6046
8848
2332
1246
5427
9277
7240
7129
7189
1377
3113
4394
2973
1304
6631
2065
7466
1267
9618
4083
9631
3601
3704
3808
1448
2995
4999
6745
3035
8764
701
9082
7613
3033
329
3040
2311
7569
169
9500
8946
3283
3894
1919
4588
526
3985
2054
1793
3603
6137
1424
7205
9842
5233
8654
2838
233
5399
5874
8998
6100
4956
6611
9134
5286
9651
1445
2855
9821
945
1802
3104
4840
3722
7692
5366
7707
9747
7159
1310
5885
8584
8516
5727
3817
7170
8565
4051
2569
4439
3049
8670
9396
9660
7804
4682
9312
9249
7538
9133
195
9340
2237
5035
3062
9930
401
770
9677
7561
2081
5563
6146
597
1290
9964
7767
9856
4015
337
4296
7064
9007
3693
6725
6812
8376
6037
6061
5914
5170
6257
5255
7408
1292
8318
7338
1694
9088
7016
9256
1169
2579
5402
1766
3870
5366
9534
3726
9382
9871
8023
6446
8879
1716
3172
5691
92
9209
1753
6007
4380
8010
1262
1788
9303
9580
9126
997
8669
6143
254
9838
8722
5657
1605
2593
1024
1140
6319
406
1011
4342
6853
9890
6059
25
5582
6151
9235
7335
2158
3615
5345
3421
5403
4649
3002
4530
5647
1671
673
5901
1510
9396
1558
3116
1989
2582
4256
8309
2988
5267
2652
9842
5158
8711
9867
740
4863
9102
8076
7022
2717
3421
443
8121
8071
3446
2651
3718
5117
3324
9619
6627
2721
1178
9743
4711
3760
4000
3020
6749
9268
5673
6592
4426
4385
6459
5167
9248
5562
3243
6271
8280
6665
6715
6401
4737
161
9053
8455
5278
2377
8074
1906
5099
9253
1650
9810
3014
5650
2831
9763
4918
8504
6356
9345
2889
2816
4513
2138
8378
7757
8410
6659
4423
5125
3061
9160
5287
2114
7615
565
4492
5690
2472
9591
4943
4122
9402
7958
9773
2233
7721
4692
738
4078
4037
3628
6894
8551
5767
5273
6308
4177
1932
731
9302
4994
9892
4589
7108
7508
5155
1600
3198
7628
1192
8142
1750
594
6100
1524
2828
3822
6216
3567
7900
254
7195
4794
8805
2962
67
5113
7139
2000
5845
6442
6994
5738
1031
4102
3246
6187
5703
6444
3815
6896
4587
5566
7490
688
7090
319
4510
3307
3886
2411
3561
1081
7206
2366
4044
7274
7480
1183
9274
3326
7625
6269
9064
8657
372
2310
4845
6075
8755
8660
2971
3342
4227
462
4031
1317
782
8541
4625
4668
953
8186
5750
8159
553
9794
5433
8033
978
4708
1360
8604
977
424
7262
1349
2735
2107
7425
1490
767
397
4833
4994
860
8864
6312
1642
7406
937
6311
8359
9124
2062
6519
9677
1857
1952
7711
2835
6661
9071
1440
7638
9496
8702
8988
2231
809
6413
3722
1577
6810
8555
6572
7671
7419
2885
9313
4825
3822
5625
3185
2947
7687
9704
2624
9544
1656
336
2380
8317
9408
3821
5956
8904
2523
4944
1136
3333
1357
4858
4911
8168
3413
1483
5839
833
4368
5153
5658
8191
779
8844
1138
8466
8548
3763
8011
205
4099
392
8523
3507
4213
4479
2412
6737
9423
3548
70
781
8407
4982
8950
1820
6465
4790
2654
834
9944
8313
9025
723
7157
164
9189
5705
3927
7201
5910
8027
7593
4433
1535
1807
8912
3947
8544
8336
7496
8615
9118
5903
3598
8069
7724
63
2859
378
898
2803
8692
9924
3526
5849
88
2716
1554
4016
9917
7465
2043
7511
1899
3579
9319
812
7526
7864
9148
5023
6480
8267
927
78
6336
8651
142
9196
9030
1040
1999
7722
964
5526
3572
1053
8242
5127
5070
8160
2592
7114
5672
4491
693
4991
5303
8220
2855
4452
3243
9335
2720
4170
9413
9056
2822
9555
8253
1853
596
253
9575
1560
5779
3148
2614
4022
8275
7684
2182
868
4798
7854
5359
5491
2846
663
3711
5701
5116
6955
5037
7836
1125
4450
6893
3948
4006
5146
5801
4603
5399
5376
6164
1178
8525
8778
5201
6800
6462
7383
7668
1261
5238
3028
6752
8084
3691
464
3786
8807
7420
8823
6643
8545
3274
3536
2493
7281
8683
8295
1884
4083
3672
8048
5261
2197
6827
463
8997
3290
7846
6666
4551
3085
9694
1304
1170
3385
1769
4957
2193
9189
3781
8837
7734
7056
2374
228
4337
1057
8524
6222
5140
2196
4271
402
4393
1098
865
3390
4388
8712
57
8939
1798
9751
244
2968
3137
2013
7926
5330
1202
1707
4167
8937
8763
6541
9166
3101
7599
7690
9323
2739
9886
3594
3142
4279
4693
4007
7670
9081
2720
7727
8021
4518
7479
8265
7487
616
279
5413
5946
1481
7121
114
418
5884
6655
9585
8985
4255
7275
8309
6994
7162
1903
136
1442
6597
4144
9112
5678
6865
6840
3700
1383
4320
1966
8871
4936
2245
4285
883
3727
1406
997
4146
7291
7653
3731
6277
1908
1007
4586
8903
8169
6489
9040
9611
3087
3185
8724
8766
50
5565
2466
1434
9885
4433
305
4822
6678
4591
5705
405
5998
6703
4552
3289
4357
8283
9566
6266
9290
4152
5169
7460
642
4209
7071
3730
7395
5796
2496
7445
1361
4962
8879
1247
9395
9185
6069
6074
3776
1775
6480
9775
8478
1032
3065
2835
9316
2631
9101
8606
6784
4271
6066
7427
8481
3138
1157
5876
8934
3653
3321
296
8616
2201
1543
8012
1386
7612
4087
5163
9387
568
4938
7866
1600
8003
702
916
635
9803
9523
7420
4075
5590
4847
2556
8728
6005
8433
7663
9659
1755
7959
8276
3956
9502
6289
5342
7115
376
505
6503
944
5443
4370
2545
3446
5072
3462
4082
4876
2985
1502
8951
8576
6349
1508
7305
2355
9941
4968
2015
1696
2928
292
5652
2431
6581
995
9547
6957
1500
6050
7902
6944
420
447
391
5493
3909
4473
369
6895
5975
9320
5472
2325
829
2777
4681
771
7746
6696
2468
674
6988
8121
3106
3569
9116
2653
527
617
8704
8430
7561
9124
8877
7953
4618
2787
2426
4987
9683
8401
4308
5156
727
5137
7933
5408
5908
5680
2104
8376
6355
9093
6497
9461
2663
5614
2114
3191
6231
818
1621
3793
9943
499
1746
4561
3287
4172
9548
2971
2574
3857
8127
3301
8994
6061
8710
4903
1741
815
3280
8096
9908
9778
7557
2572
5392
9672
5763
1624
490
7385
5417
434
7884
7163
4996
1172
1336
4545
4143
3911
8402
2270
7213
7396
8331
5923
2300
72
6739
5580
8169
6648
5358
5726
9220
750
5399
4984
2374
5890
2370
7792
6324
255
4956
1320
1427
6293
5865
5570
204
4268
7840
7418
1665
6172
3342
3965
6244
81
9545
4414
6729
4904
140
5950
5654
5540
935
8029
1430
3305
5821
7754
3560
778
9075
4987
7071
4941
558
7275
9209
8398
4694
874
4570
8036
4840
815
8118
4385
5230
4847
9289
5371
798
4944
911
1733
2974
2341
5038
8796
96
8599
9574
9171
3587
6645
4113
4145
3921
3323
2543
8615
4198
7114
6651
9038
7930
4769
3424
3160
9617
2714
8531
415
7658
9442
2149
633
1784
7188
9429
1880
5787
9003
1052
9374
5648
5165
3519
9569
8488
6063
8184
2686
3178
4836
1725
1109
9606
5149
4269
9223
7863
2801
9639
5522
2244
1789
6155
4028
8977
5584
5909
4765
4587
6961
4139
235
2126
7659
9804
615
3723
7989
3302
6901
2825
5027
8010
2431
176
2280
1655
8040
5082
1295
3562
7327
3084
9718
1356
2062
5302
7265
6827
9889
4226
966
125
6353
8626
9930
6968
2349
7919
271
9251
744
5298
7262
3176
5475
9543
4832
3515
4626
6127
7078
1953
9212
6796
3309
1274
2099
575
8102
1989
4802
9069
2114
1155
7695
2044
8124
45
9963
8395
9296
708
3694
6559
3885
9169
6102
8717
2685
729
4845
9763
2682
4057
6560
5992
5332
8659
6567
3434
648
1370
2503
2763
2525
199
4807
649
244
4771
9045
9541
5479
2739
6101
9364
1908
2204
8082
4594
2933
2927
4357
5616
6985
918
1608
2318
9577
8176
5753
226
9546
8257
2989
2072
8456
7797
2722
8701
2568
1767
8242
8048
4507
4344
7413
6416
6548
5495
1010
9481
8423
5367
5097
5409
6286
6706
7727
5863
4882
3480
6090
4429
1737
9080
6501
194
6877
9223
8895
9446
991
7138
7495
5498
1482
4908
1915
8030
404
2925
7511
8828
8293
2609
4237
4579
9315
1964
443
4198
5445
6533
8627
7182
5614
5129
7377
2491
4353
6272
1937
5344
3411
9432
843
4893
4341
2758
2924
4746
5684
436
3574
3977
3045
7811
8556
2360
9776
9000
6559
5221
5534
5186
2404
1148
315
9781
3639
4669
6054
5577
13
9465
5010
857
4358
9352
3616
7283
4098
9300
7719
7672
3278
764
5484
1835
3125
5260
835
9685
481
6369
4871
2886
7518
5187
2667
1158
9856
8722
6735
9870
8187
1746
728
2546
1098
4345
9829
5197
3646
7548
2870
6924
8313
8354
8759
1439
3614
9595
1124
4096
5965
5996
6982
3483
1184
9650
4641
1041
8372
1377
911
6560
3124
1640
9106
4223
5985
8936
9420
9631
6485
2290
6556
4799
644
5316
6239
4259
4911
7364
8356
877
3360
5339
4360
4545
4989
9002
5586
3362
380
6498
9923
3504
8138
9029
7727
4124
7966
7148
3756
4451
9438
312
9250
83
5628
5489
4343
540
2853
2699
1417
6214
8038
5778
759
3028
4781
6345
6391
5161
2844
6314
8665
982
5344
6393
5107
3310
3541
8863
7762
2980
9176
7013
3064
4805
2503
7407
5346
5357
106
6764
1571
8145
2542
2331
1174
7323
8677
7565
2485
1521
3880
1151
2504
9224
7544
7612
2535
1086
6475
298
4067
5652
7311
7131
457
9814
4538
5803
5171
4645
2567
6743
2791
5110
9075
3965
2434
7752
1531
4919
9274
5411
6070
1778
4636
3615
9390
7172
4702
5866
7470
8769
1518
4782
5901
1976
4596
439
7780
9768
5085
348
6511
7876
5458
5587
1842
7892
3339
3373
2812
2613
8785
8883
4392
3421
2499
3783
594
7201
9650
8064
5971
1169
2846
1872
3145
7443
2312
925
7211
7397
1274
3723
5274
6732
9310
7117
4625
2650
490
7438
5264
9275
6321
9656
2697
8820
3440
3291
6022
3090
1356
1993
4260
4203
3866
7405
1647
6178
8331
8859
3576
9605
2583
8851
6338
1894
5968
964
4544
6459
8402
9808
5734
4724
9465
8432
3545
2906
1724
9567
5997
3081
1561
257
7284
5427
7663
8931
1605
5995
7791
5181
5600
374
4033
1939
2268
1
2903
6812
6460
1306
6621
2195
6030
6087
627
9575
8993
2352
9143
4991
5433
704
5248
2718
6132
2912
1650
7738
8907
9441
2919
4508
9815
6953
6447
2083
6954
9351
8896
3414
658
5518
5609
6688
1605
6237
6264
599
8590
5408
5590
4023
6113
839
6742
2245
3751
8392
9983
2659
7833
2903
7167
7649
9856
3615
9732
6811
2967
8629
225
3625
4147
5835
314
5753
2073
6578
6352
663
1987
1943
4687
8100
2783
1429
346
6535
9821
330
9194
7655
3234
6362
5304
3091
9977
5037
9902
2944
3666
128
6569
7814
5963
6884
3567
8037
3463
9919
8700
5450
1863
3387
3551
4646
4816
3898
1182
4638
4228
376
2293
7463
6739
7597
554
6716
2635
456
9661
6301
584
6231
4115
6548
3115
7683
4585
6578
7603
3285
2029
9466
6673
5580
4113
1490
9478
5295
6128
3707
5672
8422
1170
2411
6020
1724
9128
8655
2180
8789
4957
2765
5021
9073
9313
8136
6756
3898
4715
4359
7184
6744
3825
3858
2324
7939
5348
1802
3235
1477
5510
8907
9899
6680
1319
5919
8404
447
4574
585
9237
9531
3351
4258
8604
2664
2395
5361
6563
7110
9720
3748
3854
3546
7606
6178
1485
2954
7981
4720
4432
3491
3628
4331
172
4947
250
8576
5395
4825
9162
4632
4357
2513
8891
2962
5178
1286
8323
1741
8396
8043
5489
2250
1589
3096
8429
3075
6051
6410
7795
483
9902
1423
4814
74
6371
5065
8651
1767
9891
7813
6399
4248
327
5291
7210
5505
6577
5533
7246
4974
3577
2736
7225
5166
5833
5654
8241
1884
2064
6037
2367
1967
7461
7182
2041
3833
2247
692
5600
2138
8506
2000
6387
8833
7291
3597
4338
3869
9131
1585
8843
2708
4321
6068
7875
154
1722
6117
2039
3787
2154
4406
5754
9616
1588
7796
3449
3836
8488
9049
5975
6994
1050
2362
5827
8341
5959
166
2211
5091
1751
1054
7799
6073
7123
5675
6228
8846
1792
8267
2634
3946
2674
8389
3563
4262
6185
7012
8098
4674
6062
4073
1668
7112
6436
7496
5454
2396
7663
7665
7487
9414
8719
5287
5487
5843
962
1716
4690
2754
9983
7324
6701
2657
5713
264
6920
1898
7277
5019
6573
3339
9093
8241
451
5529
5738
5905
7925
3401
3570
5412
2816
2290
700
8303
8134
1662
20
2824
4417
3
148
1118
2661
5862
1382
9581
7761
8660
4600
4334
1999
3693
2576
2451
9223
8315
8357
7148
1716
1928
2561
4533
4219
3261
2837
2353
4923
2857
5178
9340
2860
5326
459
5522
1189
1841
5103
8951
501
9704
3285
2501
3398
5862
4952
2621
4177
3310
9769
5894
5238
2330
427
9457
5591
3264
1811
515
6122
6989
9855
8983
2316
314
4505
3505
2156
9608
2457
2658
9313
5742
5160
2711
1605
113
5332
5782
3423
5102
1677
8662
7432
2105
8119
3024
5370
9931
3539
1492
6920
3395
475
9236
3710
4980
2742
5867
4589
5199
8526
3903
942
3686
6614
2547
3800
1947
8330
7223
7049
7
5886
4481
2113
4006
7506
7483
3937
1045
8975
857
4441
9451
94
8152
4432
2837
4019
9022
8036
2546
2925
8979
6233
9540
1526
33
1487
9857
7257
8536
9865
3143
3018
1978
7149
524
9461
1086
1570
8437
1944
6011
7889
2039
4163
2321
4876
8183
1343
2912
729
4269
1891
6962
3809
3418
6996
5296
3275
4253
3832
3140
7397
6851
5119
4546
7375
4581
5633
8945
3018
7578
4957
907
9617
9121
3229
4493
7304
4572
7405
8034
8842
9297
4997
2651
2716
1993
7947
5991
6247
1780
9132
3644
8632
4252
8191
6007
8833
3824
4953
1852
1402
9910
2759
1019
9032
5989
5512
6337
561
2918
4371
9404
2216
9368
2055
4932
1362
3
924
7609
1784
57
1254
416
4309
9445
6423
3142
3269
1377
4994
4672
1288
7754
5692
320
3743
1205
6657
4305
4123
1029
3709
6340
398
5765
1272
1760
5768
2196
9370
7552
2253
625
7969
6563
70
4392
9705
3340
5770
4700
8012
7058
2455
3704
7379
6199
4909
4037
505
9033
5066
4215
5373
5465
9981
6646
7226
5749
8842
6597
3302
1096
7222
1271
7660
7292
5664
7366
632
1434
2066
8645
8493
4522
2349
5873
722
7259
9910
1227
6293
4977
5443
1666
442
5424
8312
7668
1174
7155
4265
4476
8252
1488
5748
5912
8780
1412
3278
9413
2847
5345
8058
1341
9868
408
7214
590
7667
7125
1818
3961
2102
7262
5627
2545
2687
3940
214
3861
1096
4480
8337
9349
5968
4086
5262
4748
5498
8540
4162
8346
3886
2220
9687
3755
2628
6902
4346
296
4027
6164
4257
6130
3427
9885
8676
6114
3826
8890
9975
4922
3370
8313
4271
9339
2399
9533
4087
7898
8074
8249
6244
1961
470
5932
5716
3099
2834
62
3395
6862
6227
7653
2993
9655
7538
1669
5769
1365
560
5745
6287
3930
4058
559
3270
6458
93
7357
4357
8168
5607
602
129
6078
6534
5846
9177
9369
5909
2572
6232
2137
226
9225
1792
7765
895
7561
9130
1455
3307
5418
5386
7365
5977
8656
3824
6071
6014
8181
4239
1622
8783
4368
7700
5318
215
6877
4688
6124
9450
920
8261
9676
146
53
7442
1041
7615
6572
2497
922
1990
7883
8288
7968
6540
2112
4039
2554
294
8278
4176
9078
2647
1876
4396
2862
8754
9084
8987
8204
5
7248
7881
151
7302
5323
1192
4917
1896
3689
5840
3887
1573
4128
1855
8113
6241
5895
668
6535
4174
4844
5613
6821
6721
10
9684
5476
9094
8671
3680
9099
5920
1562
9250
3222
6886
443
8140
8782
4133
3980
2670
5707
8109
4525
3820
4350
421
4488
885
4595
9333
6499
1417
6055
6509
1101
1531
5604
9773
5211
4703
5694
6774
3954
8917
3660
4398
7057
2443
8531
1038
5113
4238
9147
9639
8059
3497
60
2548
4383
4656
1881
883
6073
7936
7392
7175
9467
2996
6949
4679
7700
2643
1454
1654
1560
5114
6053
8618
7558
4584
9656
2671
8823
8804
2311
6883
2301
2372
9431
6685
7028
1313
7568
3102
9249
4960
277
8717
7957
7226
3397
5657
9870
4851
7312
1430
9965
3365
48
7524
7950
9705
196
6774
8509
2507
3657
811
4880
3089
7496
1908
4402
5065
5011
3652
26
5288
2370
7983
2515
5767
3641
2385
618
954
3816
584
4320
3865
8109
2270
3570
8305
9045
2080
813
2703
2891
5693
5792
388
7602
195
5454
2613
3848
5480
7902
6218
3464
418
1986
7106
2803
2605
8060
6620
3190
2381
485
1299
4651
4056
9604
3696
6136
417
6399
9028
6111
2192
9417
3713
2388
4871
6327
6236
352
4230
2455
3817
4648
4442
923
7452
7047
8984
4072
237
1365
4557
1537
6017
8613
1141
9714
4750
1559
6114
3778
7671
8307
3196
1385
695
8068
7713
6931
8420
1943
9387
2238
6591
3829
3162
4043
877
2146
8115
1115
3512
2673
2652
9530
1287
3794
9245
6037
5354
5359
9816
3025
3667
3012
4410
4362
1080
2124
1294
9501
4067
682
1739
659
4511
4901
4702
5389
7048
2818
6504
561
5492
9156
92
6779
2950
9337
2816
8305
4697
2633
1330
8364
5645
5741
2727
6725
7865
4021
6227
1933
4703
7966
2592
9215
2868
7294
4604
9916
113
1108
478
5606
265
570
2385
3216
9907
5202
1521
4605
7835
2852
2970
3480
8593
5697
206
6459
9718
6434
8392
4422
4400
984
3638
7268
8279
8242
7185
8393
9351
7663
3999
9616
8234
6384
2833
8142
1587
4354
2747
9422
7206
5717
2903
5800
1415
3110
2259
1134
9544
652
5556
3944
1636
9194
1213
9916
7437
8399
8309
6788
6063
2309
6405
4297
8694
9238
2439
281
3593
5186
9704
799
904
2607
6600
2319
5717
8860
3453
5261
9512
9010
9206
1149
8205
420
1065
5643
8819
9375
2431
4882
1685
8837
9179
379
8076
1619
661
1669
6805
365
2469
7710
2973
9070
29
8691
7930
3483
3953
7442
2494
3159
8591
699
3580
9657
6342
2400
9033
8774
7283
718
7612
6463
1098
5688
8082
1760
7358
4888
2125
9828
2598
5099
8898
2628
3790
6828
6112
7743
4271
8606
903
2863
9306
4483
2520
5649
6884
1554
4424
4167
2273
2036
630
3372
7725
8712
5132
5084
3600
7257
4912
6199
2357
3810
8827
6147
639
4939
3891
4910
3546
4794
7773
2852
9278
294
8502
6162
1849
2926
330
4122
4962
960
7494
2688
9673
2626
7772
3274
9884
2685
9473
2241
6496
8301
8389
7135
3240
2280
2046
6787
7075
9820
9639
6354
115
8141
2517
1964
1068
2847
6087
6031
3807
3582
8719
3481
6209
6492
6755
6094
9177
6228
8336
5674
4529
6725
2810
7770
9006
4856
4557
6082
4677
4197
2436
4793
2339
4953
6758
3407
7800
2845
9438
1608
6428
8158
5089
2637
4650
1844
8732
3828
8073
7068
9502
2602
3794
2313
373
2800
7170
4930
8883
1847
9128
1319
6640
1467
6273
3398
4874
4074
6244
4313
5682
2672
2471
772
5310
7122
2616
4042
951
690
1111
453
3293
4905
2767
3666
7706
9937
8597
6589
1784
7725
7909
8425
9192
4182
1824
4067
8256
8068
8381
3939
741
852
4711
6052
7975
7328
95
