2881
4319
8900
2515
6866
1215
8749
9848
378
8472
6209
9054
3363
9774
2286
1889
437
8034
7108
2053
1421
3756
1875
3139
5529
1936
170
8354
5271
1738
2093
8153
6058
993
668
2925
2209
9417
2773
2587
7890
8983
1642
1253
8757
3929
3143
9194
1963
251
1247
3385
4008
3123
6524
9538
5059
6695
7892
330
8433
9985
8484
4491
979
9153
7417
3188
8570
190
5776
6461
9173
7418
7715
7931
1347
858
7125
3311
1110
8373
6696
5118
1496
3220
4656
6556
9915
2548
6887
8349
2534
5371
2841
3513
4524
258
6702
3095
449
2478
9556
9623
9897
7272
7554
1245
8130
4680
4556
9241
3054
1252
4359
4551
4473
9016
1107
4389
1565
7994
2739
4099
3366
5580
7613
7890
5839
4316
986
6289
6794
543
5912
6692
7815
3467
7937
5946
8148
2494
5187
1202
3746
9547
5754
8220
8563
6862
2610
129
4856
5349
4229
8223
930
1843
6113
6769
6159
7100
3058
2954
7643
8971
9646
5459
2438
7583
1405
586
77
6593
1789
3824
6140
7544
2045
4704
4406
4655
4833
9263
4
9063
7486
934
906
3600
7704
7065
700
762
19
8344
9734
9665
3804
2172
7249
5210
2759
7326
1803
4549
1151
7944
2093
3196
2648
6499
7851
7482
5762
7856
6545
3249
8791
7452
6849
6495
4517
7550
7258
4537
5894
6992
4203
9699
9165
1452
4909
1924
8779
6712
6474
9930
4657
8567
3127
7305
5067
979
4788
830
8835
1334
4079
7627
8786
928
4123
3304
8478
1382
7841
4373
8375
2045
4072
7540
3497
8982
9465
2276
5694
5939
2207
352
4507
5334
7657
9574
6313
2446
404
5149
3781
4484
2776
2567
5412
6900
5872
3891
8282
3714
8264
6657
5759
2337
4198
9256
1319
3663
1533
7014
9603
3740
7366
4111
9075
5024
3685
5389
7471
4090
538
1252
8574
3315
3820
3987
216
9692
7878
8498
3406
6143
5155
9165
8481
9354
8422
9800
3017
9955
6815
2621
3696
4182
6732
2772
9206
418
8161
6678
4508
8700
7930
3083
2016
1750
7070
2232
1442
4948
731
4849
1092
5886
4015
9573
5241
2437
9374
8258
2393
6189
880
6090
372
7613
8862
9579
8031
7023
6257
2540
5724
4187
5623
7740
5938
2694
9973
7381
7643
704
2230
8735
6591
6245
8308
1832
8683
7683
91
1076
3872
972
7166
4245
8585
6029
3824
6616
3053
81
9157
8777
4269
4780
6518
208
7474
6492
7589
5117
7196
9819
3853
3788
6065
2161
5621
4748
9844
5712
5825
3717
6684
2992
7963
5270
9021
1787
1887
2075
1869
1044
853
6138
5824
7371
6346
3299
3864
3936
8417
1061
3755
2270
4849
9821
4432
470
4570
4277
6183
396
7995
2868
3388
5958
8138
2410
7745
25
4485
9615
1069
5339
5754
6894
2711
2101
194
6575
6037
8612
7636
9793
882
2486
9614
5315
2956
4185
9593
9140
4581
7588
2008
7970
3547
146
380
1293
172
4866
908
1242
205
6662
8136
2917
8763
8331
9492
4800
6943
7128
4593
7826
9614
4208
3141
2571
8393
2734
1711
2975
323
3720
945
3870
3867
1326
5164
4039
6193
6072
5281
6399
2734
3418
9316
1498
1749
8808
6299
8693
5937
892
6519
5552
5101
9661
8123
3494
2396
9835
6470
2719
3555
7415
6590
7423
8741
1754
1462
4934
7827
6744
1333
562
163
649
2060
1913
9458
8359
606
5395
9252
7125
947
4353
6786
9070
7848
9183
8906
4318
1903
2462
1734
8493
9885
475
248
1348
5410
8076
8092
6743
8638
8255
7393
699
168
6851
9059
775
2246
8311
7900
3194
2665
4687
2265
514
3871
1171
4833
5774
3633
6567
4268
3519
7043
4517
4867
2453
2593
2960
9197
1232
1215
6591
1931
1384
3442
991
2159
5689
9302
60
8883
1968
4748
1148
2482
8619
2320
7316
4394
5954
3883
8662
9473
926
3179
4341
3380
5773
7301
2577
7005
8517
9168
8937
9902
2611
9928
2062
8301
9231
2122
7184
1200
6871
8333
3683
5491
654
999
9885
6608
4882
8548
6082
5809
1727
423
9190
7501
7724
1767
4506
6242
936
3443
6144
3548
3372
8206
1849
2603
329
9034
3803
7200
7367
7486
2692
8022
8486
2578
4630
3369
1127
713
9178
2855
1136
8369
356
8861
136
4862
5103
1073
8306
1247
4621
1678
9454
6470
4282
9783
5505
8086
6984
2873
5573
9676
895
4059
2255
5526
7428
3382
6239
6607
6237
7376
4976
6593
6237
5113
1456
1341
6187
9762
2589
808
1441
2043
7279
5724
1826
2784
3811
8810
5657
9385
8487
6553
3444
742
2079
873
4125
8318
7481
362
5694
2458
6956
1932
7572
8412
3273
3759
8175
5863
4568
9617
7907
1848
5342
9733
4632
9153
8544
290
8538
7032
6843
1983
7775
8922
2857
1900
7241
339
2263
2935
2797
9219
4868
370
7632
8142
4130
5808
4005
8698
5425
1912
546
767
1646
5179
9921
191
5470
8459
7223
2313
443
4998
1236
3300
6899
8478
3639
9162
1414
6437
8382
6282
6807
6015
4424
937
1823
8430
9636
7249
343
183
8017
1989
5362
7938
2180
833
6398
9404
3147
6841
4402
4383
141
1301
2862
3781
464
4276
219
8847
558
7026
4862
4983
7964
6686
3413
7601
3935
3756
7784
1952
5746
3147
9890
7927
3980
6288
7331
7127
3130
1733
1511
3272
3035
4373
7054
3500
8649
7273
2347
9208
4299
7210
4191
2264
3896
7604
9865
7832
1361
7650
9784
7107
797
9675
5034
4777
5964
2366
1905
9094
4099
3416
2367
7135
7790
9421
635
6439
6694
2983
5647
994
193
9838
3258
4090
7443
3124
1922
8805
775
1706
5913
1572
1382
948
6350
7346
3314
8256
6441
7414
1672
8808
4549
9463
8229
5185
5902
4924
8169
1550
5918
8362
1389
9177
2453
8833
2302
4375
7638
3077
6082
3551
4650
7464
4499
1000
4811
7814
9257
1252
5228
930
61
9778
393
8291
4963
6295
3215
3132
7846
9134
1495
9235
8311
3948
8068
614
8324
5706
3691
4406
9258
8341
1871
3758
9342
6682
1572
8599
7934
6801
9529
7996
6579
9922
6287
1543
6218
9503
4676
4065
8637
6171
3300
6948
120
1369
7562
8444
7076
1254
2851
6334
9596
4722
93
8938
1404
1666
7538
9339
8467
7068
7336
5046
6991
3623
6589
3210
3126
1265
7275
1763
7437
576
8712
7558
1945
6275
6003
9022
7530
8854
5357
7126
3577
5450
6065
4981
7116
3603
4321
5583
671
1658
630
7663
5281
7219
873
8408
8485
8149
172
5923
8725
8885
3481
671
5160
9484
9693
2691
8338
5050
9817
1916
501
5882
6898
7617
9485
1219
3201
157
2877
3831
7821
8159
1051
8694
6568
9536
6843
6740
5459
5568
5626
8941
6240
787
8425
5933
3478
6764
984
3295
8680
1485
9177
5578
9103
8663
6798
2304
8821
9676
6136
6642
7836
7187
5336
4404
6724
2180
1145
2184
7749
6771
1125
3989
7558
9550
9923
1036
6315
907
4332
4995
2392
3509
574
1495
2173
7372
3800
994
7048
9936
7636
4884
7123
2973
9289
3848
5154
434
6032
2903
7205
7158
6893
4764
6708
6816
5801
3024
7723
133
8019
115
3643
8594
1611
5816
5966
5411
6811
3015
5347
4448
7900
2471
7421
7190
6319
2575
7624
2352
5479
4830
9510
2372
9594
6219
9188
5396
9243
6911
5529
7263
7027
9172
5857
8638
4989
1824
4050
1800
4840
9397
6248
2741
1869
3670
9931
8188
6246
7555
541
1726
2386
51
4098
1981
6270
3287
7377
5514
199
2906
2777
7226
2079
8635
5865
7069
460
9916
8869
5300
9313
5118
8041
1183
8789
7972
9371
5035
5528
9912
6761
7914
9964
860
9895
6234
4147
7272
1749
4346
179
4526
1573
2259
3162
7439
9328
3622
7355
8198
8922
6669
3317
6964
7852
2106
4936
7224
7142
464
7137
3904
8379
7101
4764
8274
3336
8912
5547
5085
3259
5726
9612
4833
7986
2775
2272
7314
6397
9628
5513
5320
6298
8830
2284
4150
937
7221
1375
8079
7686
8512
1983
6065
5614
6748
4339
8951
5661
9886
4037
8920
5613
3649
3754
3600
6425
6027
914
2823
5655
6428
8144
1953
5259
429
6104
6196
7650
7479
4275
5336
5991
6259
1402
1606
3008
5742
557
8669
5628
4594
7590
1242
8244
1344
4842
4669
7371
5757
7493
3027
2186
5637
4980
7445
6066
1085
3641
3716
8564
7917
9053
4556
4176
456
6162
7185
6198
6720
5854
1827
1314
3445
3069
9558
4789
7912
4228
2161
3670
1721
5188
5856
7358
169
3301
3424
1254
6942
7141
9819
4859
6195
4375
9036
6651
538
6221
2850
7258
2076
4677
8572
5522
7747
8131
311
5659
2360
2473
9329
4081
7662
5185
1440
7832
8487
4865
9086
5429
2007
8905
289
8203
3281
9326
4855
3820
5548
7705
1078
7624
2382
9651
3147
129
7783
3458
5789
143
5932
5119
4225
3594
304
5665
1426
8791
531
513
4221
2538
9419
4511
741
2701
3837
5597
6521
9385
3302
7600
7010
5685
7251
157
5814
5035
3616
1604
5178
9548
6723
9403
3143
7028
5069
4570
5820
5601
5084
41
8139
4504
4552
8881
7205
8390
4478
3726
7775
7780
1326
4786
3466
8578
4943
9280
3613
8559
885
8792
8108
7608
8196
1252
4637
3265
5823
457
8866
907
499
7006
5411
5052
5888
2617
3442
366
6343
1218
8147
7670
6004
1613
6249
947
894
9863
9507
1779
8655
7616
9388
6851
8869
4025
117
4692
4483
8984
5600
4982
5990
1012
34
1878
3629
3477
2245
9973
4695
393
7644
699
2006
3893
1647
2901
3756
1155
4681
2411
8772
4069
9263
7641
8095
9380
2334
2578
8364
7935
7560
4355
8947
7595
6234
2577
1072
8479
2550
5768
8872
194
6468
879
4088
8116
3781
7844
9271
8462
256
8044
2532
9520
5686
628
8900
8021
3206
7265
5956
767
1621
4904
8363
7855
7481
9436
6335
31
5204
5208
226
1672
6087
4314
9788
9869
2159
9060
8331
2416
7104
864
1936
2791
1492
837
812
4699
8102
6769
5467
9723
1673
3830
7579
9154
3266
3914
9186
8470
9122
9413
142
5210
3728
9931
5079
5887
8991
3410
8304
6096
4275
240
8887
5767
1077
9700
466
9180
6469
5933
8903
8142
9764
6483
7297
3030
397
6483
1501
9520
5897
1644
4730
9625
1575
9809
5513
567
3220
3817
6663
7495
4057
5551
3263
5135
5251
3730
4315
1720
9664
3219
9862
9428
9702
7160
2459
100
3643
3960
9620
9541
5605
4350
9166
7180
4160
4679
7748
7381
8496
4412
4877
2554
9963
8140
7689
5215
1871
2004
6935
1535
5224
6798
964
4926
3958
3423
5026
7602
7384
4646
7143
2989
8997
6309
170
3157
989
7918
539
9486
2330
5416
2040
2294
3557
9729
7509
5428
1734
4445
6963
6958
1243
7928
1885
5202
1351
6912
2804
8736
1558
9947
1725
556
6257
1895
3714
7247
9814
4253
6733
2145
9669
8773
4439
3226
8503
1949
8655
238
6394
5619
7197
7638
3547
9082
2840
4899
5994
5644
3635
7553
5592
5360
8109
1850
7256
1823
9097
7071
6077
5831
9216
5746
4605
3656
8973
3109
5606
7629
3347
2000
3248
544
9638
6795
9626
2479
1694
5621
8124
5330
3174
3716
691
1284
5567
7947
3107
4665
5019
9185
496
4235
4932
5101
7892
3905
8210
3498
1534
1558
5499
4783
2102
5138
1578
1729
7617
3273
7350
5741
8603
525
9458
9294
1809
5025
7242
4917
9690
2261
4102
187
6497
9034
5289
4390
2940
3499
7888
4475
5058
3388
9258
7160
8526
837
8890
6144
4110
6241
1885
2714
6766
1344
2009
8575
6369
9251
3493
6060
1513
7595
6247
8011
6630
1536
2401
9570
5036
290
4046
94
3678
3304
7255
2205
4141
6146
8349
8252
2387
235
966
9153
1579
2975
7729
7949
2227
1222
4010
3741
8818
258
1752
5449
1795
4154
5020
6831
4444
9066
6926
8123
2370
4182
328
6512
328
8678
4764
2716
8914
5731
1870
493
8707
9599
8443
935
822
2453
4676
9641
2711
6429
5090
4506
583
110
1338
5028
9177
8265
3152
1548
2448
3480
8060
2777
2159
2825
5493
1073
8557
7363
1567
7264
6963
10
8199
7785
2464
2876
7427
5176
9305
2517
9683
9889
2628
1022
4917
1805
9287
8069
3354
1736
1550
1414
4513
3710
4240
7
4783
2797
7370
6351
62
4334
6361
8262
2120
8826
1138
9547
4002
444
2065
3685
333
4693
4707
5251
6499
3995
3321
9853
5731
4871
1268
245
8582
5509
252
3365
8306
7623
9716
8369
1957
6078
6631
4078
4905
7770
3625
8907
8214
5690
2593
8548
384
7301
3799
6884
1297
7121
6738
7028
1992
8006
7274
575
3516
7526
3940
1822
5150
3657
192
7108
9736
6823
1186
4641
4594
4812
3549
2808
502
6143
1357
887
3444
5157
7772
4741
2278
4510
1770
4271
2517
9044
4846
6033
6571
8787
7856
1722
2444
8048
8830
2181
4872
17
6823
9466
4829
372
2275
5332
6516
3633
6220
9960
8790
3992
4702
1068
8502
6473
5340
1020
5518
186
7053
2090
8973
4910
3812
1418
2959
2643
3600
7831
2660
423
7298
7490
796
9574
2822
7312
3208
9042
7273
1998
3034
1976
3067
1537
8449
8407
2557
3968
8594
9611
6058
7568
4521
9870
8986
7480
2514
2587
5312
5174
3010
2611
2665
3807
2185
5487
1120
5394
4530
8394
7392
7564
371
460
9101
8820
8868
1659
2789
7463
1270
8847
5031
5791
8718
4018
3272
1232
6605
8584
6407
9616
1195
9072
3424
3381
4560
4544
8775
9090
2939
6168
6654
3310
6629
5756
2131
5497
7416
4920
2960
8686
3767
7992
4478
2485
2010
7750
3718
8615
6335
125
8232
7531
9198
1656
912
3758
6200
9688
2848
9140
5857
9503
2450
2486
5259
4581
7984
2676
9501
945
1362
3269
8937
5841
5755
947
3592
9473
9563
9927
9598
7795
7459
8797
9451
8372
2555
5652
8060
5403
4792
3918
4906
7243
6405
166
1824
4389
2842
1326
5335
4205
4596
4272
46
351
5220
3639
9824
4784
3566
9423
2579
1026
8220
2031
9398
775
7684
7459
6179
2477
1377
1086
9720
7782
1252
1545
2172
4095
2871
7507
8300
7467
1780
8347
7818
7000
1986
7643
1784
5553
7066
4364
6579
5287
6396
5977
6063
4080
3437
2242
6557
4814
3329
6277
2597
4581
7822
4770
8677
694
2277
6977
8162
4057
5325
5981
1058
7311
3624
2842
2864
691
7207
9444
5978
3603
5422
2042
7684
8859
4285
4241
3674
7614
519
6272
2196
8342
1042
873
9036
3320
7850
7199
7378
3175
3180
8436
487
6805
1279
3352
7496
8486
2796
3475
2090
8219
5517
9774
7079
9802
4016
754
7417
4535
7026
9613
2878
8069
486
1915
1389
8337
9114
8767
1513
2294
7204
2000
9100
8483
5352
6596
6970
8149
72
9060
6368
5589
8835
3448
5392
2852
4202
2809
7388
1228
2422
266
9298
2909
2181
688
1246
1295
9456
2759
3590
6660
4759
2690
5143
112
9287
2114
8261
9359
1175
4630
4949
10
8078
341
2862
2281
3151
250
3509
5574
517
2808
8483
2698
3496
9730
3994
2952
2489
7585
9613
7249
276
4757
7361
9563
6871
5623
8923
8046
254
3872
8057
8333
4214
920
614
7365
1170
4124
2940
1688
6932
1423
4386
429
1153
8381
3382
3643
5966
2995
892
6242
7752
8254
5806
4623
3878
4729
2669
4133
8602
727
2466
2816
1647
3081
182
2818
7206
3122
4506
4139
4545
8892
4568
5699
7273
7950
9342
3240
945
235
9483
8697
8490
5289
3321
2368
19
5990
6501
8621
6717
8968
1437
8364
2050
1620
1183
9256
4742
5689
3395
9287
4581
7963
4987
1855
5914
4330
5096
6859
4565
4579
5557
3055
9868
8878
5424
9888
4869
1926
8509
1587
895
9947
9952
2945
1567
1135
2202
6309
6824
5597
5597
1406
3561
585
3262
9475
4915
8358
6335
9481
2938
1893
2537
2807
771
7961
2695
5640
9887
1205
7228
783
1152
7180
3728
2720
8315
5930
9029
5139
1528
4627
6546
5090
5212
9808
4566
128
8167
901
9609
1105
2795
2146
3912
3566
107
6607
9207
9995
7812
6436
779
8965
3616
4507
1685
1931
438
715
7071
1967
5342
3617
7057
555
3426
1623
683
1593
2525
293
2698
5320
2439
6610
8887
2547
3218
8095
2543
1031
4531
3322
9996
8147
7830
1682
79
8268
2397
7151
236
7740
769
7293
8295
4195
8917
8979
5789
1442
9272
8487
6763
1712
5098
5651
4259
8317
3747
6803
9348
8278
125
9345
6426
7955
1027
6506
6224
3424
3658
6460
1165
4427
3753
9460
8623
2671
8440
4412
4113
7713
2900
877
9425
7999
6529
3685
6316
276
488
5665
8554
613
5010
4981
8569
6038
1487
4793
9463
5145
1253
628
9573
5007
89
8196
7678
8529
2609
1792
6242
5509
2670
5668
3508
9199
9353
9825
9475
9841
5490
8030
454
501
3011
9023
6540
4499
3817
6003
9645
5070
6631
9219
78
6720
7415
7757
5250
24
9549
1492
5534
2220
7160
9042
1419
6513
8868
895
6355
4358
8925
6809
4860
1937
5833
1400
6437
9650
7404
6083
4721
4035
5302
4800
756
2717
2557
6006
2742
2107
7499
8277
4327
4659
7320
5746
1173
6188
6641
7528
547
5567
4338
5408
7504
171
6808
3942
9822
4212
25
4544
8248
5327
9344
9004
8045
1901
5010
788
4009
2509
9065
8336
7169
6385
4082
8343
2574
724
5871
3121
6292
210
8529
3796
382
5338
7738
205
9551
7764
4749
7799
3091
4093
6804
1136
5995
1815
1924
4
4325
990
8340
1494
7375
2423
9838
9949
3148
5710
3071
9440
5920
1601
3237
6302
6939
976
6507
6490
8740
1257
4290
1831
5351
1094
2968
1346
2909
4893
1351
7234
5883
9692
8729
3258
2116
8567
3208
5264
4278
6280
4705
198
7881
7942
6501
4821
8919
3009
1312
7660
4266
5602
9491
9617
6697
2460
964
9607
7353
2315
6841
3236
2007
5571
6495
4123
4139
9704
9388
8417
5984
4093
8616
3866
2036
5117
8687
955
8127
9999
8616
2393
5602
8107
2011
2299
568
2976
1906
7922
5291
8748
1158
7299
4320
7654
1423
8459
7358
812
6877
3343
4905
5493
7209
6942
611
5897
7898
8738
5896
6514
1132
1498
4622
3144
3798
5190
6120
5704
3112
1412
4453
4271
8711
8773
1926
135
7233
9284
947
4110
2628
5853
9604
9838
2795
215
5735
694
8954
1631
7208
87
3130
1830
3231
6929
7021
9351
2634
134
764
7087
4406
9475
5861
6332
9611
3094
5617
558
7205
8245
6411
6809
8083
9207
7025
3818
9901
5980
5450
7110
6067
8581
8941
9299
5510
5962
8651
8144
6097
9415
5232
503
8891
1093
6836
8502
4188
2453
9060
1393
699
5472
8203
8782
4680
5229
2601
4581
1209
8052
1692
7277
6634
633
6576
2144
6595
5227
289
2693
4642
5522
3197
3533
6615
33
2036
803
2487
1096
2197
3186
6569
400
1968
1249
5629
4570
5831
6839
2623
7523
4116
9257
8156
692
1402
4752
5920
1692
7445
562
7214
643
4096
3829
676
6132
4633
3163
7229
6830
6350
3799
7230
8319
5048
2860
2889
880
9699
5512
8403
3815
4770
6560
4507
6172
1312
428
7865
8758
991
5079
9402
5087
8909
79
1220
3542
3242
8450
372
9593
2249
7603
7912
7298
463
801
8178
162
6314
6582
3978
1085
3142
8486
7258
4455
8914
5123
3214
9905
202
2616
4993
9111
2695
6213
2654
5938
4664
3026
5531
6913
630
3443
4211
1093
4245
2389
1256
559
8971
5234
1645
2114
3720
8903
6569
2634
4026
9783
2539
4228
2399
7532
3340
5095
3746
5994
1033
8410
9021
6564
5324
9651
8
9535
745
4253
1925
2001
4813
897
7235
6458
3011
956
5361
9580
3590
9387
9364
6130
3616
1764
3663
6957
6859
7410
2952
7893
5820
1973
4457
1145
1625
4466
680
2370
8719
2605
4371
3532
3503
1607
9990
6514
2563
5352
6095
6154
4740
5459
2285
8357
7223
5948
5314
4083
3358
8266
1976
9179
240
6434
324
1865
900
1005
4235
9619
3611
8607
3152
7114
214
3143
3629
2778
8495
9724
8932
3236
5183
1217
1593
2407
7166
6907
6490
525
5174
8467
9705
5414
4901
30
7279
5802
1035
1514
5422
4647
121
8574
1762
336
1718
5391
3114
213
5115
2047
3449
298
3265
5042
2706
432
1950
9197
957
7124
7664
663
2539
2566
693
9818
8368
1729
1333
3791
6376
1455
2365
8138
1791
4083
3530
4905
4297
8645
6953
7747
8944
218
2790
1650
650
4741
847
1608
1865
8512
2271
4405
1078
2964
4223
9447
4694
5556
3238
1071
7012
5604
9210
8803
9688
2740
3709
3986
1385
662
1734
329
881
4524
1980
1532
9265
2828
3140
1131
1341
5411
5536
2419
8376
9760
1867
3071
5317
5106
4142
2329
711
3352
1132
400
6092
4842
4386
7478
5505
6120
7808
6386
645
9789
7918
9911
2617
1059
1042
3958
6471
6579
6378
4847
6339
8246
7919
1657
3353
2061
3986
4064
5414
5119
4464
1507
9961
8851
8985
5466
4971
6794
1853
5616
6583
9772
5527
9201
831
6570
3159
7302
3150
9538
2150
9490
7785
69
1147
1138
2131
5133
5202
7545
252
9667
9052
214
8518
8037
5680
3489
4832
7533
9106
1415
7305
4634
616
8137
1205
3776
5439
4355
3315
7590
3845
1100
7660
4993
2238
9791
126
7441
7336
379
7108
6388
593
5626
4426
6274
9116
9258
3808
8223
674
1114
2858
1291
9251
4063
5067
4691
8419
8383
2281
2265
9483
9941
7258
1721
9732
7385
9163
7069
7764
6271
3457
8358
1898
7884
4632
1015
7143
8440
9238
7817
9554
2097
9108
8806
6160
4176
3497
4580
2559
5779
6845
2043
5721
4104
3765
5454
1489
2928
2523
9254
9199
5981
7612
1098
3865
2244
2113
1009
685
1352
8826
240
3449
7935
9046
9610
2112
2544
4190
4672
8323
1036
6715
4045
5141
480
9499
6630
3408
2022
5884
2608
8004
3497
3707
1870
5741
5820
2879
6426
7173
1706
6667
622
9642
5713
233
1754
8257
4424
6427
6581
5460
3142
626
602
3623
126
7233
7032
2149
3117
9641
153
6615
3348
2023
2356
9169
4903
8783
6342
6609
5450
6965
6252
1164
7198
8007
9422
1622
4434
6003
7083
7577
6630
7685
1200
6756
4918
8232
8905
8036
7873
9059
4651
1222
1082
7008
391
5986
5792
6734
2595
1243
3700
8848
2407
898
6855
1829
2521
1289
7833
9605
8866
4463
7291
67
1220
2209
8299
126
246
6173
9185
4898
7395
268
1907
7787
6254
7699
4522
8850
8942
8222
7698
1349
9121
4554
3179
1642
5843
1012
1248
4710
5476
8539
4778
6697
749
3077
6823
995
9251
6009
5894
6647
6277
7801
4435
2531
5501
8957
1382
4443
7179
9080
5793
6300
3634
8973
7943
9478
9985
9191
4189
5462
7730
8967
2159
8480
2045
8983
9476
1297
4992
5370
7944
1269
3172
2379
3801
8673
1337
5183
3117
8516
4264
8911
4816
7899
7884
2760
7378
7870
1951
1567
3333
9682
535
5492
8162
2581
4476
7638
3878
9468
3009
1822
738
6181
4202
4540
4855
5539
9724
7973
4056
3988
6884
8873
1888
4769
1633
9266
2639
3585
834
5973
3268
1369
1466
1431
3950
5942
9070
7829
5411
2079
9652
6149
8261
3855
689
3117
9394
414
1090
3451
4402
7974
2324
6291
2743
3957
5557
5383
7543
6392
1356
811
7762
2823
2242
1713
8765
1312
9542
4176
3392
9194
326
1654
3049
1016
4771
2444
1430
5861
5895
5833
3835
8220
2124
6579
2178
7682
1963
9721
4075
3320
533
1837
6143
2775
3551
4909
4088
3094
9085
7481
2289
9412
9135
5338
429
3906
7783
1859
9767
3679
7693
3603
1900
9818
182
4078
7501
2146
3800
1576
5466
4333
3414
1609
7109
6965
6518
1198
60
5604
8679
2349
5017
7814
7688
5446
1721
5471
7306
1488
9151
4999
5092
1051
4817
5274
5130
2318
7420
8930
3895
2887
3263
7310
4497
373
4276
1015
1571
4336
6620
251
6685
1637
8066
4373
7084
9787
9844
4390
1276
8996
9389
6368
48
4207
1643
5178
6526
9064
4108
422
1951
7372
7732
6448
7746
2008
7464
9317
6344
4085
9568
3029
5723
7634
7402
2807
7422
7247
7197
8698
6244
6587
5066
6292
795
6710
1471
7321
5774
5580
7743
7726
2953
5476
4174
699
7484
1639
16
3829
5724
9585
6858
1447
7220
4261
4255
4642
1509
1452
3341
7753
8040
8408
4046
8835
5118
5517
6157
892
1098
3901
8619
4051
9377
2794
4750
6861
4433
4767
691
158
4353
7549
1606
1573
1811
5861
6216
3321
7314
9557
1075
5354
7966
5121
4190
3084
639
347
3977
1738
4248
2596
5789
3625
5390
540
487
9824
5307
1178
9982
9660
8728
1589
1234
540
7450
7451
3861
4764
7009
4937
119
4975
59
4309
8060
698
4657
2037
2437
8905
4634
8226
2531
25
8766
3018
9850
4074
4197
9832
3735
2926
1421
4970
3466
8872
2421
7328
3637
9431
2265
3756
4406
2324
8066
2467
3023
2723
4504
5460
1629
9139
3687
4160
9165
2454
7179
9015
6528
1377
8847
264
4303
269
5234
7770
9142
7656
5098
2779
7087
7363
6535
1494
9688
4602
3961
2711
7326
8466
8171
8955
7606
1859
3116
6771
4313
296
5786
842
1673
4634
1107
5977
4904
6341
3747
4046
3998
8845
6825
1086
6209
3361
2580
5897
7964
6542
8609
5290
5008
6780
4246
2615
8640
7363
9386
2953
7659
5172
3796
9333
9807
4903
5310
4711
1245
9058
8758
5243
7904
5583
6329
4113
8945
8910
11
6909
5452
8620
2199
461
5401
6445
3076
4041
3808
2462
6995
1468
7635
791
801
7443
5694
6112
2154
6939
5170
912
2183
3075
6496
8512
7188
5441
7422
7200
2350
2875
5820
4550
3336
1222
996
6412
5263
4805
8875
2259
6273
6510
3050
7075
3953
8745
3188
6108
5684
8359
7021
7867
1434
3518
6380
8623
8959
3802
5823
1310
6678
1644
5861
14
2867
6857
6427
8130
1662
5302
390
7936
1813
3440
5012
5767
2185
8200
1876
7870
6559
8897
5738
7994
2415
2118
6617
1375
5921
2441
2686
2599
4086
8547
2613
6953
5405
9041
5084
7067
4343
5474
5004
6157
8914
16
1924
1100
8216
3800
8970
4776
2698
4708
2770
5114
6827
9387
6490
2748
1829
9176
5347
5915
7724
7961
2868
3129
7002
7953
197
1346
3427
5201
7503
2342
5218
9427
3443
3434
3228
2414
8210
5927
7123
981
1042
3950
369
7532
6698
2198
6709
2046
8114
4434
8
983
7563
7011
8936
7761
8357
2364
2963
5860
4707
8181
5288
8150
1616
8517
564
9827
4445
7687
808
5487
1638
1177
3019
8337
3376
9729
383
1490
4163
392
2473
1727
7403
1410
9489
5760
3774
2452
1621
8481
634
6909
6631
2250
5427
7196
2077
9872
4884
2885
5359
6522
4063
8379
4859
7439
8108
5243
8930
2272
5635
1403
4000
3039
2813
3489
8800
6588
5942
421
5069
6576
7331
1701
8826
2758
8897
903
2630
3782
3789
7989
304
7853
6369
5164
5292
4478
407
4222
6751
6043
5626
751
9083
8440
4241
7883
5028
183
8304
98
6759
5635
1799
5586
8393
697
6490
1024
4479
279
9014
4784
8132
5383
9948
3425
9861
356
7648
6612
6400
3275
7364
5483
1715
1605
3366
6743
1789
1671
6842
8549
7306
8642
4135
5700
9339
625
6724
3819
905
5738
8603
9038
1122
8552
2463
983
8908
112
7596
5309
3387
4961
792
5102
6566
4158
1846
8356
5830
8689
6905
3136
7331
1040
8836
6670
1666
5561
490
2571
1299
9094
1610
2422
7646
4074
3405
6555
4186
1002
1864
7574
5963
2656
2676
2530
6815
4523
886
2646
3212
7791
5782
543
8832
4619
7214
499
180
7704
3071
1480
6799
4681
3902
4445
8755
7308
1001
2942
8311
2866
516
4275
5523
3193
6806
2338
7717
7692
4985
929
5484
767
1473
4317
5387
8688
4816
5567
6393
7887
7048
3192
2569
951
7638
1324
8260
8639
4267
6571
1506
4783
847
7029
7977
7653
9368
5694
5346
4353
6624
831
5120
8098
5148
507
6786
9965
6075
3179
7852
3124
6372
422
4076
4010
1747
2336
2650
6014
8908
4156
798
9755
1185
8775
7408
553
4470
2754
4906
1094
3585
27
9192
8734
535
5978
8699
6611
9158
6552
9735
5531
6974
3812
9541
8722
6148
2192
4736
5057
6349
5534
4812
7535
4310
2221
8089
8780
4976
2996
9874
8562
3024
9067
7297
3559
5046
5996
171
4204
2549
9906
9735
9524
3719
9277
8246
9867
1470
2983
4924
7820
8518
9737
5355
2828
1959
3445
1609
6935
6442
1483
5498
9466
551
2795
3026
5597
8792
3197
9802
1342
3104
9538
867
6823
8816
9114
6691
286
2097
1616
8106
615
1353
3462
3444
3313
6908
5053
249
3350
6537
5747
2817
7088
8543
5843
2685
7335
9040
2488
8678
2144
2026
9545
8968
842
8659
5659
1129
757
7275
9235
1372
8629
2698
4816
1942
9607
9869
2191
2957
6406
7938
5774
3495
6481
1618
6180
3817
658
8669
2496
2803
695
2041
1772
1537
701
7431
2666
1458
4706
1902
2831
3335
4601
7647
5277
4208
7517
7468
7166
3924
5407
2941
7419
1889
4559
3600
5707
5218
2269
8203
8022
2964
245
9794
4502
946
7226
7169
2405
1932
9072
5236
5268
3674
2884
546
7882
401
8015
5049
4326
3423
7990
1745
5312
2550
5345
1019
7769
7615
9223
5791
580
9468
5586
5082
415
2812
2252
2820
4745
1325
8056
14
4999
941
560
2882
1343
8576
7931
5669
1999
5922
7414
7311
8472
2760
8331
6242
375
7554
2033
955
7023
7620
6038
7438
433
8291
258
5179
9616
8315
5193
4615
9257
5754
7498
600
4330
5429
6269
6329
1351
3683
3641
9824
6444
1973
6066
6819
9527
8100
7775
6551
5721
3814
3989
6154
2105
4248
1333
1721
2564
6526
6337
1821
2281
3835
2421
6611
9265
8690
2941
617
2374
6582
442
8818
8556
6508
5638
8084
4609
3414
4635
330
7228
8624
6484
9333
2873
7818
1055
5437
4345
7393
7258
6626
1229
9680
3237
494
8370
6179
1112
745
2762
1554
9563
1318
8062
5202
9402
2672
8616
4037
3002
5844
2662
9487
5178
5535
7305
6233
973
1650
3627
8232
8276
4856
7912
1514
5351
6283
7693
6463
7028
455
8017
6592
1773
6080
1794
1175
8752
410
5213
1755
6254
7875
1242
1432
3411
8548
7666
4384
199
1293
2616
8476
6150
529
9990
1502
6812
7684
7965
3840
8139
5983
432
9913
2064
2227
1089
816
2637
6302
2572
8891
4178
3815
324
7589
2363
7990
1974
2562
9284
4590
1038
5435
5119
1029
6937
1932
8713
4903
5772
6853
886
6205
6767
2951
8432
7856
3767
1070
4159
6340
9961
8338
155
286
5927
2519
8277
7901
5081
7562
2492
6120
2997
7611
7150
9935
9543
5864
4838
5316
2717
5725
1522
9484
8676
9955
7341
2444
1025
1500
8784
987
9838
8940
1273
5766
1459
9550
3668
6541
7112
6160
2662
110
3772
9812
45
3316
5676
4884
8632
8394
609
155
7879
9286
110
5220
1730
1136
6721
515
2123
6559
9455
3396
2326
914
2947
5994
7456
59
2154
118
170
5927
9930
215
9243
5607
5099
7876
4002
5709
8032
1881
4995
8142
7101
6725
9278
3822
7241
1402
382
6696
4798
2708
7611
7745
8703
5067
7805
858
5185
7976
6785
5116
8191
6029
724
3291
3905
4726
9000
1937
6607
3995
80
3708
721
9359
7531
7962
761
7913
4659
5560
621
2270
3306
9325
7337
1112
183
2523
9088
6968
7639
7279
2997
8364
571
6903
3090
9572
8840
9697
3567
8921
3406
4289
8280
937
2252
9042
8850
6911
4602
9472
9181
7908
8797
6519
9020
8981
9042
8108
5950
6682
5388
8947
5046
5960
5851
8137
5532
4692
7835
9099
3613
1241
3389
1893
2179
5641
936
1029
2552
5538
502
1734
3447
9300
8253
2467
8282
7296
576
4232
3979
5965
3180
9025
1925
9031
7163
7457
3723
4998
6557
7336
6239
9946
9230
8418
5588
166
9448
8140
5705
9951
9874
9152
9252
8128
1620
7534
5424
2196
1766
9403
8161
4946
8429
87
3978
5592
7544
7701
591
4101
5037
6831
4048
4268
5250
9636
4435
4699
7777
140
4650
7651
9292
3903
5780
912
1438
1205
3109
3205
608
1271
8152
9038
1358
2130
4631
8902
9831
5222
3004
4869
2053
7052
9137
7304
6689
3572
2003
4466
3713
6653
2117
3005
557
7898
3918
1995
9103
7027
5200
9712
8298
3352
8750
9656
5482
3382
8559
5314
8604
1564
183
658
8616
9321
7962
5305
2894
9965
9771
6607
6619
1889
9613
7177
9788
3531
9172
8891
558
4373
8603
8857
7725
7354
8514
3208
736
7074
8522
9341
8638
8706
9999
7255
8027
7962
2560
922
7928
2332
7529
4548
4222
7142
1725
4010
673
897
2901
1232
5271
1505
90
2996
8859
8605
6205
9596
5679
4728
8937
4317
3434
8937
1572
1462
6899
4133
2384
4828
6465
9914
9376
688
7056
1101
4698
7730
1999
7600
8963
7270
9106
9053
267
7966
7659
6472
7562
3338
1201
6499
7655
4635
5437
9228
6098
2337
3361
8483
7165
9827
8397
6541
515
5454
7642
5214
3185
9642
2815
2148
6912
1921
1202
7179
9888
8861
3652
7450
2199
4853
3950
9855
9489
9387
9084
5587
1724
2445
4071
8890
2273
2468
5431
2789
7922
3074
8004
1107
2716
819
3256
9629
2741
4459
6809
2629
3320
461
79
5520
5315
4030
5376
4804
3418
4460
392
5142
6906
4463
4033
9179
6932
9464
1969
4855
2539
9973
5963
5256
792
9219
4885
3534
3678
1695
6163
6999
2156
6243
2520
7472
273
7896
2277
3691
2356
2670
8834
9263
7133
2868
8443
4066
2332
412
8921
4872
385
4884
128
1178
4104
5014
4712
7783
6709
876
4782
8866
7119
7303
6338
7393
5199
8616
1085
7556
1286
9920
6819
8420
2788
5262
2486
5121
5674
1408
9993
6060
6293
121
7238
397
5135
1951
8181
1845
2827
2963
711
9947
267
7050
7340
5466
5666
8425
3022
6953
8346
9842
5373
1134
5105
7860
6255
780
9268
6248
6840
5561
6370
4079
5959
1506
6030
4140
3351
8858
7104
4063
8805
7371
1113
6146
2837
6780
4571
5860
3733
2917
5703
9106
4052
808
6966
307
1588
6235
6555
8428
1796
2925
2508
7756
4432
8539
1896
7783
7397
9001
1846
6203
6372
2960
2349
9210
9740
6921
5070
3474
9839
774
2580
3891
1582
9547
4199
3170
5783
755
1599
7580
3681
4108
5336
8113
2647
7233
5896
45
6234
7742
6248
2606
703
8598
1816
443
5519
6887
3917
5359
7662
6498
9250
9244
6046
3449
2415
1829
4204
4015
9410
7885
8123
4746
5999
770
1979
1895
815
8214
9638
7064
820
341
5662
2637
785
1182
9525
4702
6541
7187
1201
5792
6432
7247
9242
8848
9077
3447
2863
8487
1333
986
3234
7332
1757
5214
9227
2573
3428
8865
9637
4249
9207
5300
6887
9992
6482
6413
4695
3023
3601
5896
8815
33
3144
8057
8882
2222
1505
1745
710
2838
2732
3945
170
4489
9159
9397
7063
2588
8263
6701
6838
7470
2001
3725
7463
8483
139
2158
1507
3740
8055
323
3774
1200
8381
2656
3423
9886
4402
4133
2724
7134
8078
2894
1624
7238
2292
8687
9827
555
5389
6665
8026
7390
391
5490
5874
530
7649
7381
4271
5705
7704
8045
6905
6086
702
328
5972
5104
4462
8697
2239
2541
1591
3864
9780
3884
2551
9607
4439
7940
6273
2466
5331
6664
7956
1205
7195
5605
8587
1466
1311
6291
9512
8216
2378
214
8545
8350
5319
3008
7048
7558
5550
8640
1422
5330
2524
3974
4938
6963
1915
1211
9430
7247
7876
7386
8452
5071
2992
7039
6537
4304
3331
6049
2520
5709
6264
1066
4060
1584
4075
1108
9143
9625
9749
565
4956
2273
4540
9894
9236
6456
1105
8667
3703
8982
6054
2156
4053
9047
9195
591
3351
2527
6641
5872
8237
2905
6938
2298
4490
1013
3407
3633
639
3156
4199
5595
5429
8739
5489
4666
5196
6595
3333
8900
5577
9387
1056
9631
8434
252
222
1786
2779
6863
7658
1017
9769
4596
3315
4259
5610
6722
7892
6249
9878
2091
1845
5307
831
7334
9973
6027
3930
3307
4927
9508
2694
5984
9139
1129
6236
9361
2915
9016
6225
573
33
5994
5170
3348
254
780
70
8146
7030
9949
238
8875
5256
1069
6210
5230
7097
141
8537
2025
9649
1231
8009
8788
2361
4246
8150
5276
3262
4376
5850
3295
370
1020
6644
624
1801
6714
8771
8832
6663
9010
7708
1920
79
3919
7150
7177
4060
5687
9202
3710
6919
7212
2499
9281
1458
650
4558
4720
5026
408
8016
5396
1429
4660
6021
3231
1375
4793
2064
8039
3803
9772
9960
3883
3692
7110
1061
7752
2798
264
1463
9718
7476
3962
8999
8935
4612
3557
3656
9638
3966
1672
5035
5395
6333
1057
8627
7709
5851
691
5748
9655
464
5708
3538
4156
2819
4600
1909
5617
4864
3372
5336
2341
7335
4335
1276
1947
7893
4932
1586
1859
6605
6622
7255
2938
7679
5882
647
3531
6574
6396
3186
7038
2104
6725
1194
4924
1325
3103
542
6190
6476
5878
8531
3811
214
9808
5759
8107
4740
7345
9967
1345
3968
7223
4284
1648
3106
4931
5179
9680
1328
8365
6719
3432
5090
7913
8357
6416
1017
8899
2606
7494
4777
1138
1305
4992
946
7064
3100
5686
4410
3067
7032
8378
291
1316
26
3397
6248
5205
3078
7576
3571
9797
1009
8662
7711
9367
5078
8729
8266
7685
6223
3044
8823
7528
8036
9769
4593
1136
5455
9004
4204
2488
7382
4495
3805
7409
7893
53
2615
971
7630
6187
769
8640
4849
8480
8007
9927
7209
6274
7612
3432
9318
6435
961
7354
6204
5554
8491
1660
4558
2695
4149
1941
7191
7954
9351
5084
8008
1966
6056
5638
8154
6825
4279
3003
5305
2287
2931
2515
8561
543
5948
7879
6979
6909
5234
3184
2463
3725
4845
7022
6421
8994
8963
3612
6949
8315
8696
4957
282
4752
596
8436
1578
4875
1439
6883
7163
4370
9399
5724
4914
5347
3604
1894
2256
8838
5078
4720
2564
9924
1743
8985
8919
707
2597
5868
9022
1294
825
9304
6046
1421
7740
7624
6297
9180
4508
3460
3550
3908
9185
8465
9255
2789
359
1512
1627
5438
6233
4191
5362
7976
3176
4281
8683
5774
149
7705
7068
975
7010
3115
2397
4750
740
8694
3930
5248
2155
7481
9157
1340
5946
8412
4129
6305
9925
5757
1744
6158
9949
7106
4134
3126
1388
2818
8900
1538
523
5968
2513
7534
9084
4910
2284
9824
3605
6215
5073
5761
3696
4230
7101
9642
2642
1231
5948
2568
6989
7692
8726
6938
4799
2861
65
6187
5680
8965
7726
6204
4934
240
3738
4018
5151
6022
3843
8756
2237
8916
4518
5934
3146
1619
5577
5789
2851
1526
8357
9841
9218
7084
6780
4018
9946
6845
206
5626
5810
7932
1830
745
8172
5568
4764
3324
1591
8607
2080
3829
7523
6598
9763
669
8218
5340
6458
1070
6867
4816
911
6086
1900
7691
104
1847
4537
310
7473
347
8243
9303
1093
6416
4872
5857
9740
6463
4465
1821
292
1988
8420
56
2658
6639
5397
9116
7710
2264
3933
8621
8350
5834
6313
8454
7681
851
8765
5154
1198
7009
4458
2292
3426
9331
8150
3166
5794
2615
4988
6087
4603
3409
6143
7261
48
1541
6378
7758
3805
311
6380
2155
6146
2694
610
3827
3545
9376
8982
4744
6385
3441
7037
9811
2772
5187
2978
8567
7802
7967
4654
2406
1376
798
9668
1425
2339
6046
9183
6145
6358
5564
8301
2505
8259
8912
6332
1805
8288
5315
6550
4674
8756
3587
4486
1528
8774
7465
96
6577
5432
4750
8984
6809
5549
8652
8234
7889
4698
7418
4034
1057
2982
2335
3562
1242
1247
9895
3047
9536
5210
9597
4211
3967
3185
8697
5495
1960
6163
5591
8537
1595
342
7521
8404
5892
6173
6638
3781
872
4057
7815
1930
7039
151
5493
8282
1399
5388
1330
935
599
928
5146
4566
4113
3844
62
6073
7
5654
4611
1603
5996
2133
8
1888
8306
6647
5670
9179
704
3485
1110
7744
3637
6603
6026
5036
1992
7357
5972
2591
8285
1118
7158
2398
4963
7220
8472
4970
2874
3083
6574
8871
5216
6582
760
3523
3229
6430
2703
3934
9916
3813
1678
3553
417
7704
8589
2409
5062
4561
5001
3347
5680
2159
5746
643
9379
4218
5614
2254
7302
2189
1125
2519
8771
1885
6043
2001
8316
8746
5935
8232
2560
7613
1785
2978
5318
375
5387
380
4937
389
3728
617
2549
9474
1261
1929
3693
6876
4183
996
9065
5309
3515
7837
7195
9558
9838
5511
8305
5774
3743
866
3387
5529
3844
8706
5904
9232
9087
841
9622
2815
1459
2171
2290
2720
4100
5983
9597
8284
6979
8662
3593
495
6499
788
54
6338
6299
8360
2112
43
9226
5500
5572
3071
4207
1476
2303
3294
2318
1925
6110
3777
4097
8401
6498
8198
4384
6095
6482
1364
4758
76
1860
1258
864
1914
7596
7164
275
9708
7207
9502
5209
2780
2573
9416
4256
4877
2711
6574
6803
8821
352
900
7222
6851
9098
1607
2947
5580
2972
7705
5656
4833
8963
6521
6748
6559
3686
7023
6268
894
6525
1477
3674
9098
894
7930
3975
3605
4505
779
2426
4858
1679
9649
1709
777
1257
4656
6358
4230
2362
2015
9063
1325
8537
5811
7885
2223
2834
4154
3117
9360
5632
6791
8459
6526
4722
2435
131
9228
3214
2558
4086
4893
2208
5796
5671
3465
453
2029
7695
2815
4045
6759
4141
2582
2570
2027
4805
5405
6181
7923
4765
1814
4714
3224
8340
9437
5659
8472
8665
8874
1030
2751
3767
3238
8548
9438
6704
9001
1468
4400
1816
5513
1159
5957
8096
3730
7985
2901
9135
4166
825
3901
5981
5540
7126
4321
4977
2786
2793
3642
1660
3824
6394
5427
7062
4942
4866
3766
3944
6335
8167
5760
1848
9326
1718
9944
3056
9703
2846
2191
3870
3671
6093
9851
9212
3219
4173
4189
6005
6967
7832
7665
791
4227
3093
7854
9170
7959
1621
3114
4294
9788
8875
6143
9114
593
6088
2171
297
8934
4363
4168
2606
456
4019
1818
3675
8193
6008
9680
5160
3841
7345
5951
8068
439
3806
7238
8398
5427
353
2693
5215
9228
8836
4330
9822
4924
6501
119
3859
864
4287
6466
1320
8307
8285
4995
6500
4293
4676
1661
8135
2022
7613
6203
2461
1419
3442
860
6846
3796
3553
2062
3024
2390
6392
2846
7315
2893
2966
1174
3758
7254
7641
5078
5561
5926
74
2062
220
4751
3723
8355
6773
1337
4559
9235
2756
8002
95
9603
1798
3649
1666
4823
6039
8058
7670
3354
952
636
4529
4711
7890
2170
9789
3452
8097
9864
5515
8317
4615
9239
6673
1389
576
1232
625
3333
9234
720
2937
1033
4370
4603
5856
409
2662
3526
3764
3615
4162
8294
8326
2053
465
8116
5506
8562
7980
1021
6880
2596
260
3553
3986
836
4786
4611
4170
4020
5331
7107
5054
9702
1711
910
111
4373
4436
3876
7989
8599
2170
6315
653
2635
4431
6159
1198
2412
7180
8078
5008
7440
1631
8995
8277
6417
3606
2447
438
8938
9555
5493
8640
1266
6403
8752
5640
840
2628
3629
9439
4799
9945
92
7435
4376
6252
8633
6788
3432
6711
1797
873
8343
792
9151
4761
4399
1599
5200
3337
1154
693
1978
2421
7097
730
8062
7937
3358
1692
7377
8158
1637
7470
5593
6014
3722
4226
2803
7155
938
4601
8029
9282
5393
7180
4043
9793
8779
9244
3130
9934
9937
5109
2356
7034
5839
419
4971
9198
2111
2349
7356
3749
9819
2950
9763
3541
7177
2566
697
8115
7168
8726
7397
2562
5906
1441
2355
4686
685
5486
4620
623
595
6977
7657
6434
7396
2629
5633
9508
4978
2989
3257
4798
5939
3021
8339
3116
5588
9036
1232
2756
7763
8630
5318
3669
71
7673
8355
757
3160
2976
1380
3755
9953
9038
190
7350
1667
5823
6859
6646
8813
116
1444
4752
3138
9784
7869
8726
8821
9102
1483
6584
7732
6802
253
7804
4476
8609
8561
7636
1585
9941
1391
1539
8980
1582
8890
647
7405
5749
7294
6218
5866
8738
971
9004
8523
8841
7731
7344
7943
9215
3929
5676
6017
4183
3480
493
2792
2042
8129
4378
1984
9521
5918
964
1103
4808
1612
8509
558
8906
4727
6424
7645
5699
5429
6168
4541
3160
3513
2484
2375
7443
8161
8393
1626
1641
8886
4419
3684
7016
8797
5668
6537
4716
6632
7641
9525
8244
6150
83
7151
878
6507
4796
6577
1936
965
1119
5097
4479
3603
7473
1922
1765
5866
3549
3406
4753
7968
7090
1769
6766
2759
8306
1482
9391
5948
1007
7636
2098
1090
4788
2976
7598
9584
9554
9535
550
673
4632
5029
4277
2105
6952
6042
7972
501
9449
2725
8469
6540
4494
5236
9299
2801
6718
8691
8749
7726
6328
848
8817
1116
3824
6416
701
3379
5951
1251
4053
583
6281
8330
2689
3233
4373
661
3734
3822
3386
2204
363
7881
7440
9663
682
4159
8354
9432
1886
4683
280
703
5799
4105
7119
6500
7484
3071
7752
1538
3655
4033
9868
6344
7266
4242
7006
1001
8065
393
3205
8428
8274
646
8092
8957
4805
6446
8390
6692
1129
8670
7395
6929
2776
4515
3430
260
7586
1182
1799
1242
5215
1668
7586
2482
5910
4593
3483
3976
4986
6688
2404
3260
7335
496
2218
2141
6943
608
8833
8073
9279
6228
5003
2055
744
8433
2316
8331
9616
4115
9573
4831
5783
7160
7313
1693
1753
797
5669
6739
7486
8074
0
4821
8571
2219
6962
5515
2828
5795
3589
2107
2024
8592
4162
2769
7026
6478
1100
6642
593
674
1474
6377
7834
8788
8071
9588
9585
3740
6327
7071
1815
6328
1893
387
8548
8855
5903
1376
4651
9492
3483
6675
8085
7645
9444
5111
4124
545
1753
4718
1219
3228
1095
9053
2016
9166
8642
1602
2907
4970
8673
4723
1298
566
5110
9846
9422
1013
1223
4073
506
4706
749
8591
2352
193
3702
6476
738
5456
1195
1958
8684
2290
1012
701
1457
9654
2303
4365
4624
977
9088
5923
1544
4199
5770
967
5213
6993
5040
5719
1699
5790
4310
4051
5983
8013
528
6722
3470
1723
8681
2155
4014
9693
2856
5472
9347
5160
9837
3972
6138
8925
9895
7683
3124
5665
8650
8337
2658
3691
4057
4358
9481
8368
8410
5465
6381
8939
2188
9851
663
869
2007
4678
563
4864
150
9910
24
9987
3883
6163
8913
3778
3846
2038
9444
2497
376
2103
6189
4433
6462
5670
2801
4872
1136
9183
3811
3324
9035
4475
4194
1042
9153
4757
5906
9303
4668
5931
9291
8551
2094
8205
2330
5941
243
1775
8439
620
3879
4628
5054
341
299
7856
5214
1436
7039
9026
4761
6074
3501
8955
7117
2654
3713
3023
1957
8381
8955
1249
6933
1050
9454
9264
6991
9698
1039
5431
319
4918
60
5373
5260
359
3229
474
1796
269
9500
6557
6344
3001
5513
3461
5655
9226
6485
7613
7608
5440
8862
4542
6490
8317
3806
3482
8015
4846
8914
8334
9765
8974
3708
5025
9334
6938
5500
1130
7207
5000
7688
3551
8002
3201
7013
3658
2427
3498
1271
36
8939
134
4578
5430
8451
8384
8912
6467
3231
7827
4802
2996
6801
8510
8022
6135
5448
3522
7266
2656
8522
4954
6207
6525
8155
3221
183
583
6719
1455
619
5659
1589
5198
1089
40
3583
2
6508
6814
7829
1310
9810
4630
9821
7832
766
5270
1355
8033
7926
9877
2987
4134
6403
1143
7356
6586
1727
4075
8041
2347
9735
9630
7545
824
9671
1128
826
6180
7943
8655
7491
7754
3286
7312
5587
4053
2583
6942
2086
510
6820
5074
4645
3223
6218
2001
9809
7945
6077
7851
292
5812
7482
7837
6636
7154
8966
7463
3334
6910
6119
825
4664
9406
8138
251
3460
721
7193
5546
1232
4013
621
5877
7236
6839
7879
7046
4784
3956
4897
5077
9768
2379
2915
6405
9533
1881
3869
2868
8791
9988
3693
3456
9395
1832
3707
2855
2554
900
8401
3786
4914
9023
9664
2150
5863
7543
9197
648
1499
4094
5725
1268
6474
8640
7674
6008
522
1544
8876
9314
1532
2570
2770
927
4402
6477
3782
6956
7378
2184
742
2292
1208
407
4443
7071
7950
3640
7719
9450
7735
3445
719
4210
2085
8394
218
2608
9938
9094
1922
1470
1664
4692
2398
6067
1170
6181
3023
8548
8366
3766
841
9574
4173
5284
6646
2124
8925
4365
1574
6660
7810
2294
871
9896
688
1089
2504
626
183
4426
2097
1848
9119
4496
7915
289
677
939
8837
9044
4705
9678
8618
8879
4963
5264
1003
3888
9630
2578
549
7441
4872
1420
7337
5561
2510
9842
6187
2694
4269
8285
4542
3388
2781
2458
3677
3459
3397
2515
2503
8103
2194
1122
6983
7158
6386
7986
1046
6016
565
1596
3457
5438
3017
795
999
5528
637
7187
8222
4906
5472
2764
8295
8254
5223
1973
1713
8621
4488
4217
6724
6683
5339
3707
3841
1725
1694
4888
7742
2259
6485
1200
7698
9502
1996
8697
5030
2633
5884
3253
7540
1357
6017
5835
9611
1241
7808
1324
9862
2297
5542
6587
8980
881
295
2821
2606
1989
7710
349
4249
4195
1550
1947
3698
3546
645
8729
6179
6529
1982
3720
7887
8000
9556
7498
9241
7365
8823
9104
9662
4365
5691
8643
5246
5986
1465
7853
7976
9175
8203
2226
3370
9753
4174
7068
3299
4819
5797
9479
1349
7779
3199
9236
5779
2755
6734
5021
121
5558
4125
9783
9923
9816
8427
5170
5803
9892
3024
3780
9067
1228
6006
2438
981
180
9507
4280
4999
5305
3760
6348
3085
6959
5585
8865
9715
2320
3886
9837
7878
8011
9620
7802
7828
8048
2973
3632
7940
5997
7412
7008
7226
3418
9447
8207
3598
8954
2488
8598
4259
6248
4947
7344
3208
532
6209
2924
2852
96
2761
731
8108
2382
8534
5937
430
1507
9569
8370
7505
6982
5379
4731
400
4826
2938
3999
3780
5427
2598
8040
1675
7545
5385
4884
8078
1595
7808
930
1691
569
1662
9799
2951
196
5736
3382
1703
5306
1752
9209
2288
7131
3940
2689
1957
6879
6688
5738
2306
9286
3778
3982
6832
9163
8866
4910
758
6675
5841
2449
7244
7503
2249
196
7700
7986
3578
9404
3292
5331
8613
5581
2463
2554
8270
4420
9434
4959
158
1741
4246
3937
5723
1078
3100
4590
5988
3859
1265
1829
6309
8510
9333
8558
8707
7033
6545
2285
6437
9838
7617
5051
5419
80
7605
3690
4501
7039
8649
4660
8780
2895
8597
4504
3974
1698
9094
9962
5557
360
1792
1866
8870
1125
425
7578
8159
6971
9864
4596
6809
7481
9647
2229
7561
7253
5920
2062
4292
4569
6723
3073
7465
5320
7577
1440
7018
6671
1402
2576
7032
3195
4442
5902
4321
4868
3480
2480
1839
3344
7077
8649
826
6724
878
8388
3978
6798
450
8270
1368
7173
1343
8834
2494
8920
274
9513
5592
1677
2089
2624
4872
6532
8527
9194
1400
2008
1674
3240
5353
8751
1889
6179
5476
2768
4567
9454
9566
5018
7725
935
2192
9069
9769
4687
7989
44
4200
3582
1721
6289
6207
6594
2821
4734
5789
4222
6743
7463
7462
2096
6215
9352
8276
1692
2120
2844
1147
1687
7863
8873
2623
55
7942
2392
4743
5931
2437
8943
9514
4159
5233
5721
753
8054
456
6542
2277
7199
4006
9740
9296
222
9092
7572
1915
1213
417
3062
2900
8280
1935
5523
8336
9877
7916
3079
5809
353
2022
5324
4513
7256
1045
5266
5310
1502
1809
7588
8701
5816
7328
7997
6039
6421
5570
7954
7635
5987
1017
535
4267
2953
6059
2603
2831
3976
5683
8640
4330
7705
3965
8843
4961
5011
4110
272
6513
5920
7861
5214
1736
5190
3212
7775
1611
8782
5730
9246
4770
6747
9782
9037
9700
5842
1641
2531
9819
7324
1172
4149
5030
5138
2993
9992
149
7103
265
6662
3023
8126
1877
4760
3316
5090
2536
4928
3872
8267
4175
8643
5014
3957
7680
4715
9800
9322
7246
9619
6646
8419
3769
1677
3557
6762
1669
3706
3865
1934
369
6889
60
2246
1650
3377
7336
4186
8305
1209
2453
2480
9852
7468
6438
7533
2183
6239
6856
9430
5858
3503
7850
9627
5180
1407
6390
6849
5114
255
8783
5484
7145
8844
7731
8795
2221
5067
2982
527
6277
5436
3007
6130
2904
9446
3664
5088
5685
520
4519
1544
4023
2369
1172
9204
3777
7562
6053
8892
7818
4837
4376
4963
3681
2107
3759
5903
7175
6741
6430
3452
2178
9438
9583
5082
8885
3248
171
4570
3768
4690
6115
7792
7060
7287
6996
837
4849
3050
9729
2667
7887
4105
7631
1569
6213
1390
7473
3388
8132
3903
6841
310
3342
6424
5393
2227
9672
5565
6798
3441
255
2913
1234
7315
200
8231
8153
5050
1281
7882
7718
9169
1988
5350
738
8201
6741
8212
1589
4873
2115
8431
5184
5457
4856
578
7685
4529
6143
4483
7970
6398
7396
9205
3714
7597
7436
1867
2648
8718
9750
367
7887
1739
5717
8626
9940
2458
6838
1530
7332
8954
9961
2516
4412
4817
3094
2097
9346
9237
6581
7317
5636
3978
6522
9351
1576
3959
1219
4224
2677
970
4592
565
2709
309
9192
2649
2768
6031
4179
100
4985
4141
2617
9398
8958
5711
1495
8305
4949
8076
5622
586
2054
2145
9937
3630
6104
1157
7855
8782
2127
2448
9348
4836
2757
8540
7485
5526
4572
1665
5627
9557
5806
8244
8955
4765
3956
451
3070
8905
8528
8693
9492
583
838
9430
4214
6942
587
2070
5725
2714
4518
5073
7551
7276
3614
5037
2802
8186
6702
8429
7744
2509
6673
6700
7275
630
7151
346
9536
5680
9039
9028
6263
9877
8458
477
6820
9046
2548
2546
1761
7066
7620
9312
4342
1234
4349
7144
9421
1052
5574
7165
3562
2247
3865
837
2878
1017
1183
2414
6697
223
1442
2961
101
9901
3439
6921
8947
5987
9468
708
3053
7088
21
7395
8323
4370
4540
7744
5422
114
4909
8984
2362
8775
9822
5240
9793
1005
7655
6491
1229
9098
9452
1330
8999
2892
8252
7947
8879
7720
8656
1933
4809
8677
9329
3132
3047
3870
876
8470
3984
5786
7455
6347
4562
7277
1588
4356
8283
9243
847
9512
8341
300
842
7341
3192
9095
5288
2072
6816
3945
4005
1625
2622
3334
4757
5670
7204
5634
4141
1189
1421
1596
7537
5983
8874
9125
339
7157
8369
1187
6670
6710
1487
7513
4052
4679
6608
9340
6751
3424
3286
757
5049
5908
4092
9807
1579
1297
5441
5720
2486
6863
7317
24
2846
6191
9149
3186
3349
7518
4373
19
4229
5861
7532
8281
540
4141
7622
7292
7566
908
8049
2615
6817
2141
2423
8396
3438
7865
4117
5925
4728
1434
5949
7575
7626
5099
761
975
2617
5135
994
6847
996
8527
5128
1537
2669
2751
8829
235
3659
6879
2851
477
9020
5274
8873
2459
3139
2991
8385
7868
4425
4335
5443
2052
9434
6205
3027
2052
1340
4022
8899
2337
2550
4028
3874
5219
6780
2704
5454
440
9583
8305
917
8604
3580
9790
1064
6719
2782
9449
4587
7207
3784
31
9259
3219
6236
2287
5271
7576
6310
4171
9914
8860
8199
3788
4080
4979
6493
9534
5419
6076
7840
6337
4680
1420
6128
5744
8140
8910
5194
2728
6117
8979
2759
5377
2198
8995
7665
7469
6572
3975
1640
6486
2836
9840
275
6916
4820
6768
6451
239
2845
4291
6577
7526
5712
2705
3271
3852
1615
8465
6581
7733
7444
9340
3111
9642
8336
776
7111
4908
4752
8752
1395
7588
8592
1671
4505
3412
8440
956
3652
1285
5248
229
8812
961
2934
2083
4813
4549
548
1395
2283
7992
735
5394
7635
9071
6171
4747
3980
923
3499
5376
8512
2091
7047
3018
5503
5488
3974
9156
6774
9223
9385
5586
184
2320
7669
4998
6870
8217
6393
9153
6210
7128
4547
3845
6200
719
8592
181
1642
2091
5557
155
4183
2605
3173
9686
8093
7148
8842
4867
6371
8228
453
6555
548
8122
1554
7418
6340
7947
6572
2550
5076
1120
6396
1277
1839
4988
1458
3482
7080
7015
3637
1263
9620
6811
950
7714
3959
9793
2581
331
8021
3035
6887
8570
1158
8441
5989
7498
6389
2561
48
1465
3681
6444
2742
5520
1433
4200
9003
8513
1216
2640
9776
837
9452
727
8551
3412
520
1133
3743
8542
4168
631
7112
5326
9072
3102
2824
5462
5663
2873
6927
9344
9318
9670
4865
751
3870
3868
9264
5087
6509
9041
5924
5961
9769
4475
9374
289
5609
3117
8832
9777
3749
5944
5104
2821
9046
7929
8284
4710
802
5211
4055
121
4881
8920
872
8752
2789
137
3840
9298
9179
9764
5260
8948
4240
4635
9237
9849
7752
8069
9627
1501
4014
4732
4323
3061
2661
2607
7771
3464
7819
1827
3585
2701
747
4457
1454
3537
4595
5294
2836
3774
5058
8097
2722
9299
2732
1960
9149
485
30
8777
1987
4045
3509
6311
7106
6170
8918
4878
9635
6738
6705
3220
9439
7453
7678
894
990
2273
6188
3827
6047
1247
1924
8770
546
4656
731
9695
5141
761
8472
7128
4806
1982
3439
1912
8153
2358
6791
7788
9097
3497
1008
8537
950
8687
9431
1941
960
5619
5768
7008
6866
7693
5779
7413
2349
6510
7109
7491
7271
5582
4620
2078
7564
8059
3991
5717
418
782
3505
9515
4279
4514
8053
5230
3201
7484
7172
4162
3103
2940
1171
9970
634
6950
7383
2983
3461
4492
475
732
74
5095
2810
7638
3154
6801
3356
3573
7584
6861
3089
1864
1375
1142
7094
4577
8626
4266
8739
1730
7207
9910
1700
7841
6861
9084
825
322
3576
1300
1055
3651
6395
3866
1290
9550
668
4646
3124
8252
1508
6213
116
2883
7356
7211
7461
5982
1478
6200
7713
8686
6111
9414
6528
2973
8498
7353
3296
2075
8654
4351
5726
5050
8218
7017
4600
8886
1663
7725
7139
3171
3938
7256
6055
1294
4467
3516
7277
5946
9717
4991
4632
5829
4405
1160
8802
2903
8514
2098
4979
7169
6450
705
2219
4668
7722
6820
3555
9386
4545
694
2558
8484
7950
8613
9779
2418
2130
7056
8364
1848
2048
2997
7677
6453
4158
6480
9357
2673
8579
4336
9842
5029
5042
2061
9698
2765
8881
3253
2151
3427
3947
4709
1911
1898
3323
1690
4317
5454
8747
2682
7302
795
5679
4980
7249
9838
1460
6606
2511
39
942
2353
5069
5985
4415
4768
8750
3297
8021
901
6724
1969
5611
8635
3868
8935
326
8185
4389
9073
867
1691
9869
6547
6671
7118
6385
8132
3724
8896
8172
4667
1250
3242
652
5666
8010
9403
8963
6032
304
5688
8002
5916
4323
1870
4851
4650
56
9240
3723
923
932
3593
7470
7604
711
3855
5737
4436
2752
3909
9104
4003
7152
9757
9669
5163
9160
8632
1195
9464
4320
9198
5381
8644
1069
232
3294
1125
9473
7018
2048
406
611
9519
8011
1323
3374
3748
5759
6127
7658
4863
130
4811
4621
9800
9974
3781
8432
1170
3246
2753
368
8627
1398
1437
8860
4693
2562
8333
1711
4611
8740
2323
4130
6751
3646
7505
500
9406
3632
8159
4270
3763
2970
8891
3563
2944
2672
1996
4114
5918
4750
4482
4546
6148
5920
3406
841
8482
1740
2553
3093
480
4877
7224
7232
8523
4729
7733
7930
8361
5892
2200
2125
8863
1091
5689
1807
3764
7685
5922
9683
2436
405
4229
8584
6325
7635
9426
4808
9375
1980
7902
9856
6857
5126
7089
5381
9855
4822
3311
8217
715
5512
343
9578
6604
6032
1386
368
3718
7309
51
6154
7714
4280
4739
4040
1916
4165
8849
1291
6146
6751
1148
3003
1878
8237
8385
1733
3059
1697
9951
3775
7209
294
3354
3814
6327
4740
4183
45
2050
4234
6199
9765
8515
938
3805
432
5104
2654
1723
1250
