5305
3668
5215
360
1067
275
3932
1353
7298
5813
4731
671
866
3518
1189
1661
99
5485
4951
85
5717
3919
9718
4044
8100
1785
7244
8048
3818
8361
1502
9123
2029
6718
9483
3096
6993
3416
4449
4291
9230
9181
4963
96
2699
6152
1758
2799
1638
6709
2884
7355
628
2603
1399
8729
4389
8644
6778
8207
7005
8281
7330
9035
5000
6814
2131
1994
231
6581
6286
9461
5762
1249
9558
8462
7402
1316
1261
9040
8026
4146
6396
8655
6749
7795
7384
1139
6440
4163
9346
3446
2445
6677
2481
7445
3491
4613
9439
3723
1194
5725
3184
6956
6975
2742
5419
4377
4058
6681
3418
2085
827
9814
740
7577
7610
8125
8717
4050
2288
8063
7497
4733
4741
9978
2179
8233
4591
1618
1956
5786
7344
5140
2743
4319
7882
8162
8697
1941
4843
2115
4026
5671
1929
4766
3249
9540
2891
1966
3591
5180
30
1088
9914
4771
1067
2093
3004
5659
3712
4960
1445
1056
100
4188
5376
7983
2351
4073
9924
7194
6189
3950
2866
8119
8717
6115
7659
1608
8082
1250
6788
8112
2338
6703
2884
3406
8796
5888
9065
2509
849
510
3565
949
4699
8942
8932
7050
3016
8857
4245
9205
2807
7112
7324
1524
3228
4983
3133
1310
6233
9922
9423
8572
6625
2307
1978
5422
8196
1044
7931
9045
1555
1497
9995
6254
439
8928
3305
3455
7785
7551
2660
593
4663
9985
2118
7891
4968
5252
9202
1202
5174
8625
9775
1800
933
1754
7222
9130
2798
5153
8175
4353
6651
8171
608
7091
7099
3914
546
4885
1465
3207
5478
6128
3192
7597
4020
8161
2849
3222
9363
8023
1848
9139
9824
2782
893
7046
1912
3691
2200
88
8045
8851
8259
8653
5943
5359
2567
6489
244
4033
9697
5722
161
2890
3320
4182
1052
6169
7404
416
4193
9253
9555
4017
2035
448
1064
3948
4140
3264
4037
2186
2116
2296
840
8059
7656
3408
4549
7900
7441
4247
3623
7603
7138
6943
1785
8190
3113
9190
8607
7306
8443
8162
1324
479
8611
2388
4427
2751
5653
8464
4937
7770
761
5777
5829
8417
9185
379
6318
6627
4627
9941
4230
1765
6884
6015
9956
9998
5205
8563
7304
3649
6726
8628
4128
5337
1017
8556
8089
6670
7020
3027
4440
7782
8805
270
6200
7991
650
2518
4618
5277
2459
8848
7043
9344
4864
7000
9342
70
5563
6647
3719
2290
5276
7847
7627
6293
6404
5717
2963
3424
8744
7404
1207
7549
7674
7407
5540
8325
9925
159
3602
2385
9008
646
1729
3872
7646
1072
3943
3210
7719
7663
5500
2995
5511
3128
9288
1915
8845
2252
5340
7590
9656
6547
5139
7331
3954
680
5657
3880
840
9260
6265
9848
9906
7995
3721
7553
9067
7665
763
6787
5328
6264
9782
839
9392
9071
2754
8238
1324
8094
5828
981
4641
968
8312
8596
1649
3970
2476
2489
3230
8742
2338
3136
6737
6060
689
5805
3725
1453
2592
9053
7717
2375
9892
7110
1446
2646
5349
2770
741
1178
3752
5383
2147
2065
3979
3796
6035
6456
6286
9265
5199
8625
2401
1936
4685
3091
7742
8410
4544
334
7464
2262
2709
7357
9373
4156
3
4722
6927
745
5901
679
6128
8048
2744
107
1845
8779
6564
8132
8044
1763
6757
446
3700
1443
3537
1442
9854
8082
1777
7318
344
4487
4675
9718
8643
4679
4441
5571
5424
342
6250
1553
8391
8995
1661
236
7775
8225
8369
5819
9989
5126
6266
3689
6570
9803
5132
6424
7885
6909
3743
8230
1396
8419
7949
40
3098
2390
5611
8523
2733
1862
76
1124
857
1738
1361
8632
9963
9730
4452
9952
4857
718
3642
1427
522
8774
7851
8408
5683
1595
6639
7080
14
4588
7120
3113
6979
2731
1636
9712
4594
1713
837
5451
3451
2198
4084
3415
1929
8537
3367
6786
9256
7010
8214
9779
5784
6066
8187
1467
7661
4826
8548
7675
9415
5668
788
6394
8400
2425
6106
2994
4139
6944
8446
7591
9142
2531
1006
1072
1068
4374
7858
325
1384
6073
104
7168
2139
8291
8636
9800
3118
7184
7475
2533
2853
8264
8928
1253
689
5035
4247
4828
1979
2694
2420
1122
5225
3426
2194
6293
7801
53
6619
9185
6126
6723
6354
8265
5015
4991
8065
8133
2176
5541
667
5030
3805
9595
6283
4495
4630
531
9324
6610
3225
1744
7732
8451
5171
9927
4745
2972
9980
1364
2158
6107
8087
8513
4373
3102
3505
2438
1236
5682
7980
1904
712
1786
1499
6996
6282
6130
7528
5606
2740
754
7351
473
9205
2523
400
3950
5496
381
5315
7655
6488
3402
6168
861
6505
9674
3300
7742
5357
1281
9646
6069
3068
1146
3066
9350
7277
594
4957
18
1349
2308
491
555
4832
892
4505
328
1273
9820
7983
7762
3223
4152
8624
9729
3826
1925
7471
9183
3206
7118
5253
6274
8264
8319
5625
5541
8914
582
5559
264
2890
6051
819
7722
6943
5325
8051
8217
5145
6034
5979
8369
186
4604
8099
4013
6529
5571
3196
9736
2689
8449
6011
953
6769
1636
6495
5684
2218
2055
5948
5109
8106
6767
2832
5049
2092
883
3266
7238
6917
9246
5608
7104
3850
3707
1117
379
9278
4313
116
1967
2763
6127
2921
9533
7763
9417
5217
9981
1472
1166
5090
9578
7933
7922
4627
26
8806
7894
7264
5723
7140
2873
2827
991
6580
3945
1371
5859
8258
1487
7827
1022
7614
749
555
5377
166
5773
5359
1638
6939
449
1216
4873
8372
5844
4899
7178
3738
2164
2902
879
5038
5730
1870
1619
9675
3241
7478
7934
4729
5305
8957
2343
6055
9513
7721
6221
5286
3080
7859
2226
3530
9075
7099
1903
4920
1999
9082
8658
4164
1985
9538
9202
7716
1408
821
7392
4650
8299
5326
9379
3605
4284
1723
9660
3797
9444
5882
9083
2525
3741
1309
6056
2817
8409
7959
7737
408
7042
6396
4573
9027
5934
3775
6743
7343
4596
4135
1993
2896
9462
1373
6502
3746
3096
6163
7543
2541
2045
6627
5067
5786
7937
1123
8604
6346
9083
6341
6755
6125
2738
1328
5153
8672
5104
1897
6016
9700
6033
8009
2597
5495
9383
9099
9242
2479
5262
6785
5021
7307
3413
88
3094
1350
1212
1699
7697
295
8041
4453
6421
779
5782
1575
9452
886
3472
5468
587
9505
3477
3184
5000
2861
2283
4243
5341
7546
1028
362
4854
4441
451
7948
5792
1663
9647
3489
1959
7688
7942
8381
8468
3724
9956
7920
4610
3428
3388
5197
2934
6866
8382
7935
9727
665
2178
5068
8212
3206
5431
3066
7648
5882
1015
3441
7546
663
6930
9505
8352
4873
7886
6820
8597
7843
4740
3208
1271
8129
8406
4206
4995
6788
2141
4723
7454
4319
9791
5666
7526
5223
8732
5174
1105
9747
8616
8651
410
5546
8157
8763
419
6044
5583
9017
3887
324
2226
5159
8453
632
9365
3449
7421
1506
8172
4875
5826
7964
542
3352
3187
9275
8527
4293
9023
7143
2945
9434
2689
1103
8197
3109
7147
3780
2127
1035
4104
4353
6195
2558
4985
5561
6008
2407
7068
4180
7283
2894
2145
7825
6246
5332
7100
4774
9626
6123
1917
2571
5557
4607
3674
3754
7716
822
7535
9843
1858
1640
4197
8054
4199
9182
3615
207
1590
683
4387
8873
3578
6533
6698
9824
1866
3799
4599
1492
9923
6516
4064
5481
1124
7739
9236
8840
8562
6771
8684
420
8411
2881
8474
2611
2064
2090
2818
3655
2773
7205
2528
6351
3738
9227
6176
5605
3026
776
7097
2950
7292
1161
8431
8416
8900
7667
7257
7463
4439
5942
7883
2851
8824
6358
5462
889
8448
8280
4544
1222
5486
7072
7574
9225
6300
3751
4830
9327
4527
1927
2277
1820
3089
709
237
1990
8376
7494
9453
2815
3437
7336
5666
2262
3695
1128
3151
2143
9409
7696
3365
4895
4769
940
4120
1069
4691
8950
396
9218
877
2674
1039
3966
3383
1276
5957
1759
8771
5410
4575
2208
2747
242
4470
6442
1370
7622
8586
780
5318
1952
5675
87
2892
9795
1157
7583
8745
1553
6802
9623
4227
7841
3590
7610
9118
9547
9370
7889
4957
3945
97
7705
4188
4568
4147
5559
2190
2734
6339
7509
4686
2014
7596
7578
1809
8754
5162
555
307
1965
178
4535
9807
3768
2146
8925
3316
1516
6814
8273
5462
6912
5979
9650
1480
126
5209
3671
2860
1548
1180
7547
3563
8777
5125
5372
7531
288
5927
7839
2253
6106
2374
2061
9875
4521
986
3191
6037
7801
1464
1500
4713
7444
1151
6194
7570
6361
9866
431
7910
1047
7978
1473
9824
3104
6846
7356
3392
2774
5196
5646
8880
7571
7707
8755
2092
8694
1946
8130
6495
3411
9630
1209
855
782
7403
8426
7143
7269
8858
5053
8316
6836
6526
8141
9941
3372
5498
3334
6146
695
8980
5027
8266
6688
3782
358
5382
5729
8489
1877
9140
8120
3086
9996
8902
490
8422
6045
7760
7280
1099
6077
4117
7626
4218
4058
999
9717
7392
7145
412
6373
2173
8679
3061
5956
9037
8443
1685
7527
321
825
5647
3408
821
4549
3898
9244
595
1659
6524
1694
7736
642
9320
1955
4700
319
1672
2093
7465
2085
8466
9638
764
1528
5594
9802
9972
7280
7329
293
8105
2976
3701
8927
7525
7600
8172
8121
9259
4697
9815
6995
5339
9135
8950
40
9454
623
2133
6920
2709
600
6559
3473
2129
2153
3276
2101
9433
605
2394
7539
3582
6096
6467
1108
3696
4640
9229
2956
9337
9044
9951
4676
8180
8902
4716
7635
9526
6850
4555
2235
7451
1114
5709
9580
3268
8985
1681
2702
9591
4075
242
3173
172
6709
4281
3868
1349
3510
6825
687
2555
6777
5363
735
5679
80
8370
5206
6930
2925
7442
4382
4040
3152
3962
7308
2137
5643
10
1729
9719
253
4902
9891
6962
9184
3760
8312
2695
586
9000
5250
7363
4363
5986
3042
4444
4356
8249
1375
7282
5691
5757
1323
8844
9719
8631
981
5363
8642
2711
5083
8895
7614
4974
5858
6798
8735
4171
9494
9321
3171
4745
6684
7535
731
9727
1979
5088
7977
3354
2371
3669
9112
3694
2513
8831
2326
3495
4194
969
6206
9277
9865
3820
4252
5724
619
2988
9895
113
2310
3067
4858
8995
603
5590
8723
2583
678
6700
5938
3050
370
5050
6744
2883
3881
9070
6378
8076
40
2585
7354
9905
6405
1607
5629
7024
4596
5525
7138
6906
8593
1997
5902
9196
7587
4625
1780
8266
1326
7718
1316
1696
2768
8061
4579
6650
7131
958
4727
7171
3543
2081
7077
9948
3689
2706
6973
8285
8231
4111
5192
6824
6108
1094
6021
3696
5720
7801
1962
7046
5519
3279
8743
8288
1340
3323
4938
8472
4281
9665
5644
7824
1747
2721
7773
5437
5427
4747
3722
3659
8859
8915
484
4968
10
6505
8664
5730
4307
627
2777
9827
3906
1521
8115
5247
4844
3054
3719
9125
2720
9363
6950
4468
2085
4724
9905
7513
9471
3628
1172
8330
2543
1656
3298
2553
8162
1963
8284
2469
2590
1062
2297
6497
2584
412
1744
7428
3467
5464
6554
6188
4828
3504
656
6913
8229
562
4426
7700
4190
5599
6031
6733
7255
9330
9287
5418
1293
7572
7888
3884
8635
185
382
1219
598
2127
8647
4065
7592
5202
254
2420
8706
911
9333
6936
1473
3760
4636
5663
9360
668
2396
6616
9998
1684
2034
1292
9256
9922
5177
7891
107
5560
9110
706
7687
7758
4772
5279
2960
5026
7700
1667
5937
7034
8603
7410
794
3240
3073
154
3908
5470
6770
3907
7154
8805
5200
6411
8727
378
4302
8835
5938
3413
9541
3626
1172
4313
8906
4132
9340
6606
5800
5277
3640
4404
2688
4435
7644
5762
4590
1553
1232
1361
5460
8387
167
661
4798
8895
1039
9101
7730
6977
2515
7272
603
3687
1586
9510
7820
927
6116
3621
6205
9757
8025
8893
4193
5669
4655
8784
7223
5888
146
2684
4275
313
3345
9074
9208
4384
8175
6939
1361
691
4212
1965
4378
5799
1476
2199
6726
7593
5820
2931
7350
3845
1825
1544
9515
6480
329
6738
2368
475
9422
6644
788
2767
5718
9997
7152
3894
6937
8514
4585
1149
480
8964
6949
1956
1163
3675
9549
6984
6607
6900
830
8432
8444
345
4913
8774
7084
7282
9249
6507
3926
38
9274
9644
35
6427
3538
6972
4941
8124
8122
5421
7088
5071
7377
8251
8747
6927
5236
5355
3827
6066
3788
2272
6411
8701
1046
3496
5983
295
3
9910
334
9277
9555
369
5705
3093
7342
646
1218
5465
6067
8306
537
3445
6558
9284
372
1794
4639
4200
7860
8427
6472
4272
7129
7519
7768
3113
7815
7771
3023
8149
7049
2578
8519
2754
5672
5862
3400
6890
1327
9468
5196
1864
2913
1754
1149
3286
3549
5789
7486
1409
4217
3958
5681
1346
1477
3449
4459
9293
1220
7483
7442
8270
62
5961
1024
5734
1823
4424
2624
3150
3893
7821
5015
6807
9576
6164
93
3125
1954
7579
4534
6171
1538
216
7518
3016
3665
1978
2309
4886
9461
9751
3156
9523
5713
4181
5258
7536
8606
7882
687
2499
5704
5703
9306
5280
1868
9399
8406
3822
6979
2941
9993
8518
3157
7511
1534
6823
9489
3844
1710
8950
3596
4867
8474
9309
9048
3732
6846
7654
1615
7534
153
7320
3237
9460
2601
5105
8859
1007
8927
5839
3948
8920
4357
7106
6432
5892
3930
5921
9736
5640
4872
3332
508
3347
2642
9556
7079
9488
7211
8695
7023
7365
6015
260
6825
8616
5365
5685
9623
4293
1524
3572
3214
5882
678
9646
1774
4609
5568
1511
249
440
4843
757
3787
7486
314
867
6975
7526
9562
3998
4891
5577
4258
1716
4194
9624
7402
3817
3917
8926
7390
7131
4809
8069
6777
6583
2678
2345
8094
2928
2786
2938
3686
6574
424
4000
7441
7400
1526
7004
1398
6418
2582
5657
8135
6776
5281
5537
594
9199
4464
7984
6331
9273
6053
3109
5856
8731
5455
3951
1659
8241
6889
5346
4816
7314
9346
2258
4714
873
9262
6112
7292
1845
1770
5427
8621
7051
964
9215
6251
5428
7200
2582
4702
3253
5691
558
1985
1146
4509
3645
9387
1399
8991
4204
8713
8338
6462
3428
9212
5725
9540
6504
7570
1310
1932
6192
8362
2896
5408
4613
8325
2608
7196
3027
5862
2887
3586
7847
4033
8096
1493
3421
9495
485
7625
8209
8823
4087
1637
8036
9812
1178
4540
7383
2489
6472
3575
852
9369
8983
5466
7695
1591
2662
722
7453
5549
4309
5301
9583
2405
6795
3004
1901
7280
630
111
6104
4718
1749
4140
4531
2927
8681
1914
5417
5154
5490
6269
4524
4473
1735
2219
6065
4397
2942
3519
9947
7252
8820
9530
9657
5616
2535
1559
2897
3165
1671
9001
7884
3420
3142
2415
6348
1824
4330
1765
6979
9820
8035
1504
4293
9770
3724
358
4168
6666
3877
4116
3919
2698
3646
3576
8315
6181
5136
1212
9347
6807
214
7231
227
3357
9647
6575
5182
3977
8341
2162
3798
6376
3666
8092
6147
7390
8451
316
4057
2329
4432
7977
5027
8079
1553
3343
4261
6690
4556
3608
3498
4770
840
3725
8128
487
301
3310
4465
8643
5473
8264
5020
9139
6356
1167
6530
4807
1484
588
7136
5917
8566
2164
3996
119
5507
8257
6810
63
1866
308
4834
2706
4034
2963
3194
4336
6274
7660
2979
1747
5924
7999
887
2280
9167
7418
7088
651
8007
4225
6569
6573
6389
565
6693
1897
8823
3503
1961
689
3812
6796
3395
7846
9759
6589
2182
6033
4249
5162
7781
174
3161
8668
2455
2329
6086
9543
2981
4094
3768
9550
667
158
115
7361
2056
8939
864
4018
9628
4676
814
3023
2523
574
9613
4706
6607
3863
9868
4389
4038
3029
3057
6493
5359
9144
6036
8340
3238
9805
7890
3906
9964
8006
1267
2020
6945
2132
6038
6574
6809
6853
9598
9332
7427
9211
4038
4035
3075
3907
8424
7113
6937
1481
3606
2296
626
9643
636
3865
9449
8527
7772
9413
6534
9039
1434
3480
1172
7472
54
7981
4325
9652
7314
1753
8864
1353
5788
1940
5260
4212
9053
2197
5694
2660
4493
6321
2304
5130
186
1754
3657
7958
1167
192
6998
2601
3672
8171
74
3726
6152
4400
3378
3467
6153
2243
4820
1941
4183
80
6154
3237
2278
1848
5898
6772
8169
8203
1902
8356
9957
5560
6315
1124
5752
3314
3726
9424
1485
3801
3150
7638
8201
6529
1105
4355
8772
5926
6297
2956
6007
2451
6193
8285
4300
2091
5057
2470
295
6960
827
252
2520
7142
1377
8272
457
5103
7697
1942
8905
847
9581
7107
7377
686
1462
6150
6613
7759
9106
2620
211
5300
905
4512
7392
5963
6982
7687
2923
7810
7939
5444
4953
9317
3716
5410
4421
1413
7353
3326
2261
6934
433
9639
7621
1896
5789
4234
9656
4896
6854
9867
197
7760
4380
7589
3723
1363
5276
6647
9173
3216
2091
4126
2533
5808
9536
6954
7221
6889
281
9483
3824
714
9123
1445
2610
4912
5679
2267
9809
2534
2134
6
294
6514
7595
4018
7878
2872
665
7051
6089
2757
1177
8623
8565
714
5577
5787
7604
5858
5270
1428
6573
4393
2874
9184
9306
8553
1451
9116
1088
3586
9123
1382
101
6719
5401
7979
9591
6066
5030
5681
8823
6208
4304
7389
6922
9882
3176
4526
5741
8446
5955
2314
2840
8829
1499
2147
7383
2950
1264
8471
6536
387
9854
6637
7106
5255
4617
6698
1322
9647
2379
145
5855
6683
7534
2778
6566
711
7304
2307
9158
3260
4621
1998
2089
6120
4146
9472
9071
5410
7944
5608
5798
7798
2245
2904
3053
6863
9602
4375
6510
1982
4521
2366
8666
2056
5144
5232
2767
2449
7539
1925
5709
2161
3924
7798
8282
8071
7271
7353
3482
5215
2961
9280
3013
5207
2185
6067
2070
1787
443
8581
3769
4965
947
2435
7021
6092
7668
9789
8541
5207
1715
4250
7369
5640
2049
5652
3712
9320
3005
7194
4536
5967
6475
7550
1175
8660
3617
3246
447
4061
1828
4217
9026
2775
6653
6048
8867
4321
5837
7409
9529
7553
1659
6899
3194
3709
2551
6906
3029
5557
4101
7566
1525
576
5116
2700
9236
8734
5947
9684
2795
7775
3902
1822
551
555
7870
9419
4877
3708
6828
4407
1261
8488
1306
4456
2197
3857
1362
5227
9414
5463
2793
939
6040
7909
3640
5276
6644
9588
4961
9439
7363
8863
1261
7914
9419
9132
7333
4296
2840
4162
8704
4102
2650
10
8558
4847
3868
9921
74
3283
5384
2867
4223
1425
777
7863
6702
7421
7451
1663
6861
4815
526
8123
2730
9946
7255
64
4243
95
4226
2947
4197
6876
2957
2756
1723
6826
2677
1797
109
8062
4665
4332
9487
5443
2196
6189
2865
9648
7852
9726
4463
8379
7850
7193
8326
5105
7258
2569
5201
1484
5516
9399
8360
8474
2155
84
5300
4832
1882
5409
2895
6547
9742
2382
1991
1938
8572
4856
1586
6424
4582
6050
4804
2432
3244
3131
7538
502
5700
2739
1986
1216
2139
347
9691
4294
431
4991
9127
2313
401
2022
8861
144
4405
852
2082
2977
5708
3669
9402
291
9719
4207
2724
2963
7338
262
3466
3038
3002
5452
4255
5141
5800
3947
9436
6231
8939
8564
8545
9340
587
7406
9485
4992
8259
1567
7970
3967
5236
7372
4259
4956
1580
6983
7919
8918
7246
1385
1957
248
6838
6213
5390
2638
160
4827
8870
9099
3391
7415
8440
3978
4821
7925
8971
3081
9493
6941
7048
4730
4314
1307
9686
5894
8291
7606
4813
5537
8992
6771
5786
5830
2984
1176
8469
3145
6004
7339
2245
9395
4755
685
3373
9576
8611
2344
2658
8105
9286
9706
2835
3600
1014
2522
9495
9306
128
4309
4843
9120
1080
630
4951
4065
1807
3420
7211
7811
760
9456
7206
5515
142
580
5092
8754
2924
7750
6859
2211
7457
9694
5811
8472
2216
5307
7778
2345
9616
2622
1465
696
3252
6417
4762
5059
9838
1973
2870
599
1429
77
6114
1571
657
1207
326
3582
8957
7185
5793
6415
6880
1605
4887
9097
6912
2665
1442
6528
5287
2908
7224
8540
9325
1987
3599
9164
3960
6470
9763
5390
6547
5877
6962
7204
7085
7288
786
6042
4473
6580
2458
1353
8185
7345
450
5097
11
1893
1625
5299
4801
8850
3839
4127
838
7438
3291
4798
3908
3054
188
456
8932
7150
7660
6017
4438
8447
2059
8912
5028
4518
265
3213
1863
716
8311
1875
2609
9937
7174
7411
8788
1013
1538
9626
8452
4829
4424
2360
7883
4613
2817
6815
1763
477
2832
6202
8925
4892
5114
3953
9410
5380
7167
1274
6097
5478
3149
8707
5416
323
6118
4204
1337
7656
3830
9789
2485
8255
2150
369
2868
4967
7185
4632
5445
17
835
4370
4910
5949
8324
4320
1330
5492
5594
7428
971
8744
6135
6387
9067
2254
591
404
9910
4421
194
2396
2677
2344
2766
5545
7311
9951
178
2756
9968
1013
7127
4879
6963
5452
9199
8293
944
4794
5722
1915
3538
1857
8302
2606
4111
8894
3011
4022
3315
3205
6419
5992
5549
9185
1538
2861
9136
1716
5618
9105
2729
2745
3984
9692
8198
3184
7986
9143
7978
3709
1058
1517
5566
9361
4124
9678
8255
7136
3701
1571
341
120
7564
5891
9305
9102
8753
8442
819
4371
7547
3549
7117
1532
3242
5315
4716
1229
4458
2695
4938
5517
4212
505
4879
8337
184
3134
5473
3885
4706
5815
4005
2270
1707
3311
1373
460
1754
2192
4831
9301
5742
1948
834
8984
7264
5550
213
1723
8245
5152
7241
2458
5657
2120
796
5841
5254
6269
9726
9960
2085
3732
2231
3792
7044
3604
4252
8798
5797
9084
8100
1539
1033
8934
524
8297
4485
738
21
2730
5890
7262
5189
1548
9382
5986
7389
4637
2255
7116
4597
4341
849
6829
8133
7894
433
2386
6692
6230
1470
4793
7770
2503
3727
8294
801
8212
9033
822
943
4923
8085
6133
6471
7468
2119
3861
2105
4375
978
6703
8716
1828
3532
6849
9722
3965
9235
6414
196
706
1207
7967
3209
4935
6262
4011
3147
5295
4834
4091
219
2919
224
6691
387
2343
552
2493
6719
1531
9196
5435
3359
2728
2285
3081
6694
1521
9496
6891
2227
703
4858
5437
5639
1121
9448
8787
6416
4283
2878
6636
7203
3103
3327
7590
5447
3879
83
2166
5411
9280
7601
8770
2009
9887
1851
8703
1408
1347
5595
3636
2051
454
9073
7690
1575
8522
6477
7992
2805
9356
4628
9
2459
7955
7599
7906
1835
7683
72
7246
6964
7674
6017
8973
7561
7868
7676
8970
9216
3272
2606
1268
3726
1679
8958
5301
202
5436
3294
3008
4792
7922
3017
7251
5878
617
5158
7714
8301
5231
4960
5265
2906
978
4238
467
8846
1915
9438
8063
5188
2044
9331
8914
3724
8290
4216
3926
3726
7510
6934
8519
5433
9952
5771
1311
569
929
9025
8871
6161
3986
4136
9067
4964
8375
9535
3811
291
8973
1874
5479
1017
1206
4393
4741
9496
8610
8668
3223
6120
5603
1742
1553
5555
7514
2865
6125
8444
1891
4996
4605
5877
9132
3672
842
7508
3208
4654
7799
2181
6528
3279
3198
7735
7673
7940
7232
6283
6609
455
2404
2212
2198
3958
7767
9713
6823
3893
8157
8714
8889
2762
4592
8022
6435
5435
5530
9643
89
3330
1824
6618
6609
5023
4353
4283
2964
1586
566
9573
2042
2970
1785
4240
6928
9553
3953
3752
3447
2110
2467
2336
4873
7060
358
1308
2495
5889
951
2584
9220
2776
9203
5830
7799
3556
113
764
5142
680
337
7185
3651
2123
1425
579
1677
5379
4332
5124
7490
6799
7461
2364
3859
7820
3672
6355
3709
4624
8940
2930
7400
8143
8760
5200
1700
8874
5965
6842
9554
6302
4027
3205
8426
5453
3785
104
833
8117
5229
8324
4917
2690
688
8777
510
4360
5132
4220
8985
4072
7150
6386
2215
5911
1586
3915
4786
7552
758
4340
3854
4786
7546
2281
240
1331
2386
1074
9449
7615
9398
4367
305
86
3144
816
4447
8277
5036
3432
2349
2187
9818
4565
8099
1405
8481
2885
8957
9240
7226
2812
4027
4772
5094
4268
6104
7480
5342
5554
5095
4741
9921
5401
4828
3066
6217
9275
1343
1253
2708
3693
3441
2527
8258
1540
3933
6740
4426
2890
5981
1652
5703
9
6425
798
4277
2530
8278
9620
8084
3374
4361
8006
8775
9189
1072
4992
8465
2415
6246
1173
6108
9687
3701
4367
1228
7634
1107
5654
524
7089
7307
6228
7098
3732
7026
1376
6262
5305
996
4347
8679
5358
2353
7454
4548
3425
2446
3013
5840
8692
4187
1949
8380
7888
6316
9609
5522
7424
5263
6047
4513
2571
2276
1612
6304
9302
2988
2567
4607
3985
6914
3287
9343
9268
741
3891
2693
3188
6905
8534
1881
1092
483
261
8981
6800
9870
4503
4224
5134
551
8738
7706
2827
351
4010
2130
3339
6577
6737
7324
3492
24
6668
2760
766
559
5454
3954
7465
3989
5836
8557
4473
6098
7539
1273
5968
2042
5498
1103
2594
4237
8809
5421
4588
2820
7551
7928
9398
4289
5252
2890
4314
1921
5651
5081
2480
1105
9035
9946
5094
4871
8503
9567
969
6043
841
6938
8085
6340
8042
680
577
6852
6102
5165
9672
3653
3094
9071
7943
8346
1961
2258
267
7612
7339
2748
8718
6375
2694
3813
1246
1198
3381
2216
7241
4222
9155
5327
562
7198
6008
1140
4050
2110
6306
3723
5764
9400
2794
3707
7747
4756
5966
8014
2369
3305
763
1087
9680
3458
4900
927
4657
8282
3144
1899
2504
2300
7227
3067
9498
3235
4207
3549
5345
513
7273
1110
9914
68
4818
7661
4824
784
5676
7194
4090
6440
8281
3770
9898
3182
4698
4556
1464
7843
6455
3969
143
3683
7037
9642
6918
1244
3192
2264
1758
465
3374
1673
533
8193
9334
5358
8977
5010
2552
3067
1450
834
6838
1349
4017
1536
5905
5481
9380
2361
9451
9523
6045
6488
9166
2964
7733
2358
5228
9492
2823
8603
1165
3357
6796
499
8716
5774
5510
1269
8841
6960
2103
5680
8310
6120
7217
4216
1602
6597
6578
1053
6121
2623
7542
5287
5587
5275
7645
816
4767
469
9420
5932
3827
6217
6432
2543
1991
1942
3813
833
8903
5916
6513
7214
2037
3730
1430
3640
327
8008
4693
6449
631
2235
1736
6218
7511
9382
7035
2278
9852
6455
8211
3679
2672
4644
6223
4663
6587
36
5497
5491
5953
2010
2705
7990
5740
4135
1630
6068
2144
6324
2517
2775
8560
4254
8994
6071
3637
6029
8350
3489
2485
6562
7168
5157
1207
3392
9821
7794
3428
5318
3285
9381
7328
5991
7372
3069
126
9003
9138
2270
5327
1656
5046
3888
5910
4041
9959
9547
70
8310
3036
2556
4872
205
7713
6079
3598
7535
3874
7027
2853
7160
6408
182
3151
3781
3252
3278
2784
2390
5549
8112
4046
595
2000
9957
4636
1960
9505
4707
270
2542
7264
5143
2747
4977
1222
6345
2513
5097
3372
5367
2257
9781
5549
5408
3563
8802
8686
6348
1192
4235
4460
5239
4831
6461
5197
9467
8421
4702
4175
8692
7244
1439
3835
9992
6417
5058
6338
8930
155
9711
4298
2412
9493
9847
7820
3056
8649
6507
9405
9842
742
3866
5082
5574
327
279
5041
8749
4982
9217
7441
2226
657
1276
2219
7075
6334
8557
6006
6490
8268
304
8902
7761
151
6723
818
8801
3231
223
8644
3974
4089
3727
9548
4417
4007
4590
3166
8989
3807
607
1216
4465
1884
3435
1540
8219
1993
7546
4709
261
7850
3612
8023
8002
336
8841
6803
3567
9065
5448
7541
3155
9175
7089
7572
3183
1679
739
2172
5487
1346
3389
9952
3231
6825
1492
1450
8818
9038
6160
9080
6889
9772
7103
4891
108
5945
1695
3676
5011
7143
1217
8166
6319
8306
5739
9502
9986
6478
1675
5473
7824
5065
5426
1056
1890
6918
2506
709
5957
8666
9789
2846
8439
6892
7738
8547
2838
9433
2223
7849
6576
3441
6015
2896
1748
1754
2399
1734
8232
4074
7208
6057
9140
2634
7113
1030
9553
9620
1739
5510
8286
1528
8357
6725
8421
6095
5273
1259
5528
7497
9108
2105
938
5124
5001
2686
6879
7400
4421
5111
1475
1629
1169
615
4264
8283
1646
3817
7903
3385
9328
6190
4914
7685
2916
3336
3781
8189
4595
9309
5687
3704
1415
6625
8828
6417
9312
5707
3818
3733
819
5293
5363
1988
5909
9627
272
7555
3445
8175
941
2773
4365
5855
458
7281
9191
4240
5471
3787
3550
1158
7491
4965
7783
6320
1382
7096
2028
5200
829
2848
494
6193
4837
6403
5820
5109
3959
9265
3284
4900
2039
7649
756
2497
4931
9948
6738
402
3735
288
1560
1227
5253
9343
7547
6636
6439
9576
1837
7269
2424
2331
3463
7261
8735
9284
2370
2694
8550
5654
7595
589
3304
8351
3087
8235
8299
9825
8637
2035
113
197
3262
5366
9541
810
2003
5981
386
3840
3251
2810
6172
6714
71
4907
5998
2442
7602
4548
8096
5197
5137
1400
3548
8224
9636
1848
8049
8273
3883
8162
8470
7145
3529
8012
7955
5532
3993
8342
9373
7244
1152
5545
3958
1224
452
9957
3666
8054
4505
1763
3252
9643
3164
6801
7867
2800
8649
5917
1073
2532
4080
9544
9678
7609
7557
7634
3142
1550
5976
2515
8795
7129
8060
2754
8354
8513
2711
2020
6568
7217
3784
9820
6860
6948
6621
4727
9749
5271
644
823
7803
4724
368
7482
2334
7925
5116
5476
9476
1093
7992
8271
8222
6052
1025
6576
4566
3737
8597
1134
954
2381
954
7814
9330
7576
2542
9080
2847
3187
9903
651
7912
271
8133
246
8197
3250
5723
7673
4343
3716
5944
2565
9768
6970
9142
4335
707
7739
5469
1662
121
6423
9477
9452
4000
2019
8533
6847
5207
8436
7498
3119
8708
5632
3366
6905
8882
9089
4579
3225
2805
523
5791
2574
7494
4934
6909
8202
2673
2379
9865
2795
8802
9342
2248
2802
1362
781
9650
6569
9218
7148
9688
7927
2781
3054
4833
1663
2144
9412
4889
4949
9936
680
7524
7430
5614
4434
5633
8288
6813
5498
1084
5616
4840
3333
8419
6202
4115
8069
2771
3333
5218
2460
1260
7999
5514
6093
9663
7658
5506
4552
2608
5442
5233
132
2873
848
4567
8506
9137
1381
4004
221
6997
8845
3555
5417
5048
7670
3487
7820
1004
8706
280
2265
6706
5794
8358
6369
3452
3864
922
6060
9307
6155
6193
2180
7003
761
687
6140
2142
4691
6362
9140
3537
9918
4557
8586
7588
8044
6406
8593
6750
6686
858
3456
2480
9217
9826
5933
3081
748
1994
2389
6903
8188
4569
3907
8949
5256
48
1091
9948
6411
231
3486
6329
4789
2072
3918
2833
8478
2512
9584
5164
3370
3041
7645
2587
2867
3579
5669
3616
5573
8058
520
3761
2628
4428
2710
7885
4476
3802
7834
888
4033
1320
7218
8822
3392
1137
1656
1871
3649
1241
7036
7019
4282
4682
9606
7150
8261
5275
767
3834
3334
1287
7596
5962
5715
307
3848
192
4109
1682
1080
8143
3002
8299
6966
6395
9436
8622
8267
3085
9864
5303
104
4146
9985
9711
1297
8247
4987
2064
2082
8321
3352
9678
4284
9067
9985
8132
9260
4095
9814
341
2238
2817
8640
9204
9212
8076
7827
7479
1162
7691
2783
1266
1838
2769
978
3136
1016
5965
5201
3098
4287
8553
2777
8572
7621
2763
6705
6881
6858
6519
7223
9097
9337
5863
8301
8549
3939
6129
6029
5101
3821
8813
6368
5660
1582
7347
8797
2599
3312
3998
5698
7600
2552
8475
6172
173
1238
2877
7055
8097
9397
4278
7194
8734
142
5496
7284
4082
1625
3314
9183
5447
2127
5552
1108
3710
2899
9905
6309
6212
3904
2007
3813
6456
483
9986
6630
1722
2864
3686
9819
2262
7965
7013
997
8107
2509
8281
2189
4135
1596
1373
9582
3723
6926
691
7433
9826
597
3743
6039
4501
5751
9852
958
6234
9839
7589
7956
2703
1275
7775
4966
9241
4789
5963
7348
7298
4244
9538
1433
5841
912
1016
9564
7838
1707
6998
7665
2305
742
3704
6806
6493
3557
7764
2728
3397
5354
685
6101
6630
8461
1067
5871
3250
7030
3220
549
1275
2759
1982
7116
3671
2999
6681
1510
4707
3679
9175
7012
4422
2880
3819
916
6438
1584
3644
9835
6938
4330
5936
3568
2791
7003
9439
6042
4034
2659
6591
5310
5419
8574
2426
9090
1574
9107
600
6281
2787
9776
3294
7210
2656
7113
8126
9094
8697
1771
8930
5635
6101
4866
9204
8893
1870
8643
4936
5904
1303
1528
1214
6722
102
3641
5813
1677
2749
6414
7959
5537
6190
1253
2747
8847
8367
874
7942
7065
2645
6872
2701
8746
1739
1905
7639
3609
549
2576
9514
1853
4104
729
8576
4207
4370
4389
5884
7120
803
3843
2657
6994
5097
5405
5841
3465
6279
3784
530
8924
656
3231
7671
2395
5136
5311
6005
5685
7887
5519
7539
1991
6248
6115
6198
619
505
2082
7739
1309
5926
397
8303
1024
5803
4145
4489
2083
7929
5019
1008
8586
8250
8679
982
3387
3990
6987
9073
1877
2507
6612
3869
8755
2728
67
9375
3233
2150
7115
4542
8077
7513
2846
9101
3316
6991
3591
5400
4921
8610
6408
3508
6861
5087
4490
249
9078
1477
9323
956
3985
5935
4825
2741
8664
4892
2116
1898
7043
9232
6440
5120
6745
9287
4222
62
6279
7813
5462
1200
6424
1870
4708
3286
6958
9199
3535
6036
677
2858
6992
4662
8794
1817
7403
7459
6710
9519
9357
3754
8752
5798
8875
5497
5085
3097
5560
1364
910
1022
2565
7335
2893
7274
621
9851
6473
4157
5888
7150
7016
2880
1812
5811
4698
9215
3270
1409
8735
2627
5164
7488
8426
4039
2985
3511
7136
8545
4876
8047
9568
7441
5383
2461
4715
6004
2313
1189
162
8201
8339
7178
1082
152
2989
5781
9368
6260
7191
8103
8888
2355
5592
7314
6395
8577
825
3532
7123
5701
1580
6691
3143
6963
9153
7859
2968
1467
9048
3130
9669
7387
309
751
7539
3299
6533
6908
9559
3725
5011
8447
6081
603
5762
2476
9181
6587
6009
6305
2289
7589
2997
5433
4552
2150
3292
7520
3618
2341
651
3287
9728
961
4039
7268
4260
572
4176
3820
4298
9188
2268
379
9792
8030
2856
8974
4618
8865
5279
6908
6454
8276
2341
1006
427
5634
8527
4045
7975
9179
7332
7704
140
1371
4973
4401
1944
9150
8221
6242
8339
490
6621
8132
8520
9478
7106
3138
8343
2386
47
4797
663
2388
5804
1090
8023
4332
5136
5998
3511
2469
3703
3652
3841
8676
8053
5785
7827
6275
2028
6166
6765
8650
4298
5285
8128
1405
8424
6471
3791
8472
1268
4455
861
7073
5546
8884
1405
682
4883
4916
3152
8586
8568
6993
7263
6622
2778
5090
2897
4807
1256
9662
3457
5554
4948
1585
6960
3373
8056
752
1845
9325
5207
2706
6398
753
1591
7804
1436
6474
2720
4588
5060
1289
1581
2323
7911
4360
7413
809
9167
8670
472
2624
4225
5421
4209
1185
8794
2266
1937
640
1592
7144
3347
7991
7898
4938
5795
9334
1412
8516
3922
6472
9805
5504
8796
7717
9864
6210
8527
9031
4880
8999
1656
9106
4420
5866
291
3215
8133
2229
3855
9725
9374
7202
7717
7272
2141
3512
6607
3553
2028
530
26
1834
6034
8823
9552
5899
5033
8079
4931
9914
7079
6587
9020
1499
2453
9312
4715
586
1542
8571
312
916
5774
8029
8189
7915
1542
4796
1468
3571
5326
1494
5405
1361
318
4958
7260
5351
3038
2191
5266
117
8778
4287
1617
1232
3599
6332
1819
5141
4903
2131
6058
677
161
4247
8592
1703
9043
61
5274
4370
1556
680
5731
1874
5638
2991
7226
8676
5182
2492
8794
3961
6779
411
5193
379
6743
7012
5521
1647
9144
1579
2325
9305
5826
918
1008
4870
979
6283
9240
2535
6963
4971
4410
2602
7963
1636
1279
3146
4128
73
7107
908
484
2301
1287
7228
9314
6808
8876
8458
8388
1201
7764
4214
2119
8773
9085
3099
5056
8325
5635
2020
3297
45
4622
1261
1681
5901
4407
5810
5974
1515
6718
6459
3816
8006
3687
3131
4815
2563
1590
3203
3765
9354
7418
5884
8127
6503
8983
3183
4828
4618
5204
8126
4664
9826
9387
6345
5728
3795
2156
1703
5310
8875
8162
9127
6881
1849
2258
1696
4413
3848
4900
8178
3203
2318
4063
1330
8821
3046
4514
3650
7665
9718
1776
2329
9545
1164
8675
5273
4959
831
6976
270
9706
5138
9397
6588
6988
1656
8285
1402
5505
3185
9580
8708
5503
3643
38
4325
6690
4553
7975
4355
4271
9752
6685
3816
916
5360
9090
5876
6192
6066
6146
5898
1205
5544
2487
8193
7200
772
9595
2705
3957
9176
1414
9461
2820
1453
3787
9510
6006
1762
3866
278
1514
552
4095
2431
5912
3185
8308
2104
9252
4454
8003
457
9998
490
8651
7199
1263
8247
9905
5221
7423
1319
4683
243
2772
8470
9754
8779
232
3620
9057
1747
4172
3152
4179
85
6337
2487
2190
5589
6942
194
6047
6941
685
4698
4140
1948
2945
4045
7169
368
5365
1852
612
8138
322
366
6917
555
3987
5974
2303
8159
9126
6482
8245
5464
8970
435
1054
5912
629
7101
2853
1315
1799
6994
3263
4745
1040
433
5113
6405
2285
5726
4543
2608
6092
1460
3164
79
7435
5467
8239
6561
1950
6485
2026
921
6920
3080
6834
7550
182
9688
8865
1982
6682
2129
6727
7723
2562
1841
4129
4848
7567
8672
7457
3660
133
622
3740
7568
6090
1980
4130
8041
8465
6157
8962
5386
9237
5797
2937
9420
5485
1803
1402
2168
3932
8130
9891
6495
9971
4020
1344
7539
2693
8801
1200
2826
9424
4940
395
5514
6921
4526
3555
5386
683
2517
773
9921
8314
3710
9341
3800
5513
744
5968
9446
8874
5859
5942
8846
9880
7286
6386
2573
6088
7586
5400
5512
2526
5796
1027
9448
322
4582
4834
1006
7100
5607
927
5415
9318
269
9215
4832
1014
5183
4279
9889
1043
221
8735
924
7508
5121
3497
3597
2707
8898
9110
5234
4695
137
4682
5018
4719
9517
6024
1819
5125
6952
7234
4444
7222
6450
9276
8236
1634
3555
8125
2677
3777
6861
3602
1286
1982
7099
4883
4690
5998
3993
9925
693
4131
4608
5711
8850
4125
1736
670
9251
8688
7905
3695
5911
4355
2971
4147
5989
6527
2273
8667
305
9134
2269
1591
1117
9369
6474
5807
5368
468
5733
6061
4599
341
1773
3450
4466
3510
4120
3718
2199
2026
7413
8110
6381
385
2258
2371
6912
4531
1039
7218
3666
3309
8809
4784
2678
5284
592
8047
5752
6325
4108
352
6666
5882
3802
1133
9392
7923
4851
1592
9949
2265
9702
6331
2650
1960
8703
9563
6492
9743
6781
159
3052
5590
4943
5730
874
5535
3777
6627
1860
7886
6980
8526
3769
783
9660
3162
8706
4512
4754
8656
6777
4457
4988
9427
6417
3692
8990
2910
3435
5771
3069
6487
1362
8012
2218
2237
3547
5996
8864
5408
3883
5845
3934
7653
6628
3595
816
5335
8107
5570
3992
4884
27
8981
4312
6445
2673
3302
9355
6109
9074
2425
2597
436
437
4816
2673
3985
812
1538
9393
4696
7383
3328
2349
4011
6923
3166
9347
5031
8736
3339
9915
8764
2320
4227
5210
4994
7530
4566
1103
6604
6991
3700
7041
7429
8517
9715
1415
9329
1253
808
4026
8637
4136
6376
2649
1060
9542
1996
6091
8279
5335
6007
7044
7656
235
2254
2650
7765
6821
3754
4370
3813
7455
1412
1242
5972
1127
2658
5302
2381
3466
9328
1018
7603
5705
3668
8663
5247
5664
4755
3526
1000
762
570
8656
997
2825
1307
8763
9646
5061
3133
3460
2517
4545
4703
8489
5672
7361
3791
8054
827
3120
9073
8431
8825
2741
7094
4073
8406
1850
7599
9406
2612
8170
8063
3610
996
9370
2373
643
4432
5507
4103
6949
52
8806
5439
5725
6167
9231
3780
6995
2351
2853
5426
1177
5594
2521
5250
4000
4372
2850
3407
6985
1020
1470
595
2017
841
2969
2660
5274
8476
6763
2224
8529
5570
7663
4255
1737
6894
8035
8733
9246
888
4160
424
6483
6681
5674
483
1053
8525
3891
8038
9546
5361
8634
1563
6203
1604
4223
1477
80
987
3702
8609
6557
1365
2864
8295
8260
899
7028
7507
1788
1188
7931
8271
7870
3606
8755
8924
2131
2646
6963
1678
8008
5598
3241
4211
7202
7464
5689
7282
8452
9391
5892
5009
757
8757
3304
9018
9657
332
6525
1445
1521
4457
9717
9392
8064
8472
8316
196
1118
5280
1874
9126
878
5115
3337
8080
2580
9027
5363
1032
8418
1255
6041
9176
13
9346
8194
9670
9679
4720
1116
1201
9177
833
593
7242
9305
8909
7438
423
4190
9312
9550
5068
4428
2887
3148
7009
1915
8511
8041
334
9767
4083
9510
9780
3430
7705
9451
3109
2425
567
4310
1603
1400
4903
8845
706
3813
6284
1130
8003
5597
680
3072
25
3568
6221
7034
5483
4733
5076
5817
4500
9159
5328
4281
2589
3033
3732
5699
5459
4300
9
7062
5701
4913
5908
6407
8726
2192
7537
6730
7789
8217
9803
7815
1786
6024
4849
7269
757
9925
3087
5258
9085
8415
9539
1675
1449
3272
7375
6908
7572
7384
3971
3274
2297
9879
9681
1024
2072
7219
7755
9861
5436
7558
7677
7222
3582
2526
4492
4340
2452
7580
9598
1538
5996
9138
3214
7445
2411
589
4354
9984
7973
8325
3258
271
8205
2939
1296
277
158
9052
139
5595
6610
7816
2818
193
343
7311
4534
2795
4891
4132
4333
887
3271
7547
8333
5682
8136
2687
5666
6110
1012
8924
6382
9217
1864
7679
9495
2023
6731
9634
7619
3342
7451
437
3535
7794
7749
8069
589
2640
2202
4923
3528
5473
2471
1861
1156
608
4548
6822
6719
5560
5747
3101
4778
7612
780
4274
9635
7512
3908
7255
854
1360
7692
4389
9154
5441
2459
9743
8082
4662
4667
1610
136
7138
3471
1292
7746
8019
8115
4465
3580
3863
7567
8359
1475
8348
2633
1111
5860
6542
8367
6714
7902
6059
1104
7057
1501
3564
6801
9584
8226
1468
1195
8362
8607
4666
9655
6354
2686
7770
820
6267
1634
8387
4627
3110
6735
7261
4222
2596
3803
2589
9310
1706
8649
414
8764
151
3978
5565
9735
2205
7033
930
568
5641
5597
223
1995
8283
7994
2815
4551
9628
1203
9178
2738
7939
6439
6960
535
243
9549
9845
1950
8199
260
714
8350
4239
6279
8085
6444
3313
9016
7013
8954
4613
7236
949
2897
5230
3765
7448
4859
4968
6626
7597
2907
3066
4558
3443
3309
4108
3288
5259
2307
3549
5973
658
7788
2253
8744
4233
5567
7760
1246
4521
2374
8483
5471
5271
3713
9237
2720
8573
4206
9347
6171
7113
2413
729
557
5722
4838
3845
982
7146
7394
6956
7804
5183
9209
6548
9416
4777
4308
663
9299
6683
9146
4770
1954
2860
4008
4675
1433
8214
4022
7604
5328
6435
8334
5885
2158
3173
9731
3140
319
7126
96
8123
2309
9306
4672
1726
4083
8981
2389
3382
5664
1536
8153
7619
4396
2162
2294
5830
376
6317
3435
5705
2752
1769
1590
4911
4943
1321
8052
5262
8448
8149
3386
757
7455
8058
2484
1539
7039
4874
4922
2704
6410
3076
323
807
5238
2617
6637
5615
8934
72
1320
1687
1842
2910
6599
6785
4232
4651
2048
2680
2800
5434
3438
256
3493
5922
1795
533
796
6718
3237
7207
9794
3560
8014
5032
6178
4651
647
5113
4724
1968
6801
6567
4878
3400
3352
9111
8051
5401
1792
852
836
5231
1108
4329
1153
2904
4863
1950
9622
8100
9157
9417
1661
7171
4449
7839
1823
5097
2952
6547
7065
9753
3114
1944
3154
6467
1056
1206
1869
2849
2058
2705
8080
3167
7035
9233
6071
1898
1184
5694
9999
342
5111
1660
7513
9561
9500
9337
4659
2452
5885
1725
2206
9000
3670
5360
5467
4726
6566
7337
7575
8625
42
5656
1792
7078
4889
7864
8977
6074
3558
8976
6416
8670
636
3930
8232
136
3267
2891
2589
9153
4616
4796
8153
8286
156
3621
3013
6723
958
589
5348
1001
6245
7140
8079
1135
5004
7056
7209
8563
6032
3626
7233
6669
7556
5465
6806
824
8357
9396
9977
2973
4192
8130
1260
4349
1751
4273
1072
2710
4863
6420
3711
1108
3561
1790
2243
8565
8847
9453
7129
4879
3079
4363
1549
636
9829
8356
1460
8186
7752
1438
1160
1945
9568
2420
6294
1320
6694
7367
4030
1557
3787
7742
2666
7348
9532
4909
5914
8380
4362
3044
3259
7442
7407
4809
8078
7236
3166
9538
5423
919
976
6583
2864
545
9004
9159
1866
5699
6526
5897
7257
313
3639
9923
7662
3172
4833
3577
1552
9196
6622
4812
6638
4029
9622
4716
1266
2788
4255
6690
3707
5232
3273
6572
5777
2278
5731
7644
7978
2257
3541
5235
2571
7181
5158
234
354
9992
3812
1907
9188
434
6719
5826
4464
6341
543
5730
9130
4798
2420
2838
31
5694
9410
5809
7973
5142
3453
5951
7399
6995
1186
9971
4176
6345
206
4531
6337
4019
6438
5526
4453
3157
1352
8917
9499
1896
4648
8630
6694
7069
1468
6725
2764
878
2534
737
6020
5988
6688
3420
2983
7875
3392
7160
4221
3599
1691
559
7618
8129
6085
2071
1287
7437
989
786
9334
5638
9417
6029
2708
885
2754
5472
1764
5289
6210
7784
1278
2899
1205
4261
774
4598
1422
4996
8197
3113
5555
5815
1242
1640
7887
2530
9078
8877
3316
8412
4515
2733
4441
7224
3619
7196
2696
5383
2486
8907
3168
3764
1806
4374
8026
2581
8972
9448
7577
7169
2561
3132
2985
3804
4773
872
6334
3851
9749
9651
2264
4265
2385
6705
1489
6005
3902
4186
1388
6388
3094
4557
153
4900
8931
8179
7482
7903
7628
5060
5073
190
8192
8058
3994
2966
8931
329
6817
8681
9981
9081
2947
2367
5787
4437
8372
9689
8624
9760
6078
1718
4317
6231
6619
3249
4411
4101
1153
2039
9161
6226
2229
7354
4285
6224
320
3217
6554
7138
1898
6535
6220
4845
8902
2007
9282
7274
1697
7906
7035
7776
9625
1353
4007
6244
4602
8418
346
5755
458
9507
1982
2687
6862
6268
8912
7182
9485
5466
4320
1383
2001
541
6229
904
2549
5512
8178
4246
3419
5214
2022
3044
6567
6030
9289
1170
4449
9635
6926
4907
9142
8908
7595
6004
5176
6507
3187
4662
1973
7508
6045
3975
8049
2275
4879
598
7787
3058
4845
1207
8272
6867
4251
4840
2898
3540
6010
7347
3176
2936
2255
2318
1845
9851
8323
7022
6358
1511
1684
8331
9019
7729
2307
7068
5
7186
7667
7792
244
2512
8999
8516
9379
3251
3356
2278
6792
9367
9626
9968
2303
1881
2287
4149
1732
611
1171
8091
2122
2855
6423
1141
585
8730
8210
590
5916
5877
8383
6160
8389
7382
4677
7769
634
8034
47
7427
7401
9673
7395
9705
1555
9683
3854
3288
294
5025
1380
2416
7881
7803
3558
8466
6533
1768
9056
2450
7645
7439
8611
6035
4822
3288
3804
5457
1322
3852
2884
8724
3525
279
8430
5081
9963
2284
8370
257
7310
9750
2674
5191
7553
6232
3658
4087
8001
2714
6537
5647
154
5148
1682
4976
8437
5486
433
9760
9338
3318
8484
2864
3598
6914
7946
3561
9199
6316
3819
6510
6067
6493
1702
3620
2726
5360
7708
728
8074
4245
6375
8229
9394
8057
3205
7831
3544
3639
7591
2883
6957
6076
5748
556
2990
3694
4117
2190
11
7936
8700
6078
4430
402
9698
7157
5762
7407
7885
3837
1652
4261
2066
1046
2319
5272
8878
5863
8912
6469
8747
5870
2545
4495
6426
5536
8189
544
7726
8200
8480
6426
4279
2911
6829
3978
68
2592
1385
7953
6429
3037
2215
8496
4084
4534
3769
2962
397
2682
9432
9144
8552
1978
3640
4979
7514
1829
5523
5241
30
4004
1668
4309
6915
8497
8287
6983
1089
9673
4937
7519
2710
7152
6016
6795
1686
9785
9758
2084
2468
9191
1229
1021
1169
4869
6000
8684
6699
1524
3925
6730
5528
5594
1040
2443
4091
9328
9427
5181
9001
4365
2701
1712
1517
8717
8507
3204
8503
8266
5289
971
7457
6519
1992
8627
1389
7993
7311
8089
9517
1237
4819
5045
6831
5859
7489
923
5188
6917
6105
4189
1282
8806
5901
2800
7524
4409
6005
6027
2676
1295
6999
133
7814
8992
8761
9204
6986
6073
7293
6503
7310
2112
1549
4142
7972
9039
5066
3160
5956
1172
7350
7238
9978
3251
38
7503
7661
6044
3531
337
7339
531
471
5153
9523
9232
4357
6509
5305
1650
3013
2616
3763
4562
6759
1736
3602
1825
4897
9558
2997
2247
6797
2976
5498
6835
480
3160
2880
4011
3497
219
4542
3968
5372
4065
3200
9730
575
8506
1381
3588
1122
5145
8151
7881
6881
1753
9706
1779
1312
2704
4026
8109
5681
9525
4945
6161
2685
7825
172
6182
8044
4715
151
3417
8781
3351
3147
9356
1857
4529
2945
2980
9674
1097
861
6556
2850
568
8335
4162
3273
2361
2272
8954
1886
7217
5116
4572
5042
5289
754
3086
4
906
6504
8785
4258
9651
8142
6116
4181
1087
9096
3855
2184
9957
412
5035
526
8748
9198
3799
1109
1470
2754
2996
8688
7871
7568
3730
3160
8323
6817
3165
9230
3321
1950
3488
2973
93
9604
7154
1181
8700
1010
3366
8658
1423
8402
9185
171
7600
2984
1281
9071
5739
4278
7759
3610
1847
1490
6771
170
8308
9936
9401
1629
1887
2889
4603
1981
2493
1758
3162
1194
2769
6528
9852
4192
4930
9037
4364
2531
2022
5645
1603
7762
9923
9362
1373
1770
853
8144
1941
9161
8081
1342
791
9969
4231
5394
1950
6725
7153
5112
7919
9922
1641
7772
4115
6572
6810
8480
9104
8833
4125
707
6595
4049
70
7969
5820
923
6114
7761
85
4195
9104
876
4165
3336
6271
6115
61
3424
1228
7981
3347
2870
5754
7463
9443
2564
5943
8547
1398
69
9254
7994
4119
9324
5963
9939
247
2077
7700
332
6273
6805
1209
438
141
7480
6554
203
905
7783
8184
4253
653
3939
1717
96
6504
7661
8644
7902
7731
7898
5896
1850
7222
1860
1789
7470
3937
9490
7803
210
6295
9013
649
6436
6493
7203
6640
7399
4987
4825
1653
5641
8764
3370
5738
5268
1032
4382
3171
8763
2280
9068
613
9503
928
2403
6973
4866
1893
4777
5076
8188
3790
5726
4625
284
2930
1265
7684
7917
6090
9337
3558
4854
2708
9296
123
3740
3678
3295
2504
5959
2363
3117
5462
3292
5520
2436
8158
7414
7214
3234
5602
1004
8961
228
1289
1891
1493
8973
9809
7584
8311
3367
2439
1020
2664
2563
4760
6343
5858
7265
2302
8221
383
7765
1513
5903
201
9672
3318
7415
2907
8920
8420
1868
9149
9710
3759
643
8683
3569
8227
6995
6937
666
8015
9601
3229
2776
5945
9088
41
8248
7309
424
6013
8823
6328
6215
8495
9646
3631
1402
8567
2052
3271
7716
1762
7031
8359
445
600
6587
7441
7537
7253
5456
7139
483
8233
3084
9571
8274
1332
6881
8699
7345
5705
5027
3561
4201
4674
7192
5604
3241
9244
8875
958
1006
5907
9318
1452
6507
5905
8894
4045
3159
4350
1184
3642
2583
4268
3214
858
5601
96
9557
2947
5801
4585
6508
2
9259
3700
5607
2501
2945
4483
3459
3952
390
2777
5405
6897
8683
4299
942
1842
8650
2126
5485
1234
6395
8700
2092
1996
8796
1650
4943
4598
6235
1451
4600
5494
5152
208
7995
8098
4691
1455
2050
5081
4233
7456
1978
2916
1755
2921
4759
406
5048
245
1640
1444
8946
3732
3440
7742
5383
8384
2340
1618
9836
6941
7113
4989
7149
5109
3087
1841
6564
5138
6922
797
2594
8901
3714
4350
1823
8474
4756
6871
8720
6396
8315
7666
129
1756
5408
5512
140
7749
7131
9977
4691
4244
4966
1841
9354
8054
3682
5918
3192
604
6716
5787
9506
431
138
1329
8905
4894
8201
7625
1291
6516
5292
1421
8273
701
6934
8414
8450
4065
8391
3141
8310
3357
4982
7664
1411
8664
3583
4604
9269
299
391
8776
730
529
105
9636
5424
8306
7262
6715
4823
2554
8136
3097
3255
5070
1511
1705
9136
9902
4847
7446
3260
9830
5111
4671
8495
8694
9275
7765
8994
9667
6541
9724
197
6647
9361
5621
4954
6623
2337
9777
9177
474
2875
2432
5545
4386
4138
4681
4288
8986
2128
7548
8816
7240
2220
7311
5934
1496
5076
4929
1163
1617
4654
1361
8265
4015
6983
3219
638
9321
2997
9816
9795
5872
2249
5341
258
6388
22
4547
5374
2151
2095
4190
9391
4315
1502
5326
5812
6579
255
6976
8197
4909
8337
6462
8925
5321
9681
9563
4642
2678
9380
4438
8550
1629
9779
8808
8017
9802
3355
3392
1953
5451
7582
1345
9767
9085
6672
5579
5664
6927
2556
3861
1837
893
323
762
6215
5
326
857
2683
9706
5295
1234
1336
5074
43
9354
4876
3399
2746
6830
8850
329
8175
8618
9414
4848
4198
5079
1775
6754
8940
3613
7648
9264
4376
3863
9269
4702
4720
1953
4409
16
3187
5745
5090
3230
5099
9967
6629
7846
6797
5480
8175
4973
4099
7590
9822
8297
2670
1598
5052
1611
5211
2700
875
9587
6563
145
4290
1284
2099
8699
1300
5286
4444
6391
8517
9544
6359
5147
7391
3157
628
5567
8131
4727
3157
7953
3025
5828
9551
8077
7439
4762
778
8315
4350
7342
8460
8640
8626
559
7339
9927
5846
1784
6319
4364
1329
2678
9512
8720
5835
140
4287
3966
4868
7445
1919
7893
3273
1471
5971
713
6233
6749
9028
584
4092
7488
9224
2719
8048
6564
2646
3895
8348
8966
8259
9677
1645
7771
8398
7480
7912
2686
1447
2780
132
3367
674
3406
4838
6646
4119
1072
3395
3147
1656
7488
636
881
207
8685
7445
2854
2580
5793
1820
840
5471
3465
8612
3870
946
6524
6557
2394
9305
6689
5762
9980
95
600
6626
4215
1673
22
7363
3330
7510
7999
4211
7717
6685
1656
571
9265
7450
2392
106
2922
5857
8718
6793
6804
5243
3350
9198
4549
39
4960
4529
135
5561
1156
4350
7234
1178
1714
565
8688
9713
4776
6406
6398
6433
6977
5664
3884
9369
5770
6807
5227
4489
3600
2031
9733
6950
1229
4283
6990
6190
8813
7126
1751
9969
1476
8986
1148
3190
9551
9837
2904
4328
6243
9303
762
3220
4967
4646
2590
738
1453
7817
5228
5054
9849
4962
2004
1079
9246
8995
7269
8060
6121
9021
8029
7598
8007
9178
789
7559
9015
3694
1887
5258
2997
2650
8479
7965
7296
1070
8704
8750
8888
3933
3804
8737
8896
5809
9816
8142
4805
7086
6202
926
6107
4232
8524
4114
3410
9314
1674
2426
3008
3562
7685
6005
6212
6165
3971
3508
7235
2675
2259
6124
6609
6064
4861
5505
1873
4678
3647
6678
1764
9850
7605
7872
4082
6130
1987
7493
5444
3661
9919
8453
7223
7605
4459
3435
3770
8430
6944
1005
1106
9204
7129
7715
5268
1991
3220
7141
6670
6867
3820
8435
6717
1425
6307
800
7556
8295
8293
3000
1956
8213
1453
9180
5818
5912
2616
9589
4343
9561
594
5449
8765
7724
3164
4033
9716
6384
1174
6386
3252
4995
4822
9970
6421
1130
770
3977
9425
9064
6977
1382
7278
8431
562
3097
4344
3179
2686
8687
2740
3281
4136
1505
1006
7301
5538
722
3686
6713
7109
6938
1709
1932
6909
8130
3062
7680
2107
2487
6745
9085
3869
4023
7516
4432
7120
1861
7611
9807
548
351
3088
4685
1857
4094
1986
7395
4817
5672
4109
1927
2611
5818
3859
9520
3948
6922
7200
6056
9409
3946
5141
3279
7969
2658
7711
5090
4519
5322
4897
5068
5674
7986
9753
7531
2081
1740
4927
6899
7412
9036
8827
24
4855
2686
9545
8804
9609
6746
4860
9018
692
2
2297
8661
2661
9
3752
7181
5332
8650
2249
1006
6636
2002
8538
8718
3742
3465
5617
1155
2502
4444
1180
7357
7131
725
6161
6740
7471
1022
5759
8163
1025
8057
6825
3686
8066
577
867
3398
9227
3116
4405
5864
5119
2943
4582
8862
6408
200
18
8911
4644
1198
6268
1776
1924
2430
8516
9395
3453
4276
7559
4478
2333
4385
8165
400
4963
9032
3799
4191
2149
8205
55
7269
1148
4638
6132
7557
4838
6150
6468
9483
7349
2737
1259
9273
5167
9776
8669
8621
4052
6229
3099
6386
615
1265
6787
5578
297
586
9769
2447
8791
9825
9717
9940
4464
5849
7498
9302
2000
3966
8785
9349
6704
45
8623
1872
9821
7293
493
3874
3523
3593
261
4138
4858
7048
9717
5156
7635
9486
7604
6427
9312
7321
6367
3776
3170
3865
3079
5170
7832
1864
4520
4536
1910
3144
6409
1732
437
6902
5606
3960
495
5867
8099
5354
2915
7816
510
550
7303
8114
6977
6616
5436
3345
392
8606
7211
3471
3777
5044
5336
8297
9581
7247
1441
5990
8979
1879
2892
4585
5840
3388
453
3940
8742
3369
1756
9253
3920
9060
7367
898
5676
2803
4243
6069
1410
1455
9541
5188
6499
4878
3485
6080
2125
4927
2071
1104
6807
4963
5690
2647
8352
6144
6587
7094
9513
8344
6347
3433
7405
3715
4331
3081
6519
8575
9151
7930
31
8693
3118
6530
3571
6604
2611
5697
1532
4683
6802
8339
9646
2492
987
7999
8636
7574
5093
8150
5919
1441
1584
3324
5157
5915
6406
1677
4491
5558
9608
4523
4251
2726
1053
7822
9331
3665
3519
863
8348
321
9202
7995
2814
189
5994
1451
7764
1088
9601
3684
2530
1185
7008
7688
7101
3415
9366
1593
8973
8974
6116
3224
1701
7170
1046
1032
836
4566
1895
9185
4888
1098
7181
7702
1288
3176
9154
9052
4264
8756
2736
6795
9942
9745
4484
7043
3160
3850
8637
2133
2824
4754
5358
4525
1925
6404
5557
2761
971
7453
1947
5859
8551
9128
3562
9839
2304
2716
8892
6569
1473
1629
3365
1415
1374
7849
8459
4535
1699
7096
6669
4524
1851
2027
9050
3776
8432
4607
6538
9403
2061
8485
5263
613
7614
8826
452
9919
1542
9345
6488
3015
974
9854
4431
2349
7703
2890
6884
9403
9986
3554
3928
1838
5581
2978
5614
4013
7586
2153
3417
9647
638
8681
260
8252
7507
713
8171
9050
58
4660
2066
1033
4514
6497
3383
2218
9387
267
1622
9374
3822
5550
1212
9403
8528
6827
3417
6115
8980
6835
5762
9619
5516
6023
7871
3024
6737
6043
2074
6796
704
4140
7829
5219
637
1212
7437
25
1480
9060
9399
5302
4610
612
4706
3139
7439
8123
9254
6420
4959
5017
6039
476
1040
3911
3500
7777
9954
5574
4573
659
9715
2403
5878
353
3616
3316
378
5096
2376
9778
399
6987
390
5105
126
7830
3229
9381
4250
8189
4398
289
8665
5439
4200
2165
3217
4155
7740
7790
4815
7455
194
693
7808
3810
4010
8186
8907
6387
7964
9307
3374
8355
4413
3500
6185
7642
2882
436
5832
7280
725
4497
2719
4926
6663
5936
9082
4403
3727
3897
1858
3922
4591
9667
7732
8602
7854
6640
4989
5819
5947
8363
4174
360
1864
360
8003
4746
796
3835
2027
1522
8332
4747
6449
4996
684
5531
9399
4411
9429
1258
8334
4021
925
6067
2623
8779
2707
7612
4599
8655
5976
8773
9015
7840
9134
7019
2587
9930
854
4614
1453
9187
9361
7902
4183
45
3434
3583
4457
2864
4841
2791
6885
5767
8858
9509
4546
1566
7122
9145
221
3098
7919
9237
939
7053
6256
3526
6984
7111
8140
8437
6298
7502
6339
482
7548
9774
4066
2006
2638
8907
4797
9523
4674
3656
9033
9221
5222
6155
8367
5443
9253
6287
4681
192
3340
937
3719
325
8048
1860
8762
4347
9362
5102
4830
6911
4876
8896
8917
7515
7804
3714
7038
2478
7371
6072
1700
2593
2227
67
8037
1481
6354
2719
1674
9695
3656
5393
21
1705
7253
8784
6052
6616
3886
883
3527
8763
9779
2444
