7662
745
7328
8043
8382
3516
8828
5017
1993
5397
1582
4452
7644
7813
9901
7898
139
3738
8734
7476
5123
7389
6212
2255
3417
4478
6006
4012
2760
724
8687
423
1469
6016
8466
9852
9533
7294
4870
1527
2692
6452
5979
336
4266
5881
8235
4405
9619
6969
1881
4743
4359
8093
6998
7777
2572
3004
1789
5332
3728
477
5755
5198
6493
4222
5050
6027
1517
9920
7554
4209
6373
3534
4546
639
9415
2782
5044
9035
9751
6926
3778
4111
5020
777
1888
7592
3782
3678
2925
7511
4155
8681
2709
649
2903
7760
6677
4421
7681
4231
8631
4054
7766
3177
4693
7182
5959
9738
6217
5711
6665
9996
9823
1685
774
1712
9277
4556
5390
2203
2067
9546
884
4777
195
3788
2537
6872
8209
218
1104
6840
4273
8871
18
8967
6053
5978
8705
2271
1690
5370
2268
1513
7056
3042
3225
6334
7598
8616
8537
9666
8162
9421
4443
8357
3209
6981
5230
1418
7200
6335
8259
1473
5206
8277
441
1259
4256
9147
3530
5946
4517
5799
7460
1574
8841
685
7908
6440
9301
6445
6107
7464
5866
550
5821
9076
7532
1052
495
4732
7387
8754
6206
2593
7032
6647
3853
1289
5795
7384
7235
312
3183
4695
1887
2024
5381
9795
8465
4683
6240
4572
2147
2107
5123
7969
1183
2656
9021
1679
7388
6409
434
3595
9002
7466
243
2855
8755
6038
239
5991
6351
3423
687
8238
5448
6069
8034
3913
753
4274
8486
2901
6382
3610
871
7566
6266
9893
9245
3655
6302
9679
7251
5305
7146
7494
8160
5902
3533
8400
1894
9885
1823
2582
8124
7271
8651
6158
1185
9405
433
9671
2306
6815
3282
3177
4381
9548
3070
3627
3203
9373
3306
454
4678
453
7949
2838
6355
1483
1239
8250
1368
3062
832
9493
334
9483
5651
1519
8888
6084
1191
1195
2899
4473
4373
7281
4022
7443
908
7225
6816
4215
7680
1494
4669
5630
4333
1024
7114
5572
9275
8483
8635
107
7976
8970
9591
3627
490
8480
9712
1681
9675
2612
6155
4048
9894
177
1492
802
7403
8309
5018
5084
9803
9687
715
4137
712
7829
9710
9987
6312
8346
95
4288
7316
9686
7916
7806
8166
7629
9488
7842
241
5643
1891
135
5821
3383
938
3224
1693
5957
8308
1497
5644
9023
5634
6357
6853
5345
6344
3165
3691
6440
7454
1008
6126
5370
8814
4293
3000
8303
2135
3241
3947
4027
3377
9768
7410
4316
2993
9103
273
1301
601
5918
325
6235
2275
7178
1580
8620
344
5271
5060
7798
6280
1187
3169
5094
5480
6169
3398
7616
9411
7345
1643
2788
7113
9054
7105
106
8158
7378
1408
8759
3297
1734
4995
5572
8913
6576
4193
9257
1848
9254
7056
8128
441
226
3223
5922
6395
6621
3539
5806
3966
5183
8595
1080
4238
5700
1187
2397
3079
2596
1157
6376
4331
6152
1949
3244
2728
6142
2502
4577
5396
9559
2705
5838
9785
5928
1761
6181
2549
5300
1987
6516
483
583
7597
4721
6284
8784
7119
9363
1381
8276
5740
5712
4429
7689
8957
7157
3832
1460
1735
9229
1019
4440
5068
804
368
6829
6985
2917
2129
8973
9434
2613
9557
7031
7335
5841
5815
4454
5205
7197
2730
946
2909
7159
8635
1867
4317
2468
3327
6052
1698
4346
492
6766
5151
861
3595
2137
3779
5724
1111
3213
8338
668
244
5673
6510
6060
127
1716
3258
2858
2662
6167
17
1298
8034
4335
3766
1362
388
5464
5708
881
2231
860
1742
5826
2998
5521
1551
4109
8735
9889
4778
8980
5562
1289
5041
5690
3005
8299
8548
5667
4466
8566
6965
2501
2901
732
3864
3290
6197
9573
4171
8428
433
5913
4254
3431
1435
5806
7541
170
5695
2320
9150
1258
3609
4191
6949
6614
2491
5497
2281
6958
4064
9247
9459
6966
9979
3324
256
6177
2897
4427
4605
3330
340
8860
6762
1776
4666
4304
1946
362
6624
1097
1621
234
5289
8570
6848
7780
4068
9130
4738
8133
8378
4198
5099
8357
7522
5355
4535
419
9782
9140
3750
123
8001
513
1899
2667
4818
3846
3030
1442
4943
4652
1676
233
3223
8525
8013
7291
7656
2752
5424
6034
6950
524
4392
4473
5879
8927
4893
5662
8067
8643
5785
6069
9157
7684
8736
3975
1531
1767
5417
6474
6419
7094
6708
9642
5620
4722
6934
3276
7474
2359
9310
4425
2883
3702
8898
8763
2629
3791
4425
697
2434
210
6766
1592
7895
5503
5567
9426
7271
984
5901
3691
8079
2610
3333
3700
7332
268
6976
4806
2628
6287
9231
5512
9989
8129
4275
2619
1921
8701
3317
4356
8912
84
5948
6807
5587
1515
6234
2859
2500
2136
6550
580
4746
9884
4280
2079
152
1256
6885
2781
7544
6117
8293
7533
4246
2569
153
6168
1270
3470
524
182
3554
6472
6990
9142
7988
3224
2001
488
5361
8551
1068
108
8435
5348
2187
8588
6605
9073
1369
4149
5190
9662
1683
9437
2231
1836
5605
3502
5307
6129
3684
8861
2602
674
8004
590
3899
5
1078
9261
8557
2147
9369
6993
7496
1557
5582
4101
630
6951
8251
5820
6614
9934
5257
8846
1771
863
2348
7078
6992
6032
5940
9595
6707
3944
185
606
3950
1264
9868
2508
3411
9237
9502
907
795
5084
5009
1425
2035
3260
7246
8650
3195
2504
7496
4966
3367
9845
2045
360
5878
7985
9955
2585
1930
140
3192
5881
1405
3060
8389
4816
2298
7891
5724
3093
2975
733
4519
5011
3994
1766
3661
7189
4270
1158
2156
7638
1003
4201
7998
6881
2187
7953
9467
4118
8094
2660
9999
9499
5721
8389
4316
8019
6280
41
1113
9256
774
5633
4268
4769
7399
7929
1958
1670
9088
4115
9308
91
8317
7307
6973
504
5261
6441
4622
3355
9101
4622
2855
4822
3011
7172
2842
9292
7213
3956
8549
7988
9589
2817
2757
6989
747
4716
8659
9835
8831
7968
9927
7149
5275
6901
7654
536
3342
2277
3892
2444
6899
6747
7267
9910
3920
110
9203
1133
4066
7752
9122
3655
569
1879
645
1317
6596
9304
1152
5428
7272
1080
2577
2547
7981
231
3084
1324
2508
6976
3769
9408
3724
1036
9319
7644
1147
8522
8778
5213
6275
7901
8869
6845
9781
9514
8162
6377
8819
9315
1805
6091
395
4383
8639
8376
4615
1723
9701
7124
8700
3470
6532
2424
4507
5851
69
5654
4374
8848
867
649
6749
9737
7495
6530
9252
5657
2907
8071
4972
4713
4162
5367
9097
2802
3744
3713
4526
3445
837
3226
6915
7370
5650
1422
3222
5720
7076
7596
4568
7944
8246
1317
7682
5741
7847
6934
1399
755
5005
6372
5469
9168
1739
4566
1971
5484
8279
6497
8929
9117
9723
5845
6487
5374
7268
9709
1095
4345
7306
5663
2289
5553
6981
9972
1295
4829
6906
2694
5584
1912
9066
1054
1081
806
5621
3052
6291
3901
9550
5221
3018
9274
1066
9506
4649
8334
9215
5744
2679
6522
1408
4969
2075
8389
4942
3370
3218
1848
6064
8803
3761
5131
9858
4842
5938
5479
7895
2229
9380
7445
7450
2399
6720
8517
1905
1369
6852
1121
7113
9532
7643
8521
4501
9719
6911
9443
3089
129
1292
9154
8933
5054
4286
8791
9897
224
4271
7792
2454
3652
5238
9905
6051
1958
8422
7957
3327
5274
9079
441
4806
6723
8963
9308
6442
5874
8752
9531
6003
44
8686
4937
5099
2972
3728
4996
3196
7999
2788
5651
1652
8027
5556
7703
9986
3978
5661
3314
9252
4741
3755
4059
1464
2718
3367
7906
8592
2119
7438
4596
2164
6124
9533
7263
9097
3262
2259
2294
1262
5048
7945
2914
3076
3501
618
3062
7479
6280
6376
6732
1021
132
792
2486
2851
4159
393
1443
6279
7831
6040
8444
3956
5574
5707
3054
8837
7967
5348
100
3016
3293
3015
6092
6794
3633
9154
4274
9914
5531
1007
935
5663
1799
3421
8514
5959
3814
9958
2239
1646
5999
683
5603
1573
6391
8657
411
4358
4005
511
7374
7299
3526
3466
4094
7160
2621
8368
7074
8152
9376
8009
3816
1176
1431
2331
7135
5246
2289
9375
6892
8288
58
2496
9862
6449
1153
274
807
5159
785
8182
2458
4312
1649
6553
1472
4270
4921
8546
2423
4298
6556
6240
5474
7987
8571
2610
3234
861
1985
127
9150
2043
2623
9013
8493
3777
9287
9301
8937
72
7483
1396
4384
9132
7949
5857
3403
2871
4403
5827
7169
959
2068
2644
8947
639
5254
2182
1501
7240
2309
651
9284
4933
9664
7777
8710
8952
7078
7648
9025
4561
9044
3410
3694
6993
9267
7098
9864
3670
2926
7034
4630
4994
9678
3578
5634
4933
5760
7136
2173
8070
7788
1458
3003
7453
9235
1714
6405
6314
9362
5430
876
8406
8840
4570
5400
8107
1669
5265
1778
4596
2299
6409
9591
1978
9987
5225
6911
5748
2362
9085
3818
150
543
6822
7603
9779
8536
4008
6093
7898
9438
6969
6305
8279
1540
1705
6386
3210
6971
8165
7806
9270
4574
7397
1249
4562
2623
8160
310
4985
7246
4129
5136
7790
951
2739
7570
9488
6747
3663
7387
6186
633
3692
4465
2174
5398
852
5384
2369
9018
3191
1640
3592
589
2889
8154
3213
1050
8465
8198
8297
2595
3334
6087
3546
6074
3658
3035
2821
7321
422
9008
7955
4114
3474
129
9513
4327
5514
1883
3345
8706
3523
6938
9295
6413
5093
2508
7464
3558
707
5761
6153
4042
1849
9700
116
5507
2736
2938
2829
3158
1946
784
7273
5420
914
6786
9748
6429
8670
3093
5135
2194
31
4431
8607
5124
6940
6071
8683
7648
1833
4837
1690
3682
4538
1807
9190
7274
4745
2019
432
6691
2804
7706
2112
3718
4492
1860
148
3163
4954
5284
5357
4985
9715
3964
110
6656
36
8794
4304
1870
3631
5994
5552
8170
7801
4742
5444
2547
6762
5877
9239
9566
3583
1351
3285
8076
3212
3433
1239
8166
8717
6596
3152
8433
561
3263
5090
598
2057
9394
2468
5689
5389
8021
3859
3191
2764
9304
5738
9526
5181
4977
9093
8765
6329
2378
6842
9542
5811
8082
7709
4529
4678
862
2962
5240
4125
8052
5839
6183
7447
8308
1873
2836
6329
5733
6027
9094
5037
1766
8621
219
6744
7714
8985
3074
92
5827
2616
5903
3909
325
432
8588
1188
3395
3829
5314
1448
9668
1497
8895
7976
3371
1732
4306
9104
7759
3401
4141
9526
2022
4361
6270
9736
3346
9344
9829
9173
1961
5733
3083
2287
6165
1671
3475
9561
5500
8789
1009
5168
287
9905
3145
3658
1637
7452
2763
9397
853
6904
8923
2875
1266
5194
2612
4612
4539
2441
3786
6500
8174
6869
8788
4340
8540
2263
3902
4040
1053
4911
9209
1341
4817
2355
4999
6454
9807
7763
5851
660
4668
4775
3536
5934
9970
6149
546
4509
8591
4332
1010
6765
1202
9798
1106
9742
2062
5009
3783
3115
9921
2993
4456
4738
5348
9456
1192
5156
7219
7044
5817
1887
1820
9354
7822
1791
5503
8368
6300
4094
2701
7311
860
3903
7110
1967
3646
9172
6976
7430
2287
6897
423
6744
1635
5772
6201
2828
928
3421
9873
6746
5309
1693
6100
3131
3484
1603
1500
9785
5697
4202
7097
6558
8106
4207
8525
1752
3379
5501
9182
5667
2398
9605
2412
4034
5378
8613
6862
6306
2034
6735
3052
7343
8429
9153
474
1914
756
1975
1700
6454
6177
8797
3012
4283
3004
1537
6035
6384
7039
5218
2052
9438
4824
4464
3472
202
3077
334
6509
5112
7070
9562
2455
5499
8715
2930
7414
9471
4905
9114
5926
1082
7911
8938
5366
916
476
1402
7300
7516
6620
9352
6954
1444
3816
426
1647
6894
761
8156
2006
7831
7719
4462
3331
6434
7392
745
5906
2298
9860
1832
3381
7771
771
8747
8687
1247
149
5988
8763
6770
5341
5717
8215
9158
6144
9862
6052
6905
8019
8059
4737
5738
2521
8069
2172
9914
8814
8079
2213
8674
9911
5595
6446
682
4342
5134
1930
4492
1123
694
1262
6464
6411
9477
5622
2556
9340
1675
9462
7359
9734
4199
3097
2256
2268
5270
2171
1083
3350
4384
9758
3261
9979
6204
3944
4322
1339
5875
8815
2462
6569
78
8926
2981
9555
4549
5537
8896
6224
4999
6255
5959
9199
9353
8215
1467
4624
386
2551
7974
4771
2309
1236
4751
8514
5181
9073
9854
1056
7889
2316
7625
7967
1243
606
7523
5792
6144
6419
2017
1143
2674
7976
343
2028
6192
1811
6652
6579
4362
4627
1351
6672
5863
6102
5187
1045
5176
5041
2101
3065
7358
9726
1032
8601
333
8555
4394
6477
4975
6411
7621
7649
4388
7964
9678
581
9775
6331
7160
4138
958
8511
810
6822
4614
5997
7867
9790
1038
9969
2856
8396
9695
3888
6998
29
2444
1392
6506
7419
7804
4128
5069
2193
2092
4748
2774
1868
1079
9934
6006
2038
8446
6816
8861
3060
2814
6729
2850
3853
6698
5706
2249
6394
9595
9248
6423
2040
640
2929
9459
8445
7058
4529
638
9150
9277
3412
1019
356
3347
7025
2395
1793
3842
1256
4853
6657
7985
7704
510
4683
3411
2760
1078
3006
2008
7501
5046
2649
431
4506
1094
7489
9036
1733
6640
8313
5145
7659
8670
8493
4685
1065
286
8528
2322
5140
5185
307
2844
5695
4991
6256
8455
6070
9262
464
3571
4309
3113
4002
8816
4207
1492
7852
5941
8132
6166
1086
5791
4836
9580
477
5902
9867
9005
8224
5007
4191
8532
7852
9886
3524
4108
8342
9594
3371
8806
3166
7680
1919
7168
6496
6127
8661
4349
2068
6793
515
3155
2585
5352
2736
3062
1254
2603
2068
9479
7611
6259
8012
5464
6146
1536
9572
4488
1131
2944
3295
4297
625
5215
1466
7121
1342
127
1471
3411
6921
1986
6567
9506
7338
9303
2569
8593
1906
4637
8072
9518
896
6084
4982
7042
7621
4555
1531
8753
7499
4826
3051
8124
41
4517
5246
1384
4645
6717
4796
1566
8703
1363
1073
6042
667
3642
4635
2574
8280
2708
2092
9177
8792
7074
6220
6414
1629
7751
5167
9129
2578
8218
7253
2620
2736
2499
4004
7382
9217
8800
8949
7921
164
23
3963
831
3665
8599
3406
1946
1307
5498
1123
100
2573
7343
6514
4203
5095
1682
3332
7674
9901
585
294
2638
3085
4298
20
2302
3099
8970
224
3264
8993
4188
4095
2659
2787
7502
4605
4094
3000
5729
4195
5573
3073
709
9776
8169
2392
3109
5843
2293
3694
6137
4932
6780
436
4953
9083
3535
3923
9307
6800
2916
3495
895
5576
6282
8397
181
377
1398
5911
4572
6972
8984
5282
6749
7153
7674
9858
2997
9968
3553
9134
4900
333
9570
9853
9416
3106
3777
8723
9906
6694
2218
802
2270
8501
9200
2452
8878
599
8363
3451
7571
7348
8733
4320
4502
6408
4179
7499
6376
7732
6633
1277
8065
6204
1130
7482
9311
4908
6205
9217
1602
8424
20
3872
6926
9221
6325
5805
9820
4688
9256
7391
2037
7990
1712
6539
4398
5892
4038
775
3624
672
2052
1690
6876
3183
9172
6187
8091
5378
5405
9694
3803
5425
3566
729
4647
9892
6535
4467
4581
5791
1859
6618
3782
3572
3157
8180
9464
7196
8955
3089
7868
1008
4779
4744
4191
3952
932
2283
9331
6337
1977
3135
1763
5544
3865
6410
5436
400
878
17
6192
2737
6636
9974
6309
9793
8154
5773
6990
7110
8863
4858
8118
3643
9603
2310
7595
536
4593
6927
6874
6571
62
8638
2115
3928
5048
7552
4328
5927
7570
520
8664
4206
494
4973
4000
8649
747
990
5759
9611
5849
3878
3254
5452
6188
850
5989
782
7777
2863
7354
7840
1501
9469
1768
6550
7022
6097
2477
4592
6617
1141
8798
7111
6115
2798
5760
6863
3789
1520
6474
9638
5399
9728
5091
1588
578
1080
2370
8356
3943
9724
6197
5444
9194
7965
1994
6216
4063
4471
808
680
5613
9607
7792
1729
2405
3552
8592
6194
5073
5067
5833
472
4795
924
2060
5374
2004
4431
3731
5948
4156
9928
1392
3350
7894
3387
9567
1957
7859
376
2637
3473
9983
429
5202
2388
3982
3794
8583
9056
8862
4416
9528
3657
5341
1589
9032
7346
6020
2763
3294
176
2691
4687
3527
585
8075
3095
2542
5934
3471
5180
9408
3454
5610
4610
5843
9592
8405
4426
8648
7267
8843
8177
925
4185
9766
9957
1531
5786
2720
4826
5963
5412
9513
9491
5998
7588
2586
8540
3523
6057
3721
2932
9512
9331
7542
5355
8923
5948
9782
7572
3215
8626
5749
4141
2811
5516
4098
4342
1303
6819
9169
7266
2232
8682
6758
8230
6271
9344
6771
9795
5402
492
2727
4914
9823
270
269
8747
6218
52
6320
9434
8678
2070
3575
1489
7586
7674
5832
8889
4493
5001
6156
6725
3684
2914
4955
9955
2259
1727
9751
7661
2219
2478
2576
2043
2748
2846
791
8966
2898
7111
8400
1576
9182
1976
3066
6768
9650
8898
5657
4143
3900
1813
869
7584
4728
5825
7540
6987
7552
7291
4648
9772
9769
7225
1815
2518
71
2607
1484
2969
9718
9885
4545
8900
1861
7611
5669
1511
6510
1326
5655
410
3140
6525
7995
7869
2351
5535
4856
9904
2826
9505
9676
2596
6730
1492
5114
6801
4099
6599
9770
3818
6485
4316
2719
8347
1928
8388
9859
8438
9715
5514
8849
2856
2040
6845
725
4392
2380
5581
4296
5207
5087
3972
7804
1817
5465
2919
8619
9564
9518
8390
3382
6004
2706
6102
4351
4635
4490
4210
3074
4205
9725
1923
7061
1765
8769
7787
6157
1149
3369
454
6357
8456
4427
4162
274
9892
7081
8893
9457
6600
7283
2840
2604
9990
8942
6956
4626
3432
1166
7700
7638
891
9624
4700
2657
8393
2487
8815
9543
5856
9270
5901
4312
3697
63
4586
3589
7144
3480
3047
3745
764
5887
6349
755
4830
3306
5381
8262
4472
3081
5901
5364
2705
601
8022
1098
3088
6837
642
8944
6107
6543
3257
9805
6606
7844
3395
3751
1324
6442
7496
2089
2330
3846
2844
7160
7152
8225
5423
1625
1306
1324
6989
4012
1926
5011
5111
5014
1849
5753
3959
7957
2296
7216
7762
8903
5061
1158
2654
6385
7600
151
8475
9931
3997
1319
7091
1150
9544
2514
2775
851
3839
9765
4864
5765
4776
9975
780
6626
5729
4739
4583
8026
1956
2346
6929
7017
3504
9584
3403
1105
9736
1878
1036
3734
3198
8127
4884
2742
642
7660
3594
4482
7425
8458
248
2202
8434
1028
8828
4163
5767
3412
2190
7724
5758
9119
4742
9263
8704
8145
369
8440
24
1405
2175
3222
9533
7059
5965
176
4720
9559
4658
2145
8018
4906
4347
6453
5934
3176
617
1702
6588
2807
9427
2347
1927
4169
1610
632
2314
1979
9073
2338
3385
1248
5561
2918
8307
1526
3095
3027
1086
7753
5173
9104
2660
9520
5558
8595
2696
6175
297
9285
8983
9725
1632
911
3894
3243
1543
6208
5223
616
8547
8608
1865
4108
1527
173
5634
4622
3201
6721
2376
8374
5825
5036
7895
1384
3631
592
7560
3929
9877
6543
3655
1510
7454
7549
4753
8998
3758
9977
9615
2305
8586
1480
6414
113
1653
2049
4736
4854
8770
7112
3228
4596
2149
1124
5981
5781
1716
3541
9711
1594
85
3366
3104
7540
915
7858
6538
4673
7835
6153
6979
6421
7634
3394
6535
9287
5443
1271
4141
4214
8384
7370
8811
534
8494
4792
6315
211
8333
6027
1805
8418
9393
4910
5958
309
2768
2497
4982
604
8651
1962
7025
6285
5356
3561
5573
800
4833
9714
5015
3217
7085
3826
3752
5580
8618
67
5792
6952
6094
7597
5371
5488
2508
1330
5797
5276
3827
780
5881
2478
2742
2906
8764
8099
6468
4337
8900
1301
4052
3915
4519
1138
7741
8271
6718
6360
8339
2510
3312
4434
108
8684
9922
2616
14
5720
7893
3841
6500
3774
6320
9243
6681
5084
7342
3149
9422
6243
4451
3474
158
8971
4612
7900
7242
1331
4260
5582
3841
7573
16
3950
6257
9939
6566
6271
5659
4460
113
2159
8234
6433
1403
4915
1518
8746
8065
940
4989
2516
4415
5147
1487
9027
3048
8730
358
7309
4313
4200
4882
4329
8150
1140
4269
4717
7412
9928
9177
7525
2088
7412
3959
3491
2327
5478
2238
393
6418
7227
2910
833
2375
4398
9861
5423
3128
220
2733
7441
4420
7616
1771
2571
8756
6040
7289
6169
5969
6466
3695
8058
3879
7654
1550
6207
3132
3788
6600
9551
1016
9510
385
3391
3908
247
8815
7037
467
1548
4479
4888
9164
6251
7459
7921
2291
4748
4090
8261
1215
7785
6319
5095
5440
7869
1302
8573
1658
7902
8124
2674
7412
8510
6065
1321
8757
4881
8359
9224
6430
2838
4112
5594
9089
1572
3516
1381
6321
7607
9643
7537
5393
5962
2632
833
3832
3934
9406
5490
1837
7531
8165
9249
6042
4230
571
4799
9112
8930
4024
5542
1769
8137
1137
858
9709
4654
2240
6031
2261
1883
3568
7654
7845
6201
8487
1678
136
7894
7169
1973
5426
5334
1223
1468
9565
1794
6267
8678
725
291
4220
2494
8429
5358
3353
8138
12
5593
4170
2273
7476
7739
9927
5322
3940
8415
7001
4076
6310
4170
6050
1736
9505
7273
3204
9071
9068
9472
7749
9793
9764
1969
2288
8193
7327
5641
6331
7340
1235
502
9613
8711
8241
9541
4034
2182
7957
1035
6259
4267
5206
2309
6003
4712
9582
9207
3783
8651
8680
1532
8444
8444
3502
733
6637
830
6374
2969
8170
7610
3471
7783
6322
1712
7325
356
3895
5282
1392
154
9549
6599
2463
5553
1311
2046
4760
5095
697
3441
6627
9142
1885
129
9875
8522
959
6250
1492
9129
3860
4963
6913
182
6676
4239
539
571
9521
1932
726
9070
8532
3189
4623
9843
5235
9384
4939
5933
2826
1566
5075
4711
1696
4950
3234
2655
1200
4726
1785
5061
9690
8699
5244
6367
2938
5783
6939
2459
7716
7665
1530
6248
854
6154
6092
6090
5539
1031
2023
8365
2597
7099
3077
4294
2049
6311
6949
3250
1038
8735
8312
729
7434
3556
7096
372
9340
4035
2832
7056
1701
4362
3304
2555
517
9397
8646
6056
428
670
4422
3026
7769
7499
7320
9819
3811
4270
3070
4850
3005
1382
5579
440
4939
2676
812
4279
6711
3644
1336
8412
8007
4641
968
8524
4038
9615
4581
4466
285
9003
7492
8055
6503
4813
7874
315
9083
945
5165
2089
2327
744
2529
7267
3420
3342
1546
132
6987
2883
8545
4994
7524
9514
3519
1562
9129
8101
6029
9415
7105
3522
7470
3608
8335
5345
3924
7419
6290
9089
9508
8618
9834
2037
5885
3255
5380
7432
3388
2367
315
1933
7362
7840
1448
881
9402
577
8983
5432
9993
6088
8954
7463
9697
7289
2809
3621
4708
9099
2711
4217
7718
2545
6255
3603
5801
1635
1036
9189
4002
1352
1123
1365
9192
2571
2246
8595
3149
1230
4027
3142
7318
2981
606
7016
271
3415
637
4980
2515
3348
9197
233
5894
5452
3837
1695
7087
4873
884
1090
6225
2007
2455
5418
4579
4702
4014
7728
5932
8041
870
3251
1023
1477
267
1295
4892
904
6275
7407
4253
5472
7640
148
925
1477
1843
8013
6351
2728
9103
2577
4736
1559
7995
9315
6261
2010
7044
2194
52
7915
5445
1075
9392
5713
2371
4284
6618
8646
1692
871
4119
9333
1019
5044
810
2863
3057
7162
5592
2161
9739
328
3720
7735
9644
9982
9745
6688
2177
9797
4603
7623
873
3996
3336
3244
8280
9954
1890
9973
826
6010
9306
1846
1055
117
4710
4112
7279
302
6274
7018
630
9995
4753
274
9978
4499
6963
2155
4296
1567
9778
5169
5563
3115
8413
3844
3070
304
3817
3896
6314
3124
5743
7369
3241
453
1482
520
755
7757
7539
1386
7752
2293
1661
7730
6792
8624
9886
1088
192
9665
6257
5755
2780
4671
9600
5850
4975
3418
9747
1290
6542
5490
8659
9783
5944
142
303
6699
7899
7843
8086
5651
136
9747
3382
6928
8372
3268
8016
8564
2934
4274
4320
5714
8945
3920
1564
3920
7338
1312
5210
3881
6802
3870
3664
2746
4012
3968
9446
1912
1811
7532
7564
1947
7280
946
8875
5652
4215
6892
4217
7149
1166
8537
2864
112
2458
4429
4032
9797
5741
9243
3678
2543
3114
7342
5290
7127
1311
4737
9039
3122
2269
6603
5070
9549
7550
3946
5202
1766
838
9419
8916
2005
7957
1780
2117
415
6210
6150
212
1951
5394
3891
4495
8508
1234
9786
5635
2545
4523
4675
5668
6792
1279
738
6342
8829
4684
1545
596
5523
964
9512
7529
8921
1293
9646
9337
7503
5797
9550
9454
1191
3441
3950
9699
4676
3736
5335
7221
8259
11
2890
5052
1290
3628
1395
119
8313
2940
716
3837
3904
228
1366
2826
1522
1013
2164
9025
6810
1714
8480
8001
5156
2431
7701
9832
6167
3037
7054
4427
3048
9944
9479
4338
3572
875
4458
1886
3815
5174
5723
7720
5403
7090
546
6925
8103
2710
5951
4913
4425
4432
2915
9581
6863
616
9413
3030
3654
6467
7458
6702
6411
6938
1040
9984
7813
5499
1871
1628
673
7595
9348
6077
4685
9895
3002
2788
2605
8953
7702
7031
3385
617
6612
249
1234
6026
3280
4888
2494
738
1591
8905
7676
2632
8890
5489
8131
761
7118
8805
8357
6466
4882
3042
6361
7884
5831
8967
6838
3533
5998
224
4151
2611
473
5385
8637
3753
274
1131
4492
1865
37
2169
4497
8928
7658
2628
9690
4777
1433
8047
1244
6316
1089
7606
4200
6920
6573
1039
454
2572
1263
4605
5183
1737
9991
3821
5491
265
4952
9983
2130
4989
2152
6628
3918
9811
9256
3608
4589
690
1655
5833
7007
2744
3439
1207
9665
12
2247
119
2585
3511
4725
7769
5248
4716
1590
739
4981
6543
723
7112
1533
2876
3740
5451
2688
2997
9059
7277
3688
714
3110
695
3459
6549
1903
3125
6562
4150
3244
9147
7661
7969
6917
2910
2685
8507
3650
7667
5050
4373
4779
6583
7249
8520
2035
9937
1517
1094
7214
5206
1809
325
5901
5268
6874
7804
8393
3436
1955
1638
2584
9616
9608
9501
2526
2294
8009
6176
9961
3060
550
4741
9644
7800
3262
1679
7738
4779
2773
4952
9986
4582
5277
5887
9851
2152
3692
8245
5588
5647
9883
8173
5264
9491
7675
7791
1786
5684
3968
1747
8744
4518
6489
8389
2319
9751
68
57
4531
2842
5010
4517
7425
287
405
7276
2440
4098
5522
8029
9745
5405
6202
5010
4897
3877
2801
6684
9562
6770
8432
8307
1288
4921
6696
3607
4673
6764
3665
9204
9606
8675
3722
7032
8963
4128
4309
1403
8226
9831
9432
7972
5237
5635
2982
135
9513
5784
6819
9075
2554
5251
7382
3842
172
4078
7450
4846
843
1116
4050
450
9791
7773
7482
8754
1901
1791
157
127
1623
9590
8099
6860
5225
1082
6995
4738
6866
3815
3814
9420
9066
1196
3263
9239
5275
714
4085
6119
1830
8136
6569
1621
5909
4052
375
7811
5844
533
7939
7467
123
6039
4328
5349
7121
1324
87
3988
5139
3901
3408
4205
5098
6672
3445
374
7386
7530
6493
9216
5666
3063
838
1576
7115
1214
9388
2960
1747
7327
428
1871
3367
4756
7220
489
6080
7308
4477
1219
1210
7885
5425
6308
4557
8870
6682
1944
6400
3176
1161
2067
6239
1999
3644
3355
3214
3032
6315
4961
360
6743
6833
3727
1500
4054
4216
7580
1362
8694
8799
2572
6579
4225
8881
1137
3095
5564
3082
9495
8740
4243
1563
4980
6243
5207
8335
9457
8240
4650
4419
8601
1394
1252
2329
2894
5306
6546
475
6669
5240
9274
9241
1820
3499
8123
2957
6595
3687
6039
6091
2428
283
7654
7408
6526
2862
5744
5983
1103
394
402
9704
1789
1655
2034
4684
6962
8580
5159
3631
3820
4434
2873
5641
7934
996
8599
4529
4684
4639
620
7112
4922
8274
4521
1448
1137
265
7432
2240
660
7835
1945
2450
9490
3979
7134
6452
2560
2293
83
6380
6727
2957
2022
4661
3953
621
9190
8638
5260
9811
5751
183
8085
272
1632
9223
538
9064
1463
1198
6899
3409
3648
6390
7388
782
2843
9948
3076
2927
6329
9803
5884
8351
4465
9838
8973
3656
8476
4234
3467
4227
4417
1553
4499
6049
776
5038
5114
2240
6236
2014
5649
9885
8404
3038
668
1248
2986
3744
4175
9316
3548
59
7668
8014
9897
6641
1670
8373
876
5137
2601
5293
6691
7100
1343
7467
2139
6458
9708
8375
8472
5357
8261
6877
8395
8929
8126
1382
2674
2301
699
6223
2360
8367
4237
2258
5009
5908
632
5885
1045
3233
1179
7737
334
2523
5204
2473
8981
4913
849
7454
270
9110
4332
8666
8040
2458
49
715
4760
748
6939
7121
9116
1176
9379
4126
7084
12
11
8130
3245
1191
5867
3579
3715
1072
6053
2697
5985
6902
151
6256
6013
4484
4923
4054
6943
4972
4769
1703
5721
1708
8824
4838
2885
8204
8964
9970
8216
8975
8101
1461
167
3968
5041
3882
5041
1094
6579
1027
7997
6731
7284
4010
1216
2207
8064
8159
7180
2834
9863
2902
4543
8688
7740
7428
6892
6704
7398
5108
5680
5500
6570
5847
9469
1611
9730
4510
2706
6310
5538
703
3041
2822
4714
4258
5030
2779
2417
2211
5613
2281
5113
156
969
2853
7585
7861
9558
4984
2970
5238
484
9540
1086
9953
1152
816
4464
3858
7126
3
4562
168
2825
9277
4426
7856
2056
6844
67
7670
9125
5181
7827
95
8035
5412
7956
7593
397
927
2832
882
467
3918
836
1619
4735
5300
5478
1861
5303
40
2030
8129
9318
6456
5986
1374
3301
6054
9045
2426
1235
6872
2521
9270
2285
478
6864
2683
1405
9696
3565
1873
3614
4401
3493
8349
9702
8971
211
5005
9012
2241
3135
8330
8698
9121
9704
1999
5175
8749
4426
6411
5622
6948
5681
7907
7426
2546
590
8832
2242
4155
706
5856
8557
4199
4206
8259
3170
4417
3265
2182
6659
6400
513
5357
5522
217
7357
697
8967
1783
7108
4589
8731
2790
2497
6158
5336
3087
4991
7578
7243
5697
3435
5800
9897
7642
4060
3067
2060
7325
5250
8719
3725
5763
4077
9247
5981
1434
9945
4949
3218
7054
9538
1949
9844
2036
8107
5181
5123
3098
2760
2367
8796
6196
8168
8693
3838
2228
1761
5898
9553
7012
4618
3279
2776
8696
2527
8758
131
2472
3707
3349
9527
3246
5298
9371
5282
3406
4553
406
6504
7313
2773
5301
3509
941
3994
7347
3169
5756
3246
2723
2768
7865
6003
5545
6561
8530
4303
6692
1003
8010
41
530
1256
5340
9902
6538
8746
4455
6944
5251
1769
9718
552
5278
659
4547
2626
3829
303
5873
6553
3072
3738
2556
8617
299
1086
2920
6992
2089
931
7034
2620
2187
2374
2522
8726
1120
6977
5671
6372
8746
5389
6924
4025
6049
1472
6651
9879
1775
2525
6433
4848
6263
8989
3465
6563
76
6386
3555
2166
7318
590
4786
9506
2964
7308
8232
4085
4286
3904
457
3033
9294
7382
7058
5344
8854
3710
5223
630
6235
1657
5478
2499
646
8944
9062
723
5331
2618
2889
2649
3208
7676
2155
6172
4985
388
258
9271
4292
715
2304
3587
8098
9363
8931
6952
3073
4155
7582
9308
5812
3061
1808
6459
2005
870
7182
7337
3488
72
9986
6697
7749
2142
2870
2734
2530
3128
2006
6823
3844
4311
410
1942
3674
9342
8895
6747
3497
6478
6056
9310
9539
7864
5769
1545
8735
2952
8882
2224
3024
8869
8921
774
1011
1791
3508
3541
4920
5514
365
8765
9825
776
707
3500
118
9603
247
3616
6081
6304
2927
5620
4168
8697
7165
2904
1649
6048
5128
4674
4917
4050
5448
5928
5842
8956
9470
762
4471
9836
9527
4297
612
235
7797
731
9839
8045
4348
5920
4349
7275
1541
8518
5972
8707
1422
7621
4755
6550
2296
9672
601
7744
5601
6443
6701
5071
7205
1173
4907
6733
5470
5520
6969
3268
6251
6808
1313
599
2729
5663
7875
4270
4181
3847
2977
5604
1469
7732
2155
3765
7405
2756
1509
3006
9199
8211
8078
6405
9384
2986
3138
4854
8506
108
8123
4757
6917
9437
5357
9646
5100
3232
3916
9281
7080
6894
4885
8549
4627
7040
2314
2032
9796
3824
5039
8996
2035
3117
5401
1420
6104
8539
6275
4610
8648
4398
9368
5565
3835
4725
5211
8935
7958
9128
8217
5038
6023
3102
3588
650
143
5903
2683
9940
9727
7723
8936
1763
840
4338
3183
6944
2877
9458
1555
1526
3857
923
7091
7692
5649
2303
6628
3608
1431
4845
8647
7455
7948
2235
8105
8092
8138
789
8033
7866
8512
6969
9630
9353
1308
2814
6298
4185
2273
7853
5712
6130
8777
2803
3823
4426
5106
452
8034
6538
5297
6682
3993
3246
8917
2099
1338
7056
2889
9372
4923
1401
6342
4553
754
7650
7367
7052
1836
9641
4905
7548
5771
3682
351
9595
8109
5458
47
6144
1997
5345
2826
5991
8591
1744
8091
9930
8800
980
9302
3723
2381
5644
8276
3136
3294
5644
188
5130
5285
5094
2678
1057
8777
3030
652
6886
8489
700
3031
487
6045
5857
6479
4637
7602
4570
4567
6402
5551
3870
125
7933
9514
8402
1069
2809
4047
1258
7940
9333
6352
619
391
5130
3650
1044
2017
2139
1744
5048
2627
7789
906
9106
2426
8508
3677
6994
4910
9228
864
5036
7161
379
3439
8231
3188
7487
9489
1129
6820
5842
1748
7211
972
5398
8255
2989
7538
0
8038
165
7789
8944
9272
216
7453
2949
7210
2364
2178
8075
7400
9340
8454
840
7571
1643
8327
7061
2772
5148
2903
4521
2360
3876
9919
616
6865
7457
616
4904
7623
8406
3848
6895
8623
1302
9845
5834
3666
2023
3909
1067
1363
2364
1908
8935
4008
235
5996
6780
5384
8899
1302
7744
2775
1221
8361
9641
8679
8977
4545
6302
7384
8394
3198
6007
9696
3043
1841
3363
5066
5751
4430
6430
8115
6338
5365
2123
6574
1361
8904
1959
261
206
9704
3037
1428
8065
2679
107
7043
7225
6410
4427
5620
9608
435
5316
2651
2276
8680
7718
8028
3111
4148
6143
9450
9513
8267
6024
875
7172
7984
1137
7379
7688
4175
8807
5754
6854
8915
2797
4079
5325
7225
9699
4933
7660
5016
7585
9937
3697
5303
7965
6808
9452
4109
6258
8965
2376
2283
9841
9549
267
979
6928
7955
5154
5736
3710
2008
4651
6507
6088
9976
3732
5788
4910
1392
805
2496
1330
4502
7799
9295
1310
7251
3404
7569
6217
5781
9852
6059
5330
119
7038
2258
8075
2192
7995
1786
4201
2646
8293
290
2623
2026
6078
7533
3419
6883
29
4749
1385
7829
4044
2696
5081
7449
265
1299
3230
118
7358
8560
238
4396
819
8314
6589
8814
100
791
1461
8393
1081
4084
419
7160
1618
3839
4043
1648
8588
5429
9477
2633
8126
4559
82
8392
5858
3312
8510
3216
1873
8748
7613
2692
7063
4203
1507
7163
4994
2968
5557
6076
7052
5977
3236
8671
9816
7280
319
8404
2710
9797
1037
837
4356
1120
9229
214
4432
7740
3431
6305
6489
1044
8998
3552
5248
505
715
242
3474
6272
6319
527
2250
9556
9198
2066
6836
9517
471
9547
9315
1509
384
3671
2629
9614
3886
7061
7355
7317
3367
3844
8362
2366
7396
3610
2871
8112
3853
6346
4385
172
6874
6635
9728
6072
8701
6565
5590
9173
6112
4905
682
6497
8577
3311
6112
2463
373
3467
9780
3741
7311
8143
6107
4708
1753
8979
2820
5606
5325
7206
5778
2199
3841
5506
8272
2543
2072
3862
1716
8185
8768
2399
4682
7346
5711
795
9809
6084
4263
9590
9825
1574
7733
5932
6283
9486
4911
9104
5093
237
6310
871
2436
152
6378
709
2696
8450
4572
4413
6636
3341
6812
1319
687
2523
2114
496
8608
6377
87
8433
7952
7821
4366
4235
7307
9278
3339
2401
9515
9650
3272
1952
9802
9651
2661
2498
8102
7233
6911
4738
574
3724
6057
1261
6247
8171
1758
4855
4549
1846
3289
2501
9667
7655
6737
6975
6933
77
9376
6449
9728
2648
8401
9530
2300
1063
2029
402
8296
8941
5141
8871
2665
1198
133
8913
9370
1892
3769
3919
3738
7059
6421
3406
4715
3159
381
1649
3236
9757
8098
2964
2406
6499
2495
4706
7562
4525
5109
5859
3466
250
4731
6132
1449
4864
5046
819
6757
8815
4739
495
5875
1160
3901
590
4319
4283
2239
7556
4040
337
521
6447
6837
3016
1154
4400
7541
6263
260
1008
6514
4991
7141
7963
9856
2187
8782
6613
1003
3521
7109
6878
4682
1011
7468
9002
5294
9707
6559
9335
45
7080
5782
6882
97
6936
1283
7639
3200
1543
8647
9714
6534
5788
7678
6390
7976
6460
3003
8979
9982
113
5858
4665
1124
3327
3668
6418
3034
227
5753
3080
7308
1536
9962
7405
8473
1245
5044
1674
2789
3692
1389
9323
9481
9067
5714
7457
5528
8718
6437
5511
8831
2295
176
9955
5622
3845
6374
8657
4072
2128
1737
1381
3664
1700
8786
2138
2946
3831
3812
5735
7523
5201
5059
7004
4268
773
4462
9796
9492
899
5307
8323
3195
5484
8279
8818
9329
4653
7476
3402
6781
9214
4783
446
915
3570
2584
3861
7402
6397
9597
4925
1598
4657
1930
5867
5431
6392
5663
4923
7292
971
3247
488
6456
1526
9307
5786
6179
6783
9188
2961
5998
3972
3408
6913
7543
5993
774
4945
2390
372
9871
3988
5029
1802
9855
460
8195
5519
5384
5488
6491
8631
5976
2947
157
5283
8733
6337
2067
7922
9299
8065
1895
2707
4978
9439
8700
5753
4385
1091
6125
4257
5079
1155
6059
4935
1616
4254
454
7000
9743
6945
5631
5719
9893
5789
1003
8627
2127
3070
6550
1426
1136
8446
4134
6115
7885
2835
1868
2271
3926
7994
6528
9006
9149
2588
3941
765
6842
4396
7766
6586
1341
3398
2305
1235
9187
3308
9862
1314
6379
6413
2741
7516
4859
6875
3631
2744
9710
5499
5015
3637
3494
1544
2643
2643
4132
6584
3409
975
980
1175
7561
2322
4573
9866
3558
3761
3175
3421
5075
9555
9834
7816
7071
4693
4692
703
7437
4403
6202
2453
8040
9697
3997
683
2340
8129
7268
5750
9104
8249
6926
6665
572
1500
6532
4130
5261
9707
7551
337
9263
7385
8154
6334
2078
2846
7037
9516
7249
3240
1970
5290
2937
5967
5973
5278
4097
3242
1029
3201
1491
7955
9867
2063
9455
6399
6194
4717
6107
3745
5055
5370
1131
3209
1705
3210
6056
8743
2726
3306
1984
4697
8596
4922
664
4570
201
4762
7812
1230
7963
9303
9185
7831
1367
8641
4231
7561
3359
338
1307
8414
5708
2438
1624
7414
5648
7680
6157
8375
987
8142
3073
9583
3064
3737
4153
3265
8499
1965
4495
6463
1269
3681
4295
2636
2323
8526
198
5683
8864
1505
4097
4573
3944
5722
1988
9593
3402
8145
7969
4389
6288
1042
3973
9352
4780
8126
2618
3280
92
7114
9744
1361
796
4039
3998
3119
2565
4196
8803
1430
5702
2900
6004
9646
8622
7992
9240
2025
6138
7209
6415
2426
8251
389
1779
3031
8515
4397
6311
8608
1511
6055
9969
2307
95
3968
5427
2661
8165
4230
4092
3867
7131
96
3514
5754
8089
2754
7780
4227
9964
4196
6654
8215
4585
8434
1247
3101
2831
7559
1709
4343
3615
1679
6651
3710
5648
2079
6372
3813
6309
464
7681
3441
560
1195
9196
8649
3950
6976
2877
3914
1173
9532
2130
5758
7966
3377
8859
798
937
569
5142
4552
2249
1793
8263
7897
3872
4635
1710
182
5099
9391
3624
5659
587
2820
4309
4537
9796
7187
8452
969
6720
582
6728
4687
3960
5588
5485
4897
6157
627
9449
8407
2420
7712
6304
6293
2347
8015
6476
7447
7407
100
3106
7995
2920
7416
2533
2717
4604
985
3687
1324
1568
415
6011
5528
6004
1497
425
2161
2124
9875
569
4545
7588
6874
839
9936
4889
7315
7383
2297
7415
490
292
335
7906
2825
3053
2510
3810
6740
3835
5378
7155
9847
907
3159
1344
1332
5321
3468
1208
5891
8014
8796
2765
8853
8732
7654
6168
6115
9952
3583
6605
244
3919
4512
3069
6972
7023
6880
3712
858
2259
868
705
3166
4028
2049
4499
9350
5518
5707
5241
3532
4504
8007
2385
3236
5662
8554
9352
5614
2137
5957
5858
6057
470
8928
3029
7493
5808
6742
8351
8067
7611
9057
1234
1639
1107
5733
990
6625
1441
6232
158
5945
4239
2543
9182
9902
1098
8534
5516
3235
4492
1374
9293
4962
303
2322
2456
6111
9065
808
4179
6676
9865
5413
8316
973
1146
9307
7598
2588
5539
7756
8533
9779
300
7716
9681
1398
6250
5198
4634
743
6572
3928
5706
6875
6250
8162
2987
5316
8970
7166
1993
8836
2580
309
9809
3727
9616
7408
6315
5156
5165
4849
4936
5465
2565
4618
6864
8816
9816
1499
9560
6389
5427
5266
3265
1678
3428
6252
6995
2399
3419
8988
1235
5999
9297
1044
9726
8914
8452
6041
4071
3617
891
9007
9083
3456
3626
5948
2273
3442
7448
1833
9831
2875
7099
3096
4554
528
9349
1549
2927
2768
537
4163
8768
9835
5207
8494
8750
3660
4536
2821
7278
5427
1829
6362
8884
5456
2310
1157
8898
9758
2991
8729
2634
91
1826
7189
619
1176
8739
3547
3944
9276
7710
2713
9112
2918
1207
7863
6579
5744
685
3857
1171
2515
219
56
7971
2530
1213
6869
2289
4205
5599
4923
4296
7425
2113
4915
8602
852
8463
2546
128
6174
5260
9241
9092
6467
7104
5672
2211
7789
9530
3383
304
9749
3439
8275
2280
4653
5145
4569
8858
744
9493
3154
8170
1606
8070
6772
2458
6533
9319
2587
2708
4579
1828
1800
1047
8933
7473
3258
6723
7003
6642
7028
6753
81
5303
9033
4735
449
3603
3593
1193
3096
6747
9364
4702
4818
6136
7160
1352
5456
9747
4060
35
1576
5861
1082
509
3334
4341
7233
337
984
4261
7090
1066
9565
6124
5801
14
9727
9394
1207
2823
6142
571
7526
960
6708
4686
2313
2164
4434
6373
2200
6010
2234
3282
6520
5568
7624
3754
5906
8608
8015
2997
9674
7580
9122
5475
7594
8849
4870
8802
1673
1013
9374
9199
1974
6082
3886
4287
8247
8320
660
447
4331
2894
3730
852
8463
1354
4606
4370
9962
2621
7368
9637
202
6490
5113
7796
5339
9983
6599
7013
996
5973
6213
2970
2056
99
7258
303
8420
7918
750
2752
813
4480
3604
9277
5835
8211
3647
5798
833
1015
5435
1035
7506
548
8832
2846
532
5431
9859
1529
1405
6072
4500
3461
6172
1758
3764
4592
9677
4515
7344
490
8996
949
9768
4831
9161
3416
629
9994
4432
6065
1030
1938
6614
9863
4784
7146
5295
4644
8676
6700
716
3176
161
6889
4935
3926
1481
4612
8441
8826
5103
7438
9775
4871
2270
8937
8288
2899
8931
2720
8965
9962
4659
5579
9826
9444
2726
5121
4088
1403
1821
4805
4579
1983
1694
9514
5909
3176
4127
4351
2002
9230
1789
1778
4102
4059
715
2391
6959
9647
5112
5924
9609
9772
1504
9436
9216
4231
4557
3305
5634
6378
8110
214
8361
9805
9729
4271
2981
3856
8622
4984
3087
412
6762
7190
4472
7477
9581
1431
7124
4694
7356
6734
4466
8861
6170
3683
3092
727
6988
8727
7106
5099
8941
5468
4904
8670
9739
7886
2527
8362
2870
5614
8775
9632
2805
3247
7110
2387
4679
4234
7081
2036
968
1548
897
7138
5231
3990
7866
2219
2717
4972
7318
1659
441
2223
329
181
110
2856
8543
2980
8471
7319
2613
1276
566
9724
3663
5245
3958
745
7281
4927
2293
8179
2066
7524
2170
9932
9744
4887
4905
7062
6546
5347
9286
6876
5528
9396
9733
4072
2377
8204
1391
4991
9481
1957
4715
3145
7203
8673
3891
4485
3601
6184
2664
5667
3709
4834
5600
3453
9722
506
516
6269
5853
9802
3146
1382
9198
2879
5454
1575
1084
6845
6566
565
8803
1282
3711
6006
9956
7602
491
3557
3787
3156
9225
7496
7991
4826
950
7713
5332
1466
3983
1186
1269
7129
2568
468
8
8022
2043
1092
4867
8610
1658
3670
9892
5370
9677
9849
2973
169
3406
6760
3325
2631
4257
1317
7457
5208
9030
2790
6674
3014
3976
7944
143
6544
8412
152
4567
456
1245
9435
9067
2903
3106
8960
8274
2783
8809
1247
2953
2215
8007
6278
4847
2265
7595
2305
7473
6626
5096
4148
9640
9072
2092
9784
5617
505
9936
185
961
1181
9620
29
4085
2726
8989
2359
5510
7798
3606
8463
14
1614
4742
4862
3880
2338
7168
1353
8964
2264
5502
8605
1337
7594
8389
6954
8100
8325
7140
9062
9506
6760
9091
3591
9487
8080
5951
4997
5879
9557
3461
5893
1172
8203
756
5052
541
7924
6406
9506
189
1908
8111
1526
9503
6501
8481
7603
4826
5621
6665
4333
2381
5757
7924
1868
3837
3875
6866
9716
3433
327
5610
4606
8530
6367
9659
9072
4292
6065
8578
4481
7974
6689
6007
7478
3190
4488
5081
8017
109
1747
2350
2491
7505
275
4360
1342
4151
1227
1059
7585
1554
6670
2192
85
3037
1851
9158
7329
7917
7736
1811
5891
4426
7818
3369
7617
2306
8451
5635
2416
199
7985
4908
7704
8261
9268
9047
2413
495
107
9998
2050
6777
2190
2136
9815
4042
1294
7145
1959
9031
8956
7851
3457
6775
1221
1075
9081
9672
6710
1498
9872
4696
6406
7577
2957
5674
6624
5371
6170
6731
5370
8221
3509
7561
357
3325
1603
1651
471
3563
682
9427
1414
4140
6202
2635
5215
5284
2308
1926
6783
2180
6622
3189
9757
9580
8864
6381
4951
5035
3113
321
3256
6623
7882
3613
9948
9485
5265
419
3048
5948
9847
4463
89
6050
7098
5305
1335
9406
7231
8118
1586
3853
1307
1344
3433
172
7726
8384
5207
839
8706
8463
7463
6588
2077
7411
6074
7342
7831
9122
3291
7678
3585
3380
3729
684
8685
5064
90
5917
3182
1677
9770
4490
3021
3204
4662
747
1589
9869
1587
295
8333
9050
6884
410
6462
2958
7753
4294
2080
1045
1972
5666
4426
5702
6350
3112
766
6441
9029
3949
8118
8800
8439
1140
2004
3102
1888
3594
2972
3476
3889
1305
2527
773
1716
8989
3732
9470
3283
5812
515
5256
1479
4941
958
7830
8053
1725
4271
7083
5675
2390
5883
4115
3530
7887
7217
5419
1481
190
8895
5371
1496
1422
6145
3212
412
9877
2683
3696
5690
3199
8952
7170
8141
9911
5000
6194
1637
9272
3278
7312
1662
9161
1427
5193
7049
8645
613
8531
8835
9508
3902
331
931
48
3544
1343
9926
6227
5039
5617
9426
3992
2787
7567
3904
7787
3762
5542
7060
7040
2855
8722
6202
4282
3916
3251
2928
4529
1782
1763
4038
5685
2094
4969
5733
5639
6313
5660
1866
1352
1277
1293
5345
4064
8861
9250
1852
2623
4792
8912
9664
7647
7635
5866
1930
1552
9118
4858
6081
900
6622
120
6585
8716
5089
2319
4355
1402
7979
6222
2755
9256
7515
8101
3320
6377
7351
5173
9000
2144
4085
8665
9791
1721
4532
1722
3273
3651
6580
9355
4551
3202
9475
1137
1919
4565
3456
6275
5967
1436
2498
8723
692
13
6824
4013
6391
4176
9186
5392
6320
3272
4057
6112
4993
8590
7834
8266
2241
4415
7621
6793
7618
7096
7930
9538
1661
1387
5814
7629
2823
8312
6353
3515
8326
3178
7528
4717
7355
6715
109
3675
9987
4167
9788
4980
2757
7623
3246
4999
2039
868
1792
9658
7964
9722
9196
9626
1109
5010
7256
3932
3323
3610
7448
1649
6788
4977
6366
4143
1692
6475
7819
1679
643
7608
6659
3400
5231
9906
8400
7270
774
192
6929
8739
9915
6125
8365
1025
1136
5622
4958
4459
9232
2406
6108
6021
7384
2475
165
9076
8951
7985
755
9594
5593
7415
2995
825
7321
1395
8096
8095
1588
5025
6834
1503
1150
5200
2529
2287
823
7487
6747
56
9894
2855
6077
7278
5331
6243
6355
4283
4228
7110
3877
9822
4526
6873
647
1847
8269
8743
9943
9857
3768
6778
1361
4919
1979
3890
7207
2802
1378
3954
2858
1273
6810
8936
8552
2141
5179
4907
6424
9408
2018
302
9230
6544
7175
9877
8392
5445
8621
8336
5302
2389
5114
6664
7309
7094
555
4516
9896
1933
8470
2755
3207
5280
1691
1760
7422
6871
6667
3847
6279
8686
4149
5510
5231
1325
5387
3623
6770
4008
1959
2073
6398
7074
8737
3708
4168
9292
8224
4065
1226
6695
6820
4433
1976
8512
6194
9399
5384
2861
3246
1663
1548
7396
7173
6779
8722
2561
402
5492
6570
2362
7566
2969
9437
6303
6677
3606
5596
4902
7671
6822
1597
4492
1256
3574
3005
7450
2973
8389
312
6220
52
1860
3616
7226
8639
2338
9788
9042
7831
6358
1404
5397
9327
842
1701
6005
4448
7297
907
2120
4119
2505
6612
5376
6079
9617
2826
9053
8007
3138
5273
8060
4998
8889
5286
3638
1228
5075
2680
9059
1434
4084
4457
762
4927
6159
6767
9375
3456
7674
1495
7576
180
8108
2952
6259
7726
5779
5312
5733
8917
586
3793
3916
9475
9080
7555
703
4155
235
9763
5589
4320
4221
6351
9247
380
3119
8622
3836
794
118
1413
974
8226
4365
7233
5952
145
2546
1685
9063
3132
5479
2979
2608
4559
534
3312
8715
770
3076
4304
5090
7297
656
4337
7677
3776
2960
1514
4570
3078
2927
5544
1305
7293
2778
7258
7438
5325
8943
6501
8457
4423
9481
1066
8982
16
4378
7697
786
7454
2002
5877
4752
2659
215
2429
6436
3176
3944
1006
6254
6871
6551
7560
4165
9329
4818
1603
4654
3762
8105
3112
8185
7587
4179
7168
7603
8558
4866
8390
6013
6868
4267
765
9528
4482
3195
5964
7658
7139
6971
3913
4011
3522
1474
8176
2852
6292
9780
7507
55
7886
620
8240
5473
4799
5408
3076
3357
274
1466
9370
7143
5734
135
6672
217
3330
2636
7876
470
9608
1790
4481
3130
3264
2657
5982
9557
2438
3489
9612
324
4109
7852
5797
8908
3261
8874
2266
3536
341
1636
679
6075
1772
7352
6293
5103
9988
4169
5573
9597
5959
54
2727
9224
2712
8709
8781
5151
2199
8393
5475
6308
6246
1273
5217
9507
147
7484
3043
488
9121
3723
6564
893
1075
2857
5997
1064
7027
1570
661
2986
1625
3389
2211
4338
2098
992
9489
4298
9385
4964
607
5631
6237
5825
5139
6385
3309
8182
6873
2430
1906
3438
3324
2982
6295
9321
4046
3322
892
4708
6309
2518
8097
8520
6856
196
9513
6346
4494
8898
1311
5102
4530
7549
927
9669
3934
4236
7852
808
6667
9759
4246
9991
2741
542
9313
6788
3865
205
1496
174
2723
9594
8695
9580
9790
8208
5926
4285
7107
7237
9387
1638
4786
314
1307
8720
4551
9160
9529
1218
8919
3775
1210
1660
4317
523
8449
8182
728
9945
8357
3452
9539
7053
3033
9330
5262
8959
3616
2369
6197
3003
4008
983
3318
5315
9704
7869
4476
9233
9088
3395
3009
298
5056
7326
822
3505
5509
1550
3451
3867
5003
2991
920
8036
2322
6182
6996
5938
8552
3193
8941
2560
4177
2259
7876
3882
129
2352
3116
9218
5748
6125
9516
804
3452
339
4310
8961
1890
7762
2828
6893
753
3749
4930
3075
9931
1926
9013
8484
5120
7955
1045
9297
215
8921
3179
345
1274
6295
9563
7022
2421
9080
7827
5873
9419
2138
4834
1309
9900
7663
8203
654
1412
3133
3730
1344
5060
2743
9828
180
699
873
9478
915
9795
2657
1260
1069
8953
823
8091
1374
9904
5919
7248
9324
8057
2082
633
7957
9746
8836
8612
1158
1970
2342
2503
7030
5086
2331
7211
5785
3205
6689
6700
3001
9347
7960
4070
8300
8784
2162
9675
8689
8081
6923
8013
6138
9006
8647
4096
8753
7484
2708
9912
9454
5050
2415
6485
136
4747
3696
5922
7952
386
2622
953
9733
583
5024
8034
9368
7186
7710
8058
5267
4633
6071
1406
3640
4719
5503
2393
2203
8211
2305
1657
3262
4720
8143
3399
9467
1840
9321
7420
2226
1944
8374
1960
2528
3399
9995
1897
585
7705
9955
5853
2339
6027
7260
5979
746
2763
8373
2950
975
678
4607
4238
5399
2751
7637
4867
4591
6959
2288
6818
8904
663
8779
1433
4062
8774
3330
4648
6479
3286
502
8819
9314
7762
4798
61
526
3171
3011
1502
3850
7619
5740
9249
371
3378
4117
4962
338
6405
1781
9243
7068
560
676
1130
9335
4007
5779
5814
7294
6281
4634
6609
4043
9432
6670
4570
2604
9682
6073
6455
7302
1814
5705
7673
5192
9822
2636
5531
6227
4417
4774
3295
4978
5451
4426
4313
9459
205
128
6753
6487
4762
3362
531
4194
33
5101
6799
9716
1174
3255
7018
2988
8960
4692
8181
8782
7328
3713
5009
1745
8488
8305
6724
3940
2732
1037
3399
2938
1165
152
9425
5927
3515
9957
122
3548
5058
6922
3265
6233
177
283
9222
9137
4975
7404
7919
2304
1118
2929
4050
9607
1235
774
3547
3968
1811
6946
6906
2976
7098
6332
8904
614
6289
9027
4163
1348
5949
7428
7582
6127
7712
6805
5264
2688
4210
3184
4992
5328
6114
9042
4935
7349
9816
8482
1317
1627
5429
8224
4604
2527
4556
3509
3142
846
2536
7305
2194
8486
4733
9777
4613
2445
6582
9878
5134
792
3062
126
6121
9177
9168
1057
6526
8985
9539
7844
613
4969
6068
5218
7497
625
8727
639
1471
1264
7944
3666
9750
2678
3444
4364
5123
26
4242
257
819
7305
384
6941
6482
9553
7998
3009
8538
7538
853
9151
2507
6922
4369
4
7547
3097
643
9019
4361
8588
2686
4112
1266
6130
8476
6390
6156
2719
6648
6976
24
7032
3917
6506
6586
1916
9516
5124
9454
369
4276
1962
7291
8646
1966
4839
1743
2610
3858
6105
1199
6544
217
2465
2674
8693
8855
8831
1412
5504
5808
1437
2537
9726
7944
9123
1642
7460
4247
1097
7830
8524
3059
5121
7170
5026
9961
8914
7637
3819
5019
8836
364
5236
1302
3039
3930
158
1870
5343
5662
7679
6781
8199
7405
4725
7323
9048
2185
1570
146
15
95
3206
5137
7265
8232
5098
6179
5870
8918
1199
4707
9282
6435
6009
2321
366
6168
4192
5710
1831
1871
2491
31
9277
7216
7354
8325
9402
8925
8471
9418
9020
1677
4555
6286
9910
9654
2465
5781
8572
3665
489
7855
100
6499
176
467
2667
4369
6177
4498
6241
8668
4529
5518
5885
1883
3844
5287
808
2316
4705
9829
3993
9261
6115
3904
8915
8581
9686
7488
2246
175
5343
2347
6674
5520
2814
9341
9889
8992
3840
6130
7661
8369
1649
3546
253
5493
8834
1062
7809
3540
891
1803
2801
7006
5708
1717
5587
5394
9205
7833
5570
4549
180
2244
69
2995
1586
9959
1987
5427
6089
9649
3797
7739
3196
4050
3232
2030
5112
1041
5571
6004
2845
8373
3011
8553
90
8598
3947
9296
6432
9517
3846
6613
1762
3915
9609
3349
3874
1597
8776
9964
1246
2573
7703
4442
6623
936
6473
1736
1977
2044
7741
4823
418
752
3376
509
9351
7324
9805
5783
6842
3652
2397
8604
7567
2006
1953
1442
3603
730
1407
4850
3303
9110
9292
9927
46
5766
1663
2024
7811
9405
6847
8229
157
224
8738
9508
7548
8544
5292
4391
2196
7690
2996
9763
9696
4949
1206
3300
5680
2613
8150
8983
1724
7443
8910
1770
3210
574
3795
1021
9979
643
9250
137
867
7988
9645
8416
6533
4938
2807
8729
2628
5803
8493
2325
753
9699
5625
6433
2312
3776
5417
4036
1220
4327
5807
4430
4902
9603
5452
4881
246
4703
5018
1114
2691
4664
9530
9225
9602
2338
7954
2230
8142
6447
4555
8896
6147
181
5330
8460
3958
747
2497
5178
5074
8304
9609
9976
7907
5062
4858
8154
9765
9877
9268
2457
4541
8799
1682
4143
1137
9636
6374
9280
6084
930
8176
2231
1111
3506
691
5070
4254
3188
248
9329
1493
9858
9306
9401
4920
4164
7555
4685
4041
6823
7143
8583
5622
8825
2726
6760
8462
9101
6041
4546
31
4217
6777
1143
7724
7469
6213
1979
658
6462
1308
2151
6321
614
1552
1241
4779
9107
5927
8820
5931
3070
7403
1554
1896
130
8314
358
9232
4356
4904
9264
8574
1682
407
6298
9151
6621
8277
9810
3084
9586
1961
9405
200
3514
646
4979
2621
6574
3800
8553
9645
1204
107
1541
1335
8422
1899
567
2778
6803
9831
1352
8486
239
7651
7638
6860
5929
7448
9945
5515
9409
9350
5716
2923
9997
695
5545
6571
4496
4098
6216
5700
4206
7758
7035
2628
9657
7602
5407
6461
7434
6760
4947
7673
4411
2586
4534
341
34
4479
5856
9444
3830
1573
2368
3827
2269
7914
398
6765
2013
6615
2466
6219
4373
9501
8848
4031
7104
4255
492
4538
1016
5440
2212
5427
8026
6747
5768
8061
1226
1625
7505
5056
3198
9873
8884
5467
7787
9283
2233
9801
5899
4699
6020
272
4200
4869
4304
1305
9125
4797
5844
141
237
8056
5568
8264
4803
1337
6325
6030
2963
3830
1087
6162
3704
9971
1630
1492
9255
3863
1293
5154
8562
7314
5427
2763
2183
9731
4069
1308
4528
9913
1450
4766
7970
7018
3030
2774
8356
9356
8805
1320
3187
9892
7482
6892
9864
9112
8384
9119
2975
9678
4274
1538
6993
9701
4302
9177
9432
8372
485
3961
8285
1936
8727
6256
8955
1758
9030
7311
1114
7835
8631
4301
7728
6113
1193
7593
5226
9578
6713
8202
9257
987
9740
6250
688
4043
5427
121
2415
5913
4082
701
7849
2810
6957
6804
4568
5988
4116
5683
3824
2748
9985
1552
8862
1179
9146
4088
758
5860
2290
15
6847
2031
6266
7536
6075
1694
7657
8491
7608
1740
9192
5458
4551
6150
2262
9119
2138
6379
4803
5962
9127
4789
7515
7990
5968
6662
2078
6726
2522
4369
6742
9369
6401
3009
6906
2477
4703
4563
968
2311
6304
161
7769
855
6311
32
9975
8450
6412
4779
4413
5540
9568
1928
3530
5536
8591
5609
2263
1113
9979
9006
483
6380
2015
7389
8857
6718
1953
9826
9030
8258
9987
6800
9113
6299
6833
9089
4749
3245
3868
9162
8785
3436
1091
2316
8973
9682
7925
1237
796
7904
243
1279
4285
2258
8669
3143
8977
622
2969
8008
8880
2957
4809
7994
9256
1642
7083
4005
4887
951
3168
3673
4388
4260
5989
3361
3943
3915
4598
4739
1819
4842
6019
6104
7100
4688
9248
6078
5311
2217
4087
4192
5174
8896
2186
4431
538
9269
8437
5426
221
1605
9100
4609
5866
5089
7971
9809
9005
2569
4549
824
7411
568
6929
4512
5257
6177
591
569
8395
4678
4761
3570
3575
6948
8001
4114
6218
6438
9540
6439
8044
8640
1049
3910
3730
9020
3719
2736
1590
8269
3560
9001
8838
490
3514
4095
6668
4106
4665
5064
8784
9426
8634
2360
6374
6635
6474
2592
3074
6014
9032
1118
4655
81
5028
8386
9102
8748
1122
692
7017
4683
9693
5855
5174
3208
9951
1842
7314
4616
6906
6099
4043
5541
8459
418
2176
4933
3011
5251
948
2043
6369
5604
2125
1398
3991
1227
147
5114
1919
7165
9797
1613
3021
4971
4821
2972
6814
2136
7589
3721
8235
1633
9262
6695
2051
1439
1629
5062
6690
2577
7106
3060
8182
9231
4459
2173
458
4607
7288
2378
1772
7085
3991
4793
2057
8813
7766
8872
950
5356
2593
9185
6989
1856
5881
9040
3295
7510
4103
9986
88
1209
3046
8270
441
7506
444
900
2113
7732
3278
3885
4818
7270
8679
6876
6084
6445
5748
7034
1801
8342
6220
8790
198
2101
7831
3493
9611
1935
3480
9699
3144
6526
7970
3585
4032
8414
4486
6146
6146
7764
31
965
5035
8710
7841
1119
5156
3589
8153
6958
1932
4373
5749
2130
6474
3580
5624
6086
5515
9104
5785
8660
5631
3755
2246
9664
2170
6732
5810
8317
4497
5842
9282
9533
4552
7123
652
9709
713
8806
6667
2645
3180
2416
4775
9655
5997
