4578
7899
1271
8058
5997
7221
3279
8951
9315
477
4045
870
6986
8217
5685
5377
6766
3505
6519
6775
7476
6658
2347
1642
4235
2085
5538
8995
4911
4820
637
9490
2719
1909
7548
8716
9131
828
7668
8446
1305
1713
9316
8292
9931
5002
3669
6698
8508
188
3473
5984
6847
5821
7627
1082
7906
3166
77
2818
7986
715
2308
705
2624
9857
9422
1755
685
7090
202
1991
8803
9519
283
8735
4521
3952
5433
3029
4140
8906
9014
988
4728
6641
2070
2634
9807
2148
5453
7793
2863
7761
8499
5488
7619
7921
7244
8305
5011
7446
296
3815
6966
579
2550
1488
4532
7984
4518
8673
6891
3532
9661
1619
173
1732
4254
9981
3880
9707
7774
6744
7469
6274
2232
5088
4195
9476
3393
9206
6922
3690
3022
3889
4269
5573
5377
8802
3557
9895
7475
449
3428
7136
2068
3602
8869
6323
3583
2749
6030
1358
9493
3500
7632
1725
8588
1827
1201
1982
1034
8124
5672
4057
2014
9942
9630
7391
8744
3188
7287
6219
3637
715
3356
5706
4317
2225
2029
7900
4975
8060
9259
4468
1560
6891
6194
148
8719
7396
2131
9754
5521
7803
3812
7535
7745
3442
4927
6489
6631
2214
2709
269
2930
6065
5975
7248
8291
8004
5149
3266
6065
4408
7735
7625
1300
3930
7773
20
1326
9905
9774
6848
7708
3586
4384
5453
7029
9311
1943
3661
1526
4652
3930
4457
717
9905
1705
9009
7910
6854
2275
3975
1263
11
1600
2563
3941
9374
2583
5268
9279
2358
2116
6988
5945
6501
2441
2975
5812
4385
6636
7339
9037
566
1796
9755
472
3502
8764
8382
357
1040
2358
1620
1051
3958
4184
4993
3333
6768
261
2613
9127
2378
9601
5072
8879
2043
8048
4692
6428
4684
2031
5466
5250
3828
5221
5723
7331
3986
4105
7688
5026
6463
9309
6078
422
3494
1071
3756
262
1333
6369
9390
3711
5970
4462
2590
8014
2510
7282
4442
7195
9314
9908
2446
3143
5130
8169
474
9117
2274
8163
4143
8738
7472
222
9161
967
1294
2917
1230
2627
9287
620
6338
5257
5083
8929
3272
7594
6212
7715
4789
5526
7624
7235
8669
2754
5404
9144
1871
7679
7307
6015
6417
4780
6238
5579
5747
7532
8496
6977
160
7783
7598
6499
3041
2681
5429
6314
275
1641
4029
5065
7167
1653
2300
5837
4407
7705
4981
6279
5384
2288
2295
1802
7068
8533
7381
2816
6066
5878
9794
6227
3662
7392
2726
6704
74
8155
3018
350
9796
7047
5415
6964
8700
7715
2801
3108
5421
7782
9388
805
71
1683
2608
7140
217
9990
9957
6284
5869
9751
2511
9531
7144
5238
6235
7219
3394
9253
7569
3190
6301
2984
155
5002
700
2957
8111
6121
739
7499
6927
811
9183
9535
7951
9401
9526
7908
5685
5395
7660
8196
4926
4805
3435
1162
2024
6829
416
9593
20
6717
2578
175
1720
3278
3132
9831
9400
3872
7331
6327
4683
6514
5863
2635
5915
5390
544
1601
785
8204
9798
5712
3009
3233
6874
5033
62
7291
4627
82
4009
7205
257
5729
483
3390
5561
9884
7262
2892
6212
1946
9407
2076
4581
5323
7466
5125
6924
8252
3330
6722
3964
6339
9956
839
1373
18
8130
6000
100
2140
3206
358
7870
3690
3749
3431
3574
1012
6324
9786
2958
5731
1863
7540
1054
9329
2665
7979
7581
5996
4702
1546
2335
4658
2385
3709
4676
516
9710
4777
2657
2916
5136
527
6606
8885
3959
180
9897
283
9967
2856
6014
1830
396
7069
1160
3062
5048
8742
9058
9750
288
1393
4409
2674
5103
9085
3191
4813
3863
5849
7729
8999
6376
4336
7885
335
4517
7783
618
4485
639
6633
6315
1035
3702
7476
4098
8751
6218
3156
8502
6507
4550
2911
9181
9653
1997
2373
4467
5860
8222
2196
4860
4599
6533
2745
4935
1050
529
5554
5535
1169
2187
1851
2205
5890
9327
6303
4641
5546
9459
3144
2053
4009
6055
1235
3663
8052
3609
8130
3912
1831
327
8773
6431
6860
1519
1366
7911
2048
6920
3446
3217
9108
5298
5422
4998
4625
1726
9640
172
1185
2784
2225
5194
8839
3461
8858
6892
7070
6988
805
8901
7315
9578
5333
4175
1097
6699
2086
3146
3619
5533
6364
2727
831
1786
7726
5457
3512
7366
5629
4698
151
7855
9893
8990
1316
8751
5883
8386
5739
6688
7288
3054
6266
2621
7230
7364
9321
9317
510
2941
4850
6875
5669
5682
8661
3395
1139
2174
762
6769
6873
913
4624
6766
9904
5941
5517
5787
4327
1257
2476
1616
4312
8743
4238
1542
6107
3559
859
6618
6501
5710
3493
2170
1393
2155
5566
2532
4330
6328
9302
1203
7242
3926
7970
7147
9868
3488
2934
4196
4745
5411
5812
9057
4154
51
600
262
3611
1460
6881
112
7170
375
2282
8563
2531
7848
1096
6862
4177
399
8066
1419
4325
6036
8566
4194
9524
1501
8390
4270
6913
4203
3327
1068
4254
3928
1330
7865
5388
8212
7977
2559
8588
260
1123
1119
8109
2220
7982
2287
2619
6048
3706
6944
2084
2273
1139
1608
3775
9529
5879
689
3732
9206
1757
7986
3134
3088
5852
8523
1300
3830
1082
9889
4090
2205
1009
2200
4425
8991
4487
7044
5039
8194
3989
7123
468
5128
8732
4244
4658
4611
4933
8390
3818
6690
6377
6953
9779
2230
5476
1080
6060
6559
969
151
8764
1978
2351
3190
969
6839
235
6008
5033
4225
3132
5502
9354
1864
9746
4012
6476
4679
2403
294
1370
8781
7247
1149
1011
2724
2229
7072
9283
3198
7223
8048
5177
9575
1239
6146
6414
1474
2155
1448
5700
5287
6950
5054
7152
6696
9067
3628
1376
1470
3922
2746
251
1170
3896
1263
3895
6125
8335
3179
9324
5558
1227
4501
5134
2467
648
1549
3941
2803
2997
9642
8091
9948
4696
5243
6644
3763
8872
8021
5234
2795
767
5486
3965
4663
6749
7861
789
5085
1040
114
644
2268
4615
5778
4735
5264
7327
8677
8068
325
8319
6160
273
3015
1403
6918
6779
275
4939
2014
3070
5707
7500
7036
371
4250
4898
1161
9335
5938
1275
9979
8206
5891
5758
2941
1155
3085
1618
9224
3411
9938
5384
3684
2954
6788
603
9733
7063
5543
1748
134
1250
9248
7171
1622
3499
2069
2783
2835
8008
4059
2814
6214
9950
8573
9156
1106
1658
775
330
5070
713
5715
8754
3668
2503
9358
3401
9567
4901
5150
9702
6152
4399
6873
7774
7898
8943
558
733
6951
4617
3548
3166
4568
2121
2322
5674
3780
3098
6005
8850
3812
1720
7605
7480
4224
6963
882
3791
1865
6032
3493
8017
431
367
5792
8330
9310
6350
9063
6261
968
2612
9427
5536
4734
1750
1211
8514
4849
7217
7365
8661
8938
4970
6141
3162
1934
7024
6954
3799
3056
447
1816
3488
814
7608
1818
125
3959
882
6387
4928
3494
5815
465
8228
7565
1676
6743
2415
8894
4108
1076
7832
9079
7218
995
1014
4242
7949
4814
7299
8397
6631
787
9211
4240
2606
9337
8199
3488
5724
3127
6983
1539
3593
5211
9105
5269
1955
1520
4164
6064
2597
1996
5144
9815
2992
6159
4058
941
973
1357
9338
7604
2145
8550
1845
4751
7887
44
8239
3612
3172
5222
5151
6766
434
4257
2035
2390
5778
6200
8454
8375
8197
3599
8191
1189
9758
2249
2130
731
3607
1469
8336
5753
19
181
504
7907
226
8744
1519
3399
3967
6671
165
4402
929
2201
6792
6707
8401
5246
5082
6598
8845
3273
7787
8604
5523
9918
9335
9131
1387
7672
4884
1407
7853
5389
9314
8080
4133
834
1479
8100
7506
1644
2502
8435
3846
9295
5142
2247
4542
225
8846
3387
3498
6634
1992
9022
6552
1327
8153
7940
8999
3038
9347
6853
8427
8662
4933
2560
9497
6412
661
7004
8057
3164
5439
1904
2459
582
4151
7001
807
2998
389
4306
9632
2381
3328
6185
3709
1482
4125
2709
4520
3473
9562
2947
2136
4495
5508
1634
908
6170
8638
8966
9334
4078
870
1794
4660
5022
8796
5468
8020
9186
9775
7653
1568
3104
3838
5277
4586
7964
7986
9107
1437
7549
2055
3574
2045
7564
5208
2954
3734
3846
1920
3069
7925
2791
4864
2585
7813
3660
8054
5834
2847
7829
3487
4415
933
7326
9693
5520
5290
7680
4627
6727
5229
6683
302
7274
4247
5510
228
7981
9357
2149
1051
7282
4940
5915
9868
2754
9576
7922
8588
2423
5752
2076
6839
6685
9402
6532
2206
4692
4212
6834
1420
9441
3517
1722
6716
7764
7233
6945
5746
6590
9095
6798
3872
4035
2713
3741
6790
2290
1663
5379
4713
7416
7455
1553
4102
6857
8085
6308
1550
2298
3142
2971
1739
6660
4693
8456
4425
1926
5402
171
8517
4497
6969
2390
8532
9683
6131
5323
1973
7795
702
6687
5211
8157
8241
9313
5015
6326
5621
6566
8624
8764
9537
364
5424
4230
8821
9849
6157
4223
21
4674
8720
6991
7064
7253
6674
3195
2576
8648
990
3278
5336
6202
1436
3577
5515
6451
9904
1137
3017
8528
9901
2554
8893
5326
6785
7714
5176
2942
1938
5198
7617
658
2189
4681
7911
8864
7877
488
7513
8868
3766
2849
5070
5202
6427
585
1654
6331
1723
4671
4860
1625
7226
3754
6952
4011
1469
2128
6954
3407
7326
4571
4065
9516
9253
1977
8380
7131
2466
5894
5999
6232
8743
1070
1435
5171
1656
3089
1502
3379
7761
6363
5005
4987
117
1957
8999
1586
4085
5953
4993
1412
525
9059
929
9779
1037
9310
6910
3503
5204
2910
9736
3948
3980
1171
9119
5637
4261
622
9017
2022
6985
4022
7010
7102
5979
6010
8688
65
1963
3682
1478
2489
2741
2407
2268
3778
1717
9179
7282
6922
2090
7018
870
6071
8190
9990
1708
2451
612
725
4474
7597
4747
1484
4700
727
7494
3388
792
9458
7070
2271
1948
9812
4678
4217
3591
6396
3397
873
3318
5487
7892
4189
1558
6082
4179
3266
8534
4792
3992
3008
2389
8740
4493
7089
9467
1988
478
260
1447
7549
2531
3395
7361
7210
7613
953
3607
1010
1827
6926
6497
9719
1116
8055
5802
5295
1322
4336
88
5314
7344
2478
4054
1838
9567
3522
3826
46
3782
5273
7595
6314
8669
4957
3525
6282
5911
7133
7292
7738
4059
3789
7457
5176
1845
3259
471
3167
7596
560
8481
4940
3038
2536
6779
2606
6058
605
2652
9841
5878
248
6155
4548
5206
9681
830
1117
6814
8123
8855
874
1913
6312
6050
3758
9572
6522
6925
7169
7082
5407
2110
120
7943
8889
2726
4002
9494
5379
3843
5373
5628
9999
9921
834
9680
751
1951
6495
8874
806
7369
787
7119
3420
4546
6692
9942
1472
3861
7025
6880
5971
7146
4824
4860
9873
8826
4354
5253
2669
9728
881
2668
9649
1715
2349
401
3666
8844
9276
4473
6214
64
1593
9634
4610
8285
9577
6082
2147
6602
2963
8118
3749
7787
2979
3622
6613
7334
8875
9282
7062
9756
1951
6712
1472
4300
7113
5138
3144
6389
9612
9358
6453
1205
8993
1063
9491
8570
7146
1638
5173
109
9757
8922
7897
2736
2545
4510
71
1421
3793
7133
1178
5744
3845
2650
44
958
7789
3189
7348
7401
2548
3801
8607
1541
4865
8098
111
2012
9737
5285
2121
9494
4208
18
2231
6753
4529
2302
8175
8322
9436
9353
4066
3282
2004
4111
4241
9793
7300
1589
7195
9848
5390
5803
1390
256
3901
1502
2268
3639
6787
4389
3133
995
4408
5365
7749
8938
7667
5924
7260
7103
5278
1327
385
7282
5438
4626
7076
2739
6216
4272
2588
1606
75
3978
1863
3977
5480
4131
7616
2267
8521
750
3263
2929
6115
1012
1868
3783
6937
9128
887
2216
455
1273
9499
5894
5900
6575
8633
2116
847
1221
3723
923
5200
5586
4900
680
9717
2517
2948
8238
3267
6211
1168
9383
7224
3036
3166
4161
2164
4053
6377
2620
5326
5876
8515
1226
2452
7148
3343
3300
8370
7066
4223
3570
2652
9124
4250
2370
1641
7198
608
4909
3410
1777
4292
634
4813
7459
4796
6978
1512
1173
9599
6839
7050
8114
8066
9503
5263
1409
2803
3633
8476
7027
7204
1129
6152
1455
3499
7794
8654
4108
2703
2064
5886
6996
2699
699
4455
7495
7678
5968
8669
7278
2808
5720
5393
874
5223
656
2284
8027
4290
760
5055
1495
1890
1207
2950
5389
9001
1605
9498
1705
3669
5384
8702
6369
6084
3157
3864
3763
9126
2533
1041
1934
8253
6435
2809
3477
7091
5094
1504
1382
5855
6559
2877
7745
7767
5827
3135
6769
7432
2633
8474
1102
8018
7176
7471
4103
334
1336
7866
9460
3869
8908
1395
2122
5343
4205
5600
2435
9299
7104
3817
5154
3664
6694
2899
1431
2522
6034
8200
9955
8668
6675
1058
6687
3852
8529
790
4186
9865
8657
3647
3735
7565
5043
5858
2909
9248
1458
5344
8547
8562
9162
3701
2227
5856
6601
3659
8379
2636
1860
8334
1305
8535
9392
7992
2388
7922
8782
6575
7787
7440
222
1523
5006
5266
7381
7915
4514
8839
3260
3062
7402
2422
6764
9630
8279
3365
3289
6658
6002
5149
4992
7307
3685
4385
5299
6073
2307
4082
2648
95
1522
2871
1618
6528
8137
8999
4444
2652
7839
7704
5714
5242
127
2478
4872
8406
5844
8161
5065
1847
3310
58
9154
6996
4443
4454
3069
6750
8536
5717
6845
59
8588
8463
6588
6726
7463
1032
9378
5303
8737
5092
545
8865
7571
5418
7272
3416
3579
2337
5263
6890
2396
4417
3886
6839
8872
6955
3589
7409
2673
435
7468
1262
8899
4057
7988
6363
5090
7366
1666
3827
2458
2212
2693
30
7630
9965
3446
1209
2303
8709
8100
4699
3127
1986
1538
1999
8942
5128
9408
1616
5563
6877
2878
4463
934
866
826
6024
8233
2492
9852
692
4705
2546
722
2335
2511
4168
3545
4814
2878
1645
9514
6006
3632
1052
8006
2575
6181
7415
4191
1744
4292
7070
6208
5227
7937
7034
1252
6170
9527
1105
6862
4232
3651
7585
6567
6163
1754
112
977
4633
1758
491
639
5391
1544
8646
7966
7725
6061
2158
9470
354
9229
5678
5582
7166
2712
6834
3337
2240
7940
200
6472
1591
7785
3040
7754
9540
3152
8732
4173
4911
9224
4812
302
769
3459
8269
8494
9520
428
7965
9874
9657
3643
5456
6824
6356
2291
162
8596
232
362
5069
1823
8148
8109
9578
7688
1261
8311
1862
6173
7535
6675
6476
8304
134
4745
6799
9654
5173
4764
9529
4831
8408
4986
1655
4764
7278
1817
3361
7510
2180
8430
9334
329
6539
8913
8018
7801
7224
9880
3975
4760
6555
451
3065
6689
5196
9865
6344
370
4629
5874
5201
3038
860
6856
7803
8139
8674
1164
5649
855
9595
4983
1184
6135
3896
9203
3936
1121
9083
7912
5882
5639
8363
8947
2329
3559
8812
8673
3930
3442
4547
9131
6480
5408
5988
4283
3547
4663
5448
9197
5518
5043
4181
6703
1178
8078
5906
5115
9199
4990
3027
5081
629
1391
4029
2958
4950
2841
1632
8881
6284
6180
8012
2764
1588
4000
7048
5136
8664
2496
4333
4182
7540
8514
886
8719
6592
6793
3835
5791
1783
6863
873
2413
8254
4902
5372
3205
7744
7004
2086
4029
3184
98
6793
4773
4099
3842
9909
2763
6339
4243
6946
3879
2757
7832
2599
9349
4625
6434
5141
6409
3298
6015
8822
1552
918
4194
4758
8663
1199
6844
2692
4384
6943
9486
9158
1042
3328
9068
3806
9667
3311
753
3547
6069
8586
6147
5419
3211
2582
561
9621
5880
6576
8443
7433
7494
2638
2191
6157
3838
9035
8850
8223
5979
8336
7381
7022
1664
6450
828
1332
9761
1582
4880
5830
168
1027
1249
3379
3610
1810
3001
9490
8387
1445
6924
5882
4084
9115
2040
7922
8151
890
6146
4130
9226
3527
1152
891
9978
1981
2224
9739
3563
7104
5570
3731
8132
6820
7111
1743
8631
112
1234
7019
1557
8158
2901
5642
7274
4941
3564
5425
5832
9710
9556
5058
3238
708
5950
3217
2690
8174
2956
6253
5278
8527
9985
3411
5348
7097
5154
3979
7209
6388
998
8767
4546
3900
4409
1820
8841
7974
7246
4673
7685
6802
9732
924
7511
5682
4141
202
3856
7098
6456
9135
5625
6441
2547
973
3538
7701
4953
748
4090
5952
9516
8637
9852
3925
458
8693
1900
7704
3367
9585
4507
3100
510
2019
8782
4651
2221
2639
1750
8677
1774
7375
5119
4321
8349
8658
2023
3303
9407
6113
9255
8923
4751
9107
2849
5209
7801
4749
2914
1169
4335
7422
4269
4845
9441
3052
9497
1663
5691
1247
341
7466
8623
5461
1788
6973
4119
3811
276
3526
9925
9531
2450
4677
8639
5299
9886
6440
48
2801
7609
4384
223
1879
9230
9665
4931
8727
1329
622
9975
1670
8089
8599
7131
9877
5572
1251
3689
5848
4778
3614
5380
7228
8292
4019
2527
8178
460
2576
980
8070
6961
1204
9949
6191
869
4880
4919
2198
5503
4895
3869
3593
3494
1001
3470
9066
2253
7159
4915
7031
774
295
4260
9066
4315
6787
7245
4775
9364
8225
2845
6325
9429
2795
2517
299
7676
7436
2498
3180
2331
6368
6773
5825
7369
243
4892
9622
7403
9807
6654
8178
102
914
7245
4418
7702
4490
9194
7066
2716
2039
3392
2146
4835
5909
2445
2511
3345
4943
5691
5677
1311
2465
1503
8681
2708
6395
8304
112
6202
4959
8290
6305
5873
5535
723
3576
26
9917
642
2742
1957
4034
4888
6793
9944
7334
9304
3290
2278
4996
8967
3590
7461
471
2272
170
6866
576
283
3068
5535
8574
9374
1409
4110
98
4985
4136
15
5628
6879
1973
9663
1768
8766
9607
9102
8071
2897
1381
3067
1865
4971
529
2336
7243
700
9202
7820
983
2271
3355
9557
1645
4765
3667
1743
9750
7804
1759
5379
4683
3733
5042
6451
2500
4649
5554
571
7547
6935
3639
9412
1907
4168
1749
9151
4869
952
6971
5852
3223
327
5409
4869
5092
9077
6613
4843
6881
8373
222
1565
2106
5264
8016
4606
9914
3571
5178
7461
507
8817
6874
2415
2986
8623
1566
7855
9575
8537
3707
2799
8864
9117
7668
3957
8194
4282
8800
5076
2656
9022
6641
4763
4287
4658
9369
4201
8230
4548
1663
8737
3365
8537
1152
6352
7160
2718
4207
6736
1256
7915
9535
120
7033
7204
4077
5228
1487
2878
304
4143
1901
6946
8906
6189
1604
8276
390
9835
2824
2054
8572
6190
591
9725
2543
7752
2444
6751
4488
3700
4666
4024
3821
1700
1228
7899
6928
2715
777
7233
6859
2679
4180
5765
8868
5785
4042
9259
5620
6866
1313
4193
3057
1904
3918
5600
9657
6362
2351
4145
63
7018
8169
3884
8719
9398
1783
5647
2113
2561
2881
8973
5241
7062
4738
4109
2847
8780
3368
8467
5647
4682
2660
8704
6586
6579
4305
6244
2942
6657
389
3005
3675
8559
6890
2394
7957
8674
8042
71
1235
924
9044
6477
7986
3783
586
834
2564
3955
9302
8211
8637
1963
6916
5224
8542
1222
1468
1484
7879
1858
4490
1555
417
1380
3950
8375
54
1993
8447
1290
2917
7492
7767
904
1275
8354
1738
3839
2309
1040
2051
947
3003
8968
6171
1546
191
7639
3031
8070
9497
7521
9626
9915
8902
3576
8290
8957
5569
6737
248
8487
4229
8015
9392
5505
6370
1131
9345
8679
2172
1397
9626
5176
365
5798
6722
556
3437
9754
8627
2935
7276
8253
2850
6178
1830
1140
5135
7400
7878
5384
5887
2108
3399
5280
7613
9770
6411
6958
8450
8583
8355
8076
3759
8721
3875
482
9278
7312
236
7905
248
7512
6159
3098
3691
7989
4239
8827
5389
2117
4211
1277
4225
7611
6558
1838
7381
2969
8797
5831
1553
7153
3908
5313
5875
7783
5796
5153
5096
6033
3059
5344
3546
9218
8442
7237
7208
2682
6065
2598
4799
277
3876
9025
7888
434
864
5270
3404
9661
1101
4958
6815
5010
271
2690
2794
6068
7844
7890
2101
903
3235
5647
122
1678
2885
7331
4360
8950
9930
9159
9228
3806
8185
7116
4241
9049
2386
7645
8711
3488
2604
5526
8499
2875
8217
1293
8944
6061
9184
1045
6965
2419
6693
7088
4097
9578
4419
8458
8529
4349
7618
7757
8156
5803
4874
2397
4852
7261
43
3563
749
2647
9090
9249
5523
7307
542
4468
3369
9726
5513
334
2146
2207
7422
6244
1786
1842
4702
316
6192
2320
8073
4348
8124
2948
6746
2976
209
6789
6540
959
9437
5630
208
4961
2938
751
9429
6307
477
4943
6642
2624
7150
4064
8868
8936
5907
3570
9252
2099
5891
7326
6447
4016
274
3193
6992
484
9983
3533
1444
9421
9164
1653
4383
2103
2404
3812
8410
2882
8756
5053
5506
5906
9118
4374
4843
5025
7945
4096
7124
3837
1422
3571
7853
1697
6765
4846
2182
6749
8379
3626
6171
7544
5279
554
9647
7683
4367
8057
565
3124
3111
6072
9030
2229
446
3874
7254
8392
7970
4378
2229
9393
7950
82
1091
4716
4928
3273
1465
3308
6900
7637
852
2179
8192
499
9863
2559
8557
429
5683
1668
6501
4714
3897
6948
8589
1152
5340
6559
5530
7570
5953
3481
7652
7044
8197
2581
317
9663
5890
7217
7300
6743
9397
5492
7242
9261
8052
5800
9690
3736
7469
6192
8451
1367
3140
7040
2519
8481
3600
8049
6051
9553
1531
3704
6598
9728
6285
6915
9391
2176
4133
6692
8919
3531
2185
6162
2792
238
1962
2482
3974
9432
8675
2425
799
1815
9466
3318
297
3066
1368
6348
2620
2899
52
9218
2627
6338
6134
2019
8514
267
8712
7433
3798
897
3595
6591
1136
5558
9073
5110
4990
7749
7536
5789
9564
7002
9108
9862
69
476
6210
2689
3376
6262
1907
6003
2600
8042
8023
1114
8310
6736
8548
2108
7634
2144
8699
8770
7702
7773
3880
2692
5522
1416
8482
5087
8419
7590
4950
8488
8067
1160
1177
1443
7422
3085
7446
23
1127
5470
1138
9437
2206
9687
1546
9841
1831
246
8611
9533
8020
2491
2226
3543
3908
708
8631
2328
8299
3581
816
6366
4741
1993
7809
2164
5079
5256
2188
6207
727
3327
5645
2934
3014
7191
2775
4845
7438
1386
4378
5459
3878
6605
9002
7787
7314
7634
115
5613
1215
931
1979
5957
2925
9789
8122
8004
5045
310
4212
5772
3637
9857
8706
6651
7049
1481
1497
4488
2868
5876
9947
6746
2481
8950
4533
9795
6584
4648
5409
7800
5580
7389
3757
8505
7178
1880
6510
2223
2191
722
7996
5828
580
6703
2480
7629
8184
3978
2117
1053
9854
2064
7799
2335
1014
2333
2131
7599
6981
7541
5399
2562
4930
9157
1067
2108
1037
7578
4332
3228
8300
2328
9057
8880
9032
1538
6510
7217
5516
8627
8270
5370
692
6069
7706
1707
8402
9838
9306
5384
7379
4706
7946
2309
3863
9014
4417
4900
6592
8750
8129
4893
1079
7186
3774
111
8724
285
7328
4240
8912
5598
9611
9605
1668
7318
1312
71
7156
619
5455
4535
5325
3402
6845
9189
2417
1263
4089
9010
13
2219
3904
1092
9405
7679
1203
8130
7964
8532
2370
6877
4130
1982
6482
5798
9300
7795
5869
6456
8415
1325
992
3741
4728
7837
2930
7146
9100
7020
6156
9113
9239
61
206
8644
7740
1410
6775
5705
9942
9145
2582
4072
1128
9065
9871
428
6861
5741
6885
5276
7067
7877
9018
1795
5715
1948
8941
4815
8968
5098
3929
8208
5160
4136
6853
2900
5546
3628
8605
5488
2774
1188
9561
3902
253
9432
4331
7115
5173
1216
2391
2240
9093
1410
4036
4809
3358
2978
9624
2327
8077
3554
536
3237
7690
7389
6137
3236
1017
4743
8725
3791
5931
8286
7694
6185
7718
2025
3300
2892
3241
5692
5133
2335
7102
9169
7144
461
2148
6769
2789
225
324
3325
3462
8014
714
9600
1251
1732
4344
9976
5524
276
8263
3219
6461
5982
5244
9762
8874
8486
5455
4008
822
2557
3178
7967
3019
5326
4737
5808
5552
5061
9134
9014
3076
9849
8615
4328
1582
2959
4305
7106
3235
2568
325
9697
8550
5570
9459
7425
4057
4914
1433
4879
7472
4611
2847
492
9938
7584
6301
5490
2646
5435
4504
5723
5284
3120
51
6866
6079
4356
3973
9315
6925
4299
9012
5476
9870
8472
2901
3927
3387
4335
8807
860
8946
1655
1352
8884
9239
7653
4374
1886
3089
8879
7609
8373
2000
7661
5240
8080
2018
9214
7395
8943
3514
6408
4419
3384
4881
7321
7312
8268
1656
6120
9128
603
7775
480
9487
7015
8134
3862
8901
1223
2742
6511
9597
4743
4172
4838
2823
6190
4053
219
5134
7567
6627
9553
952
1508
6875
8264
9777
8531
4384
8906
9134
2160
9387
8622
9175
7521
2485
8077
8744
5228
4588
8342
9971
8761
3180
2795
4951
7233
3014
86
4801
9641
9640
5753
1150
6515
4018
928
5047
8402
9834
4182
563
9221
2805
9738
6742
5290
7815
5487
519
2404
3830
491
1166
7010
3286
6118
4244
6300
6204
9046
5942
5844
4799
7093
2359
8817
8021
7406
7220
7855
1588
7783
7076
4393
7522
3819
9684
5338
9307
204
7743
3137
695
8909
148
3982
5027
4393
283
1231
3439
6225
7075
8239
3318
9434
7056
1340
6841
4277
9195
8429
2061
6272
2823
9583
91
2507
4922
9399
2711
2665
2536
3407
1574
2684
7389
6601
7078
7673
7832
517
3898
4908
8756
7217
4342
5813
8558
1184
91
7753
9613
2152
4025
2436
1736
4117
4944
6659
3516
7656
9324
6053
1063
899
8738
8453
7500
5816
6127
5333
6334
25
241
5091
7243
4584
904
5801
5768
996
3555
5382
3149
7581
7819
4885
1699
2763
1545
5216
420
869
1269
1484
1769
7
9938
9269
5824
6065
4603
2158
6091
4845
7249
3334
9430
8154
9136
5198
9150
2692
581
2299
273
8400
7185
1973
1164
8731
7189
1584
9600
8458
3069
1370
8466
3007
640
4291
9072
5243
6449
5163
89
3699
8498
9519
1854
7635
4718
1005
327
5299
3304
601
3700
490
2575
4865
9221
9764
6449
8822
8223
9519
192
6690
2526
833
981
1598
6076
7430
6762
6166
1130
5260
5685
2984
2896
404
3989
3224
5704
7294
3825
9404
7785
6400
4269
7007
6165
719
5830
4388
238
6023
1078
2765
6856
2059
4363
2932
9490
1126
9099
621
6387
4784
3606
9283
5189
7595
2507
893
4890
6333
298
2675
2734
4568
9683
8899
5287
5513
3288
5526
1536
4366
8291
8392
6426
2655
1325
5917
3781
424
6538
168
5208
145
9452
398
7740
1959
1291
2631
8292
1589
5307
1027
6157
4990
9926
1445
503
3214
6972
2039
7581
5264
431
4008
7919
1757
9926
1701
2181
6465
1870
7390
6610
1322
7788
4351
3282
9079
6982
1575
669
2289
2602
6827
7279
2528
8273
7783
5743
5245
9823
3325
509
255
7334
8429
2012
7260
130
4193
3726
2000
1583
336
3323
9372
4687
6605
8452
1670
8180
9121
3960
782
5949
1239
3311
4222
9023
9055
9467
8846
2381
9976
9101
9715
8406
1113
6976
8536
5306
702
537
6890
1039
3860
6262
5727
465
4714
7397
8646
3836
1357
9428
9785
2597
2739
4008
1620
1795
3475
467
4176
3452
9568
3891
1858
681
868
395
5988
1571
932
2879
2610
4793
9142
8337
5258
3857
5735
3904
7693
7093
3333
7479
9691
6073
1487
1311
7868
4963
1779
2045
8415
1347
5937
274
2029
6805
669
8018
8376
1602
897
987
6395
39
9325
1654
3897
5060
5559
1590
2154
8892
9070
1845
4966
558
3157
2835
5521
4936
4880
3937
6284
817
4211
8313
7622
4881
6332
5999
6483
7229
6986
2878
7269
6312
4533
1166
1373
92
2757
3527
8985
1828
5372
3951
2386
8530
6786
7908
3466
1666
1845
9750
2483
6056
8064
106
938
4396
6106
7421
1626
3093
300
8896
9405
4833
62
778
4925
2820
4305
3911
4649
9678
7863
7035
8208
4649
4944
1675
6316
6789
1425
8800
2846
9490
8907
3784
3886
5013
1205
5512
8106
1506
4408
7511
6339
4471
8290
1265
7292
2595
5176
1941
2274
3039
8977
483
7689
3921
2158
4006
711
3584
2806
3557
3074
1713
7341
6960
6727
8547
2473
4833
53
6882
2345
6393
1354
635
7658
8647
3231
2835
588
5505
5875
9566
5988
3564
3488
8147
7570
4199
1731
377
7757
4805
2090
5099
1766
8818
3646
4240
3651
3700
1122
5997
94
2477
6632
7752
1124
9864
588
1713
5369
6463
1279
1358
27
4767
9505
7598
8967
1237
7975
6724
6042
66
1823
7809
8884
5470
2049
2536
9171
3172
8533
9265
5649
5166
7018
6773
5030
7606
8487
400
4069
9766
1759
4097
4534
1264
1696
3502
2501
9672
226
8544
9738
2050
6353
8623
7520
8402
1159
6691
1574
9693
5956
7224
4859
2974
3998
9890
581
2485
290
4651
2252
2049
8748
6787
3314
445
289
5816
117
515
4361
9855
2565
714
8479
86
9117
9638
6777
692
9332
2734
7916
4192
5709
1915
4082
6290
4401
4373
941
6653
6422
9690
3440
9737
136
3730
5553
253
4245
9914
109
6811
629
8588
6897
9746
8227
3675
438
7559
6410
8355
1752
2119
271
5834
8409
4672
207
9351
1325
6630
9042
4766
6368
9178
8496
1921
9431
2742
1836
9541
9554
2466
8129
6452
2212
6357
128
2651
3917
6538
1007
5669
8657
1278
1504
7067
5951
1712
6419
7277
8342
5461
2043
4711
4640
540
6632
4072
3283
8469
3613
2837
935
1743
9290
3148
8100
9418
5800
2018
5956
6808
7687
4613
8086
9191
1681
4038
904
8100
1315
9247
3561
3358
3958
8202
3899
591
2274
7182
9060
5887
20
9996
7631
9310
3145
5732
8728
8945
7750
4684
5753
5437
9298
3840
4629
979
7878
5533
9079
9193
4780
2641
2552
8739
843
6451
9330
3118
3634
8390
9006
3654
8387
6637
2964
1532
2369
1692
478
119
6377
6231
5557
5675
72
187
6655
7951
5720
5734
7144
501
8376
9697
9240
9220
6148
8570
2338
9783
6961
1345
3437
5348
7982
6401
6881
352
8094
7359
472
4471
3591
6029
147
3663
6216
6802
1614
1937
2537
8759
2439
913
8456
1679
134
4605
250
2472
4388
7211
3817
7826
2560
1800
4227
9441
2153
2322
6800
2625
6794
391
8655
6941
4055
4871
3744
5669
6809
6281
4428
9248
7195
2885
928
7329
7490
1178
9802
1879
8390
3619
9705
950
5420
3933
392
7573
6256
7192
198
3050
7584
8854
9992
1639
3725
3736
7309
535
17
1738
9783
7212
4623
711
4542
2114
1889
4344
3994
280
7964
3700
1230
3384
7633
1622
958
3889
8815
1157
6939
6400
11
6932
8040
3737
668
5349
4272
686
7088
4055
7898
1712
4767
2441
3827
6657
6785
7821
6937
4749
1521
8167
8134
9155
9790
9092
3045
8606
250
9985
5006
261
6917
3047
3998
7585
8397
8271
8271
5485
2326
6170
7197
7094
8611
1025
3751
5396
8847
688
146
368
8856
8280
9524
8646
7372
2569
7252
7622
2554
2259
7884
9472
5306
1883
7057
3703
154
5329
9189
2480
1499
6387
9574
111
7412
3326
5508
6259
4014
5654
6628
2870
3934
6153
1517
1307
8722
8769
8930
1277
1029
6814
749
6336
8698
7807
40
8852
3136
9229
1333
4636
5617
908
4747
3029
4234
255
9289
8248
5910
5918
1118
9844
2071
2635
1152
793
1405
82
2071
2435
6897
2820
8772
5595
627
8812
4448
3764
8042
5781
8400
3659
6689
3148
6689
923
3403
5979
9171
9313
1897
290
9158
3968
2926
310
4762
4332
393
6833
6768
7291
9654
5540
2887
281
4353
7335
4046
2395
3116
2446
6055
9805
5594
2745
729
8998
8724
9901
8312
621
191
7470
4590
3118
7781
9352
7451
8175
6185
4219
5466
5839
9760
8354
6121
4113
5689
167
6508
8806
2614
2564
8612
8208
5309
9341
7206
4033
9242
5519
4655
9434
2989
9245
2553
771
8597
4
8946
4783
4224
4413
623
3984
2768
6744
8097
8458
6912
4605
7265
9526
7169
5877
7735
2479
5219
4942
6512
4462
461
1167
3896
3451
412
6450
4222
9010
6454
3169
3793
678
7583
4417
4663
352
1161
2760
8810
8074
7366
6075
7601
4536
1953
5336
7015
7172
278
3527
1634
739
4695
5531
4190
5108
1981
8413
4118
8436
1583
7912
9115
9166
2329
3778
9518
3491
6538
8329
1565
3904
4404
9166
8440
6357
4503
5455
3530
4781
8983
5165
5520
3678
696
9711
8786
2678
8124
2905
1114
9708
817
229
8874
3147
4008
8393
6638
546
6722
8204
4451
1127
7371
2892
7485
1874
8348
1016
6656
7331
6181
2177
1010
6877
1888
9797
9555
13
2702
670
9721
3520
900
8596
6668
4908
6990
3306
5455
3712
1511
9907
4840
8883
2799
2326
757
1147
3342
7413
8478
9523
9590
9489
6401
1479
9286
5956
1493
1989
6627
1214
5510
7527
9811
2178
2436
6801
5485
7892
514
6996
7799
5354
5879
598
7681
6637
1745
1023
4051
224
547
3642
9713
6948
5122
9000
2905
6615
989
9532
7830
6499
7060
7641
8677
9497
4442
4162
7389
4957
1159
5188
311
7039
5787
7993
3677
7532
9016
7728
7757
9563
1371
7471
6512
6493
6471
9417
3109
7460
8949
939
3960
6010
8581
2638
5507
3024
6801
2897
7981
7960
8086
8293
4999
3873
6286
8676
1406
5303
6405
9163
4866
7777
6635
1378
4271
3106
796
7380
567
9745
8320
4527
5756
6901
7166
1264
9925
3967
4161
7907
1927
2248
6200
6927
6121
2486
5604
7527
7789
2010
6691
2656
9787
3326
4035
4058
6433
4831
1438
7000
4577
9759
1528
333
6660
8694
1598
6586
2661
5760
4493
4589
8008
693
1517
4129
3180
7121
1657
970
9131
8349
3626
8918
1676
7662
2977
8109
2493
4415
5110
7070
4175
6639
7404
835
5334
9003
7422
7996
4763
1915
2585
2771
2609
4102
6901
5790
1224
8559
6760
355
6909
387
9274
8586
8049
2251
6695
542
6667
1806
7613
842
8445
5018
1678
3779
4022
9100
1775
8785
1016
4361
1557
3626
8464
8459
9416
9688
7018
6176
44
3928
6563
9319
2514
4613
1571
9210
5156
8238
1016
2769
9081
9462
7788
760
3242
1810
9861
5018
596
877
9380
2153
4503
7844
612
3919
7533
7631
96
7578
1559
6660
6897
4074
1273
8468
3284
6429
6707
4301
9199
5789
3764
6988
6549
7007
8798
6411
2025
9395
7288
1405
1548
1792
9250
2161
5712
6784
9792
5809
4362
1352
2469
1259
5427
3743
9728
8711
172
6436
3013
9372
2225
6777
6360
8775
3784
5159
5186
5810
4554
2475
7216
6102
4268
6467
8264
9980
3251
8057
5789
7613
9410
8259
8873
4837
2002
8602
3549
2174
5038
6562
1547
7264
3340
7907
6040
7125
3066
1227
2936
7621
3702
153
3724
7971
6620
1988
7951
9871
45
3741
7485
9455
2000
6359
4293
4002
4961
7842
6177
0
4405
7724
7265
7746
5632
3305
4872
8699
4532
7808
6320
8235
7961
44
6206
4582
2033
4158
4453
2079
7899
1939
1535
9900
8298
5828
3903
3260
3671
80
3261
8076
7805
526
5823
3438
3832
695
2137
8365
8504
8458
6601
6466
8503
2808
1048
537
6966
5502
2616
4866
7441
4151
4767
5740
9979
8670
9001
3650
8751
2262
1727
6557
2789
7551
9995
6622
8246
2133
4988
6751
592
1589
3217
9096
4398
4265
9633
1365
9767
2249
6232
7208
6400
999
2949
6380
9669
1950
31
8421
4213
1759
4978
7003
9310
4973
3625
7557
7107
8614
4308
7699
203
7525
6795
4602
1790
6429
5967
1558
8678
2199
8767
5079
3198
1716
1460
2868
3667
1491
1289
7880
3251
6267
4883
2561
1241
8509
118
8348
7123
4426
6048
7327
1952
2844
1929
3743
9273
7897
5301
7952
96
4069
3032
3295
5785
4492
6163
9453
5984
7453
7333
9235
3720
2217
1796
4962
727
1914
3310
7851
6341
9359
5179
8293
2204
7109
2037
1477
5006
7338
9430
5102
1408
2462
8398
7193
6954
4561
6647
2938
2014
3980
2173
5735
6198
3970
697
6926
5885
4008
4777
2226
3368
9956
520
5572
7065
2558
7050
2072
9897
6480
7175
1305
8942
5573
8499
5897
135
5146
8835
2150
9126
1009
7886
5325
4979
8583
2251
864
2592
7029
3091
5960
6986
3612
1533
4052
6170
8583
6124
6067
5063
3300
7372
4006
8873
5871
9903
9009
1017
8739
1159
144
9748
9045
5470
4728
7629
7722
5593
222
4751
8684
6183
1738
2297
7716
5790
8468
6299
1915
4535
1363
5215
1908
5370
4089
7780
5273
3098
8798
4013
4257
8943
3761
3303
4413
8490
932
2136
4083
1154
6888
2768
7337
8626
5066
5054
4417
3534
1354
6333
8070
2718
1548
9978
8088
5637
7759
3362
8736
6557
7375
2993
5501
1137
6297
9915
9628
7230
2051
3711
8384
8939
6480
5722
7566
1546
777
1983
5080
2131
8316
3150
4849
9865
3129
2938
5503
888
6300
4239
7446
3676
7233
2947
4814
3530
2862
4442
760
4914
8153
9145
3853
4633
4868
1419
6180
5645
3403
1260
7776
1720
4411
2625
1585
7540
5564
7089
8429
1864
1328
5875
5541
8561
8823
355
2092
1686
4797
2852
6600
2951
1998
454
7585
6866
1874
3765
2511
5277
5026
287
6998
9437
2913
8584
6977
8478
5673
5407
342
7002
1282
5884
5564
106
6239
7656
1792
1037
509
8392
3989
2507
8846
1575
9374
720
5341
1885
5998
367
2173
2997
9805
5087
1581
6783
3565
7254
2190
3908
4257
3472
9792
9821
3579
6032
7477
5371
7070
7987
3764
1059
494
2611
2634
9869
3332
7976
1754
9331
8343
3928
2328
8148
9015
3909
4931
2580
1164
7121
6489
5421
594
6281
5242
4174
2314
2720
9545
9384
707
3310
443
1202
5922
3078
1071
9254
1054
2826
8586
9398
6754
914
7547
5770
4824
2478
8351
5988
9600
4840
1410
195
1122
6653
4369
3436
9373
3915
2820
81
7225
3264
1284
3148
6342
2356
2402
7397
5183
988
6795
1937
1903
4342
7707
6727
6821
6058
2716
6422
899
4126
6618
2021
780
987
5457
154
4903
8277
235
2129
1542
1520
5277
7884
3877
7680
5282
9060
8669
2077
998
572
6420
8705
7300
3242
4764
16
9664
5663
4143
6282
7685
4923
7270
3142
5078
2173
1420
5313
4302
2962
6834
9580
847
711
7260
6130
9772
5929
8207
770
6502
4628
9476
3802
7870
4241
3819
7535
9905
7962
3818
7590
2886
1088
732
7964
3262
2153
3278
7565
5116
113
7145
5963
825
4405
2093
597
335
301
1367
6837
4930
844
639
2801
5085
4458
336
4990
2421
4155
2580
5308
5243
3313
3273
8506
5467
6552
6071
583
6665
3217
6547
7490
7622
8641
8088
7958
8943
9456
4795
3873
300
5435
6675
5385
9894
7012
375
2315
1167
2956
7624
6411
6270
898
4917
1737
7450
988
2320
4116
4206
8868
1607
1829
7509
9695
9787
6453
9151
4582
327
9451
18
7002
4837
9912
4014
5213
2227
5182
8169
9852
1593
4440
750
6510
6177
8200
7499
8498
2317
1705
7367
3924
3534
4876
3620
3322
1330
2771
7904
1657
2223
7922
8660
7061
7834
2674
2274
62
7857
444
9915
9450
4884
665
5961
1061
8866
3460
9560
1183
5166
6927
5108
8701
1804
8728
2023
3134
1500
9928
4792
3723
7851
3452
784
5686
6127
3059
5748
3984
3503
5664
3434
8387
6329
9395
9449
5196
2856
9010
6380
8023
5937
1488
6724
7742
216
8747
877
1716
8675
5669
5440
6526
9121
6225
2212
5248
9284
7961
9233
2788
3625
2668
1175
9955
2063
625
5152
4920
9636
1532
2943
5573
3020
9667
3316
3237
8415
4193
4954
7091
9862
394
3617
8984
6619
5830
4232
5904
3792
3466
8692
7418
6134
9868
7373
8198
494
2526
3118
130
4058
6062
5704
7079
5730
9020
316
4145
3213
5270
1236
3075
5665
4854
2060
2284
685
6292
8189
4477
9759
6882
1895
5893
6750
9269
4091
7245
1795
7209
7375
5854
3272
3079
2933
9002
2099
3250
3147
5313
8520
4384
8389
4185
9239
449
6470
9924
6742
4660
4402
6501
1542
6297
2394
8293
5567
6486
5538
7363
3696
2913
3217
6968
5993
6151
5970
8092
9401
9118
3406
7922
3503
1796
2107
2742
2245
8578
2666
8987
3238
7068
5489
4780
3366
7884
3073
8934
4370
8611
6297
8066
1525
9515
5034
7518
5667
1005
5611
5068
123
9017
2990
3627
813
5098
6369
3059
3677
9036
2047
6915
6105
7536
1696
9472
5420
4770
8406
9791
3382
4704
7857
4907
4220
2891
2426
9888
3897
8037
4957
4021
7055
7948
7648
7869
3046
4017
929
6723
3054
2976
3639
9160
513
5335
8632
5934
105
7039
5725
3488
1744
3582
8395
5965
6474
821
5853
371
8859
810
4392
5914
8758
2040
3784
1805
6058
4713
8529
9113
7689
2169
8273
8202
7504
6906
4137
7610
3945
9862
1098
5690
3444
9494
1655
9919
316
7509
290
9175
8320
4683
5089
7079
6723
8874
8884
2782
3587
7414
1895
1277
9583
168
9480
7088
7074
3617
4698
1020
3479
5797
6710
6924
5291
8366
6843
5607
5875
7133
4783
4195
1816
9873
1274
8540
8747
159
1322
2334
7573
3218
3611
7157
3386
3092
4245
461
6709
8944
1482
188
4742
8192
7112
34
6559
3956
5642
2434
1089
425
6630
2906
298
7905
1447
9045
8064
2769
1380
5638
5988
4992
2795
9375
8084
7041
9836
4793
5986
1318
4982
728
9511
2095
762
6070
6051
6404
8504
7140
6830
5135
47
7128
3040
1494
6174
1104
4264
7555
6743
252
2547
9539
9627
632
6581
9464
5426
2567
783
408
3295
294
2503
4058
6364
8554
463
4869
5695
7293
5
5743
4422
3045
7237
597
4150
1502
8152
893
1755
700
433
1383
1332
7014
848
6758
9581
1631
7167
2877
1926
9670
6935
8291
8225
7399
3161
3920
4693
3166
9664
9116
6211
6901
9713
362
8404
7866
1256
160
8566
1689
1543
9899
8703
2391
6658
8284
4023
3825
1162
5949
3496
8097
4240
1721
5497
7401
5642
190
567
5306
9306
6779
2208
9020
7141
613
6886
8397
773
5453
86
2317
5352
8790
4708
2011
7075
8732
5837
8237
4681
9333
6335
8922
1055
1832
6323
6697
2023
6891
2004
1329
3670
4213
349
812
4826
7236
9210
5599
2689
9297
7916
8042
8087
2625
53
5162
1358
5890
3400
6039
5224
9735
4961
6279
1567
1285
2977
3590
8176
4982
4920
1847
9195
5270
2659
4021
2506
1869
9621
5196
1166
7538
3238
9254
164
3292
4417
1522
9183
7817
7561
4407
7552
2523
687
9120
3809
3664
2711
1985
8646
7632
3832
7841
2902
6492
1863
5409
8362
1484
605
9528
9023
3844
8783
9187
7136
3200
709
6319
1017
8271
727
8570
795
1414
7690
4604
5079
402
6589
3725
8034
422
1567
936
6915
3431
6346
5277
4916
6951
4806
3939
796
3589
3126
7932
6790
3836
4252
7808
2107
4979
6378
2902
6394
4069
7506
1473
4471
4096
5199
2505
4519
6767
3442
1435
198
9789
6712
5115
6740
1518
9054
7536
5108
2181
5469
1899
6017
9721
9707
8125
4701
6085
1027
1095
155
8534
2569
4626
2631
7768
7132
7151
4535
575
8586
4734
364
5299
9849
7105
6818
8903
4642
1927
1085
111
3826
7103
9833
3533
5228
4535
9619
6256
5630
9774
4791
8200
4400
7423
5968
1533
4575
504
2108
3162
5238
2473
8461
5087
9578
5279
3991
4220
7206
5076
4332
1032
2180
4165
4566
7408
8701
4185
3665
4331
3959
8456
2531
8360
5880
8500
9894
455
9004
2003
3617
4242
4476
2078
9330
4054
7358
3321
8275
4565
8398
2607
5598
578
6773
164
7987
5474
4350
1652
9806
8310
109
2338
6670
5989
838
6565
6444
9842
8568
62
4085
3044
2141
3415
7099
9500
6737
5374
4065
5135
7982
9664
5714
4755
9829
3701
230
4179
5354
36
2489
5464
2375
9160
1453
3213
5725
7898
3056
4294
7961
7142
7338
102
557
4437
9602
7295
9812
3668
2430
7794
3332
8145
2550
3161
1847
2780
7340
7201
2817
9830
2666
5192
8991
4119
8406
4716
2018
1462
9011
9979
8605
6349
81
9162
787
9684
6457
600
3352
8888
8394
6685
7034
944
9846
8881
3725
7187
6083
6542
7018
8749
1735
6009
2868
141
726
4887
1604
9737
4866
209
6086
4948
9372
6874
4632
5830
7474
7985
4719
5869
4670
1753
6814
4517
634
539
1704
6717
7082
8722
5466
8817
4732
8335
8959
5458
3223
563
5195
8089
773
1282
3038
145
8156
7671
5976
5631
5656
695
1500
327
2448
8314
4845
3082
8854
6550
9800
5937
5272
5267
4755
5
3602
3714
5463
6825
4278
658
4915
5051
1940
7953
5197
97
5624
1173
5729
1281
1868
7230
1609
4317
5545
6454
7399
4399
3004
7199
336
8277
2466
5091
8282
6069
8806
3746
2895
3085
4404
7810
8137
6345
5764
3334
6443
1389
4508
2173
2671
6377
9403
4281
694
4948
735
8093
9347
3740
5293
9684
2018
7760
4776
301
3829
3583
4047
6725
6668
8452
4536
4805
4797
300
8140
1241
1690
2648
3414
4362
9026
2817
8643
9720
7766
9378
7814
7113
3119
3108
6798
5137
868
1575
5439
4698
5158
9486
1424
1826
7938
5960
6632
2736
6261
4772
3977
7952
7421
7391
2314
6447
209
957
6168
7975
336
3983
5089
3455
7091
1888
8593
7960
3463
4032
2659
8621
3519
4083
448
1457
44
7080
4193
6305
1853
8171
4258
9274
5563
6572
5722
5773
7529
1891
3748
7865
5874
8838
1321
2965
726
9915
926
4189
3948
3585
2811
7467
7669
3259
8925
7713
340
3119
4019
2193
1290
8277
1468
6854
4850
7191
2627
2379
9082
6376
245
4956
5214
1567
7922
5941
1482
8849
130
5431
2435
2942
2898
104
6202
1824
7818
6542
4943
1838
8736
6234
116
205
3088
4966
7397
5715
7345
6479
2091
7591
1436
7306
9159
9359
3247
642
8209
3377
6073
644
6320
8972
749
2522
796
8568
9065
5739
406
7802
1973
523
8008
5062
5489
5405
777
2835
1885
2869
426
3322
175
9585
2681
3422
227
891
6800
6300
1535
3120
5273
2285
5643
6069
853
4709
1809
1260
2511
3783
1783
519
8845
7272
5924
9623
107
7810
2492
534
1132
2668
120
3814
6090
347
4705
2891
6648
6240
6012
1921
8526
1655
7991
9380
6364
9800
641
8876
3583
2424
9396
2428
9697
5321
2052
9805
3131
4544
339
4263
7212
459
8077
3303
807
2782
6194
7456
9023
2206
9377
7550
3862
7368
6930
227
7169
7571
9103
752
9996
8500
3181
9693
3821
5233
9499
6952
9778
9839
1215
6990
299
9293
294
1106
2075
6488
8562
1099
8695
7940
8649
2558
5309
5579
2785
2478
3151
1889
3231
3147
389
6412
2840
4210
1645
2339
1163
1424
2178
2378
8414
2478
1671
8709
3584
3747
5197
2147
4846
3893
88
3496
6451
5397
9076
9237
7876
2227
1127
1107
5374
1517
7519
8215
5728
9165
554
6891
589
2733
9270
9004
5211
942
7713
8796
4690
2911
944
9537
6804
1032
3033
3256
6429
2109
2494
4306
4336
3622
5413
9711
5140
2932
7926
868
2098
8481
7760
2687
1215
7031
1692
6427
7974
9405
5223
2664
2317
6168
2201
9122
7200
5235
2379
3630
7344
4873
7936
1681
8496
3349
1392
3636
6282
9319
4505
8381
7800
2266
1068
9015
9297
2761
5442
7271
2167
666
9936
4484
6834
2137
3606
4034
7373
5985
7665
4718
859
5601
6399
9355
8951
7792
2992
5234
7111
7498
3615
4912
9764
4684
3927
9062
7445
9370
6334
9612
36
6270
4097
6871
8408
7703
906
5781
3689
8571
499
4548
4173
6899
3904
3124
4691
6897
8359
1803
4395
1974
6716
4159
6658
643
3222
4104
14
9556
3717
51
5826
7814
6922
4235
5517
7828
16
9207
6399
515
3756
573
7415
7660
3697
2106
4557
2056
3910
8952
4031
627
3112
689
1270
6334
4794
1285
5891
8511
1336
1718
6325
8258
5953
1843
6087
5969
1050
2486
6485
4806
3060
3900
2467
6757
6007
7024
8814
9918
5977
2846
545
9090
3535
1816
5425
8329
3101
1316
6840
4437
3034
3166
2696
8987
5009
8783
4957
6059
1270
1443
866
4330
5343
3333
1088
1351
358
9903
1269
6336
2749
1815
5426
6285
3631
852
4614
6732
2168
1455
1170
5203
4621
3867
4191
9631
2650
9148
5690
3920
592
6557
8251
5935
9890
9339
7287
249
9243
8556
6585
1992
371
2011
8277
4003
2863
2892
736
5032
4347
1906
235
8969
5773
4427
8600
8424
3576
4291
2345
4168
849
596
104
740
9936
7391
989
9179
5948
7574
1172
6319
9586
9449
323
2449
2341
1059
7482
6689
2965
7718
5659
8739
2145
4260
7163
5721
8552
9508
9889
9401
105
9994
142
42
7385
1131
9222
3333
8705
394
9653
8291
9843
9976
741
2185
1035
8224
8875
4001
5942
4535
2740
8087
8795
9904
3809
7348
9413
3699
6750
9519
3693
6892
9561
1078
8023
8783
4412
6729
9178
4066
5020
9021
4042
5762
1207
5078
3986
83
9079
9928
4618
1820
8016
3414
1724
1825
762
1137
5524
7512
657
9218
4404
218
297
2428
9002
4709
9157
8180
8775
4178
7202
2818
9940
8409
7896
3927
8493
6975
3856
3111
8795
1872
6525
520
3698
7288
1658
9222
4800
2315
8441
9205
2533
8738
1633
1535
3447
791
9716
2223
4969
6918
5041
4910
5328
2937
8837
3821
9913
2694
6933
8708
4566
3458
9228
8264
746
886
7487
5547
3201
5928
4753
5735
4666
6386
7271
8114
7178
6987
338
2148
3906
5379
7058
9234
8317
5896
3056
8230
8590
9989
6939
3157
3448
6168
1422
4195
7055
8909
9742
256
4838
4495
5992
9504
882
3264
7619
8061
251
7957
209
4158
3337
7268
3392
1654
3165
6449
9884
1756
6438
6824
4913
9887
2992
6335
4082
47
5244
3825
304
83
8321
6296
9587
9203
9560
7207
7265
9812
5164
7474
3970
8501
4742
7363
156
7907
3812
41
9663
251
6865
4577
138
9857
912
4221
9904
6157
8046
209
6240
6367
6506
5828
5571
6067
3036
2836
5879
8201
310
9850
6703
5053
7214
6859
2961
1026
6900
2625
1278
3765
7202
1416
3623
8115
5638
3528
4272
3684
3737
513
51
243
6342
5623
6310
9378
8459
2190
7579
8770
2041
4282
3824
9255
1142
6785
282
8042
9411
1560
1808
6613
2977
5431
4729
8615
8960
9002
2300
2697
9515
2352
2941
5858
7975
9251
5236
6435
1442
2816
5206
3483
7099
9030
2739
8241
5816
3022
6284
5228
4582
8092
1841
7560
3524
6571
6176
2484
5573
8477
5182
5089
829
8123
947
8805
7375
6184
5240
8817
9000
447
2301
6100
9478
5041
4341
5294
8063
625
523
2646
8718
2365
207
2242
8936
6383
4727
4509
4861
9909
9598
5690
8033
545
4496
5408
6730
9737
4226
5730
184
6528
1830
9662
1569
6172
4957
9632
6798
5480
2278
5516
7845
2486
7759
6781
8870
2486
1291
3731
2396
889
9422
429
1435
3918
5838
8165
3655
65
3896
3839
6593
5727
3502
8162
1899
8459
7795
8697
3940
74
4214
1786
2560
1973
8567
1430
4460
9858
5161
6856
748
4583
7286
2183
8502
3125
349
2157
3190
4245
5997
9783
9972
9499
7946
1872
7959
5741
570
1899
5816
4784
3685
8376
6758
2253
9807
1218
2112
4968
8075
2861
9552
5361
5044
8054
8486
5394
212
1676
9639
6209
1460
9612
5708
9406
1484
3668
5148
2054
5567
964
6839
9253
9341
3597
1507
9148
4815
3619
4117
2890
6480
3670
8252
1525
1725
6739
6920
1937
8416
6559
8147
9876
6171
3856
9283
7656
7524
4432
9711
3092
5397
6550
2346
4738
147
3853
3887
4963
7473
8005
7854
3954
1676
6106
5480
3402
2846
2400
5339
1262
8960
3487
1139
5132
7344
423
2788
4868
4855
2499
7961
253
9050
307
4991
9198
4161
8879
4161
1634
6885
2015
5589
8561
8122
1069
1963
968
3470
7303
2231
2430
791
3371
7562
8135
3794
351
3004
8650
2851
965
8903
1901
1273
3895
1099
5434
2775
5260
7069
9660
7276
2658
8222
5398
3728
186
6366
7198
7490
8598
9628
8281
1969
7191
6416
5764
7542
9420
4415
393
386
3319
2294
1659
7215
3394
7094
9990
8655
4163
9651
5931
6822
7874
1329
550
8060
7696
7749
5550
6294
7378
3831
8264
4569
248
4029
2111
9669
8444
2504
55
1764
4799
1715
8979
8194
8809
8970
6849
2973
8621
2780
9795
6495
4110
346
4556
1807
8096
106
8102
5474
3938
6367
43
4187
396
2154
3856
8841
4659
3911
605
9459
5626
9585
7653
4436
8555
4502
7409
7177
7283
7205
3673
1394
7551
8229
3201
5648
8336
1304
1122
2275
7671
1165
6462
8067
3320
318
6908
7979
4230
7514
7438
9857
7099
5092
4293
5654
9595
1702
2831
6879
8907
6504
8273
6459
4734
1475
2107
3070
2779
3230
5345
450
4395
1808
8518
7716
2127
5427
5695
6357
2941
3134
6214
41
8227
508
5695
7822
2210
8527
4701
1118
5032
2975
7578
9767
4450
9686
2838
7230
2916
8184
7681
7312
9992
6199
5028
2119
1627
724
8476
4568
3859
4691
4610
2086
5199
306
9909
7410
8833
4610
8529
3866
7585
6108
3634
2036
5794
6472
9266
8711
4656
6947
6024
4648
3147
1053
6767
4774
1777
5244
9343
5637
9936
3953
7724
5136
4259
7633
2546
3093
2243
1076
6960
9829
7184
594
1865
2979
7066
1131
1691
1722
8078
7715
6371
1226
8768
3139
6000
546
8383
5343
6184
8319
9297
3908
3456
3557
1541
6003
6650
3785
7079
3611
3614
4264
4205
5479
7243
1272
6611
8935
2994
4690
6650
9366
5916
5419
2505
1916
5965
888
7260
2149
9208
6558
6058
2664
115
7599
8667
6766
1384
5747
377
4999
11
4583
478
7255
5855
7090
6190
8850
1780
2841
8216
7696
8260
721
9613
4226
1610
6874
6376
819
3432
2434
3484
3548
34
2151
314
1418
7899
691
6417
7911
5274
6896
5166
1130
3986
1357
9980
5767
4199
8197
3464
2459
8918
3077
6686
528
9952
3062
1348
3385
5497
4832
6933
5531
6983
7248
6950
4883
7940
3368
2794
3215
264
7961
4345
4251
9319
4326
19
3518
2523
3483
5978
1441
6561
2664
1970
6513
5727
3318
9899
1225
8150
6833
6756
5134
4081
3706
17
2021
7075
2812
5237
7339
773
9582
1591
92
3908
1611
3611
6432
5094
9589
7874
1655
2254
9844
8169
7982
3163
8069
9207
1314
4902
5964
6448
8984
9671
6466
1005
6746
9279
6243
4086
53
5825
5678
146
9734
7289
3757
6166
2383
3347
4040
4039
5601
3885
2209
3584
7049
278
2791
8363
5180
8756
4812
4164
8427
1278
5170
5173
558
1414
9260
611
7239
4938
757
6974
2227
4515
3141
4611
7862
7182
8650
3464
1068
860
7048
8117
1138
9839
6480
6319
8596
1292
484
7023
2571
5655
2197
3129
7069
1458
3741
4309
6396
4498
1283
8624
9013
4425
3235
6876
1607
1886
340
2676
2746
7388
793
3885
7228
7273
204
5824
8566
689
2848
1137
6344
5046
4267
3414
6504
8008
7723
2900
2507
9007
1524
1521
3432
4760
8397
5040
6647
8737
7716
9394
6125
8510
3279
3354
5784
3484
9178
4350
4173
2026
5488
518
7072
9756
3932
3576
7764
1655
6477
272
663
8002
1793
4095
2762
191
9136
9410
8928
6853
8804
5054
5363
2083
8408
1147
5568
7586
5498
9741
9613
986
260
6686
742
4192
263
8507
5848
6740
8779
6511
4742
573
607
7505
764
9744
6915
9693
6597
5719
4747
1961
7803
3155
3108
3371
742
8606
3113
356
9593
3373
7042
335
7566
7305
8842
3415
4046
7622
9926
8788
8195
534
6294
8960
278
3210
8653
6876
8930
3400
8837
6733
6556
1946
105
7299
552
3218
7655
146
6592
4697
481
4159
2003
9324
7574
6049
6947
7500
4838
5143
8035
1133
4103
8313
4343
2756
5189
3273
6157
4026
7
2714
5972
112
13
6525
3331
7668
6672
9924
2366
7154
4083
4370
6478
1658
419
3426
9159
5258
8569
7194
6391
2672
5507
735
5429
697
4009
1587
4724
4016
4301
697
4129
4314
7223
7461
1983
3895
7385
4349
1049
1469
8719
7528
3127
9139
954
2286
4398
9524
9480
790
2197
4988
1525
7626
5686
5534
9214
410
9551
3515
1107
3680
7830
8331
1141
9814
2226
8527
4163
3276
9996
2883
805
3123
2023
1759
5410
6421
1283
4890
7211
3481
9879
8737
1108
5565
4271
322
5975
3823
3838
7083
7503
1668
5415
8645
1482
7642
7172
5646
918
7169
8530
1723
292
554
3483
5703
6975
4767
593
4187
8248
473
2924
9356
6038
7196
9679
2014
1019
3517
9098
8523
5186
4513
7168
6669
2155
4341
2315
3074
1510
846
4798
1803
1400
8281
7506
8376
3049
8100
2564
1298
8573
5489
654
4611
2685
333
6626
3705
3850
5724
2229
9037
238
9398
5706
2394
3739
8022
5469
5249
8868
267
7053
269
8549
4559
8646
1598
2659
1210
2896
1233
6699
3551
5845
9385
3885
2471
3091
7736
8196
5320
6773
8435
4719
2479
829
8458
501
6298
3708
9370
6565
761
9639
5115
5321
8286
6714
7981
9496
9610
9214
6196
3162
5059
5582
7047
7531
8674
4784
5727
3995
1557
4163
8714
4036
4992
7172
4538
1291
881
3908
7857
1642
3548
2972
6964
1834
9686
4945
1331
9297
4159
7528
2459
9219
3110
9507
6751
1784
4291
2478
5779
5848
6642
4493
9885
1634
1666
4424
2925
2547
8332
783
4190
1880
3755
1154
3715
3442
6100
5046
2739
260
2575
5199
9479
5685
4707
6231
7470
8998
8709
3250
4847
5351
7744
4733
6986
9410
9157
9912
1958
7490
695
6149
9370
4451
7304
3086
7893
3404
8133
632
3664
708
5832
3144
6394
539
9375
3864
9537
8085
7114
4385
3437
4858
9119
424
4269
8276
336
6228
5766
1032
2377
5137
5483
9681
8223
3376
3085
6357
4009
6750
7065
9841
9895
3459
380
9271
7324
9918
7357
4438
4304
794
9297
3423
1219
3567
1699
1556
9795
7466
2588
2172
2603
8071
1853
827
1448
4939
7184
5457
1690
4250
5299
1585
7710
5680
857
5034
5598
8214
9473
9903
9009
8771
3326
228
2338
5026
1784
2133
2492
4373
4306
5095
2445
6160
5923
3893
1100
3108
9351
2790
7358
4650
4376
5068
331
5233
102
5929
3447
9575
5832
2457
8347
9159
2685
685
4185
4470
2819
6677
8843
7125
1773
1288
3286
7696
5182
4386
804
4534
7177
8163
9185
1553
3231
9516
6787
3334
5445
235
2910
1278
2692
1257
437
5377
1942
4623
9848
4761
1300
8691
1887
3074
9980
5174
770
5163
9560
1575
9697
6738
9738
8882
8291
2969
8398
5079
6304
3844
5314
9214
5122
8006
471
5560
3384
2414
184
3232
7176
1484
1924
9064
4558
1904
4238
5329
7067
3799
6904
6765
537
6642
5647
8828
9612
4046
3907
5916
7890
9222
5131
3013
7228
5602
8574
612
8017
8758
3845
5193
242
5769
4257
4801
7674
8495
131
4742
2294
7035
1507
2831
3678
7155
1660
3291
1201
5568
9208
9091
4790
4339
2104
2019
9942
679
2632
7960
9437
6477
3153
9680
2247
7411
4481
9921
5907
4612
4664
8202
1648
6171
1034
5327
3327
2694
8618
4528
8263
7827
3620
3054
2167
5725
5073
2109
6404
7705
69
5841
4183
3223
5521
6430
634
3
6352
6542
4616
1016
4744
6265
7188
5778
1592
515
8472
211
5043
6736
8039
8663
9790
206
4388
4863
2315
792
2569
2385
6634
6752
5609
2156
3183
6244
2160
9535
2786
6777
552
7530
3042
7740
3308
4635
8255
1781
4847
3298
8517
2886
1962
8308
3092
6351
3172
5408
7144
5741
7794
3778
2494
3403
5935
5678
9648
8095
5214
2434
4873
5766
9964
7915
3506
3273
2551
1761
5054
7399
5060
3572
285
7022
1880
3378
3373
5053
8786
517
794
6581
4296
3289
9985
231
8967
9633
8327
4181
2067
3200
9947
2032
1116
3454
