984
9153
4526
8427
6610
3676
1678
2564
6740
1775
1749
2557
3913
560
5746
7488
8089
1452
561
6305
2344
2182
3111
4983
1919
1991
44
478
1766
9870
1037
2750
9023
5564
1178
5633
9241
2857
8197
5981
4633
9947
8539
8546
508
4286
6035
8597
5738
6596
4903
8083
8779
8014
3066
699
6
3111
1177
1772
2981
2214
4523
2004
7779
5702
7638
7020
8559
5835
3002
3192
5782
1541
1739
6291
5827
7774
4888
1566
4371
9792
9649
3150
7807
2716
3849
7813
5827
5026
9586
8809
7241
4109
814
5020
9811
8452
2041
8371
4287
5043
1564
70
6584
3303
6362
2412
1077
1250
3978
5448
1043
3628
8599
8851
6344
2448
6664
2172
7475
6250
981
4717
360
1796
9737
171
248
1779
8542
4536
6822
106
4607
3406
3409
969
5819
4487
2220
9798
9935
3264
3426
8535
2115
9770
983
8779
1943
8459
5030
2924
3176
5390
4721
2914
5561
4969
4693
4104
9506
1515
4211
4113
4922
7620
5083
742
2108
7304
540
2044
568
3966
579
2683
3736
1562
1463
5679
22
6493
8604
3198
1884
3326
6112
7446
8295
806
1550
7802
2322
5761
1916
7244
3382
6999
7986
5490
4304
8526
7534
4872
2493
8113
7555
6230
9676
9018
1910
9699
5512
515
2897
7396
3841
9010
4842
2137
9816
6392
9939
2138
2154
1855
9383
5537
8855
7370
1027
3159
5897
8562
8032
8390
6676
5587
4620
6353
4606
6530
6052
118
7045
8949
7514
886
7960
2357
3024
7777
8749
2963
9916
904
4819
9299
6441
3675
6670
7469
6835
2567
6031
4867
957
2708
455
5577
9061
5061
2108
5113
5180
9153
4063
2695
40
2024
5052
3064
9801
3802
6028
9717
4706
848
9017
1148
4523
5687
8617
1359
8254
4649
6226
9212
7357
6682
4789
6418
1744
6898
1532
6924
6052
5595
9620
6092
7619
4673
9157
7421
8475
5186
7138
3182
6034
6156
4330
558
1844
2948
1917
99
7597
8143
9311
4955
4826
4101
1373
6570
999
2905
3494
7051
8501
3115
3144
6120
7788
2302
3542
6263
7488
680
9446
3522
6837
3777
4080
8681
6726
5998
8780
4324
4141
8092
9279
8967
2193
653
5538
3193
3559
9032
244
2060
2148
3389
8181
9936
5691
1723
6200
3180
2404
5646
6702
9241
9424
783
7923
6150
6781
6704
474
923
4796
9753
9891
6990
406
5429
183
3965
4462
428
6026
6611
3818
4207
6547
9509
5931
2748
2689
8335
8394
9392
7577
7819
176
5501
3969
6958
2205
4443
7882
7002
4197
7774
3992
4604
3204
4176
8570
7667
4604
4596
4278
8422
8804
826
7932
4735
3574
622
3071
1968
15
649
9788
191
6150
3757
7150
8356
8201
5032
5358
2398
2806
9351
7002
6011
3527
5572
3678
8132
169
7956
6555
8973
8782
4487
3709
2356
5109
6780
4325
5124
7430
4114
5316
3580
7871
2466
1937
6072
7499
7296
8471
305
6647
5473
6316
175
1046
9995
8307
1215
7952
4862
189
6734
9350
3898
9091
4460
679
3417
9584
8109
7531
4901
1690
5403
7367
3627
1475
4866
923
9947
5172
7571
5421
1489
7747
6467
1484
6055
7683
9437
918
7873
6171
268
1771
5263
4728
2451
8681
4313
560
6213
9214
2250
1616
6582
5878
3092
1449
6802
3039
6622
4374
8460
8111
2121
4928
9596
8176
2612
9033
9095
485
5205
9364
2257
469
4092
4708
9150
8406
5269
5364
7621
7519
6980
4204
3398
72
5653
200
3112
2276
4574
1573
387
6696
6502
9984
4873
9114
9018
3968
9600
4224
3332
1858
4694
7425
6567
3844
5832
1836
9208
3453
9356
6189
7658
2754
6262
3312
2955
9374
5588
7530
948
5975
4226
7450
5960
9100
6565
4979
3068
6166
9204
6401
8024
3898
3827
4592
7742
9659
6428
6951
3113
5785
3141
772
8539
9403
4084
1495
8778
9672
9025
9726
5648
3252
7176
1608
2352
3741
6588
5421
9907
5792
1823
7932
9690
5650
2524
7433
5310
8953
4385
8424
4738
7526
9196
3277
6929
3281
4773
5707
2953
3798
5433
8601
7050
2610
210
9403
6352
6798
4824
6259
2591
6648
4192
2281
2298
6716
9715
7609
5670
4100
6034
408
1626
5231
3686
8556
8512
8459
4264
1465
2258
9698
66
9309
2308
277
8712
8660
7075
3537
4920
9667
185
9113
1948
2484
5830
1663
94
1500
5764
6128
1908
7391
1359
5594
5947
9871
4054
212
1337
6312
9910
1404
5621
2219
1681
4334
880
8757
7871
5801
8424
8057
4914
372
541
744
2036
635
2245
7801
6764
4153
5192
8123
9748
1140
7995
3803
1352
9332
115
1263
736
5737
3482
2418
72
4363
1175
7944
164
9599
6001
5079
9972
6543
5824
2008
7179
8069
9809
3943
2223
5002
2067
1972
6142
62
5775
7494
9395
5891
8758
132
1629
2240
2550
1701
6604
3725
9645
6768
3324
5647
1847
3296
2190
7672
5305
9369
5741
5115
3313
7964
117
5380
9937
6259
5443
5712
3754
4838
1604
2512
4971
3233
4753
7521
4935
1357
1246
4581
8126
4571
228
9974
7867
2419
7646
3173
1789
3387
8288
5102
1352
8405
483
1289
4665
5926
7002
8420
765
8607
933
5736
1840
5687
3257
6776
7045
4504
1357
5171
9075
1586
5146
6943
4006
2792
116
5795
6180
8404
898
7533
6810
1382
8823
1475
7308
5825
9896
8074
4432
830
3810
6273
6517
7068
3050
3562
1572
4407
8734
648
5994
3880
7591
0
6673
7707
5796
2854
6112
6694
387
2922
8076
9210
4398
5385
5036
4295
3459
9469
5125
7270
5743
1642
4338
8793
5205
5911
3201
3939
6560
9196
7820
4151
9196
4494
1859
4993
7348
7972
1688
7735
894
9765
6946
5293
5150
1983
9588
8610
1453
4713
5881
7196
6356
220
5990
1561
6132
9192
5501
2692
8388
3322
6844
7585
7816
8703
2578
5164
6676
4266
2900
7570
4031
9847
2864
9182
1830
2452
7793
3283
7166
3674
480
3522
3895
6471
5083
27
5663
585
2719
4051
3907
9564
1636
1723
8268
4215
6888
4944
8482
9789
2515
2514
9636
5379
1696
1466
7831
9490
4750
4997
3165
5231
8520
7060
1702
3604
7088
7365
4189
9808
1417
8097
9372
3054
9821
7640
7269
6709
2584
5751
6498
5099
8265
6135
479
9962
7601
8311
9452
2352
3309
2618
7583
1829
9678
9285
5433
6767
6651
9623
6575
8068
7720
5948
1122
7542
3588
8392
4251
6173
4143
750
1273
2409
6885
1752
2371
4487
63
1824
6840
3372
4442
4423
5202
4121
3709
635
888
360
259
7463
8429
7979
3411
9551
5521
7000
7943
9773
3174
2087
524
4447
4496
7410
6200
6868
1898
6264
8692
8738
9637
3134
3162
4839
7255
6871
5475
8144
7232
5734
5608
5661
3714
9019
5213
9236
6020
3157
9010
9194
5244
9535
3642
9741
6945
9842
6609
8844
6107
5301
7582
5744
8436
744
584
5692
7616
6059
3836
4848
1793
9444
509
5508
8464
5723
4744
4484
8880
3754
3679
4125
3289
7321
3866
235
7164
476
9079
3272
5778
6662
9016
4214
7407
9600
9906
5023
5660
3743
9872
7454
3187
382
2962
1651
6105
7706
6136
4985
1461
9815
9110
4751
7137
2977
4986
4301
3453
4066
7573
9232
729
6590
3446
8137
6191
3353
3160
1851
7096
3033
9305
284
3415
2267
1935
9520
9974
8071
4506
1435
7886
3616
6186
5023
6594
1173
9325
48
5239
6899
9280
5969
3489
2727
4106
9681
6080
7267
1532
3177
300
837
3461
3715
3105
5397
3236
3079
3468
7742
4514
1355
1359
701
6379
7953
1874
5704
8001
7114
2604
7281
3083
6094
9
7189
5775
6089
4456
7307
9267
4757
8145
2729
8473
1250
8126
1709
4330
1594
9452
8845
2950
811
9546
9329
8765
1421
5034
6766
8536
7638
4048
1619
3733
4057
8809
9508
147
3266
6816
9415
8023
4961
2144
6497
6212
270
8207
542
1865
7659
9387
4815
8471
8933
4144
7236
355
9179
4002
8891
6817
8051
511
551
2109
9320
59
2257
2587
6875
1672
611
1837
3816
7108
8049
4087
5315
8592
5953
2975
7979
768
1446
6913
4913
8682
7269
4092
2685
6160
910
737
6671
1461
2846
5992
1521
5103
8579
8397
6775
9191
234
592
6299
8284
4680
1615
6876
633
4590
4856
1401
6036
1770
6315
4719
9039
408
7404
5199
1318
8141
1871
2780
988
7863
4302
6091
6443
2699
2867
5634
2933
3460
1934
1218
8140
3549
8094
8774
8140
2951
176
4177
4721
6491
8896
3760
6899
6301
8960
8218
4442
831
999
5430
8695
5301
1522
5139
8000
4390
774
934
7851
2708
2152
5991
6258
247
4766
4399
3198
4942
8576
7919
1433
7473
1680
8333
3774
640
6552
8217
1472
7552
3648
168
2854
5170
5307
855
9561
6081
1789
7412
8790
3942
3404
5049
4189
8170
9448
7388
3112
8024
5308
4546
5497
6988
2880
9272
7629
9432
7489
9102
6985
1137
9270
9839
6307
4578
694
5869
660
2483
3281
9450
6426
6685
4499
615
4855
3948
8004
7967
1973
3312
2514
7470
301
5394
6743
7930
4826
4232
7033
1811
5369
6303
1651
1677
882
2345
7546
1542
4829
827
992
1255
7513
5492
1870
2368
9440
9874
336
1413
3187
2850
8884
3488
8244
5627
1419
3071
9860
8452
4883
5229
4755
6535
6907
5637
8880
4453
7180
3709
5281
8172
4964
2794
3665
6835
5163
3106
6710
5500
4520
9898
8351
3405
3386
6596
9033
4805
9667
8893
3257
4551
4123
8013
1086
1030
3651
9967
5484
831
3676
765
9004
8641
3560
2670
5477
8724
5776
2188
4224
297
2087
2576
3702
5473
9172
2736
279
8840
1629
3537
3391
5753
1550
4478
6783
5202
4446
2267
6034
8122
3033
5038
6764
6594
7708
2242
5319
3485
4431
9543
3783
6518
2119
7485
1992
1292
221
2271
132
1851
5808
3524
7604
7359
8002
4388
2562
2448
6656
8596
571
9689
3635
7336
6284
1344
9579
1603
4829
4011
1147
8612
529
3267
6098
2522
4559
6320
4794
4691
8171
603
8216
5776
7963
6218
164
525
8667
6820
9122
9239
6510
2757
6576
2795
4101
6155
4399
8931
167
5546
7544
697
8814
3642
3219
3373
9963
8013
8065
8135
8616
6281
3911
6579
2500
4076
7105
1168
896
6227
408
7407
8984
6984
203
3086
3140
4602
2017
3307
148
9561
4004
8963
3204
7224
2337
3167
5238
403
1302
3854
6684
5214
434
9185
9290
7539
354
187
3767
762
7594
2752
7746
7798
5838
887
2400
7856
4194
2549
7418
8199
1512
622
5424
3849
3790
662
4252
5093
4517
937
308
4951
123
9598
2491
477
9785
6258
1239
7380
9011
8986
5178
4849
9873
7579
2705
4068
128
124
2268
1640
746
7692
5490
4537
8355
9743
9631
2872
681
9939
7823
805
9537
315
1282
9323
6574
2522
6704
5585
1509
1883
434
1383
9462
3140
5452
9590
3264
7720
1231
4011
5413
6722
8549
3768
6466
8180
6640
7147
8120
4464
7953
7658
4779
9236
6981
1353
1758
3686
6938
3268
5569
7373
4651
5031
514
103
4621
3778
7824
5853
7790
3237
2575
6340
7006
9041
4520
3647
6189
2641
8111
4143
299
2891
3379
7281
4244
5138
967
1183
8406
6536
8557
3057
1567
9071
3161
6189
2850
985
2042
640
4223
4618
6980
1229
3660
1501
4876
9850
4143
2988
3993
4442
5879
7372
1724
124
2510
2691
1307
916
9228
9864
3974
796
8936
7135
6985
1786
8120
9028
2427
2343
3646
9408
3573
7307
910
8449
7157
5053
1437
1150
9496
7317
8522
1220
7441
1033
3912
8748
1949
3140
8613
5923
3937
7549
3058
922
9336
1179
9951
1763
3522
3598
1172
7095
905
2082
5545
8062
7136
6983
9213
6632
4300
7735
7853
1741
8768
1766
490
718
4907
9104
6642
8844
6654
9700
9767
5990
880
9718
7754
4402
3317
8926
1498
4222
1009
7044
2285
8145
4027
1498
4778
8327
9234
2631
69
8003
4397
560
8721
9304
9664
5363
8148
6318
5064
7915
2309
5944
7634
64
347
951
8991
1846
5174
0
8890
7460
8145
2917
8959
2923
1245
8193
5555
1314
6197
9953
1875
4919
9257
1539
283
7406
7858
5347
5322
168
1292
2957
232
1640
3909
9223
3486
9083
9223
2376
6544
7369
5293
5503
293
6539
3696
5849
7854
9894
5802
9729
4813
5060
1269
5096
2467
9127
444
7789
9296
1736
747
9528
3377
4656
8752
6863
3740
7976
9239
284
5345
4533
5787
5639
1072
9484
1488
8926
9378
7291
8655
4191
2351
9925
9287
4818
9053
9731
2608
8349
1468
3355
7877
4845
8011
6630
1709
1752
4606
948
2036
9952
5482
7823
5591
6554
7307
7080
5481
6685
4372
4137
876
6723
4062
164
1542
3115
9896
4151
1464
1365
7506
9342
6211
5518
5972
7920
7270
579
8869
9307
531
4351
7130
6123
906
4438
3204
6387
1124
7576
524
2000
4300
4586
2165
5843
7702
2061
9994
9166
3426
7501
8509
9638
3020
4482
7558
291
5061
6427
9598
5593
779
6729
1716
1685
1167
4921
8072
2291
2498
8597
4292
6798
3184
6458
2641
886
8519
2636
53
1946
138
8562
1584
3158
3044
9143
3449
8106
5571
3048
3699
6350
9777
5416
8036
945
337
6109
3237
2835
4706
7530
9634
7890
3988
2276
8777
2507
4913
8830
4454
5051
7393
6039
8209
438
5183
1659
8544
754
4707
2244
7105
4485
7660
5142
5430
7998
1251
8668
834
5958
6198
469
3849
186
2745
2626
2694
7658
1457
7149
2710
8850
3188
919
9288
8372
2579
7833
9127
7287
77
6232
1772
7737
1375
7203
5736
2627
5871
6570
8585
2070
7039
2435
2256
9785
5062
4951
7444
6519
2100
154
5370
5289
1074
4659
3661
3653
2492
2788
941
2569
9021
2713
306
396
9917
6043
3023
5789
2613
1609
7859
9653
4044
116
9438
9106
5067
6883
5626
7167
7037
996
2456
8112
5655
6117
1766
8147
8905
2707
716
7927
5421
1023
8323
5338
7067
1347
1127
9680
2956
8986
9334
7001
9102
8773
6107
4169
5656
1733
1337
2694
2730
3793
806
8385
9911
2573
6533
8817
5281
7250
6744
702
8273
5068
6040
5340
6415
7167
5021
9371
6154
4355
6373
5257
3129
2480
9427
8785
4214
764
1480
6944
4558
2287
5330
4469
4860
1863
3287
141
9113
31
843
7387
5099
6884
2728
1515
4052
7749
887
206
2105
7260
5464
5234
9740
4891
4020
3955
5655
5500
899
214
7787
6229
4684
2648
8093
7971
2789
7206
8003
3633
4593
3103
518
7321
4618
4570
5071
5505
4777
7176
2765
241
2411
2506
5132
6432
6462
788
1932
7361
1002
9720
3591
5686
2369
1684
3658
5159
8891
1661
8792
3484
4764
9310
805
9383
3881
5877
4889
8658
3053
7655
8900
5465
162
4032
1897
6624
4821
3830
3986
5823
3551
7577
1509
5920
9262
5168
1079
8153
6829
9872
1638
1594
9183
2444
978
3064
8321
5867
1723
1374
3523
623
6840
3685
4656
8738
310
9477
2568
4296
5300
6120
1874
6810
2040
1136
1978
3120
9290
8808
2992
928
403
2175
3372
1381
5240
1693
7249
6964
3068
772
7587
9909
4458
2244
8647
4768
1721
1216
9064
7022
7336
938
3833
9377
2075
5812
2497
1366
4621
5490
2295
5024
7666
5668
6405
2906
7362
3654
9870
430
4427
7458
340
8885
9702
8988
3653
1424
204
2718
8446
7541
3657
2280
6919
5733
8092
9417
7099
2713
4907
9395
7737
2574
5063
4143
5481
2425
7798
5352
2856
2225
2810
3196
1110
2513
2184
4764
3937
2389
7483
2384
9931
1140
4664
6851
6873
2757
6268
3973
5471
1176
3368
3209
3750
8431
7352
9231
856
5150
4584
3713
7376
7394
6909
8487
9908
9094
3251
3846
1484
734
6230
1415
1875
895
8266
8748
3653
4535
2722
9124
5712
6091
2334
9463
4522
9687
8694
5379
4838
3279
9092
2214
673
6002
701
582
5097
3953
4428
6581
4687
659
7997
6562
1554
6264
5311
5208
799
8033
4333
6511
4124
6667
5974
8647
6354
4669
4027
1192
7948
3120
3407
8622
9123
4108
9204
4220
8061
3633
801
2749
4292
8798
9312
5847
5062
4623
1055
5862
2657
5388
2374
6782
2056
8349
5430
8411
3019
9457
9604
968
2578
3011
9590
1701
7120
8795
5922
5182
2429
6723
7931
6721
5522
7243
2568
585
1867
3624
6448
4525
9013
8822
1307
1069
7172
6737
9480
191
6195
9084
1160
8774
2096
751
475
9216
9546
6397
4398
1976
3121
2330
8697
8644
9574
1266
9230
1441
4890
5678
5966
3904
4501
7274
4973
1673
4012
4454
1865
207
3539
3025
8982
5635
3777
9457
4852
3324
5855
9251
5300
8977
1581
3997
7621
1155
5264
6851
2597
154
2530
8564
4058
7031
5838
9032
8705
9850
3487
571
58
7026
3597
9040
2662
7374
8498
7515
698
4354
6766
5998
3331
8348
9996
953
9503
5260
7805
2101
5415
335
665
9474
7367
6503
8507
6072
6354
1994
6644
6413
9021
241
5454
1683
7616
3952
9199
8315
8307
5965
4314
1638
4313
4310
2591
3817
9571
397
5918
4987
732
6584
4461
8099
3087
2968
4172
9442
4963
816
5856
3984
1058
1310
5668
8675
5263
4867
6990
3570
832
1304
5209
5146
5615
7801
8964
5186
8198
4882
173
8930
1466
4635
7029
4554
7604
1202
3997
2567
2019
9853
6552
3077
1163
2220
1753
6426
7087
8743
9997
7920
48
5206
3066
5663
3007
2030
850
1205
6913
1023
136
8380
5659
7166
2935
3264
8368
6932
5831
387
6786
2383
3465
7949
4603
5218
4376
1691
3962
4374
9611
4010
9580
2678
9673
2588
4709
523
3794
1623
1547
3930
3
7207
1097
2939
471
9466
9871
6302
9853
6658
8686
3319
4608
3290
8538
8984
4982
2500
3359
4593
6510
2939
7272
6183
5528
1981
6707
9322
3604
8255
3253
3607
5462
4351
6547
5933
3817
6418
2236
3671
3077
922
6990
7685
4213
5528
6670
9195
8029
29
3788
4539
2969
1061
723
8497
3042
7431
7820
6646
5686
1074
254
1148
5425
6801
7081
9243
3220
9318
2914
6297
240
9905
3983
4454
5434
653
3649
3463
682
7438
8003
3651
8499
8726
2149
1541
6158
9969
8188
1844
1044
8443
2993
6470
5244
75
5713
8465
9393
8627
4763
9633
8532
8746
4087
3966
9399
7737
7430
81
5175
5433
3733
3675
4160
5882
5217
318
5852
3405
2162
6897
1848
5156
3367
7093
5231
9080
5558
4624
7707
322
4257
6240
9068
8345
207
8467
6083
7637
8549
1259
3071
2283
4934
7231
8166
151
7550
4018
3556
9712
916
5405
4869
4283
2498
100
3363
8057
4724
1071
8379
8982
7312
7448
7328
7519
5916
3411
5157
4465
4670
8228
6749
9604
5460
4915
9755
3010
8934
3312
2723
9850
8718
7592
4133
1217
7692
7497
9275
2416
8568
7654
1398
5880
5103
8726
3400
1019
2138
8557
5484
6808
6786
2233
6413
2246
7149
6168
5256
6083
9481
7979
5933
8200
5571
66
9417
3263
7563
8692
5680
6132
6347
7078
2013
1450
5805
5413
2469
7943
3970
7954
4752
757
188
1165
3003
7337
7334
8259
3421
6816
6238
9354
5016
1810
9421
4434
5073
6985
3127
754
3118
9475
7833
5131
925
3638
544
3395
1582
4515
1350
6335
5272
1539
7500
8275
8877
4834
6535
2298
1650
2774
1653
6667
4584
1075
1101
9658
8060
4229
412
1178
3704
8245
6309
4630
1884
6854
8026
3467
1369
9376
9802
6642
916
7302
4918
9793
2137
1453
2092
3788
4227
3745
456
8811
4820
1557
8469
2881
5787
8882
4059
9491
7127
369
4121
9011
7224
2147
2479
8593
1524
2281
5236
2440
9583
154
2234
1721
1608
4326
5509
5835
8072
5965
4647
2892
7523
3117
5774
3311
1999
9834
2802
9127
203
6923
8139
7427
9071
618
6021
595
2899
1258
3035
2483
1412
5269
4205
3021
9595
9714
8857
7668
5680
3504
560
3204
6622
6335
6515
8622
6169
9318
7749
6373
6241
5888
3800
5312
6507
9822
5908
9406
1080
8943
1890
2493
4213
6095
5514
3809
5810
4371
1477
1491
7876
2038
4696
4498
8373
1212
3120
4543
530
870
916
6772
6759
4717
2085
3266
4539
7993
2673
5620
6937
4563
8114
1150
659
3629
4960
6469
8001
6437
7961
5877
8475
2657
376
6849
3869
3497
1392
4399
4367
2309
1171
1127
7026
3256
4393
1566
1250
7066
7186
8187
1630
5301
9338
2289
8930
4298
8759
6931
735
6720
2809
9211
9377
3186
6061
3247
6684
7454
7647
1052
9763
8818
2179
6789
2075
6572
8355
3326
3639
5542
1513
5269
843
852
7559
9773
5150
6318
6705
5886
3039
9515
5097
2416
2702
1159
5664
9386
8613
3311
438
8376
2130
2617
5166
4206
9190
3521
7532
2829
9063
9046
8099
9907
9898
5659
9680
5048
1977
6386
934
5016
5902
6032
7433
8604
7191
3098
7991
5804
6409
8430
4181
8539
1047
9347
2745
238
2869
277
3068
1933
9323
1168
1840
9221
6827
1521
4270
8805
7907
5204
3821
3810
1236
1255
2414
8428
4353
406
4232
763
8836
8414
9302
9884
7762
2047
122
631
2325
3191
2564
1649
4359
4404
871
1186
5925
5141
9991
3833
346
3813
7643
1583
5069
58
11
9423
464
4244
186
9300
2658
9488
9184
420
1536
9306
1051
3862
2498
3616
5511
6857
8020
6383
8044
3945
1524
8036
7778
1871
1850
5422
3454
6920
5480
3465
6343
5944
7709
6529
5244
368
6018
4428
788
7555
3735
1840
1417
6234
5456
6929
3092
3476
3312
1136
7422
4837
9173
5201
6708
1024
623
162
7944
6103
3628
4288
2048
1337
817
7293
1706
6836
1722
2494
4391
5457
4335
5808
1692
9791
2737
4784
3268
6049
5921
690
887
5094
5892
7595
6119
6515
7758
4063
2619
1386
8351
4667
2724
9169
1960
4430
6005
3682
6925
397
9140
1260
6205
833
1051
8943
5617
4319
4993
1538
5010
5880
6633
902
3475
2753
7418
1234
6817
37
2620
5169
4705
5345
4338
6666
9775
344
349
6700
741
9490
7961
6947
323
9012
5890
5941
3332
883
7479
8342
6764
4113
9245
239
6866
6663
1474
3684
6701
4094
8853
1406
9440
3191
8073
9215
3536
8422
5916
4278
7912
3877
1225
8236
2890
7116
4177
6222
8000
1657
4565
4764
5771
3811
5004
2638
474
6478
6322
7175
573
5175
8582
13
8367
6655
9228
1904
5078
5145
6182
2991
9023
7408
1227
1913
4524
5405
8136
2524
7063
2702
7288
2834
6513
2293
5472
6988
8771
1795
4164
9344
6971
2746
9357
5338
9402
8586
7243
4480
3732
3425
7471
2755
834
8699
4669
5358
4104
2806
7883
1167
5508
5172
4002
2022
7465
9475
9011
6236
1270
3175
5581
8241
5921
4939
3580
5323
3525
823
9804
7258
4249
7275
13
5084
5974
4683
443
79
7489
8326
1247
2998
3499
5249
5020
964
4724
4032
7201
5995
7207
2782
4237
3129
7722
7817
8453
1247
8641
8257
8505
2891
5533
8519
7976
1508
3202
8419
1587
692
6745
2834
3690
244
8084
8711
1209
2809
2743
8411
8804
9950
1194
3041
3079
8916
859
1533
164
9501
9790
8669
2393
5323
7189
369
6831
392
8788
8419
1084
5534
1254
4774
5779
9338
3486
6988
2147
6229
5399
952
6180
6593
3993
9260
5510
4853
793
5674
4355
584
4344
6748
5907
1533
7117
2739
1925
5906
1158
3010
1440
2413
7785
7219
1752
1271
4208
3899
7501
9608
4852
3682
6202
8846
2943
1712
3699
3736
7386
8054
4321
1730
4803
229
3264
1920
2968
5190
7827
4127
8200
9267
6540
5985
6487
8293
7257
695
2192
4758
304
7045
8441
6506
5891
1384
8219
9590
5121
5605
7645
9442
7336
2448
9671
600
4369
2639
5791
2196
6767
3991
1464
3308
9977
7951
1601
7234
8647
3794
1992
8952
839
433
5458
6730
1818
3677
6321
6939
9283
3966
6381
6620
6415
6052
7220
784
8692
3012
2980
5460
7003
4444
8768
6980
2396
370
4215
1044
4164
6208
9996
5004
6642
5454
1735
8460
9132
8056
5399
8416
2023
1780
5036
8438
7833
2257
9223
6526
5269
2203
1986
2273
6648
755
9254
9045
1126
3469
89
5290
9677
85
295
6319
5540
2030
4779
4673
86
179
3089
2110
1960
8125
549
9794
382
9772
6320
5652
1976
8307
7925
8624
9063
7179
7669
189
648
7759
5480
326
7845
5775
6645
3386
7805
1425
8060
7892
1604
1149
3
3565
9275
552
3359
9658
324
9679
5310
2300
7987
3235
925
7051
415
8595
7240
1064
6354
2721
1390
4200
8496
8036
7586
6302
9461
5646
4194
1066
6796
4198
4631
6072
4750
7991
5730
5074
7671
1041
7375
5658
4277
8300
2709
4692
6895
9950
5756
3250
2671
7147
7451
1168
5183
5037
7470
4645
684
1665
5712
7481
5863
344
3553
613
8335
9284
5688
6006
325
3063
1664
4603
1364
4374
9296
8260
4325
5052
1511
6996
2199
8962
8164
7383
4000
5634
2028
4685
7300
7740
2166
3163
8084
5720
3776
6419
5004
9465
2425
5330
2529
4090
9934
3893
8465
9230
2154
2790
4282
3665
9787
6482
2628
7952
3866
6628
3587
5894
1314
887
3634
3480
4050
1719
9201
7827
8139
4205
7292
565
9536
9821
4655
9470
3715
3121
8700
5870
5912
2983
9536
5699
9466
2164
3651
3332
8793
7238
9227
107
8125
2862
3588
2176
4581
2789
3
2720
6994
7296
3286
6531
7118
7941
6002
834
1063
4703
6704
6975
7687
6240
2675
7154
8404
6326
487
7198
3565
9714
7305
1691
2576
893
3867
7158
3682
3871
9879
677
1168
3165
7209
8286
1107
3211
9120
2170
7915
5824
9146
5602
2065
1821
2756
469
8148
3244
7667
1713
2958
4973
3404
5534
5866
7272
2693
9549
1144
2572
226
2312
5737
7436
599
6844
647
9720
9015
8563
5545
8161
4165
7610
9983
6922
8080
8131
166
5747
9844
3125
721
3249
8660
6587
522
1353
6137
1667
3925
6363
3980
9663
3799
4579
6508
4447
4300
5523
3010
9845
3685
7176
7455
3668
4099
5535
1799
4266
1283
1644
7391
2004
4894
6051
8592
5417
7404
4729
7084
1330
1093
1064
993
4893
5644
7502
9341
9944
3026
2352
9789
6711
9528
7245
380
3628
2781
2180
7894
4064
3825
5286
6069
8719
1337
4661
4136
8742
9390
1221
73
484
2285
1067
5377
7930
8569
4719
7874
1595
7071
7664
8307
6600
4910
8687
228
7691
867
8123
1756
4693
3409
7825
3412
4747
2486
7549
3490
1877
8770
3563
2361
1056
4630
7739
8986
3200
2459
6861
4795
9530
4526
3103
6130
9437
1790
6359
7128
2658
4482
8884
7351
7892
6709
764
2639
9196
8314
6129
1074
7084
9693
3436
8141
4324
1175
7128
7524
3634
3990
2320
3165
8517
5424
9295
7954
7214
5654
5083
9873
137
3968
7225
8029
678
7990
668
9874
6304
6798
948
3389
6492
4384
1530
816
5560
8659
8341
9195
2649
662
2361
1166
6086
1656
9121
3301
7311
4204
3175
7448
8172
400
5477
8850
8391
6146
8725
4696
2945
9674
8085
9437
4058
9616
254
9619
8275
8596
8815
925
9258
1176
2092
5344
2833
1213
8646
144
5417
1821
7593
3590
2222
3071
2441
613
9218
1166
5309
2163
840
3395
1601
4899
3011
1856
4518
1287
452
3334
2213
9710
4510
4305
5055
7344
5518
3701
7489
936
5523
5082
4526
7745
8153
6968
8358
7371
8134
3668
9535
8974
7063
1136
3873
75
2993
8392
1363
3445
1727
3576
3156
6238
7881
8212
3582
3400
1914
1071
4337
7437
6153
8864
5182
4307
5832
3541
1679
3966
7209
1214
2941
4273
2351
6815
4349
5344
5207
5712
8790
6935
9288
1947
3173
7170
159
6755
571
2073
7826
4908
9511
3980
3772
4693
8288
9604
8235
9967
3571
5445
1182
6512
9718
3533
3327
4068
8878
8535
9780
7668
5470
9069
9615
8643
6240
9775
5399
6811
1849
3226
1719
1360
7207
5492
6054
5495
5097
4289
5462
8668
9734
6645
5180
9453
179
8508
3521
9057
7044
3302
6726
2514
2372
6342
1158
8612
6117
6557
5423
7966
9784
7143
9327
6991
2635
5381
2486
7732
9670
7949
6401
9404
4594
1582
8858
4773
90
2380
3831
7134
5682
557
9649
8054
6900
807
6667
3017
7365
2091
984
7150
9234
311
4141
1870
5692
6628
9603
5363
4577
6004
4768
9172
7586
3626
3946
7677
6006
7778
4811
1689
8336
4460
9744
5236
5268
6411
8254
2634
8502
9238
9784
7737
9550
3925
9607
5242
554
9211
605
5131
5215
5373
4304
2802
9000
8251
479
5007
6029
5291
6696
4366
9752
6441
9602
5020
2853
7856
7655
1355
7094
7439
9093
6644
1365
8701
1887
1919
7912
2493
7051
3128
7867
1356
5930
6867
9608
6410
1875
5637
1701
8571
3
1453
5013
9606
6474
7866
7462
4129
9222
4557
1569
8315
1202
2934
7016
3090
4854
4928
5583
1905
8056
3451
3262
3987
318
2870
397
2193
8508
2099
765
8512
3553
5779
8118
27
3645
5580
4157
2867
138
5726
1183
1340
8661
8200
4431
3515
3128
14
5421
1185
3465
8683
5173
3784
1554
5571
5978
62
7670
6744
8574
1223
2523
6692
1251
6169
2273
5409
9037
2412
1136
220
3752
9797
8420
8184
3313
1549
8198
8735
2735
1664
7419
7908
5449
8973
3479
1428
9035
1149
8172
7609
2373
695
4302
3625
6864
6575
9034
5901
8987
170
6122
2740
9968
4543
925
3282
6092
9124
2018
8827
788
9438
6736
6238
8411
215
7666
7447
1365
5838
5057
3739
6534
9359
7364
3399
5935
6399
9301
4923
6570
5424
7664
6539
9967
8589
9821
6059
7713
1840
4887
8502
1278
1623
4741
9690
1839
2407
7137
3205
8246
2194
6944
4781
1554
4309
8181
7490
708
7482
2413
7278
2907
78
3817
2874
8667
3639
8934
6381
5480
3822
4884
6758
5446
9625
6448
7285
2032
3586
490
279
5781
7434
5060
7335
1743
3241
4825
2452
724
7239
9731
3631
7317
3549
6506
5985
7188
5440
2367
2669
9262
7251
9428
4709
6876
5876
1994
8909
9463
2485
9189
5244
9920
4249
2579
1664
7491
7405
4116
8215
4644
3847
1847
1962
7396
8353
7948
4585
3794
315
7255
3057
7567
6683
7766
4444
2559
9761
3354
2023
2246
2543
7267
2166
6793
9847
3831
4284
7252
7947
2500
1897
1795
4348
3860
9192
2702
1808
3778
6496
2124
1033
9554
9691
7716
7321
4136
276
7082
7490
2299
9329
34
9566
1495
6827
9413
5327
1111
6666
3274
3612
8563
5070
7960
2423
4262
662
4232
8040
7159
6356
9073
6714
6048
6790
4035
184
7066
1117
7675
9365
446
7709
8931
1942
4536
8345
7269
5648
5012
544
9261
3575
5615
7221
5999
9877
7884
232
7918
5044
6589
6992
1758
2637
3782
5794
2822
848
6911
497
214
7358
8207
9146
9301
2744
7491
6571
8392
2503
7115
7653
6079
2731
4875
2079
2609
2760
2312
527
7805
8901
7520
9564
1538
1303
5358
4361
2151
2270
4859
2365
9629
3066
1512
8930
5810
9003
5501
4203
1507
2617
1857
7587
5348
6733
9667
7957
9494
1979
8485
7299
880
6006
6864
2418
7309
2223
6780
9460
4493
1639
1826
4123
4705
3338
3054
516
2342
8556
4719
3850
1173
6577
1437
6522
3310
1104
4480
2804
3084
2966
104
3964
8972
6968
6383
6281
9192
3163
5742
3686
4802
7569
7809
9508
908
863
24
3250
9419
4744
7101
593
1321
8539
7116
4632
9644
1597
7436
2728
4563
7541
6692
3536
4510
3075
9818
3702
6239
5560
7388
1041
3130
5198
550
4038
6062
575
7289
5481
5319
4391
6075
6641
2930
3191
1273
2574
4789
8710
5302
9353
6252
1995
2889
762
5070
2708
4465
1309
8269
1854
2351
1399
7052
2901
5438
3115
3477
2727
8596
8796
7118
4672
5438
49
7863
6711
2623
2653
5422
7926
2006
1674
9921
4896
2437
4992
7604
6903
6301
5873
8757
8653
7273
5810
1555
2711
8925
5032
5439
7522
3829
2558
2194
9267
2607
58
5979
5231
2711
1401
3157
4718
3076
3078
9614
5514
8071
7218
2417
4372
3092
1174
3026
365
6985
4582
3077
5910
9614
8516
3433
3444
1075
5628
2711
3682
5686
8690
8914
8398
92
2071
3116
3168
5150
2731
8682
3221
9949
1099
7594
3042
2274
621
3408
9259
5203
6485
5170
4818
5002
8604
8262
6077
4232
973
9760
9918
9664
8674
8317
9756
746
1433
2925
5897
4164
1608
9119
4114
2708
6714
7157
4982
7335
565
4242
2539
7051
9413
7357
2054
8017
5620
8131
2249
6594
7892
2168
6258
6567
485
6015
7314
1919
8941
3211
6084
549
2331
199
3257
9045
7356
8240
6380
7922
2483
8919
4973
1896
6277
7028
9914
1897
5160
2164
8491
3052
4332
4749
9620
4818
765
6934
6738
9706
146
2822
255
2477
3022
3513
1522
378
1754
7903
8301
4237
6822
3274
6133
3099
302
6048
4997
5462
8212
3488
8515
2545
8238
8136
7363
9003
5070
4102
8709
5217
6925
8965
7694
9947
2479
9217
326
4233
7120
8627
8470
3943
1902
4604
7043
2204
652
2040
7667
8864
5528
6183
1409
3766
4319
8773
2770
9390
2876
1480
4607
9801
446
2302
9748
2925
1519
75
7158
8640
8702
5629
2584
604
233
9627
2809
886
1667
477
9751
7196
6660
1161
962
980
9934
3733
370
2811
5213
4978
2612
5659
7280
2361
8584
8800
2436
5743
7441
1139
1373
25
1743
1607
9652
4552
2493
1320
5029
2244
8516
1690
3405
9479
2670
3340
3212
3041
6151
8425
8019
8764
4084
5299
1126
2669
4100
3562
8413
1541
4701
9786
1566
6445
1393
1219
997
3886
2539
6027
6131
1055
7717
9537
534
388
2878
3746
3429
9030
2172
1448
7795
6256
6748
8921
8926
848
2484
7339
2390
7185
7125
3956
3631
8518
5175
4628
2405
7715
656
8537
8770
8374
8075
9304
8762
953
3051
2192
9984
5223
3640
7779
1480
389
6700
406
1237
9184
7745
3628
6370
4870
7584
1
3389
2760
4630
5795
475
5287
4332
9246
3661
2408
8551
2424
3361
1602
4616
3346
6826
8257
1125
8306
8646
7826
8712
9884
7010
6457
3512
3381
1328
1097
3383
4718
3857
8014
513
4333
3301
4846
3580
6962
7254
2131
9387
616
3733
4003
3962
559
2260
5088
8866
907
2914
7578
791
9925
4036
4303
3306
5365
5400
6689
83
9258
4704
596
3592
8005
5443
7172
4968
2697
9303
4355
3314
3037
8359
7276
3597
619
2365
2463
1527
5279
42
2318
5204
4078
6621
8511
9443
2022
5201
9527
1281
9905
124
4873
7910
5567
2045
2879
8265
1349
7234
1579
4387
5593
8856
7984
6213
1221
448
7740
6501
490
59
1706
4569
6681
217
4013
8703
5419
3540
9985
5324
3664
4858
3235
9232
6904
6114
7497
8254
3349
9077
2641
8943
7933
626
5157
9155
1074
2898
5656
1565
2957
7362
6134
9639
7580
148
8343
2999
3688
8328
8324
7353
3186
1560
6585
91
7675
4083
8345
1024
3160
986
9968
1094
1612
5125
249
2687
8024
5906
4253
982
3268
387
621
849
536
8964
3848
4224
7292
2173
1577
479
3733
8163
570
1408
2246
8915
2433
5406
9902
2402
6501
1514
7528
6750
4202
5552
2656
8455
6534
5925
8843
7155
6774
9379
6120
623
3604
3412
2797
5181
3891
6530
3345
4461
7939
5591
3377
372
998
3279
2774
7499
4794
302
4250
8996
5855
6907
7452
2389
2832
6295
9545
9607
5675
5665
231
9279
9078
3028
4461
2970
9559
7806
7431
7498
3398
809
7870
4396
4088
645
1896
8882
948
6146
7878
6803
3053
5330
9193
5886
1626
8739
5494
7301
4405
5725
6581
3483
8754
1042
6453
8313
8849
3885
5811
2247
4694
3682
6644
8782
4327
8540
7665
5276
4687
5543
2079
7741
874
1273
3627
2501
12
9122
9803
4417
4847
6384
7901
3601
7426
4354
1914
6275
8240
7726
8523
2934
1408
5167
1717
5736
3708
9382
1012
8395
4926
3092
6136
5801
4365
9764
8302
4378
8886
8106
8796
3734
4490
6697
7336
1917
1051
9251
8193
9291
6977
6716
2226
8385
1883
3944
4121
5591
3326
5134
3987
8253
8226
124
4054
2592
9889
2357
6971
8775
464
5767
2510
4954
2464
9846
6871
3516
9097
5065
2808
6075
1781
5035
4461
3664
8979
8582
9256
2306
3717
3243
559
1944
3368
4614
4537
3257
6972
1508
2033
7436
7276
4543
2390
9740
4390
9262
3257
3488
4327
6066
9563
6108
1101
4024
9773
80
2607
9030
2386
6324
2274
2946
8269
5642
7560
2806
8899
4532
4315
932
1969
1591
5476
4359
1332
9866
3622
4589
3354
7950
656
2918
4059
1757
6942
3833
1838
9550
2863
4225
5875
5137
7171
4144
779
4732
6951
9679
9265
1266
612
1234
2857
6088
5594
4190
5955
9216
8780
9309
7167
9436
2228
1226
1193
9170
5059
3032
8720
7922
7257
4595
3060
4428
8740
3839
9161
5691
3519
8426
6957
4131
9660
9815
219
5254
4005
6174
4471
2786
5484
1638
2222
7712
2864
3416
6883
7924
6448
5604
5846
3705
200
8907
8134
8940
2747
7296
4631
6266
5722
1589
397
5383
1404
617
638
5410
6792
5109
8196
2277
6748
418
9990
9612
3835
6874
7537
283
2478
3384
3989
2678
2291
2124
1619
5038
9421
6250
1304
5144
7839
1702
527
9244
2320
1165
4654
9113
6275
2851
1391
3023
3270
1381
2636
7105
8255
173
7389
734
3557
1379
3412
5848
3504
5032
887
2926
1282
2192
8070
9122
3894
8597
8367
6215
9763
3022
5329
6038
5873
6720
9061
9144
8102
1698
6249
6357
1871
3639
7092
5428
5019
505
1277
8524
5537
2164
1450
6820
4356
9520
5942
8251
8117
4310
4467
7880
7332
9796
3919
3206
6516
2981
2350
4618
4679
8599
976
6550
2239
8068
1979
7258
8574
3257
5783
4111
5422
7233
931
9779
6753
6874
8031
4871
1184
2498
2751
8516
2294
6671
1722
8811
9652
4072
3430
4331
2672
4407
882
4912
2476
2861
2171
1050
6119
7954
5161
1541
5187
6093
1320
1940
2967
9351
6811
4151
1850
9563
2668
4145
6234
4391
2957
5887
8463
6387
218
1136
795
1101
6048
3271
3962
8220
4322
82
6174
9483
1623
1361
5577
2944
3302
8544
2296
114
2696
4146
9677
5364
8291
5912
9756
1248
1800
8220
7636
2018
9356
8431
3120
5405
1703
7082
3625
6025
7164
9800
5509
8788
1161
1086
1732
4463
9631
4028
4578
2327
8175
4255
7692
6467
168
7448
7715
1968
5668
5352
3987
5025
3784
7107
431
5487
4190
4057
1513
1355
3857
7022
143
5019
8109
1876
9483
7740
5905
4061
68
4080
8316
7761
547
8485
5209
8263
453
878
3616
4441
5904
7400
1549
6335
2887
5739
393
4401
7094
4250
1423
7238
9269
9532
9114
8752
7273
5020
2813
7341
9100
1130
5102
9648
9615
312
7912
69
1191
1528
4511
7096
8928
6060
3432
1816
1799
3825
6217
8894
8075
7641
6133
7345
7174
5248
6097
4447
268
8911
1789
9369
42
6892
9017
9657
7205
6929
9727
8397
8458
4238
5493
7386
299
8925
9203
2099
2750
5421
993
826
3062
7126
8172
236
2374
4269
4684
2643
3181
6474
2012
3223
3366
1029
2881
572
7959
2609
8969
6417
6848
4462
3804
7147
3388
3007
9246
6139
8429
240
6965
1491
7366
5137
1728
9741
9407
6413
2385
2589
2887
4397
5812
6254
5427
8694
6826
3386
1303
5795
9804
8152
258
3608
5299
3646
6616
4545
9785
5046
4785
6750
6537
2152
1888
8266
1894
1296
4680
4279
3885
7567
8677
9698
3821
4104
8392
647
7491
9696
6443
7295
7848
6701
904
3148
347
7521
7693
133
2567
2479
6884
9105
4632
8772
7372
6526
68
2052
806
3954
9620
9484
3652
3441
3588
2045
4089
1080
1742
533
8375
9591
7234
9280
2739
7582
6802
433
7715
9370
2913
4600
8475
7545
3372
5848
4072
3441
7900
4878
7396
7520
4363
1048
962
7951
3094
5052
9031
4837
5585
7407
4428
2820
6688
7168
403
3490
7601
8119
2861
514
2719
1336
8059
6092
7185
2132
9534
5086
7011
6930
2606
1374
7979
3569
9325
1073
8622
8357
5911
4207
5765
339
7028
2453
7507
7431
5944
5109
5551
8805
5624
8270
142
3683
4362
7328
5816
3896
2414
2827
826
5021
4201
8806
8590
3527
9879
7212
1884
5790
1420
7650
6130
8448
104
3638
5880
6048
8747
1431
4854
4371
9702
4997
8055
4064
2326
3871
7961
4740
6699
8788
9761
900
7594
8352
4427
7474
5564
6312
3265
6985
3963
9395
5433
4067
3033
1314
116
1781
2745
4971
6153
2447
9968
4209
6512
2294
8081
4474
7035
4780
3262
6796
5680
856
5148
108
8331
713
6421
1596
7698
384
991
3132
4451
4025
4446
4567
5807
7192
9538
1960
9640
9507
6170
6152
1802
4251
626
8837
9031
3888
5634
4712
4745
783
4820
3076
1496
1242
4672
9194
1626
5664
2326
6078
9690
6773
645
5497
3965
184
7458
3605
9692
3628
9757
1495
7879
384
332
6911
4273
5967
1623
9019
6750
6444
2096
8246
7686
6769
7441
9313
2433
9768
5391
2124
6541
6037
7621
506
6222
5080
4112
5915
8708
3870
7410
6588
4254
7742
3499
8528
3710
5123
7547
460
1567
9643
8707
9254
6412
6149
8568
8846
5917
3959
970
2459
9997
8592
2965
6220
3672
7078
2135
2380
948
9545
8969
5203
7288
2468
3731
998
7591
1278
1459
9159
922
167
8413
7335
6316
6981
6182
2233
941
7152
4692
939
5745
7658
7160
9417
4737
9295
1798
5685
8841
767
888
6129
3236
4619
7128
828
5898
8587
9987
6821
8754
8401
4157
5071
5383
339
7304
6325
7492
1997
7264
3237
9656
4425
2655
4393
3720
4453
78
2562
5221
967
8691
8458
5587
5820
9286
1486
4408
9274
8307
3163
7675
2464
8234
3058
2804
5538
9384
296
7536
6649
3533
7192
1074
6189
1586
4795
642
1665
7357
5864
2632
6049
4322
8220
1869
3609
9706
6278
2883
8014
9441
559
479
7675
3618
3283
3214
3002
3579
750
9651
7113
7943
725
3302
9529
5520
3945
1195
2878
9810
3827
8927
4133
2048
797
7742
1754
7075
626
9769
6517
1185
248
4192
4803
3531
7406
7806
7111
8156
7457
4225
6100
8183
7527
5630
3704
1473
6825
6582
1283
652
5510
5416
2701
6308
3159
4455
3384
3785
4224
9901
4971
4473
4093
9775
8004
1499
7581
5116
9656
5039
9341
5756
3222
6868
1386
6926
8342
8211
3508
9625
8864
9019
5041
1565
5327
8200
6021
8711
1986
246
8612
6958
4719
2705
6733
2723
4205
4315
7840
3861
9354
7181
9617
2577
4050
1004
9503
2392
9216
3012
2017
8080
2031
7059
9646
7358
5260
5667
6069
7247
5913
4682
4205
633
7387
938
3357
1593
5253
1197
5454
4608
8379
5072
7185
2429
6076
6688
4822
5293
9701
6840
3373
1732
3899
3020
9091
9160
8688
5161
6407
4602
9843
612
5235
7231
1551
8592
8824
6805
9789
4279
1413
8168
9351
8598
598
5428
5287
5420
721
4988
2260
4095
6721
6160
7115
5813
5320
5803
974
1728
406
818
2340
5641
8050
3891
4233
6875
696
4023
1154
2110
2192
506
709
2790
5934
5996
8211
6656
985
472
752
7707
6632
7868
3520
1953
3672
4495
3681
4078
5313
6021
9719
3364
9913
3953
239
610
7976
1393
2720
169
1899
3430
2960
7834
9427
1171
4491
412
1643
5243
8120
8276
3111
1641
229
6783
6136
3910
861
1450
9932
581
4814
9846
4534
5053
457
2511
6447
3178
2680
8346
6608
5640
6180
6035
6811
672
6448
8455
5915
4568
6731
9027
6209
6961
5810
2346
872
6672
3796
805
7254
8611
652
1788
3664
1109
4299
111
4287
6979
8458
896
2619
4639
6931
9431
5311
3379
7887
1227
7948
4619
254
4158
1580
6065
6504
2453
2737
301
3258
9991
8912
3910
1780
2577
5020
6079
2689
9308
3059
1147
204
5679
5786
7135
5110
1098
515
2998
2325
8464
7617
2579
2622
9197
8644
9127
1651
1382
9428
4909
1374
8341
8820
3154
918
3840
9234
3607
3149
2293
4755
3353
7973
542
489
3084
1640
1005
6082
3966
9469
3699
6545
2092
2897
5190
1220
4548
6573
649
9458
7947
8990
8278
1102
9909
2119
337
3516
5269
2631
8271
8622
604
8813
9111
3688
454
116
9770
4420
9586
3469
966
1679
6367
6157
2900
915
2730
3549
373
678
2540
8652
1780
2449
772
2117
5966
6041
4748
4238
4664
5353
3052
3775
9041
3506
3892
8812
7927
3479
2281
8893
5159
8648
5051
8059
9564
7781
1609
9938
8459
4149
8590
240
6599
9363
2357
2565
5405
7106
6804
69
2460
9856
3844
1501
3363
7737
313
1291
1216
2595
185
6376
1244
5236
4435
809
3017
6045
747
1476
194
9338
1717
6794
8701
4075
9360
4106
1181
6164
4175
3642
6021
8020
5143
9384
5758
5457
675
6975
8053
860
3351
9298
6096
7787
107
9114
3832
854
591
4026
192
2308
821
8894
6383
181
3001
7565
6345
7177
1207
2367
5197
6351
1751
956
1808
2427
7931
9862
3288
1282
9160
9385
9069
9268
8499
2901
122
9090
6928
315
1399
7749
9210
7782
7931
2211
5347
4277
9388
6554
6644
4586
2906
8395
5542
4715
823
3473
4577
4111
4756
3738
3497
3826
3006
1996
6727
3128
1087
3656
3444
2486
1406
2654
268
9337
4866
5616
3614
4254
2171
258
8841
5077
8654
4383
9792
9478
7857
4369
3590
2614
8107
7087
6440
1114
9083
3168
4242
171
6824
7687
2657
8231
342
2926
7569
5208
8542
1183
9463
713
1442
8304
5791
97
2688
5583
9576
546
9953
3166
3160
8061
253
9600
9175
9337
2768
3418
9508
9593
1106
2165
7824
1448
5092
5393
6657
3634
6577
6120
4348
8020
4425
139
8118
7113
5723
7694
7659
5677
861
820
3738
1114
420
2914
451
3189
6332
9959
2782
7438
2125
607
8887
7217
6001
5544
852
2579
1664
5200
600
6090
5340
8719
3203
1063
6413
863
6740
7274
1683
479
8389
2103
3393
8840
5293
9726
8800
8075
7165
926
8683
6052
8144
4685
1597
8996
7264
3262
4197
7865
9352
9537
6584
2555
601
2998
3419
7342
272
5102
7822
8662
7206
1215
7503
2499
942
6304
575
8108
7230
9258
4160
5374
3944
5758
4371
1208
9020
8568
9073
8372
8106
5657
928
8708
8656
4347
6050
8929
9449
3872
7591
6655
5088
5094
9155
6031
1398
9730
4139
8629
8989
8300
4004
2933
4058
8375
4142
3078
6944
3216
1450
5051
8873
2379
3759
7530
6726
9810
6459
6175
3682
4050
2831
8771
9145
1986
4802
543
1716
8942
9173
706
7242
3177
3639
1300
1553
7781
4378
8498
997
5829
3549
9871
8208
7309
7401
4934
7119
3860
1110
802
7911
3942
9574
7056
5928
4376
7600
7645
3318
6773
8351
560
9951
1991
1861
1504
9772
6239
3
770
2069
3553
642
278
862
8043
5213
7982
1904
6324
8784
9815
266
8358
6871
6195
2735
4471
3841
6054
1244
2193
6615
1196
4184
8476
2701
3957
4716
2704
4727
6786
6258
5370
7064
7121
3413
2277
5103
5318
8601
3888
5133
8868
2247
2004
5063
4983
6476
8904
1037
7721
1098
7653
8917
5282
6130
1618
9240
847
4323
3968
7633
581
9338
4698
7702
2751
6975
2806
8069
5577
6694
3203
4446
8941
5207
9509
3925
1684
8414
4963
9405
9513
2616
8322
4795
8746
9941
4035
9593
4265
8003
7227
4846
7341
1925
2549
93
8901
5355
8163
4479
2050
1366
8925
991
6574
8435
4917
8258
6850
9880
7664
6363
2496
5987
1158
1243
5928
5194
837
193
3198
8064
5040
540
9990
7590
633
8891
2945
8797
3370
4995
163
2295
5987
6738
731
904
4997
7581
784
2661
3944
3281
8648
5103
4525
4577
297
5362
4771
3496
3427
9812
4036
3417
7402
4670
2308
347
3468
5678
5343
3632
7974
1330
370
8705
2235
5367
6287
3020
8029
231
6302
6678
5334
827
1255
5632
6189
6026
9129
9616
5839
3166
3033
3241
7836
5342
3588
1304
1021
8932
4937
8995
262
5307
7701
2498
675
3988
5518
8705
4220
1820
5383
9555
2647
6638
5188
8837
2665
4317
8453
8504
7483
1487
1745
5320
6829
5334
6625
7850
4266
1562
6846
4529
6870
4548
7027
7545
8537
2546
6251
2757
4367
1634
2313
7015
8272
7501
5852
938
1818
4306
9442
9302
5794
1188
4622
2623
6522
1247
474
789
2810
7320
5318
9680
1869
2346
7226
406
4892
3477
3164
9260
5111
5477
6275
3384
2978
2128
4322
4796
6434
3764
4098
2228
4953
8721
4852
1475
9968
5327
2265
2778
2647
7584
2459
4517
9930
9685
4923
4823
3162
8087
4083
8274
3564
359
1658
6543
2487
5980
1340
8922
9745
5438
1151
4698
4160
6003
6174
4128
1330
8439
6907
3978
6023
9367
8495
5954
9052
3419
777
2215
1506
4861
489
5071
5220
2147
1615
7707
8128
2955
6629
7873
8394
7780
2572
2554
3784
8746
6683
5115
7186
3591
9093
3210
2958
7589
9165
2010
1008
9943
4225
2515
4804
4715
7587
24
6863
9202
7732
4991
2157
4362
2865
551
2143
5437
3105
5927
4184
9789
1042
1371
3380
136
4582
6338
7725
3747
8348
8734
3690
2574
1249
8495
7290
8836
8520
4153
8039
6252
9144
196
615
2009
748
2758
7447
3854
8685
1631
3643
9728
3003
7023
9864
7585
3361
7589
1333
1710
6323
5023
4285
7573
3519
1575
6410
2039
5729
4449
8292
4873
4646
8907
6883
5394
1665
4331
9249
350
5962
2892
79
8966
9916
9943
6551
3278
7533
7884
4988
3857
2908
9274
1430
6427
850
7841
8467
6579
2290
6759
1453
6936
5666
8337
2331
7331
2668
1580
7682
8631
4473
7761
7597
4389
7704
4148
7668
5238
2033
2657
9095
4942
1931
526
1370
2782
8367
9837
9361
657
6596
815
7594
2262
9152
9926
9594
1820
1507
7276
451
5980
5037
8048
370
2742
2197
8038
7980
4231
695
7075
9173
2627
7602
543
5409
5969
381
4771
6626
6977
5586
4221
9240
4738
4147
8834
6559
5654
6111
7010
1635
1148
5059
2006
3891
7257
44
1871
1488
740
8947
662
3368
6549
1206
8778
2518
1587
3549
9145
8564
9136
3367
7805
3874
7514
6639
434
3169
2750
7445
4804
3899
2504
6810
7790
9762
6855
9662
1251
7596
8610
1914
965
5159
3120
9743
7678
4707
3293
6824
3272
2429
191
1078
6304
7706
7718
6738
875
469
4183
5680
4368
6688
2491
2159
6450
9347
1822
7702
6943
432
9616
7909
5592
2737
7652
3270
7445
945
95
717
3375
286
1795
9679
7992
9514
6417
8867
9983
601
4548
4351
7289
7039
6511
3740
6386
8333
1443
3330
8766
1060
1240
4358
3797
8892
7629
1242
9838
7724
1960
3214
8011
3756
2893
6003
3270
9311
4871
3253
9913
9420
7605
7203
6459
4116
943
2846
2450
2387
6177
1216
3447
7417
5575
7244
6310
3205
8487
6149
929
447
9363
8941
4203
2257
4945
7473
1569
9817
726
1482
9237
8331
8685
5697
2448
9629
8544
4898
2016
4721
6115
5463
2139
1691
2708
8450
4896
1195
4599
5825
1642
3963
4767
5846
6220
9712
3319
7789
9529
4046
9271
8766
2378
7956
4464
4826
7586
3008
9725
9602
7729
5841
5066
9869
7532
7775
8319
2428
8970
2919
8254
613
6882
3021
6459
3103
2734
9779
892
2263
3826
164
1030
6204
8121
5494
1031
5707
8503
757
5310
6232
6598
376
6102
4131
8151
4422
6560
7122
7341
4814
7736
4224
7836
4196
7327
571
3976
8220
2835
7802
8384
3865
4006
6505
9360
5038
2213
7863
5796
7523
4096
2394
7900
199
6526
6051
4621
3086
3174
1963
7901
911
6187
5738
5107
3515
6309
9083
1735
9144
6885
119
3010
892
6625
2371
5931
8838
234
1727
6362
4331
4122
4262
4530
648
314
9151
3735
3488
1114
1637
4399
7302
7375
9507
817
3685
8590
2552
2830
5476
2672
5840
6369
9297
8211
2301
8136
8446
4028
4498
2777
8151
8761
7308
8800
9075
6459
2535
2564
7574
4173
6963
4877
1548
6471
5694
5234
5061
8247
8064
538
919
3905
6908
217
2117
9209
8354
563
3238
2853
3341
1389
1614
649
189
689
7109
2725
3253
4684
6898
217
9562
8447
6688
5256
3682
1750
3504
1746
2289
4423
5652
9197
4641
7769
8407
2995
8333
1645
5848
1674
3035
7462
2324
3225
8152
9434
5950
1405
4119
2849
1623
3681
1297
8312
8937
4979
62
2442
6726
2351
6866
2378
1549
1507
148
9957
4503
8481
1602
351
156
4638
7814
2480
7863
5966
1914
3813
7372
6034
6663
8996
9715
7960
7308
8653
2940
7370
1095
9666
9722
7961
2045
1272
9468
2193
1229
3972
674
2831
4323
830
7470
2137
3311
5333
8104
5226
9147
5477
1260
5810
4473
975
3771
1781
9628
6711
9152
723
6378
8874
8685
8423
146
8154
616
1376
2126
1290
4208
6449
2121
1678
8587
5432
7011
6692
659
6158
2169
1919
1969
6643
2894
5740
8424
2523
2451
7576
3246
8829
6451
1932
7252
6598
86
7869
7974
2212
9160
2182
8662
1281
3860
7250
6714
871
3942
7373
7029
6112
9293
8998
2755
2187
4739
1179
4711
7191
8756
7958
6020
5207
9890
3273
1805
9976
1143
9779
2188
303
1961
851
1585
5822
8101
8300
6693
2043
5674
3723
8156
4967
2722
911
7155
7461
2091
1866
4652
847
9824
673
6055
9715
3947
7861
9691
5090
7640
1880
5394
9602
2731
6980
5424
832
5281
2118
2876
955
5841
1032
5923
8564
1944
3078
6025
4035
4945
678
4883
4770
1352
939
4485
5300
8800
4177
391
6441
6057
5785
6043
8788
2766
1468
9621
8047
3586
2497
9002
9428
3530
4925
7992
5474
8004
4018
9510
2950
4696
4394
7721
6049
5333
2207
1349
4133
6384
1740
574
2442
7526
6618
1230
292
8087
852
8339
1674
3350
7342
1102
6880
2267
9094
2355
272
3113
1865
3223
7809
6260
944
3859
1593
3151
5208
5727
9536
6948
6301
1978
4474
2920
3209
4767
1008
4061
3106
2682
7412
448
3784
4293
2716
2879
6648
2989
5992
8514
6212
3802
4774
7157
7661
6367
309
2870
2094
9845
9819
8396
1824
4294
1317
5033
9061
2325
9095
2167
5007
6507
2616
8792
800
5332
1671
7449
8322
7664
5963
4534
1466
738
1692
9128
7105
2001
1999
9200
1847
1818
7597
3671
6112
8914
8704
5173
1240
7800
7341
6247
4307
9957
5040
5108
5290
6711
2557
3612
4376
8521
8147
5842
9259
9839
4971
6365
1841
6970
5566
3688
8789
3163
7360
4901
2078
6065
74
3319
3865
7415
9567
8173
7373
4607
3282
2663
1318
5840
6276
5695
4361
4423
1537
3621
4263
6509
9986
6105
3480
5552
9794
2269
8716
7154
7170
795
3220
7245
4114
7085
4661
3681
5259
2034
8288
8541
4698
9607
4381
975
5302
8743
5399
6840
2364
9662
3350
2351
5768
6830
7904
5562
9100
6621
2717
6271
7416
5937
3516
1531
3023
8178
5212
8282
213
3501
6824
4912
3109
1206
5887
8412
9949
1286
5252
2314
949
8603
4665
6717
5434
2569
2280
4534
9190
4998
805
6607
935
4322
8138
3959
2501
3351
2242
2714
6852
9066
7626
9962
272
3513
8374
222
4799
3627
2536
5748
2230
7201
2465
7665
9771
4746
2199
8961
9744
3005
5569
680
7328
3707
4639
9829
7058
6881
2543
3911
5948
170
3873
6220
3683
2248
6443
8482
5875
8979
4231
8106
6180
6697
5771
5951
1443
7970
4913
1188
976
482
1868
8304
4190
6507
8134
1249
3389
678
5160
9337
848
9034
5558
4531
1282
2001
3014
7158
980
7246
5264
7161
3943
1035
3113
5387
9005
8026
6575
9982
8509
8443
8287
2700
4951
6421
3949
8340
7099
9110
7678
7948
8145
3236
2479
9427
5238
5494
6585
6219
2740
1849
3380
6684
2885
6493
2071
1890
4520
8647
1873
3030
7091
160
5731
2043
6582
9680
383
3682
8791
8062
1630
6936
1299
4110
6364
6537
9604
2950
2756
2345
4800
6137
9029
7685
2631
1101
9576
7152
9749
1449
182
6840
1610
5913
8883
8192
5594
9267
1875
4385
7330
3505
1321
8629
7616
7686
5167
7221
636
7924
9566
5436
4061
8596
3121
6692
9697
2697
3844
9447
4146
4027
6287
5757
9941
5171
3949
5535
4439
5825
9921
1769
9331
1243
398
6947
8929
5566
4168
9565
3490
3734
5002
7551
2330
8123
4244
2028
820
8089
1475
4967
2116
7763
724
2058
2934
4674
7594
7374
499
7515
9143
9830
8759
9542
6778
7689
5108
946
7255
8598
4681
2257
6150
7012
380
394
9041
1201
8483
516
6168
600
8280
6893
2658
1215
1568
252
8589
2067
7768
7733
1898
6527
7275
8677
4216
2384
9623
1471
983
4305
3729
7133
1317
4109
7528
358
5311
6012
875
1479
6612
9155
8373
9270
371
9941
9523
8960
2009
7291
6693
3908
3819
3969
2585
8036
6354
2209
9508
7337
6514
3237
4471
7831
7346
1999
8190
2657
8011
9065
4137
4624
8221
2511
3894
8592
2453
3418
7553
4462
709
4246
8370
4529
8216
956
2565
4570
3165
2073
1908
9679
5311
6379
7511
2658
8379
5702
5316
6391
4767
9454
1015
2989
1965
4909
1581
4418
8328
9135
8881
9038
3382
7252
3567
1598
8208
6133
6169
1373
8207
8078
1053
3518
4457
8565
6176
2837
4267
1492
9228
9034
946
243
2024
2911
5153
3606
7330
3481
2741
6211
2519
6123
3463
6086
7722
1671
2220
3891
3045
427
1970
4099
3945
6427
2664
121
9265
6931
1614
8493
5966
2560
8736
7990
5472
3890
1596
2803
7371
4338
9014
9891
461
2478
5977
8183
4150
8198
2075
7196
8625
4045
1295
2570
473
3959
2692
9738
890
4306
8232
6857
6867
6969
4847
2340
859
6444
5143
8230
783
4157
8122
1244
6636
4099
9428
786
2298
1504
7982
923
5550
9277
3494
6023
3237
6186
5762
4128
493
3994
985
7361
963
5833
9701
1823
2278
4844
54
3061
9002
8176
4306
5638
2276
3734
6424
4574
5239
4407
5497
789
3685
8991
6812
6922
5178
2575
1050
5672
6570
2036
3033
7534
7869
2734
9357
148
7578
9411
3209
6581
7587
7516
2219
9864
1251
8644
4438
6490
3051
9936
7279
6736
8927
4092
3659
4106
6668
4709
9778
3238
6746
2811
772
4616
5546
129
4764
3125
9541
7974
9706
7129
5490
1925
6993
6742
570
1432
3232
3621
1368
511
358
296
4604
4017
4402
1272
8727
4181
4510
5474
6992
5283
90
2538
5412
4855
5663
4954
2829
5370
2083
8320
7295
9077
5062
7865
509
8294
1487
1877
8806
1846
2173
3411
5863
6576
4683
4591
757
9194
65
7750
4477
155
289
9890
5010
5952
4844
7840
1323
6928
6161
8618
6006
1224
6484
6515
9518
7972
8393
8325
9818
567
1736
5682
7143
6420
273
7900
5614
339
5651
91
495
5940
9982
5506
1893
4826
3346
3216
1755
9508
1834
7761
732
8319
4277
251
6291
2670
8576
6110
3238
313
1792
381
6734
2065
8282
2348
2405
3933
2440
2900
9873
2422
8406
1766
7249
1753
4982
9004
1261
6817
6766
1993
5137
1043
2244
1429
3714
821
7539
6952
1134
9331
7333
7869
1397
5616
218
3802
9550
2659
6703
9424
5081
5109
1190
2331
6862
6173
1336
8123
2991
8102
117
8129
9145
2361
9558
2860
3182
7097
9812
4317
6429
7146
2186
7826
2762
2405
1629
2312
5064
8332
1737
146
3441
2927
2477
304
9101
3814
8428
2093
1916
8545
222
1062
907
9780
3922
4089
6878
3734
8407
3308
880
594
1134
3643
2999
2764
5956
8063
1096
7693
8209
4538
621
687
4843
9723
4501
3271
1816
6417
1817
2038
7480
2724
1819
1403
6814
8698
5137
5221
2006
6018
5815
3141
9662
8814
5905
5618
6878
7002
3311
5087
1541
3933
5774
6384
3656
276
9656
5472
6694
1473
7511
4174
4198
9331
5577
1012
8029
715
6233
35
6733
2048
3176
6395
